145 1381 6274 9 17592 6 7207 1973 19372 137 9 5354 22190 49474 133951 3673 35 33 5
145 1217 16 220 10 678 6 1297 3 2854 650 24 36387 61146 28252 35 39406 33 4740 15 3 2419 3394 4 2016 13 3 39406 2419 3394 2228 3 231 7 799 15209 2000 25 3 1973 5536 5
145 665 86 26 3439 4 480 3 1973 2000 31 12072 538 4333 7410 8 1842 23 24 80440 61146 954 5
17 39406 16502 3 13987 16301 8 3 80440 1682 1951 15 3 49474 133951 3673 35 49894 33 3076 1070 5
8616 4 3 2000 23642 24 36387 61146 31 220 6 1649 9 156936 109030 80440 3673 5
17 2807 7 2419 2757 9704 3 10119 7 3 32542 992 2981 3475 11657 50 150945 5
659 1415 3 773 7 3 1273 3 150945 8 928 3768 42 677 6 3 2000 5
81 1812 544 21 7207 2469 1973 19372 4 3 3968 7 3 3456 2000 383 26 1303 61 276 9 139061 2505 7 3 1973 5
17 853 1058 7 13987 2818 46333 10119 8 150945 141 2185 5
7219 4 463 6 5266 10 3 5536 1022 24 5420 1973 2000 71 899 9 2807 10 2168 7 8593 5
1210 6 76588 8 62339 35 274 33 4 3 3004 7 5354 22190 2000 3394 7787 2228 3 2807 14 9 799 551954 2000 2757 25 5036 15421 5
273 192 1812 745 25 3 521 247 3 231 7 36387 61146 35 39406 33 10 3 337482 7 3 5536 29 45 4213 4 121 97 3 104 4279 2000 31 220 21 9796 19393 14 3 32542 992 5
17 39406 29 616 2061 21 184 346 17315 1217 14 3032 4046 13 20521 25 75186 4 13703 4 49 13746 317 5
66 16 170 6 26 982 1783 10 3 352 7 2505 2807 35 430233 323 99313 4 502 33 5
81 192 745 4 80440 11686 3695 35 85364 33 8 39406 3001 67 523 6599 6 64042 5
85364 6145 506134 7 2505 4 1867 24 3 22190 4333 4 8417 5354 197 3695 6145 171511 7 2505 4 1867 24 3 7488 35 374871 323 112215 4 590 33 5
622 1712 6 21095 3 2981 7 3 49474 133951 3673 35 49894 33 8 1128 3 5266 1022 24 336916 2000 16 6 231 3 36387 11686 35 39406 33 1217 10 678 6 5339 3 104 533 2000 5
17 1379 1381 12966 9 84 31660 6 4534 3 2419 3394 4 19 3 4701 6 231 39406 21 9 4462 14 44087 3 49894 5
17 17592 15995 7 7470 954 25 928 6200 24 5354 197 2854 4 8 15987 3 19210 2193 7 3 954 76 3 2205 17509 7 9 179 26237 32542 992 5
17 1653 7 3 5354 22190 49474 133951 3673 35 33 1217 9286 10 3 40807 3439 24 10503 67 49 48 2911 5615 6 2769 9 48 1509 284 3136 6 2854 8 83538 35 4 133348 4 323 4 2804 33 5
79 30026 6358 16 220 10 46 162 4 10 47 39406 8 3 85364 27 9022 7410 53 39406 16502 3 104 1568 2000 4 125 3 85364 12244 3 3076 1070 35 9796 4 3354 33 121 3 109030 80440 3673 35 33 29 8 71 8744 1010 6 3 521 131 5
17 1381 16 4393 21 3177 53 8941 341 6274 3 27372 1165 4 8941 459 6274 3 33962 108799 8 8941 503 6274 3 38485 7 61648 5
17 98527 16 2209 10 8941 500 5
84309 71 26 2164 6 4498 9 48 1509 284 10 970 7 9088 4 2854 4 96734 37582 4 83538 4 8 287 8056 21 166 5
8616 4 1678 16691 27 45 3677 10 523 3174 7470 1443 543 15 53 80440 133951 3673 4 382860 13963 8 3 23333 4893 1506 21 9 421 270 4462 14 784 628 19372 35 229326 323 29583 4 7560 33 4 32 5373 13991 7039 133951 3673 14 869 200 2826 2376 8 10900 538 203509 83924 13720 35 218566 323 32688 4 7560 33 4 510 552 8557 538 41748 6680 77918 303777 19 216015 4 8 29668 15479 35 10141 4 23222 4 323 9048 4 7560 33 4 9 3093 9207 58540 17112 1506 10503 216015 16888 95257 12811 19 34989 238487 16 1273 14 19337 9674 35 157208 4 23551 4 323 10141 4 7560 33 4 67 1216 5373 4242 27964 6 1297 3 19372 8958 713 7 29507 13963 8 202103 120540 536044 14 3 19372 7 41748 1427 544 35 55322 4 10141 4 17641 4 46063 4 323 16476 4 7560 33 4 9 3093 80440 22510 22705 49474 87967 382241 31660 543 15 6321 1506 35 10141 4 25784 4 7914 4 323 10141 4 7560 33 4 32 27708 1217 543 15 3 77918 44438 8 77250 147461 77918 16 220 6 1046 10 3 11065 904 7 3 5257 23394 35 10141 4 23907 4 323 12825 4 7560 33 8 9 3860 248 20085 9207 58540 4081 543 186564 22190 15060 14 532677 8 108384 2897 3315 53139 35 4 323 4 6833 33 5
17329 4538 71 59 26 3677 6 3 7379 4 953 8 5447 7 2233 4 10 7470 1443 543 15 53 3638 12586 17112 8 248543 74691 543 19372 5018 4 27 4200 964 1164 463 6 40 7562 773 10777 10 1416 3309 8 5195 4355 35 25279 323 10141 4 7560 33 4 9 32542 543 9578 6635 4355 284 35 104713 4 130863 4 323 13477 4 7560 33 4 49474 17953 30865 1217 6 317 322439 543 80440 141156 86265 89969 133951 9861 14 1973 17120 35 15152 323 95554 4 6833 33 4 9 3093 41748 3099 12586 31660 543 15 2489 64431 25148 29 45 1273 14 1973 19372 35 6793 4 6794 4 19959 4 7914 4 323 6794 4 7560 33 4 22190 5354 2419 3394 11917 9207 58540 33484 14 6359 1973 19372 35 76588 323 7210 4 6833 33 4 36387 61146 8 15575 61146 10 2295 28094 35 4 10886 4 13754 4 34170 4 323 2602 4 280 33 4 41381 8 19079 2376 7 36387 11686 4 49474 133951 3673 8 22190 5354 536044 14 17069 1973 19372 35 412742 4 184400 4 69756 4 323 538162 4 280 33 8 32 12811 7 382241 201601 14 58133 21755 345301 538 35 13141 323 137415 4 2560 33 5
22510 4538 27 45 3677 6 7207 2233 4 7470 1443 543 15 53 31879 5898 44359 6 3 41515 8 382241 7 23022 7 24539 17705 35 3563 323 12517 4 4973 33 4 49474 133951 9861 14 55706 8 41515 7 7337 7 24539 45973 181753 24 2199 98209 28094 35 59977 12283 32330 4 2560 33 4 41748 6905 2129 3581 382241 8 55706 84309 14 1973 87930 35 70310 323 4 2076 33 4 54480 49474 133951 3673 9508 8 12266 14 5542 33555 19372 35 123379 323 46126 4 280 33 4 21755 345301 201601 3677 6 5542 15635 9674 35 259642 4 46727 4 6161 4 40646 4 323 4 1095 33 4 9 84 186564 22190 5018 6 3617 3 10777 7 3 9578 2233 35 369629 4 399473 4 286167 4 323 4 2076 33 4 36387 61146 2164 19 1678 83 41154 133 21 133951 9861 4 352343 4 82399 100023 4 80440 61146 4 34989 201601 4 175314 87230 4 147461 77918 8 9207 58540 33484 10 3 1973 5447 9962 35 4 10886 4 13754 4 323 34170 4 274 33 109 36387 11686 48737 225392 19 83 98731 5309 7578 13 539 133951 9861 4 77250 147461 77918 4 9207 58540 33484 8 80440 61146 35 12283 32330 4 280 33 5
21755 7379 66 1141 9 241 89 6 1649 9 696 6 26 12532 10 5542 7379 5
10526 4 10167 5448 7 3 5542 5907 71 26 177 23125 5
81 1243 6 3 223586 2000 7 5542 4 2215 2000 133 21 2059 35 523 19349 2038 33 4 4591 35 13422 33 4 47129 4 80359 4 16194 4 8 3076 4407 31 59 1109 5
273 4000 24699 4 1618 282327 9526 31 220 15 9 14324 19816 4644 14 3 5448 7 3 5542 2981 5
17 2838 7 3 3472 10 3 4895 71 26 2093 424 24 7533 40 5658 4 10354 8 2690 5
527 4 480 3 3472 16 24572 4 3 7379 7 3 3472 2742 177 841 8 29 6 4145 15 40 2215 4 223586 8 25530 2000 14 7379 5
81 46 601 4 32 7112 4355 284 538 799 470 1593 14 3 7379 7 5542 2502 543 15 3 223586 2000 7 5542 29 45 1254 35 59850 4 188242 4 4 323 172440 4 502 33 5
17 1973 5447 4538 31 1940 220 14 19372 8 67818 7 1457 2469 5
81 104 745 4 3 7207 19372 16 2828 24 3559 4262 4 44 46 2104 9043 964 33192 4 95 3 6854 4286 307 3174 10 47 32542 2642 31 220 10 1973 5447 1457 2469 35 78 4 2773 109 13069 4 1604 4 138876 4 323 4 274 109 244175 4 20546 4 4 323 4 274 109 59850 12283 32330 4 502 109 323 4 2076 33 4 59 14 10900 7 13766 22347 35 114397 4 1515 109 83050 4 4 323 36937 4 359 33 5
36387 197 3695 35 39406 33 39406 18 1273 24 437461 164647 10 6186 35 164647 4 6186 33 21 9 17315 1506 6 3001 2505 8 6 3156 4046 5
622 533 4102 10 39406 16 3 5
98586 249 5
12786 650 7 3 5354 22190 49474 133951 3673 35 33 5
79 16 9 8355 197 7 13987 13 71 3001 32 5811 19 3 216 8958 21 3 1494 197 7 13987 5
64377 7 12689 13987 71 185 10 3 7379 7 632 4 14510 12689 19372 954 5
79 7 2636 35096 35 2636 33 15 317 284 35 9756 33 16 9 197 7 13987 2636 2636 133 13 70 13987 9 35 2636 2636 33 31 100327 5
8616 4 35 2636 33 35 2636 33 4 114 399030 35 2636 33 16 226 3 142619 5
32573 3 16 32 9424 9421 572 565 4 8 5447 3 14 528 14431 2818 272 46333 5447 5
17 16 4209 24 25 3 26895 5
17 26895 7 317 1443 2567 4 103415 65300 35 2636 33 4 16 9 137408 9424 98236 9424 40056 19 53 80088 35 4114 4 72539 33 3082 58508 9 2636 5786 9 35 185577 33 358571 9 35 33 56012 14 4114 4 72539 4 4 9424 5
19 4 16054 15850 126 399030 35 2636 33 56012 5
8616 4 3 3893 7 3 26895 80088 35 4114 4 72539 33 31 9 197 7 15327 13987 7 2636 13 21238 3 3893 7 3597 10 7488 6 40 17365 2770 5
17 7 2567 31 4209 137 3 54039 4309 7 326529 7410 14 3 146179 35 2636 33 4859 35 249 33 5
145 54039 16 32 129090 60029 7 3 11580 7410 4 19 3 733 7 2790 3 221 7 13987 5
35 249 33 473 53 17 4859 146179 35 2636 33 16 3455 21 3177 53 14 70 13987 3380 24 32 5606 10 3 26895 15595 35 2636 33 4 2780 3 5806 3802 35 49 49 33 8 4 14 290 1808 7 2469 10 46 40056 4 2780 3 1247 5606 35 8 49 317202 33 4 47 522 10 9 326529 6635 7 5806 7 729 5
80440 61146 1364 4333 297 3893 25 3 216 1427 4 125 39406 956 3 1322 148 600 7 3893 10 523 3597 5
527 4 3 3695 7 39406 340 34 2945 19 3 80440 61146 28252 44 623 37533 23 5
81 644 4 39406 3695 8 80440 61146 3695 31 67 1216 6599 14 3 953 7 50867 2505 5
17 2505 3310 42672 16 9 964 565 13 57916 3 589 7 7112 3726 1443 5
17 2020 7 206 2505 4312 14 46 2485 16 11708 841 5
145 565 16 982 15276 114 1149 31 34 10793 558 5
17112 2854 4538 35 907 1396 25828 4309 33 71 26 7 485 1497 6 46 352 24 1691 5310 6 5998 10775 4116 2505 4 392 385 3851 628 5
80440 197 35 85364 33 81 9749 4 163251 35 8346 33 6234 9 221 6 329 5606 10 3 7242 4 47 6154 3 2463 35 5365 33 6 47 3 5606 9317 6 9 80440 197 5
659 28669 46 4102 7 80440 197 40916 4 80 1379 3 508 6300 5
3062 6219 26 3 7242 5
79 15987 79 53 1356 1362 16 226 9 80440 197 15 6219 5
17 871 35 14937 33 7 79 4 22 6219 2610 14 3 2463 7 4333 7 14937 10 79 5
17 197 7 70 80440 2757 15 6219 36 26 103415 24 7168 35 6219 33 5
35 14937 33 3082 249 770 556 4333 4 35 14937 33 3082 6494 770 496224 4 8 23449 2770 148 6494 8 249 1153 7553 4333 5
35 14937 33 16 3876 6 21 9 4333 4859 21 14937 16790 10 6219 5
6297 15 3 5536 4 4333 7410 14 70 3 23394 42 4939 4 8 3 38020 14 10472 3 44398 8 1055 7 290 7 192 7410 18 1589 19 270 25 3 6751 1149 5
134 1109 926 7 9512 35 25429 7005 33 14 290 4333 4859 19 7562 3710 8 2029 64441 5
17173 3 5937 14937 6219 4 6 1506 3 4333 7410 4 80 220 3 201026 4859 35 341 33 5
35 341 33 17 8366 7 70 954 31 677 19 3275 9451 6 2258 47 954 2780 6 9 983 109 3 55906 31 677 19 3 2203 954 13 27 45 2118 5
81 46 1381 4 80 220 3 9575 12715 3677 6 14937 3082 35 273290 4 309581 4 2307 4 33 21 1282 24 17366 4 744 4 114 3 871 7 4 4 242 4 9421 954 7 42101 16 7154 35 459 33 53 35 459 33 7259 5
49474 32542 992 35 49894 33 17 49894 6358 156936 35 106153 33 3054 9286 7 9 34520 7 3 221 7 10746 4 3 2125 7 30110 4859 7 290 1513 4 8 3 17509 7 5595 148 3 523 2367 4 8 144 26 2203 14 3 1444 7 3 32542 6358 35 4 1278 33 5
145 1381 6274 9 12391 9464 49894 6358 10 108 10746 53 3 9796 9419 2464 3 2770 7 3 1842 1396 1084 5
17 23791 7 3 992 4438 9419 31 3559 25 3 197 7 42101 954 35 1842 33 5
17 31660 220 10 928 3 106153 16 3 3768 119 71966 13 1131 21 3177 53 74 4 9 2029 16 2209 5
81 46 162 4 9 2029 36 26 9 13604 60401 8 50 4336
145 5195 16 9490 9419 24 9419 285 3 3354 9419 1708 3 1070 12490 4 4 21 7154 10 446326 35 503 33 53 35 503 33 114 31 126095 17509 109 220336 8 31 3 34710 109 16 3 30110 4859 4 1618 14644 21 3 4859 5
49894 29 3 1175 6 4855 544 10 1812 1443 133 21 1973 19372 4 463 6 50 1175 6 79117 4 658 4 29 5093 418 19 12689 317 4 49 19 177 528 628 197 5
5354 22190 7732 32542 992 35 33 81 46 1381 3 337482 137 39406 3880 6 2705 47 13987 31 104 4279 14 3 19372 7 1973 5
36387 3394 1708 9 770 24 47 33770 49 521 5794 13703 628 35 49 9 8087 7 189 33 71 26 2875 1842 276 3 236 14 4650 7543 317 5
81 1243 4 46 5533 71 26 3677 6 628 19 11065 49 17365 421 13987 4 8 4 21 133 4 71 26 3677 6 56018 21 166 21 19372 93927 5
17 97 1117 317 1272 16 10 3 916 7 80440 64360 14 290 2419 4 47 71 26 5998 10978 25 3 628 35 17366 4 744 33 5
17 13987 3394 14 544 133 21 1973 19372 16 9 1812 565 4 8 50 10119 8527 28668 10 3 221 7 13987 6 26 5
81 46 1381 9 84 31660 18 1273 6 112 3 5
145 162 144 26 4129 21 32 2673 7 49474 5309 4538 4 10 1654 4 49894 6 2258 9 3076 1070 5
17 6728 2912 220 10 3 8365 18 9 17924 206227 103282 15850 5700 62778 4 704 5828 39479 8 163025 572 1097 5
31187 7 84 31660 17 2233 5447 8 3 17125 42 1465 15 3298 4319 19389 5
98586 249 14103 3 556 650 7 3 5354 22190 49474 133951 3673 35 33 5
17 39406 40476 6589 3 80440 954 8 12244 3 9796 83735 19 104 1568 13987 5
145 1842 1396 1084 16 220 6 1649 3 106153 49894 5
98586 341 5
21755 25 3472 70865 1089 5
98586 459 5
107874 3364 3 1973 44214 5
17 1973 5447 284 4278 21 3177 53 17 2000 31 16277 25 7201 2233 24 5429 290 3822 7 7201 1973 35 33 21 9 45216 13449 50 3157 317 10 39079 12554 137 9 8258 2030 447 5
81 3 169 1092 4 9 40056 16 1146 19 3 70256 2770 7 4591 7665 12510 6 290 50676 35 148 6494 8 27622 33 5
4649 23 12134 40937 76 3 28579 40056 4 114 23 16 6234 9 1513 871 14 39079 3235 7665 8 4568 6 8355 7665 5
17 2233 42 3883 25 164428 423 7 2855 4 290 57 19 126499 98236 173224 39079 1646 5
17 508 16 2209 10 98586 341 4 9 100402 7 2233 9935 7 70865 1089 10 523 5036 5
1655 46 48871 1625 4 83735 31 1146 6 2705 5897 14 290 1973 5
931 1639 36 26 220 21 3 1625 7 928 628 14 4 47 54 50 928 109 36 26 488 6 2705 3 24699 4 141 92 23 1954 2419 60401 340 34 7857 6 3 5536 928 5
17 1416 447 18888 3 2233 76 9 7557 21243 137 30 70030 1973 5
332 46 967 3 31660 6268 9 21243 3364 3 44214 7 3 1973 4 114 3 397 16 2442 6 9 197 7 39177 25927 21 1595 10 98586 459 5
622 1973 3082 58508 11348 35 2106 33 56012 16 5892 6 26 9 201026 6951 857 15 9 2990 98236 6517 72178 114 11348 35 2106 33 68806 3 8248 653 7 9 50676 22 2737 2106 35 4114 4 72539 33 4 114 11348 35 2106 33 1356 6494 109 1362 17 904 36 26 74830 76 72846 1172 21 3177 35 500 33 35 4 274 33 5
35 500 33 17173 3 8862 5036 10 3 1973 100402 4 392 9 14510 3435 197 12662 4 9 537 24065 16 9 2137 7 14510 3435 108791 7 12662 4 133 13 35 708 33 53 35 708 33 273 3 31276 197 4 4 103415 24 1536 35 33 4 16 3 221 7 197 3893 4 21 1595 10 446326 35 700 33 53 35 700 33 17 2419 83735 21 4939 996 36 26 220 21 3 1625 7 928 628 14 9 4 47 54 50 928 109 36 26 488 6 30174 3 1973 5
66 16 537 6 3434 9 100402 19 7562 2419 83735 14 70 2233 5195 4 3 2770 3455 31 6217 1298 10 20498 249 5
20498 249 5
93927 53 766 197 2000 14 290 5907 5
49366 40373 6494 40373 249 40373 341 40373 459 40373 500 40373 708 704 1403 407 409 17745 6494 14292 6494 708 45399 65635 249 25215 6494 605 101055 194242 407 34938 249 4467 153663 76123 1614 46797 6494 19733 87132 66901 63585 72405 503 37274 17126 89426 175034 79183 4554 44948 10347 59330 93858 21126 59626 336896 92536 392036 345084 61182 54213 205837 260884 42623 217354 206051 237146 333578 106601 88975 10533 2391 22651 278019 377108 5154 56232 144275 685 384155 91049 62821 87428 341 48437 171049 20731 18002 459 228059 14747 10533 716 8390 500 1992 985 53756 700 697 6494 1403 341 4441 6494 20498 341 5
36387 10113 4859
2419 249 341 459 503 500 708 700 704 782 183 407 403 698 685 409 697 800 630 947 249 410856 341 410856 459 410856 503 410856 500 410856 708 410856 700 410856 704 410856 782 410856 183 410856 407 410856 403 410856 698 410856 685 410856 409 410856 697 410856 800 410856 630 410856 947 410856 9073 5
60029 7269 659 4498 3 992 3354 871 22 3 83538 4141 4 23 16 1622 6 30174 3 2770 25 42101 954 5
60029 7269 71 26 1804 21 91799 220 14 4102 60029 5
158 31 90 856 101035 6294 5
158387 7 19393 754 23 537 6 1046 14 4279 60029 7269 3703 6 392 13538 35 74152 4 4 323 347779 4 1422 33 5
17 36387 10113 4859 3280 35 15850 33 35 15850 33 129708 1356 6494 4 249 1362 15103 3 2463 7 10113 7 10 4 114 4 15850 5
81 3 22340 267 3 2029 5354 10113 4859 71 26 4939 24 35 704 33 53 35 704 33 17 36387 10113 4859 35 4114 4 72539 33 31660 16 392 21 3177 53 1356 1362 53 36387 10113 4859 1356 1362 53 80440 954 7 42101 35 249 33 11856 4 4114 4 72539 4 1356 1362 53 35 341 33 112 35 459 33 92 35 1356 4114 4 11856 1362 358571 1356 72539 4 11856 1362 33 1356 4114 4 72539 1362 3082 1356 4114 4 72539 1362 35 503 33 285 11856 11102 9421 35 500 33 285 4114 11102 72846 8 72539 11102 72846 35 708 33 462 1356 1362 35 1356 1362 33 145 1415 16 1940 220 24 3 628 4242 8 39406 2126 5
66 16 537 6 231 46 867 6 2882 3 13300 7 5940 5
17 20498 341 6274 3 2770 7 3 36387 10113 4859 5
3677 6 1973 7379 17 5867 9670 3 2505 4209 24 3 19 3 628 3455 25 32 21755 100402 10 67 745 53 3 100402 8 3 1842 57 24 3 39406 5
98586 503 5
96368 4631 53 6288 14027 3467 2000 5
1249 3 5447 400 42 401 6 4568 4 3 38020 14 3394 18 3 17635 7 3 6358 7 3 992 5
17 1414 7 106153 19393 7 3 1842 100402 42 53 221 7 9796 23791 53 503 4 2007 2854 489 3082 8642 109 14983 4050 3082 8642 109 3 737 38020 18 3235 11226 129759 5
17 21365 7 3 221 7 23791 8 10746 31 7679 24 6098 3 6358 13 29 3 2654 29226 3768 5
17 1414 7 19393 14 3 106153 7 3 556 100402 42 53 9796 23791 947 4 221 7 4438 23791 403 4 8 2854 4599 3082 8642 4 4050 3082 8642 109 3 737 38020 18 3235 11226 129759 5
17 1396 4312 1842 24 3 7902 206 3074 154 3 83538 4141 4 7237 9 3982 152 14 6 5004 39406 19 85364 6 2323 3 746 2516 10 3 1444 7 42101 954 5
17 2696 179 2000 21 3 104 964 1603 4 4 4 4 4 61 7 3 1494 556 197 7 2000 5
134 71 1970 13 538 3 2000 3394 340 34 2537 1128 3 8958 7 3 19372 677 6 3 231 7 3 556 197 7 2000 5
20498 459 842 3 3768 1601 14 3 5
20498 459 5
3768 53 9901 22190 5354 3394 4830 556 2000 5
23022 108681 5
255218 96368 12266 27311 31524 3394 503 503 403 249 700 700 403 249 183 183 403 249 698 698 403 249 697 697 403 249 12786 2000 947 947 403 249 66 16 177 2794 6 1963 13 3 3768 489 65 538 179 3467 2000 16 177 401 3 3768 65 538 3 556 2419 197 5
10526 4 46 773 3070 16 3455 2151 9 992 34725 146 13911 5
145 16 16153 7 3 326 6570 3394 6 185 1128 12689 2419 4 34 97 3 1170 44 59 3 5266 2442 19 46 14555 5
75250 19 3 14027 3467 2000 17 996 4631 11085 13 93 317 637 16 11222 463 6 2419 2807 5
66 16 537 6 6786 3 773 7 523 13987 4 1842 232 6 6680 8 14027 3467 2000 4 21 1595 10 20498 503 8 98586 503 5
20498 503 5
4830 14027 3467 2000 5
23022 108681 5
255218 96368 12266 27311 31524 3394 503 503 403 249 503 503 403 249 503 503 403 249 503 503 403 249 503 503 403 249 503 503 403 249 503 503 403 249 503 503 403 249 503 503 403 249 17 596 3768 536044 4 538 179 14027 3467 10777 4 568 58 13 3439 24 3 303777 13 2527 3 1714 3467 24 4 2016 3 216 551954 5
145 14359 13 15 192 2000 14027 3467 4722 1174 7 317 154 2807 5
17 5533 1273 10 46 1381 2527 9 449563 2376 21 2419 3394 6680 4 15 46 152 4 87 16 9 46333 1811 2016 3 1506 12 17635 5
145 1217 6274 9063 9901 6 3 1510 49894 1603 4 121 3 699 89 16 7671 1842 4 8 3 49894 9490 97 1004 202 35 33 7 3 1494 100402 5
17 915 1595 13 19 9 1906 32542 992 151438 4 13563 4 57 4438 9419 4623 403 23791 4 8 9 3538 9419 35 503 23791 33 4 3 992 18 3682 6 30174 7207 2233 5
527 4 46 5018 18 3677 6 9 5973 100402 4 3475 80 1919 50 28891 6 184 14431 5
81 46 1381 4 32 6062 6372 6619 284 14 3 4355 7 6167 5316 2502 543 15 7732 1442 4538 29 45 1273 5
17 284 18 38925 1254 6 26 13900 8 21 9 770 6 2323 5542 6450 463 6 5093 10 7091 91 21 3 417 16 623 43126 5
49894 29 3 1175 6 4855 544 10 1812 1443 133 21 1973 19372 4 463 6 50 1175 6 79117 5
527 4 29 5093 418 19 12689 317 4 49 19 177 528 100402 5
12502 4 3 5533 1273 10 46 1381 2527 9 449563 2376 21 6680 6 2419 3394 4 15 46 152 4 87 16 9 66413 1811 2016 3 1506 17635 5
17 915 1595 15 8941 10548 10260 46 19379 4 480 19 9 1906 32542 992 151438 4 18 3682 6 30174 7207 2233 5
9049 4 57 537 4938 7 3 5018 4 142 26 3 5973 100402 8 3 644 3 5018 18 45 220 97 21 19372 5
17 2673 7 661 9 485 1175 6 79117 4 6 2705 3074 5897 4 8 6 852 3 3465 7 32 42101 7787 10 272 1812 1443 5
355 3677 6 9 521 131 100402 4 3 18 488 6 2705 3 964 2000 21 4939 24 9 746 2516 5
17 689 1653 7 538 3 16 3 2807 7 9295 15 9 746 2516 14 3 1414 8 1444 7 3 954 7 42101 7787 5
145 1811 16 533 4 2016 13 57 7 3 12110 7 3 1217 538 3 80440 61146 16 50 9295 15 3 746 2516 5
208 87 16 9 4203 221 7 13987 8 9 10032 5536 4 23 142 26 141 537 6 5199 3 236 14 270 25 3 746 2516 14 3 1444 7 42101 954 4 1016 538 30 270 97 10 3 1444 7 4333 7410 5
134 1919 3 10 17241 83 544 4 133 21 7039 22853 49 224 93927 4 10 678 6 5548 3 969 7 46 1217 15 3 9295 7 3 746 2516 10 589 3 42101 7787 5