145 1381 16285 1627 10 9603 8465 19 3 733 7 14426 3 4309 7 2003 683 10 3 7592 200 5
3763 4 48378 1627 7 9603 8465 16 36680 24 110 18213 76 9 4859 7 3 1712 18922 5
17 4859 16 10032 21 9 7821 21431 1506 13 6655 9 9343 2801 4 47 2818 3656 3394 7 2801 22690 8 9343 22690 5
622 7732 32542 992 16 4723 14 9375 8 31291 129 17592 5
146183 542 10 3 1962 2003 200 34 97 14103 143 129 48378 11249 17592 16 9168 44 59 842 13 3 17592 86 4047 9 9576 632 773 5
2625 2794 2911 2562 31 2994 14 48378 11249 5
81 614 4 87 31 67 6682 1225 6 1213 426 8465 10 229 553 5
17 74 5018 16 6 1088 3 229 89 507 1506 19 3851 8465 8 231 23 14 13571 7 426 8465 5
17 169 1217 16 6 13012 9603 8465 543 15 9 17315 229 1506 13 10834 426 8465 10 970 7 3 498 871 7 229 5957 5
10087 4 601 15 22565 3 9603 8465 6 4764 3 229 16496 1627 29 45 2513 853 1164 5
273 3099 4 7253 6 8 491699 35 7003 33 4 8 35 3495 33 8 419029 4 129867 4 8 35 274 33 5
81 46 1181 4 80 8850 6 231 9603 8465 1752 4 11771 4 48378 11249 7 9603 8465 1010 16 129 689 1364 5
231063 11249 35 316018 11249 33 7 9603 8465 36 1798 321 6 6804 683 4538 10 3 7592 200 24 1691 9 4116 2029 5
273 946 4 92 869 200 9603 8465 16 230 6 474 4 23 16 282 6 736 2003 1547 6 3 869 200 1291 106 57 71 2093 1234 123 3 200 19 853 8465 25 1727 2003 5
659 3 282 7 129 2505 4 93 601 29 45 217 3136 48378 11249 7 9603 8465 5
622 533 1092 10 3 48378 11249 7 9603 8465 16 3 3394 7 9796 23394 5
2249 9603 8465 10 2003 16 21297 2118 24 3 498 871 7 2003 4 1678 19393 1547 6 475 8 255 2003 86 26 1109 6 26 9796 23394 5
2018 192 19393 4 1712 18922 1335 61 14 48378 11249 106 43 31 3 10771 3364 3 26192 7 3 484 7 2003 6 9 337 10 4919 229 5957 5
81 83 1299 4 1712 18922 31 1618 4939 10 970 7 17315 7592 1605 4 47 16 3456 317 14 48378 11249 5
8 491699 35 7003 33 8 153530 35 6962 33 220 3 27592 871 7 3 1712 18922 14 1685 11249 7 3 1712 2770 5
273 17241 9603 8465 21 9 4859 7 1712 18922 4 80 231 9 9343 2801 35 4 9332 4 410908 4 323 4 3495 33 21 129 346 6358 106 23 7928 286 6 5507 9 7821 21431 1506 5
79 7821 21431 1506 16 666 322 106 9603 8465 49 1712 484 7952 6 337 50 7787 72 89 5
79 7821 21431 1506 842 13 3 2801 22690 8 9343 22690 7 9343 2801 31 67 4116 19393 14 11027 9 7821 21431 1506 5
999 6098 3 67 19393 4 80 142 1186 1678 5066 7 325 21431 2520 8 384 32 3206 57 5
43034 2898 7 192 2520 36 26 392 10 8941 459 5
238 3 689 5577 4462 4 32 7732 32542 992 35 49894 33 16 4723 5
10087 4 7732 1442 3648 4 150 32 49894 4 27 45 220 1940 14 229 200 11249 35 196 55642 4 1604 4 4367 4 8 2552 35 280 33 4 32883 8 58105 35 3578 33 8 13115 4 6793 4 8 20024 35 1515 33 8 461 14 6200 33 5
145 1217 29 45 4723 106 229 200 1627 16 1144 4093 4 8 250164 3648 31 4020 6 2338 3 1812 1322 148 9796 8 3354 5
81 46 542 4 80 960 129 11249 17592 111 3 1962 2003 200 106 23 1618 1564 3 1391 221 7 7793 10 9 64 297 3 2003 200 180 3 131 5
10526 4 1369 909 6 15123 628 754 3 1962 2003 200 32 4153 9345 5075 5
1563 542 16 4393 21 3177 5
8941 341 15682 3 601 3519 4 8 8941 459 6274 129 11249 17592 14 9603 8465 10 3856 5
8941 503 14103 8 15682 129 5867 522 10 1962 2003 200 5
193592 31 2682 10 8941 500 5
24180 200 622 1712 16 9 313 995 3 243 6 736 49 1005 32 3273 496 9 14644 566 4 1441 6 1087 912 5
187 31 67 3351 7 2003 53 3 181 24232 4 47 71 26 14996 22 120 89 55 6 3 1294 13 3 1712 8400 4 49 3 402 24232 4 47 71 26 14996 97 15 9 14644 426 1294 5
622 1712 13 29623 3 243 6 736 449 16 424 21 9 475 109 32 1712 13 29623 3 243 6 1005 16 226 9 255 5
17 484 13 16 747 14 3 4919 3273 65 3 1712 16 14996 16 226 3 2541 484 49 1300 484 5
17 73 168 15 47 3 1712 142 26 14996 16 226 3 16709 1294 49 11873 1294 5
81 2003 553 4 706 71 159 67 2371 53 9 241 827 49 9 814 827 5
622 3469 10203 3 1712 10 9 241 827 4 125 1423 32 1712 16 9 814 827 5
17 8933 7 3 1712 35 2581 33 29 3 5865 6 2541 32 1712 1918 3 1882 7 3 5147 5
17 1712 2581 7121 780 14249 35 49 1712 4038 33 4 11771 4 3 1712 484 4 21 2418 14 3 552 351 5
145 4660 770 13 3 8933 7 3 1712 22 3 1431 7 3 4660 1853 3 3235 1234 5
98586 249 6274 1712 21192 8 1234 50185 5
17 1712 21192 8 1234 50185 53 35 9 33 34625 8 1763 25 241 475 98586 249 5
17 1712 21192 8 1234 50185 53 35 9 33 34625 8 1763 25 241 475 8 241 255 4 35 8862 33 34625 8 1763 25 814 475 8 814 255 5
17 22340 843 7 1712 16 57 13 1929 3 243 6 736 9 837 432 7 1029 869 4 47 16 3876 6 21 9 475 1712 5
81 614 4 9 568 869 484 60091 19 9 1370 475 1712 871 5
355 3 869 484 16 146 1370 58 3 2541 484 4 3 1712 36 26 14996 5
17 498 871 7 3 1712 36 3847 26 2429 3628 6 3 484 7 3 869 7191 3 484 7 9 6835 4911 2713 13 36729 15 3 216 1294 21 3 1712 4 19 9 453 871 3628 6 3 3932 484 7 3 1712 5
26480 4 92 3 484 7 3 869 16 146 287 58 3 2541 484 4 3 1712 16 460 823 6 8678 276 110 14996 109 3475 4 50 871 36 26 401 4568 10 13 267 5
184223 8465 7 2003 17 9603 8465 7 32 1712 16 3 8465 9603 24 3 498 484 7 3 1712 543 15 32 1712 4946 1506 5
12502 4 9603 8465 16 9 3029 1415 13 16 523 25 3851 8465 4 47 16 7154 25 424 271 360 7 9 313 5
17 175959 1712 4946 1506 25885 9 18423 871 14 32 1712 19 9 2726 7 29132 10 47 3 871 7 32 1712 5473 15 32 2882 7 3 426 5054 8465 4 4 7 3 4919 871 5
659 132 46 404 40916 53 35 249 33 114 3298 16 3 18423 871 7 32 1712 4 8 18365 16 9 4946 1506 19 8 83 29132 21 50 4298 5
17 4859 18365 16 1723 19 2677 13 9 568 871 7 8465 522 10 9 568 18423 871 3298 7 3 1712 5
26480 4 24 3 43655 4859 110626 4 87 71 26 4 22 104 4 57 871 14 13 65 3677 21 32 9796 6 18365 35 4 454403 33 4 36 665 10 9 1654 871 14 4854 980 6621 4 4753 13 87 16 90 43655 4859 19440 3082 18365 249 133 13 35 341 33 114 16 3 200 484 14 32 1712 5
2927 4 3 871 16 3 8465 9603 24 3 200 484 4 49 3 9603 8465 5
81 46 1381 4 80 31 2274 10 48378 11249 7 5
81 678 6 4498 3 871 7 9603 8465 538 3 175959 1506 4 87 31 67 4309 558 5
364 16 3 5018 7 794 8 3768 4 8 3 83 16 3 349072 5018 5
81 46 1381 4 80 220 3 172 5
24232 18922 18922 31 9 197 7 2916 26192 13 31 220 13787 24 4634 6 25767 3 22129 7 11197 13 3576 2003 5
3194 4070 1170 143 3 3414 2106 200 871 51 2647 6 9 337 10 9 1087 12911 53 32 4 8465 4 518 489 49 89 5
187 31 218 18922 53 4720 4 65786 4 94977 4 27592 4 8 117473 5
4720 1170 3 1952 7 3 1712 484 1627 677 19 3 1627 7 3 4919 3273 5
7940 1712 4720 16 4939 21 35 459 33 114 24880 16 3 518 489 4 3116 16 89 203 285 11873 4 4 16 3 200 8465 4 6219 16 3 1300 484 4 8 2567 16 3 4919 3273 2106 484 8 6517 16 3 2029 1966 3201 4859 5
10618 1712 4720 16 35 503 33 65786 16 3 489 7 337 7 13672 5559 111 3 489 7 337 10 3 4919 3273 5
7940 8 10618 1712 65786 16 4939 21 35 500 33 94977 16 9 1415 7 143 89 19628 6654 3 1712 4038 5
7940 1712 94977 16 4939 21 35 708 33 114 5
10618 1712 94977 16 4939 21 35 700 33 27592 1170 32 1712 2106 9512 6 3 869 2106 8465 5
7940 8 255 24232 27592 16 4939 21 35 704 33 117473 1170 32 1712 2106 9512 6 159129 489 893 5
7940 117473 16 535 1432 4 8 10618 16 535 2366 5
7940 1712 117473 16 4939 21 35 782 33 10618 1712 117473 16 4939 21 35 183 33 7259 5
64003 1410 2003 64003 1410 2003 31 543 15 3 64003 1410 1291 4 47 16 9 397093 16036 1291 13 9286 7 1410 2412 6014 1989 2888 15 3 1962 869 200 5
47761 15 541 700 4 2773 4 64003 1410 2003 626 3 131 2106 104 2311 3637 7592 10 7294 7 40 814 586 5
79 10028 7 3 64003 1410 2003 16 392 10 20498 249 5
20498 249 5
79 10028 7 64003 1410 2003 5
35567 139271 36505 1291 64003 1410 1291 15791 402 1712 41575 10 41422 4985 337 2123 183 202 7 3 767 168 2106 2157 484 4985 11146 25343 397 35 284220 11226 33 3082 25343 5458 266 40782 18368 7 1300 484 3921 5458 23184 35 284220 5027 33 49896 1294 3668 204 7 290 944 191 27544 5018 7989 79 9435 10 64003 1410 2003 200 7121 2593 227 147 57 64003 1410 1291 397 22 16709 1294 5
38396 57 9435 10203 57 475 1712 14 21181 227 8 57 255 1712 14 2593 227 19 3602 1300 484 5
2927 4 3 9435 36 1811 106997 227 65 3 64003 1410 1291 7318 3 15098 397 22 16709 1294 5
3763 4 3 475 1712 871 36 26 47498 227 4 125 3 255 1712 871 36 26 4568 22 16709 1294 5
98586 341 14103 143 2003 31 3637 5
622 946 7 143 2003 31 3637 10 3 64003 1410 2003 200 98586 341 5
622 946 7 143 2003 31 3637 10 3 64003 1410 2003 200 5
1655 98586 341 4 57 142 196 13 18120 7 64003 1410 16 3602 4 8 475 8 255 2003 19 1300 484 3602 31 110 3637 22 25592 35 284220 13236 33 8 49137 35 284220 78493 33 4 3995 5
355 18120 2031 16 55 4 3 475 1712 484 16 55 6 57418 25 25592 4 8 3 255 1712 484 16 124 6 43770 25 49137 4 47 842 9 25255 2366 17521 148 475 8 255 1712 484 5
17 458516 7 98586 341 14103 143 255 1712 19 1300 484 16 110 3637 5
3763 4 3 1712 16 110 3637 22 49040 35 284220 71387 33 4 125 50 1005 8 2120 678 10771 31 110 8179 15 9 10534 1625 5
49474 32542 992 622 49894 16 32 317 5447 24204 13 16 3581 24 3 152 7207 4972 1443 4 133 21 3 2032 4 650 317 5
17 629 5606 7 46 24204 16 3 3093 2981 7 3 317 5447 284 5
66 16 9935 7 9 528 221 7 1695 28508 5447 3893 13 31 35 23791 33 418 10 30114 6 4855 2190 544 5
439493 4 825 6 746 10969 4 1849 24 946 5
622 49894 16 34171 14 9 2190 2673 4 133 21 5195 4355 49 628 19372 4 137 9 2854 650 5
12586 10 7207 1443 4589 9932 6 3 126095 5595 13 4447 148 3 23791 5
145 11141 16 1359 7 439493 21 166 5
17 439493 4 19 40 4427 1175 6 26136 2677 25 4093 49 50867 628 4 71 26 220 6 10775 5897 8 7367 4695 13 31 215 1812 6 26 4436 24 883 4092 49 83 1416 4538 35 323 76236 4 502 109 4104 323 4104 4 2773 109 2552 4 4367 4 18007 4 323 35381 4 911 109 18007 4 4367 4 2552 4 323 2552 4 280 33 5
79 3559 49894 71 26 554 7 21 32 2516 10 3 3936 7 317 23 29 45 392 6 12262 5
145 2516 71 153 26 220 6 581 7433 4 392 84 5771 7 518 4 8 3 2516 71 1647 96 92 952 5
1471 346 2362 13 2697 286 6 439493 10 46 542 16 13 49894 110278 142 26 1303 61 10 8690 8 3847 10 10534 1315 5
3860 8 9343 2801 273 48378 11249 4 80 8245 3 11249 1506 35 407 33 114 18398 16 9 14608 249 303777 49 24077 19 9 197 7 9796 23394 6219 3082 35 273290 35 9575 33 4 4 173111 35 9575 33 33 8 33770 35 49 58994 33 1070 12911 38 35 9575 1635 249 33 3082 249 49 6494 5
145 16 9 14608 14305 24077 616 4400 24 55642 4 18007 4 4367 4 2552 4 8 10558 35 2076 33 5
1302 593 4 1506 35 407 33 12726 49 89 528815 955 7 18398 4 8 6494 8 249 60121 8465 4472 8 474 3995 5
2249 57 7 3 6682 2000 7 9603 8465 16 89 19962 49 50 275159 4 18398 7 1506 35 407 33 738 6 26 5210 6 57 4808 15 89 224603 659 2769 46 4 80 8850 6 19491 7821 21431 4102 35 17905 4 4 3495 4 1515 33 4 11771 4 35 403 33 114 79 35 9575 33 3082 72539 92 9575 1356 1635 280837 4 1635 280837 1635 8033 33 14 28825 6117 6494 4 8033 6117 6494 8 72539 3082 6494 4 249 4 341 4 81 83 1299 4 16 7821 21431 15 290 89 12634 1356 1635 280837 4 1635 280837 1635 8033 33 14 72539 3082 6494 4 249 4 341 4 6065 1963 13 4 114 3116 16 3 1519 89 8093 4 8 13 28825 18020 143 89 20587 31 3314 24651 290 83 8 8033 16 3 4385 7 290 89 12634 5
208 28825 3082 8033 4 153 1356 1635 280837 4 1635 280837 1635 8033 33 14 72539 3082 6494 4 249 4 341 4 31 5
273 9375 1506 35 403 33 4 80 4556 9343 2801 19 676 22690 8033 4 47 14859 76 3 161 2801 24 22690 28825 22 290 398 5
99678 6 98586 459 5
145 2801 9286 7 67 4736 4 11771 4 928 566 19 4385 8033 115998 28825 8 2279 566 19 4385 28825 5
8616 4 676 2801 22690 8 9343 22690 1798 31 8033 8 28825 5
999 31291 28825 4 8033 8 3 1079 7 72539 4 80 71 1332 3 9343 2801 55794 8 3 2981 7 325 21431 1506 392 24 35 403 33 5
54421 2801 1506 98586 459 5
54421 2801 1506 5
72312 3394 17 689 3644 7 48378 11249 17592 16 6 4764 10366 3 16509 8 14069 7 3 9603 8465 7 2003 22 3 207 35 18120 33 22 200 2157 89 14 161 168 35 49 3 14608 57 1562 11249 266340 33 5
12502 4 3 9796 23394 383 27 9 632 17521 19 35 161 168 33 9603 8465 4 8 3 104 533 12911 16 3 498 9603 8465 22 200 2157 89 5
238 2994 10 8941 7170 4 106 1712 18922 4939 10 970 7 17315 7592 1605 3456 317 14 48378 11249 4 43 31 3467 21 9796 23394 14 129 48378 11249 17592 5
622 533 2911 1963 6 3125 10 46 542 16 13 290 7 3 3467 9796 23394 35 11771 4 3 498 9603 8465 8 3 18922 33 16 7074 72 475 8 255 2003 22 18120 6 1657 57 837 871 4 17905 4 3 1808 8057 8810 5533 5
134 36 268 240 46 5018 2106 28389 14 48378 11249 5
8 491699 35 7003 33 2042 46 5533 8 153 8 62067 35 7458 33 8 153530 35 6962 33 2262 23 6 83 10900 544 5
273 7254 7 48378 11249 17592 4 32 7732 1442 4462 49894 16 4723 14 1913 2106 7 35 403 33 5
108799 7254 146183 8365 42 2828 538 64003 1410 2003 628 5
473 3 4719 628 25 64 1095 6 911 22 881 4 80 21655 10 31580 18087 6 10775 1622 317 25 3 4719 628 5
6065 1963 13 106 3 4719 628 3576 9 2383 6157 7 317 4 133 21 1300 360 4 4919 1124 4 32197 8 159129 518 489 4 19896 3 628 18 5438 8 22809 5
473 3 16277 628 22 881 4 11129 31 617 10 678 6 4498 3 666 23394 14 129 17592 5
81 644 4 3 1506 16 220 6 13012 3 2770 7 3 9603 8465 8 3 18922 5
17 71488 3323 14 17444 192 2770 71 26 381 10 194896 5
503 8 500 5
1949 4 32 21260 13571 650 7 3 18922 16 2914 10 98586 708 5
17 1519 650 14 628 5923 16 392 10 98586 700 5
6065 3423 25 1506 35 403 33 13 3 2655 49 3354 12911 29 871 883 6494 49 249 5
377646 3323 14 9603 8465 98586 503 5
377646 3323 14 9603 8465 5
377646 10570 14 1712 18922 98586 500 5
377646 10570 14 1712 18922 5
189317 650 14 1712 18922 98586 708 5
189317 650 14 1712 18922 5
628 5923 650 98586 700 5
628 5923 650 5
74900 129 17592 1272 3 508 4005 5
1532 4 80 14644 9343 2801 19393 5
273 46 1092 4 9 396 2947 542 18 617 6 2401 28825 3082 500 35 49 57 122 33 8 8033 3082 24946 35 49 4012 388 33 5
81 83 1299 4 80 3476 57 64 21 928 566 35 8033 115998 28825 3082 15098 4 49 3706 388 33 8 57 122 508 3 928 566 21 2279 566 14 9343 2801 5
81 1243 72539 3082 249 4 4 302 18 197 14 302 2279 4736 49 302 2503 5
99678 6 98586 704 5
3668 4 21 9796 23394 80 3476 3 1808 8057 7074 2770 7 3 9603 8465 7 3 1712 22 18120 8 3 218 18922 4 79022 5
273290 4 4 363707 19 9421 3082 708 5
6449 4 32 49894 18 197 2151 708 4438 30864 4 8 3 67929 30110 4859 19 2854 489 4 4050 8 2007 2059 392 24 6909 4 6909 8 6822 4 3995 5
5583 4 32 49894 18 336 14 1913 14 72539 3082 249 4 4 302 5
622 1308 6652 14 9375 3 17592 16 392 10 98586 782 5
220751 9343 2801 98586 704 5
220751 9343 2801 5
27300 14 17592 7254 98586 782 5
27300 14 17592 7254 5
33962 522 19850 8365 42 617 6 1970 773 7 129 14644 17592 11249 2586 7 9603 8465 5
17 773 18 5559 24 339 489 35 49 3 221 7 3 4007 1852 3868 24 3 676 221 7 1852 33 5
901 23694 4008 31 10 678 5
35 4114 33 134 873 3 48592 35 28825 3082 500 4 8033 3082 2715 33 4 70348 35 28825 3082 500 4 8033 3082 12273 33 8 7838 35 28825 3082 500 4 8033 3082 24946 33 928 4736 8 6453 13 57 64 928 566 10559 3 282 3115 35 196 20498 704 33 5
35 25547 33 134 873 9421 3082 708 8 9421 3082 403 9796 23394 5
273 9421 3082 403 4 80 1687 475 8 255 2003 7 290 9421 3082 708 1808 7074 9796 12911 5
134 6453 13 9421 3082 708 10559 3 333 5
99678 6 20498 459 5
931 5867 522 240 13 14657 773 86 26 3439 24 3 1273 11249 17592 5
238 381 10 65588 341 8 459 4 9 339 489 7 4687 202 18 6453 14 3 1488 35 9421 3082 708 4 28825 3082 500 4 8033 3082 24946 33 5
145 665 16 1144 16672 677 6 3 9322 14510 25746 339 489 7 575 202 5
22012 4073 7 28825 8 8033 4 57 142 3088 13 3 17592 738 9 241 928 566 35 57 64 33 8 814 2279 566 35 57 122 33 5
364 537 5230 16 13 272 275159 31389 10 1712 484 2818 9 528 1058 7 928 628 10 9409 3 4919 7787 4 44 2980 10905 7 3 4919 7787 6 9 177 814 566 5
22012 3394 7 9796 23394 4 129 522 3413 3 28389 7 3 1808 8057 8810 5533 5
145 1913 16 12319 106 2366 17521 148 475 8 255 1712 496 290 1808 35 7253 6 98586 341 33 738 6 26 4605 3577 5
81 83 1299 4 2016 3 2366 17521 4 23 16 530 13 1808 8057 14407 581 146 48 4213 8 12630 317 14 48378 11249 58 3 1687 231 7 255 8 475 2003 5
20498 341 5
24145 489 35 202 33 4631 14 108 928 4736 5
5525 8 493782 73015 30159 8 41550 493782 73015 256513 8 41550 493782 12266 566 27311 566 24145 489 12266 566 27311 566 24145 489 12266 566 27311 566 24145 489 249 1054 1614 716 341 1054 1054 302 459 1614 1054 716 503 1614 1054 716 500 1054 1054 716 708 1054 1054 1054 700 1614 1614 1054 704 1054 1054 1054 782 1614 1054 302 183 1614 1054 1054 407 716 302 716 403 1054 1054 1614 698 1614 1054 716 685 1054 716 1614 409 1054 302 716 697 716 302 716 800 716 1054 716 630 1054 1054 1054 947 1054 1614 716 302 716 716 1054 5640 4687 35 33 2970 35 33 3706 35 33 73015 8 41550 60121 928 566 8 2279 566 4 3995 5
12662 4 2990 8 7799 1153 64 4 191 8 122 4 3995 5
5
770 2029 44398 5
20498 459 5
24145 489 35 202 33 4631 14 9796 12911 3394 5
5525 12266 16773 35 33 27311 16773 35 33 24145 489 7 708 9796 24145 489 7 403 9796 249 1054 1054 341 1054 1054 459 1614 1054 503 1614 302 500 1054 716 708 1054 1054 700 1614 1054 704 1054 716 782 1614 1054 183 1614 1614 407 716 716 403 1054 1054 698 1614 1614 685 1054 1054 409 1054 1054 697 716 716 800 716 716 630 1054 1054 947 1054 1054 302 716 1054 5640 148808 35 33 114943 35 33 3516 9796 23394 53 1808 8057 14407 7 9603 8465 8 500 18922 5
403 9796 23394 53 9603 8465 7 7940 24232 8 10618 24232 4 500 18922 7 7940 24232 8 10618 24232 5
85081 5
770 2029 44398 5
145 542 1273 48378 11249 17592 7 9603 8465 7 2003 22 18120 5
1563 11249 17592 12726 9 325 4 47 16 2875 6227 24 3 9343 2801 1506 5
17 9343 2801 1506 29 67 629 19393 6 26 3112 4 8 129 34130 2062 5441 143 57 250 26 488 6 1332 9343 2801 55794 2151 32 49894 5
1949 4 129 665 11080 13 1808 8057 8810 5533 3880 166 14 48378 11249 65 5937 7 290 31 15498 31270 5
5583 4 1963 13 3 339 489 6217 24 9 1681 17592 18 9 14657 4687 202 5
3879 3439 133 272 8958 4 454 601 16 1523 12818 10 678 6 159 1653 7 129 17592 5
273 3099 4 32 3206 683 1264 9760 6 48378 11249 7 9603 8465 250 26 1658 49 1589 5