145 542 6409 521 1558 19001 11249 565 5
631 87 16 9 485 293 7 6854 52 231 7 7732 1442 8 2489 27728 56018 14 3 565 4 87 29 45 535 3548 52 47 57 12134 333 5
32973 13 46 3548 16 463 6 5093 1913 3656 34141 23394 10 521 1558 19001 4 80 8850 9 5607 1185 7 22925 56018 4 11771 4 22925 56018 9556 19 4624 31660 35 78180 22925 33 5
81 678 6 5518 3 773 7 3 1273 5018 4 9345 542 16 617 14 1962 521 1558 200 4 47 75345 13 78180 22925 16 1783 10 11249 521 1558 19001 5
145 542 6145 67 1568 667 3136 3 231 7 22925 56018 4 11771 4 65 6 231 23 8 143 6 1297 23 5
81 308 85 4 518 10 773 7 521 1558 553 8 521 1558 683 8703 35 46047 33 29 2708 55 95 2025 8 23128 21 43 31 1618 1272 14 3273 9594 4 955 431 4 833 100410 4 348 5056 4 8 1558 1330 5
262871 4 348 4631 1217 29 45 1940 2404 6 1877 4254 521 1558 5
17 348 4631 7132 5018 4 658 4 16 477 2564 14 8357 215 146 15 23125 14753 14 9863 5314 8 37410 628 35 4 3401 33 5
238 9 8867 4 2489 27728 56018 35 200810 33 543 15 1547 58818 29 45 1109 21 9 10190 2155 14426 40708 7 521 1558 8 955 871 4 47 1080 1501 1907 133 21 496 3 628 4 667 10 3 34141 23394 8 3 10113 7 61750 10 3 5907 5
238 16 477 3 267 19 83 229 11249 544 4 46 1907 29 2868 1296 6 3025 6 7732 32542 992 35 49894 33 21 184 11580 2155 35 55642 4 1604 4 4367 4 323 2552 4 280 109 7744 323 20083 4 280 109 29929 323 17555 4 274 109 1604 4 14458 4 323 36132 4 744 109 20986 4 590 109 4367 323 10583 4 1515 109 24155 4 76899 4 37450 4 323 437874 4 911 33 5
17 8617 2062 10992 4 658 4 13 883 49894 49 200810 6392 6 210 9 12816 773 58 3 83 4 11771 4 49894 42030 200810 10 90 745 125 200810 42030 49894 10 83 745 35 300205 4 4 4 323 4 590 109 33090 4 3495 109 20492 323 85226 4 1278 109 4 192162 4 323 7894 4 3401 33 5
81 46 542 4 23 36 26 1595 13 46 11254 3737 1464 463 6 5093 1913 3656 34141 23394 8 86 26 5650 1144 3639 24 9 5607 1185 7 22925 56018 4 11771 4 22925 56018 9556 19 4624 31660 35 78180 22925 33 5
55631 21 166 21 10034 4 87 29 45 2887 632 15999 6 16084 231 7 22925 56018 5
17 689 11678 31 46017 5
26148 4 377 23 16 166 424 13 22925 56018 16 1783 14 3 267 114 3 4000 19393 35 49 3 27728 225419 33 31 424 9 139061 6 27 396 2770 4 23 16 572 6 4498 49 5507 133 2543 317 5
20379 4 5958 231 7 22925 56018 16 338 6 337 120 336916 34141 12911 76 964 57 2093 5
1563 542 6145 192 67 1568 667 8 12966 78180 22925 21 9 1415 13 1141 361 7 91 12981 5
17 939 7 3 542 16 3868 21 3177 5
8941 341 15682 3519 7 46 1181 2096 5093 1913 3656 34141 23394 10 521 1558 11249 5
8941 459 16 5446 6 3297 6652 7 3 1273 78180 22925 8 15682 50 7362 14 3510 3 67 1568 667 7 22925 56018 5
81 8941 503 4 78180 22925 16 28581 10 3 1962 521 1558 200 6 5441 50 7362 5
34910 4 3 14615 2932 31 392 10 8941 500 5
218312 12911 14 521 1558 11249 70189 7 3273 4946 16 9 346 492 10 521 1558 1407 35 345775 4 406377 4 323 4 590 109 484983 4 359 109 55187 323 33098 4 2391 109 1127 12283 32330 4 2773 109 6118 323 24011 4 280 109 39131 323 14721 4 3578 109 2850 4 1662 4 27545 4 323 7357 4 1422 33 5
11138 726 8635 15 10900 7 230 569 8 2696 35 2895 4 398678 4 323 26162 4 1515 109 4182 4 880 4 323 5003 4 4164 109 5285 4 20630 4 323 413470 4 502 109 55187 323 33098 4 2391 109 207942 323 5988 4 590 33 5
11138 8 2089 2582 236 4048 7 1605 8 796 21 166 21 7 470 8 462 5
15446 8 683 2582 4145 15 4048 7 3 1379 8 426 2770 7 521 1558 10 970 7 292 1715 5
81 192 521 1558 11249 544 4 87 29 45 9 2165 3548 72 19629 7 49894 72 200810 21 3656 4462 121 231 7 49894 14 4254 9594 18 74 1282 24 17366 35 3728 33 5
50542 35 2773 33 4763 6 5548 3 2673 7 49894 8 200810 6 4254 9594 8 4088 3 231 7 200810 125 2420 8 35 3824 33 2048 49894 21 2106 7156 5533 5
12283 3462 5
35 3401 33 11304 13 125 49894 1927 93475 200810 10 90 745 4 3 1884 148 3 67 16 22250 5
33090 35 3495 33 8 7446 8 35 1095 33 270 49894 72 200810 19 90 20550 1963 15 34141 23394 8 188579 4 11406 4 75152 4 8 4887 35 911 33 21636 11759 52 49894 5
32973 13 49894 16 1254 2638 14 3 3644 7 17241 120 12329 1322 35 49 49894 16 1254 2638 6 4007 17241 9124 49 9513 33 4 49894 16 230 6 24841 200810 65 87 16 964 17241 9124 25 27728 1506 4 125 200810 16 230 6 24841 49894 2631 5
8616 93 25255 19629 148 49894 8 200810 27368 2048 13 83 1351 7 1890 250 4447 58 12340 17241 10 521 1558 19001 11249 5
364 537 1351 7 1890 16 5093 1913 964 8 5314 58818 21 2994 24 307 4888 5
50542 35 2773 33 4436 13 11427 34141 23394 133 21 271 1138 484 4 1105 352 4 2940 8 64 7 1444 3130 6 3520 25 1292 7 44895 1170 4 125 44895 34141 23394 133 21 589 2217 8 10711 31 3684 623 23314 8 3303 6 3968 4783 317 5
11649 11537 31 115 24 7446 8 35 1095 33 8 188579 12283 3462 5
35 911 33 5
81 1654 4 7446 8 35 1095 33 4436 13 964 58818 5524 15 3 220 17592 5
931 2995 6676 1919 1798 13 1913 9 3656 197 7 34141 23394 16 572 10 521 1558 19001 8 23 51 26 1695 12818 6 159 361 7 46 34141 3394 565 9433 5
12205 56018 12205 56018 16 424 21 9 177 4116 4462 14 39987 565 35 4874 323 31227 4 4973 33 5
1738 3142 24656 16 392 21 57 7 248 20085 1441 6 9 2190 2125 7 3012 15 3 19393 5
17 2029 1217 6 4855 32 285986 284 7 27728 42584 53 16 424 21 27728 248 20085 8 4763 6 12042 3 19407 53 114 12662 16 9424 98236 249 60401 4 6219 16 9424 98236 9421 40056 35 33 4 16 9421 98236 249 60401 8 16 234324 12715 5
527 4 3 40056 6219 142 26 3180 27383 49 20878 16970 9 461813 2104 5
81 678 6 371 8684 6 9 1654 2104 19 12818 2763 4 3 375055 1043 16 848 10 46 156894 53 145 375055 11657 3 13221 7 3 565 4 3847 8259 9 28579 2104 5
622 10023 2104 4 103415 24 4 16 392 24 35 249 33 114 11856 16 9 1432 221 5
81 2333 4 3 2794 2770 7 11856 1618 4099 10 3 1079 7 35 6494 4 249 33 5
145 4644 16 226 22925 56018 5
66 16 166 424 13 22925 56018 71 26 4357 21 32 37582 7 25 3 628 1441 6 2543 2505 13 1731 2770 10 7 3 2106 31 48 338 58 1978 2770 4 8 13 1978 8 1978 2770 7 3 2106 31 48 8 48 1848 5
8616 22925 56018 16 1144 4116 65 1731 2770 10 7 3 2106 31 230 48 58 1978 2770 5
81 46 5114 4 57 346 30046 7 22925 56018 16 3 20802 114858 65 23 16 6227 10 1407 5
3763 3 15565 1102 7 3 22925 56018 4644 16 6 337 120 336916 1221 6 3 964 1221 8 12146 23 16 9321 13 146 521 3070 71 26 399 3439 24 133 9 4644 5
99678 6 19142 8 1072 35 6962 33 5
34989 31660 37566 16 9 160269 1046 5533 13 71 5576 528 8 4093 7269 15 3 2377 25 1375 16832 8 13991 5131 35 15829 4 4540 109 7731 4 7487 109 4367 4 2552 4 323 27485 4 744 33 5
66 29 45 4964 6 26 1783 8 5394 10 4231 177 528 7269 10 9 1773 1079 7 2333 35 236871 4 4164 33 5
37566 16 982 6943 14 41748 96734 27708 544 19 32 6905 4859 1441 6 3184 572 8 4011 12453 5
37566 12134 3 1046 650 10 179 4290 53 35 4114 33 4 35 25547 33 3394 4 35 31883 33 17764 4 8 35 40378 33 17904 35 15011 323 20024 4 3578 33 5
81 3 967 4 9 1193 7 4624 6294 35 424 21 31527 33 13 31 14027 5146 10 3 2104 904 16 3467 21 3 1204 397 7 3 1046 5
435 3 967 4 290 28451 16 12354 538 9 219091 5188 4859 5
17 733 7 3 5188 4859 16 6 90942 83889 3 773 7 3 28451 5
273 19630 2333 7 27708 4309 133 21 37566 4 3 1414 7 3 5188 4859 16 3 104 1568 1092 5
81 46 1381 4 37566 16 4723 14 1913 19547 11856 8 3656 197 7 58818 8255 5
56464 7 78180 22925 31660 16 962 5
79 614 2489 27728 56018 1506 16 3380 21 3177 53 35 341 33 114 400928 35 72539 3082 249 4 4 9421 33 16108 6 883 6494 49 249 232 6 3 10113 7 34141 12911 35 72539 3082 249 4 4 9421 33 10 3 1506 35 341 33 5
1301 4 14 3184 16691 7 8 1678 2770 7 6494 11102 11856 11102 249 4 3 19547 16 5852 24 37566 4 11771 4 35 459 33 114 4 16 9 9424 98236 72846 40056 19 8 5
8616 380 78180 22925 56018 152482 16 53 35 503 33 309045 249 12205 56018 16 4020 65 57 2102 1731 2106 10 5
11346 13 22250 2106 250 26 848 10 1731 2106 10 5
23179 16 13 23 16 1618 572 6 2258 133 983 2875 106 1731 2106 10 2818 9 23125 4398 5
659 3764 46 565 4 80 8850 6 231 22925 56018 65 2812 49894 2305 200810 42030 3 83 13 2537 5
145 35378 1396 14 538 22925 56018 16 543 15 3 644 13 3 2679 983 20521 65 1731 2106 10 31 177 338 49 5314 34141 23394 31 572 6 384 5
11346 13 46 35378 1396 16 12818 106 23 340 34 5524 15 23125 4398 13 146 5
99678 6 8941 503 14 143 6 5507 3 35378 1396 10 1407 5
309045 341 364 632 1907 111 22925 56018 16 13 10 35 249 33 39386 893 3 336916 1221 6 3 964 1221 7 35 503 33 12424 46 20802 114858 2875 121 3 19547 11856 8 3 19547 34141 23394 31 5852 8255 5
11346 13 37566 2053 9 629 604 14 78180 22925 31660 106 23 16 982 6943 14 41748 96734 27708 544 19 32 6905 4859 1441 6 3184 572 8 4011 12453 5
33962 1994 81 46 9345 542 4 11249 7 139 348 1291 35 134603 33 8 139 5857 1291 35 191671 33 10 3 1962 521 1558 200 31 1109 5
931 2864 11335 31 1601 8 4154 24 3 30976 419 4 57 7 3 346 495 10 930 4 14 3 3644 7 3726 521 1558 200 1627 5
81 46 542 11249 2376 7 134603 8 191671 4490 9 26477 566 25 541 3495 6 591 280 5
81 678 6 8612 3 11249 8958 7 78180 22925 31660 163 523 9345 5771 4 1324 2801 1488 16 4723 5
3763 1324 2801 47 16 9 2146 7 89 507 628 7 1646 14305 16007 3 74 11933 2146 7 1646 8 3 169 11933 2146 7 1646 35 11771 4 14305 3082 1635 33 4 2503 24 1646 290 89 8 3847 290 1324 2801 7 1646 14305 56953 3 161 2801 24 1646 5
2569 3 4991 11933 2146 7 1646 16 370 61 14 8557 3644 125 78180 22925 31660 16 6227 14 3 172 11933 2146 7 1646 5
17 1324 2801 1488 19 183 3909 16 12859 10 20498 249 8 98586 249 5
99678 59 6 36277 4 36260 4 16964 4 12661 4 8 77539 35 4164 33 8 35 1278 33 5
20498 249 5
12266 8 2279 566 14 1324 2801 1488 5
38751 221 12266 566 27311 566 249 341 459 503 500 708 700 704 782 183 17129 2801 1488 98586 249 5
17129 2801 1488 5
273 19721 78180 22925 31660 19 2864 191671 49 2864 134603 21 2655 23394 4 3 34141 23394 220 14 3726 292 1215 10 55642 4 4367 4 2552 4 8 2552 35 2076 33 31 4723 21 58818 322 5
3763 3 108 346 292 23394 4 563 1557 713 4 518 713 4 8 869 200 1291 4 8 3 629 23150 58818 133 21 3777 8 774 1760 19 40 225397 31 848 6 4498 985 58818 5
99678 6 20498 341 5
11346 13 70 3 58818 31 2864 628 8 31 1589 14 3 3644 7 3726 3 1962 292 912 24 55642 12283 3462 5
35 2076 33 5
472 16 468 46 3394 7 34141 16 13 292 1215 1010 16 3700 1144 4788 15 3 521 1558 200 44 572 6 25767 21 9 837 34141 5
8616 23 16 36438 21 3 58818 10 20498 341 1016 5
20498 341 5
12418 7 34141 23394 5
39652 34141 136342 83518 11346 4768 489 35 178406 33 6832 4719 628 96672 36349 7 3 336 7 1723 83518 154 3 656 403 190 94158 5045 489 7 563 1557 7541 35 33 74193 7 3 498 191 6 3 216 191 7 3 73 64 239952 5045 489 7 207 869 74193 7 3 498 191 6 3 216 191 7 3 73 64 71414 5045 489 7 2551 484 1291 74193 7 3 498 191 6 3 216 191 7 3 73 64 90878 5045 489 7 1214 484 1291 74193 7 3 498 191 6 3 216 191 7 3 73 64 308820 5045 489 7 1760 7 774 74193 7 3 498 191 6 3 216 191 7 3 73 64 458192 5045 489 7 1291 7 1784 797 74193 7 3 498 191 6 3 216 191 7 3 73 64 36349 7 3 336 7 17073 458192 154 3 656 403 190 123915 5045 489 7 1291 7 2551 13322 74193 7 3 498 191 6 3 216 191 7 3 73 64 5045 489 7 1291 7 1593 683 74193 7 3 498 191 6 3 216 191 7 3 73 64 287135 147 3433 1290 729 36349 7 3 336 7 17073 287135 154 3 656 403 190 36349 7 3 336 7 17073 2864 337 7 287135 154 3 656 403 190 5045 489 7 147 3777 74193 7 3 498 191 6 3 216 191 7 3 73 64 30942 7 774 147 3777 113451 36349 7 3 336 7 1723 154 3 656 697 190 36349 7 3 336 7 2366 154 3 656 697 190 30942 7 1781 35 1821 5214 33 10555 4719 628 30942 7 1781 35 2375 683 33 10555 4719 628 1516 1760 7 1781 10555 4719 628 67599 7 5511 683 10 3 869 200 10555 4719 628 81 678 6 8612 3 11249 8958 4 3 508 108 3457 23491 35 500 33 35 700 33 31 4723 53 6808 1153 26327 3768 35 33 4 1153 6474 3768 35 165419 33 4 8 1153 6474 2156 3768 35 33 53 35 500 33 35 708 33 35 700 33 114 500604 8 31 3995 3 2755 8 36680 871 7 134603 49 191671 22 89 224603 631 189 165419 8 31 1122 1170 7 25229 148 3 2655 2770 8 3 2755 11537 4 1170 12010 25229 22 290 224603 10548 5
33962 522 70189 2376 16 617 14 189 134603 8 191671 5
1249 11249 2376 665 7 191671 16 1144 825 6 134603 4 3297 11249 2376 7 134603 16 392 74 8 153 9 2941 10028 7 191671 11249 2376 16 392 268 5
238 9 2543 18550 1970 14 538 78180 22925 14 134603 11249 4 80 5422 67 512 5
26148 4 80 6786 773 7 200810 8 49894 4 47 16 129 35378 1396 14 538 78180 22925 35 7253 6 309045 249 33 5
98586 341 842 13 2812 49894 2305 200810 42030 50 6824 30985 1411 183 3909 5
51811 13 129 8365 231 1324 2801 1488 19 183 3909 21 962 10 98586 249 5
20379 4 7 3 985 58818 31 2870 13507 65 43 31 4723 14 200810 22 290 2801 35 196 20498 459 33 5
20498 459 842 13 104 7 3 58818 31 34 964 8 964 58818 170 22 290 2801 7702 5
81 1243 23 842 13 3 1221 225419 31 408 6 4568 10 40 5
273 6637 3644 4 960 522 14 97 2801 249 8 183 31 392 10 20498 459 35 461 397 61 825 512 33 5
145 16 34 399 4179 106 290 34141 63792 3 498 292 1215 671 16 230 6 27 11742 1951 377 3 498 292 1215 1010 29 17763 485 1951 15 134603 5
238 9 665 4 23 866 6 26 9433 21 166 21 53144 12818 6 8245 78180 22925 21 3206 5018 14 11249 15 46 1654 565 5
13385 4631 7 49894 8 200810 14 134603 11249 154 8557 98586 341 5
13385 4631 7 49894 8 200810 14 134603 11249 154 8557 566 5
20498 459 5
130840 960 14 985 34141 23394 65 200810 16 220 14 134603 11249 5
218312 85612 9421 871 35 9 33 38751 720 5
249 83518 96672 94158 239952 71414 90878 308820 458192 123915 287135 260588 484799 401694 113451 177066 7257 35 8862 33 38751 720 5
183 83518 96672 94158 239952 269739 71414 90878 308820 48432 458192 123915 287135 6494 113451 273 11249 773 4631 19 78180 22925 4 108 83 11249 4309 31 1109 53 200810 4 24458 12205 56018 8 49894 5
24458 22925 56018 5018 16 1109 322 10 678 6 5548 143 2875 78180 22925 37666 3 20802 114858 7 22925 56018 3915 10 309045 341 5
98586 459 16323 3 11249 665 65 290 5018 16 4723 154 3 2279 4736 7 3 1324 2801 1488 5
11346 13 3 2279 4736 31 3797 14448 276 120 89 1012 4 1204 25 548 744 35 7253 6 98586 249 33 5
98586 459 16 43628 24 20498 503 83889 47 22462 4 165419 8 2770 25 98586 459 14 12752 3 3800 7 3 179 4309 5
66 16 1369 6 3088 25 20498 503 13 78180 22925 16 7156 6 3 83 4309 356 3 108 3457 23491 5
659 1445 512 333 4 1153 1884 1665 35 49 14077 9575 1665 33 31 617 14 708 9906 61 7 3 503 4309 5
3763 25 13571 7 4 9 197 7 628 14 72539 3082 249 35 37566 12205 33 4 72539 3082 341 35 200810 33 4 72539 3082 459 35 24458 12205 33 8 72539 3082 503 35 49894 33 31 3455 8 14077 1665 31 617 14 288 9906 35 82933 4 123732 33 4 35 82933 4 192721 33 4 35 82933 4 277663 33 4 35 123732 4 192721 33 4 35 123732 4 277663 33 8 35 192721 4 277663 33 5
11649 4644 16 617 14 165419 8 5
11391 7 192 14077 1665 392 10 20498 500 10158 13 3 3800 7 3 179 4309 31 2537 523 25 290 83 2936 3 1808 35 49894 4 200810 33 5
145 671 19 98586 341 8 20498 503 11080 3 7156 773 7 78180 22925 8 3 22250 1884 148 3800 7 200810 8 49894 5
5583 3 58818 3467 24 78180 22925 31 5422 14 40 7444 22 290 2801 10 20498 708 4 47 842 13 460 70 3 3467 58818 31 1406 6 964 1603 10 78180 22925 5018 5
8077 14 6637 3644 522 14 3909 249 4 341 8 183 31 392 5
143284 10961 2755 134603 154 2279 566 98586 459 5
143284 10961 2755 134603 154 2279 566 5
20498 503 5
209401 4631 7 179 11249 4309 14 134603 5
49239 13377 78180 22925 21847 56018 12205 56018 49894 165419 513151 309401 20498 99264 9421 2770 7 708 14077 9575 1665 14 179 11249 4309 15 29188 5
78180 22925 21847 56018 12205 56018 49894 35 9 33 155737 78180 22925 21847 56018 12205 56018 49894 35 8862 33 165419 78180 22925 21847 56018 12205 56018 49894 35 8258 33 78180 22925 21847 56018 12205 56018 49894 34252 22 500 202 5
20498 708 5
130840 960 14 3 3467 23394 65 78180 22925 16 220 14 134603 11249 5
86237 23394 85612 9421 871 12205 871 35 9 33 38751 720 5
249 83518 96672 94158 71414 104920 483069 524425 104920 104920 35 8862 33 38751 720 5
341 94158 239952 71414 287135 104920 541949 401694 104920 104920 35 8258 33 38751 720 5
183 239952 71414 104920 90878 458192 521513 123915 113451 17 996 4631 2062 6676 4459 3 71206 53 35 4114 33 49894 8 200810 4351 868 5
35 25547 33 24458 22925 16 2069 2537 24 78180 22925 5
35 31883 33 78180 22925 42030 461 2093 5
11346 13 35 4114 33 8787 3 231 7 78180 22925 35 196 309045 249 33 125 35 25547 33 14359 3 5291 114858 7 6835 22925 24 78180 22925 35 196 309045 341 33 5
273 11249 2376 7 191671 4 460 8639 1959 31 617 5
98586 503 842 13 2812 49894 2305 200810 42030 50 6824 30985 1411 183 3909 5
7 3 985 34141 23394 31 2870 14 191671 10 20498 700 4 47 2048 13 104 7 34141 23394 27 2325 1951 15 191671 377 90 7 91 240 632 7444 4808 15 2801 5
273 11249 773 4631 4 3 179 11249 4309 31 1109 369 5
98586 500 16323 3 11249 665 65 290 5018 16 4723 154 3 2279 4736 7 3 1324 2801 1488 5
1301 98586 500 16 43628 24 20498 704 83889 4 47 11080 13 78180 22925 16 7156 6 3 83 4309 356 3 108 3457 23491 5
8077 4 1153 1884 1665 35 49 14077 9575 1665 33 31 617 14 708 9906 61 7 3 179 4309 25 13571 7 4 165419 8 5
11391 7 3 14077 1665 10 20498 782 10158 13 3800 7 3 179 4309 31 2537 523 25 290 83 2936 3 1808 35 49894 4 200810 33 5
5583 3 58818 8 3 22925 871 11856 3467 24 78180 22925 31 5422 14 40 7444 22 290 2801 10 20498 183 47 842 460 70 3 3467 58818 31 1406 6 964 1603 10 78180 22925 5018 5
13385 4631 7 49894 8 200810 14 191671 11249 154 2279 566 98586 503 5
13385 4631 7 49894 8 200810 14 191671 11249 154 2279 566 5
20498 700 5
130840 960 14 985 34141 23394 65 200810 16 220 14 191671 11249 5
218312 85612 9421 871 35 9 33 38751 720 5
249 83518 96672 94158 239952 71414 90878 308820 458192 123915 287135 544869 113451 447388 478287 35 8862 33 38751 720 5
183 83518 96672 94158 239952 451099 71414 90878 308820 458192 123915 287135 6494 113451 143284 10961 2755 191671 154 2279 566 98586 500 5
143284 10961 2755 191671 154 2279 566 5
20498 704 5
75250 7 179 11249 4309 14 191671 5
49239 13377 78180 22925 21847 56018 12205 56018 49894 165419 449235 20498 116139 9421 2770 7 708 14077 9575 1665 14 179 11249 4309 15 191671 5
78180 22925 21847 56018 12205 56018 49894 35 9 33 155737 78180 22925 21847 56018 12205 56018 49894 35 8862 33 165419 78180 22925 21847 56018 12205 56018 49894 35 8258 33 78180 22925 21847 56018 359591 12205 56018 49894 34252 22 500 202 5
20498 183 5
130840 960 14 3 3467 23394 65 78180 22925 16 220 14 191671 11249 5
86237 23394 85612 9421 871 12205 871 35 9 33 38751 720 5
249 96672 94158 239952 480493 71414 104920 308820 287135 104920 260588 35 8862 33 38751 720 5
341 83518 94158 104920 71414 347232 308820 123915 485146 332515 104920 250845 104920 35 8258 33 38751 720 5
782 239952 451099 260588 71414 104920 90878 308820 458192 331718 512014 350708 369029 113451
134 4400 22925 56018 21 32 2155 4462 10 521 1558 11249 114 57 1618 1501 5093 1913 3656 58818 5
78180 22925 16 1273 322 8 50 773 16 5422 111 83 11249 4309 5
66 16 1595 13 37566 16 34 97 1408 14 521 1558 11249 44 59 12981 22979 1568 667 10 22925 56018 5
33962 522 31 392 14 12406 7 78180 22925 5
66 16 23694 25 3 9345 522 13 78180 22925 2742 9 2170 2104 982 65 9 12818 34141 16 572 6 25767 44 250 26 36438 76 1678 83 58818 441 287 1951 15 1070 5