4036 3 308 4525 10 2155 29931 31054 14 13170 4 12741 8 24063 9628 4 57 7 3 1629 3467 5018 16 3 5195 20746 5
18484 4 3 1481 13 4535 46 5018 4 1823 9 5195 148 3 30864 6 526 3 6814 10 19710 7 3675 32 184741 18580 5
1113 3683 9 5195 866 2538 58 21811 9 18580 4 23 29 9 346 313 30046 121 23 71 26 177 1369 6 26 3251 5
12502 4 46 1381 12966 90 3093 18423 2377 19 7732 1442 4309 4 6 1297 313 7 5195 18580 29931 4 538 9053 96367 21 27353 14165 5
472 80 255 850 16 3 21717 7 108 523 32542 992 543 27964 6 10158 131439 19 57 3093 449563 543 5533 10 9 4438 11924 14 11536 4 928 8 13566 5
24984 24 3 95069 4355 2520 4 3 2501 89 8 96367 31 16277 6 1000 9 12113 18580 5
7219 4 3 30864 31 15133 4808 15 3 2501 11861 10 3 4438 11924 8 6229 3 15133 2233 31 15218 5
238 9 665 7 928 1986 4 3 284 51912 521 2532 25 29293 538 7732 32542 2642 35 49894 33 4 33855 186564 22190 42101 1443 35 33 8 35 170832 33 449563 4309 10 13566 4141 5
17 522 31 6464 3863 13 80 1049 6494 202 7 2915 1933 489 35 60004 33 14 1614 1920 687 19 21797 202 2915 6419 489 35 33 7 9325 29931 14 3 1614 521 2532 65 574 19 12634 6457 31660 5
7219 4 6 1128 46 4 80 25810 32542 992 543 1443 8 24658 19 49894 4 80 3439 51854 202 3628 3768 489 35 33 4 19 4 3921 202 14 4481 202 12743 8 1435 19 170832 449563 5018 4 80 27279 8963 202 5
81 308 85 4 3 5195 18580 29931 31054 27 2042 4831 6 11030 7 24063 2438 133 21 2657 4 12741 8 24063 3149 5
1249 90 11909 31054 31 1523 177 396 6 2707 9 18580 4 16910 5195 18580 16 57 7 3 7081 220 29931 5018 5
13166 6 50 4 5195 20746 658 27 90 313 667 4 5226 143 4093 3 20746 142 26 5
949 276 1672 856 1164 4 5195 20746 86 2093 26 4218 121 3 29931 1190 2239 27 9 843 7 4938 13 3 18580 5897 31 15462 16454 49 22 248 2571 8130 5
17173 46 43018 1102 4 3 18580 19 182963 4591 21 32 946 7 423675 8 40198 86 26 381 10 98586 249 5
81297 5897 35 203 53 13848 5195 4 243 53 2236 5195 33 98586 249 5
81297 5897 35 203 53 13848 5195 4 243 53 2236 5195 33 5
9049 4 3 5195 18580 29931 16 2497 6 27 6127 313 232 6 3 313 2003 7 7771 333182 4 3 2370 1506 14 46 601 4 114 3 6645 7702 25 53492 35 93 313 33 6 184741 18580 29931 35 3235 313 33 5
12502 4 14426 3 5195 18580 29931 284 866 6 26 9 2409 5702 276 19720 3 14130 5
17173 3 14130 7 5195 18580 29931 4 96 80 255 850 16 9 3093 867 13 32629 3 9053 96367 15 3 30864 7 3 5195 18580 21 3 689 27353 21043 4 19 307 19372 4309 543 15 7732 1442 3648 5
120976 16 3 1043 2042 10 43559 35 26425 435986 323 525163 4 2560 33 13 16 11359 25 20668 19372 1443 35 4682 4 911 33 8 2957 19 3 2665 2215 4 7207 4 14408 8 34078 10777 7 498893 5
106227 29931 1443 7253 6 7112 4355 8 7379 7 2113 4 6 21658 521 8 4953 2532 543 15 2665 10777 7 1481 5
81 3 271 1352 4 23 16 537 6 384 3184 42211 10 1678 14484 7 59923 4 7112 4355 8 29931 133 21 5682 8 182438 35 4 33 4 24290 8 14879 35 280 33 4 42544 8 35 2560 33 4 32867 4 37750 4 82021 4 20083 4 8 35 394753 33 4 236688 4 4 4 533556 4 8 35 2560 33 8 4 540614 4 4 8 534769 35 2560 33 5
364 7 3 1029 27353 4355 284 16 95069 4355 13 25067 66619 629 96367 21 9 2419 19 32 9513 7 93 83 71 2707 9 18580 105 3 1541 5
1655 23 29 45 2042 24 62839 35 7487 33 3 95069 29931 27964 31 18778 8 9 485 221 3174 31 845 133 21 4 111455 4 8 35 2076 33 4 8 5682 35 359 33 4 5682 8 182438 35 4 33 4 23235 4 35381 4 8 16530 35 359 33 4 16530 4 10583 4 10583 4 8 2552 35 1515 33 4 50344 4 3957 4 8 38667 35 1515 33 4 8 1320 35 6760 33 4 12107 8 22605 35 3728 33 4 4 4 8 197238 35 3728 33 4 30013 4 1320 4 4 8 188045 35 3952 33 4 8 266880 35 2773 33 4 8 13184 35 2773 33 4 8 13184 35 1515 33 4 59732 4 4 207914 4 17354 4 8 35 744 33 4 8 402085 35 744 33 8 5041 4 59539 4 8 35 274 33 5
238 3 308 2062 7 95069 29931 35 535259 4 7560 109 267281 4 554793 4 49382 4 323 94775 4 280 109 8321 4 590 109 323 453396 4 6833 109 107191 323 81497 4 2560 109 35381 4 1604 4 323 16530 4 280 109 40836 323 3716 4 2076 109 6793 12283 32330 4 2076 109 4 4 4 323 412311 4 2076 109 323 30907 4 6833 109 323 4 280 109 25809 4 53315 4 24087 4 323 4 2076 109 100406 4 210711 4 61727 4 323 61880 4 590 109 46727 4 18318 4 323 42544 4 2560 33 31 3 104 4427 6169 10 3 6854 5
949 377 3 1441 7 46 1381 16 3581 24 95069 117494 27964 4 3 2669 7 46 601 16 1927 523 13 80 4729 9053 96367 1016 7 66619 629 96367 5
527 4 23 16 34 14858 6 164 13 1126 2106 9053 400 31 21 2665 21 71738 4 3475 80 8520 15 12299 12113 20746 47 71 26 1146 11442 5
75455 4 80 1073 32 11924 13 15974 9053 96367 25 74 2501 6 723 4 8 5133 3 20587 21 27353 628 5
23350 4 80 5291 3 426 131439 24 9901 19 3 3205 628 4 21 3 74 1906 12634 6457 5018 5
527 46 650 3619 10 9 177 5375 29931 4 19 6494 202 2915 1933 489 35 60004 33 47 16 19462 4 125 19 32 4809 2915 6419 489 35 33 21 21797 202 4 121 3 20587 42 2422 4330 5
12502 4 6 798 3 4 80 1273 307 7732 1442 543 27964 133 21 49894 4 8 170832 449563 5533 5
81 3 6854 4 87 31 307 3174 47 31 408 6 129 601 3136 24063 29931 133 21 19619 4 37179 4 8 18150 35 2560 33 4 4 13799 4 8 3651 35 590 33 4 15669 4 47153 4 8 14879 35 2560 33 4 194955 302051 4 5041 4 159948 4 8 102982 35 2560 33 4 4693 17196 4 11830 4 4 75016 4 8 421016 35 2560 33 4 90812 8 35 2560 33 4 45054 4 7914 4 8 7095 35 6833 33 4 36455 4 4 8 14982 35 2560 33 4 45054 4 67476 4 8 33691 35 280 33 4 554793 4 267281 4 4 8 94775 35 2076 33 8 29227 4 250441 4 143316 4 8 35 7560 33 5
1249 23 16 9 177 1766 857 4 87 31 9 265 3174 845 10 308 85 4 825 6 3610 7 12284 4 3136 24063 29931 5
75455 4 194955 302051 12283 3462 5
35 2560 33 1273 9 3093 57463 8 179079 29931 5018 13 10556 27353 4538 19 98617 9796 5
6832 357989 2501 12473 4 543 1918 48975 1627 10777 7 3 1055 7 3 10089 8 27685 4 43 3883 27353 628 19 3 5195 4355 4538 5
158 59 2203 9 303777 6 4517 2665 27353 7764 10777 8 1970 3 426 131439 5
15669 12283 3462 5
35 2560 33 2042 9 84 45268 543 18580 95069 29931 284 14 2501 2424 16800 1401 2438 5
81 40 1381 4 43 18314 3 18580 904 1646 8 25810 95069 284 14 2501 2424 16800 1401 2438 19 9 775 2419 5
17 1381 7 4693 17196 12283 3462 5
35 2560 33 866 3 104 408 1381 6 12284 121 43 18778 3 5195 380348 4 21 166 5
158 2042 32 29931 1217 13 23682 18580 5897 19 32 1117 313 9419 4 8243 6 3 4650 5
12502 1481 51749 24 3 5195 8 24 3 152 43 1048 3 5195 30864 5
7219 43 2042 9 3093 5018 7 7039 89 96926 8074 25 1150 4355 14 3 2376 7 27353 628 5
45054 12283 32330 2106 35 6833 33 1381 4 47 16 59 4279 6 129 601 4 2209 9 27353 29931 14 24063 13170 4 658 276 5897 5
81 40 1381 43 2042 9 4650 29931 1488 14 3 1955 37028 7 2501 2424 2438 5
158 1967 15 6356 28321 4 2354 10750 21 3093 2000 21 166 21 21408 96367 5
90812 8 35 2560 33 1273 3 9573 7 6814 5195 14130 21 9 1955 8 31319 29931 5018 19 1572 32 2673 14 3 10188 1401 2912 6 4697 628 4 19 3 152 13 2113 1823 6814 5897 15 9 24063 5
17 3439 129588 202 19 9 23333 4893 2953 2854 94757 5018 538 6356 10 19130 8 6356 10 148 30864 2000 5
554793 12283 3462 5
35 2076 33 59 1273 9 5018 7 95069 4355 14 106911 7 1401 2438 5
17 16580 10 40 601 16 3 84 11245 303777 19 2568 8 234324 14561 5
7219 4 3136 3 177 308 2062 7 27353 95069 29931 14 92604 4 3 104 17123 3174 1001 845 31 21 3177 109 548328 4 15669 4 24087 4 8 14879 35 7560 33 1273 9 15832 629 4731 52028 21 32 11924 14 1481 6 2707 40 21256 5
158 16277 708 2000 150 775 8 1646 21 3691 220 14165 10 3 6854 4 8 25810 11245 536044 5
23235 8 16530 35 7560 33 1254 108 523 31054 14 92604 8 57 14 63764 26522 6 4697 27353 628 5
158 220 307 11245 4309 6 30174 3 29931 628 8 1049 95714 202 14 11226 4249 8 960 197 9059 5
10526 4 4 4 4 8 35 7560 33 6227 9 95069 284 14 10188 92604 8 2209 67 3093 14165 53 1952 8 3457 10310 67 424 2000 53 817 89 8 66619 89 5
6832 8 23333 4893 27964 4 43 6401 3 2532 232 6 67 523 41154 8 11952 5
355 677 19 192 3174 4 96 80 4556 9 3093 5195 18580 29931 1443 19 32542 992 543 8 170832 449563 4309 21 3 84 536044 5
10526 4 80 15261 3 2029 2854 650 10 49894 6 2338 129 3212 24 7285 9 8960 489 5
9049 4 80 220 31660 14484 7 40056 6 1649 3 992 10 170832 449563 5018 121 87 18 34 14843 148 29132 8 55906 5
4036 192 4008 4 3 1381 2179 19 3 5385 7 3 29931 284 80 1273 5
17 17315 10093 7 3 8365 31 13507 4216 10 8941 459 4 2543 6 9345 522 2124 5
17 4631 7 3 522 496 3 6169 845 8 4774 7268 31 10 3 194 5
1249 3 29931 284 29 117 68434 4 3 30331 86 1194 9 312 4093 4 658 23 16 2538 6 23525 3 1081 284 24 13500 76 68434 5
1113 57 16 5185 4 87 31 958 67 31054 4 57 16 3 18580 5195 29931 2424 125 83 16 14 12113 18580 5
17 12113 18580 1043 322 16 3 11861 83735 14 49894 8 8 269029 2233 14 170832 449563 5018 5
7219 4 3675 9 18580 10 3 5813 1092 54334 67 68434 53 5195 4229 8 928 5
75455 4 10 5195 4229 4141 109 3 3235 782 1023 18580 16 2236 19 3 12113 18580 628 47 9286 7 2501 96367 8 6229 3205 21 3 18580 60401 8 3 11861 40056 5
2491 3 4650 10564 9 38105 4 3 210318 2179 6 2408 25 4568 285 3 2501 16 72 21 381 10 98586 341 5
332 3 216 89 4 3 4279 38105 16 19 3 2501 678 8 6229 3 4591 7 3 38105 16 1406 5
87240 9053 96367 98586 341 5
87240 9053 96367 5
238 3 4229 16 72 4 928 4141 2899 19 3 96367 8 3 3281 3205 4 24 49894 4 8 170832 449563 27964 8118 5
1113 290 5018 29 4120 523 27964 4 3 689 6905 16 837 8 1906 109 6 7673 9 7661 642 49 9 532 871 14 426 131439 5
12502 4 3524 13 32421 3 3248 49 2770 36 26 1830 10 2279 4141 141 92 3 18580 1010 16 9109 2167 5
17 1481 36 27 9 169 808 92 40 74 1186 16 1830 4 658 10 129 601 189 2532 31 1109 352132 5
81 1243 6 3 6652 7 3 284 3915 996 4 3 30331 86 26 381 10 98586 459 5
176834 7 1273 29931 284 98586 459 5
176834 7 1273 29931 284 5
17 1273 284 2337 2179 19 3 11536 1092 4 2543 6 5195 18580 2376 4 24 15671 3 5195 3323 5
81 11536 1092 4 23 16 2239 6640 6 4524 1429 19 3 216 3323 103 13408 10 5
527 4 23 16 18314 6 32 1883 871 121 14 49894 543 4538 4 67 871 60401 21 32 9796 14 928 2124 16 2422 799 5
12502 4 23 16 537 6 1384 3 284 21 23 2179 54 25947 1186 47 16 183 14 46 1381 5
16166 70 4 80 48653 3 7771 333182 2424 19 23094 98236 3918 5195 18580 352 35 79 33 8 782 30864 47 31 17229 10 370952 5
134 155 34 337 883 3 5685 38105 284 49 3 2371 658 80 304 3 8855 20085 13 2501 2634 105487 8393 14 2571 8130 10 170832 449563 284 5
17 650 2179 19 10472 3 352 19 23094 98236 3918 6 24457 3 4650 11924 7 5195 18580 19 27717 3 11933 692 6 5
17 692 86 26 381 10 98586 503 5
5640 352 10961 98586 503 5
5640 352 6288 11933 692 114 109 8393 21 5185 5195 4 20085 21 12113 5195 220 10 170832 5
10526 4 3 692 31 12246 19 9 5195 1973 19 2571 3 4591 7 8393 6 71152 4 65 5530 49 4087 15 5
81 1243 4 9 396 8248 22087 16 304 15 3 30864 6 1667 3 2785 54 3 74 2501 5
17 6200 7 1273 5195 18580 4650 11924 16 381 10 98586 500 19 307 20746 5
69298 4650 11924 8 6200 7 5195 20746 35 1356 6494 500 708 503 341 249 6494 459 98586 500 5
69298 4650 11924 8 6200 7 5195 20746 35 9 3082 1356 6494 500 708 503 341 249 6494 459 6494 1362 4 8862 3082 1356 6494 459 6494 341 6494 503 6494 249 6494 1362 4 8258 3082 1356 6494 6494 249 500 341 6494 6494 503 459 1362 33 5
238 9 2941 5230 7 46 1233 109 3 18580 2179 25 3 71152 38105 47 340 34 539 9 22087 13 144 26 1109 21 3 74 25752 7 3 18580 5
273 3099 4 15 203 4 20746 2179 25 2320 8 16098 137 1600 4 121 87 16 9 312 22087 15 3 38105 500 4 1571 2162 5
12502 4 10 3 18580 4 3 2320 25752 16 7088 8 1600 16 7961 2163 4 125 10 3 18580 916 4 2320 5606 7 3 60401 29 3 871 7 249 8 3 1600 5606 29 341 5
9049 4 108 11933 7410 31 1465 21 2501 4 822 8 5689 7410 47 31 1622 6 4697 628 14 14937 8 11348 2501 25927 5
355 5530 49 4087 6 120 4 3 871 7 18580 6157 2856 6 249 4 21 166 21 3 11861 2770 353 6 2408 25 4568 285 3 4650 918 525 7 3 5685 49 3 2501 3006 5
931 96367 31 3205 6 26 220 10 928 16200 5
17 8365 1224 19 3 80045 7 7771 333182 890 2424 441 9 3101 7 23094 98236 3918 15 24063 8308 96253 6251 5
1249 3 346 6905 7 3 1381 16 29931 4 3 689 3354 7 3 284 16 12003 3 5289 3524 114 10505 3 461 4 3847 7379 7 3 1481 16 34 9 1364 5
766 928 8 521 2532 31 115 24 57 4650 4 35 1596 2539 5005 24063 4650 33 4 125 87 42 183 1481 38542 1920 2532 5
1655 3 731 7 4 503 10852 8 708 9094 42 10 3 1920 182 4 37 31 59 5005 24063 1481 5
134 10012 3 8365 19 9409 3 18580 216 21 98586 249 15 3 243 4 3847 4241 10 3 60401 916 7 9421 3082 1356 249 341 6494 6494 459 6494 6494 6494 503 1362 5
16166 70 4 290 837 29931 5018 80 1273 16 5973 6 3 221 7 5530 30864 5
9049 4 24 3675 3 5195 3323 2752 400 25 3 4650 11924 4 2501 96367 7 3 30864 31 3205 4 47 86 26 381 10 20498 249 4 10 678 6 1649 3 32542 2642 5
238 32 533 3088 4 121 3 3235 89 805 14 9 38105 2501 16 341 2106 4 3 13096 96367 31 9968 124 6 341 5
20498 249 5
46772 2501 96367 35 2464 3 89 5530 6 12510 38105 33 5
18941 249 341 459 503 500 708 700 704 782 183 45540 45540 45540 45540 45468 45540 45540 45540 45540 45540 62546 38158 50452 51604 62518 61243 33236 48445 59003 54982 37168 37168 42098 42820 40914 37931 39565 39515 40181 37931 38993 32590 52445 59133 34437 37264 34622 32418 35454 32565 17 20587 10 3 1870 71 26 43628 21 109 14 329 38105 79 4 47 35471 3 3235 8 3033 2770 7 9796 40056 1356 6219 1362 5
355 80 4524 46 5195 3323 4 80 873 6 817 48 58 341 2106 4 21 814 21 23 71 26 8 1435 902 58 44 7877 58 5
12502 23 2742 177 572 6 18465 46 12113 18580 2191 3 96367 31 2914 5
66 59 16 95 572 6 10024 10 21 3 1541 7 46 18580 463 6 95040 7 3 90 20587 133 21 5
949 377 3 1273 284 3348 4003 3 18580 4 3 5195 3323 16 2058 6 5269 10 1920 205 2543 6 40 2532 19 3 6868 7 3675 3 18580 22 40 209 36 5
527 4 54 6625 716 1920 2532 3619 10 9281 19 1906 12634 6457 4 3 2067 31 3696 6 331 1164 15 2501 96367 5
8992 4 1614 1920 2532 31 3205 21 166 21 1614 521 2532 5
18214 12634 6457 238 3915 103 4 5226 7 120 454 2279 27964 4 23 16 3 15055 152 6 532 29931 19 12634 6457 47 71 26 43628 21 9901 3 43209 96367 19 3 7545 1603 5
81 83 1299 4 3 284 47 16 6173 24 4416 8 798 2980 7 3 5530 30864 4 5276 29931 92 70 7 3 1186 96367 31 9696 976 7 3 2980 8 13071 92 57 7 91 16 34 5
49894 543 303777 622 7732 32542 992 16 9 2981 14484 7 3893 8 17509 4 47 16 2042 6 24457 746 23791 5
134 1146 9 32542 992 8 1073 3 27964 19 14843 6 189521 8 76136 35 3952 33 538 341 4438 10746 6 79117 9 1322 148 29132 8 55906 47 86 26 381 10 98586 708 5
40044 11924 8 6200 7 5195 18580 98586 708 5
40044 11924 8 6200 7 5195 18580 5
17 992 16 1816 3797 19 17509 1204 25 5606 72539 8 781 10 5606 11856 114 4659 16 21 9419 221 5
81 30110 4859 4 3 2029 14392 16 220 10 35 249 33 35 249 33 43639 19 8515 8 40380 4859 4 55906 7 3 30864 31 7154 24 35 3935 4 911 33 109 35 341 33 114 2464 3354 7 3 3893 10 9419 14 25947 5606 4 4 114 29132 6 3 5606 11856 10 9419 17509 4916 6 3 29132 10 3 9419 4659 25 72539 6 11856 8 8515 7 3 5606 766 7 3 2007 2770 13 27 45 6234 6 3 17509 31 3467 21 19 9 4599 8515 871 14 70 5
31440 6 3768 13571 114 16 3 230 871 14 3354 5606 4 3 5464 31 5146 6 3 3893 10 3 992 538 508 446326 35 459 33 53 35 459 33 332 46 397 4 70 7 3 5464 2442 19 290 5606 31 7154 4 3475 3 17509 31 3353 24 35 503 33 53 35 503 33 114 16 3 2854 4599 4 47 80 2118 21 14 46 5867 4 16 3768 2442 19 25947 5606 14 3 9419 5
8992 192 27964 31 3629 26366 400 10 678 6 4219 17509 14 3 40056 1356 6219 1362 10 20498 249 4 658 54 928 19 3 9796 2770 1356 6219 1362 1018 55906 14 70 11856 4 23 16 381 13 3 1622 8960 86 34 45 2203 19 248 20085 10104 4309 5
12502 3 5867 16 3629 19 1356 341 115998 6219 1362 54 1356 6219 1362 19 4 95 32 9796 40056 19 302 3893 16 78852 21 29132 285 3 230 8960 489 16 1049 5
238 3 129759 31 9490 4 17509 31 3353 285 129759 31 1505 22 3 397 7 14 1356 6219 1362 8 14 1356 341 115998 6219 1362 5
17 380 17509 31 220 10 928 4141 7 49894 543 25017 284 21 3 2279 2642 17509 5
543 303777 65179 186564 22190 42101 284 16 6008 9 32542 992 13 16 220 6 1000 4333 7410 4 954 8 3354 7410 4 1016 7 2059 18298 4 10 9 42101 284 35 189521 323 4 6760 33 5
81 1243 4 16 2239 220 14 91415 7410 21 166 21 10900 4 24 21025 9 197 7 22190 954 19 3206 4333 7410 35 31817 33 35 36277 4 4164 33 5
81 46 1381 80 220 21 9 421 270 284 5
238 10 49894 4 32 284 2179 19 928 8 14 46 8365 3 992 16 3559 19 503 29132 19 459 40330 4333 7410 19 249 3354 538 26366 129759 13214 24 7335 954 5
273 3 29132 7 3 40056 1356 6219 1362 10 20498 249 4 4333 7410 14 30864 31 9168 47 86 26 381 10 98586 700 5
435 928 4 3 9168 22190 42101 284 16 220 10 2279 4141 14 426 131439 5
29748 7410 7 98586 700 5
29748 7410 7 5
17 11612 7 290 9796 16 6173 21 19 2463 7 4333 4 658 4831 6 928 3 20587 31 5998 1406 65 1622 5
17 104 533 2932 86 26 43628 21 109 3235 14937 871 7 6127 31817 16 45468 14 38105 249 4 47 16 59 3 2654 2501 11861 5
15814 4 3033 14937 871 7 6127 31817 16 39565 14 38105 500 4 47 16 59 3 1391 2501 11861 5
17 458636 3559 19 3 2770 10 20498 249 4 59 3817 13 14 192 30864 4 230 2501 96367 31 272 8 799 3995 2118 24 5
349 3 8101 4 14 30864 341 8 782 4 230 96367 31 3175 525 7 799 8 272 458636 8 3847 10 6127 31817 642 4 658 19 1678 2770 5
170832 449563 543 303777 17173 32 170832 4591 1973 4 87 31 958 459 10746 14484 7 1426 4 1461 8 2412 4875 3475 9 50676 15 32 1973 86 26 3380 24 114 11856 16 3822 221 4 38 8 72539 16 3 827 7 3 12510 50676 4 7799 16 22690 4 8913 16 4801 7 3 1973 8 14 70 5
170832 449563 5533 16 4241 8557 7 3 39079 2770 14 290 9419 8 21826 7 91 10 9 13228 221 7 14481 5
4036 192 4008 109 10 73 4141 4 538 3 3205 40056 1356 6219 1362 10 20498 249 4 80 1406 3 8130 7 3 20085 10 98586 503 5
17 5018 80 2203 16 40372 2042 24 51706 35 1278 33 8 80 220 10 57 7 129 1381 35 535259 4 7560 33 14 95069 4355 21 166 5
423675 2179 25 2412 35 19838 2501 33 6 1426 35 5305 2501 33 6 2705 9053 11861 8 6 21658 177 312 893 10 9053 400 5
11079 4 3 5867 16 115 19 4591 10570 2042 10 20498 341 4 658 21 3915 103 4 3 20085 31 34 5185 13 3 3023 71 34 196 3 21043 6625 31660 97 3 5195 18580 29931 284 5
238 32 533 10861 4 3 6805 80 220 340 34 35471 6 122920 8130 7 415722 121 87 16 93 4314 1356 249 249 6494 1362 49 71152 1356 249 6494 249 1362 49 182963 1356 6494 249 249 1362 8130 10 129 22055 5
20498 341 5
2897 6288 4591 10570 5
17 689 867 10 423675 16 89387 3 14042 8085 6 4568 14 290 9575 871 5
1655 9575 3082 6494 6 9575 341 2106 4 14 290 50676 10 120 352 5530 4 3 170832 871 16 7154 19 35 500 33 35 700 33 53 35 500 33 35 708 33 35 700 33 273 46 5867 4 3 2842 642 8026 7 8 19 692 7 367847 31 14644 21 3177 109 35 704 33 35 782 33 35 183 33 35 407 33 6832 3 25927 7 4438 20085 35 704 33 35 407 33 8 543 15 5
35 500 33 35 700 33 4 20085 7 3 30864 5530 31 269029 4 3 170832 12113 20746 31 1146 8 3205 14 928 4 538 3 11861 2770 10 20498 249 5
273 290 794 4 3 170832 2233 4 47 86 26 381 10 20498 459 4 31 7545 14 928 19 3 6170 7 23094 98236 3918 126371 276 25487 5
20498 459 5
12266 197 14 170832 12113 18580 5
7187 6 928 4 57 48 3456 31660 16 25810 6 786 2233 76 170832 5
17 31660 893 2233 76 459 1687 1426 4 1461 8 2412 19 14481 290 5
23350 70 2770 31 48871 24 16619 148 6494 8 249 8 1435 3 170832 83735 31 89782 14 7146 3 32542 2642 5
6832 48871 83735 21 29132 4 32 49894 31660 16 1465 6 1649 3 992 4 14 28501 3 29931 2532 5
81 46 2124 4 21 32 2007 928 992 4 183 30864 9796 9419 8 57 4438 9419 441 503 30864 31 2203 19 2007 2770 7 17509 4916 6 3 29132 10 3 9419 4659 25 72539 6 11856 21 5
17 18139 4859 35 249 33 16 220 21 5606 3802 8 3 31660 21 928 31660 47 53300 3 3768 10 248 20085 10104 5
145 31660 16 2042 40372 24 545852 35 12360 33 8 3353 268 24 67610 35 9615 33 6 4855 108140 248 20085 544 125 23 16 59 40757 220 14 32542 992 928 21 3177 35 323 17877 4 2076 33 53 35 403 33 114 4520 16 3 40056 4 16 3 1432 3109 85612 8 16054 16 3 60401 916 7 5464 14 114580 43241 5
74487 31 7154 24 5806 7 20085 47 16 4939 21 109 35 698 33 114 9421 16 3 1291 7 5897 14 3280 5897 4 15441 16 3 1291 7 55906 14 2990 55906 8 114 16 230 3354 8 16 3 2755 5
81 1243 40056 16 2042 21 109 35 685 33 114 6517 16 3 676 221 7 17509 5
273 46 5867 4 80 125444 8 21 9 7 2106 5
31440 6 928 2124 70 17509 31 3353 8 3205 21 2059 40056 6 26 220 10 25622 16200 5
6459 4 3 2059 40056 16 59 3456 14 4018 850 992 6 13012 992 55906 14 928 197 5
12502 3 4416 8 798 2123 14 29931 31 4939 21 3177 109 8 54 699 3 4018 850 31660 5
98586 704 86 59 26 11737 21 3 30751 7 290 1973 449563 10 928 197 6 3 596 21 9 665 7 4018 850 31660 538 4859 5
9049 4 125 104 7 3 55906 1648 15 1625 4 2233 341 8 500 899 7139 8 92 13873 2211 25 20498 459 4 23 86 26 5054 13 1973 341 29 48 2412 8 1973 500 29 287 1426 39079 58 461 5
125183 992 55906 54 928 98586 704 5
125183 992 55906 54 928 5
1249 129 346 1364 16 3 3272 148 9053 96367 15 290 38105 7 3 18580 5195 4 2337 9 177 1906 18580 19 503 30864 16 2118 8 183 3524 19 125444 96367 31 3205 10 5813 1092 21 3 928 197 5
10526 4 1614 521 2532 31 3883 21 166 21 1614 29293 5
17 96367 7 3205 521 8 1920 2532 31 677 19 3 928 197 8 80 1049 6494 202 7 60004 8 21797 202 121 3 20587 14 290 38105 31 95 4330 5
435 6573 3 2532 19 1906 12634 6457 4 80 25810 49894 8 27964 6 960 131439 5
81 49894 5018 80 85544 3 5240 489 148 928 197 8 3 43655 7 3 197 5226 7 48015 1153 2842 3768 24656 5
349 3 83 881 4 80 220 18139 6 1649 3 992 14 29132 7 96367 5
81 2279 967 4 80 3439 61456 202 60004 8 6494 202 14 49894 4 6494 202 60004 8 500 202 14 25017 5
81 98586 782 4 521 8 1920 2532 86 26 381 19 3 532 871 7 50311 5
11391 7 49894 35 15 3 203 33 8 35 15 3 243 33 536044 98586 782 5
11391 7 49894 35 15 3 203 33 8 35 15 3 243 33 536044 5
238 381 10 98586 782 4 3 532 871 16 15486 8 86 26 853 49 5668 658 19720 36 665 10 337 7 8 60004 5
81 83 1299 4 1723 3 532 871 8 3847 17215 3 7716 12634 51 899 48 2177 14 10505 29293 21 166 21 10505 521 2532 5
12502 6098 3 19547 871 16 2409 121 10 329 267 1920 8 521 2532 27 13632 266 5
5583 80 7154 3 3628 3768 489 35 259990 33 47 2464 3 489 22 47 189 7012 8 9281 5464 31 3628 5
134 7154 3 116436 21 51854 202 14 49894 4 3921 202 14 65 80 5852 3 8864 397 7 3 5084 7 8 5
7219 4 24 457212 3 19221 20085 2867 3 30864 25 2412 6 1426 4 80 3205 3 269029 12113 6136 21 2233 5
6832 1426 4 1461 8 2412 449563 2770 21 29132 4 32 49894 18 9168 19 183 30864 9796 9419 8 57 503 30864 4438 9419 5
107327 7 3 992 31 3559 24 31660 10 170832 449563 5018 8 3 2770 8 31 7154 8 3475 192 2770 31 4939 21 4416 8 798 532 2770 5
81 98586 183 4 3 522 7 3 5867 86 26 381 114 521 2532 31 10 42645 8 1920 2532 31 10 21565 678 5
11391 170832 449563 29931 5018 98586 183 5
11391 170832 449563 29931 5018 5
238 3 665 7 3 5867 4 42165 202 60004 4 3921 202 8 8963 202 31 3439 47 31 3982 121 87 3 284 52491 97 3 2501 96367 34 3 9053 9149 5
349 3 83 881 23 16 34 95 7034 6 13012 259990 14 46 5018 100 105 12634 6457 4 121 19372 10 192 4309 5473 15 67 532 2770 5
1113 3 4416 8 798 532 2770 31 4216 24 3 31660 1010 4 23 149 16 537 6 7322 3 2980 14 333 28501 2532 5
17 522 31 6464 16672 121 80 1049 116436 7 51854 202 19 49894 4 3921 202 19 8 8963 202 19 170832 449563 5018 14 1614 521 8 1614 1920 2532 5
17 522 7 46 601 8 4279 2062 31 43628 10 20498 503 5
20498 503 5
75250 7 522 5
1356 37773 93 1362 41403 1356 202 1362 145 1381 49894 51854 3921 170832 449563 1635 49894 8963 554793 12283 3462 5
35 2076 33 40013 8 35 280 33 11856 8668 4338 5682 8 182438 35 4 33 49894 25494 5682 8 182438 35 4 33 49894 8 5682 35 359 33 40013 27150 267281 12283 3462 5
35 280 33 40013 124351 194955 302051 12283 3462 5
35 2560 33 40013 15669 12283 3462 5
35 2560 33 40013 45054 12283 3462 5
35 6833 33 40013 90812 8 35 2560 33 40013 129588 19619 12283 3462 5
35 2560 33 40013 548328 12283 3462 5
35 7560 33 40013 16529 23235 8 16530 35 7560 33 40013 35 7560 33 4893 535259 35 7560 33 170832 449563 1635 49894 183 4036 3 522 4 866 3 104 3863 5018 19 2654 10 129 601 5
349 3 83 881 3 522 7 49894 31660 86 26 6804 24 27396 3 992 2981 5
17 346 1884 148 8 170832 449563 5533 16 532 7 3 9053 9149 4 121 3 1625 7 170832 449563 16 457212 3 5530 30864 232 6 2501 96367 5226 7 9053 678 5
75455 4 80 1273 108 48975 42101 1443 14484 7 49894 4 8 170832 14 5195 20746 5
17 536044 290 27 7112 64431 8 162 21 523 2516 1443 13 64633 521 8 1920 2532 5
66 16 59 381 25 3 3174 845 13 104 7 3 536044 31 11245 543 4 3475 80 1379 3 21717 7 7732 7112 543 536044 13 1194 964 8 26736 10 59923 5
17 7112 536044 27 90 5238 9063 72 11245 2520 5
81 11245 536044 4 3 27964 31 15799 13 3 55906 31 43420 24 3 29132 276 2571 3 1506 4 658 10 49894 543 1443 3 2059 8 3847 3 27964 31 6633 8 5210 232 6 3 29132 8 55906 5
81 1243 4 21 3 312 13521 80 1273 4 13422 15 992 49 2854 6294 31 537 5
10526 3 1081 1506 16 34171 543 7 9796 3354 628 105 9 21339 115 1506 14 329 837 5195 18580 5
5583 3 532 2770 4 8960 2770 4 4333 7410 4 7661 3248 31 70 6633 13 86 26 9887 6 2769 333 49 48 10104 2520 5
17 170832 449563 303777 29 59 32 1653 6 12262 3 2760 1075 628 8 3 1646 10777 7 3 6356 13 19237 15 4 92 16277 5
527 4 57 7 3 4938 7 3 170832 449563 5533 16 14510 109 14 3099 4 170832 449563 7 1356 19966 14937 11348 64399 1362 9796 51 26 4120 8639 19 1356 11348 19966 64399 14937 1362 5
12502 3 522 36 34 337 92 3 30864 29936 19 40 11861 628 5
949 92 3 928 1986 86 26 1109 21 3 169 4938 4 121 23 738 22 248 183 29132 6 6899 4 46 16 958 3 4938 7 70 32542 992 543 536044 5
22012 9705 7 3 1443 4 3 31054 31 1254 6 3270 782 30864 22 104 3475 74 16018 16 5195 18580 1646 5
3668 44 48 533 16018 16 1292 7 48975 7453 103 4347 43209 5
238 426 601 2377 109 742 3 18580 1646 866 814 8 1906 13 80 4939 21 503 30864 4 23 658 86 26 2262 285 782 30864 5
17 32542 2642 8 3 4333 7410 10 31 20739 4831 6 4347 10024 10 8 816 216 6911 4 3475 23 16 537 6 6585 192 27964 13 36 26 60913 24 3 1408 2532 5
273 1355 313 4 3 17120 7 67 49 108 4309 86 26 25810 24 2172 9 84 42101 284 13 36 4697 3 55906 7 192 1443 8 371 3 380 421 5
17173 3 170832 449563 5018 80 1273 4 3 2571 7 3 38105 4591 86 59 26 25810 6 24457 2760 1075 5
1249 3 84 2020 2501 6136 31 24274 2760 8 110 13097 24 2760 7 3 6675 1016 7 775 4 23 16 4203 6 1297 3 29931 18193 7 3 2438 19 170832 4538 21 9 426 601 21 166 5