659 3447 10 298 2106 2651 391 200 4 291 383 3030 2832 893 10 678 6 474 7175 4 8547 8205 2873 4 89 4 8 900 5
145 542 36 5518 143 6 25450 3 89 8 900 1272 6 1605 4719 1943 6 523 797 1583 10 9 2484 1457 10 13246 4 1133 24 29404 3 3457 32 3802 383 1030 6 8149 1943 25 9 8818 6 9 197 7 523 797 1583 19 12510 796 5
17 2669 1101 7 46 542 16 825 6 13 7 3 17657 163267 23179 10 13 23 16 1804 21 9 338900 27708 565 5
17 7732 18843 11521 31660 16 3677 10 678 6 384 3 19547 3201 7 1943 19 3 3316 7 7601 9 2029 89 14 46 2787 24 7533 143 46 16 3677 10 9 325 2484 1457 5
11391 240 13 538 46 1217 142 26 10139 6 197 2029 400 10 3 3467 136 5
30796 2484 16 9 797 1264 13 16 110 3677 6 3664 329 386 1857 5
79 9878 1566 71 12042 2509 24 8547 4 10503 4 49 39170 6647 5690 35 23645 323 3437 4 1278 33 5
17593 71 26 170 4839 53 607 1767 14 32 5039 4 1943 1767 6 26 9490 4 2835 1767 14 3648 4 20125 4719 1943 4 6589 276 4939 89 1639 4 4703 5
17 2651 2129 7 391 1223 567 2484 291 6 535 436 14 4567 6599 6 1297 8 25450 40 6589 5
66 16 13750 14 291 6 948 55 6 1294 19 3 656 41154 8 7998 7204 10 678 6 816 2651 35 4 3578 33 5
1718 2106 1788 1871 4599 24818 25 40 1032 10 970 7 470 2055 8 7175 5
14607 144 12375 17164 6 132 650 4091 4 5226 7 143 396 4 49 552 1621 19380 5
364 7 3 629 2193 10 2484 2089 13 31 10 4599 3070 16 3 27708 7 3 650 3154 5
66 16 1109 13 3 3154 16 3 104 533 96734 7 9 797 284 35 23645 323 3437 4 1278 33 109 460 70 4091 31 4669 1752 76 3 3154 137 9 1457 47 1752 10076 3 569 7 3 1698 5
8616 4 23 16 1622 6 27 12251 6 11572 3 726 7 797 1715 19 3201 10 678 6 2769 4213 797 1443 5
11772 7 1943 3154 137 9 136 33426 8 76451 3 3154 7 4719 2873 76 797 1443 10 678 6 25450 884 5
185167 3154 569 770 29404 1308 797 569 5
34194 3154 142 26 4939 21 3 10032 8 4393 1627 7 1943 25 397 6219 6 397 12662 10 3 1519 797 284 427 76 1250 3 4213 231 7 904 8 470 2055 133 21 536 8 746 1714 35 23645 323 3437 4 1278 33 5
34194 3154 16 9 1812 650 10 3 797 284 8 71 34 26 30512 276 1330 5
17 27708 7 1943 3154 71 26 1303 61 10 3 1330 7 9 84 1457 49 10 32 1806 797 433 5
66 16 338 6 4722 10 523 692 4808 15 3 1698 5
273 3099 4 48480 3 3154 7 1943 663 25 3 8818 6 1678 1806 797 1583 4 297 83 692 7 3 136 114 250 26 30512 3 3154 7 1943 49 317 5
12502 4 92 23 16 1384 3 27708 7 1943 3154 25 9 8818 6 1087 797 1583 4 23 71 26 617 32 20621 7 46 565 19 3 17657 163267 23179 35 33 5
273 46 565 4 117 1296 27 12956 1678 4309 13 71 26 6401 21 883 5551 27964 49 88899 187739 44 14 46 2125 7 544 35 338900 27708 33 3 231 7 88899 187739 16 1109 9 4203 1217 6 384 5043 2506 10 9 4900 89 5
1192 10 338900 27708 544 543 15 88899 187739 27964 29 2347 4084 121 3 2661 5
931 27964 1741 26920 2506 10 395088 89 1016 7 5551 2506 47 1871 32 3638 46333 326 8 89 47 1484 16 16915 10 521 247 544 5
81 678 6 384 3 2104 7 3 4 9 528 2726 7 27964 27 45 3677 133 21 174871 1046 35 123504 4 35071 4 323 50530 4 3578 109 18404 4 4164 109 61443 243031 323 4 502 33 4 203349 255197 35 23907 323 4296 4 3495 109 3751 4 3401 109 323 4 280 33 4 34989 201601 35 5244 323 4 1095 109 20077 323 4 1095 109 228116 4 27176 4 323 388442 4 280 109 4 3935 4 323 502 109 144891 4 911 109 6639 4 256763 4 323 4 2076 33 4 8 147461 1442 27964 35 4193 323 70802 4 911 109 341573 4 4 323 4 2076 109 31019 323 4 280 109 34792 4 5707 4 3454 4 323 6794 4 2560 109 323 33727 4 2076 109 32867 4 20928 4 7914 4 323 22926 4 280 109 20024 4 1604 4 31231 4 323 494350 4 2560 109 306040 4 4 323 2076 109 15152 4 7277 4 323 13115 280 33 5
631 3 996 88899 187739 27 45 220 1940 8 3639 3677 6 3 4 49474 17953 11521 35 2616 33 31660 35 176 7 3 23763 1442 27964 33 16 9 4185 84 1217 47 18 2042 265 85 251 24 108109 35 744 33 5
355 23 18 3677 6 825 544 23 29 45 170 6 1657 3419 522 21 166 21 2790 46333 89 35 323 407322 4 2560 109 4 2076 109 32061 323 12825 4 2076 109 9048 4 45205 4 323 32867 4 2560 109 128279 4 12825 4 323 14721 4 2076 33 5
17 689 6905 7 46 542 16 46017 53 74 4 6 342 3 1943 3154 10 678 6 3434 9 2029 89 24 9375 3 49474 17953 30865 31660 121 3 1943 2690 3 8818 8 23 16 5146 6 290 797 517 5
145 16 1303 61 496 9 2484 1457 2852 10 17223 13246 4 24400 4 1133 5
3668 4 21 23 18 4216 996 4 34 97 84 3531 27 2061 616 44 59 84 27964 27 17975 5
8616 4 87 16 9 813 329 2484 1457 10 1133 144 1374 792 53 16 23 1622 6 353 6 3537 10 84 41154 4 8 34 97 10 2410 2484 3531 4 10 678 6 1297 7175 88
17 1647 6 46 813 16 9802 53 3227 5
966 291 180 3 131 31 1572 8 9375 4538 133 21 187739 4 658 46 2125 7 6599 1194 300 305 10 46 642 7 3 151 35 13246 4 1133 33 4 47 16 57 7 3 1325 2484 7400 10 3 151 5
66 16 533 6 3125 13 46 1031 35 13246 33 4 2464 575 202 7 3 3286 7 3 2484 7493 1031 10 1133 8 3 4197 2046 3320 282692 35 289692 1376 161926 60849 33 29 10 50 1564 51292 10349 21 320 10 523 692 4 46 628 6154 3 292 3238 7 46 642 35 4 590 33 5
12502 4 46 162 250 185 6 5441 13 23 16 89 6 15071 6 523 6599 58 3 3848 1603 6227 95 300 4 4108 10 3 386 2852 10 13246 4 24400 4 1133 5
145 1381 16 5146 21 3177 53 8941 341 6274 9 2941 3519 52 8 2616 543 15 206349 7 54012 5
8941 459 6274 32 9345 267 3677 6 9 2484 1457 10 17223 13246 1133 5
17 380 2124 1708 3 12510 7951 5
17657 22853 565 17 17657 22853 565 35 33 16 9 8176 338900 27708 565 8 9317 6 3 2125 328942 572 4 14 47 87 16 93 395088 89 31660 13 71 581 32 19547 2104 5
81 3 8176 4 3 6905 16 6 12042 3 676 5130 3457 25 9 885 15773 6 9 197 7 523 266 35 834 4 1705 4 18822 4 797 1583 4 4703 5
33 4 114 3 3457 148 266 8 15773 16 424 10 2379 5
3194 397 16 29093 1954 480 24 9 837 1366 47 29 9 1574 2168 72846 8 3 2779 7 290 397 14634 31 424 10 2379 5
45142 37863 16 5617 92 3 676 5806 7 3 397 2779 10 9 392 2515 15471 3 1366 2168 5
16816 4 1276 383 198 119 6 3 15773 6 6885 8 595 3 2515 5
98586 249 842 9 1906 45268 8593 7 3 8 9 537 2104 5
81 46 946 4 87 31 407 266 13 27 6 26 2448 480 109 87 31 459 4949 4 2515 249 19 500 266 4 2515 341 19 503 266 4 8 2515 459 19 341 266 5
163267 2104 14 98586 249 5
163267 2104 14 5
49474 18843 11521 31660 49474 18843 11521 35 2616 33 31660 16 32 27708 31660 543 15 3 7112 3074 7 13417 12940 1589 24 108109 10 744 35 744 33 5
81 3 2616 31660 4 3 11521 7 7732 12940 16 9935 7 108 600 7 12940 53 4723 4 59304 4 8 19191 12940 5
17 74 347 7 3 11521 9286 7 4723 12940 8 3 169 347 16 9935 7 18725 5
622 59304 18843 16 3 57 1767 10 3 2997 352 14 363 9 421 7 6098 9 514 1351 5
3194 514 1351 16 3380 24 32 4723 18843 5
2491 9 514 1351 16 9572 4 3 4723 8 59304 12940 343 19191 12940 5
18484 4 3 2616 31660 9286 7 108 1959 53 35 249 33 42087 3 4723 12940 76 3 514 1543 8 12752 40 43326 3318 35 341 33 86237 3 514 1543 24 3 59304 12940 54 3975 3 317 7 3 4723 12940 35 459 33 86237 3 19191 12940 8 2294 91 76 537 514 1543 151834 4 10 3 2616 31660 9 514 1351 42540 6 9 537 2104 7 32 27708 565 8 3 43326 1058 2464 3 6905 4859 7 3 2104 5
17 221 7 4723 12940 49 59304 12940 2464 3 221 7 2506 10 3 1193 35 48120 33 5
79 6951 2007 2104 16 4209 10 3 2616 31660 19 48120 2506 35 514 1543 2371 33 5
3194 2104 16 9 5547 61638 60401 94604 35 4114 3082 162236 4 4 2482 33 4 114 2482 16 3 221 7 27708 23394 10 3 565 5
17 1193 7 2506 16 1441 6 140746 12104 4 3298 3082 162236 4 4 4 7 3 1046 6589 7 3 4723 4 59304 4 8 19191 12940 5
79 84 2104 35 84 514 1351 33 16 4209 65 32 4723 49 59304 18843 5708 9 13422 10 3 498 514 827 35 498 2104 33 14 1913 9 84 514 1351 35 84 2104 33 5
208 3 43326 1058 35 6905 4859 871 33 7 3 84 514 1351 16 568 58 3 551 57 4 153 3 18843 264385 3 84 514 827 8 36694 3 767 57 5
2491 3 1046 650 2828 24 3 4723 12940 16 1681 4 43 432 3 43326 1058 8 827 7 3 514 1543 19 3 59304 12940 496 3 2997 352 5
17 59304 12940 153 8612 3 317 8 29408 9 514 1351 4808 15 9 13300 871 2442 19 13 514 1351 4 64943 4 47 16 43420 24 4 35 249 33 114 16 3 6905 871 7 3 2104 4114 12354 24 50 4723 18843 5
81 83 1299 4 23 16 3 43326 1058 7 3 514 1351 22 827 190760 48120 2464 3 221 7 514 1543 47 16 3628 6 3 221 7 4723 12940 35 5629 33 5
79 84 2104 16 1601 65 9 13652 10 3 498 2104 16 2828 5
8616 4 9 84 537 2104 16 4209 24 4 35 341 33 344236 114 11856 35 162236 4 4 5629 33 8 72539 35 162236 4 4 2482 33 31 14027 3112 11335 109 11856 1291 29 6 26 523 25 190760 344236 16 9 6951 221 148 1356 1362 5
355 9 514 1351 16 3561 24 3 4723 12940 4 46 16 2445 19 9 84 514 1351 14027 4209 24 3 22374 5
81 3 2616 31660 4 92 9 514 1351 827 71 34 26 2069 54 9 3601 221 7 12104 1013 2123 4 153 13 514 1351 16 3561 5
81 614 4 10 3 2616 31660 87 31 108 532 19393 220 53 3 221 7 514 1543 4 871 7 2123 4 8 3 3235 221 7 12104 5
49474 18843 11521 31660 14 3 1366 22853 565 145 2124 4853 3 1056 52 143 6 3001 9 2104 14 3 4 6905 4859 8557 4 8 2621 4262 14 3 10 970 7 3 2616 5
22026 8593 81 3 2616 31660 4 290 514 1351 35 537 2104 33 16 6740 76 9 2515 5
659 11009 4 4753 13 6517 266 31 6 26 2448 24 2990 1276 5
8616 4 9 2515 13 250 26 9 537 2104 6 3 565 16 1595 10 98586 341 92 6517 3082 183 8 2990 3082 249 5
81 46 2104 4 6494 2464 3 15773 109 12146 4 1366 249 2690 3 15773 8 7574 6 266 341 4 708 4 8 704 109 153 4 3 1366 383 462 6 3 15773 35 8500 13 1366 2168 16 9572 33 6 6885 8 153 3790 266 249 8 459 8 1287 119 6 3 15773 5
5583 4 3 1366 3790 266 503 4 500 4 700 4 782 4 8 183 10 13 7562 678 5
145 250 26 9 1026 2104 6 3 565 4 47 16 6 12042 676 5130 3457 4 8500 13 2168 37863 16 34 5617 5
22026 8593 98586 341 5
22026 8593 5
84812 4859 622 27708 565 16 381 21 9 1046 565 4 114 14937 2464 9 537 2104 6 3 565 4 47 16 496 3 1046 904 6219 4 14937 6219 5
355 23 624 6 3 4 3 1046 904 16 5973 92 97 23 16 1109 3 16079 642 65 464 6 384 3 282 1647 2151 187739 5
16816 4 23 16 1622 6 852 3 1046 10 883 3 16079 49 170932 642 35 22 248 9 15914 16 5617 33 5
81 46 267 4 9 2104 14937 16 170932 92 3 2168 37863 16 5617 5
12502 4 3 6905 4859 4 18365 35 14937 33 4 14 9 392 2104 14937 4 16 4 35 459 33 114 35 503 33 114 2464 3 5130 3457 25 397 72539 6 4114 4 8 92 3 2515 25 397 72539 6 4114 16 3112 5
273 9 392 2104 4 72846 35 14937 33 4 68806 3 676 5728 7 3 2168 37863 35 1936 2916 33 5
17 2168 37863 16 4 35 500 33 114 14634 2464 3 796 7 290 397 4 8 72846 3 498 2168 7 3 1366 5
17 85612 16 9 233391 96734 13 16 5607 10 290 43241 5
17 96734 16 5210 21 3177 53 92 3 221 7 2506 19 93 5728 7 3 2168 37863 16 1370 58 4 3 871 7 16 3868 24 249 1635 4 2631 4 23 16 27704 24 249 1635 4 114 16 9 1432 96734 5
25780 4262 79 2621 3802 16 3677 10 678 6 4498 9 13652 10 3 498 2104 5
2927 4 90 7 3 2621 4262 31 2888 5
79 48 3297 858 142 26 170 10 1356 704 1362 5
35 249 33 23333 10452 53 145 3802 14027 13220 67 2371 25 9 537 2104 4 4114 358571 72539 4 8 10452 3 2371 4114 8 72539 5
98586 459 842 32 946 4 4114 3082 341 4 72539 3082 183 23333 10452 98586 459 5
23333 10452 5
35 341 33 23333 10452 7 53 145 3802 16 32 4159 7 6951 10452 5
901 7 266 8 15773 31 3467 8 19730 5
17 4385 7 3 142 26 523 5
98586 503 842 32 19798 5
23333 10452 7 98586 503 5
23333 10452 7 5
35 459 33 66546 9 53 145 3802 29408 9 7 2458 834 8 15773 7 6951 4385 4 8 153 3 678 16 7591 5
98586 500 14103 32 946 5
66546 9 98586 500 5
66546 9 5
35 503 33 23333 10452 7 7591 53 145 3802 16 9 3109 7 67 4262 53 6951 10452 8 13084 9 5
901 7 266 8 15773 31 3112 8 19730 10 13084 678 5
98586 708 842 32 3099 5
23333 10452 7 7591 98586 708 5
23333 10452 7 7591 5
34194 3154 1330 33426 8 76451 797 1443 10 678 6 474 7175 8 1128 2509 5
145 2124 6274 9 267 10 9 2484 1457 2852 10 17223 13246 4 24400 4 1133 4 114 3 689 6905 16 6 25450 3 1943 3154 25 3 8818 6 3 523 797 1583 5
145 2484 136 16 1967 10 38308 729 5
17 711 16 4032 8 1131 2402 19 83 2046 10 3021 8 239 5
13166 6 9482 904 14 32 4227 84 1247 517 4 3 2033 39 6 337 3459 5
17 84 2089 17136 18 523 25 3 767 57 10 13 70 1247 1051 42 34 1109 9109 10 3 84 6214 5
12502 4 90 797 1583 42 34 1109 10 3 1330 7 3 1943 3154 137 3 1081 1457 5
8616 4 3 236 12932 6 342 3 4949 6 2127 3 4719 1943 6 3 523 797 1583 14 290 3802 10 886 7 46 2485 4 19 3 3316 7 29404 89 8 746 900 5
79 1029 565 46 136 1861 18 3 89 192 4262 220 6 159 6 252 119 6 3 8818 6 3030 3 161 2787 4165 5
238 9 665 4 9 2029 89 18 2203 14 290 3802 4795 1943 6 9 2190 221 7 797 1583 5
145 2124 7 46 1381 6274 9 837 267 25 3 342 6227 10 46 136 5
79 2665 3802 16 1109 4 2990 3082 249 4 8 183 797 1583 4 6517 3082 183 5
17 2779 31 392 10 3 20498 249 5
81 46 267 4 1943 16 62736 14 290 57 7 3 1583 4 8 3802 2168 72846 3082 409 5
17 14561 148 8818 8 1583 31 424 10 2379 5
98586 700 842 9 45268 8593 7 3 8818 8 797 1583 4 2016 6494 21 8818 5
20498 249 5
12271 7 290 797 517 5
6390 249 341 459 503 500 708 700 704 782 183 12271 700 500 503 708 700 708 500 503 459 459 20078 8 797 1583 98586 700 5
20078 8 797 1583 5
74373 20498 249 8 98586 700 4 3 813 20521 53 472 144 26 3 19547 2515 6 2127 3 4719 1943 6 290 57 7 3 797 1583 4 12404 3 796 6 290 57 4 276 7125 3 2168 37863 7 3 3802 88
2616 29 90 9063 72 83 88899 191244 27964 10 970 7 1746 109 23 29 2121 532 19393 4 8 23 29 2436 6 110 4213 10 544 133 21 3 1273 10 46 1381 35 323 407322 4 2560 109 4 2076 109 32061 323 12825 4 2076 109 9048 12283 32330 4 2560 109 128279 12283 32330 4 2076 33 5
766 8365 42 2828 15 9 1828 26540 2669 50773 4 8 3 88899 191244 31660 18 30557 10 17177 5
17 19393 7 3 2616 31660 31 2209 161 4 30865 1646 3082 716 122169 12940 3082 302 59304 12940 3082 302 44692 14 19191 3082 302 37642 221 7 12104 147 336 3082 2667 11292 7 1002 3082 302 3082 6909 3082 69246 25780 3802 3082 23333 10452 7 7591 17 1959 7 3 2616 31660 31 43628 21 3177 4 35 249 33 206671 3855 9 197 7 537 2506 94604 4 4114 3082 249 4 4 4723 12940 35 341 33 139052 6905 4859 18365 35 94604 33 7 290 57 7 3 537 2506 35 459 33 11686 102017 3082 249 8 43318 14 3082 6494 35 503 33 41701 35 9 33 273 290 537 2104 35 4114 33 46974 2621 3802 15 94604 6 3855 35 25547 33 139052 6905 4859 35 31883 33 208 4 153 2323 94604 19 8 43318 14 3082 6494 4 1248 43318 14 3082 43318 14 1635 249 35 8862 33 273 290 59304 35 4114 33 13088 282 498 2104 24 538 446326 35 249 33 35 25547 33 46974 2621 3802 15 6 3855 35 31883 33 139052 6905 4859 35 40378 33 208 4 153 2323 19 8 3082 6494 4 1248 43318 14 3082 43318 14 1635 249 35 8258 33 273 290 2104 35 4114 33 208 43318 14 3082 43318 4 153 2323 94604 19 9 14027 4209 2104 35 5547 33 102017 3082 102017 1635 249 35 500 33 4248 102017 3082 5736 11292 7 12104 81 678 6 8612 3 7362 7 3 447 4 46 18 336 302 400 14 2667 61652 5
145 16 34 2029 1407 10 3 386 114 2025 8 5050 2506 31 1622 4 658 4 3 4701 18 6 27241 3 447 8 255 23 10 1407 5
98586 704 842 3 3331 7 3 282 6905 4859 871 14 3 282 336 5
3487 6905 4859 336 98586 704 5
3487 6905 4859 336 5
98586 782 14103 3 282 2515 170 24 3 2616 31660 5
8616 4 3 19547 2515 16 53 6494 500 6494 708 341 459 6494 704 183 782 700 6494 503 249 6494 19 32 6905 4859 871 7 3877 5
3487 2515 170 24 2616 98586 782 5
3487 2515 170 24 2616 5
1210 19 522 4 3 676 5130 3457 144 26 3877 5
12502 4 23 16 1384 3 2029 89 10 1356 249 1362 4 47 23809 13 1141 249 13063 6 1964 3877 35 459 707 147 1390 33 4 3 2029 89 6 1964 3877 144 26 2429 708 13063 5
66 16 304 9 9903 7 183 202 109 3847 4 23 16 2203 9 2029 89 7 700 13063 2429 14 2528 5
1302 593 4 46 89 383 26 304 6 83 2029 400 133 21 3 1603 14 4906 8 4795 1943 4 47 142 26 2093 7154 24 682 9 89 542 49 24 538 9 125444 89 2029 284 5
8802 291 383 12375 17164 14 650 3070 5226 7 3 6269 6 2384 9 2651 1653 10 298 2106 131 242
17 3644 7 46 1381 18 6 240 143 32 2673 7 3 8176 86 26 3677 6 581 133 32 1653 24 7601 9 2029 89 14 4795 4719 1943 25 9 8818 6 1678 797 1583 5
145 867 18 6227 10 9 2484 1457 2852 10 17223 13246 4 1133 5
999 3639 7601 2029 400 4 3 231 7 746 455 18 220 10 32 19547 4230 5
85519 7533 3 1943 3154 4 57 71 2258 34 97 65 32 3802 144 26 119 22 3 8818 14 3 161 2787 4165 44 59 3 2190 221 7 2849 1272 5
332 46 397 4 9 2515 71 26 2118 14 2280 7 4719 1943 5
631 46 2515 142 34 26 3 19547 2104 10 970 7 3 5130 3457 23 3395 21 9 1204 397 14 1572 9 9878 1566 24 27708 7 3 1943 3154 5
10526 4 46 1381 842 143 2484 2046 10 13246 4 1133 27 2504 6 5507 4538 21 187739 10 40 1443 19 3 3316 7 3096 7175 5
66 16 3456 6 11009 13 192 4538 144 34 6357 3 498 4309 92 43 31 418 3577 5
81 4774 4 23 16 533 6 422 10 1475 10 13 87 31 6695 6645 6 3 498 4309 220 47 86 581 853 1497 6 3 2484 1031 10 1133 5