81 46 162 4 9 5018 6 6298 2233 543 15 9 84 7732 247 1506 16 2209 5
17 1506 16 3581 15 3 3074 7 9 107193 27723 4 65 46 27723 16 10 9 1087 1566 8 29408 50 514 5
145 27723 8457 137 3 1973 4 13896 3 48 6943 514 8 3166 1172 7 23 10 290 43241 5
17 2785 13 3 27723 8457 137 10 3 1973 16 4939 24 9 139061 2505 52 3 1566 8 143 23 144 398 10 23 5
2569 4 80 18213 3 532 8 7059 3710 7 3 27723 4 21 166 21 3 20260 7 50 1945 8 1896 15 3 1566 5
659 5441 3 3961 7 129 5018 11427 8 44895 522 7 3 21443 7 12643 8 521 2233 19 799 2906 8 523 926 7 5266 31 2209 5
181753 522 3413 3 1175 7 3 84 7732 247 1506 14 3096 3 2906 7 3 6034 10 3 9796 2233 5
17 3310 4 7084 8 25487 650 7 3 2233 71 1305 91 4 363 23 841 4 14 946 4 6 10680 8 10775 317 7 3 3380 6034 5
21755 21443 4538 27 45 1589 6 16320 3 1102 7 46 1305 5
931 4538 3316 6 1297 3 1277 7 3 2233 8 3 2906 148 3 3380 6034 4 10407 40 104 964 2000 8 3096 3 6372 7059 7 4279 2000 5
7219 4 43 852 3 2233 6 26 3380 48 12362 14 454 2376 24 46333 4309 5
187 31 117 2193 13 71 4569 6 3 637 7 2906 4 133 21 637 7 1101 4 5266 1892 4 49067 4 13150 8 9482 40198 7 3 1566 154 3 1973 3310 650 35 56289 4 18409 4 323 7277 4 590 33 5
17 21443 7 32223 2233 71 26 2069 538 523 4538 13 71 26 3868 76 4538 543 15 39177 9962 4 3 1603 13 16201 1752 3 39079 10 3 2751 1973 4 8 3 4538 543 15 3 10291 9962 4 13 162 19 3 1973 10291 317 4 2239 3455 24 166754 8 352343 28792 35 4 46414 4 323 19118 4 1095 109 4 7944 4 323 4 502 33 5
17 1973 21443 4538 3677 15 3 39177 9962 31 1940 220 8 690 6 16201 1752 3 1973 39079 4 4149 46333 884 15 192 39079 543 15 40 2770 5
273 946 4 2016 32 1973 10 8248 2430 4 114 3 121026 71 27 2770 25 6494 35 4568 33 6 27622 4 80 10158 13 3 121026 7 3 1494 1973 231 97 9 1842 1079 7 192 2770 5
458 4 3 21443 4309 15 3 39177 9962 690 6 35403 3 121026 10 9 152 13 43 71 231 9 3528 1079 7 2770 4 3096 3 7059 7 3 523 6034 10 3 1973 5
520 7 3 1510 4538 3677 15 3 39177 9962 31 543 10 3 449563 164835 4 40937 4 210979 21443 4 2842 11409 21443 8 149091 21443 35 6355 323 2149 4 502 33 5
17 21443 10 3 10291 9962 29 50 4538 543 15 3 431860 110626 8 71 26 11737 21 32 21443 4159 10 3 39177 9962 4 19 50 884 3677 6 3 1973 26831 4 1618 3455 24 3 2673 7 9 7532 4 21 3 166754 67565 5
435 3 26831 13521 4 32 43655 7532 16 3677 95 13 3 1973 71 26 3380 369 10 3 39177 9962 5
145 843 7 21443 5018 16 2239 3455 137 20973 4538 4 21 3 272 1042 13720 35 6355 323 2149 4 502 33 5
8561 2062 27 45 10309 2520 543 15 7732 247 6 650 8090 7 3 46333 1973 5447 8 2376 9863 1783 522 5
34417 539 2032 87930 10 12190 16653 2233 35 204939 4 55356 4 4 4 323 32242 4 359 109 29523 4 6794 4 323 25279 4 274 109 54011 4 4 70100 4 323 495733 4 1422 109 33727 4 50377 4 29523 4 12283 32330 4 2076 109 33727 4 50377 4 3198 4 12283 32330 4 2076 33 4 8 2000 21946 8 19372 25 784 2233 35 88166 323 140073 4 6833 33 5
17 231 7 192 7732 247 2520 4 333 424 10 46333 1973 5447 4 3804 6 132 9 494527 882 1506 1252 19 9 17417 2032 3682 7 363 1866 10 1046 7 3 282 522 10 3 87930 650 5
17 6905 7 46 1381 16 6 1379 9 84 5018 543 15 7732 247 6 1973 21443 543 15 3 17241 7 32 27723 4 10 1654 4 50 532 8 7059 3710 5
349 3 8101 7 96 16 1029 10 1973 87930 6589 538 7732 247 2520 4 129 1506 16 34 3581 10 3 27723 2106 3157 4 13 16 4 3 34193 7 3 27723 2106 636 4 44 10 50 3074 65 23 16 2852 10 9 1087 1566 8 12134 3 514 3394 650 5
473 3 1273 21443 5018 4 23 16 2161 6 6298 2233 19 799 2906 8 2233 1768 24 5266 7924 4 10407 3 32966 148 2209 6034 4 8 22 3 216 89 7138 14426 3 5266 13 6654 3 1494 1973 1277 5
17 522 7 3 1273 21443 5018 538 3 1589 1506 852 286 6 7336 13 46 5018 16 3982 4 110 3682 7 7671 3096 3 6372 7059 8 3 1277 7 3 1768 2233 5
1471 4413 7 46 162 16 3 62744 21717 7 7732 247 2520 21 21443 1973 4538 5
145 1381 16 4393 21 3177 53 10 3 161 2124 4 9 1165 52 1806 7732 247 2520 16 2209 5
81 8941 459 4 3 1273 1506 16 962 5
33962 522 31 2209 8 2994 10 8941 503 4 508 3 3455 7951 8 5772 14 426 162 5
17 2062 1547 19 46333 1973 5447 8 2376 690 6 1800 4309 3682 7 19680 1812 2233 19 523 2000 4 10 32 4213 4 5394 8 5314 152 5
19850 46333 4309 6 523 8090 71 26 170 10 3 6854 4 133 21 14 5266 6381 35 28044 4 25279 4 323 7277 4 2076 109 7744 4 3454 4 323 58269 4 590 109 10141 4 29929 4 10141 4 323 9048 4 33 4 21443 35 24087 323 23551 4 1515 109 24087 4 40161 4 323 9048 4 1095 109 16530 323 108813 4 7560 109 36260 4 19366 4 14879 4 323 7744 4 2560 33 4 87930 35 9413 4 10280 4 239180 5670 4 323 40689 4 590 109 15764 4 65922 4 4 73406 4 323 4 744 109 40161 12283 32330 4 1095 33 4 5479 35 20492 323 4 2560 109 149244 323 40689 4 280 33 4 5813 35 47529 4 232079 4 323 40689 4 590 109 47529 4 28468 4 12035 4 323 40689 4 2076 33 8 4355 35 24713 4 295088 4 1376 18124 4 323 40689 4 2560 33 5
6459 3 5471 8090 13 71 26 115 24 192 4309 4 117 4538 27 45 220 4 21 34989 201601 35 25151 4 97574 4 4 323 84615 4 590 109 6794 323 20024 4 2076 109 19174 4 2552 8 27308 4 744 33 4 49474 133951 9861 35 25747 4 4 323 4 1422 109 4 4 323 415232 88081 4 2076 33 4 23120 237999 35 527981 323 18443 4 590 109 9413 4 40689 4 10280 4 323 42174 4 590 33 4 12261 16362 35 24290 4 38851 4 13231 4 323 4 744 109 1358 4 4 4 323 4 274 33 4 2520 543 15 26914 42584 8 31276 3893 35 40030 323 47153 4 590 109 15152 4 20024 4 323 6794 4 590 33 5
79 601 857 543 15 7732 247 29 2061 10 3 1416 12832 352 14 17241 11934 3074 8 3 6942 7 2046 8 2226 35 2552 323 16530 4 502 33 5
145 777 352 29 59 3192 3 1625 14 84 42211 10 46333 1973 5447 8 2376 35 204939 12283 32330 4 359 109 29523 12283 32330 4 274 109 329155 4 2076 109 54011 12283 32330 4 1422 109 4 52200 4 323 4 6833 109 33727 4 50377 4 29523 4 12283 32330 4 2076 109 33727 4 50377 4 3198 4 12283 32330 4 2076 33 4 8440 3 4309 226 1973 5447 4309 543 15 7732 247 2520 5
17 7732 247 2520 1213 3 5471 7207 6589 13 26077 3 638 2502 10 3 1186 6 4417 3 544 170 10 3 1973 5447 4 133 21 3 10119 7 3 3380 6034 8 799 2906 148 91 8 3 939 7 3 3380 1279 5
17 1045 7 3 7732 2520 220 10 46 352 2780 4538 543 10 2215 8 93880 4860 4 7412 6 132 3 220 494527 2520 35 9413 4 40689 4 12283 32330 4 590 33 48 6633 8 3682 7 4149 9 333 1973 12732 4 538 9 139061 2505 7 3 352 2442 19 3 2233 4 8 15826 333 3 2621 7 3 2374 1506 220 6 532 3 93841 10 9 48 6607 8 5394 152 5
9831 32 20621 19 3 7732 247 1443 4 3 34193 7 3 494527 1506 16 2239 1109 21 110 32 27723 35 9 20534 33 4 13 4063 2571 232 6 3 558 9 139061 2505 4 2442 19 3 317 13 50 240544 9452 462 125 3 27723 893 50 3157 8 2503 137 3 1973 35 49 1566 33 5
1504 110 3 104 1029 21717 7 3 7732 2520 10 1973 5447 4 87 31 117 7207 6589 13 71 26 220 21 1625 14 3 216 2520 4 133 21 875 4 1375 3394 4 6942 4 98517 8 2854 35 2552 323 16530 4 502 109 54011 12283 32330 4 1422 33 5
1471 533 492 16 13 3 2520 543 15 7732 2578 247 31 48 4279 6 3 1973 5447 4538 4 106 43 1379 1898 19 5761 8 240544 9452 4 8 2638 9 2032 19 2854 35 11797 284 33 4 7059 8 14408 3710 35 329155 4 2076 109 54011 12283 32330 4 1422 33 5
17 5761 1055 25927 3 14837 1945 6 3030 2190 1945 4 21 98517 8 3 532 7 3 240544 1055 5
145 73 57 16 220 95 13 3 7732 27723 35168 317 52 96 2659 180 23 8 7703 46 317 6 3 11797 1055 4 47 16 201 6 1865 47 1945 383 26 2828 6 4498 282 522 232 6 290 983 5
17 7059 1055 16 3 176 7 3 2032 13 2228 3 27723 6 27 50 10363 3559 4 110 3192 24 12251 13 852 23 6 5603 8 1445 240544 317 52 3 1566 13 18854 23 5
145 3074 16 4116 6 18386 3 13613 13 4722 154 3 5447 4 121 3 1570 1945 71 27 964 893 10 3 1566 5
17 2854 1055 2228 3 1570 6 1849 143 6 532 70 30 9452 8 30 3074 137 1407 5
17 14408 1055 29 3 17125 19 3 1945 13 3 1570 383 3030 4 2016 40 7059 5
273 3 3465 7 32 7732 247 1506 4 3 162 8090 20064 1595 10 98586 249 16 1618 979 5
35820 1618 3322 6 1000 32 7732 247 1506 35 9888 25 98586 249 5
35820 1618 3322 6 1000 32 7732 247 1506 35 9888 25 35 495733 4 2391 33 33 5
74373 3 20064 10 98586 249 4 25 50425 4 87 16 3 27723 2106 31479 17241 10 50 1084 5
81 46 9419 4 3 27723 2106 2125 16 4939 4 21 166 21 50 2109 8 31479 100023 5
81 3 169 9419 4 87 16 3 2215 17241 114 3 112859 4860 31 18213 14 20260 8 7566 7 3 7207 17363 4 133 21 9475 5
17 161 9419 20178 3 5761 532 17125 4 47 31 1479 14 18358 3 5693 129876 6 852 3 98517 5690 5
81 3 740 9419 4 87 16 3 3074 8 7059 17241 4 19 32 533 176 4 14 946 4 10 19841 8 22173 148 8681 5
157 15 3 260 7 3 20064 4 3 11797 9419 4 47 16 1479 14 6573 3 3564 2505 24 3 27723 154 3 2854 650 4 21 166 21 3 1330 7 3 1945 6 26 2828 19 90 653 7 1442 5
17 46333 1973 5447 543 15 7732 247 2520 2527 32 20621 148 7207 6589 25 1087 18335 8 3 13228 884 6 112 15 3 2233 110 9490 5
364 7 3 8808 7 192 2520 16 6 37782 3 3677 46333 4309 4 363 91 48 5394 4 4213 8 11356 6 293 19 3 1806 10887 10 3 694 1973 197 5
17 18335 220 10 3 2520 27 2000 13 5768 10407 53 43 31 35063 19 9 2543 2505 52 90 2000 7 3 1566 4 13563 25 3 1279 4 10 47 43 31 170 109 43 27 10363 13 3270 10 363 1866 52 3 1945 6 26 2828 154 5447 109 43 27 9 197 7 129876 13 10 3320 19 9 2505 284 4 2228 3 27723 6 8744 6 3 1566 232 6 3 3883 628 25 3 10363 5
520 2520 543 15 7732 247 4 133 21 3 1603 543 15 20534 4 226 494527 18335 4 27 45 3639 220 10 3 1973 87930 109 21 10 4 14 946 4 35 204939 12283 32330 4 359 109 54011 12283 32330 4 1422 109 33727 12283 32330 4 33 5
14689 192 2520 27 32 20621 6 20049 4 2016 40 485 6928 8 40 4831 2033 6 93841 5
8616 4 290 27723 29 9 15603 4939 6 4301 50 2007 3157 5
355 3 27723 16 1942 10 32 1973 4 23 2179 9 1046 14 9 14479 642 19 3 34193 7 50 15603 8 19 3 9 139061 2505 13 23 29 52 3 9796 1279 5
355 9 14479 5811 16 170 4 9 197 7 10363 8 129876 353 6 162 4 176315 3 20534 2106 15603 12713 46 15603 10 678 6 1816 76084 3 5811 2106 642 10 3 9796 1973 5
1113 46 5533 7 7732 1442 29 45 1773 220 14 1973 87930 19 7671 1028 4 23 29 34 45 95 1029 14 1973 21443 5
16816 4 80 2975 23 231 6 6298 3 2906 7 2233 24 8669 9 84 7732 247 1506 5
17 3322 1506 16 34 543 15 20621 19 3 27723 2106 636 3157 4 44 15 3 3074 7 9 107193 27723 65 23 16 10 9 2190 1566 8 12134 3 650 7 3394 7 50 514 5
17 27723 2106 636 3157 18 34 1109 10 46 1217 106 96 2768 322 16 3 1102 13 3 3074 7 46 27723 5708 10 3 1566 4 8 3 3157 7 50 636 29 93 1821 1951 15 3 884 1109 10 46 162 5
81 98586 341 4 87 16 3 3154 45546 7 3 1273 5018 4 19 3 1959 7 3 5018 962 10 3856 10 3 508 7268 5
31022 45546 7 3 1273 1973 21443 5018 98586 341 5
31022 45546 7 3 1273 1973 21443 5018 5
15060 6652 17 799 2906 2233 565 71 26 1842 538 46333 4309 14 1973 21443 4 363 3 1884 148 523 6034 48 6804 4 1749 286 6 4498 333 522 10 3 268 4290 7 1973 5447 8 2376 4 133 21 87930 8 2000 21946 5
17173 9 142929 1973 4 23 16 13228 13 3 39079 19 799 8 272 121026 31 3380 95 13 40 121026 31 21 9022 21 537 5
6297 15 46 5131 4 9 206 21443 5018 10 3 39177 9962 16 3 57 488 6 10158 70 39079 7 32 1494 1973 4 8 109537 40 121026 427 76 1250 3 4338 95 13 3 7665 3272 148 3 39079 7880 6 4863 8 9022 3248 16 853 5
8616 4 3 1506 543 15 7732 247 220 10 3 1273 1973 21443 5018 18 3581 24 3 3074 7 3 102276 18335 65 43 31 10 9 2190 1566 8 3030 3 3394 650 7 50 514 5
659 46 194 4 23 18 1109 9 1375 29700 21 1566 5
931 14048 27 3619 25 3 9892 13 125 7146 15 9 1375 29700 4 192 18335 132 9 3394 7 3 514 4 1994 9 3008 678 7 3 514 6 26 10194 74 5
208 80 1384 32 352 9935 24 9 837 2125 7 514 19 523 13491 4 87 16 9 9980 13 3 1731 514 36 26 10194 74 5
14689 46 2659 106 3 1731 1172 31 30813 8 48 27128 58 3 2185 1603 5
10526 4 3 27723 16 34 3601 10 9 837 397 285 23 16661 70 7 3 514 558 87 5
81 614 4 23 16 535 1324 10 3 1566 125 7146 1010 4 7737 24 50 11797 284 538 3 317 3883 52 3 514 180 23 5
8616 4 3 1884 148 3 396 8 334 4992 1379 10 9 392 1566 7952 6 343 48 7587 4 22 3 216 152 21 23 16 13228 10 3 1973 21443 1315 5
81 3 1148 1506 4 3 27723 2503 15 3 1973 285 9 8515 14 3 4801 7 3 514 16 1049 5
84630 3 532 1055 17 532 1055 29 45 18213 25 3 1627 884 7 3 27723 4 8 9704 3 4801 7 3 514 21 9 665 7 3 3166 650 2828 24 27723 5
901 532 884 31 4939 10 46 1092 53 1324 8 2790 3 4801 35 2681 33 5
17 1627 9286 10 1324 3 27723 25 57 397 6 184 57 15 3 1973 4 7138 2674 137 3 216 397 48 58 57 89 22 3 216 43241 5
81 290 43241 4 70 39079 7 3 1973 31 2448 8 40 121026 31 99065 5
659 24457 143 3 27723 12896 4 3 7665 7 290 397 16 1842 24 2016 3 508 7417 53 1618 3 27723 16661 9 1023 7 514 13 16 10 3 642 114 23 16 4 44 23 340 34 535 2681 70 3 514 22 3 216 89 109 3 1731 4992 31 35796 8 48 27128 4 8 43 27 3008 6 26 8353 5
931 7417 31 176 7 3 9 139061 2505 197 13 3 27723 29 52 40 1945 8 3 1566 5
458 4 2016 9 325 2376 15 3 1973 4 3 1731 50 498 871 4 3 2185 3 2807 7 3 7665 871 7 290 50676 109 11771 4 10 9 177 3830 50676 9 396 2807 8887 125 10 14831 39079 9 1370 2807 4 10 5084 6 50 1646 4 16 2828 10 290 43241 5
659 1506 46 3074 4 80 3322 3 508 11397 4859 53 35 249 33 114 14937 3082 6494 4 249 4 4 27622 16 3 537 7665 2770 14 39079 10 3 704 8675 2233 4 8 11856 16 9 1432 4599 220 6 532 143 146 7 3 514 4801 144 26 1842 22 290 43241 5
17 568 3 871 7 11856 4 3 3254 3 514 16 1842 8 287 89 16 702 6 1018 3 737 38020 5
527 4 177 272 2770 14 11856 899 825 3248 6 11948 1003 4 8 9022 6034 142 26 10794 1353 5
349 3 83 881 4 92 50 871 16 215 799 4 3 561 7 3 514 71 26 1370 58 3 1058 13 16 10194 4 95 3 523 6034 3380 10 3 1973 71 26 1353 6 3 1973 34604 5
238 3 121026 7 3 39079 10 3 9796 2233 1079 25 6494 6 27622 4 11856 18 4939 21 3628 6 3 3235 537 871 4 11771 4 11856 3082 27622 5
238 133 4 92 3 7665 7 9 50676 16 6494 35 4568 33 4 3 2807 16 59 6494 35 4568 33 4 44 92 3 7665 16 249 35 57 33 4 153 3 2807 16 460 3628 6 3 676 4801 2442 6 3 50676 5
145 3074 16 3629 14 70 39079 19 799 7665 4 8 14 39079 19 272 2770 4 3 2807 16 1731 5
66 144 26 1744 13 4 10 3 2233 1109 10 46 162 4 3 39079 7880 6 3 3248 7 518 31 460 760 5
273 46 1033 4 23 18 1109 13 3 282 514 35 11771 4 3 21111 39079 33 29 3 3235 537 4801 4 47 18 93198 1109 21 3628 6 183 202 7 3 3235 558 4801 5
17 4859 7 446326 35 249 33 12244 9 11963 47 842 9 48 964 637 14 3 39079 19 1731 7665 4 125 138 19 2185 121026 31 287 1768 4 98586 459 5
8616 4 3 21111 39079 3130 6 59043 3254 58 3 9561 1603 4 1723 3 1884 148 91 8 4 24658 4 3096 3 21443 7 3 1973 2442 352 5
231105 14 7665 2807 4859 14 98586 459 5
231105 14 7665 2807 4859 14 11856 3082 27622 5
84630 3 7059 1055 17 7059 1055 18 18213 232 6 3 139061 2505 7 3 27723 2106 3074 4 2016 3 317 52 3 2621 3564 24 3 27723 5
17 7059 1055 36 1333 3348 6 1271 3 4801 317 7 3 4863 266 7 3 27723 109 11771 4 3 7665 653 4 8 47 266 27 45 2448 10 9 392 43241 5
145 317 16 533 6 2401 3 152 14 3 27723 6 198 5
659 2258 143 6 398 10 3 1566 4 70 704 35 583 33 39079 4863 3 50676 5425 24 3 27723 31 2448 4 8 22 3 216 89 13 3 7665 7 3 2448 50676 16 1842 4 3 27723 1705 3 25927 7 3 50676 19 1731 7665 4 47 16 304 6 50 2785 22 3 194 7 3 598 6 3 4863 39079 5
81 1243 4 3 2448 39079 31 2824 21 2448 4 110 531 14 454 3790 54 3 194 7 3 498 43241 5
145 1315 2228 3 27723 6 1964 10 9 8820 152 10 3 1973 4 508 3 14831 3248 5
527 4 23 142 1636 13 3 27723 16 5325 10 9 50676 446 70 3 4338 27 277 45 2448 5
81 46 267 4 3 27723 4263 61 9 1046 14 3 8668 50676 13 29 34 483 45 2448 8 1755 5447 5
145 1046 14 3 8668 50676 14264 13 70 39079 15 3 1973 31 2448 4 8 27 40 2770 3353 22 290 43241 5
50364 7 3 27723 2106 1945 10 3 1566 17 27723 2528 650 10 3 1566 508 3 266 19 282 514 12244 9 5369 1102 4 47 16 3 1305 6 3 2185 4992 154 3 1627 650 4 121 3 27723 2503 72 91 5
145 1102 16 146 1029 106 3 334 4992 31 287 6633 8 31 3684 1961 65 43 31 5846 4 8 3 1961 1172 31 1618 14386 106 65 514 16 2751 4 23 8511 50 320356 7453 4 8 23 36 3262 26 8353 24 3 27723 5
1471 2794 1102 13 2659 19 3 3322 1506 16 9 8867 7 3 89 13 3 27723 738 6 2681 70 3 514 558 5
1716 3 1109 912 10 3 220 20621 4 117 222 31 1618 666 14 46 650 6 26 2828 5
458 4 21 3 514 16 9 1375 31919 4 3 3077 34 483 1816 10194 3130 6 1995 21 89 1287 24 5
527 4 177 334 4992 8 141 138 396 1603 3130 6 26 1961 623 58 1995 4 8 3 272 1603 1012 463 6 40 799 6928 4 21 277 1321 2921 4 8 3 396 1603 112 215 106 43 31 448 8 27 799 4484 5
8616 4 97 138 4992 19 1559 4801 1618 1995 2875 5
458 6 24457 192 1896 3 4859 7 446326 35 341 33 18 3322 4 106 46 57 2464 32 37825 11963 4 4680 25 3 26920 1079 7 1356 4 1362 4 114 8 7857 6 3 197 7 521 1051 4 21 71 26 381 25 3 11963 7 98586 503 5
81 13 11963 4 3 2770 8 31 3 8855 8 3 603 2770 486 3 11348 22723 4 3995 5
145 11963 2228 3 773 7 32 26920 20260 7 3 25000 884 7 3 334 8 396 4992 8 3 561 7 3 23449 4992 232 6 3 593 7 89 53 35 341 33 231105 7 514 2106 4801 637 463 6 3 22609 1022 24 3 27723 8 98586 503 5
231105 7 514 2106 4801 637 463 6 3 22609 1022 24 3 27723 8 514 2106 272 1811 463 6 3 875 7 3 514 72 89 5
49510 38020 81 3 6227 5018 4 80 873 6 11032 32 6062 5964 38020 543 15 9 8515 4939 25 3 4801 7 3 514 1379 10 3 1566 5
273 46 3644 4 125 3 27723 2503 10 3 1566 4 3 13491 7 3 4992 31 19413 8 677 19 3 5806 7 3 13491 10 3 9796 1973 4 8 3 5447 16 1318 21 831 21 22 248 306 202 7 3 4801 7 70 4992 29 45 10194 5
145 8515 18 4939 93198 14 3 2233 6 26 4400 5
659 960 3 3961 7 3 1273 1506 4 23 18 1622 6 159 2233 114 23 16 537 6 138188 1415 3 637 7 2906 10 3 3354 1973 65 677 19 3 5043 1973 4 21 166 21 3 8609 489 3455 25 3 2673 7 3 1273 21443 5018 5
273 46 3644 4 704 2233 42 220 14 2279 4 114 503 142929 2233 42 138083 1146 8 3 83 503 42 521 1603 4 150 3 1510 2233 35076 8 249929 5
435 13 4 290 1973 18 2751 1429 4 3979 10 697 142929 2233 19 1406 2906 5
1354 2807 2906 6589 42 3677 72 3 1494 2233 4 8 10 290 7 91 9 201026 5266 18 304 19 7665 3628 6 6822 4 8 10 57 7 192 2807 2906 6589 9 16521 8200 13720 18 3677 19 23348 3628 6 341 14 32238 3 1973 103 7623 3 5266 5
17 522 7 3 1973 21443 3455 25 3 2233 19 3 2906 1768 42 19489 8 17281 10637 543 15 3 2376 7 3 11335 1035 24 35 19584 32225 38222 74193 33 4 35 27647 33 8 84660 252185 8 52541 48517 35 33 23491 5
17 8 11335 42 7154 9901 3 1494 1973 8 3 2233 3979 25 3 3275 22609 650 5
81 1243 4 80 10637 3 3892 7 9 6951 517 7 3 2233 4 8 677 3 1273 5018 19 83 21443 4309 5228 220 10 3 39177 9962 53 40937 4 449563 164835 4 2842 21443 4 2842 6808 21443 8 149091 21443 4309 35 6355 323 2149 4 502 33 5
88982 8557 23491 17379 4 3 4631 148 67 2233 16 9 1375 2485 14 3 746 6372 284 4 44 3 20319 7 46 216 2485 14 9 1416 284 16 48 1812 8 34 95 1375 5
527 4 87 31 117 2062 4232 6 581 4538 488 6 6786 2233 4 150 4538 6 17281 6786 3 773 7 1973 5447 4309 35 4 146893 4 84332 4 323 15152 4 3495 109 6794 4 4 6021 4 323 104624 4 911 33 5
12811 543 15 3768 17 11335 7 4631 543 15 3768 690 6 2882 3 6085 3768 148 3 9490 1973 8 3 1494 1973 6 25767 3 1973 22609 5
17 4538 7 46 3936 27 21 40 689 13925 3 644 13 43 71 3303 10 745 114 30605 10 3 2233 1636 5
273 946 4 825 2233 114 57 7 3 6034 29 45 5756 71 26 6401 21 9022 24 46 650 5
7219 4 192 11335 3030 3 4631 543 15 3 13422 7 3 121026 7 3 39079 10 3 2233 4 8 2233 19 523 3351 7 27700 71 27 825 11335 35 6794 12283 32330 4 911 33 5
1504 7 13 4 3 11335 543 15 3768 31 477 220 6 6786 3 1277 7 1973 21443 35 527981 323 18443 4 590 109 25151 12283 32330 4 590 109 12283 32330 4 2076 33 8 1973 42146 35 7744 12283 32330 4 590 109 22926 323 7277 4 2076 33 4309 4 463 6 40 17635 8 3 644 13 192 2233 31 1618 1768 24 9 265 94851 154 3 46333 5447 5
520 7 3 104 424 11335 543 15 3768 31 3 35 19584 32225 38222 74193 33 4 61890 35 37388 29139 3389 33 4 155737 35 29139 88104 96368 33 8 35 58589 96368 33 35 6794 4 4 323 20986 4 1422 33 5
527 4 3 104 7081 220 6 12262 3 773 7 3 8609 8 21443 4309 16 3 4 47 2532 6 13012 3 1322 148 3 1391 537 674 2362 7 9 3905 35 10 3 267 7 3 1973 23 16 3 1391 7665 871 33 8 50 2362 1768 24 5266 35 32688 4 45386 4 323 245983 4 2076 109 7277 4 6794 4 23551 4 323 28242 4 280 33 5
81 46 267 4 3 16 3380 10 4859 6 9 149091 2430 15 3 1084 183 35 62452 33 4 106 90 5300 27 9 177 272 871 5
17 71 26 7154 25 3 155737 4 47 71 26 4939 21 53 35 459 33 114 15441 8 9424 31 3 17020 7 3 9796 1973 4 38 16 3 1494 1973 4 8 157010 16 3 1768 1973 24 5447 49 24 120 40394 5
1655 3 155737 1291 4 3 71 26 7154 21 3177 53 35 503 33 114 80385 16 3 3235 871 13 9 50676 71 26 5
659 3 142929 2233 3380 24 704 8675 4 14 946 4 80385 3082 27622 5
1498 3 9088 7 3 1291 4 3 568 50 871 4 3 48 825 31 3 67 677 2233 5
66 16 533 6 1963 13 14 8639 2233 4 3 155737 1291 871 36 26 4568 4 8 3847 3 16 57335 5
12811 543 15 8466 317 145 1217 2532 6 1963 3 893 10 3 8466 317 7 3 1973 6 25767 3 2273 22609 5
17 2376 7 3 8466 317 12726 13 3 746 3309 284 16 9888 14 25418 8466 317 25 96 16 381 4 4231 14 893 10 192 6294 6 7367 893 8 24658 4 537 22609 4209 24 90 650 35 6794 12283 32330 4 1422 33 5
17 1291 35 59627 27647 33 16 32 1291 7 46 1427 104 477 220 6 12262 3 1277 7 46333 4309 14 1973 5447 35 7744 12283 32330 4 590 109 10141 4 29929 4 10141 4 323 9048 4 33 5
17 1291 18 1273 24 6794 8 2050 35 6794 12283 32330 4 911 33 10 32 1186 6 1262 13 3 2233 19 177 523 6372 9075 27 3 216 1291 4 21 71 1636 10 3 11335 543 15 3768 5
145 1291 16 7154 543 15 108 5937 7 4631 53 234695 4 2906 8 1973 2981 5
17 74 96734 16 7154 25 3 596 7665 7 3 3905 4 10 46 267 3 9796 1973 5
17 2906 16 7154 25 3 2029 44398 4 8 3 2981 96734 16 43420 25 3 48871 1973 538 3 2029 44398 7 3 216 1973 5
458 4 3 1291 71 26 3455 538 3 14392 53 35 500 33 114 4 6117 6494 4 6117 6494 8 6117 6494 31 4599 19393 220 6 7673 3 2059 7 290 6825 10 3 380 1291 5
17 6825 14305 9965 6 3 234695 4 8258 6 3 2906 8 2106 6 3 2981 5
17 108 5937 31 2086 1216 4 8 893 10 57 7 91 112 34 2498 3 83 1603 5
81 6794 12283 3462 5
35 911 33 9 48 3297 2376 7 290 6825 16 2209 4 1571 10 3856 143 43 31 7154 5
17 871 842 32 1291 14 290 50676 7 3 1973 8 4 6 132 50 231 48 5238 4 23 16 1029 6 231 9 1153 1291 4 59 226 4 47 16 7154 25 3 596 7 3 3893 3455 25 5
273 3628 2233 4 46 1291 16 3628 6 249 35 57 1432 33 4 110 1842 21 3 2233 5697 4 3145 3 871 35 2366 57 33 14 67 2233 1954 3634 35 57 1973 16 3 2366 7 3 83 57 33 5
84660 252185 8 52541 48517 2770 17 84660 252185 35 116842 33 8 52541 48517 35 88648 33 2770 31 220 6 371 9660 52 3 653 7 21443 10 32 1973 4 276 4202 538 3 83 1973 21 9 4482 5
931 2770 31 7154 25 3 325 48517 7 3 9424 4338 7 70 1973 39079 4 2172 9 40056 7 87009 10 9 74 1092 5
23350 4 290 50676 16 6401 76 67 3597 53 3 48517 7 290 50676 16 677 6 9 8515 4 8 92 23 16 1370 58 3 8515 871 4 3 50676 16 6401 21 7880 6 3 1973 34604 4 2631 3 50676 9317 6 3 1973 3519 5
435 48975 70 39079 7 3 1973 4 3 1153 48517 7 3 39079 7880 6 67 3597 31 7154 4 8 3995 226 116842 8 88648 5
659 1970 3 653 7 21443 3677 6 3 1973 4 192 67 2770 31 10637 21 3177 53 92 3 116842 1291 7 3 9490 1973 2238 65 23 16 677 6 3 116842 1291 7 3 9796 1973 4 125 3 88648 871 9043 9 312 337 4 23 16 1109 13 3 1973 18 11076 6804 5
81 46 162 4 80 3322 9 2621 7 9424 98236 9424 4338 4 8 3 8515 18 7154 538 3 506237 5018 35 12283 32330 4 6833 33 5
33962 1665 81 194896 5
4 3 522 3455 24 7623 3 2842 6808 21443 5018 31 2209 35 8258 33 109 210979 21443 5018 35 5547 33 109 149091 21443 5018 35 16054 33 109 40937 5018 35 18365 33 109 449563 164835 5018 35 19440 33 109 8 1273 21443 5018 35 18398 33 4 15 3 9796 1973 19 1842 2906 35 8862 33 5
81 290 1233 4 3 1973 35 9 33 2464 3 1494 1973 8 3 2233 671 19 3 5167 35 115998 33 3001 3 1884 148 3 9490 2233 8 40 7562 1494 2233 4 14 946 4 3 1973 35 8862 33 16 3 1884 148 3 2233 35 8862 33 8 35 9 33 4 35 8258 33 16 3 1884 148 3 2233 35 8258 33 8 35 9 33 4 8 95 15 5
11346 10 192 915 13 3 1273 5018 35 194896 5
4 8 33 805 6 6298 3577 3 6034 3380 10 3 9796 2233 35 194896 5
279228 4 345648 8 389316 4 3995 33 4 9411 3 4195 1056 148 133 6034 4 21 71 26 381 19 48 8958 10 1973 35 18398 33 7 98586 500 5
81 1243 4 129 5018 805 6 2384 3 32966 10 3 692 19 27728 32966 7 3 8248 926 4 21 1744 10 1973 35 18398 33 7 98586 708 5
83571 3 1884 148 3 9490 2233 35 8862 4 8258 4 5547 4 8 468365 33 8 40 7562 1494 2233 4 23 16 537 6 1963 13 3 1273 5018 1035 2233 48 825 6 40 7562 1494 2233 35 194896 5
275975 4 256509 8 343181 33 5
11346 13 3 1884 148 67 8639 2233 12244 32 1973 10 760 35 1973 293848 33 4 11771 4 3 14831 3 1973 3979 25 3 1884 4 3 48 3 9490 1973 16 825 6 3 1494 1973 4 7237 9 333 665 5
11391 7 3 21443 4309 15 12643 2233 38 53 35 9 33 1494 1973 4 98586 500 5
11391 7 3 21443 4309 15 12643 2233 38 53 35 9 33 1494 1973 4 35 8862 33 1768 1973 19 3 1243 7 5266 8 32238 109 2233 1035 54 3 7623 3 4309 35 8258 33 2842 6808 21443 4 35 5547 33 210979 21443 35 16054 33 149091 21443 4 35 18365 33 40937 4 35 19440 33 449563 164835 8 35 18398 33 538 129 5018 543 15 9 84 7732 247 1506 5
35 17 2233 35 293848 33 6 35 18398 33 3001 3 1884 148 3 7562 9490 8 1494 2233 5 33
11391 7 3 21443 4309 15 12643 2233 2453 53 35 9 33 1494 1973 4 98586 708 5
11391 7 3 21443 4309 15 12643 2233 2453 53 35 9 33 1494 1973 4 35 8862 33 1768 1973 19 3 1243 7 5266 8 32238 109 2233 1035 54 3 7623 3 4309 35 8258 33 2842 6808 21443 4 35 5547 33 210979 21443 35 16054 33 149091 21443 4 35 18365 33 40937 4 35 19440 33 449563 164835 8 35 18398 33 538 129 5018 543 15 9 84 7732 247 1506 5
35 17 2233 35 293848 33 6 35 18398 33 3001 3 1884 148 3 7562 9490 8 1494 2233 5 33
11391 7 3 21443 4309 15 12643 2233 6054 53 35 9 33 1494 1973 4 98586 700 5
11391 7 3 21443 4309 15 12643 2233 6054 53 35 9 33 1494 1973 4 35 8862 33 1768 1973 19 3 1243 7 5266 8 32238 109 2233 1035 54 3 7623 3 4309 35 8258 33 2842 6808 21443 4 35 5547 33 210979 21443 35 16054 33 149091 21443 4 35 18365 33 40937 4 35 19440 33 449563 164835 8 35 18398 33 538 129 5018 543 15 9 84 7732 247 1506 5
35 17 2233 35 293848 33 6 35 18398 33 3001 3 1884 148 3 7562 9490 8 1494 2233 5 33
81 98586 704 4 3 522 7 3 216 21443 4309 3677 10 503 521 2233 31 2209 4 150 2233 35076 8 249929 19 2906 1768 24 3 1243 7 12643 201026 5266 5
17 7562 8 11335 14 3 503 2233 31 2209 10 65588 249 8 341 4 10 1583 698 4 685 4 409 8 697 4 3995 5
66 16 537 6 1963 25 3 2376 7 3 11335 8 3 2233 7 98586 704 13 3 1273 5018 3455 3982 522 4 110 488 6 3745 3 2906 10 3 9796 2233 5
11391 7 3 21443 4309 15 521 2233 53 35 9 33 1494 1973 4 35 8862 33 98586 704 5
11391 7 3 21443 4309 15 521 2233 53 35 9 33 1494 1973 4 35 8862 33 1768 1973 19 3 1243 7 5266 8 32238 109 2233 1035 54 3 7623 3 4309 35 8258 33 2842 6808 21443 4 35 5547 33 210979 21443 35 16054 33 149091 21443 4 35 18365 33 40937 4 35 19440 33 449563 164835 8 35 18398 33 538 129 5018 543 15 9 84 7732 247 1506 5
20498 249 5
11335 7 3 1273 5018 8 83 4309 14 1973 21443 2209 10 3 6854 5
35 17 1583 19 2770 10 6636 31 1547 6 3 2233 7 194896 5
5 33
21755 65035 1973 449563 164835 344803 210979 21443 3389 6808 21443 149091 21443 35496 5018 249 505711 341 459 369170 503 500 479380 708 507940 700 275802 704 782 372805 183 407 504748 403 698 685 348883 409 697 20498 341 5
11335 7 3 1273 5018 8 83 4309 14 1973 21443 2209 10 3 6854 5
35 17 1583 19 2770 10 6636 31 1547 6 3 2233 7 194896 5
5 33
21755 65035 1973 449563 164835 344803 210979 21443 3389 6808 21443 149091 21443 35496 5018 249 557835 379970 445909 524796 341 354586 458808 459 379772 494378 503 301195 458808 500 379970 708 410054 520027 700 412231 704 229926 782 434359 302452 268445 183 361818 129962 379971 410054 407 336016 156369 258426 229926 403 412231 259824 420036 328603 490469 698 390586 304303 462697 685 291042 129962 382231 309054 409 290397 209436 697 230752 322494 659 13759 3 4631 7 3 522 4 9 11427 2376 7 3 522 18 115 538 3 8 11335 5
931 11335 42 3455 25 3 4631 148 3 1494 2233 8 40 7562 2233 3979 25 3 2673 7 3 21443 4309 4 65588 249 8 341 5
81 192 6160 4 3 2770 3455 14 3 12643 2233 1595 10 194896 5
31 2573 10 6636 5
17 1291 2228 3 773 7 32 2376 543 15 3768 4 1571 3 1175 7 129 21443 5018 6 3745 3 317 7665 7 3 39079 7 3 32223 1973 5
17 11335 14 523 4309 7 21443 68407 10 20498 249 4 8 18652 10 98586 782 852 286 6 1970 3 282 773 7 3 1273 5018 5
1655 3 2209 29540 4 23 16 537 6 1798 1963 13 3 522 7 3 84 5018 42 333 14 70 2233 25 3 960 197 4 121 3 1291 39 3 1391 2770 14 46 5018 5
29540 18652 25 3 628 10 20498 249 98586 782 5
29540 18652 25 3 628 10 20498 249 5
17 1291 842 3 1175 7 3 5447 5018 6 5313 3 8466 317 7 3 9490 1973 5
17 29540 7 98586 183 29 45 18652 25 3 628 2209 10 20498 341 4 8 671 19 3 2376 7 98586 782 4 23 2228 286 6 7336 13 129 5018 18 488 6 6298 3 9796 2233 4 12095 3 8466 317 7 3 9490 2233 333 58 3 83 4309 2209 10 3 6854 4 21 2573 24 3 1391 2770 14 3 1291 5
29540 18652 25 3 628 10 20498 341 98586 183 5
29540 18652 25 3 628 10 20498 341 5
659 13759 3 2376 7 3 1273 21443 5018 4 3 3892 7 9 517 7 3 1494 2233 4 1768 8 3979 25 3 2673 7 3 5018 18 16277 8 18652 10 3 42749 7 98586 407 5
81 46 1233 4 3 10809 7 9 6951 1843 7 2233 7 3 2233 7 194896 5
4 3995 4 31 2209 5
17 29540 7 3 517 3892 14 290 1973 29 108 5937 53 3 2412 6825 14 3 517 3892 10 3 1494 1973 109 3 1426 517 14 3 1768 1973 109 8 3 1461 57 14 3 1973 665 7 3 1273 5018 5
17 21946 7 3 517 3892 661 13 3 1973 1768 39 3 517 3892 177 18297 463 6 7924 1022 24 1305 10 3 1494 1973 19 3 1243 7 5266 5
81 1243 4 3 517 3892 7 3 1973 2209 10 98586 500 842 3 44709 4195 463 6 3 32238 1315 5
5602 3 2376 7 192 42749 4 23 16 530 13 3 5018 29 6464 92443 3 9796 1973 6 3 1494 1973 4 2790 3 42146 32966 148 6034 8 59 2790 3 7924 1022 24 5266 5
145 3074 18 6453 14 460 70 2233 4400 5
3040 7 3 122947 517 35 14027 3112 33 7 3 1494 2233 4 1768 98586 407 5
3040 7 3 122947 517 35 14027 3112 33 7 3 1494 2233 4 1768 2233 4 8 1973 1035 25 129 5018 3677 15 3 2233 7 194896 5
5
1471 6905 2376 13 71 26 115 52 3 522 7 3 1973 21443 4309 16 137 3 116842 8 88648 2770 5
81 20498 459 3 116842 8 88648 2770 14 3 503 521 2233 7 98586 704 35 863 4 35076 4 249929 8 53993 33 31 2209 5
81 3 169 4848 7 3 1870 4 3 2770 7 3 1494 2233 31 2573 10 6636 21 31 3 2770 13 144 26 92443 54 3 2673 7 3 21443 4309 163 4631 5
66 16 537 6 1963 25 192 628 13 3 1273 21443 5018 3455 3 282 522 14 108 7 3 179 10637 2233 35 863 4 35076 8 249929 33 4 2352 2233 19 272 116842 2770 8 88648 2770 408 6 3 7562 2770 10 3 1494 1973 5
20498 459 5
116842 8 88648 2770 14 3 2233 7 98586 704 5
35 17 2770 2573 10 6636 31 3 1603 13 144 26 92443 5 33
21755 20692 1973 65035 1973 449563 164835 344803 210979 21443 3389 6808 21443 149091 21443 35496 5018 116842 88648 116842 88648 116842 88648 116842 88648 116842 88648 116842 88648 116842 88648 116842 88648 863 65979 27063 42928 42098 85892 39565 43748 20130 58717 40914 34237 29487 51604 28940 78023 28544 35076 61946 33140 36696 40181 88323 42820 53797 37177 61559 37177 53671 37177 51586 28940 41330 31852 249929 63545 28940 43624 38161 88335 42098 51593 37168 61946 39515 32546 34030 47973 31852 81291 28544 53993 54540 29487 32221 29487 94857 40181 45655 34030 60961 34374 65981 34030 55973 28544 58873 31852 659 333 47772 3 522 7 46 2376 4 3 266 6401 21 7880 6 3856 871 35 116842 33 7 3 179 2233 7 98586 704 42 2824 10 760 4591 8 3 2233 31 2209 10 98586 403 5
11346 13 3 7947 1056 25 3 2233 9490 24 3 1273 5018 35 18398 33 31 2211 6 3 3856 7947 25 3 1494 2233 35 9 33 7237 13 3 1273 5018 2828 9 48 4213 5447 58 3 83 4309 2870 5
74691 7 3 266 6401 21 7880 6 3 1427 116842 2824 10 98586 403 5
74691 7 3 266 6401 21 7880 6 3 1427 116842 2824 10 760 53 35 9 33 1494 1973 4 35 8862 33 2751 1973 19 3 1243 7 5266 8 32238 884 109 2233 54 2673 7 3 35 8258 33 2842 6808 21443 5018 4 35 5547 33 210979 21443 5018 4 35 16054 33 149091 21443 5018 4 35 18365 33 40937 4 35 19440 33 449563 164835 4 8 35 18398 33 538 129 5018 543 15 9 84 7732 247 1506 5
81 98586 698 4 80 27 3 665 7 3 1273 5018 8 3 21443 4309 4400 10 46 1381 3677 10 521 2233 5
66 16 6453 13 3 3979 2233 7 3 21443 1273 5018 805 9 48 4213 87930 7 3 2233 4 463 6 3 21443 7 3 32966 148 3 6706 8 3 11307 3248 7 3 6034 5
66 16 1744 25 3 12029 16277 24 3 5018 35 12090 323 4 1278 33 5
81 3 20271 1973 7 3 31909 29938 4 23 16 1744 13 9 1370 176 7 3 20718 18 7947 10 3 1973 6804 24 3 1273 5018 35 1973 18398 33 5
81 1973 249929 4 23 16 59 5054 13 3 12029 16277 25 3 1973 6804 24 3 1273 5018 16 48 1685 4 8 3 6034 31 333 694 5
81 3 1973 7 3 3046 59277 4 32 2452 19 287 164865 18 3455 4 141 377 3 59277 18 10 32 352 1768 24 3 632 1892 7 2342 5
11391 7 3 21443 4309 15 521 2233 53 3 1494 1973 35 9 33 4 98586 698 5
11391 7 3 21443 4309 15 521 2233 53 3 1494 1973 35 9 33 4 1494 1973 75563 35 8862 33 4 87930 7 2233 1035 24 3 2842 6808 21443 5018 35 8258 33 4 210979 21443 5018 4 35 5547 33 149091 21443 5018 35 16054 33 4 40937 35 18365 33 4 449563 164835 35 19440 33 4 8 3 1273 21443 5018 35 18398 33 5
145 162 6274 9 10386 2673 7 32 7732 247 1506 14 1973 21443 5
17 522 3455 538 189 12643 8 521 2233 3509 13 57 1653 7 3 1273 1506 16 9 7156 21443 7 3 1973 32966 4 363 3 6294 2209 25 3 1973 3519 48 75327 4 8 3 568 13527 7 3 8466 317 2209 5
1471 1653 7 3 1506 1589 16 13 23 16 543 15 3 3074 7 3 27723 44643 1016 7 110 543 15 3 27723 107736 10777 4 21 2659 19 3 494527 2520 7081 220 10 1973 87930 5
1113 3 7587 9063 4 3 2209 1506 71 149 26 2069 4 14 946 4 24 17938 48 5242 11797 8 240544 3710 13 36 474 3 3961 8 53562 7 3 21443 650 5
7313 32 140746 5018 4 3 1273 5018 2818 9 568 46333 89 58 3 83 4309 2994 4 20498 503 5
81 13 1870 4 3 400 1272 6 6298 3 2233 35076 8 249929 31 2573 4 189 2233 31 10 142929 8 19 1646 3628 6 31274 98236 31274 39079 5
17 1665 42 2828 538 9 2669 7 32 6015 17924 206227 13821 22 9073 62778 4 704 13336 7 39479 8 4640 8675 1925 5
17 89 14 290 5018 18 3455 24 8810 2536 11233 4 10 678 6 474 3 8958 7 3 2573 2770 5
20498 503 5
98731 400 35 10 51978 33 6 6298 3 2233 35076 8 249929 5
21755 449563 164835 344803 210979 21443 3389 6808 21443 149091 21443 35496 5018 35076 35531 50261 72564 23464 73233 249929 35531 49912 99947 23464 73233
17 1273 5018 14 1973 21443 10 3 39177 9962 16 543 10 9 84 7732 247 1506 4 47 6589 3 1494 1973 538 884 543 15 3 39079 2770 10 678 6 5306 3 7665 3272 148 5737 3248 5
81 4631 6 83 166 424 21443 4309 2209 10 3 6854 4 3 1282 5018 661 177 3982 9345 522 5
79 11427 8 44895 2376 7 9345 522 3058 13 3 1273 5018 16 488 6 1297 3 32966 148 3 6034 2209 10 32223 2233 4 8 324 333 522 58 3 1510 21443 4309 3322 8 677 10 46 162 5
81 1243 4 1665 15 521 2233 4 133 21 20271 7 3 31909 29938 4 249929 8 3 1973 7 9 3046 59277 4 661 13 3 1273 5018 16 3682 7 14426 3 32966 148 3 6294 1379 10 192 2233 4 1723 4 14 946 4 3 3961 7 3 87930 4309 5
17 2376 7 3 522 3455 24 3 1273 1506 1091 13 4 21 10 307 2333 7 1973 87930 4 3 7732 247 2520 71 11166 5944 522 10 2333 7 1973 21443 4 3392 192 2520 59 14 3 857 7 46333 1973 5447 5
17 1783 1973 21443 754 3 1973 87930 1092 2538 8 48 5050 21 23 18 4964 24 538 3 87930 5018 15 6804 2233 5
9049 4 3 28917 8 19372 7 6294 25 2233 71 26 48 5394 4 480 192 8090 31 1695 6325 15 3 1277 7 3 1973 87930 1092 5
7219 4 3 9345 522 3455 538 3 1273 1973 21443 5018 852 286 6 7336 13 3 84 7732 247 1506 16 177 2794 14 20271 9939 4 480 3 20271 2233 31 7081 1768 24 13990 154 3 3310 650 4 8 3 32966 148 3 6294 2209 31 80548 5
16816 4 3 5018 1273 71 2875 4569 14 9 48 1408 20271 1973 5447 8 2376 24 18408 3 32966 148 3 6294 2209 8 2790 3 13990 5
81 426 2062 4 80 6581 6 11032 3 17241 7 3 11797 1055 6 3 27723 7 3 1273 1506 4 995 23 3 1175 6 132 14040 8 46587 1866 4 21 166 21 1753 90 83 532 19393 7 3 1566 4 133 21 50 2181 4 47 71 1951 10 3 152 13 3 27723 2503 10 3 1566 5
134 59 6581 6 2975 3 1273 5018 6 1297 3 21443 7 1973 19348 538 3 1322 148 2458 12949 5
10526 4 80 256 6 2780 4538 7 272 773 8116 6 1128 3 46333 89 7 3 1273 5018 4 133 21 8690 8116 8 5447 538 5