3879 7732 2210 6 86091 1657 77458 3225 16 57 7 3 104 4275 1494 1446 7 49474 5309 35 43826 33 8 840 32 526 565 16910 5
17 23275 223 2925 1273 24 61149 10301 9 177 1783 5018 6 2148 3 7 32 7732 2204 5
17 3225 7 32 2204 16 20 6 26 34392 25 13 7 9 746 65 4537 35 3 2395 2360 10 3 61149 960 33 71 34 1107 2853 4092 8 64106 2210 5
23620 10711 4 2279 18193 4 83099 8 565 30951 71 26 2203 6 1800 1574 5207 49 23299 7 3 1494 61149 960 5
81 46 1381 80 231 9 2190 1185 7 3 61149 960 4 543 15 3 395 1223 4 1148 10 9 74 696 67356 854 223 4 114 189 746 547 8 301516 3333 12248 10 1812 4731 10711 5
6297 15 129 271 791 189 10 3 1223 8 83 29280 8 1416 223 43826 2333 80 27 1589 108 84 48 2410 11379 14 29949 2210 53 67 543 15 9 3109 7 3 8 479602 11797 64152 8 83 543 15 4 9 284 14 3 6062 6942 8 9384 7 7732 32542 2642 5
931 67 84 2210 27 45 255 6 3 960 8775 19 4 3 1425 7 590 1223 35 12283 32330 4 2560 33 4 8 27 661 9 964 3070 10 3 201996 5514 5
9049 4 80 27 7491 70 192 70543 6 189 558374 109989 3490 35 1494 10679 10319 33 8 296 696 109989 3490 4 11260 13 3 2374 3163 7 3 972 29 9 485 969 10 3 4355 7 77458 3225 5
17 1746 8 7254 7 29949 7732 2210 4 3245 34392 25 4092 4 840 32 526 565 5
145 1236 29 45 3054 4605 25 67 89051 20368 496 11797 1897 5
349 57 881 4 6249 2520 7 746 47086 690 6 2565 143 746 3225 16 1601 5
349 3 83 881 4 46333 2520 6227 10 7732 2210 690 6 16252 6 90 3525 77458 3225 5
81 46 162 4 80 1101 7046 10 3 25327 15209 4 1994 2825 120 956 1547 6 3 2215 2109 7 3 7732 2210 49 40 10199 210 5615 5
17 23275 223 1273 24 61149 16 3 179524 960 14 109989 5
527 4 498 164 7 3 1450 10 11797 8 1416 12089 29 34 1049 3 2463 7 726 10 47 46 960 86 26 1109 3245 23862 5
12502 4 9 221 7 523 10887 7 3 1494 61149 960 27 45 1273 4 1618 1574 61149 1665 19 7431 12453 8 48 2190 565 30951 5
81 46 1381 4 80 1101 10 9 2190 1574 1185 7 3 61149 960 1254 14 4731 3333 8 543 10 9 74 696 67356 35 64825 33 854 223 5
1655 3 397 7 1069 7 3 3186 601 15 746 47086 4 854 223 3333 31 32 2794 267 7 7732 2210 106 43 31 1369 6 5507 538 3 854 223 386 164 7 3 1450 3648 8 40 4731 10711 71 343 1144 1812 4 46254 9 485 2726 7 42179 8 32960 912 5
10526 4 11455 19 521 131 8 19 746 547 16 59 21302 5775 10 10534 4 21 854 482 31 1254 6 10792 3 9425 11455 148 746 547 8 301516 3333 35 50609 33 5
631 551 223 2163 61361 35 14 3099 4 75699 19475 49 3680 82613 11643 178183 33 42 543 15 399 1906 96611 8 17405 42821 4 1828 9846 854 482 31 1589 6 24457 521 1812 10711 8 43 1871 6799 4 7025 8 29949 77458 3225 14 40 365689 5
1113 17405 42821 250 149 26 5944 14 90 2190 11952 4 9846 223 1163 1100 6 384 12643 3333 22 3 216 653 7 25327 19648 8 35577 21 23157 24 3 6372 791 7 3 223 5
17379 4 77458 3225 16 841 6 189 7673 8 960 5
81 644 4 3 61149 960 24204 42923 2780 6 46 565 106 93 333 6645 27 45 170 6 52145 746 3225 5
81 3 14191 7 1416 482 4 46 11539 60222 250 4 10 5131 4 26 381 2538 6 7673 5
273 3099 4 746 547 1618 1384 4882 3 3225 7 7732 3333 14 67 689 1809 35 4 911 33 53 43 31 883 215 7112 4 11397 8 5050 6 26 746 4 49 15 3 8101 4 43 31 215 8705 5
12502 4 3 1236 16 6 384 13 21083 6127 653 13 74260 746 910 3225 5
1655 3 397 7 1069 7 11797 1897 4 443832 1442 8 77458 3225 71 26 1109 21 1601 24 307 89051 6249 6589 4 4680 25 2370 30110 6589 105 1325 24410 6 1812 272 653 11797 6589 133 21 197 7263 8 23275 2854 5
17 498 2505 80 27 52 192 6589 71 26 220 6 8917 3 1746 7 7732 11797 64152 5
81 46 1381 4 80 1379 108 523 6599 6 46 1835 7 6575 8 255 91 6 3 960 10 32 9888 1185 7 3 61149 960 543 10 9 854 223 35 148495 4 280 33 5
9049 4 80 5548 3 109989 35 49 201996 33 7 192 70543 538 67 523 11367 4309 53 558374 8 296 696 2360 5
17 8254 7 46 1381 16 10032 21 3177 5
81 3 161 2124 80 1588 3 544 7 11367 109989 8 4301 3 2279 18193 80 27 220 10 46 601 5
81 8941 459 80 1379 3 523 6599 6 3 1746 7 29949 2210 4 979 10 8941 503 24 9 6652 7 3 61361 13 80 27 1589 14 3 109989 8365 5
5583 4 9345 522 31 2209 10 8941 500 8 2994 10 8941 700 5
27311 14 77458 3225 16 34 9802 21 523 4537 1618 331 1164 6 523 5158 35 12283 32330 4 2560 33 5
12502 3 2485 7 10679 3 109989 7 9 854 223 2163 71 26 3985 25 3 5138 7 66619 23125 3490 5
81 46 5114 87 16 9 629 2916 6 159 76 1250 53 3 537 3272 148 558374 8 296 696 9892 5
461980 12283 3462 5
35 2560 33 2797 13 109989 16 333 8871 25 9 296 696 5138 623 58 9 558374 5138 4 79022 5
114 3 44819 16 34 9 13612 10 3 223 5
238 962 1298 4 3 2279 10319 567 70 746 2360 6 159 2374 176 10 3 223 8 3030 3 11367 2485 21 558374 4537 5
364 7 3 689 4117 7 46 162 16 6 6786 3 109989 522 7 3 216 70543 189 538 3 558374 5138 7 3 1566 8 3 296 696 5138 538 2236 854 25 3 177 216 2279 4820 5
81 83 1299 4 109989 14 290 83007 16 8871 538 67 523 4309 44 538 3 216 223 345 628 5
17 2279 10319 17 74 5018 13 80 27 220 10 678 6 5548 3 109989 7 129 70543 16 3 395 1223 2279 1566 35 148495 4 280 33 5
17 1236 35 370 13037 121 274 33 18 2925 11629 21 9 61149 960 14 74 696 854 223 70543 35 365689 33 5
81 3 8176 61149 960 5050 10199 210 8 40260 2531 31 3 629 2193 4 658 10 3 9962 7 64825 70543 192 5158 31 11296 4 4740 3 3490 2112 10 6453 86797 27364 5761 2531 5
1566 16 543 10 3 854 223 121159 15613 911 24 33678 2296 4 9 74 696 67356 197 10 9 11365 426 19 20482 1274 5
17 6905 7 3 223 35 213079 7927 33 16 6 2227 21 117 2643 21 537 276 110 314 24 3 83 547 5
1354 7732 70543 8 746 547 6143 6 3 223 10764 24 770 7 9 325 352 992 49 72 3 1052 5
23620 10679 4910 42 220 10 261 13775 7 3 1223 5
81 46 162 4 80 231 3 656 1488 3322 10 590 35 148495 12283 32330 4 590 33 5
81 46 1488 9 10679 2174 35 3 20935 17754 33 16 848 10 3 223 5
766 547 4 4092 8 365689 29670 19 9 20935 17754 19 25328 47148 5
1113 3 1325 8 12678 645 23865 7 3 10679 2174 436 8 1864 3 216 6 70 4537 4 43 27 2112 523 32434 8 1896 53 3 1325 4471 7927 16 1630 6 492 9 505 14 9 83007 35 7732 910 49 50609 33 8 3 12678 4471 7927 16 1630 6 492 9 505 14 9 746 910 5
208 9 746 910 11996 9 83007 49 184 746 538 3 1325 4471 7927 7 3 20935 17754 4 153 3 83007 49 3 83 746 910 52396 9 83007 505 5
4 208 9 746 910 11996 9 83007 49 184 746 538 3 12678 4471 7927 7 3 20935 17754 4 3 83 910 35 83007 49 746 33 52396 9 746 505 5
332 3 194 3 6788 2156 36 26 3 746 1584 3868 24 3 676 221 7 1584 597 5
1498 129 1665 80 852 3 547 6 972 120 83 547 21 117 400 21 13228 5
6832 3 10679 2174 3 223 345 16 6740 25 9 6835 213079 223 76 9 5373 223 10 47 189 10679 8 5158 27 6 26 427 76 1250 8255 5
66 16 533 6 10861 13 70 547 35 4092 8 7732 33 27 909 6 3 10679 2174 5
12502 4 3 3526 7 9 83007 59 29 6 159 1866 15 143 8 65 3 83007 36 231 3 20935 17754 4 21 46 9573 36 59 26 176 7 3 6453 3225 5
11271 25 3 10679 2174 4 3 939 7 3 1274 4859 21 2795 5
527 4 3 2751 1601 24 192 1274 16 1842 24 9 1054 202 4 3847 995 746 547 48 2392 6 10992 3 83 547 103 110 20499 163 4404 645 5
81 678 6 4498 9 964 1058 7 10679 628 8 1128 3 9124 13 9 392 4434 51 4556 4 523 2279 4820 10 523 9013 31 5419 538 9 32108 223 10764 13 1002 3 62029 5
3194 1986 14020 14 409 13063 8 523 9013 8 11952 31 220 290 89 5
125733 7 547 16 5053 538 6951 910 1726 8 6951 910 21571 35 3094 8 636 2109 33 13 893 25 57 1986 6 3 161 5
17 221 7 746 547 8 70543 16 6955 4 441 9 825 221 7 746 2360 8 7732 3333 5
766 746 547 31 1630 6 26 2360 4 44 43 59 2945 14 3 1391 1846 35 13 43 4498 189 25 10679 8 25 1061 8 34 110 314 33 5
17 2279 10319 16 9 558374 9892 1217 4 21 2360 31 34 805 6 231 3 22187 7927 7 3 223 4 8 43 31 59 1441 7 687 8 1584 35 20935 17754 11996 33 25 83 547 5
238 9 296 696 960 80 27 220 3 5018 962 10 3 508 2124 5
17 296 696 14536 2279 10319 238 296 696 109989 3490 80 231 3 216 223 628 2236 24 3 223 854 10764 154 3 4820 7 3 558374 26753 5
527 4 80 3855 1216 854 3962 14 290 910 25 9 4731 296 696 486269 8164 2741 5
81 83 1299 4 14 290 910 10 3 223 35 70543 8 4092 33 9 296 696 2741 4063 9 486269 1069 7 3 652 8 3 12510 854 16 7545 5
7956 9065 3455 538 3 172 5018 71 26 268 220 14 22554 9892 5
81 46 267 4 3 10679 10319 71 26 543 15 301516 746 4537 37 1454 3 3729 8 690 6 1107 2853 4092 8 70543 5
39097 854 19348 31 3467 14 10679 5060 61 7 3 676 558 854 5342 5
145 3394 16 2828 543 15 3 2038 2209 10 3 592 5
18484 4 3967 100 4623 9 837 2163 1324 25 57 254 6 184 31 14386 4 8 80 27 961 6 1101 8 5339 138 5771 10 47 67 49 48 3333 31 3725 10 90 843 7 11455 5
145 2279 5018 16 10 5131 146 48 3545 4 8 201996 13544 31 230 6 26 146 798 4 21 746 4537 71 331 70 40 1164 6 3 652 10 3 854 4 34 8951 6 2731 52 110 314 49 7759 9 272 1846 10 3 223 5
631 3 972 10 3 558374 1217 27 6 6797 1164 10 67 523 8090 35 345 8 972 33 4 3 972 10 3 296 696 1217 97 738 6 1101 15 10679 5
10052 4 26821 5158 59 5697 10 3 67 6599 5
79 221 7 523 6599 71 26 220 6 1213 3 565 7 29949 3225 2020 5
134 71 12681 148 67 689 3351 7 6599 10 3 1746 7 7732 2204 11379 5
81 57 881 4 11379 71 26 1148 8 3559 543 15 628 3455 24 18243 7 746 25327 628 5
349 3 83 881 4 11379 71 26 1254 543 15 2520 7 746 47086 5
631 3 172 9239 3 11245 2981 7 1945 10 3848 746 3225 4 3 4991 1101 15 6249 2520 7 3 746 110 5
81 46 162 4 80 159 9 48 11797 4775 4 2016 3 565 7 3225 2020 21 9 35 33 565 35 8 59198 4 4164 33 4 21 80 1384 13 8176 265459 2520 71 34 4685 19 3 10119 7 29949 3225 5
527 4 2520 71 34 26 11296 10 2190 565 9962 11952 4 105 1416 854 223 3333 4 21 11379 543 10 3 6741 7 746 7381 628 27 1595 206 522 35 12283 32330 4 2076 33 5
1113 74210 746 7381 628 71 581 206 522 4 46 1217 16 34 10436 6 10711 114 93 767 746 628 16 558 4 14 3099 10 84 9013 7 9 854 223 4 49 10 482 114 3 2038 16 4209 521 89 35 8 461980 4 2076 33 5
2520 31 2812 481 7 18423 8 5238 544 5
81 3 9345 9937 14 109989 1665 37473 8 6904 71 26 166 4939 8 40 6269 1574 5
527 4 3 27723 6825 4 11771 4 3 177 1746 7 3 2204 10768 4 71 26 4605 10 523 1225 5
17 565 7 23955 1127 10 9 6684 71 26 1109 21 3 565 7 6098 9 1506 7 3 1475 13 2228 3 2204 6 240 7059 8 652 5615 5
145 1506 86 26 883 19232 35 33 49 10023 35 8524 33 5
81 83 1299 4 37473 71 26 2442 6 1945 538 19232 954 35 21 10 7732 32542 2642 33 49 538 10023 954 35 21 10 11797 64152 33 5
81 3 508 199158 80 1588 3 1056 7 192 6599 8 143 43 71 26 2164 76 5373 2520 5
63021 3 3272 148 192 6599 16 2794 6 1445 3 604 7 3 5167 24636 565 10 3 9962 7 2204 109989 35 3027 4 1095 33 5
17 11797 1217 17 11797 23955 1217 16 543 15 3 23275 7 3 746 6249 6589 13 31 1109 3 899 7 3 746 59233 3225 5
1655 46 397 7 1069 4 10 678 6 3855 77458 3225 10 9 2953 4 3 43826 5318 3804 6 24457 317 5447 2520 3581 24 6249 2520 7 746 47086 5
931 2520 1618 582 14858 15041 52 143 523 6681 7 47086 162 10 4092 8 143 43 12248 19 290 83 8 19 3 1566 5
49474 11797 1443 3316 22 17938 189 30110 6589 4 105 8489 8 9688 4 8 307 11797 6589 4 105 1164 4 2900 4 2854 4 8 141 2030 797 8 3003 5
11577 4 11797 1443 31 230 6 343 1783 8 33855 532 1443 14 9 15511 2204 5
1113 9 221 7 974 2520 4447 10 3 857 7 11797 10381 14 290 11797 650 4 3 521 1236 16 6 11032 91 70 76 9 12329 532 284 488 6 1800 443832 1442 8 77458 3225 5
32567 43826 4538 8 2520 31 1618 543 15 177 2190 8 7553 15041 7 746 47086 5
273 3099 4 35126 2854 27964 1101 15 3 7117 9384 7 9 284 6 2769 57 49 48 1446 35 4 590 33 4 658 65 80 293 19 3 565 7 77458 3225 80 236 6 159 9 48 391 1217 4 114 3 2755 6300 7 3 1446 7 3 284 250 26 3 521 1236 5
81 46 162 4 80 4301 67 70543 4 39424 8 4 189 543 15 7732 11797 64152 5
238 2921 1298 4 192 532 1443 293 19 3 565 7 17938 8 15510 2489 11797 6589 10 678 6 3855 77458 3225 5
17 1217 16436 4 11797 1443 6008 293 19 8524 23623 7 3 131 5
527 4 22 9 798 653 4 427 3 6575 34 25 3 6249 6589 44 25 40 144069 72365 4 3 7732 32542 2642 35 49894 33 1217 12283 3462 5
35 2560 33 7301 15 38542 3 33855 8 5195 4355 5615 7 3 4972 284 5
17 746 636 2527 6062 6589 9322 543 15 27364 5761 2531 14 89258 8456 13 236 6 26 5913 9991 276 1373 120 89 6 2961 650 3 317 5
273 946 4 65 80 2501 449 2165 8 80 6649 129 881 4 3 3057 16 9 2411 4395 5
208 46 843 7 746 3225 16 10155 6 3 223 4 80 71 132 70543 27 8456 232 6 290 9593 13 624 25 3 1566 5
1113 3 3057 71 26 96611 4 87 31 95 117 523 3109 7 9796 317 663 6 3 1570 13 427 70 91 76 1250 8 70 3 537 16691 16 215 841 5
49894 71 26 4477 6 1333 65 27364 35 9796 33 317 16 597 4 14 13 2485 4 74 23 29 6 26 4939 10 3856 47 27364 317 80 256 6 650 35 29132 33 8 47 1945 3 83007 71 3030 35 55906 33 5
22510 6599 30145 4685 189 19 8524 8 23623 5
631 2030 8 9890 554 31 3 179524 6200 7 10023 8 8524 317 5447 4 80 71 2093 18376 13 9 485 176 7 746 3225 16 59 4209 24 19232 8 6062 6589 9322 543 15 27364 5761 2531 5
12502 4 80 219 5373 6599 13 71 3639 11032 8524 8 6599 31 9 3982 601 517 1537 3 2020 7 77458 3225 5
527 4 10 46 213079 7927 854 223 1566 114 10679 16 543 15 4251 9758 189 11797 6599 8 6835 49894 6599 31 230 6 1018 825 109989 13544 5
81 48 1812 61149 960 10711 4 114 189 10199 210 8 27364 5761 2531 31 230 6 26 5775 4 5373 3985 31 1272 10 678 6 3855 29949 42821 5
81 3 161 2124 80 4301 3 61361 80 27 1254 8 1148 4 7237 143 80 3316 22 17938 19232 8 10023 317 5447 5
81 46 2124 80 4301 3 108 523 50609 11379 13 80 27 1254 4 1148 8 7491 6 290 83 14 26753 5
17 9890 13344 83007 4 59 424 21 4 29 45 1254 8 6227 543 15 3 11797 6358 4 47 1141 6575 25 307 11797 9648 7 47086 8 746 10299 35 12283 32330 4 2560 33 5
16 4363 9 532 6358 13 34427 90 629 5158 25 3 857 7 17112 111565 35 31770 33 601 5
18484 4 3 11797 1217 6 31770 6145 3 6582 7 523 11797 6589 76 32 5775 14109 7 9890 791 5
238 962 1298 4 10 3 267 7 80 1101 15 3 6582 7 2370 11797 6589 133 21 1164 8 4251 2900 5
9049 4 30110 6589 105 9688 8 8489 31 25710 6 9 8692 2975 10 46 7254 5
631 8176 2204 532 64152 2239 1101 10 161 652 3394 4 59 159 1866 52 96 144 26 3 2038 7 2210 9890 7059 5
187 4447 9 221 7 11797 64152 13 71 26 2475 220 14 3 532 7 854 223 3333 35 4 590 33 14 9 1165 7 689 11797 64152 220 10 29280 4 7112 1586 2210 8 83 1547 2333 5
273 3099 4 479602 35 29750 12283 32330 4 6104 33 8 1333 24880 35 3027 4 4164 33 31 6682 11797 64152 13 71 26 220 10 46 9962 5
81 644 4 80 27 59 220 9 3109 7 8 479602 10 3 83007 35 196 8941 10548 33 5
88179 3 733 7 77458 3225 16 1752 1547 19 3 1746 7 11797 64152 106 746 568 11797 6589 792 31 975 6 26 3 8416 7 3 25327 5897 13 52145 4092 5
81 46 162 80 8850 8 5441 3 231 7 84 4695 496 3 857 7 11797 23955 5
81 3 267 7 80 231 10299 21 3 689 6575 1537 3 1746 14 48 77458 11797 1443 5
81 46 2124 80 4301 3 1654 152 10 47 6589 3 27364 5761 317 8 12244 19348 7 33855 77458 1945 5
134 59 2797 13 441 9 7787 6 5339 3 9890 9339 7 3 2204 2106 17229 1475 16 1272 10 678 6 3639 3855 77458 3225 5
7197 3394 10 16 543 15 9 2651 3394 650 13 23809 4 22 120 392 89 4 9 1574 197 7 1109 3 9890 2038 7 3 2204 5
17 6358 9286 7 67 689 5937 53 55909 8 94370 5
17 172 16 9 532 6358 7 179 10746 35 196 98586 249 33 8 3 4991 16 9 2912 488 6 336 8 3009 9 528 1058 7 8690 10676 17253 5
22348 98586 249 5
22348 5
55909 2106 260 10746 3009 48 13488 2677 125 798 10746 293 19 4719 27364 628 25 3 17229 10363 5
81 80 27 220 32 7254 19 3 508 10746 53 27364 5761 416 9419 4 2215 9419 4 370590 9419 4 8 2669 9419 5
94370 16 32 7254 7 9 50353 284 35 233101 4 3578 33 5
349 57 881 4 94370 16 10 886 7 3032 8 27012 3 5577 7 10676 17253 109 15 3 83 881 4 23 29 9 2457 418 2900 904 3 94370 68391 114 3 17253 71 29936 317 5
3194 7 3 17253 16 1254 6 3030 9 2190 4859 15 1087 3351 7 628 5
187 31 67 9584 7 94370 2852 10 3 2215 8 370590 10746 5
931 67 94370 9584 24457 3 298286 7787 7 3 83007 5
139271 10 418 2900 31 46587 24 10676 17253 35 196 98586 341 33 5
94370 8 418 2900 7787 98586 341 5
94370 8 418 2900 7787 5
55909 2106 27364 5761 416 9419 16 32 11924 148 3 6358 8 3 10363 8 129876 7 3 83007 5
145 9419 1038 3 1272 416 6 13977 27364 628 12276 8 6 1518 5761 13125 6 3 129876 5
81 3 267 7 507 4 46 9419 16 32 9384 7 3 7410 6 3 6358 35 70 3 70543 962 10 46 1381 231 459 4926 7410 35 12283 32330 4 280 33 6 11924 19 121159 15613 911 854 223 33 5
81 3 2215 9419 80 3009 17882 23623 7 3 27364 628 8 483482 13125 5
16436 4 46 9419 1038 17253 13 1000 48 13488 23623 61 7 3 27364 317 8 17253 13 59592 9104 13125 76 7408 1945 4 47 71 26 691 1752 6 3 27364 5761 416 9419 5
1539 2190 9419 5708 8 7162 46587 27364 5761 2038 1547 6 83007 2106 6234 6394 5
17 317 25 3 2215 9419 16 2164 76 48 7034 9339 1547 6 3 1446 7 3 2204 8 9490 6 12730 3 12510 1539 42821 5
17 260 9419 16 3 2395 2669 9419 4 114 3 12251 2442 19 3 11797 7410 31 8795 5
17 11797 532 19266 21804 10 46 9419 31 10 886 7 14980 3 152 3 798 10746 162 4 13 16 4 143 3 17253 12248 19 290 83 8 96 23 16 3 104 4279 2038 6 26 9490 22 120 392 89 5
81 1654 4 848 10 46 9419 97 32 161167 7787 4 13 128832 138 9339 2211 6 3 498 2374 27364 5761 5114 7 3 83007 5
94370 1038 9 7787 6 5339 47 17253 31 6234 48 3008 14 5577 5
1113 10 5131 70 17253 31 1804 21 16108 8 70 7 91 31 2497 6 336 8 30417 4 9705 15 46333 1714 27 6 26 351 76 1250 5
21669 4 87 16 32 19232 1223 14 30110 10373 70 3 17253 5
17 653 7 3008 27279 24 9 13821 340 34 97 2498 50 558 5577 89 4 44 3 2190 317 23 250 3855 8 6153 6 3 68391 5
145 7787 71 26 381 21 9 61388 31660 4 114 3 104 13097 5300 31 3 1603 104 338 9490 5
1655 46 397 7 1069 4 94370 16 9 1654 7254 7 9 55985 4 114 166188 49 10676 17253 2945 19 290 83 14 30110 35 113752 4 4164 33 5
17 30110 7 290 13821 16 7154 543 15 9 191244 37582 7 143 146 23 71 4569 6 317 5447 10 498 2374 27364 5761 5114 5
17 4097 19393 220 14 46 37582 31 2203 24 3 55909 2669 9419 5
238 9 614 1396 4 94370 68391 1315 16 5515 78580 24 13125 691 25 3 55909 2669 9419 5
17 67 125024 80 231 35 196 98586 459 33 31 3797 19 290 83 137 55909 27364 5761 317 7798 8 432 3467 9339 4209 24 3 17253 4 4108 138 19 3 1391 30110 653 5
458 3 3115 7 3 125024 71 26 381 21 9 13720 114 97 3 5300 13 4569 48 6 3 391 2104 1042 25 57 9419 6 3 83 5
17 68391 10 3 2215 9419 4286 70 3 17253 10 886 7 5447 70 628 663 25 3 15721 416 8 59 70 17253 47 59592 3 1945 76 2370 13125 4 7408 1945 4 14 3 483482 5
17 68391 2852 10 3 1539 9419 16 9255 19 67010 10676 17253 4 47 650 3 104 13097 317 4209 10 3 2215 9419 8 3 5300 1601 10 3 68391 1010 5
766 46 9490 317 4209 24 3 10676 17253 31 5775 76 628 5263 226 837 4 1812 4 8 1539 4 4808 15 3 1835 7 317 43 3576 5
17 837 31 138 47 539 7408 317 4 1618 27364 5300 4 125 1812 539 48 46587 8 158122 317 5
5583 4 1539 3576 317 1547 19 1446 35 8 43 31 97 1601 10 3 1539 9419 33 5
50425 3154 98586 459 5
50425 3154 5
187 31 67 7798 7 317 10 5
364 16 3 50425 3154 4 114 3 317 25 3 10363 4 3 4 31 9490 8 2164 10 678 6 4498 13488 23623 7 3 1566 8 3 164 7 3 2204 5
17 50425 3154 71 26 3876 21 6 3 7059 3154 5
17 35749 317 3154 16 1477 19 3 2020 7 33855 42821 25243 6 2769 3 2204 2106 1446 5
17 1081 197 7 10676 17253 220 10 3 125024 71 34 26 962 322 463 6 904 12453 5
7254 16 962 10 3856 10 12283 3462 5
35 2560 33 5
79 2086 1906 2485 105 1469 32 4404 250 3972 3 11455 7 550 523 10676 17253 35 12283 32330 4 2560 33 5
273 3099 4 87 16 9 10130 143643 119818 10 3 2215 9419 13 31427 65 9 84 4404 1464 10 3 857 7 1069 8 6153 13 2190 317 6 3 418 2900 5
134 27 59 6227 184 13821 226 13088 29863 659 39813 13 4278 10 3 1539 9419 8 29408 32 4404 10373 70 547 496 3 857 7 1069 5
17 10768 16 543 15 3 6358 47 29 45 2069 19 67 1117 12251 13 852 53 35 4114 33 3 55400 7 773 10 3 5149 7 2329 35 4223 2900 33 4 35 25547 33 3 3726 7 3 1896 15 3225 7 3 3305 164 7 3 83007 35 5098 33 4 35 31883 33 3 11141 7 3 8089 8808 6 3 5114 35 33 8 35 40378 33 3 1101 653 21 9 1415 7 3 223 25489 5
81 11969 12283 3462 5
35 359 33 9 19079 3490 7 3 104 4279 11797 64152 16 115 25 47 23 71 26 4436 13 3 97 15565 13 3 2865 103709 6358 35 445565 4 2773 33 364825 47 29 50 10093 16 1268 16 9384 5
37492 24 46 644 4 80 27 5775 9 84 14533 10 13 7928 3 1243 7 46 17807 5
999 770 7 9 479602 14533 35 29750 12283 32330 4 6104 33 5775 10 4 3 284 71 8117 9 2854 8 2900 543 10554 7787 543 15 3 83007 2106 4485 13 31 6227 21 7732 7992 5
81 3 508 29189 4 80 240 32 5230 7 290 7 3 84 2000 7 5
87896 2900 479602 1038 9 35126 2854 284 13 38557 3 3394 7 4262 19 9 5157 284 5
5602 307 12104 4 3 83007 29408 8 53079 1945 125 17444 10 290 7 3 1959 47 16 3 282 652 232 6 9 35126 4859 5
81 129 7254 4 3 35126 4859 16 10151 15 3 867 7 3305 19001 35 543 15 3 9648 7 5874 35 8256 33 8 84754 8 10294 35 9036 33 33 8 50 1432 35 652 7830 33 8 2366 13422 35 652 120089 33 5
79 48 3297 5230 52 3 3305 1506 16 1595 1298 5
4036 3 3305 19001 10 1087 164 4 3 152 10 47 3 2854 4278 16 508 3 2854 31660 35 29750 12283 32330 4 6104 33 4 47 16 48 3206 58 83 48 1029 1603 306145 21 72846 2854 31660 14 177 7039 10711 105 3 57 10 3 121159 15613 5
17 2854 7787 35 79022 5
3394 7 4262 33 16 2112 1252 24 3 6358 479602 5
57864 164 1210 6 3 8176 9648 35 5874 4 8256 8 84754 8 10294 4 9036 33 4 80 86 4753 3 7992 6 26 32 9299 1247 7 67 5158 53 35 249 33 9 8942 1070 7 3 16001 284 35 33 8 35 341 33 3 11797 6942 7 46 15026 35 19001 33 5
1655 192 2377 4 80 1384 70543 21 441 32 3305 14533 16007 3 508 5937 53 2778 10129 164 53 17 2204 2106 2634 164 36 26 9935 7 24410 3797 19 3 5589 35 3456 738 33 7 3 83007 13 36 1097 23 6 1333 10 9 1087 152 5
81 129 1506 80 27 6227 53 24410 53 45199 35 9980 6 2227 6528 33 4 55309 35 236 14 2069 244 33 8 183060 35 236 14 7621 33 5
18087 5589 53 17 2007 8 5043 871 7 70 5589 16 4568 5
81 46 2007 1994 80 36 1384 5589 21 6383 121 87 16 34 32 2442 236 5
134 1506 67 3351 53 244 6206 35 272 6117 577 4 799 11102 716 4 6127 4 148 189 2980 33 8 7621 1046 35 272 6117 577 4 799 11102 575 4 148 189 2980 33 5
52579 35 7412 6 8922 3 1097 33 53 4697 61496 9563 4 2227 4404 4 4697 7621 4 4703 5
2778 33360 164 53 66 16 9 46302 164 35 33 4229 12743 7 1087 3893 7 3 121159 15613 1566 13 71 12248 19 3 83007 4 48 4108 4 92 3 83007 3831 35 4114 33 61496 9563 4 35 25547 33 6528 49 35 25547 33 7621 5
17 391 7665 7 3 1097 35 17807 180 47 3 83007 652 1414 22768 33 16 7154 21 3 5806 7 67 970 53 3 209 7665 7 3 1547 1097 8 3 871 7 3 5426 1547 6404 1922 35 11771 4 92 3 83007 16 408 6 9 61496 9563 4 3 1097 5630 6 244 36 26 853 33 5
66 16 40757 5892 13 125 70 3 5589 2770 31 19618 6 9 392 8515 4 3 83007 36 34 27 9 12816 9688 4 8 23 36 26 10 9 164 10 47 70 50 738 31 6383 5
2778 126522 2106 3941 8 19001 4859 53 134 7673 3 83007 2106 3941 21 3 2463 7 7908 7 50 738 10 133 9 152 13 3 3941 36 1018 50 3235 65 70 3 83007 5589 31 6383 5
17 3941 16 25710 21 9 4859 7 35 249 33 3 2204 2106 5589 8 35 341 33 3 34641 3238 7 290 1097 35 7623 17509 33 19 2201 6 9 4249 5043 3941 35 33 47 5234 6 3250 3 83007 2106 5303 5
238 3 1097 2106 2770 4 3 2204 3941 893 5
208 3 13422 10 3 3941 35 33 15471 9 8515 4 3 12510 19001 36 26 4527 5
17 3225 148 67 34082 35 103415 24 8 33 16 4939 21 3177 53 35 249 33 29091 19001 35 208 33 8 42343 19001 35 208 33 13 197 3 353 7 1087 3225 5
53568 4 326632 6468 3 2395 2165 266 7 9 30726 223 4 11771 4 43 36 259 10 47 692 7 3 1566 43 31 48 338 6 26 314 35 17905 4 106 23 16 9 5005 2785 14 117 547 4 106 23 340 34 27 117 1561 114 6 5763 4 106 87 16 9 2190 1215 7 3 16091 133 21 78996 4 4703 5 33 5
238 9 84 13652 4 9 4434 7 3 1566 16 848 10 114 3 11385 7 10150 266 35 10 3 121159 15613 9013 33 408 6 1881 5771 16 8382 5
5602 9 19372 10 218 926 7 2600 35 55833 4 799 4 6127 4 272 4 4613 33 232 6 3 221 7 1546 1022 4 36 27 558 46 11385 2699 4434 4 6 3 57 547 21 9 8867 7 40 791 10 3 223 49 40 9528 2505 5
9277 653 134 27 848 9 84 13652 10 3 6358 1547 6 3 372 7 1101 653 14031 6 3 522 10 3 223 5
145 6681 16 1547 6 5771 65 3 6528 1194 29303 35 27337 33 49 65 547 219 43 31 35 21800 33 5
81 189 5771 4 3 83007 2106 3225 16 21655 6 26 48 13769 8 287 1101 15 3 223 5
81 678 6 1506 46 1102 4 80 4556 9 29784 2916 47 16 9 4859 7 3 1884 10 2329 55 6 3 194 7 3 223 5
145 96734 99318 1101 67727 85612 13456 3 2770 7 3 7992 1595 137 3 223 5
33194 7 84 2000 1589 81 3 1494 3225 7 4 3 5577 4165 16 2429 179 12104 147 169 8 3 6358 51 5339 32 652 7 290 2125 10373 138 1273 24 3 68391 10 3 2215 9419 4 47 51 153 26 70 2828 5
81 3 6358 4 46 5195 16 5607 10 133 9 152 13 329 89 9 4165 16 5913 4 9 479602 3802 16 6234 6 290 7 3 1273 1945 4 8 97 57 16 3467 24 770 7 3 954 2869 5
17 391 652 3467 10 3 1233 522 25 53 35 249 33 479602 2106 421 284 8 50 35126 2854 4 8 35 341 33 9 391 2916 13 22632 3893 7 3305 2163 47 27 45 1321 962 5
81 678 6 26 10973 4 98586 503 842 143 3 317 3154 16 5607 24 3 1117 14533 5
50425 3154 98586 503 5
50425 3154 5
355 464 6 197 3 19393 10 290 7 3 7268 35 24359 7 1739 2900 10 3 2854 650 4 5043 8 8515 3941 2770 4 4434 7 4 1101 67727 85612 4 4703 5 33
521 2770 3455 25 482 19 2516 547 27 45 220 5
83007 355 418 19 49894 4 1913 32 6607 49894 1506 16 9 629 492 5
23620 2062 27 5169 19 3 1746 7 32 49894 25 67 523 266 7 1069 5
2778 255218 53 221 7 4438 10746 4 4438 30864 10 290 9419 4 4703 5
109 8 2778 25584 17509 53 2770 14 290 2205 10 32 49894 5
81 46 2190 9962 3 151438 16 392 24 3 565 5
435 9 3297 542 7 3 29132 35 498 244 4 22008 4 1305 4 1274 4 4703 5 33
8 55906 35 1627 4 26922 4 22951 4 3278 4 55940 4 4703 5 33
25 3 223 13 144 26 220 4 1303 286 6 3 380 421 7 538 3 216 6358 14 290 49894 5
29997 6 3 37582 7 3 2205 17509 4 23 16 166 424 13 2854 27964 105 1618 324 3624 10 9 325 3033 12283 3462 5
35 4164 33 5
7219 4 23 18 34 537 6 4498 2854 5897 25 3 223 6 1649 3 49894 2520 106 7 3 3012 10978 25 418 19 521 89 1416 482 5
41638 8 14631 35 4540 33 1273 3 231 7 13991 66413 6 1046 14 3206 2205 17509 8 7138 3 325 3033 565 24 770 7 9 391 1046 36267 12283 3462 5
35 359 33 5
17 650 7 9863 9 1026 1506 36 26 2714 76 67 1959 5
1532 4 307 6951 2113 35 49894 33 7 9 74 2020 31 3455 5
134 132 91 2470 538 3 9796 317 13 624 25 3 223 8 879 91 2780 1945 35 55906 33 4 125 80 1415 143 206 43 31 35 5188 871 33 5
145 5188 871 16 5559 21 3 221 7 1546 1022 24 3 83007 3868 24 3 221 7 400 23 29 413 5
3265 288 549 80 2780 4624 4262 35 11771 4 17904 33 6 4498 9 84 2020 5
17 1081 650 35 1595 10 98586 500 33 16 3629 285 9 3235 221 7 5197 35 11771 4 577 33 16 1049 5
185455 98586 500 5
185455 5
332 3 194 7 3 928 650 80 36 27 9 206 50609 47 36 26 2042 76 3 223 35 960 33 19 83 746 8 64106 547 21 23 36 26 2921 1298 10 3856 5
81 3 508 80 87226 3 522 80 27 3455 12185 129 83007 11379 6 189 3 558374 8 296 696 109989 9758 5
71674 7 3 4650 542 40044 2062 1311 9 1773 1079 7 1715 1254 6 4498 317 15 3 16764 148 1481 8 2190 729 5
134 161 87226 3 2370 4860 7 3 4650 542 13 80 27 220 6 1415 3 3272 12185 129 83007 2106 11379 6 189 3 558374 8 296 696 109989 9758 5
40044 1665 3972 26884 3991 3 1481 3225 21 43 12248 19 9 1247 49 284 10 90 4290 53 84812 53 1563 1665 690 6 384 61 47 7 3 1589 11379 16 48 746 5
108799 53 17 4309 8 4538 80 231 10 678 6 4498 46 317 42 37694 35 3587 1584 33 8 296 696 35 1584 15 3 2236 3729 33 16764 5
9508 7 3 8090 8 9937 53 9007 7 3 558374 8 296 696 8090 31 1252 1298 53 2778 558374 1217 53 35 4114 33 302 2388 35 503 9013 7 409 13063 290 33 154 500 4820 35 500 523 222 33 8 35 25547 33 708 2360 35 108 746 547 8 108 365689 33 5
23620 746 2360 7905 10 523 2388 5
2778 296 696 1217 53 35 4114 33 183 854 9122 35 249 13063 290 33 114 70 3 70543 8 746 547 31 848 35 43 31 34 70 1379 10 70 3 3729 4 9 16036 3394 29 45 1109 33 4 35 25547 33 3 183 854 9122 42 37663 3467 6 6531 19 3 5867 3212 35 11771 4 383 539 1945 19 67 49 48 547 27319 33 25 9 676 7 1596 18398 7 2236 854 4 8 35 31883 33 403 5269 42 3467 14 3 8557 37 39 93 2543 2505 10 40919 8 39 34 7905 10 3 558374 5867 5
79 505 16 1109 1432 65 43 4111 9109 8 2366 65 43 3303 49 112 34 259 96 6 1647 5
2954 1566 53 17 1223 1566 2158 53 8 2236 3729 7 3 482 5
11391 8 12811 53 17 3272 10 109989 3490 36 26 5559 538 9 558374 1217 8 296 696 1217 5
931 13693 36 26 1867 10 970 7 2156 7 1028 6288 1584 5
134 1667 24 6617 10 3856 3 4290 7 3 5867 5
558374 3490 238 962 996 4 80 220 3 1223 1566 8 2279 10319 21 558374 14536 5018 14 11367 109989 5
134 1436 9 676 7 302 2388 2173 154 500 4820 7 249 18398 290 5
60100 73 14 409 13063 8 503 523 9013 27 45 220 147 1986 4 168584 653 9013 356 3 4820 5
12502 4 746 547 35 2360 33 42 467 6 345 35 8 972 33 14 249 18398 35 503 9013 7 409 13063 290 33 10 500 523 222 4 19 9 566 7 57 122 148 2458 4820 5
17 1081 2279 4644 253 254 154 500 388 8 3 3467 746 547 42 535 3 216 5
187 42 3 216 221 7 50609 8 746 547 4 108 746 8 108 50609 5
2843 2360 759 9342 6 3789 10 46 542 5
158 2812 39 767 791 10 3 1746 49 5979 7 9 50609 4 2305 120 5077 10 49474 5309 5
527 4 43 42 3467 106 43 27 23449 791 19 64825 854 482 35 2477 7 3 2360 18 9 20970 49 2410 910 33 5
238 23 71 26 6453 10 20498 249 4 54 3 218 10679 4820 35 1986 249 6 500 33 7 3 108 523 6599 2209 10 46 1381 111 746 547 4 284 93475 3 83 6599 979 177 401 24 5
20498 249 5
558374 6788 3490 522 35 10 2156 33 5
211706 76396 95627 84254 90468 86446 9897 122816 250240 219464 142432 229739 130496 138347 350258 469697 335157 557223 145121 302071 272643 392999 324110 403738 81 678 6 27 184 1415 7 109989 80 27 59 220 9 296 696 14536 5018 543 15 2236 628 25 3 4820 962 10 3 172 2124 5
17 302 2388 25 3 558374 3490 5867 42 2236 10 3 885 854 223 10764 5
931 213079 223 9065 42 220 6 3855 1596 18398 7 854 13 848 9 296 696 1069 7 290 910 35 302 2388 4 409 13063 147 868 4 459 70543 8 503 746 547 147 868 33 5
79 197 7 183 854 9122 19 9 11861 7 249 13063 290 42 3467 21 9 3890 5907 7 3 1081 6372 628 3883 25 3 854 223 10764 5
931 9122 42 16277 543 15 3 508 6680 53 43 539 9 9149 7 1945 10 47 67 49 48 547 31 27319 35 104 7 854 3962 89 42540 6 4736 10 47 3 910 6453 16 100 1324 25 57 254 10 3 4434 6 184 4 49 34 27319 19 120 83 910 33 4 70 70543 8 746 547 31 848 10 3 9122 4 8 9122 35471 6 523 9013 49 523 1172 7 3 9013 5
145 3890 5907 7 183 854 9122 42 115 558 6 9 197 7 746 2360 538 9 1401 2673 226 16 9 63039 83315 2912 25243 6 1401 2438 35 196 56601 12283 32330 4 6833 4 7560 33 5
145 2912 18 4108 1589 14 1401 2438 10 678 6 9239 3 11414 7 133 2438 109 13563 53 35 4114 33 4 35 25547 33 44362 8 35 31883 33 10292 10363 5
17 2164 231 7 1401 7176 8 3 83315 1506 2228 6 2703 25 3 22340 6 3 104 1812 8090 5
2228 6 2494 9 134304 1527 5867 114 3 1481 505 9 3 194 7 290 854 8939 5
30504 1584 42 53 35 9 33 38 219 3 910 16 9 746 4 35 8862 33 38 219 3 910 16 9 83007 4 35 8258 33 38 71 34 1107 289 23 16 9 746 49 9 83007 5
98586 708 842 32 946 7 3 11924 7 3 10188 9871 13 80 27 220 10 678 6 1379 3 3729 6 3 296 696 746 2360 5
139385 7 3 1401 2673 220 32812 3 296 696 10679 98586 708 5
139385 7 3 1401 2673 220 32812 3 296 696 10679 650 5
81 46 296 696 3490 650 80 467 14 5272 5323 6 1845 619 19 93 172 791 10 854 223 50609 726 49 49474 5309 5
527 4 70 7 91 39 767 791 877 64825 854 482 4 8 7 593 2477 7 91 7905 10 3 558374 3490 5867 5
20498 341 2464 3 1884 148 3 109989 3490 538 3 558374 1217 35 33 8 296 696 1217 35 854 9892 33 5
20498 341 5
75250 7 558374 8 296 696 522 5
211706 9817 28299 7088 28299 9897 132049 130496 121083 106607 557223 195301 293048 403738 255071 41221 3 522 7 3 67 523 3490 4309 80 71 196 13 3 296 696 3490 16 146 48 3545 5
6832 3 296 696 3490 596 201996 5514 14 4092 8 70543 31 8 3995 35 196 98586 700 33 35 196 161 2124 14 9 3297 2898 33 5
6449 696 6788 3490 522 35 10 2156 33 98586 700 5
6449 696 6788 3490 522 35 10 2156 33 5
238 80 27 1595 4 108 523 6599 42 1254 8 677 538 67 523 13693 4309 5
134 71 10992 13 742 49894 1217 52396 333 522 10 558374 26753 4 10 614 4 11797 1217 16 3 282 1712 5
81 98586 704 80 6786 3 522 7 3 67 3490 4309 14 3 108 70543 5
106292 3 558374 5018 1388 9 568 201996 5514 14 70 70543 5
54522 3 12016 2106 9575 960 14 3 14077 5036 12510 6 3 67 3490 4309 80 4498 9 3280 3082 11102 4 3847 11047 13 80 71 34 1384 3 558374 8 296 696 4309 21 3267 5
1532 28299 4830 6449 28299 6788 3490 522 35 10 2156 33 98586 704 5
1532 28299 4830 6449 28299 6788 3490 522 35 10 2156 33 5
631 3 83007 7180 543 10 3 6358 8009 120 2854 49 1739 9384 7787 4 3 67 70543 19 333 522 5507 523 7787 7 9384 5
134 494 3 1033 524 192 67 70543 27 825 773 10 970 7 109989 3443 10 3 12251 5
34427 9 35126 2854 7787 21 962 10 8941 10548 5
35 196 241 89 2900 100561 33 4 47 754 23 48 36722 6 3 14130 7 3 11455 19 83 547 5
10052 4 59 58225 166 6 3 14130 7 3 11455 19 83 547 4 658 4 10 46 267 3 7787 220 16 34 32 10023 2854 31660 4 44 9 4624 31660 89463 5
66 71 26 2186 13 3 5188 4859 10 3 4624 31660 10 16 3267 10 970 7 9384 522 6 3 35126 2854 31660 6227 10 5
17 109989 3490 4309 3677 10 46 162 31 3244 1816 25327 1665 4 21 43 31 3581 24 3 61149 960 5
24458 25327 6599 31 13593 21 43 112 34 159 76 1250 3 2634 684 49 12251 7 3 2210 5
81 83 1299 4 35 33 2520 31 3 8785 6 1445 8 8612 3 5269 110 2870 5
355 80 7810 7732 2210 6 9 556 61149 960 46 144 34 26 9 565 4 21 80 4753 77458 2634 6589 6848 35 141 377 80 112 34 542 91 1752 33 8 3 3979 3225 16 3 665 7 3 11455 148 3 37473 8 192 2634 6249 6589 5
527 4 65 80 31 2957 19 1574 5207 7 3 61149 960 4 114 90 42821 250 166 26 96611 4 80 250 256 6 59 13441 3 6706 18733 7 3 2210 5
999 24002 8 26884 3 6706 6589 7 3 2210 80 31 10309 9 35 33 4775 5
9049 4 24 580 976 3 2210 80 31 363 823 93 38275 5310 27 45 6227 10 678 6 12263 3 2360 5
2843 2360 31 1618 7900 24 3 71073 1102 35 12283 32330 4 2560 33 8 43 3130 6 23335 6249 684 4 5303 8 7113 6 1906 42821 13 142 26 100 1906 96611 17125 5
1113 46 492 16 34 9 689 1364 10 3 1379 162 4 21 80 7046 1101 15 3 6085 201996 4 48 3592 25243 1665 250 26 1589 543 15 17112 111565 2279 6599 105 3 11797 726 1415 35 12283 32330 4 2560 33 5
238 2042 10 46 1381 4 3 6062 2020 7 77458 3225 16 32 3994 1236 4 141 65 4605 10 3 18751 9962 7 9 854 223 276 10199 11455 5
134 27 12956 3 2673 7 523 532 64152 8 59 84 1225 6 1213 3 565 7 3490 5
17 522 3455 1798 4459 13 3 296 696 1217 6 3490 16 146 48 3545 10 46 5114 5
12502 4 80 342 6 3030 48 3844 2279 538 46 1217 5
238 2921 10 3 1381 4 65 80 1746 11797 64152 80 1506 523 11797 6589 8 690 6 11032 91 2875 95 3 3979 20589 10456 76 9 48 77458 3225 5
134 494 13 3 522 3455 10 3 26753 31 4547 19 3 7254 8 6582 7 3 11797 6589 80 27 1967 15 53 1164 4 2900 8 3 30110 6589 105 8489 5
1113 206 522 27 45 3455 4 14 946 4 24 4 149 3 928 8 2279 650 31 149 6564 5
13166 6 46 4 742 9 206 50609 16 3455 154 3 928 650 4 480 46 83007 16 351 25 3 928 62460 6 3 2279 57 4 23 36 34 1849 48 125 23 16 877 5
1301 4 9 537 426 162 51 26 6 132 231 7 14510 12391 2854 650 8 49894 95 87 51 26 97 57 62460 4 110 23 220 14 928 8 2279 22 3 216 89 5
349 3 83 881 4 329 89 3 83007 16 351 6 9 84 223 4 23 51 26 488 6 422 15 2854 25 84 547 5
81 678 6 2769 333 201996 522 80 342 6 11032 568 653 11797 6589 4 2638 2854 12251 133 21 35126 2854 5
81 644 4 21 80 27 381 4 1798 44239 2545 6 46 2419 5
249