17 229 7847 11249 29 241 45 7 485 518 189 6 9934 8 15204 5
17 229 7847 11249 16 6008 9 282327 421 4 883 110 229 7847 49 34 5
1203 11245 8 7732 1442 4309 2882 3 13300 7 229 7847 4 8 92 46 13300 16 1370 58 3 29156 871 4 153 3 10900 16 6 26 229 7847 5
659 1297 3 8958 7 3 229 7847 10900 4 46 1381 74 10637 3 13037 229 628 7 42965 2484 5596 3883 24 3 930 4828 32380 2706 35 33 5
1301 80 1589 9 229 7847 10900 1506 543 15 70865 1625 4859 270 60401 4081 35 33 5
134 6786 3 19372 8958 773 148 129 8 7732 1442 4538 4 8 1919 9 333 229 7847 7678 1506 6 185 9 344 1474 914 49 9 762 7 3228 132 333 421 10 9 1521 229 7847 5
17 8365 5441 13 535 93475 83 2520 10 3 773 7 1521 229 7847 7678 4 8 12146 80 71 4764 426 229 7847 48 9109 58 120 83 2520 5
145 21443 10 40708 7 426 229 7847 71 2537 4569 6 3 4007 9594 7 9 136 4 8 12146 138 68 25 706 6 229 2582 6 120 421 3891 7 9 136 71 132 231 7 14 3 333 2969 8 5224 421 363 47 71 321 6 568 1763 8 711 2770 1599 5
1743 7847 16 9 1043 10 1521 1474 220 6 4459 9 1215 65 3791 6 6651 7 9 136 31 1961 49 7888 19 5093 5
5356 229 7847 71 321 6 2328 5
1743 7847 16 1618 2442 19 90 569 6 3 136 109 192 31 424 21 569 7 229 7847 5
66 29 45 117 85 121 3 229 8 2484 3609 27 1861 3 2125 7 229 7847 1183 72 3 271 265 1208 5
355 9 711 16 163 229 7847 4 3 983 3684 2891 9704 50 200 871 4 4880 7 2241 8 416 1618 5493 15 780 15 2280 970 4 8 528 2443 142 7551 40 2353 10 9959 7 34 587 8925 15 89 5
1743 7847 10 291 71 321 6 544 13 71 1128 3 3961 7 891 5
238 32838 711 871 8 32838 4988 871 12280 6 26 3267 2582 37 31 1479 6 2083 250 690 6 2589 871 25 6651 6 2083 5
7219 4 229 7847 71 19712 569 1547 6 3 983 4 133 21 48 1908 2969 4 1251 569 7 1380 8 287 8510 1032 5
17 711 2106 470 7 4077 1117 455 36 1618 474 4 363 23 48 841 8 1908 6 1075 3 146 666 905 5
81 32 900 6 8922 4251 5609 4 891 250 1042 15 5796 12901 1380 5
10702 7 9 8828 711 1618 27 798 12402 8 568 2847 1022 24 3 853 808 7 2328 4 47 51 674 91 61 7 40 599 5
2758 571 71 26 287 8510 65 163 133 9 4710 5
17 229 7847 11249 29 241 45 7 485 518 189 6 9934 8 15204 5
17 229 7847 11249 16 6008 9 282327 421 4 883 110 229 7847 49 34 5
1203 11245 8 7732 1442 4309 2882 3 13300 7 229 7847 4 8 92 46 13300 16 1370 58 3 29156 871 4 153 3 10900 16 6 26 229 7847 5
2625 6599 42 1273 14 12538 282327 544 5
17 6599 71 26 40345 21 27728 8 103860 2376 6599 5
17 27728 6599 231 9 517 49 9 1535 6 1687 67 600 10 9 46302 19372 565 5
2018 3 974 27728 6599 16 9 11245 2376 1506 8 14510 182439 27728 2376 1506 5
66 16 6682 644 13 229 7847 16 57 7 104 533 15978 1866 5818 3 711 871 5
81 46 542 4 80 1146 2520 538 11245 4309 35 2489 2376 4 67929 56018 33 4 179777 35 106153 33 4 19372 3472 27964 35 33 4 175314 2642 4 8 6 4764 229 7847 5
17 9560 7 3 1652 1381 16 21 3177 5
8941 341 5152 90 601 3519 52 1521 229 7847 10900 8 2953 2854 6599 5
8941 459 4853 9345 1746 8 2376 4644 5
520 9345 522 31 2209 8 10637 10 8941 503 4 8 1435 129 14615 2932 31 1252 10 8941 500 5
8857 229 7847 10900 28397 601 15 229 7847 456 6 828 10 3 2272 378 10 4205 463 6 3 938 796 663 25 3 5238 1031 5
25709 35 10031 33 74 220 2376 6 4764 1521 229 7847 8 384 61 13 523 229 13544 27 523 1175 5
438 601 16 4363 6 1800 9 29156 8515 871 14 290 229 5514 10 678 6 30174 76 67 600 5
435 192 1510 5514 16676 4 11245 27728 2520 456 6 26 3677 6 3 565 7 1521 229 7847 10900 5
22233 35 6973 33 4723 3 2489 2376 4 10 13 28 43420 32 1570 711 2106 1846 538 9 197 7 229 8 292 13544 5
17 1506 773 18 7156 14 67 85 103 229 7847 4 8 153 11393 6622 14166 5
302703 35 5108 33 2042 3 67929 56018 19 9 4859 6 3 229 7847 10900 5
13751 6 3 2489 2376 4 3 67929 56018 1506 18 2538 6 1445 121 3 67929 1846 4 427 9 871 148 6494 8 249 4 18 10 9 131804 152 5
81 8690 19 3 4430 19260 7 1416 718 4 628 4242 4538 27 45 1589 8 35171 3677 6 3 891 544 121 2661 5
7337 4242 4538 31 177 4116 14 4231 32 4000 2677 49 103860 5195 10 9 1650 628 197 5
2018 192 4538 4 7732 32542 2642 27 45 220 3684 5
17 689 518 7 9 4900 1058 7 601 18 6 5576 3 2177 7 363 48 5050 10900 58 3 1510 11245 4309 5
37461 4 43645 4 8 119870 35 3495 33 8 9158 8 33495 35 4164 33 661 13 3 32542 2642 1506 9176 229 7847 48 10366 58 27728 2376 8 67929 56018 5
81 3 27075 4 146 162 29 1967 15 84 13991 27964 10 3 5114 7 32542 2642 14 3 46302 19372 544 105 3 229 7847 10900 35 4 1278 109 79756 323 16530 4 1095 33 5
4 1604 4 8 35 1278 33 1589 9 4624 31660 543 32542 992 1506 14 6879 4172 1470 8 5422 50 165644 470 677 6 138 7 543 32542 2642 8 2489 2376 5
1249 3184 2062 27 277 5422 1678 2520 14 3 4213 20238 7 229 7847 4 23 866 177 841 6 17302 1297 3 11249 8958 1281 3 1806 6599 5
659 1800 9 48 5050 8 2239 10436 10900 1217 4 2410 7732 1442 4309 150 22190 8783 4 4624 31660 4 270 60401 2953 4 18003 4 27 45 3639 3677 10 1521 229 7847 11249 5
35 744 33 1273 9 8515 11264 32542 992 1217 19 9 4624 31660 8 677 3 773 6 3 1510 543 32542 2642 8 2376 5
16530 4 2552 4 8 81784 35 280 33 1273 32 6582 1264 3136 143 6 11076 7801 3 1001 10 231 11245 8 7732 1442 4538 5
81 1654 4 24 10503 2489 2376 4 67929 56018 4 32542 2642 4 8 421 2855 4 43 1589 32 79246 1506 19 1441 2059 543 15 32542 992 2854 14 229 7847 10900 5
9207 60401 2953 17 270 60401 2953 35 187305 33 16 9 3982 19372 5533 1273 24 8 30 182 22 4299 323 3116 4193 17719 35 51695 323 4 3401 33 5
187305 16 9 206 4462 14 3 67 52950 5
187305 2527 9 27728 1506 6 1687 5907 628 137 90 108140 15987 25 3 9796 83735 76 3 272 61638 2419 904 5
17 27728 1506 9168 10 3 84 904 71 3001 9 108140 421 11763 10 3 1494 904 5
187305 3899 22 1913 9 856 843 7 27728 1506 4 3 2395 19547 14627 5
17 928 266 13 31 2211 6 3 19547 14627 31 226 270 83735 4 47 2258 3 421 8026 5
81 614 745 114 3 628 16 34 180305 6564 4 187305 2527 108140 4081 6 384 9 13 53300 3 221 7 5464 15 3 928 197 35 34792 4 10558 4 323 29143 4 274 33 5
187 31 179 1029 54861 4859 3351 7 187305 133 21 27728 54861 4 395088 54861 4 70865 1625 54861 4 8 54861 5
15060 3394 8 96734 1046 345 9 2409 604 10 3 773 7 5
527 4 87 16 93 614 4199 14 3394 7 187305 54861 4859 8 19393 95 300 5
81 614 4 3 70865 1625 4859 35 33 16 1282 14 187305 5
17 54861 9013 3 5036 76 3 272 61638 904 4 95 23 71 3383 108140 565 5
10526 4 3 27728 54861 16 9 856 267 7 3 5
17 54861 37662 105 3 14 1087 96734 109 658 4 23 16 34 7716 163 90 19393 5
17 169 1033 16 3 221 7 47 12467 3 10119 7 1506 3394 5
17 395088 29 48 19393 58 3 54861 5
5583 4 3 4859 29 287 28579 4166 5
631 54861 2770 31 6494 11102 249 4 395088 54861 871 142 198 6 37214 49 4568 65 3 2463 16 528 5
81 1243 4 395088 54861 1141 9 902 89 10 3 928 967 8 16 217 6 1657 1734 522 58 3 54861 10 3 767 2062 35 34792 12283 32330 4 274 109 18150 4 7744 4 323 18409 4 911 109 39131 323 28044 4 1278 33 5
17 27728 54861 187305 29 93 19393 6 7322 2936 14 4854 273 3 108140 187305 4 87 31 1117 19393 4 3 54861 19393 6 7322 5
120918 3394 7 3 1936 96734 3298 8 54861 19393 71 899 49 544 5
7525 4 90 5066 7 96734 1046 1217 31 4723 133 21 2858 25017 2151 8690 7132 1046 4 187739 1046 4 8 42101 7 1506 19393 496 3 175314 660 6684 35 495742 4 4 4 323 4 744 109 27485 4 1604 4 323 10583 4 502 33 5
29507 2855 29507 3472 2854 16 57 7 3 104 1940 220 8 5238 4309 14 129910 2854 5
15293 25828 9965 6 3 954 10978 25 3 421 3472 4538 10 628 4242 5
17 628 197 16 6564 76 117 64360 10 9 152 6 474 3 20115 4 47 16 3 2463 6 47 3 6325 12911 9317 6 9 1087 1427 5
17 954 13 31 3677 14 14087 3 628 31 226 3 20241 954 5
29507 3472 16 9 14510 182439 5018 8 6943 14 16192 61 11455 1102 49 360411 5
81 117 745 4 421 3472 16 220 14 3 8347 7 9088 7 3 2376 522 5
33354 2855 27 179 3351 7 5018 133 21 35 54840 4 5108 33 4 95033 35 4 12051 4 4 323 5878 4 5810 33 4 125917 35 94768 323 61979 4 2773 33 4 8 35 32988 4 4164 33 5
35 48426 26327 6062 11455 9674 33 5018 16 543 15 3 48426 2842 960 7 3320 5
79 3472 16 9 421 3472 13 16 9168 24 2556 14087 108791 7 3 904 76 67 49 48 693 30864 4 1431 19 3 1519 628 197 35 643 323 1409 4 2773 33 5
659 2258 3 282 2714 22 120 38105 4 120 35512 1808 7 5835 7 3 34141 23394 16 11831 285 87 16 93 17281 964 1884 496 3 1808 19 2201 6 3 1341 12911 5
145 5018 6661 1900 19 16764 148 3 1216 23394 13 31 1752 558 25 32 5448 7 3 3472 5
17 380 30864 2705 52607 4939 24 523 2757 7 1216 23394 35 263066 323 90457 2004 4 4164 33 5
95033 35 55706 8 56018 3472 33 16 9 172930 95453 5018 6 26 220 189 14 56018 8 19372 5
95033 16 9168 24 14087 108791 7 3 628 197 538 70 34141 23394 6 1000 67 693 30864 2556 4 1431 19 3 1519 628 197 5
17 282 34141 16 3112 538 9 2726 7 170225 49 7139 1170 35 119335 4 4 1433 28499 4 8 248 26327 44398 33 5
17 733 16 6 1657 108791 7 3 628 47 31 21 62736 21 537 19 2201 6 3 1341 12911 35 12283 32330 4 5810 33 5
125917 35 15383 4 30771 4 4213 11245 3472 33 16 9 46302 2714 421 3472 31660 14 19372 8 628 4242 5
125917 71 26 220 19 49 27728 3109 19918 5
79 2665 2419 16 13 50 17807 3394 5018 29 22946 9124 5
208 70 3 13987 31 170132 19 2201 6 3 1427 17807 4 153 290 29 2429 3 216 337 7 110 3467 6 2714 9 38105 35 94768 323 61979 4 2773 33 5
35 9955 1185 21328 33 16 9 12391 2854 19372 31660 220 6 13014 421 2855 25 3 628 35 32988 4 4164 33 5
1203 34130 2854 1443 31 392 9 197 7 40476 6401 745 109 290 962 24 9 60401 7 17807 2770 4 8 57078 25 91 9 15987 25 17807 2770 6 3597 5
16 57 133 284 13 19601 421 3472 536044 5
66 2527 9 223803 1217 6 875 421 2855 5
17 689 1884 148 8 83 825 421 3472 589 27964 16 10 3 960 3394 8 8557 650 5
81 46 542 4 80 220 1415 7 92541 1291 13 220 14 58994 1341 23394 5
133951 2642 41748 9419 35 106153 33 31 511151 32542 2642 3559 19 3 2029 31660 5
158 31 12391 2642 95 43 1871 9 13228 1070 6 26 3559 5
158 1849 143 6 7532 9796 628 76 9 13228 1070 4 95 43 31 1940 220 14 5195 19372 5
473 57 49 67 4438 10746 4 43 71 26920 3664 120 327019 4434 5
158 27 45 1595 6 26920 3 773 7 19547 11245 536044 10 841 544 5
17 104 974 17087 992 16 3 106153 35 4 2391 109 483345 4 11389 4 4 323 4 744 33 5
2642 27 9 17087 201026 4859 21 3 360411 14 3 4438 9419 5447 3893 5
17 201026 4859 15618 97 6 9 396 642 7 3 9796 904 114 3 201026 16 9836 5
17 629 6 9 1408 7254 7 192 2642 16 6 384 6943 3710 14 3 201026 7410 5
145 71 26 617 19 12391 2854 4 44 32 32601 1217 1618 5708 333 522 5
17 1653 7 3 992 16 13 23 3831 3 9796 6 3354 4434 538 325 5
14689 3 12391 5280 16 1122 9 27728 3109 7 3 5
1249 27728 27 265 17509 4 192 2642 1649 2422 2025 8 1871 2121 928 5036 35 4 2391 109 483345 12283 32330 4 744 33 5
7337 6652 8 8365 273 3 5867 4 80 220 3 13037 229 628 3883 24 3 930 4828 32380 2706 35 33 5
17 5596 220 10 3 2376 7857 6 9 2484 386 19 32 3273 1646 25 56 249 99 6 56 700 99 5
238 2795 4 3 221 7 45125 5596 16 146 1731 58 3 221 7 2267 35 14510 45125 33 5596 5
659 9635 14 46 45689 3201 4 80 1823 67 5036 7 3628 1646 4 57 290 25 3 67 52607 35 45125 8 14510 45125 5596 33 5
17 628 17244 7 85791 45125 5596 8 85791 14510 45125 5596 25 3 1542 64 5
17 23394 31 5210 6 1667 2029 1966 3201 4 21 46 2939 6 1128 14555 5464 5
6165 7 7535 23394 10 676 4 3992 23394 31 3467 24 9 9575 960 21 9 4176 4463 4 8 153 407 23394 31 1435 3467 24 9 211739 67929 56018 5
17 23394 1435 3467 539 518 1950 6 348 4 1234 6 348 4 1219 1234 6 348 4 3708 1234 6 676 455 4 498 9192 6 676 455 4 561 489 7 11662 1124 4 8405 7 15978 1124 4 1050 2969 470 4 1050 418 455 6 676 455 4 561 489 7 498 1124 4 8 3708 959 6 1050 973 5
20498 249 61685 3 23394 8 3 24648 7 3 23394 220 10 46 542 5
20498 249 5
12418 7 229 23394 3467 5
252980 156269 11230 1950 6 348 35 83518 33 35 11230 33 98236 577 23495 6 348 35 96672 33 35 33 98236 577 8660 1234 6 348 35 94158 33 35 8660 33 98236 577 28689 1234 6 676 455 35 239952 33 35 28689 455 33 98236 577 9457 9192 6 676 455 35 71414 33 35 9457 455 33 98236 577 9933 489 7 11662 1124 35 90878 33 35 94892 1124 22 3 194 7 3 1124 22 3 1431 7 3 64 98236 577 33 115998 577 55243 7 15978 1124 35 308820 33 58508 676 1124 115998 35 1444 10 1531 1635 683 1124 33 56012 5959 2969 470 35 458192 33 35 11230 1950 115998 518 6903 33 5959 418 455 6 676 455 35 33 58508 35 9457 1124 115998 498 9192 33 455 56012 98236 577 9933 489 7 498 1124 35 123915 33 35 9457 1124 22 3 194 7 3 1124 22 3 1431 7 3 64 98236 577 33 115998 577 28689 959 6 1050 973 35 33 35 28689 973 33 98236 577 3194 628 197 16 2714 76 67 108791 53 9 928 197 8 9 25017 35 32044 33 197 5
17 928 33498 16 220 6 1649 3 10900 2520 5
17 25017 33498 16 220 6 960 3 1506 2106 10900 773 14 628 13 27 34 45 220 6 1800 3 19372 2520 5
273 290 197 7 628 197 4 9 928 33498 8 25017 33498 4 14484 7 1054 202 8 716 202 7 3 628 4 3995 4 31 14027 3467 5
134 16252 218 400 35 11686 33 7 628 197 3394 4 37582 8 2279 650 6 1128 3 969 7 6951 13422 10 628 197 11975 35 13799 323 4 3952 33 5
79 166 424 5018 4 2858 25017 16 3677 6 6298 3 547694 7 3 960 522 5
273 3 8347 7 2858 25017 4 218 1216 628 2757 31 1146 48218 195773 5596 35 2429 1054 202 33 31 14027 3467 61 7 42965 5596 10 676 21 3 928 628 197 8 3 939 220 14 3 25017 628 197 5
238 3 74 1092 7 3 5867 4 9 2029 410870 119 71966 992 18 2203 5
81 106153 4 46 542 16790 3 221 7 30864 10 3 4438 9419 8 5964 6680 14 928 5
81 1654 4 341 4 500 4 704 4 407 4 985 4 2511 4438 30864 31 220 14 290 5964 38020 106 106153 340 34 27 9 614 1396 14 9409 3 19547 221 7 4438 30864 35 253609 4 3952 33 5
273 3 5964 6680 7 106153 4 46 542 2228 577 4 1410 4 1992 2854 129759 147 57 928 946 121 87 16 312 614 2505 14 13896 3 221 7 129759 5
17 2854 489 16 197 6 6909 8 3 4050 1043 16 6 8642 5
17 4438 30864 231 3 55853 105487 2589 4859 8 3 3354 38105 2527 3 216 2589 4859 5
134 231 71193 6 3030 3 106153 8365 5
631 19372 3472 27964 8 106153 31 543 15 14510 182439 1217 4 187305 16 543 15 182439 1217 4 8 2961 11409 10 17315 8 11245 3695 5
659 5507 3 4860 7 187305 4 80 220 3 656 1185 35 44123 9610 4 491 2076 33 7 54 1927 27396 23 14 129 542 5
17 67 104 533 1959 10 7254 7 187305 16 16619 8 54861 3394 53 14 16619 4 80 180305 12010 3 2770 7 70 2000 6 3 1079 1356 4 1362 6 1368 3 745 13 2000 19 485 70256 11612 7474 138 10 1731 70256 11612 5
2018 117 558 54861 7410 35 27728 4 395088 4 70865 1625 4859 4 8 33 4 80 220 54861 106 23 16 1369 6 5507 8 71 3383 3 108140 1322 148 1427 7005 8 2000 5
17 19393 13 144 26 30512 14 3 54861 31 3 1936 96734 3298 8 3 54861 4859 96734 5
273 8200 20683 544 4 3 7132 1046 5533 16 32 4213 152 6 384 3 282 3298 8 5
81 7132 1046 5533 4 9906 7 35 3298 4 33 31 873 8 3 57 19 3 282 2858 25017 8958 16 3112 5
659 1297 3 83538 1175 4 7132 1046 2527 8033 13091 2858 25017 650 5
12502 4 10 46 542 4 3 96734 7 54861 18 197 22 6909 6 15483 4 8 3 96734 7 54861 3298 18 197 22 183 4 302 4 716 4 1054 4 1614 8 577 4 6 384 3 19547 96734 2770 7 3 54861 4859 7 13 29 3 282 10900 773 5
12811 4644 98586 249 6852 3 2376 4644 220 10 46 542 5
17299 249 842 101627 967 5
17 1277 7 1506 5473 1553 15 3 1277 7 628 3883 10 117 745 5
145 542 2527 9 1906 6951 12540 5018 5
19727 10 1092 341 15974 4116 628 137 628 5633 5
57216 10 1092 459 28792 3 3883 628 6 6298 3 773 7 3 1506 137 6589 133 21 8586 4 127869 4 8 16839 5
84630 10 1092 503 10744 2520 538 11245 4309 35 42223 4 523577 33 4 2953 2854 35 106153 4 33 4 175314 2642 4 8 6 4764 229 7847 5
19647 10 1092 500 1665 3 11040 4 18550 4 8 48450 7 3 1282 229 7847 10900 1506 5
145 1092 59 9670 3 773 7 3 1282 1506 19 13 7 83 2520 5
12811 4644 98586 249 5
12811 4644 5
238 1595 10 65588 341 8 459 4 3 19547 2770 7 3298 8 42 10978 538 3 7132 1046 5533 543 15 42116 2858 25017 5
81 46 542 4 3 96734 7 54861 18 197 22 6909 6 15483 4 8 3 96734 7 54861 3298 18 197 22 183 4 302 4 716 4 1054 4 1614 8 577 4 6 384 3 19547 96734 2770 7 3 54861 4859 7 13 29 3 282 10900 773 5
17 522 7 3 542 661 13 3 10900 773 7 3 2858 25017 18 282 65 3 19393 7 54861 4 3298 8 4 42 1054 8 7853 4 3995 5
17 596 10900 773 18 313001 202 5
20498 341 5
55706 522 538 3 6060 11488 3298 11686 249 11686 341 11686 459 11686 503 11686 500 311576 5
35 202 33 6909 183 350835 256614 477976 302 318693 716 356587 302818 523879 472389 479294 1054 356587 356587 485198 523235 375654 1614 353857 401345 379938 442765 577 397299 401345 441085 6766 183 472389 394581 484468 481531 302 472389 415055 522379 379938 539919 716 441713 230586 431169 477976 356587 1054 302818 350835 431169 477976 353857 1614 442765 401345 338674 477976 353857 354333 577 356587 523879 477976 353857 6822 183 353857 415055 256614 375654 302 375654 456173 479294 397299 716 359765 484468 341232 359765 441806 1054 441713 394581 356587 442765 1614 523235 490524 356587 442765 335460 577 442765 484468 490524 356587 375654 7257 183 442765 508126 401345 350835 302 353857 375654 338674 350835 716 375654 356587 519825 415055 264052 1054 479294 523235 341232 350835 1614 341232 350835 326038 577 302818 504376 341232 326038 287264 5853 183 415055 423382 416007 409583 99777 302 415055 479294 424369 532613 532613 393237 716 309793 312373 394581 394581 503344 1054 490524 309793 302863 341232 296746 1614 415055 375654 309793 341232 401345 577 397299 360396 309793 532613 359765 20498 459 5
55706 522 538 3 6060 2453 5
3298 11686 249 11686 341 11686 459 11686 503 11686 500 311576 5
35 202 33 7853 183 394581 338674 502789 302863 465164 302 509174 509174 518087 424369 338674 552384 716 256614 509174 338674 528567 1054 508126 525663 523879 313001 1614 394581 523879 423382 577 523879 424369 346861 8642 183 509174 341232 424369 341905 302 423382 256614 424369 532613 716 256614 415055 309793 523879 394581 213552 1054 256614 409583 442765 424369 341232 1614 424369 523235 424369 341232 458767 577 522379 523235 523235 523879 341232 494902 9193 183 532613 490524 326038 423382 280654 302 397299 350835 312373 424369 386453 716 375654 409583 312373 431795 1054 353857 523235 485198 309793 1614 356587 523235 233646 409583 375654 317812 577 477976 380780 409583 375654 10355 183 523235 409583 409583 498545 302 477976 397299 326038 375654 394581 473757 716 504376 442765 356587 394581 318693 1054 401345 523235 341232 279412 1614 436661 350835 341232 444522 577 350835 332763 532613 359828 15483 183 332525 442765 490524 401345 302 447771 353857 401345 415055 335460 716 477976 523235 484468 230586 1054 388776 477976 504376 230586 350835 423234 1614 233646 230586 401345 577 297499 385527 230586 398504 20498 503 8 98586 341 6786 3 10900 773 7 42223 4 523577 4 106153 4 4 175314 2642 4 8 538 42116 2858 25017 5
134 71 1415 3 10900 773 538 8958 489 35 59 3876 6 21 339 5514 33 13 16 7154 24 13500 3 676 221 7 4007 7736 24 3 676 221 7 7736 5
17 689 3644 7 46 2858 25017 4644 16 6 4498 3 596 8958 713 14 70 43241 10 3 218 2757 35 218 61652 147 197 33 5
79 42116 2858 25017 16 4723 6 6298 3 547694 7 3 960 522 35 10141 4 5707 4 4 323 4 2391 33 5
20498 503 5
33962 665 15 25017 628 2757 5
11686 249 35 202 33 11686 341 35 202 33 11686 459 35 202 33 11686 503 35 202 33 11686 500 35 202 33 311576 5
35 202 33 402280 42223 346861 438353 479294 50750 523577 307226 420000 398593 309872 46366 106153 249630 542851 535173 52125 287547 548778 418954 364077 360396 47719 175314 368433 541205 364623 295521 43614 508126 525663 523879 313001 33791 17 19547 96734 2770 7 3 54861 4859 53 35 3298 3082 1054 4 3082 7853 33 196 3 6636 2770 7 20498 459 5
9897 8958 7 10900 2520 98586 341 5
9897 8958 7 10900 2520 5
20498 503 8 98586 341 240 3 596 8958 489 14 290 1506 5
2018 192 2520 4 842 3 1391 653 7 596 8958 7 313001 202 19 392 25017 628 2757 4 979 24 523577 19 309872 202 4 8 106153 19 202 161 10 40 773 5
175314 2642 39 3 2654 773 5
17 535 93475 83 2520 10 3 773 7 229 7847 10900 109 80 71 4764 426 229 7847 48 9109 58 120 83 2520 5
145 21443 10 40708 7 426 229 7847 71 2537 4569 6 3 4007 9594 7 9 136 4 8 12146 138 68 25 706 6 229 2582 6 120 421 3891 7 9 136 71 132 231 7 14 3 333 2969 8 5224 421 42092 47 71 321 6 568 1763 8 711 2770 1599 5
134 231 3 1130 7577 960 6 5518 289 49 34 3 31392 773 7 16 2537 333 58 138 7 83 2520 5
17 1130 7577 960 16 9 14510 182439 2155 6 3 14077 12016 2106 9575 960 14 3 267 7 67 1547 5036 49 3629 13693 15 9 837 5907 5
17 960 18 1013 54 2550 37 4 10 9 837 1381 4 1273 189 3 1130 7577 960 8 3 7577 5806 960 14 67 1216 5036 35 4 9527 33 5
2224 3 9575 960 4 3 960 4589 10602 7 3272 148 13693 4 95 23 2818 13 3 628 144 26 5559 22 32 12634 653 7 14555 5
527 23 340 34 1871 7417 52 3 916 7 3 3201 7 3 13693 5
12502 4 23 71 26 220 65 3 209962 7417 13 61300 3 9575 960 71 34 26 6383 5
20498 500 842 3 522 7 1130 7577 960 6 8612 3 19372 773 7 3 1282 1506 5
238 80 71 196 25 20498 500 4 3 773 7 16 2537 523 25 83 2520 22 249 202 49 500 202 7444 653 14 3 104 7 628 2757 5
20498 500 5
1130 7577 960 35 25017 628 2757 33 5
11686 249 35 476425 33 8862 35 355512 33 35 437420 33 35 435761 33 35 435761 33 11686 341 35 236303 33 35 304303 33 35 289795 33 35 435761 33 35 435761 33 11686 459 35 229925 33 35 260591 33 35 291465 33 35 69246 33 35 435761 33 11686 503 35 402336 33 35 269739 33 35 169688 33 35 69246 33 35 435761 33 11686 500 35 164662 33 35 156369 33 35 129944 33 35 435761 33 35 435761 33 9 64399 4015 5
8862 188745 5
1743 7847 7678 16 32 533 8 1940 4400 5890 121 23 29 964 969 15 2257 1866 8 8474 7 229 1938 5
12502 4 5050 229 7847 10900 2520 31 7 1568 3238 6 1678 14119 21 23 1708 91 19 8625 4445 5
659 1800 9 48 5050 8 2239 10436 10900 1217 4 628 4242 8 2953 2854 4538 27 45 3639 3677 10 1521 229 7847 11249 5
81 46 542 4 80 1589 9 84 229 7847 10900 1506 543 15 187305 5
134 6786 3 19372 8958 773 148 129 8 7732 1442 4538 4 8 1919 9 333 229 7847 7678 1506 6 185 9 344 501 914 49 9 762 7 3228 132 333 421 10 9 1521 229 7847 5
81 678 6 10158 3 19898 8 7362 7 4 3 13037 229 628 197 1252 24 3 10 5399 4 2373 7 930 16 220 10 46 542 5
1563 26753 522 5441 13 16 2537 333 58 3 1510 11245 4309 8 2953 2854 4538 65 43 31 3677 6 3 10900 7 1521 229 7847 5
145 21443 10 40708 7 426 229 7847 71 2537 4569 6 3 4007 9594 7 9 136 4 8 12146 138 68 25 706 6 229 2582 6 120 421 3891 7 9 136 71 132 231 7 14 3 333 2969 8 5224 421 363 47 71 321 6 568 1763 8 711 2770 1599 5
2228 427 8625 2832 1945 133 13 229 7847 71 26 5259 5
273 14119 4 4213 8 11356 510 3246 3648 852 6 7367 2067 13 31 6 4768 40 5609 22 32 261 967 5
16 5656 4084 463 6 117 4153 2000 8 3419 83538 773 15 9 1773 1079 7 544 5
1563 542 29 3 508 9705 13 236 454 601 5
17 74 492 14 426 601 14209 6 9 10032 5018 7 13896 32 19547 871 7 19393 10 14 3 282 10900 773 5
20379 4 3 522 25 3 542 144 26 48015 5
1563 542 97 2527 57 3112 628 197 14 284 25017 5
527 4 97 57 3112 628 197 142 34 26 5314 6 132 9 4774 5
66 16 1622 6 1384 9 1087 221 7 523 628 2757 14 284 25017 5
66 51 26 333 6 3617 83 565 30951 35 510 3246 10900 4 869 200 10900 4 4521 534 11249 4 8 1920 9674 33 10 678 6 79117 3 522 7 46 542 5
34910 4 46302 6325 23394 35 45125 49 14510 45125 5596 33 42 220 6 1213 46302 19372 544 5
273 2257 421 49 683 421 363 4 658 4 3 1444 7 3 229 7847 10900 1506 14 6330 3 19372 544 4 49 13 14 11249 11065 35 70256 33 6325 23394 4 36 26 48 7141 10 2755 1407 5
12502 4 9 229 7847 10900 1506 13 7928 3 1877 7 49 11065 6325 23394 36 26 2203 10 9 426 542 5