2355 5309 29 2347 16301 154 3 73 85 6 1297 224 421 363 5
527 4 87 16 149 9 875 236 7 1572 4567 3648 13 71 185 396 6 6127 20683 10349 6 4764 5262 5771 8 3009 16915 1715 5
145 1181 1379 9 41748 2204 284 907 1146 6 7367 5262 5771 8 581 4284 6 3 2634 14128 7 48467 5
17 2669 7 3 41748 2204 284 16 9 2125 7 2204 19 2410 27411 14 14618 6 132 7736 543 15 767 4485 5
145 2204 2125 16 220 6 5507 9 77489 2204 10676 10 7367 5262 5771 8 32 8884 2204 1827 22 1691 421 270 2089 5
1354 2210 12874 4567 4538 10 3 4290 7 3 125535 284 5
622 2007 13604 18 1589 8 3 522 3455 1547 6 396 8 6127 10349 10 9 521 5662 31 2209 5
81 3 1379 229 5114 4 23 16 4279 6 581 4567 3648 8 421 270 1443 13 71 185 3 279414 10349 35 48467 33 6 1297 40 9842 35 4 280 109 3454 323 6793 4 4 33 5
931 3648 8 4309 71 4569 6 1297 3 1806 224 532 12251 4 2790 3 552 24 7678 30199 5771 8 1691 4284 543 15 767 4485 35 48426 4 391504 4 323 354092 360531 4 280 109 6793 323 3454 4 274 109 3454 323 6793 4 4 33 5
238 9 8867 7 46 4 3 236 7 15359 2634 18142 29 17975 5
527 4 12752 8 7678 3 6942 7 192 3351 7 224 9010 4 47 31 12072 24 40 485 34316 4 7952 6 26 9 4093 650 5
66 16 1622 6 13014 2520 13 10792 3 2376 7 3 162 1303 61 10 2571 10711 133 21 1474 5
17 6589 1303 61 976 9 136 31 29371 76 12329 692 35 4 70167 4 4 323 4 1515 33 34154 173645 5
79 89969 16 9 182 7 8820 8 1547 1715 13 31 18774 8 1303 61 154 3 650 7 3145 3 136 2106 8808 35 6793 323 3454 4 280 33 5
17 7410 13 31 1618 1303 61 496 9 136 4 21 4400 496 3 6684 7 46 601 4 31 53 69119 4 7989 2622 4 4645 4 3735 3954 4 31839 22689 2622 4 33567 6 8142 187273 8 2843 7290 5
3194 57 7 192 7410 16 1961 124 76 9 507 7 1715 5
273 946 4 3 3735 3954 4859 16 3868 76 3 508 1715 53 12214 6927 2971 4 9757 7 4478 4 60724 7 4478 4 15156 7 3735 80735 4 8 1258 2622 5
145 1181 12966 32 4567 1217 4 543 15 41748 2204 1443 35 258696 4 4693 23105 4 4693 23105 4 323 4 280 33 4 6 8850 9 1506 14 552 891 8 10900 10 48467 5
41748 2204 1443 31 3 104 15276 2104 6 13014 49474 5309 5146 1443 5
17561 31 46333 9010 13 71 26 12072 137 40 27411 10 692 133 21 10075 4 214906 4 5735 1534 4 855 10612 4 14618 4 2854 8 11081 35 258696 12283 32330 4 280 33 5
931 27411 132 3 41748 2204 1443 177 3206 14 21025 7112 10711 5
622 2204 71 1333 21 32 11924 148 3 4650 8 3 939 7 3 3893 7 3 7112 1566 5
7219 4 7112 2210 71 12874 2410 7732 1442 2520 6 4764 5262 5771 5
81 46 542 80 8850 9 5146 1217 114 3 5937 7 9 66773 31 25710 21 7112 2210 13 18184 6 1000 2520 13 71 15071 72 3 89 8 8744 6 3 2571 912 7 3 1566 5
8616 4 363 537 6 7367 5262 5771 14 3 48467 8 1691 5772 8 4284 13 71 185 6 1262 537 30199 5771 5
17 2669 7 3 41748 2204 284 31 3 77489 8 8884 2210 4 13 12874 84 4538 6 12262 3 628 25 10349 4 10775 3 4279 317 4 8 7367 537 6179 49 40066 10 3 1315 6589 5
17 77489 8 8884 2210 31 2210 35 323 4 1095 33 13 132 231 6 271 4485 6 3764 84 544 5
125535 35 267 543 149815 33 47 2527 271 4485 6 4855 84 544 35 4 6559 33 4 21 133 4 23 16 5099 9760 14 12538 3 565 22 881 5
81 1243 4 125535 754 23 537 6 12874 3 1678 4290 7 6635 2376 76 3 14618 4165 7 3 125535 4 3847 25004 3 3465 7 5310 825 6 3 6589 979 10 396 8 6127 10349 5
349 57 881 3 77489 2204 16 10676 10 19841 5262 5771 5
17 1313 7 317 25 767 4485 55220 3 10900 650 24 19841 8 8547 4279 8 11177 5897 7947 10 767 16676 5
17 13977 4141 7 3 5373 32542 7112 284 20178 3 146974 167005 67818 5533 35 4 1422 33 5
17 28969 967 20178 32 4567 8087 7 1149 13 754 231 7 156936 4 270 60401 56018 8 70865 1625 4859 32542 992 5
17 12339 8 4643 4290 5507 9 421 270 284 14 1149 5
7219 4 3 2505 3455 154 3 10900 650 16 7 485 3238 14 4831 7736 5
349 3 83 881 4 3 8884 2204 16 10676 10 1691 4284 6 1262 5262 5771 8 3096 3 1308 9842 7 3 66773 5
17 13977 4141 15148 825 745 8 40 12510 2506 5
17 28969 4141 20178 9 3093 1217 543 15 421 2855 8 131804 1811 7410 6 5548 4213 8 16915 8090 5
17 12339 8 4643 4290 59 5507 9 421 270 284 14 1149 5
187 31 1678 7732 1442 4538 133 21 7732 32542 2642 35 4 282984 4 323 421234 4 359 109 133978 323 4 1095 33 4 175314 2642 35 4 4324 4 323 173902 4 744 33 4 8 22190 8783 35 323 146539 4 280 33 47 27 45 3677 6 224 1606 10900 5
631 192 4538 71 26 3677 6 1606 9674 8 10900 4 3 2505 3455 71 34 26 11828 76 6275 1665 8 848 10 4831 16676 5
145 1181 6274 9 5373 32542 7112 284 543 15 61917 7 1149 8 421 2855 13 27 3 1175 6 8744 6 893 10 3 1566 363 231 7 271 4485 5
81 46 152 4 46 1181 12966 32 4567 1217 114 3 2505 3564 65 12366 84 544 16 220 14 426 5771 5
17 1217 2209 10 46 1181 16 32 6942 7 129 767 1131 8 12966 32 4567 5138 35 4 4 107267 4 4 323 13282 4 744 109 4 4 531429 4 323 107267 4 744 33 5
17 84 1217 12966 9 41748 2204 284 6 1506 3 19019 2981 7 9 66773 5
7219 4 3 2669 7 3 284 16 9 2204 2125 19 3 1175 6 8744 6 3 893 10 3 1566 5
81 12283 3462 5
35 744 33 4 80 2209 9 284 9935 7 67 267 543 14618 1443 6 7367 3 5004 552 10 3 1715 7 48467 10 3 18444 1031 8 3855 4284 6 1297 3 27152 6589 5
81 12283 3462 5
35 744 33 4 80 2209 9 421 270 4462 543 15 9 267 543 14618 284 13 76578 3 2634 532 6589 7 9 66773 5
17 84 1217 12966 84 4309 14 3 45679 967 7 3 125535 1443 4 21 3 146974 167005 67818 13 5482 11657 3 267 2106 1313 2790 3 380 11036 7 745 19696 8 363 23 2538 6 3521 3 104 825 745 6 3 565 2042 5
7219 4 3 1217 12966 177 4567 28969 12251 4 543 15 8087 7 1149 8 131804 421 2855 5
17 1181 16 10032 21 3177 53 3 161 2124 4241 18506 3 565 13 36843 46 601 5
8941 459 6274 3 41748 2204 284 14 3032 396 8 6127 10349 5
8941 503 5181 3 7254 7 3 41748 2204 284 4 4740 15 3 2634 2981 7 3 233825 8 29039 2210 5
8941 500 8 708 6274 3 522 3455 54 2279 3 284 8 3 7951 7 46 542 5
11287 2622 16 9 3010 1043 14 3 224 6443 13 11899 3 1124 8 1763 7 32 1698 24 2790 3 785 14 1643 103 23 8887 4 26585 3 969 7 9 637 92 23 8887 4 8 18976 9 8870 1313 54 9 637 8887 5
66 4589 9 507 7 1959 13 539 552 7379 4 3 14555 8 8557 7 22129 4 3534 2807 49 11037 4 552 2319 4 8 552 2589 2969 14 1174 13 142 4722 5
766 2508 1407 552 891 10 2489 3497 4 4808 15 3 3534 110 4605 35 9042 323 71365 4 1422 33 5
17 292 1566 29 853 3 775 15 70 291 6 1213 1643 22 3 1391 926 7 3 1698 5
6547 13 12874 9 2832 1217 6 552 891 231 10676 3648 8 27 48 10032 8 5005 2319 15 552 891 5
238 133 4 43 31 10 9 333 827 6 1377 13 552 891 1708 4279 8 10436 317 13 5497 3 738 7 3 1698 8 501 205 5
75 93 935 96 32 1698 2106 1217 16 4 3 3648 220 383 26 2122 55 24 3349 4 33065 2319 4605 35 9042 323 71365 4 1422 33 5
66 16 34 535 1622 14 3 552 2582 6 26 5750 40 209 2062 14 40 6301 6 26 908 5
115710 9 632 1322 19 2634 14128 8 83 5601 71 852 552 15204 6 9372 40 576 19 3 552 739 2106 209 2376 35 12830 4 3401 33 5
7073 11287 2622 35 67340 33 16 4939 21 9 650 4 41449 24 32 9299 2106 762 7 3228 4 891 8 83 2849 4 3677 10 1264 1994 8 356 3 5909 4 1254 6 2705 785 993 13 142 2498 3 9299 4 8 3009 552 6 26 496 50 552 6795 4 6 581 4203 10382 3136 3 5149 7 9299 8808 35 4 280 33 5
17 3032 7 1643 8 5435 16 885 6 3 4397 8 773 7 2508 5
7073 552 891 35 67340 33 16 32 2627 1217 6 3032 1643 356 523 224 7410 10 32 3688 13 2464 9 24204 2435 25 10676 6599 10 3032 2190 1643 35 34792 4 10558 4 323 29143 4 274 109 18150 4 47153 4 48511 4 323 24087 4 274 109 6793 323 3454 4 280 109 14879 4 6794 4 12825 4 323 86391 4 280 109 4 6624 4 323 180544 4 2391 33 5
145 1381 1708 9 3377 7112 1506 6 67340 4 47 36 6229 321 6 333 35596 773 5
67340 2464 9 8918 337 10 32 1698 2106 1217 6 552 5
67340 59891 3 6269 7 552 891 42821 6 539 329 964 224 552 7 3 1698 4 30292 8 39021 5
66 2818 13 70 7 192 1643 26 1109 10 7488 6 290 83 6 1000 9 10097 552 3892 5
66 15553 3 6269 7 552 891 2822 1281 3 2215 8 229 22129 6 539 667 133 21 1739 1264 4 8973 1070 4 746 455 4 8 5257 22129 4 6 610 9 265 5
81 1243 4 67340 21722 70 5158 7 32 1698 10 3032 1643 8 13726 2322 1547 6 3 5149 7 3 1698 2106 8808 4 34 97 14 1720 111 1174 4 44 14 2790 5435 4 3847 8259 333 773 111 3 1698 2106 8808 35 9042 323 71365 4 1422 33 5
14471 8 41748 2204 1443 27 343 1576 4279 154 3 73 1208 8 27 2347 16301 10 523 692 35 258696 12283 32330 4 280 109 3454 323 6793 4 33 5
41748 2204 1443 31 5146 2508 114 3 5937 35 2210 33 18184 6 2769 9 507 7 1446 5
17 2210 31 16001 9010 13 71 26 12072 137 40 5615 53 10075 4 4 214906 4 855 2531 4 1698 4 4703 5
35 4 4 323 4 1095 109 323 4 1095 33 5
931 5615 4 132 3 2210 177 32806 6 26 3677 10 224 1442 8 552 891 11952 5
81 192 11952 3 2210 71 345 523 4125 8 3434 32 19019 1506 114 3 746 42821 8 3 891 6589 71 26 48653 5
81 46 1065 4 23 16 537 6 4498 523 2204 3351 4 10676 10 4097 8090 8 42821 4 13 71 18184 671 6 474 3 7175 7 3 224 8 581 32 1783 552 891 5
17 2210 71 1333 21 32 11924 148 3 746 1481 8 3 1443 4 464 6 581 2410 2089 8 52885 3 909 6 3 284 4 44 59 71 1333 21 16001 9010 13 31 18356 8 71 132 1866 8610 5
81 46 1181 80 8850 9 41748 2204 284 1827 22 1691 2410 27411 14 552 891 10 48467 5
17 41748 2204 284 1708 9 3377 284 11924 6 10792 3 3327 11455 19 3 746 1481 694 10 3 552 891 650 5
17 2669 7 3 41748 2204 284 16 9 2125 7 2204 95 226 2204 5
145 2204 2125 29152 9 267 543 14618 7787 35 125535 33 10 50 2634 2981 6 159 1653 7 3 14618 10612 7 3 125535 24204 5
2210 31 12072 24 40 27411 14 2854 8 9384 10 7039 10711 5
931 2204 3351 31 220 6 8612 3 224 1799 8 6 3855 4284 13 71 185 3 224 6 1262 5262 5771 5
2210 18184 19 83 57226 2210 10 3 284 6 384 30392 2520 14 552 891 5
17 2210 10 3 284 852 3 1481 6 909 3 284 137 5146 2333 4 47 336 15 523 3351 7 2438 8 31054 35 171463 5
3149 4 2052 2657 4 46073 33 5
98586 249 842 3 2370 185455 7 3 1273 6358 4 114 70 4360 8 6904 31 5487 24 3 2210 10 3 2912 5
17 284 16 25710 21 9 31462 41748 2204 6358 4 114 57226 107683 2210 31 488 6 7916 4 8850 2506 15 177 7039 10711 4 8 453 521 544 4 141 65 43 27 9 1574 6652 7 3 565 8 265 1714 558 5
931 2210 5524 15 6343 4 18075 4 7113 35 107683 33 8 342 23623 6 4855 544 35 125812 4 710 4 323 29385 4 4973 33 5
187 31 523 5066 7 2210 10 3 6358 4 290 57 19 2190 4125 4 5615 8 10777 53 2355 2204 53 145 2204 18 6234 14 290 711 10 678 6 4697 84 628 8 852 14184 5
17 5909 71 12248 19 3 284 24 770 7 46 2204 4 7285 317 8 2513 7736 5
233825 2204 53 66 16 1479 14 3 8557 8 7736 7 785 5262 5771 5
3265 89 13 23 16 1622 6 4498 9 84 2882 7 3 164 7 32 1534 4 3 2204 37169 137 307 16200 5
349 3 57 881 4 46 6942 2228 3 41748 2204 284 4 6 2705 3 656 5771 104 825 6 3 498 983 10 3 45679 967 4 8 6 8744 3 498 2505 10 3 28969 967 10 678 6 3855 32 2007 2882 7 3 164 7 3 1534 110 18460 5
349 3 83 881 4 23 16 537 6 2705 551 5771 13 1485 21 9 1625 6 7367 3 16915 6589 1589 496 3 1534 8 6 5339 3 282 7 70 537 1715 5
17 1534 3467 36 153 1485 21 9 3929 14 7601 9 552 653 14 3 1534 4 50 4859 4 8 3 136 1010 4 6 1800 10 9 48 1432 152 5
17 4643 4141 5415 13 3 284 37169 10 8690 19 3 711 4 29197 3 25571 1945 15 3 13571 7 3 3768 1321 115 5
29039 2204 53 17 6905 7 46 2204 16 6 1626 61 4284 6 185 3 2634 20654 1865 47 1945 6 159 10 678 6 1297 3 136 2106 2634 8 6404 6589 5
31879 2204 53 145 2204 2939 3 14128 8 5909 532 1149 13 18184 10 3 864 6 581 317 8 9464 6 3 41748 2204 284 5
931 1149 3855 89258 745 25 40 791 8 43 1271 2765 10 1572 3 10416 2204 267 1084 5
10416 2204 53 145 2204 29 9 2900 13 29 45 5543 19 745 9168 19 317 1252 24 3 5909 35 137 50 2204 33 8 19 89258 745 1658 24 2723 10349 532 1149 4 538 897 2210 37 27 18032 8 12391 3 1589 1506 5
41748 2204 6358 2370 185455 98586 249 5
41748 2204 6358 2370 185455 5
17 233825 8 29039 2210 31 2210 19 2410 14618 10612 13 1252 485 9384 8 2854 27411 5
145 2204 2125 16 3 2669 7 3 41748 2204 284 8 16 2209 10 3856 10 8941 503 5
17 2673 7 2210 8 41748 2204 1443 1708 3 1251 7 427 1653 7 3 13292 5615 7 3 2210 5
7448 4 23 16 537 6 474 3 14618 8 2854 5615 24 18166 9 125535 35 4 6559 33 7787 76 3 2210 5
81 3 267 22 881 4 80 36 1101 15 3 2210 35 258696 12283 32330 4 280 109 4 4 323 4 1095 33 4 1479 14 48975 3 5909 983 8 4764 537 1643 21 166 21 1691 4284 6 3009 552 5771 5
81 3 107683 1506 4 3 2634 2981 7 32 2204 8 50 7453 6 2401 16 543 15 2699 148802 53 2204 3225 16 9935 7 6343 4 18075 4 8 7113 35 323 4 1095 33 5
79 107683 6358 29 3 1653 7 110 20945 8 3682 7 623 1122 7995 3 650 7 10554 8 143 6 3030 23 5
267 543 149815 16 9 2125 7 14618 543 15 3 231 7 271 4485 35 4 6559 109 153151 323 11773 4 3578 33 5
17 3644 7 267 543 14618 1443 16 6 4855 84 544 24 19708 2506 13 27 45 220 6 4855 825 544 10 3 271 5
17 4867 4102 65 418 19 267 543 14618 16 3 4102 7 267 5
79 267 71 26 4939 21 9 271 791 4 8 16 9935 7 108 3893 53 79 565 6652 47 5181 3 2007 565 4 9 2104 47 1708 3 9149 7 1945 1303 61 10 678 6 4855 3 565 4 8 3 380 164 47 5181 3 164 3439 480 3 2104 18 3677 5
17 152 10 47 745 31 1725 16 424 21 3 267 543 14618 4165 5
145 125535 4165 9286 7 179 30026 1959 53 13977 4 28969 4 12339 8 4643 5
79 125535 2869 2818 3 231 7 9 5536 19 47 23 71 3855 2520 133 21 3 2104 7 9 84 565 543 15 271 791 5
79 125535 284 7162 745 35 271 4485 33 6 4855 84 544 5
17 152 10 47 745 31 1725 16 424 21 3 125535 4165 5
17 125535 4165 9286 7 179 30026 16200 53 13977 4 28969 4 12339 8 4643 5
17 13977 4141 2179 65 9 84 565 6652 16 597 5
27647 27964 31 3677 10 678 6 13977 25 3 267 2106 2900 3 745 19 9 565 6652 48 825 6 3 498 57 5
2491 3 104 825 745 27 45 19696 4 3 28969 4141 2899 5
81 46 4141 3 2506 7 3 745 19696 31 9888 6 4498 3 282 2104 14 3 498 267 5
17 12339 4141 9286 7 32 2516 13886 7 3 2104 1273 5
5583 4 3 4643 4141 2228 3 284 6 1849 25 3 4485 3455 10 3 108 767 16200 8 7212 3 267 2900 10 8867 5
17 233825 8 29039 2204 231 3 216 2125 7 267 8 432 3 216 2900 7 745 5
17 628 14 3 745 42 3455 24 6544 2173 19 5909 1149 10 3 523 12329 692 7 1678 10349 4 538 3 31879 2210 5
145 2125 7 1339 2532 6 3250 3 791 7 3 1149 10 40 523 3547 5
273 290 1534 4 3 1339 6274 67 537 5771 53 3 74 57 3804 6 3250 3 983 7 32 1534 19 32 12340 1534 164 4 8 3 169 57 3804 6 3250 3 983 7 32 1534 19 9 16672 1534 164 5
1354 5771 36 26 12354 24 9 746 2516 538 9 2156 35 4 1095 33 5
3194 1534 16 9935 7 8090 4 8 290 2485 29 32 3238 489 4 8 2770 7 20319 14 189 12340 8 16672 1534 164 5
931 19393 31 2921 1298 10 3 2376 7 3 267 2981 5
17 628 3564 24 770 7 6544 42 220 6 1088 3 13604 745 14 3 2007 10416 2204 267 1084 5
20498 249 842 3 267 2981 13 14819 3 267 1084 5
3194 267 16 9935 7 3 508 13987 53 2778 11664 221 53 45047 7379 53 1432 216571 221 5
2778 84181 60401 53 3735 52 3 8090 35 9424 11933 83735 33 13 10301 32 1784 1534 53 35 35 4 106561 33 4 35 4 83016 33 4 242 4 35 4 33 33 14 9424 8090 5
3194 2485 11933 60401 29 3 508 2981 35 4 119061 33 53 53 3238 489 14 46 2485 496 3 1534 5
66 71 97 159 57 7 3 508 2770 53 314410 35 9559 272 3238 33 19 9 70256 871 7 500 4 88601 35 1692 65570 33 19 9 70256 871 7 503 4 43826 35 9897 65570 33 19 9 70256 871 7 459 4 208904 35 12615 65570 33 19 9 70256 871 7 341 4 35 9559 799 3238 33 19 9 70256 871 7 249 5
119061 53 19241 7 3 20319 164 7 9 392 2485 53 9 1432 216571 221 35 148 249 8 183 33 5
2778 89969 221 53 45047 7379 221 14 290 4859 2778 22917 221 53 45047 7379 221 14 290 1534 2778 65253 53 67440 7 13300 7 1028 5
66 2464 3 2156 7 1028 3455 538 3 267 21 9 4249 6 3855 4284 5
2778 22917 164 53 2463 7 16594 14 3 726 7 3 1534 4 1867 24 2156 5
145 16 3 2104 7 9 565 267 5
20498 249 5
11664 2981 5
23179 22026 11664 221 84181 60401 89969 221 22917 221 65253 22917 164 17 508 488219 1379 3 2634 2981 7 3 233825 8 29039 2210 220 6 4764 8 1368 504 10 16565 10349 5
233825 2204 17 77489 2204 16 1479 14 3 8557 8 7736 7 785 5262 5771 5
145 2204 34298 3 1799 7 9 66773 8 754 7736 543 15 767 4485 5
66 16 9 2204 13 20178 4567 12251 10 3 13977 8 12339 967 7 3 125535 4165 6 7367 5262 5771 5
98586 341 842 3 2634 2981 7 3 77489 2204 4 4740 15 3 4538 4723 15 3 13977 8 28969 16200 7 3 125535 4165 5
10129 2981 7 3 77489 2204 98586 341 5
10129 2981 7 3 77489 2204 5
238 71 26 381 10 98586 341 4 3 77489 2204 20178 9 3093 67818 5533 10 3 13977 4141 8 9 8087 7 1149 10 3 28969 4141 4 13 1297 3 10900 10612 3455 10 767 1131 35 4 4 4 531429 4 323 258696 4 590 109 12283 32330 4 744 109 12283 32330 4 744 33 4 5
17 523 4538 6227 10 3 125535 16200 7 3 77489 2204 31 2921 10 3856 10 3 508 488219 5
451256 967 659 13977 825 745 3 284 71 231 1510 4538 21 35 323 138584 4 6104 33 4 136735 35 19486 323 4 3728 33 4 11856 1153 35 94414 323 15011 4 5282 33 4 49 32542 2642 133 21 198770 4434 35 113757 33 4 6186 4 875 32542 727 35 4 3401 33 3979 25 3 1456 7 4538 4 2651 2854 35 238226 33 4 4164 8 32542 727 35 43000 33 323 505991 4 3952 4 875 2052 2981 35 140824 33 4 3401 5
17 5533 3467 14 46 967 16 9 67818 5533 53 146974 167005 35 45301 33 5
146974 167005 35 45301 33 35 1422 33 52396 18679 543 15 3 4333 13300 7 3 3893 6 290 7 3 600 6 13012 3 46025 23 16 1622 6 3030 9 767 37582 7 3 19393 7 3 23033 4 21 166 21 3 2125 7 3201 14 3 628 5
17 31660 1038 32 140746 650 13 71 26 3868 10 67 4290 53 249 5
8071 22 3 1273 19393 6 13012 3 871 7 3 6635 35 249 33 341 5
216978 3 508 6635 8 13012 3 508 197 49 19393 35 341 33 114 15850 16 3 628 197 4 4520 16 3 197 7 23394 4 16 3 197 7 537 2770 14 3 19393 5
17 650 16 3629 8 10 290 7 3 61652 4 9 84 37582 14 3 19393 16 7154 5
17 3354 7 3 13977 967 31 3 11856 745 7 13 10753 2211 6 3 498 565 267 4 8 31 220 10 3 28969 967 6 132 1866 5
131398 967 17 28969 4141 16 2828 1431 19 3 317 7 3 19696 745 8 3 2972 2520 106153 35 156936 33 8 33564 35 9207 58540 382860 33 2442 6 3 197 7 745 19696 5
23838 8087 7 1149 16 9 5533 220 10 307 3547 35 44015 323 48398 4 4164 109 469392 4 359 33 5
79 8087 7 1149 581 7204 27411 24 58851 3 55906 7 1678 6589 35 1149 33 8 4498 3 1070 48 6943 14 3 380 871 35 17096 4 62674 4 323 16144 4 359 109 4 4 323 282321 4 502 33 5
397761 7 1149 31 59 7081 220 14 19372 8 31 1618 226 12516 35 323 20986 4 590 33 5
520 6200 31 3 253947 35 4 27402 4 4 323 5878 4 5810 33 49 264561 7106 35 88050 323 4 3495 33 27964 5
145 162 12966 32 4567 7787 14 3 28969 967 7 3 77489 2204 4 14484 7 32 7732 32542 992 13 2527 21 29132 3 2770 1252 24 67 10900 4538 53 106153 8 33564 5
33564 35 9207 58540 382860 33 624 25 9207 58540 17112 35 187305 33 8 16 10676 10 9863 56018 2520 24 770 7 9 337 10 3 551954 7 3 628 5
17 187305 5533 16 9 12391 2854 5533 13 16 3677 6 3 19372 8 56018 7 523 3893 5
17 187305 1506 16 7081 220 10 523 3547 4 21 4122 35 6793 323 3454 4 280 33 4 23955 8 20260 35 7277 4 6793 4 323 9048 4 274 33 4 628 4242 35 323 4 280 33 49 2942 4242 35 20936 4 274 33 4 106 23 35023 418 19 628 13 71 34 26 5210 6 27728 2520 35 4 2391 33 5
12487 11629 6 4498 52950 10 27728 249022 544 4 24 770 7 1913 9 488 6 1687 3 3893 7 9 197 5
17 187305 5533 59 2228 8960 7 103860 628 5
659 4498 103860 8960 4 187305 12134 9 15987 7 3 2007 628 76 9 272 551954 904 4 114 3 628 71 26 180305 249022 538 2190 7410 5
4036 13 3 551954 7 3 84 904 71 26 177 272 4 104 7 3 89 23 16 34 6695 6 231 6 4498 27728 8960 5
238 9 2104 4 103860 7410 226 64431 31 220 5
17 33564 5533 16 9 13422 7 187305 6 3855 245747 35 518108 323 4 1095 109 4 3401 4 2391 33 5
17 3316 16 6 8743 3 628 5
238 10 3 267 7 187305 4 87 16 9 15987 7 3 9796 628 76 9 272 551954 904 5
81 46 84 904 3 56018 71 26 1303 61 276 3 2007 9705 5
106153 16 9 8176 7732 32542 992 114 3 221 7 23791 10 3 4438 9419 16 1635 249 4 114 9424 16 3 221 7 23791 10 3 9796 9419 5
5583 4 87 16 57 61279 10 3 3354 9419 5
17 30110 4859 29 45 3467 14 3 523 10746 5
9601 76 1250 3 30110 4859 4 3 13571 7 3354 2770 16 392 24 3 508 6635 35 459 33 17 55906 35471 6 5
238 3 23791 23705 25 3 4438 9419 7 3 32542 992 3576 23791 19 2770 148 1356 6494 4 249 1362 4 3 9632 23394 31 36903 95 13 40 1079 3809 148 1356 1362 5
145 8586 16 1622 106 3 992 340 34 293 19 2770 13 705 525 7 46 1079 5
17 9272 2770 31 7521 1574 6 3 1079 7 1356 6766 4 9193 1362 5
17 992 928 16 1303 61 137 3 3768 238487 35 492585 4 4 23004 4 323 63976 4 2804 33 5
98586 459 842 3 8087 3455 538 3 7736 1252 24 189 1149 33564 8 106153 5
17 9796 2770 14 3 1149 35471 6 3 35 35 4 106561 33 4 35 4 83016 33 4 242 4 35 4 33 4 65253 33 9796 60401 4 8 3 3354 6 3 1534 164 5
236282 7 1149 220 6 4764 3 3354 2770 98586 459 5
236282 7 1149 220 6 4764 3 3354 2770 5
81 678 6 13012 3 380 3354 7 3 284 4 2642 31 220 35 258696 12283 32330 4 280 109 4 3578 109 4 52566 4 323 366668 4 280 33 5
17 11856 745 19696 10 3 767 4141 31 220 24 3 106153 4 33564 8 992 21 9 928 182 13 2228 23 6 8744 50 21365 6 3 84 565 9184 103 7470 3 2007 37582 5
17 284 2209 10 46 1181 29 9 992 14 290 7 3 1715 13 36 26 12354 14 9 66773 5
3194 7 3 2642 29 21 29132 3 55906 1221 24 3 33564 8 106153 12354 14 3 1534 5
239060 967 17 6905 7 46 4141 16 6 3489 49 32167 3 2007 2104 1273 24 3 992 4 9863 9 380 2104 8 418 61 4 2853 25 46 4 3 532 552 5
16845 19 3 2007 37582 4209 24 3 992 4 3 2634 20654 36 26 1479 7 5261 289 6 1933 3 25646 2104 5
66 36 26 543 15 3 2190 2505 13 28 22576 52 3 136 10 47 28 16 418 5
208 3 37582 1252 24 3 284 16 1109 6 26 7716 4 3 284 36 159 46 2104 21 3 380 2104 8 4 10 3 161 4141 7 3 125535 4165 4 36 1392 9 84 267 10 3 267 1084 4 3192 25 3 565 267 8 3 380 2104 5
17 284 36 23335 46 84 267 19 32 2007 11040 7 577 202 5
208 4 15 3 8101 4 3 2634 20654 6409 13 3 2104 1252 24 3 284 16 34 7716 4 43 36 581 40 209 2104 13 3 284 36 159 21 3 380 2104 5
145 4 486 19 3 565 267 4 36 26 7545 21 9 84 267 10 3 267 2900 10 3 508 4141 5
145 84 267 36 26 6234 9 11040 7 306 202 5
145 871 29 45 2118 6752 10 1475 3 2175 7 1678 14128 21 6 3 3238 13 144 26 6234 6 3 897 2175 7 3 2634 20654 5
238 7 3 380 2104 53 3 164 7 3 1534 4 3 284 383 162 61 3 532 552 2442 19 3 1534 5
766 1589 1534 10 3 5909 1031 29 32 2442 552 13 36 4459 3 2366 1951 13 23 49267 72 3 3656 699 7 3 5909 5
214 16 6 140 4 3 532 552 7 32 1534 1170 3 969 4 15 3 1081 15 70 7 3 15978 6589 13 3 498 164 7 3 25646 1534 2464 5
81 46 777 23 16 1109 13 3 552 653 71 4753 57 7 192 108 537 2770 53 799 4 6127 8 272 5
17 13571 7 3 532 552 653 2442 19 32 1534 16 543 15 3 498 164 7 3 1534 8 15 50 653 7 3238 5
145 73 871 16 3455 54 26884 3 317 3455 25 9 507 7 6544 35 9330 10 676 33 5382 24 14128 70 72 1598 5
81 3 1321 3915 6544 3 14128 42 467 6 7577 25 249 6 183 3 3238 13 43 594 3 92987 1534 671 19 3 4859 6 47 23 9317 5
17 1370 3 3238 16 3 1370 29784 3 1534 36 27 496 3 2634 532 284 5
1301 4 21 7 3 653 7 3238 7 3 1534 4 8 6752 10 1475 3 380 2104 3455 54 3 13886 4141 4 3 532 552 653 71 26 838 61 5
17 13571 7 3 532 552 653 16 1303 61 538 448377 954 35 183992 4 333472 4 323 12090 4 2391 109 1604 4 274 109 89049 4 4 323 153151 4 502 33 10 47 3 3238 7 3 14128 27 6234 6 1534 16 677 6 3 380 2104 49 164 7 3 1534 5
143505 967 17 4643 4141 16 1827 22 2854 25 3 84 271 791 5
238 4216 10 3 767 305485 4 9 267 671 19 50 12510 2104 16 7545 10 3 2900 7 745 92 23 16 1109 21 5314 4 13 16 4 9 1493 653 7 577 202 5
7219 4 3 284 59 1705 138 271 4485 13 31 1109 21 34 5314 24 3 2516 5
931 271 4485 31 1109 7 518 24 3 125535 106 43 71 26 220 21 32 9008 14 21652 2506 4 742 46 2854 1175 16 34 351 76 5139 10 46 542 5
81 46 4141 4 3 552 653 2442 19 3 267 16 59 7545 10 3 2900 7 745 4 13 16 4 3 448377 954 13 3576 3 22112 7 3 14128 5
29039 2204 17 169 2204 10 3 284 16 3 29039 2204 5
17 6905 7 46 2204 16 6 1626 61 4284 6 185 3 2634 20654 6 132 1866 52 47 1945 6 159 10 678 6 1297 3 136 2106 2634 8 6404 6589 5
145 2204 71 3929 3 2634 20654 10 30 2485 7 5261 3 1945 6 26 351 10 678 6 1297 3 164 7 290 1534 18460 5
145 2204 16 4120 6325 15 3 77489 2204 21 23 2899 50 162 25 3 267 35 565 1635 2104 33 5
17 8884 2204 16 9 125535 2204 4 21 166 21 3 77489 2204 4 8 53079 9 125535 4165 6 4498 4284 5
98586 503 842 3 2634 2981 7 3 29039 2204 5
238 71 26 381 10 98586 503 4 3 8884 2204 53079 9 125535 4165 6 581 4284 4 8 23 16 9935 7 179 30026 4290 5
931 4290 31 2921 10 3856 10 3 508 488219 5
10129 2981 7 3 8884 2204 98586 503 5
10129 2981 7 3 8884 2204 5
451256 967 81 678 6 5830 893 10 3 5577 7 3 224 6589 23 16 1622 6 6786 3 498 983 10 3 1534 4 3380 24 3 565 267 1635 2104 4 4209 24 3 77489 2204 4 19 138 745 25 3 267 2900 47 282 3250 3 224 891 5
2196 745 104 825 6 3 565 267 31 19696 5
4036 13 3 11856 745 5426 6 3 267 565 42 1658 154 3 45679 4141 7 3 77489 2204 4 192 745 36 26 220 24 3 45679 1092 7 3 8884 2204 5
17 650 979 10 46 45679 4141 16 543 15 3 231 7 25692 18965 35 323 5189 4 2804 33 4 95 13 2337 3 745 19696 25 3 267 1084 772 3 508 912 53 249 5
17 2104 49 164 7 1534 383 26 202 7156 6 3 380 2104 4209 24 3 77489 2204 5
208 385 745 31 34 19696 35 605 16 1109 6 26 385 33 3 22045 31 7431 454 4 1723 10 1079 24 500 202 5
10526 4 43 144 12124 9 653 7 11040 7 72 575 202 5
145 4599 871 29 45 2203 24 3 14128 5
98586 500 842 3 45679 650 3322 4 114 6219 2610 14 3 267 182 47 2464 3 2505 7 9 2118 1534 13 6848 496 3 2900 7 3 284 4 2464 3 60401 7 13987 13 5181 3 565 267 4 186818 16 3 380 2104 4209 10 3 77489 2204 21 9 2104 6 3 565 267 4 80163 16 3 2104 6 267 4114 8 9273 16 3 197 7 3 104 4279 19696 745 5
7 3 45679 4141 10 3 8884 2204 98586 500 5
7 3 45679 4141 10 3 8884 2204 5
131398 967 4036 13 3 6905 7 46 2204 16 6 3855 9 507 7 4284 25 3 565 267 4 23 16 1622 6 1046 14 9 267 25 3 267 1084 35 49 9 3109 7 1678 745 33 47 3880 21 9 3929 6 3855 4284 4 9901 19 3 565 267 5
145 4631 36 852 3 136 6 7367 47 6589 236 6 26 5607 10 83 1299 4 47 8090 236 6 26 2069 5
238 277 2921 996 4 10 3 45679 4141 4 3 745 3455 31 138 47 3250 9 104 15722 164 7 3 1534 4 65 677 6 3 164 2209 24 3 18460 1534 5
1655 70 192 745 4 10 46 4141 7 9384 4 3 2204 144 5339 3 267 47 121947 3 871 7 290 7 3 8090 35 119061 33 427 76 1250 3 1534 164 49 29784 13 290 2485 29 14 3 1308 1534 5
145 4141 1141 3 1715 19 3 523 21365 7 8090 3455 10 3 45679 4141 4 3 197 7 1715 16 3868 21 4213 49 16915 5
119314 3 3961 7 290 2485 16 617 232 6 3 1506 4939 24 3 421 2855 14 13896 964 30864 35 20936 4 274 33 5
145 152 4 21853 3 3961 7 290 2485 16 1303 61 232 6 3 6635 35 503 33 5
145 6635 16 3876 6 21 3 1027 489 8 5473 15 189 38105 2567 8 3 3467 1215 2636 35 503 33 114 2567 2464 9 38105 13 4 10 46 267 4 36 535 26 3 6808 38105 7 3 3472 4 2636 16 3 1215 14 3 1806 2485 119061 4 51364 2464 693 38105 4114 25 38105 2567 4 3 221 7 745 2442 19 3 693 38105 51364 5
17 4859 38 35 2567 33 2464 1811 8 16 4939 21 3177 35 500 33 114 2464 3 10291 3703 6 1427 10 2567 4 3 221 7 3893 25 1427 10 2567 8 43577 3 676 221 7 3893 5
81 46 267 4 3082 58508 4213 4 16915 56012 5
17 1811 5514 5828 18020 3 653 7 3238 14 290 2485 24 32485 148 32 4213 8 32 16915 1534 5
17 2770 7 3 1811 4859 31 7154 25 3 6808 38105 5
79 1870 6445 1811 628 16 3192 232 6 3 2770 7 3 1811 5514 7154 14 3 6808 38105 8 3 3961 2442 19 290 2485 5
17 2309 1870 16 1146 538 3 508 6363 6 3434 9 871 14 3 7444 7 290 7 3 2485 1303 61 53 35 708 33 114 4286 3 596 871 7 3961 14 3 1534 19 3 2485 119061 5
17 6905 16 6 7367 3 8090 13 144 26 2069 4 7601 32 678 7 5711 10 970 7 29784 7 290 2485 72 3 1308 29784 7 3 1534 5
81 83 1299 4 6 2705 3 537 64441 7 3 1534 8 6 5883 3 3525 7 64441 10 970 7 3 1534 164 5
81 46 152 4 3 284 12244 4284 1547 6 3 13033 6589 170 5
6297 15 3 7736 8 4284 4209 24 3 284 4 3 2634 20654 142 8468 3 136 7 13033 6589 8 3 1170 13 144 26 3322 6 3764 91 5
145 16 9 421 270 284 13 35023 3 25479 650 14 2634 14128 5
239060 8 4643 4290 435 3 89 1622 14 29575 3 5464 7947 4 3 711 16 12354 369 5
103103 1149 1384 13 108 190 31 385 6 852 3 6942 7 3 136 1537 9 48 15722 164 5
208 23 16 14580 13 3 27152 6589 8 3 653 7 552 27 10121 4 3 4643 4141 16 1303 61 4 27396 3 267 220 6 3855 3 4284 5
17 11040 35 2156 7 1408 71492 33 7 46 267 16 9834 853 24 183 202 5
81 2906 4 65 3 711 2659 34 6 27 8736 6 9 333 164 4 3 11040 7 3 267 16 5668 10 183 202 5
10526 4 138 745 446 653 7 11040 16 1731 58 409 202 31 6131 25 3 267 1084 5
79 267 542 1827 22 1691 4567 3377 224 1442 3648 14 3 891 7 48467 18 1303 61 10 3 59528 11348 71622 642 4 10 1598 5
17 5867 15995 15 3 1444 7 3 2007 13604 7 745 2900 8 153 10 7678 785 5262 5771 14 3 10349 351 76 14048 8 1691 4284 5
17 267 542 2209 10 46 162 18 25243 6 7367 537 5262 5771 10 48467 4 351 76 1250 3 504 13 6654 3 200 5
79 41748 2204 284 18 6227 8 985 48467 7905 10 3 5867 8 42 6234 9 897 224 2204 5
17 10349 42 15511 10 523 4814 7 3 2152 200 5
17 292 5114 16 3 216 14 70 3 48467 5
17 284 18 2870 154 889 190 4 25 548 274 6 548 590 4 14549 8 2069 427 76 1250 3 791 3564 538 9 676 7 34657 745 5
98586 256509 842 3 3377 433 7 3 864 8 3 689 2078 7 32 5909 5
17 6942 7 3 5909 16 8179 137 50 2634 1715 8 3 7736 31 115 543 15 3 767 4485 8 15 3 1799 7 3 200 35 3 537 504 13 2498 3 200 33 5
238 71 26 381 10 98586 345648 4 3 1149 1332 9 1339 6 581 317 52 3 5909 5
11664 542 10 3 2152 642 7 59528 11348 71622 98586 708 5
11664 542 10 3 2152 642 7 59528 11348 71622 5
35 9 33 917 433 7 3 864 4 35 8862 33 1339 52 3 5909 5
659 27241 3 1308 9842 7 3 284 23 18 1622 6 13507 8612 3 233825 8 29039 2210 5
931 2210 581 7736 15 3 773 7 3 1715 8 7367 138 8090 13 71 26 2069 14 290 1534 10 678 6 128 32 1308 3070 7 3 1534 5
81 3 508 29189 80 36 1101 15 3 8557 7 3 2210 8 40 1951 10 3 41748 2204 284 5
659 27241 3 773 7 3 233825 2204 4 32 37582 7 3 3961 7 3 7736 1252 24 46 2204 18 1303 61 5
659 8612 3 7444 7 3 523 4538 5775 496 3 233825 2204 4 9 2858 25017 18 2203 4 508 3 2106 500 98236 341 2858 25017 112027 9575 960 31660 35 4 2804 33 5
17 871 500 10 3 31660 2464 3 221 7 263182 7 3 928 650 8 871 341 16 3 221 7 2757 10 47 3 391 197 16 3868 5
8616 4 14 290 7 3 4538 4 3 391 100402 2567 18 3868 76 67 600 76396 8 95627 21 3177 53 2567 3082 76396 95627 8 76396 95627 3082 5
1301 4 3 2854 8 37582 6589 42 1303 61 5
145 650 18 3629 218 400 8 39 3 508 1959 53 3 284 18 3559 538 76396 8 153 23 18 220 6 30174 76396 8 95627 5
81 9 169 1092 4 3 284 18 3559 538 95627 8 153 23 18 220 6 30174 76396 8 95627 5
17 522 3455 24 3 77489 2204 538 3 8087 7 1149 4 2209 10 8941 503 4 42 677 6 3 522 3455 538 32 1570 8 32 1570 106153 6 3 216 100402 8 3 216 2858 25017 650 5
20498 341 842 3 3768 489 3455 14 290 7 3 4538 4 538 3 960 10 290 7 3 500 55537 5
238 71 26 381 10 20498 341 4 3 1221 3768 18 798 14 3 233825 2204 58 14 3 939 7 3 12354 4538 5
20498 341 5
33939 3768 14 3 37582 7 3 1799 7 3 1715 5
41403 95627 76396 95627 76396 95627 76396 95627 76396 95627 76396 29039 2204 299474 106153 230237 228744 79 112027 9575 960 18 3677 6 1970 13 3 1884 148 3 4309 71 26 1109 21 92 9 871 16 2203 5
659 8612 3 29039 2204 23 16 1622 6 159 76 1250 13 3 3316 7 46 2204 16 6 7367 16915 8090 24 770 7 1811 7410 4 21 2921 10 8941 503 5
17 8557 7 3 9842 7 3 29039 2204 18 1303 61 24 13896 138 8090 19 568 2770 14 3 1811 4859 5
17 3467 8090 42 220 6 2882 3 523 11952 14 523 5577 2770 14 3 2485 5
17 37582 18 2828 538 3 2770 1252 24 3 233825 2204 4 9863 9 4097 871 14 3 2485 5
81 46 152 4 98586 343181 6274 3 6942 7 3 284 14 3 596 1799 7 500 1715 486 403 190 5
238 1595 10 98586 343181 4 3 6942 14 3 500 1715 71 26 1109 21 1432 5
35 9 33 20257 7 3 596 1799 7 218 1715 154 390617 98586 700 5
35 9 33 20257 7 3 596 1799 7 218 1715 154 403 190 5
35 8862 33 20257 7 3 596 1799 7 67 48467 154 403 190 5
8071 22 3 6942 7 3 391 3961 14 3 1715 18460 14 67 48467 4 1595 10 98586 389316 4 23 16 537 6 10992 9 875 9980 10 3 596 1799 7 3 224 486 3 89 4 47 6154 9 2807 7 16915 8090 10 290 7 3 1715 5
17 522 3455 5441 13 3 41748 2204 284 1022 9 1432 6942 10 70 10349 5
145 6942 18 4669 10 3 2807 7 16915 6589 5
17 9008 220 6 2258 3 1432 6942 7 3 291 18 3 164 7 290 7 3 1715 18460 5
435 26884 57 7 3 136 2106 1715 4 23 18 1622 6 2148 13 3 164 7 3 1534 35 5794 148 249 8 577 33 39 853 1281 3 164 3455 10 3 767 108 191 566 5
17 284 6409 396 893 10 3 8090 2828 10 3 48467 4 8 70 3 1149 13 7905 10 3 8365 1109 459 190 21 9 964 89 6 8612 3 6942 7 9 66773 1547 6 192 893 5
98586 704 842 67 97572 7 6200 7 1715 14 32 2516 2204 12510 6 1715 14 3 216 5909 4 3735 7578 8 5
98586 123277 842 9 391 1432 6942 7 3 523 1715 7 3 5909 5
98586 142037 842 9 197 7 4284 14 290 7 3 1715 4 14484 7 5772 13 690 6 1297 3 3961 7 3 1715 5
134 39 1087 544 9375 3 284 4 3086 106 3 891 8 1149 42 34 2350 19 3 231 7 46333 2438 8 41748 2204 1443 4 95 90 4884 42 392 6 4556 91 6 192 3531 8 5237 91 143 6 231 3 284 11924 5
17 1273 41748 2204 284 71 26 1109 239257 2665 284 4 121 23 16 4116 14 7039 10711 8 526 385 6 26 220 10 83 5909 10711 5
17 1149 1744 13 3 3225 7 3 284 11657 21 3 221 7 745 10 3 2900 7 745 8527 5
145 16 9 3848 3225 10 543 1443 5
134 170 90 4166 19 3 6544 4 106 90 7 3 48467 42 34403 6 1332 6544 5
59268 7 3377 11924 14 9 136 53 35 9 33 391 1715 14 9 136 8 98586 704 5
59268 7 3377 11924 14 9 136 53 35 9 33 391 1715 14 9 136 8 35 8862 33 6942 7 3 1715 8 4284 5
17 1481 2573 13 3 231 7 9 23095 11924 35023 3 231 7 3 84 284 5
527 4 90 7 91 42 34403 52 25403 3 284 106 43 42 4761 6 10792 40 2634 628 8 106 18298 3 317 52 3 5909 2818 10676 746 1714 8 89 5
527 4 3 14128 8 1149 494 13 3 2210 142 4001 40 162 8 581 9 1695 11616 421 270 4462 5
158 494 13 46 5373 32542 7112 6358 29 48 9063 58 33192 8 13 3 284 763 91 6 7367 13033 6589 10 3 10349 5
158 3130 6 2797 13 3 5373 32542 7112 6358 144 12874 9 2457 2900 7 745 6 6786 628 25 523 1470 4 44 19 3 3489 7 628 3978 5
238 9 4774 4 80 71 140 13 3 231 7 4567 3648 10 224 1442 71 5482 185 6 7367 785 5262 5771 8 27 9 333 3003 7 40 2634 9842 5
145 1181 2209 9 41748 2204 69676 4462 1827 22 23955 3 3225 7 48467 8 1691 9 421 270 4462 4 13 71 4569 6 7367 785 5262 5771 8 6 1262 91 24 2466 15 3 8090 13 31710 290 7 3 1715 7 3 224 5
17 1273 1217 16 32 6942 7 767 1131 13 20178 4567 4538 14 7678 5262 5771 8 1691 4284 5
1354 5310 31 543 10 3 6582 7 7112 107683 2210 496 125535 1443 5
17 552 10900 16 543 15 9 8087 7 1149 13 11657 3 767 6599 5
7219 3 423767 284 20178 9 84 1264 543 15 3 231 7 131804 1811 7410 7 421 2855 14 3 7379 7 16915 8090 5
17 1273 1217 18 3677 6 523 48467 35 427 76 1250 3 1654 7 290 66773 33 4 8 80 27 1595 9 272 2156 7 1028 6 1297 3 3225 7 3 48467 13 7905 10 3 8365 5
527 4 23 16 34 537 6 10775 614 7951 35 79022 5
766 3 48467 144 12339 2485 6219 10 22917 6219 33 4 106 46 16 34 3 3316 7 3 1273 1506 5
1113 3 4939 1506 29 34 45 2870 10 334 10349 4 80 494 13 23 86 162 11435 4 742 893 51 159 254 48 3827 58 10 48467 5
134 31 1324 10 46 2586 8 1100 13 32 8557 7 3 284 36 831 26 537 10 9 346 395 136 25 3 18444 1031 5
7219 4 1117 162 16 149 1272 6 1297 3 9384 7 3 2210 65 3 1646 7 3 2900 7 745 16 177 272 8 6 1849 25 3 745 19 21652 2506 5
6459 4 23 16 1622 6 474 3 5907 1646 24 18166 48 48467 6 3 8365 21 166 21 5576 523 2757 7 5036 5
931 31 129 161 2235 5