70492 92940 43037 35 83062 33 284 16 9 17852 9188 509 953 650 48218 509 31124 31 2207 4 2638 24 32223 24 53879 4 21 3 40250 509 2503 25 3 23014 953 2046 6 120 1375 509 5954 5
622 7732 32542 992 35 49894 33 543 15 156936 19 119 71966 31660 18 220 6 26920 8 15564 3 1812 1322 4 4363 6 1445 3 6194 400 10 83062 284 5
359590 8 38266 42 3467 21 3 67 1506 18264 10 46 542 13926 6 40 1923 7444 5
17 9796 19393 6 3 49894 1506 42 55151 7353 35 38375 33 8 3154 489 35 33 4 8 3 3354 19393 42 288 7353 89 9906 35 3298 4 9575 33 5
931 3298 4 9575 9906 42 3 400 10 3 6194 3892 4 65 249 202 4 500 202 4 605 202 4 575 202 4 2628 202 8 5180 202 7 3 42701 18 1379 22 3 11289 7 3 284 5
17 183 197 7 9345 628 266 4 500 14 290 42701 4 17281 4729 10 3 11065 4848 2062 538 3 556 536145 1746 4 42 3868 76 928 35 704 98236 704 33 8 2279 35 341 98236 704 33 197 5
17 104 26851 1215 14 3 992 18 3467 24 9 794 8 3768 1217 8 24 21853 3 6013 85612 35 82478 33 871 35 6117 52445 33 3439 154 10900 7 3 2279 197 5
17 1273 49894 1506 14 83062 284 1315 86 26 220 21 9 785 2155 14 71179 2520 137 3656 928 8 2279 7 23394 5
81 3 73 307 1208 4 3 797 7 14571 8 897 361 729 35 33 29 853 3665 463 6 3 26628 3568 24 189 4092 8 2226 5
79 964 1058 7 192 10891 76 3 25656 1566 27 45 2427 7947 10 23014 8 3076 509 22 89777 6 38375 926 35 2552 4 16530 4 2552 4 4 323 12697 4 359 109 4 4 4 4 323 4 359 109 4 12470 4 4 323 12697 4 1095 33 5
10526 4 27 1595 6 5340 2091 1643 8 27033 6 3 25656 15915 13926 6 40 13292 7207 1896 35 15759 12283 32330 4 744 109 4 194229 4 323 4 274 109 362542 12283 32330 4 359 109 29087 12283 32330 4 911 33 5
43530 4 4550 7 3 25656 15915 24 16 1621 32 2627 50252 1923 565 1857 5
17 4759 953 2822 10 23014 953 2046 24 8 528 112 34 2875 5199 39092 70 3 5
8 2410 79469 4538 27 1595 6 2821 568 1058 7 4 44 192 62331 953 1443 71 2093 474 3 569 252751 35 218935 12283 32330 4 1095 33 5
17 6009 6131 21 166 21 3 19407 10771 7 2627 25 5369 953 1443 1618 3130 6 22620 10 3 25656 1566 35 70122 4 4 193494 4 323 237528 4 502 33 5
81 46 5114 4 14 3582 277 1804 6 1325 8 5369 926 4 1105 953 1443 86 26 1109 21 9 3982 9188 4 17747 2155 5
364 133 1105 953 284 16 3 92940 43037 35 258055 33 284 35 98586 249 33 5
258055 16 9 9188 509 953 718 13 29 1595 6 26 4213 10 8547 60408 8 16304 25 143508 1804 23014 35 4 502 33 5
57779 4 1375 157430 7 2627 18264 150 10891 10 3 143508 1804 23014 228516 71 34 59 26 1722 61 154 40 28878 8 4831 11030 10 3 7757 5
17 2463 7 11037 10 258055 5473 3092 15 3 5084 7 10222 4 47 29 3 1175 6 3 10 40 40056 4 1379 10 3 258055 8 46 871 16 3054 202 35 51933 12283 32330 4 1095 109 4 146732 4 13141 4 45449 4 323 2552 4 359 33 5
17 6381 7 25 143508 1804 23014 71 26 6804 92 3 122943 558 1711 23014 953 2089 31 26620 19 6607 14635 7 9 6943 224170 5
145 178424 12578 284 4 87471 3876 21 12578 92940 43037 35 83062 33 4 71 59 2093 9239 3 14114 1375 912 557 6 333 773 22 9 9188 5
83062 16 3847 9 5607 2063 6126 13720 19 9 9419 7 224170 28229 148 67 6126 10746 5
17 83062 284 71 59 26 5607 6 1333 21 9 38749 6738 10 678 6 2821 49 39092 3 24 10503 3 8 249301 1959 496 3 216 284 5
312374 7 92940 43037 284 35 53 8058 23014 98586 249 5
312374 7 92940 43037 284 35 53 8058 23014 953 2033 33 5
84630 7 3074 10 1923 177751 16 907 177 1812 5
659 1262 5420 2279 400 8 9345 162 1950 4 3184 31392 17315 2520 6293 3 3074 27 45 1273 5
82399 2520 4552 3 10900 7 6194 11963 25 3 2370 37984 8 30445 628 8 192 2520 7702 25 27728 8 19816 1603 6 83889 543 2520 13 71 97 26 10455 19 3 185 7 61565 5
10087 4 3 2673 7 7732 32542 2642 35 439493 33 10 117617 8 509 6570 1547 544 27 45 5656 6830 4050 4 21 23 29 1252 3982 522 14 117 103860 8 1812 1443 5
439493 31 103860 17315 2520 3682 7 2854 3 16084 8 1812 4122 650 7 9 284 25 6453 9796 23394 8 13228 55906 7 3 284 5
17 1325 1653 7 49894 72 2520 16 13 4 23 340 34 1871 317 52 3 1812 2129 7 3 4919 650 6 26 12067 962 10 17315 916 35 12283 32330 4 744 33 5
81 46 542 4 4848 8365 42 1303 61 10 427704 83062 1443 4 22 523 55151 7353 8 3154 713 7 67 1506 10904 109 13563 105051 8 38266 35 20498 249 33 5
6297 15 3 3883 9345 628 4 32 49894 1506 18 1589 5
17 9796 19393 14 3 49894 1506 42 55151 7353 8 3154 489 4 125 3 3354 96734 18 3 400 12510 6 3 288 7353 926 35 91869 4 46240 4 254559 4 4 8 33 3455 22 35 4083 7353 7 3 7353 7 3 42701 33 2770 7 249 202 4 500 202 4 605 202 4 575 202 4 2628 202 8 5180 202 4 3995 5
20498 249 5
72470 8 2763 7 105051 8 17699 35170 2981 20502 40566 326931 5126 252031 35 38375 33 26010 359590 421536 72804 109600 183 28859 38955 152527 509467 57936 75126 1004 481842 9 46006 4 4 4 4 8 12697 35 502 33 5
444052 27672 8 13097 1863 17 27672 220 10 46 5867 18 3883 25 3 260 577 35979 9419 7 32 2374 92940 4 2852 23107 7 2584 10 140613 4 294 930 5
77250 1687 10777 7 6126 4 46985 4 8 10222 10 3 27672 42 9686 202 4 18063 202 4 8 6909 202 4 3995 4 125 3 2763 7 3 27672 133 21 44674 4 5092 935 2038 4 8 316292 1557 2168 42 63670 4 9193 202 4 8 5696 4 3995 5
145254 1863 10 58702 916 35 18982 1646 3127 26741 33 18 9095 8 10056 22 11327 3026 8 7545 10 9 285 231 5
13671 5923 359590 35 202 33 18 3455 25 35 4 937 33 8 38266 35 6709 202 33 18 3455 25 4294 4 1580 2712 4 55759 4 3021 5
17 4122 2763 7 192 67 10904 31 392 10 20498 249 5
17 869 2506 7 249 42 1745 24 36329 3 10904 10 270429 5365 63274 35 39519 13671 4 140613 4 294 930 33 8 7545 22 503 5
17 869 2104 18 14159 19 292122 509 6 2769 3 7353 926 7 518 5
766 5800 42 220 276 454 32516 5
44024 5867 90973 115 55 7 3171 441 3 508 17020 42 220 53 306 35979 4385 98236 8792 35979 18629 35 7334 33 35 98586 341 33 5
17 912 7 3 4848 8365 31 543 15 3 9345 1746 14644 24 172169 556 536145 1746 35 20498 341 33 35 6076 4 3952 33 5
659 8118 2882 3 2168 7 3 83062 284 4 288 11107 290 19 3 14214 4848 2466 21 9 16252 7 3 1055 397 1215 35 543 15 3 556 536145 1746 33 18 220 163 912 5
659 1377 1215 4 3 92940 27672 18 62064 22 577 14 249 18398 8 577 38375 7 16173 223624 35 33 18 304 6 3 8497 2104 1745 24 33872 13228 10904 10 418889 509 5
17 44674 7 13 2104 18 4154 22 5
17 11107 42 2756 19 92940 27672 4 103373 9 249 35979 9419 35 697 19440 33 7 13097 1863 35 21 33 4 1942 685 35979 25 3 260 7 3 4848 5
520 3171 16227 8 8303 9095 6126 42 255 22 3 2245 7 3 11107 6 817 3 92940 27672 8 13097 1863 10 254 8 6 1368 80620 7 27672 10498 5
766 3 11107 42 40476 272854 19 1405 34481 509 25 3 2245 6 1368 3 7566 7 818 13232 8 6 1128 3 552 7 37343 8 153 203 6 490567 14 341 59879 61648 42 2828 22 32960 787 3937 35 33 8 3 1519 1513 220 14 4848 8365 4 150 3 6462 4 18 4029 111 3534 6 1067 5
33962 16443 7 3 83062 4848 98586 341 5
33962 16443 7 3 83062 4848 5
35 46006 35 590 33 33 5
20498 341 5
33962 1215 220 10 46 542 35 543 15 3 556 536145 1746 33 5
12197 93 5
107228 35 38375 33 31022 489 35 33 249 6909 249 341 249 249 459 6909 500 503 249 500 500 43849 459 708 43849 459 7259 5
13671 2376 622 270429 284 35 26366 33 35 4 4 13284 4 3021 33 6437 19 8258 630 35 11125 26741 98236 3602 26741 4 500 33 8 6961 364727 8258 697 35 11125 26741 98236 2536 26741 4 500 33 11107 42 220 6 1415 3 105051 8 38266 16022 4 3995 5
17 9674 42854 42 11810 8 13102 57466 4 3995 14 105051 8 38266 5
17 1401 4141 220 14 538068 18 418889 509 35 306 202 33 8 35 1551 202 33 14 105051 8 605 26741 22 44674 15601 35 716 202 33 8 35 1054 202 33 14 38266 4 2314 22 249 137 3 11107 5
79 5907 6751 3583 7 577 18 220 5
17 4848 3937 42 4154 22 605 8 306 14 105051 8 38266 4 3995 5
49894 17241 439493 9286 7 9 284 7 1906 28508 5447 5606 226 23791 5
145 1929 3 1175 6 1506 120 103860 650 137 9 197 7 259362 16036 5595 5
17 61279 11566 9796 25 837 49 2489 1543 8 5708 3354 24 9 1906 17444 650 10587 24 9 103860 2589 4859 5
79 1906 410870 992 19 32 9796 9419 4 4438 9419 8 3354 9419 16 1595 10 98586 459 5
17 9796 9419 9286 7 9 197 7 23791 15118 4 290 3364 32 9796 96734 8 142891 3 4719 317 6 3 61279 10 3 4438 9419 35 39925 33 4 47 10 786 46411 91 4 6 3 23791 10 3 3354 9419 35 11585 33 5
3194 9419 9286 7 307 23791 8 3 10746 31 3797 24 3 2205 17509 35 8 33 5
17 104 7081 220 2589 4859 16 3 4859 21 962 24 35 249 33 145 5708 3354 10 3 1079 7 8 18506 360411 76 3 992 4 47 1929 3 326 6 3968 103860 3898 5
17 119 71966 992 16 3 104 15276 12391 49894 2854 1506 35 4 38135 4 323 1320 4 5981 33 5
66 2527 3 66590 10529 31660 6 4007 3 17509 148 28508 23791 35 43357 323 76683 4 1278 33 5
1498 3 2854 650 7 3 992 4 3 31660 110458 3 3768 148 3 2655 8 14644 1341 2770 22 3 3354 9419 5
17 3768 4859 22 3 3354 9419 71 26 4939 24 35 341 33 114 5132 16 3 391 3768 4859 4 240770 8 74635 31 3 13228 3354 8 2655 3354 24 3 992 4 3995 5
255218 7 32 49894 1506 98586 459 5
255218 7 32 49894 1506 5
7337 337482 8 2071 17 628 266 25 70 3 83062 1443 4 4769 22 2007 16022 7 6909 4 43849 8 249 38375 42 48871 8 12010 35 446326 35 459 33 33 6 3 1079 7 4 95 21 6 2490 3 2589 4859 10 3 4438 35 33 8 3354 9419 35 27728 33 5
980 59432 8 4279 317 15 3 523 3351 7 2589 4859 4 27964 8 2634 96734 220 14 1572 49894 2520 31 392 2617 35 4 3578 109 47410 323 228097 4 4973 33 35 459 33 114 16 3 48871 871 4 8 31 3 3033 8 3235 2770 7 6219 4 3995 5
145 9490 628 18 268 3868 76 67 2757 109 928 8 2279 5
1614 202 35 704 33 7 3 628 266 42 220 14 928 3 992 4 125 302 202 35 341 33 42 220 14 2279 3 1589 992 5
1506 29132 8 55906 17 9796 83735 6 3 992 42 3 2093 8179 19393 13563 109 9796 7353 35 83518 33 8 3154 489 35 96672 33 5
17 3354 7 3 49894 1506 18 3 400 35 168 33 12510 6 3 288 7353 926 5
17 288 7353 926 1109 31 138 12510 6 3 14510 61638 96734 35 33 2770 7 249 202 4 500 202 4 605 202 4 575 202 4 2628 202 8 5180 202 5
931 55906 31 103415 21 91869 4 46240 4 254559 4 4 8 4 3995 5
154878 1298 3298 3082 8 3 16022 7 3298 3082 2403 31 10034 841 6 7367 5
17 31751 5018 1273 322 16 5892 6 26 4783 6 14132 32 26920 4 483 9 408 385 6194 11963 5
6459 4 189009 22 249 202 8 500 202 31 7081 220 10 509 8 23014 953 2333 5
10129 992 19393 79 206 992 6358 2818 3656 3394 7 3538 19393 105 53 221 7 4438 10746 4 3 221 7 23791 10 3 4438 9419 35 39925 33 4 3 30110 4859 18365 35 14937 33 4 3 2854 489 7 3 992 35 33 4 55978 1646 35 33 4 4050 1043 35 33 8 928 12104 35 77108 33 5
17 992 6358 29 6 26 30512 6 1128 1416 5447 4 2769 206 40708 8 1262 72 10104 5
17 2854 489 35 33 8 4050 35 33 71 345 32 533 604 10 3 23462 7 3 992 5
17 871 7 9 992 6654 3 1646 7 1959 351 10 2059 904 5
208 16 215 396 4 3 31660 51 159 48 89 6 26518 5
17 4050 1043 35 33 34677 3 23462 7 3 3768 154 3 2854 650 24 1463 9 7468 6 3 7098 2059 4219 5
17 2770 7 8 16790 148 6494 8 249 8 16 3615 1221 24 794 8 3768 5
12487 4 992 928 543 15 9 794 8 3768 1217 18 220 6 2705 3 282 6943 1079 7 192 19393 5
79 3297 542 15 3 1102 7 2634 992 96734 15 3 773 7 119 71966 32542 992 35 33 8 3 4644 694 10 13896 3 282 992 151438 29 45 962 2617 35 43357 323 76683 4 2804 33 5
86237 3 282 1506 6358 17 773 7 3 928 8 960 628 197 42 12354 10 970 7 3 17521 85612 2770 35 82478 33 4 47 6622 18020 3 30751 7 10900 148 3 13228 8 2655 3354 25 3 992 5
145 16 392 24 53 35 503 33 114 6219 16 3 9345 871 4 12662 16 3 1506 2655 871 4 8 6517 16 3 676 221 7 11537 5
10526 4 14 3 2279 628 197 4 3 676 1153 26327 3768 35 33 18 43420 232 6 3 89616 392 2617 35 17340 4 4 19612 4 323 138603 4 502 33 5
10725 220 49894 543 31392 17241 18 1303 61 538 3 213547 1185 7 3 32542 992 8 276067 11245 17241 1586 35 1185 5370 4 32542 17120 4 11299 33 5
17 216 1586 18 59 220 6 1626 61 3 9512 2376 5
44024 2062 64933 1665 42 1303 61 163 912 22 108 523 2007 16022 8 3154 713 35 20498 341 33 5
17 55151 8 11289 16022 7 189 105051 8 38266 42 5559 329 168 4 8 3 522 42 11737 10 970 7 3 2826 7 4 6 2769 6194 5
17 89 593 3892 7 105051 8 38266 4 22 70 3 2870 912 16 12859 10 98586 503 35 9 33 8 35 8862 33 4 3995 5
66 71 26 6453 1798 13 4 3 13882 7 6194 1215 24491 4808 15 3 2007 1994 7 3154 489 35 4625 33 8 2007 7353 35 2403 33 4 14 189 3 10904 5
66 16 59 7587 13 3 6194 89 10 189 745 5668 19 32 474 7 2403 8 4625 5
332 798 2403 8 4625 4 6194 2273 7066 8 1797 22206 5
931 522 5441 13 3 337 7 7353 8 3154 489 6654 3 38230 489 7 224170 8 6194 89 4 47 31 3 3848 10777 7 120 650 5
473 3 474 7 2403 8 4625 4 3 16344 489 7 3 3467 14571 853 4 8 24658 3 3601 2883 83062 4848 626 15150 19 3 6503 7353 21 3 60501 3985 3 4294 273 189 105051 8 38266 4 272 3154 489 8 272 7353 35 500 8 249 38375 33 7159 46 6347 5
43842 23070 109 105051 35 9 33 8 38266 35 8862 33 98586 503 5
43842 23070 109 105051 35 9 33 8 38266 35 8862 33 5
17 6194 23070 6916 6 3 8416 22 216 2403 35 6909 8 249 38375 33 19 1723 4625 4 8 415 6194 89 18 6453 14 3 568 3154 489 5
81 3 12634 7 1551 5547 4 3 871 7 14 105051 1049 47973 8 50311 22 2403 7 6909 38375 8 3154 713 249 8 500 4 3995 35 98586 185871 33 5
10052 4 10 3 216 12634 7 89 8 22 3 216 2403 4 3 871 7 14 38266 1049 46135 8 52445 65 3154 713 42 249 8 500 4 3995 35 98586 288541 33 5
11649 24024 42 59 6453 22 568 2403 35 249 38375 33 8 22 523 3154 713 35 249 8 500 33 5
273 946 4 3 2770 7 1049 22 2403 7 249 38375 8 3154 713 249 8 500 42 40904 4 8 54144 8 36499 4 8 59133 4 3995 14 105051 8 38266 5
17 13422 10 3 2168 22 1678 2403 8 4625 71 26 2921 15 3 1625 7 2199 2589 12865 5
17 6194 89 22 4625 3082 249 16 902 58 13 22 4625 3082 500 106 23 1141 9 902 89 6 1018 50 1783 2883 6885 65 3 83 1219 912 31 370 22 40 7562 4599 2770 5
12502 4 21 4625 2238 4 3 6194 11963 2742 23393 4 106 7 3 7877 89 1272 6 25272 50 1783 2883 6885 5
81 83 1299 4 1723 4625 17094 3 1783 2883 6885 49 3 1783 2168 7 3 83062 4848 5
145 6347 16 1618 230 106 3 1783 2883 6885 9704 19 1723 4625 8 12146 2818 9 7877 89 14 6194 7 2883 35 160189 4 5810 33 5
349 3 83 881 4 9 408 5448 7 194896 5
185871 8 8862 6886 13 22 3 216 4625 4 3 871 7 6194 89 5668 19 32 474 10 2403 2770 5
17 1978 3 2403 4 3 23393 3 14314 7 3 6194 11963 8 1731 3 6194 89 5
332 799 2403 4 6194 23070 42 18227 8 6194 2273 7066 5
238 3 871 7 2403 853 4 17466 6194 23070 42 3455 5
145 71 26 2921 24 3 644 13 48 1265 42 2278 19 474 10 2403 5
931 522 4964 13 3 337 10 7353 66590 1768 189 3 38230 489 8 6194 89 35 4 160189 4 20354 4 323 10522 4 2391 33 5
238 2403 853 4 3 16344 489 7 105051 8 38266 853 4 95 340 3 1261 674 49 2199 2589 4 47 522 10 9 4472 10 3 2440 4385 5
145 665 16 10 809 19 3 1131 217 1321 15 1678 3601 2883 1443 4 114 9 1773 2726 7 1923 5800 42 2870 35 10262 323 46990 4 590 109 184977 323 30883 4 280 109 5014 4 71920 4 323 12220 4 280 33 5
49894 17241 5
7337 2376 8 282 992 151438 17 9345 628 42 3868 76 928 35 1614 202 33 8 960 628 35 302 202 33 4 1134 468 3 137214 628 7 4 54 20891 6194 5
17 3354 23394 4 11771 4 4 18 3112 543 15 9 767 17241 542 538 32542 2642 217 10 3 6854 35 180681 323 69636 4 3495 33 5
17 2370 4015 7 3 23394 14 3 928 40056 31 1595 10 20498 459 5
145 1870 3497 3 5536 7 3 928 2757 13 31230 9 1087 5195 8 13 3 1379 32542 992 29 6 26 3559 15 6 3968 13 5195 5
20498 459 5
18087 4015 7 928 628 5
72312 6517 29139 402280 5
125780 5
40782 37642 78010 13697 5
3298 704 43849 6909 249 11088 4625 704 459 249 500 889 91869 704 183 2970 33318 46240 704 327241 407 4271 16762 254559 704 1814 1239 4572 8944 704 2131 5246 53084 704 716 6417 59745 704 394285 3313 7199 39718 11346 53 3298 53 7353 35 38375 33 4 4625 53 3154 489 35 33 4 53 400 12510 6 35 202 33 4 3995 5
17 221 7 23791 10 3 9796 9419 35 15118 3082 341 33 8 3354 9419 35 461589 3082 708 33 42 3112 543 15 3 221 7 9796 8 3354 23394 6 3 992 5
527 4 10 678 6 128 3 992 19393 4 10 104 9584 4 6854 2048 3 231 7 9 794 8 3768 1217 114 3 773 733 16 197 24 3 4650 5
17 282 992 6358 35 20498 503 33 18 3112 543 15 3 3235 40708 7 3 992 14 3 960 628 24 15826 3 17521 85612 2770 35 82478 33 5
17 1506 18 3559 538 523 16691 7 192 992 19393 4 294137 4 2854 489 4 4050 1043 8 221 7 23791 10 3 4438 9419 4 95 21 6 2769 3235 17521 85612 2770 35 1341 871 3082 249 4 11771 4 577 202 17521 148 5559 8 2655 23394 33 5
145 18 3439 24 9 12691 794 8 3768 1217 24 1947 90 928 19393 4599 8 24 3827 1324 3 83 19393 72 9 1773 1079 7 2770 5
26823 3 221 7 23791 25 341 6 503 10 3 4438 9419 35 39925 33 4 853 3 82478 871 4 125 2770 1978 58 503 155 34 240 120 3070 10 3 31392 1175 7 3 1589 1506 5
13166 6 3 272 82478 6453 163 46 1654 1994 7 992 19393 35 82478 6117 56159 33 4 46 871 7 39925 18 1206 4599 22 503 5
8616 4 24 1947 3 221 7 23791 10 3 4438 9419 4599 4 3 2770 7 189 2854 489 8 4050 1043 18 3827 1406 25 6909 6 56159 4 137 9 507 7 794 8 5464 4 8 24 15705 3 893 7 82478 10 3 928 628 197 5
66 18 6453 13 4 798 2770 7 192 19393 5668 3 82478 4 25 59133 6 59003 4 125 568 2770 661 3235 31392 785 14 3 1589 1506 5
8616 192 2770 42 153 197 22 10355 8 9193 4 3995 5
17 82478 2770 3439 154 928 8 2279 31 1595 10 20498 500 5
20498 503 5
3487 2770 7 992 19393 220 14 928 3 992 5
12266 19393 19241 12266 2408 35 61652 33 3963 11292 7 23791 10 9796 9419 341 11292 7 23791 10 4438 9419 503 11292 7 23791 10 3354 9419 708 12586 489 10355 43076 1043 9193 96368 9903 12266 31660 157663 10529 31660 11292 7 928 628 197 704 11292 7 960 628 197 341 20498 500 5
85612 7 56018 35 82478 33 2770 3455 154 928 8 2279 5
359590 152527 336 249 336 341 336 459 336 503 336 249 336 341 336 459 336 503 12266 27311 5
151262 7453 7 3 1589 1506 1655 194896 5
500 8 708 4 23 71 26 381 13 90 628 266 240 174814 148 3 5559 8 2655 10809 5
145 16 849 463 6 3 644 13 523 912 16008 523 13882 400 14 3145 6194 5
17 2800 10 7759 6194 4 11771 4 22 799 3154 713 8 16022 51 27 1022 32 969 10 3 32542 2642 5195 125 7678 3 773 96734 5
17 12510 2205 17509 8 9124 970 14 3 1589 992 31 2209 10 20498 708 5
238 6453 10 98586 500 4 3 32542 992 2655 6194 23070 31 177 408 6 3 12510 5551 1603 5
1113 3 1589 32542 992 16 2190 4 48 614 2642 538 3528 11612 8 2726 7 9796 19393 71 26 1589 538 3 4644 3322 10 46 162 5
12266 628 14 105051 35 9 33 8 38266 35 8862 33 35 12197 53 1506 2655 109 98586 500 5
12266 628 14 105051 35 9 33 8 38266 35 8862 33 35 12197 53 1506 2655 109 12197 53 93198 6453 33 5
27311 628 14 105051 8 38266 98586 708 5
27311 628 14 105051 8 38266 5
20498 708 5
26406 9419 2205 17509 8 9124 1043 54 992 928 5
72312 84181 6 4438 9419 17509 3298 65979 4625 74115 507188 61559 91869 46240 254559 26406 6 3354 9419 17509 550625 401141 392383 3127 74115 557835 11346 5
3298 53 7353 35 38375 33 4 4625 53 3154 489 35 33 4 53 400 12510 6 35 202 33 4 3995 5
17 2673 7 3 6 4764 3 509 1277 19393 109 4879 4 321580 4 6748 4 8 130263 6381 27 45 4400 538 48961 43037 2089 4 48218 27708 7 3 49894 2520 2981 18 2828 15 9 794 8 3768 1625 5
66 18 6453 13 3 1506 10900 665 1601 3419 809 19 3 5559 628 22 9 177 272 17521 85612 35 6117 52445 33 10 70 3 745 35 12283 32330 4 744 33 5
33962 6194 23070 7 24425 10 3076 509 42 8871 10 3601 7256 8 18213 538 32542 992 6599 5
15570 2475 4788 19393 42 1658 10 13 542 14 3 7039 7 18253 25 3076 509 5
273 70 6194 23070 4 110278 42 2828 14 2190 7400 7 3 6194 23070 109 6194 2440 35 11102 33783 33 4 38230 2440 35 6117 10355 33 4 8 3 391 6194 11963 35 6494 11102 11102 249 33 5
133951 2642 581 1144 16672 7736 14 24425 7039 2011 13097 1863 19 82478 1978 58 35 188636 4 4 54065 4 323 5241 4 274 33 5
164751 543 2520 42 59 1589 6 4764 3 773 7 1324 2883 118832 7466 14 3 953 7 9 4821 8 1695 70349 40023 290646 4897 4 334018 5
273 8365 2173 72 9 566 7 459 190 4 3 7466 773 3961 18 2655 22 523 12724 400 7 704 4 889 4 2879 8 4765 18398 4 3995 19 109970 4680 25 577 6 39970 38375 5
17 1273 49894 1506 4964 3 1175 7 6 4764 3 773 7 1324 2883 118832 7466 19 4783 8958 35 4 4 323 4 590 33 5
273 9409 7453 7 67 18444 48888 10 9 3601 2883 284 4 4123 19 9 3472 22151 21 4 49894 1506 29 45 1589 19 2883 5719 4 26036 7353 8 3583 7 23014 21 3 9796 19393 5
17 6194 23070 7 42 59 16008 24 46 1506 4 47 18 170 6 4301 3 284 166 5
66 18 6453 13 19 474 7 2883 4801 8 4472 7 26036 7353 4 3 6194 89 18 3321 5
81 13 542 4 3 4888 661 13 32542 2642 71 26 220 21 32 1783 5533 6 1506 4 2882 164 23394 8 4764 3 28455 3074 19 16672 522 35 4 4 323 241465 4 590 33 5
10052 4 132792 8 187871 35 590 33 2173 11065 3154 8365 10 3601 2883 11107 6 2821 44560 25 180523 2104 538 43923 11562 21 5
158 4729 3 1896 7 3154 489 4 55151 7353 4 44674 4 2883 5719 8 18982 1646 15 3 6194 10777 7 3 284 8 6229 1589 32 49894 1506 6 4764 3 7353 2207 25 180523 2104 21 9 4859 7 34130 19393 5
17 1322 148 3 2655 8 6453 628 7 3 1506 10559 10 9 17521 85612 7 5
349 3 83 881 4 49894 2520 27 59 45 1273 6 4764 3 773 7 9 14448 1219 64178 2052 5429 64472 5
17 9796 19393 6 3 49894 1506 42 55151 7353 4 16344 489 4 3154 489 8 775 1253 4 8 3 3354 19393 42 6381 3961 8 11037 2168 5
17 522 661 13 9 156936 992 35 33 19 9 18 488 6 4764 773 2875 19 82478 2770 48 58 59133 35 18573 4 2552 4 323 1082 4 280 33 5
126073 2376 7 3 1589 1506 126073 2376 16 9 4116 5533 6 5548 3 3703 4413 7 3 9796 23394 6 3 773 7 9 32542 992 24 2279 3 32542 992 65 290 9796 12911 16 12323 5
145 16 2828 24 11264 3 871 7 57 96734 72 9 1087 1079 8 24 15705 3 2442 1102 15 3 13228 3115 5
273 3 565 4400 10 46 162 4 3 67 9796 19393 42 5291 14 40 9512 6 3 6194 11963 5
17 179 4438 30864 992 18 220 14 46 960 5
527 4 6 1262 120 9124 4 9 3890 197 18 3467 24 427 3 596 7 290 9796 96734 25 3 928 8 2279 14431 5
17 67 19393 10 3 596 197 31 2403 3082 43849 38375 8 4625 3082 459 5
17 871 7 290 7 192 67 19393 16 52409 52 50 1153 8 3 3354 6194 11963 16 2118 538 3 31392 992 5
66 16 23694 6 3125 322 13 70 238496 42 115 496 3 2980 7 3 77403 7 290 9796 96734 5
17 596 6474 9512 40056 35 18646 4 45514 33 71 26 4939 21 3177 53 35 500 33 114 16 3 9512 7 3 3559 3354 8 9421 16 3 221 7 928 5897 2209 6 3 992 5
17 568 596 6474 9512 2770 35 20498 700 33 14 3154 489 623 58 7353 1919 13 3154 337 29 9 964 8 1370 1951 15 3 2770 58 3 2007 16022 7 189 105051 8 38266 5
81 614 4 3 31392 1175 7 3 1273 1506 538 3 13538 7 7732 1442 8 3 119 71966 31660 18 272 22 3 5180 202 1493 12634 8 45465 964 4 21 69334 25 3 17521 85612 2770 148 3 5559 8 2655 55906 10 3 928 8 960 628 5
20498 700 5
9897 6474 9512 2770 14 3 55906 5
72312 91869 46240 254559 4625 3298 11346 5
4625 53 3154 489 35 33 4 3298 53 7353 35 38375 33 5
48625 18029 17 3074 7 3 4848 35 33 2655 24 3 49894 1506 71 26 677 24 14448 3726 3 16022 22 3 11289 5
145 71 26 617 24 9583 3 3905 25 9 15721 9556 695 6 32 2793 74713 3797 6 9 270429 284 5
8616 4 543 15 3 317 25 3 15721 4 8 543 15 3 928 115 1321 4 3 6194 400 7 3 4848 71 26 2093 2655 5
21669 4 3 3154 71 26 10495 6 9 1766 4848 125 46 1321 220 4848 71 26 67761 8118 5
10526 4 3 4848 628 71 59 26 220 6 4764 3 773 7 83062 284 10 10534 2333 5
273 946 4 200604 4 4 83667 4 13320 4 8 68403 35 911 33 27 1595 13 3 49894 2655 522 7 40 4848 5867 18 10 2170 809 19 6453 857 628 25 40 2947 4505 57162 953 284 8 2573 3 4756 7 4848 2062 10 12752 4505 57162 953 1443 5
527 4 121 3 542 566 18 97 52 459 190 3979 10 1574 628 2137 4 454 2062 486 825 1583 72 902 4736 51 1753 9 454 2463 7 1493 10 3 11235 7 4848 522 6 3 2755 16374 83062 284 5
190129 4 10 678 6 56414 3 522 3455 10 46 17241 162 25 427704 8365 6 5238 5771 4 23 16 535 537 6 4556 84 29132 8 84 2770 6 3 277 1806 5536 8 3 992 71 26 3559 7302 1272 5
11271 25 46 6928 10 18298 3 1506 21 8 65 1272 4 439493 59 581 4783 317 6 3 1457 3802 52 70 537 16764 148 34141 23394 35 33 8 71 59 3 3802 92 2851 64441 10 2770 31 4436 5
17 508 7951 42 115 543 15 3 773 17241 7 3 83062 1443 538 32542 2642 53 249 5
17 522 25 46 164751 543 70624 17241 1264 842 13 3 83062 284 773 4 10 970 7 2770 4 71 26 2655 19 272 1493 653 35 5180 202 33 538 2093 23232 5257 19393 4 13563 4 55151 7353 8 3154 489 5
17 1506 18 11435 3559 19 3 6232 2430 83062 4848 628 8 2870 19 9 1687 628 197 5
79 410870 106153 18 4783 6 4301 3 6194 538 2205 17509 8 9124 970 35 34082 33 5
17 6943 992 6358 7 3 1506 18 2118 137 9 12691 794 8 3768 1217 5
17 43420 6013 85612 35 82478 33 2770 14 3 960 628 197 240 272 17521 148 3 2655 8 5559 773 2770 5
17 282 151438 18 170 6 26 9 1906 410870 992 4 4 3439 22 3 508 9937 7 2634 992 19393 53 2854 489 35 10355 33 4 4050 35 9193 33 8 9 928 2408 35 55978 1646 33 7 3963 5
1655 9 5238 2673 1069 397 4 92 3 18264 8 40 7353 31 424 10 3 55151 5954 4 43 71 26 304 6 3 992 8 71 26 3559 2093 5
21669 4 3 89 14 6375 249 202 4 500 202 4 605 202 4 575 202 4 2628 202 4 8 5180 202 7 3 1341 18264 10 3 83062 24 71 26 12354 4 47 6154 3 26110 7 3 1506 5
17 53562 7 3 49894 18 454 12956 19 9 9512 2376 7 3 9796 19393 4 47 661 13 3154 489 18 9 48 1568 2916 5818 83062 284 773 4 58 3 55151 16022 7 105051 8 38266 5
17 2520 1589 10 46 542 71 26 2262 6 255928 912 24 18166 90 2093 23232 164 19393 133 21 7526 21717 489 8 2190 1534 7 3 53879 6 4764 3 6194 10 9 241 1043 3490 5
1113 49894 2520 31 34 9 6357 14 9 104177 1506 4 43 42 170 6 26 3982 14 10534 231 4 10 7678 3 6194 10777 22 523 650 912 5