81 46 1381 3 565 7 9 3309 284 7254 14 16001 2727 2210 16 1109 10 3 5114 7 1784 6619 8090 2828 24 11451 10060 1276 5
79 382234 31660 7 9 49985 5811 8 4355 16 1273 5
622 31660 7 49985 4434 4355 29 45 2042 21 166 5
17 27964 27 45 2870 24 538 189 7732 628 8 521 628 3 3232 1973 5
158 27 725 61 6 26 1783 5
44594 3309 1443 27 45 4400 14 72 17003 85 35 35698 4 12466 4 323 6456 4 274 109 4 3824 33 5
2758 1443 27 856 2677 14 16001 13344 4 150 16001 2727 13344 35 59 3876 6 21 16001 2727 2210 49 11451 10060 1276 14 59365 33 47 31 3 1427 7 11451 1401 13344 13 3270 10 3 818 5
158 31 6437 19 10363 13 31 220 6 4697 317 52 3 2867 1566 35 4 4 42065 4 323 9253 4 744 109 490619 4 88879 4 77054 4 323 74788 4 1278 33 5
49574 3 236 6 4697 370590 628 133 317 7928 3 10051 6 384 9 498318 2785 148 8681 35 4 4 162690 4 22854 4 323 4065 4 744 33 5
57318 40 2737 10 904 16 184 3848 1236 14 3 1401 2210 35 323 14406 4 1095 33 5
2680 2865 38223 5898 35 9410 33 4 9556 19 83 10363 49 24 1010 4 29 59 45 13787 220 14 46 3644 4 23 142 34 26 10436 10 10711 114 87 16 93 3232 11104 4 133 21 163 509 4 10 19570 4 14304 4 49 15 7108 8 6359 35 4 280 33 5
81 138 1561 3309 284 144 26 9 6695 2155 5
10526 4 1812 8090 2828 24 9 10051 133 21 6619 35 323 79189 4 359 33 49 32 4000 1566 7816 1871 34 97 3 2204 13267 44 59 3 5811 4355 35 4 4164 109 323 4 3952 33 8 189 3 1279 2376 35 4 4 323 465400 4 359 109 4 4973 109 4 2804 109 4 2391 109 4 359 33 8 3003 35 196 12283 32330 4 590 109 12283 32330 4 2076 109 4 911 109 4 502 10 3 5114 7 784 1973 3003 33 5
12502 4 1443 7 5195 4355 8 1279 2376 543 15 3309 1443 27 45 4400 39431 10 29280 10 3 5114 7 3 1279 3003 8 3 2204 13267 35 323 14406 4 1095 109 4 4 82446 4 4 323 150518 4 2076 109 12283 32330 4 744 109 4 280 109 490619 12283 32330 4 1278 33 5
17 3915 8090 31 841 21 43 27 6 26 10455 26653 5
1498 3 10051 1386 23 29 6 650 317 1003 6 3270 19913 10 1812 8 1484 2571 1566 5
17 46333 326 16018 7 3 762 1416 3117 1117 544 907 10 3 267 7 2727 2210 4 114 3 3915 9705 3684 31 2409 35 4 274 33 5
931 544 86 26 10455 11076 92 3 2177 7 2673 7 82857 35 204398 31617 8576 33 4 47 7928 286 6 650 117 8090 10 8690 35 201518 4 590 109 9214 12283 32330 4 359 33 4 16 1109 5
46959 4 21 2438 19 93 2947 15 762 4 71 26 3327 3275 1782 4 171463 5
6067 24 9 2947 22 9 922 532 1110 4 49 71 2546 86091 4 543 15 96611 1386 358 49 48 1812 7039 22629 1443 5
46959 31 1001 220 14 9 221 7 6394 4 150 18021 8 497 4125 5
238 3 5615 1995 14 70 3351 7 46959 4 1467 595 6 21266 40 601 8 3 726 47 2697 6 454 7204 8 7928 91 6 3030 9 21500 7 6394 5
45948 34 97 3030 1442 4 4246 4 8 18021 35 84306 33 6394 120 902 4 44 59 46 149 840 40 37063 2125 5
1700 4125 27 3643 6 83 692 5
46959 1079 10 470 16 25 9 265 4746 709 6 3371 7 1267 7 709 4 8 3 1782 220 10 192 1443 1079 10 1646 25 9 17598 1634 17657 35 281395 33 7789 287 58 57 3945 6 528 1782 7789 72 11368 36306 5
81 678 6 26 488 6 1332 40 2485 4 46959 31 6437 19 10363 13 5439 628 25 3 1566 47 16 153 220 10 3 532 284 5
17 8808 7 192 532 1443 31 177 523 4 105 27717 3 9533 10 3 904 4 49 7138 16369 5
23620 2506 19 523 10777 31 220 4808 15 3 1539 5
273 946 3 20974 35 2850 4 1422 33 4 4149 84306 6394 16 50 6905 5
145 71 26 3439 2545 6 30 241 16840 35 1596 18398 33 141 65 441 9 4900 1646 53 800 15441 3811 8093 4 704 15441 10 4385 4 34411 17814 2059 142660 18468 4 14121 18468 7 23 16 24392 2168 5
17 7054 7 3 4400 1506 16 72 111763 15441 8 23 71 162 86091 14 1906 8090 8 26918 86091 5
17 169 57 16 9 2470 1782 4 3 239791 527857 35 478229 12283 32330 4 280 33 5
17 1494 867 18 6 1746 23 14 84306 6394 215 4 44 23 18 6740 76 9 2470 1782 5
145 1506 16 146 1731 58 20974 4 19 12099 15441 43668 4 8370 15441 241 636 8 9 3235 24392 7 1614 18468 5
66 59 29 9 798 418 1079 4 180 1818 7033 8 697 18398 16840 5
1738 7054 16 72 78915 15441 8 23 71 162 189 86091 8 26918 86091 5
17 296 946 16 59 9 2470 1506 4 44 10 46 267 4 23 16 9 3143 4 3 277851 3608 19105 35 15830 12283 32330 4 359 33 5
145 16 32 946 7 16001 2104 4 19 9 206 6910 2168 4 180 11671 18468 5
349 3 83 881 4 3 16840 7 46 1506 16 798 58 3 1603 10 3 767 6200 4 704 18398 8 23 29 9 7054 7 53061 185780 17 740 1746 29 9 2112 523 2673 4 14703 2873 16 50 689 2485 5
66 16 3 251532 183 35 4 280 33 5
145 396 45948 16 488 6 1626 9 24392 7 2628 36306 19 9 3235 7054 7 460 88153 15441 8 9 3235 16840 7 697 18398 4 4808 15 3 6885 3 45948 16 1770 5
1563 161 946 16 57 7 3 104 2336 46959 4 3 17838 76838 35 16678 4 107815 4 323 66956 4 2560 33 5
145 28439 45948 18 1146 14 4246 8 18021 5
17 1884 19 3 20974 946 16 530 4 50 1646 5
145 45948 29 3 1646 8 916 7 9 521 76838 8 71 398 22 9 3235 1952 7 407 5253 4 110 488 6 198 12193 4 14106 4 21554 8 26922 180 50 22723 5
17 73 946 16 3 8102 8 48 2410 2104 14 45948 4 3 35 1692 13068 4 241 16840 33 4 8 57 946 16 3 23591 13827 35 8532 4 590 33 5
145 1506 29 45 1254 14 3723 2410 1442 8 18021 162 4 2434 10 2470 912 5
66 29 9 177 528 1646 4 19 9 3440 15441 43668 8 23 71 1626 55 6 1410 18468 5
17 689 9063 7 46 1506 31 3 460 3963 15441 394 7054 8 50 503 222 16840 4 96 754 46 1746 6943 14 84 3351 7 6394 5
238 80 27 381 4 87 31 14221 20297 14 329 843 7 45948 4808 15 3 1539 8 718 4 44 87 31 117 544 6 4855 171463 5
10119 7 3 3672 53 4808 15 143 632 3 3672 16 4 3254 49 7066 6904 31 1622 5
187 31 59 90 6889 13 1368 9 568 683 4 2638 10 1420 2333 5
17 689 57 16 13 46959 112 34 27 32 15655 15033 5
75 87 31 59 7998 544 105 3 1292 7 17592 6 960 3 2168 7 7138 16369 35 279284 323 11714 4 280 33 5
17 1401 10051 4 220 22 317887 430 7 3756 8 3954 4 16 488 6 1626 55 6 183 18468 7 2979 1443 8 16 220 14 1665 5
17 10051 16 6437 19 556 85505 8 45948 284 5937 4 3 2106 37757 1560 19 301216 1586 5
145 1586 7928 3 3802 6 4112 3 37757 4 337 239037 4 17723 84 1386 358 4 17815 1382 5897 8 8743 9464 14808 4 47 16 6733 154 70 3 45948 1386 5
301216 933 4 3 2551 7 3 4 2228 189 3 45948 5440 8 3 44629 6 909 1568 317 10 10534 5
3974 6 583 219091 10363 71 26 34171 8 6217 10 108 16292 53 2778 9457 66355 2770 31 6217 10 32 1369 6 1125 8487 6170 5
22349 8 2600 926 71 26 197 14 290 8487 5
2778 17 5752 38076 42749 15721 2190 10887 72 89 5
2778 17 38518 13224 6852 15721 628 10887 486 3 45948 2106 1386 2785 5
7337 25 3 37757 31 59 2236 14 166443 2376 5
17 284 71 270 179 6404 16939 628 6 2088 46894 35 79265 33 5
999 538 228168 4 63 71 2399 628 25 6404 10363 5
9049 23 29 16939 9796 4875 6804 628 2137 5615 14 55 6 2131 4875 5
17 10363 4 14 946 4 9 108 61638 24868 16 4116 65 2727 10 272 3532 21 23 1929 32 5050 2586 7 3 5485 7 3 1535 4446 3 9410 2740 47 16 3 2586 3 1535 16 2740 5
273 133 884 23 16 1622 6 4301 9 7039 1506 7 3 284 2209 10 98586 249 5
98731 1506 7 3 45948 19 5892 284 7 25927 98586 249 5
98731 1506 7 3 45948 19 5892 284 7 25927 5
1192 15 3 1444 7 30653 1386 532 1443 4 1254 14 11451 10060 1366 2333 27 45 5913 121 3 261 9320 5
17 4892 164 7 718 155 34 852 286 14 3 726 7 37757 6 532 3 45948 543 15 9 1506 3143 5
17 726 7 69640 35 17598 479456 4478 33 10 268 85 763 6 1088 57645 4 81854 8 83 10363 13 42 220 10 187425 41666 284 43496 35 2397 4 38147 4 47929 4 323 1604 4 274 33 19 19393 6943 14 45948 2333 5
17 1828 1386 532 284 16 9 3109 7 307 10363 4 155753 35 2865 41666 17069 5898 33 4 1586 446 1325 2485 16 3 37582 7 3 827 4 28321 8 12602 5
659 132 37582 7 192 19393 537 4 307 1731 1443 1691 317 15 192 19393 7 3 1386 144 26 5775 10 57 284 5
17 74 284 4 226 187425 58676 8576 35 128610 33 4 16 9 3109 7 126155 10363 8 81854 6 1415 38451 28321 8 10750 4 3995 180 3 38629 6219 4 12662 4 20721 5
17 169 57 4 1013 72671 8 30767 45191 5898 4 16 9 3109 7 128610 19 3 2635 2106 12190 857 15721 13 1708 317 52 3 2586 7 1386 5
17 296 284 4 226 155753 4 1708 317 52 3 827 4 1952 8 13068 35 298339 4 502 109 298339 4 359 33 5
17 231 7 155753 10 3 67652 284 71 26 6227 10 67 38060 21 17670 9556 49 10015 9556 5
17 1884 148 3 38060 16 13 10 3 17670 9556 284 21365 67652 19 9410 4 14 3 11104 7 287 58 179 9913 4 3 104 1940 220 83924 13720 16 34 488 6 2882 10581 206 2882 7 3 827 8 1952 7 3 284 4 125 10 10015 9556 21365 4 141 628 25 9 837 3232 16 351 76 1250 10 3 83924 13720 162 650 5
7169 532 1443 71 26 40345 10 67 600 4 3 74 182 1038 1443 1219 10 526 14808 8 3 169 57 10 9 988 14808 5
17 74 182 1038 70 3 2526 2527 4 114 3 2947 535 754 3 380 421 5
17 169 182 16 9 275 2673 8 231 7 46959 4 114 3 380 421 535 9317 3 1386 532 284 5
349 3 1625 7 3 2209 628 4 7118 2367 220 10 45948 6 197 827 8 12602 4 23 71 26 4436 13 23 16 964 6 786 15 3 6372 284 14 29575 3 45948 827 5
2758 2532 7 538 6372 1443 31 115 10 231017 35 109795 280906 8 67598 33 5533 4 658 4 463 6 3 10119 7 11129 4 43 31 841 6 15564 5
349 3 83 881 4 3 1292 7 538 3309 1443 2537 12467 9084 7 2911 10612 7118 45948 532 21 46 567 3 9573 7 3 10015 9556 43496 249444 284 4 47 16 287 5551 8 10041 6 6404 32162 5
17 9573 7 3 6372 284 2640 13267 8 12602 5
11771 4 3797 19 43496 249444 2151 2096 9088 628 10 3 650 7 13720 13760 35 60876 4 3651 4 323 1072 4 1095 109 4 6794 4 323 265702 4 1515 33 4 8270 1297 3 37582 7 3 13344 827 10 904 5
9049 4 3 9573 7 3 1279 2376 8270 4552 23 6 15564 6034 10 9 48 5551 152 4 47 16 9 964 2685 10 3153 7 17938 3 6372 284 19 3 532 1513 5
1471 533 2685 14 7623 3 2262 16408 7 3 6372 284 10 45948 16 3 644 13 23 11657 3 10075 7 46 2125 7 2367 4 47 16 177 533 25 3 397 7 1069 7 46959 2673 5
81 46 1381 3 565 7 9 3309 284 7254 14 16001 2727 2210 16 1109 10 3 5114 7 1784 6619 8090 2828 24 46959 5
17 1444 386 16 57 7 3 104 3206 14 463 6 50 498 799 653 7 22629 35 173310 4 296729 4 23451 4 415020 4 323 143264 4 1515 33 5
23606 884 7 1420 43060 133 21 1979 4 7739 4 589 23710 4 1812 13108 4 3243 43375 4 4824 7176 4 2114 9260 9027 18003 4 31 177 533 8090 35 173310 12283 32330 4 1515 109 173310 4 296729 4 323 4 744 109 4 1604 4 323 17132 4 274 109 7914 4 24067 4 323 16964 4 590 109 46007 4 3733 4 323 4094 4 280 33 5
349 3 57 881 133 53365 21 8843 6139 49 508742 4563 7739 35 4 4 323 4 590 109 4 4 323 4 590 33 31 3509 6 5284 115 24 2114 1022 34395 4 47 31 11283 232 6 3 9832 2114 1952 34602 35 4 4 465400 4 323 4 2560 33 5
349 3 83 881 43 31 23416 95 2727 2210 31 3656 3648 6 13441 91 5
17 272 10119 7 1444 1265 8 10711 383 26 351 76 5139 10 3 5257 5158 7 3 8090 2828 24 16001 2210 5
17 726 7 16001 13344 16 177 533 25 523 266 7 1069 927 7 3 2693 4 927 7 3 746 4262 4 1277 7 3 8911 8 76783 7 3 297365 7 6619 35 173310 12283 32330 4 744 33 5
48465 16001 1276 71 26 220 2875 14 133 8911 35 323 79189 4 359 33 5
17 74 176 7 3 45948 2106 1539 16 3 10150 25 32 2007 827 6 9 380 827 10 32 4000 23708 1566 5
1301 3 10051 29 6 4517 3 5811 4 13 36 26 13873 4 8 1445 3 1566 8 3 5811 39177 2981 10 3 5114 7 3 1539 4 982 10 5158 7 16480 1330 5
3062 286 1384 32 45948 47 16 1827 22 4149 32 6619 7 32 3540 5811 589 4 24583 4 3379 4 6030 4703 5
17 10051 16 16001 57 5
66 29 6 342 61 3 16480 25 3 1204 397 6 3 1539 352 4 153 6 12262 3 1539 1279 6 10680 3 4218 5811 8 6 342 61 3 4149 7 3 6619 2485 10 3 5114 7 3 2981 7 3 4729 5811 8 3 1279 2763 5
17 2204 2106 2900 4286 3 4434 47 16 392 9 139061 4 14 3099 21 9 3232 1973 7 32 3540 1566 5
17 10051 16 6437 19 3 1401 2741 47 16 488 6 397 6 3 922 10 678 6 159 3 2678 7 3 3076 13 23 9337 996 5
17 4434 13 3 10051 4263 6274 3 1979 16277 25 3 1084 3232 1973 35 196 98586 341 33 5
17 565 7 445498 47 4 7921 83 544 4 9286 7 5811 21946 25 3 1973 4 16 61 7 3 6269 7 46 1381 5
999 3655 6 3 392 49985 4434 8 3 49985 1973 25 50 16066 2741 4 6687 3 2204 271051 1010 10 3 1566 4 59 24 538 83 3077 7 317 4 14 3099 9410 5
980 6621 4 10 678 6 384 50 2737 15 3 4434 3 10051 1141 6275 2678 7 3 922 1298 5
1301 23 9670 3 16277 3157 7 3 589 25 3 1868 8 10680 23 10 3 2185 4434 5
17 946 7 3 1868 16 1595 10 98586 341 5
17 5018 7 3 6034 4355 29 6 26 10235 8 2430 528815 21 3 2678 7 3 922 31 351 25 523 35246 8 1678 8249 7 3 10051 2106 1386 5
145 565 9317 6 3 182 7 8090 13 17244 10 4355 8 3364 176316 2125 6034 24 9 10051 27364 1443 35 12283 32330 4 2076 33 5
17 5018 16 2262 19 3 4355 7 3 182 7 1979 5
1301 4 3 10051 35737 10 678 6 5576 3 1566 1752 24 538 2741 8 10363 5
145 2228 3 2204 6 1000 3 23708 8593 7 3 1566 5
1301 4 3 1566 144 26 3055 8 3 13228 5811 144 26 170 5
8616 4 3 2062 71 26 3868 10 3 508 4290 53 249 5
33935 9 837 4 49985 5811 8593 4 543 15 3 2741 1973 351 25 272 4801 5
33935 7 49985 1279 8593 543 15 3 272 4801 2741 1973 5
1301 4 3 94895 1279 144 26 4218 21 9 26262 7 3 1321 392 4434 5
17 837 13228 5811 144 26 4218 5
33935 7 9 8593 7 3 23708 1279 4 543 15 3 838 61 49985 1279 8593 5
17 49985 8593 2228 286 6 10680 3 1979 5
355 40 90997 16 424 4 3 10051 71 3617 1570 6034 10 678 6 1000 40 23708 8593 5
26858 3 23708 1279 5
35 9 33 3232 4434 19 16277 1979 98586 341 5
35 9 33 3232 4434 19 16277 1979 5
35 8862 33 17 4218 5811 5
17 266 249 8 341 31 3 7429 7 46 1381 5
81 46 2124 3 31660 543 15 382234 4309 14 446028 1868 8 5811 4355 16 2209 5
17 1665 42 1303 61 19 3 231 7 825 9013 6 192 1595 996 10 98586 341 5
81 3 334 4434 57 589 13 16 2497 6 26 825 6 3 57 25 3 396 4434 16 6755 5
81 9 521 960 628 3 589 18 34 6755 5
659 3030 3 652 7 6034 4355 3 84 8593 7 3 1868 29 6 26 2042 5
3265 16277 589 16 725 76 9 60401 8593 7 50 3157 5
31660 17 31660 1131 15 1745 628 543 15 3 446028 1868 5
66 16 9 174882 4 67 15209 628 10 47 6494 2464 3 3519 39079 8 249 2464 3 39079 7 3 589 5
145 31660 6950 137 40056 285 23 3831 74 16076 589 5
66 6589 3 3157 7 3 589 4 2143 23 76 60401 8593 8 6393 50 904 24 2571 2770 249 76 83 221 6 1262 699 76 23 125 4231 369 14 3 161 589 6 26 5
66 16 973 15606 13 290 16076 397 13 16 170 125 4231 137 3 40056 16 9 2474 7 9 589 49 9 397 177 408 6 3 2474 5
20590 82242 2172 16 3 74 1092 7 7 9 837 5811 5
17 82242 7 9 589 16 170 8 50 8593 10 3 916 7 814 83735 16 1146 5
16818 25 3 74 397 7 3 82242 35 2474 7 9 589 33 3 161 397 16 170 538 3 2801 9 2842 220 6 7673 9 11933 40056 5
66 16 1272 14 3 2801 6 27 3 1646 1867 19 32 5295 871 21 23 738 6 27 9 885 397 5
208 1204 397 7 3 2801 3443 525 3 82242 7 9 589 3 1046 7 3 1090 397 16 2173 56136 109 10 3 83 267 4444 56136 196 35 465400 4 4 323 4 2560 33 14 1056 5
17 1046 2173 10 133 4230 2697 6 20044 180 3 589 82242 56136 5
66 16 533 14 3 5811 4355 31660 6 1088 3 858 7 266 10 3 216 2586 10 70 745 5
3194 9184 397 10 3 1090 7 9490 589 16 725 25 871 249 6 341 5
238 9 665 4 54 6625 70 3 266 180 3 589 50 1090 10 3 40056 8593 9286 7 3 9149 7 600 7 2770 249 6564 24 341 5
17 4385 7 600 5473 15 3 1646 7 3 2801 5
79 1892 7 2770 341 486 3 1090 16 7947 125 4231 14 184 589 6 2258 92 57 29 277 45 9490 5
66 16 7679 10 3 508 4230 53 249 5
17 31660 137 40056 125 3 498 871 16 6494 35 3 3519 33 5
208 3 871 9184 16 341 35 589 277 9490 33 43241 1755 10 3 1843 7 3 40056 285 6494 16 1049 369 5
12231 14 184 589 16 1009 153 5
208 3 871 9184 16 3628 6 249 3 408 2867 7 13 397 16 5291 14 3 1892 7 871 341 5
17 2867 16 3380 24 3 2801 19 885 397 2852 10 3 397 13 16 170 15 3 1090 5
17 2770 10 3 2801 31 5291 5
208 871 7 341 16 170 23 6154 13 3 589 18 277 9490 5
1301 43241 10 3 1843 7 3 40056 16 1009 285 6494 16 1049 8 3 31660 6950 14 184 589 5
208 341 16 34 1379 10 3 2801 23 770 13 3 589 18 34 9490 483 5
17 3354 7 589 5447 962 10 46 1092 16 3 9149 7 266 47 71 26 11737 21 9 9149 7 83735 2852 180 3 589 82242 35 9 397 13 16 34 3 74 49 73 10 3 9149 16 3 194 7 3 57 60401 8 3 1431 7 3 161 57 33 5
435 9863 3 241 9149 7 266 10 3 82242 23 16 3047 6 21095 13 8593 103 699 3 5811 4355 31660 5
17 31660 7 3 380 858 9863 16 962 10 465400 12283 3462 5
35 2560 33 5
17 522 7 3 31660 14 3 628 2757 25 98586 341 31 2209 10 98586 459 5
35 9 33 4434 98586 459 5
35 9 33 4434 5
35 8862 33 1868 7 57 589 5
68132 4355 31660 17 9796 14 3 5811 4355 31660 9286 7 67 9013 5
364 16 3 4434 8409 528 352 2756 19 1979 8 3 83 29 97 57 589 4 825 6 57 1942 10 3 334 4434 4 44 12010 8 37195 5
17 31660 1141 290 60401 8593 7 3 589 8 6786 23 6 3 60401 8593 7 3 589 25 3 396 4434 5
17 4631 16 2173 10 3 508 152 53 249 5
17 221 7 8934 7 189 1979 16 677 5
208 23 16 523 3 1979 31 34 3 216 5
27300 16 1505 5
208 23 16 3 216 3 31660 2503 6 184 1092 5
17 8593 7 3 589 47 16 3 858 7 8934 16 725 76 8593 47 2527 10620 8 4385 7 3 3625 5
145 71 26 1109 21 9 17365 2419 8593 5
659 337 3 2474 8593 76 17365 2000 290 2378 35 1808 7 266 3364 3 60401 33 7 3 589 16 351 8 50 4385 8 10620 16 7154 5
17 17365 2419 16 962 1752 24 3 10620 8 3 221 7 2000 16 3455 24 13500 3 4385 7 3 2378 24 4385 7 3 2419 5
5583 290 2378 7 3 589 16 962 24 3 1808 35 7168 4 6517 33 4 114 7168 16 3 17365 2419 997 35 10620 7 3 2378 33 8 6517 16 3 221 7 2000 5
5583 4 21 9 665 80 4498 3 858 7 916 35 35 9920 4 112657 33 4 35 114129 4 161917 33 4 4 35 166272 4 199328 33 33 5
145 16 3 74 916 47 738 6 26 6740 14 454 110278 5
273 189 23623 7 3 1979 13 31 677 9 84 858 4623 9906 7 2770 16 1146 5
17 74 871 21636 3 10620 148 6275 3625 5
17 169 871 16 3 4385 7 3 2378 16812 3 2474 35 3 221 7 17365 2000 13 6268 3 2378 33 5
9537 3 10620 29 3 8524 871 21 23 16 7154 21 3082 35 115998 47642 33 62029 8944 109 4114 249 4 4 15441 115998 249 5
17 73 10620 35 19 40418 10 3 74 2474 33 16 7154 21 3082 35 9920 115998 166272 33 62029 8944 5
214 8593 754 3 1884 10 1979 10235 15 3 4434 11177 5
17 3979 858 29 3 916 53 35 35 4 112657 33 4 35 4 161917 33 4 4 35 4 199328 33 33 5
3879 133 8593 57 858 35 3364 57 7 3 677 1979 33 16 3996 5
1301 3 825 6 3 9149 7 17365 2000 7 3 169 589 16 5852 10 3 3996 858 35 196 98586 503 33 5
208 3 868 16 170 3 367014 7 7100 2378 9998 16 7154 5
208 70 3 367014 31 825 35 3 2029 44398 16 1298 3 392 8515 33 3 1979 31 1804 21 825 8 3 31660 28863 5
208 3 367014 5697 2537 35 3 9998 7 3 14077 3625 31 523 19 2201 6 3 2430 33 3 1046 14 3 7100 16 1009 5
17 3235 221 7 4003 16 3628 6 185780 220 10 5811 4355 98586 503 5
220 10 5811 4355 5
17 837 5811 4355 31660 14819 3 13273 7 3 4434 4355 5018 5
17 3316 7 46 5018 16 6 119744 3 10 3 1308 1868 5
17 9286 7 9 182 7 1979 13 16 176 7 9 334 4434 5
17 5018 7 9 4434 4355 2228 3 1868 6 26 12010 8 37195 19 7488 6 3 334 4434 5
81 454 2898 4 9 1055 7 32 5811 35 589 33 16 1804 21 3 1055 7 2199 7 3 274365 4939 24 3 60401 8593 7 9 589 5
17 31660 71 26 3868 76 508 1172 53 12775 5
52370 3 628 2981 145 1092 2818 56696 189 2678 8 7995 70 3 1979 25 3 334 4434 35 2636 33 13 31 825 6 138 25 3 35 8862 33 5
273 290 5811 8862 9 858 7 7100 6034 25 334 4434 16 1146 5
187 31 59 67 2770 13 4301 7488 148 6034 8862 8 2636 47 31 3455 154 837 5811 4355 650 5
1526 2770 31 3 2430 8 10235 5
31984 16 7154 21 9 50733 7 7100 2378 9998 35 47 16 825 14 290 3625 1808 65 3 868 16 170 33 5
143084 16 3455 21 32 10620 148 7100 3625 65 3 868 16 170 5
17 380 628 2981 16 2209 10 98586 500 5
7337 2981 220 10 4434 4355 98586 500 5
7337 2981 220 10 4434 4355 5
51697 137 628 2981 6 384 3 7100 6034 435 56696 189 9013 8 9863 3 3656 628 2981 4 31660 137 3 628 2981 10 678 6 384 3 1332 197 7 1979 2852 10 3 334 4434 4 13 3001 3 1682 148 1979 25 3 5
17 74 1843 10 3 628 2981 2053 3 604 7 3 858 7 9 9318 6034 5
17 13987 7 9 9318 5811 35 2430 8 10235 33 36 26 5852 10 454 1959 297 3 939 7 3 4995 5
2491 3 9318 5811 4114 16 2142 3 161 7100 5606 16 5852 10 3 169 858 35 3 858 19 3893 825 6 3 5811 8862 10 98586 500 33 5
17 5606 16 7100 65 70 912 1298 31 15251 35 11856 1291 7 9318 5811 10 3 74 858 4 4114 1291 7 3 858 7 825 6034 13 16 958 9490 4 72539 1291 7 5606 10 3 858 7 825 6034 33 53 249 5
69 114 16 3 8515 7 7154 46699 109 341 5
69 114 16 3 8515 7 7154 16506 109 459 5
278852 16 3 8515 7 3 3457 148 1979 4 2482 35 14937 4 11348 33 16 9 13377 13 4 14 9 1808 7 1979 23623 4 2696 32 3457 148 40 3710 109 1302 593 3 13571 7 3 296 1215 142 26 21231 65 3 16506 10 677 6034 31 523 35 3 169 1215 33 5
208 3 9286 97 7 67 1979 3 996 11129 31 4783 5
10974 4 1204 25 3 296 858 7 7100 6034 4 184 13571 16 1272 5
1738 3316 16 6 1970 92 1682 15 3 1535 148 6034 10 3 31 825 35 4007 6 2430 8 10235 33 6 138 3467 25 3 334 4434 5
659 11166 46 4 67 17016 31 7154 5
1532 35 33 16 3 57 19 3 274365 10 3 1055 7 589 8 1612 2118 24 3710 7 1979 8 95531 5
3668 35 33 29 274365 10 3 1055 7 589 8 1612 2118 24 3710 7 1979 8 35 114 14305 16 32 1291 7 9 589 10 3 767 858 14 47 868 18 170 33 5
208 1215 115998 115998 35 114 16 3 392 8515 33 16 15251 23 770 13 1682 148 108 1979 15 3 8 3 334 4434 31 10955 8 3 868 10 1092 4114 16 170 5
98586 708 842 47 3893 31 3112 14 3 7488 1970 5
43899 7 3 628 2981 47 159 176 10 13571 7 17016 98586 708 5
43899 7 3 628 2981 47 159 176 10 13571 7 17016 5
17 868 148 8 3 334 4434 16 170 65 15 290 858 7 7100 3893 22 248 57 7100 589 16 170 5
17 1046 16 1505 8 3 868 148 8 3 1308 1868 16 34 170 65 53 249 5
3701 7 3 858 19 7100 6034 16 3435 35 10 46 267 3 31660 16 1318 276 2172 3 628 2981 33 341 5
2437 3 31660 11812 3 74 858 114 3 868 35 19 7488 6 3 1321 170 6034 33 16 34 170 5
145 2124 16 3868 76 67 1172 5
1532 36 240 3 5615 7 837 5811 4355 5018 5
17 3316 7 3 169 2124 16 6 1379 3 773 7 3 4434 4355 35 2489 5811 4355 33 31660 5
3194 2124 16 3868 76 67 1172 8409 522 14 67 628 2757 5
1532 16 543 15 3 197 7 7732 1979 47 18 3915 996 125 5355 3 31660 35 196 98586 341 33 5
17 169 57 16 543 15 3 3232 1868 47 18 351 25 394 35 196 98586 343181 33 5
17 1868 842 3 352 7 4295 1885 10 5528 4 2728 5
79 182 7 1979 13 42 16277 14 1665 31 5042 5
17 2755 4434 19 16277 12483 16 2209 10 98586 389316 5
35 9 33 17069 1868 19 2824 1979 13 42 16277 98586 700 5
35 9 33 17069 1868 19 2824 1979 13 42 16277 5
35 8862 33 213271 1979 5
18996 5811 4355 81 46 2124 1665 7 3 8 5811 4355 31660 31 2209 5
273 3 1665 3 31660 19393 42 351 21 3177 53 249 5
38751 1646
34138 8515 3116 35 14 33
173140 2419 4385
1700 12483 42 12010 8 37195 5
81 194896 5
704 8 782 3 16277 1979 31 1595 486 19 40 60401 8593 3455 10 3 74 1092 7 3 31660 5
2954 267 38 4 35 9 33 16277 1973 4 35 8862 33 1973 98586 704 5
2954 267 38 4 35 9 33 16277 1973 4 35 8862 33 1973 5
2954 267 2453 4 35 9 33 16277 1973 4 35 8862 33 1973 98586 782 5
2954 267 2453 4 35 9 33 16277 1973 4 35 8862 33 1973 5
17 98586 183 842 3 16277 1308 4434 19 2824 1979 14 47 3 868 18 170 5
17 7100 1979 31 2824 19 1051 38 8 2453 47 35471 19 960 745 38 8 2453 2209 996 196 194896 5
704 8 782 3995 5
32980 19 7100 1979 98586 183 5
32980 19 7100 1979 5
3062 286 786 6 3 960 522 543 15 521 628 5
17 2279 628 9286 7 179 16277 2233 7 1979 13 71 26 170 10 98586 700 5
17 194896 5
1379 189 16277 2233 7 1979 8 40 60401 8593 3455 54 3 74 1092 7 3 31660 5
2954 267 38 4 35 9 33 16277 1973 4 35 8862 33 1973 98586 407 5
2954 267 38 4 35 9 33 16277 1973 4 35 8862 33 1973 5
2954 267 2453 4 35 9 33 16277 1973 4 35 8862 33 1973 98586 403 5
2954 267 2453 4 35 9 33 16277 1973 4 35 8862 33 1973 5
2954 267 6054 4 35 9 33 16277 1973 4 35 8862 33 1973 98586 698 5
2954 267 6054 4 35 9 33 16277 1973 4 35 8862 33 1973 5
2954 267 11986 4 35 9 33 16277 1973 4 35 8862 33 1973 98586 685 5
2954 267 11986 4 35 9 33 16277 1973 4 35 8862 33 1973 5
17 98586 98586 409 842 3 4434 7 3 16277 1979 3455 54 31660 336 8 3 4434 19 16277 1979 5
17 1979 14 47 3 868 19 960 6200 18 170 31 2824 19 3267 221 5
35 9 33 4434 98586 409 5
35 9 33 4434 5
35 8862 33 32980 19 16277 1979 5
32980 4355 81 46 176 3 960 522 7 3 4434 4355 27964 31 2209 5
273 3 1665 3 31660 19393 42 351 21 3177 53 249 5
31984 8515 6766 341 5
49239 8515 306 35 871 1867 10 39079 33 459 5
143084 8515 503 5
116738 7 10620 148 1979 17 7732 628 197 9286 7 3 1973 35 196 98586 33 110 3 176 7 3 528 4434 196 98586 341 5
145 396 4434 842 3 182 7 108 16277 1979 5
17 182 16 12010 8 37195 19 7488 6 3 528 4434 5
35 9 33 6784 4434 8409 3 182 7 1979 98586 697 5
35 9 33 6784 4434 8409 3 182 7 1979 5
35 8862 33 12786 4434 8409 3 182 7 1979 5
81 98586 3 4434 19 16277 1979 16 2209 369 5
17 182 7 1979 14 47 3 868 19 960 946 18 170 16 2824 19 7712 20399 5
17 7712 1583 21636 3 1612 7 3 17016 13 253 176 10 11129 7 3 1682 148 1979 5
17 521 628 197 9286 7 3 1973 35 196 98586 33 47 16 3 176 7 3 528 4434 7 4295 1885 35 196 98586 389316 33 5
187 16 9 182 7 179 9545 1979 10 3 396 4434 5
17 182 16 12010 8 37195 19 7488 6 3 528 4434 5
35 9 33 6784 4434 8409 3 182 7 1979 98586 800 5
35 9 33 6784 4434 8409 3 182 7 1979 5
35 8862 33 12786 4434 8409 3 182 7 1979 5
81 98586 800 3 4434 19 16277 1979 16 2209 369 5
17 182 7 1979 14 47 3 868 19 960 946 18 170 16 2824 19 7712 20399 5
17 7712 1583 21636 3 1612 7 3 17016 13 253 176 10 11129 7 3 1682 148 1979 5
81 46 1381 3 31660 4 543 15 382234 4309 14 446028 1868 8 837 5811 4355 4 29 45 2209 5
17 31660 7 4355 7 9 49985 1279 14484 7 133 5811 29 45 2042 21 166 5
1354 3 27964 725 61 6 26 1783 4 47 29 45 2653 61 24 538 189 3 1146 7732 6034 8 9013 8 3 9013 4 543 15 3232 2233 5
81 1654 3 31660 31 23869 6 2430 2571 8 3 4434 46699 5
66 144 26 4172 13 3 3455 522 4 150 3 2828 8365 4 27 97 1416 3186 6681 3 1586 29 34 45 6227 15 32 23417 2204 5
17 23708 1279 8593 16 1622 6 960 32 45948 6437 19 3 14533 7 3309 2376 5
458 300 97 176316 12483 27 45 351 76 1250 10 3 176 7 2062 7118 49985 1279 4290 249 8 341 10 3 3035 2209 10 8941 503 5
81 3 2211 5138 4 2853 25 3 20319 7 3 266 459 8 503 35 196 8941 503 33 4 3 1427 7 6034 14484 7 189 517 9676 8 52463 144 26 351 76 5139 5
81 133 9 267 3 3157 7693 144 26 9 206 1204 397 14 2172 3 284 14 3 1279 2376 8 3003 35 161169 4 6186 109 161169 4 6760 109 161169 4 5981 109 161169 4 3728 33 5
145 115596 866 6 26 4116 59 14 3465 3 23708 1279 8593 196 35 161169 323 4 3824 33 5
81 3 454 5138 1816 16001 13344 31 1060 6 26 220 14 3 4000 1566 5633 5
17 6619 7 1784 8 3540 6034 16 9 2086 1906 2485 10 3 5114 7 3 1279 2376 5
208 3 10051 16 220 14 7816 32812 4000 1375 1566 4 14 3099 4 3 7108 49 11927 35 66541 4 4 4 323 229244 4 1095 33 4 3 2204 2106 1279 3003 5615 27 6 198 300 1281 382234 1279 2376 5
81 9 133 267 3 2204 144 26 6437 19 11797 10612 5
155728 2520 7 746 11797 6294 35 465400 4 386463 4 323 4 1515 109 386463 4 465400 4 323 4 1278 33 8 2520 7 3 4972 284 4 13 31 40 270 35 23260 4 2391 109 465400 4 1278 109 465400 4 4 323 4 911 109 465400 323 283010 4 274 109 465400 323 283010 4 2560 109 465400 4 283010 4 77638 4 323 4 590 109 465400 4 283010 4 77638 4 323 4 274 109 465400 323 4 911 109 465400 323 4 2076 109 116866 4 502 33 4 1194 6 26 9 206 1204 397 14 2062 7 2204 2106 11797 14533 543 15 50 3309 284 5