14795 477 4 10 678 6 26136 7034 11598 4 3631 1296 27 6 12262 528 1898 7 2942 5
14689 4 46 16 617 25407 24 307 746 114348 4 47 754 3 650 89 12725 4 1908 4 8 477 2812 130159 2305 5050 5
81 32 1186 6 14550 192 544 4 80 3030 9 19898 542 2414 3 77403 7 88615 2038 2376 4538 2011 3 9962 7 3631 601 5
35 5108 33 15103 32 31660 2106 11040 21 50 3241 4 213529 8 8958 5
1249 10 88615 2942 19372 4 47 16 16930 6905 8 87229 4 3 74 67 3212 4 3241 8 213529 4 31 34 32 492 4 46 1381 7301 7046 15 3 296 5702 4 3 31660 2106 8958 5
66 16 533 6 1963 13 4 742 13092 19372 522 31 2112 14874 4 23 16 4179 6 196 143 265 601 3174 958 3125 3 8958 7 3 220 19372 17592 5
435 9 1339 7 3 558 4538 4 80 3030 32 10 5719 2376 7 3 104 3982 57 4 35 12586 25 29091 8 233726 33 4 47 2856 61 6 27 32 18365 871 8 8958 7 52 1818 202 4 47 770 13 4 392 9 6951 2942 4 23 29 9 1818 202 13300 7 48975 23 9109 5
14795 477 4 10 3 761 7 11533 84 1682 8 11598 4 601 4589 15826 8 48975 528 10771 7 70180 317 4 133 21 316 1822 49 887 576 5
458 4 6 10366 10775 3 4279 317 25 3 1519 4 8 2285 938 4 197 7 558 4719 628 16 32 533 1236 5
1249 46 71 2093 1153 15826 2489 764 1735 4 10167 2376 16 477 34 16079 4 2191 123 593 4 57 2980 640 6 9 177 396 33498 7 3 676 1058 7 558 628 5
12502 4 1296 3054 10428 46 177 89 12725 2485 6 9 507 7 746 114348 37 36 436 137 3 1519 197 7 316 1822 8 3030 3 19372 5
187 16 658 9 565 5
367 259 4 883 27368 49 12067 4 47 10777 36 132 9 3024 2794 4 49 1432 4 14 63 5
17 5093 16 32782 192 6680 6 167 114348 5
75 477 4 63 36 30174 138 1735 4 22 248 3086 4 15 38460 5
355 63 1186 6 2565 192 20945 6680 6 167 114348 4 90 29436 36 26 372 8 40 522 36 299 2112 868 167 50436 5
2437 4 255 48 24125 4 3 8958 19 47 43 6401 3 1735 3 152 63 2161 23 4 36 460 299 26 577 202 5
145 16 97 23862 92 63 112 3 417 3182 5
10526 4 185131 16 9 346 1364 21 9 523 182 7 114348 36 460 1523 1657 9 523 3115 5
81 32 1186 6 4472 3 470 8 454 474 3 1952 7 19372 4 308 601 3307 46 1695 89 12725 650 6 3149 1016 7 746 114348 5
4109 958 110 488 6 2685 3 650 4 4092 31 488 6 132 35903 1866 4 105 14 946 4 289 9 316 6500 16 15722 49 38670 5
55706 27964 6008 690 6 86091 6075 3 19232 4 4919 421 2981 220 24 40 746 6824 5
238 133 4 57 71 140 13 192 27964 690 6 18465 746 421 363 3225 5
527 4 46 18506 32 533 16018 5
1203 1416 11917 52950 31 1574 6 3 231 7 27563 4 191244 27964 133 21 1740 6535 8 10291 2376 5
17 565 19 192 4538 16 13 43 31 34 177 5050 21 43 31 34 3682 7 3510 3 117 251821 8 51423 29436 57 3054 3831 10 1375 7693 5
157 106 7 46 4 43 3520 25 9 623 528 221 7 2915 23261 8 2915 21541 35 98231 4 4 174195 4 323 3917 4 1515 33 5
79 48 1828 4 8 333 4 1217 16 3 231 7 2953 2854 4538 5
81 46 267 4 9 396975 31660 3804 6 6075 3 4919 10777 15 47 9 746 303777 51835 1735 21 883 4279 49 34 5
81 9 169 4141 23 25810 46 3340 3564 2505 6 86091 30174 3 1519 197 7 1735 5
81 46 4413 4 80 1379 9 17592 14 538 192 2410 2953 2854 4538 10 3631 601 5
980 4108 4 80 5441 13 3 231 7 9 2942 19372 31660 36 6464 1297 3 19372 1952 7 70180 317 125 5714 9 177 272 8958 5
17 1381 16 10032 21 3177 53 8941 341 5181 3 346 2942 19372 41154 109 8941 459 5181 9 507 7 2942 19372 2673 4 189 614 8 2190 6 3631 601 5
2927 4 8941 503 6274 32 20071 7 3 104 533 2942 19372 6599 5
8941 500 9013 192 6599 6 67 1026 27964 8 29408 3 104 3206 57 4 10 46 267 35 12586 25 29091 8 233726 33 47 16 2994 10 3856 10 8941 708 5
2927 4 8941 700 5181 3 1332 650 25 4719 628 6 6401 317 5
8941 704 6274 108 537 27964 14 5998 589 960 2757 5
8941 782 5181 3 1586 447 1465 6 270 46 650 8 8941 183 34298 3 1273 19372 650 5
659 9894 55 4 10 8941 407 80 55741 3 1332 650 10 179 5238 1959 8 1435 1379 9 12714 2673 10 8941 403 5
35 1422 33 15103 2038 2376 21 3 14324 4 6905 4 11427 2376 7 1229 10777 5
13166 6 3 4430 34032 10 1416 2942 2038 2376 1586 4 2038 2376 29 45 57 7 3 5052 875 4538 7 3 73 302 85 4 907 10 3 857 7 2199 4440 601 5
31763 19372 71 26 381 21 9 856 267 7 2038 2376 5
66 16 9 623 448 6443 47 3804 6 30174 32 66983 76 57 49 48 3597 5
14689 4 14 17635 4 3 66983 36 26 9 1465 3024 4 44 46 16 34 9 5702 5
1949 4 104 27964 36 2123 3 221 7 3354 3597 6 100 57 5
9647 3 66983 16 176 7 46 1427 4 49 23 16 34 35 98231 12283 32330 4 1515 33 5
31763 19372 4309 71 26 3868 76 108 346 5835 35 15769 4 229938 4 323 56528 4 3728 33 53 19419 1740 2408 1443 53 46 843 7 35821 16 2239 617 24 9 1416 106 7 3 17635 8 185131 7 3 2485 5
766 3 1299 1271 9 6865 49 3936 6652 4 47 16 1888 6 3803 105 10291 3036 8 83 11245 3803 6 2705 2942 10777 5
746 722 4 6612 543 2038 2376 53 322 746 114348 74 6797 2942 76 12885 4 47 31 153 6401 543 15 32 10023 197 7 19372 954 5
81 3631 601 46 5018 16 1629 220 10 15826 855 5661 105 4 171463 5
1923 13130 4 5663 455 13130 35 23982 323 5315 4 359 109 90603 323 4 502 109 96580 323 1409 4 3495 109 16654 4 18409 4 32111 4 323 196990 4 3401 109 4 107392 4 323 37925 4 744 109 31189 4 1422 109 80017 323 114467 4 1515 33 4 4703 5
149757 1443 49 35 392650 157081 7337 12811 4478 33 53 3 8102 1443 3576 49 7732 1442 2000 6 7801 189 67368 8 32595 10 3 2942 2376 35 271500 4 4 323 9210 4 3401 33 5
622 533 813 6 1374 16 143 166 192 523 1443 3030 5
273 46 4 35 5108 33 16502 108 3351 7 11040 53 3241 4 213529 8 8958 5
17 3241 7 32 2376 16 272 92 9 174097 29 3 216 522 14 3 216 2376 1429 35 19 9 1087 89 3014 33 5
213529 16 3 3525 6 47 3 35821 5708 3 216 665 65 3 2942 16 30557 24 2489 114348 5
157 8958 16 3 2975 6 47 3 3455 665 17914 19 3 19547 665 5
33624 8 24562 35 2391 33 8 35 1515 33 4729 3 11040 7 3 522 65 7623 57 7 3 74 67 5835 8 170 13 104 601 722 177 3141 5
458 4 883 3 522 42 34 177 3449 4 104891 49 5050 5
355 538 15 3 881 4 21 35821 16 11356 8 617 15 32 6905 8 9 87229 152 4 192 1443 112 34 3520 25 3241 49 213529 544 5
527 4 21 23 16 146 48 841 14 9 1416 58 9 746 174097 6 1445 3 2677 7 9 2942 4 192 6599 477 3520 25 9 799 8958 5
27372 4 43628 1298 4 842 13 104 1296 1194 6 27 9 8684 14 57 7 3 67 10167 4309 4 47 16 9 14439 21 9 25575 1217 29 3 785 7 6464 1723 3 11040 7 3 522 5
81 32 1186 6 4556 6599 6 3631 601 4 80 36 240 3 522 7 9 177 3844 8958 960 6 240 13 23 16 537 6 231 11356 27964 4 47 112 34 3520 25 3241 49 213529 544 4 1176 938 3318 7 89 8 900 4 8 27 9 177 272 8958 5
966 6200 7 2942 19372 2333 71 26 392 5
17 282 424 57 16 16165 20973 5
2569 4 9 2942 19372 31660 3804 6 2258 289 9 1229 16 16165 49 34 35 4 178109 4 4 108735 4 323 4 744 33 5
1471 1029 231 16 125 4231 3 2064 14 1735 10 9 1087 2030 5
17 1046 2869 36 231 2942 19372 27964 6 1865 10 47 2030 9 392 3024 16 1465 5
81 2210 543 1046 27964 4 47 16 9 718 1589 6 185 746 4537 4417 317 29765 4 32 16001 1586 2673 36 198 61 15 3 2064 6 1046 14 317 13 86 26 7 518 6 30 1541 35 138810 4 2773 33 5
81 275 4 19372 4538 31 220 6 12262 189 1465 8 4121 6080 8 6 2258 289 43 31 4990 49 34 5
355 43042 10 15 5171 601 4 117 2333 7 2942 19372 71 26 170 5
81 3 857 7 1821 1971 53 9 2669 565 16 13896 4 8 5224 89 4 10 138 2113 47 31 104 338 6 343 426 834 5
79 537 2104 16 6 1088 9 3892 7 167 498 834 8 6 30174 3 1332 197 7 785 834 232 6 289 43 2338 46 3892 49 34 5
1526 37 868 3 3892 31 3 104 338 426 834 35 7914 4 502 33 5
81 3 9962 7 1521 855 1780 35 39773 33 13130 4 8 48 2190 1923 13130 4 1296 27 2556 3677 19372 27964 5
5753 105 35 6186 33 4 6844 4 4 8 174036 35 4 33 4 96580 8 27095 35 3495 33 4 529 8 96580 35 2804 33 8 105326 4 82531 4 8 35 2804 33 220 19372 27964 6 12262 1923 317 10 887 576 5
631 529 8 96580 35 2804 33 12262 506 316 1822 7 70 1470 19 1923 969 4 96580 8 27095 35 3495 33 1101 15 13130 7 291 37 39 45 7529 24 3 5348 4658 3031 5
355 580 22 83 3631 601 4 103750 8 1082 35 3578 33 8 103750 8 16891 35 3495 33 5422 3 2038 7 3 225 2106 3133 6 2083 24 4231 14 3 221 7 2366 1299 10 192 3133 5
35 1515 33 2042 2038 2376 10 3 14555 7 9 711 2106 506 2611 5
11218 4 506 2611 18 5559 24 538 3 21297 2325 8643 7006 4 44 1406 3 1279 24 538 3 506 85612 4 47 18 543 15 32 6696 3246 650 4 114 70 316 1822 52 1087 495 42 25407 6401 21 15722 49 38670 5
27001 8 35 1095 33 8 22870 4 6793 4 50472 4 8 35 744 33 979 30 946 4 24 538 3 216 5018 6 1415 2611 5
766 3915 2062 220 9 1332 10167 2038 2376 5533 6 1415 3 317 2038 7 3 887 210 5
2196 103750 8 1082 35 3578 33 8 103750 8 16891 35 3495 33 220 9 6009 25575 2038 2376 6 5518 3 225 2106 1338 5
75 23 18 623 1574 53 3 1416 19413 3 221 7 400 290 1740 714 10 3 3133 5
435 46 4 3 10167 650 1009 5
66 16 3081 13 3631 601 16 477 1574 106 7 46 10167 5725 5
81 46 1381 80 690 6 5441 13 87 16 9 5314 2155 6 3617 9 528 1058 7 628 4 10310 3 10167 1217 5
238 43 31 3 104 1029 2125 7 19372 4 80 2123 129 601 6 3 777 7 46302 19372 544 133 21 9409 289 9 316 6500 16 15722 49 34 14 9 392 711 5
804 13 80 27 2118 537 231 745 14 11356 2942 19372 10 3631 601 4 80 36 371 32 20071 7 3 104 4279 3351 7 2942 19372 27964 8 5339 3 57 104 6943 14 129 3644 53 20973 61 3 4279 5036 25 9 177 528 8 440463 197 7 70180 628 5
57002 2130 87 31 67 6599 10 2942 19372 53 32601 8 3086 12391 5
81 3 74 1217 4 3 31660 16 5543 19 9 1332 2376 7 2000 6 436 14 154 19372 5
202103 61361 36 14 946 3030 1740 6535 4 8 4808 15 3 221 7 40986 4 2258 289 3 9796 3024 16 9 868 49 34 5
980 1812 61361 231 51423 2376 10 678 6 2258 289 32 9796 3024 29 9 1432 49 2366 59984 5
17 9063 8 33192 7 46 1217 31 1954 3 3634 7 138 7 3086 12391 19372 4 47 36 26 962 10 3 161 19644 53 8985 29436 71 26 841 49 2784 6 10366 4301 4 44 3 31660 16 2112 112968 35 22409 4 744 33 5
81 3 4991 1217 4 3086 12391 19372 4 80 1649 3 31660 24 7146 23 6200 7 1432 8 2366 24300 5
435 46 2854 1092 4 3 31660 71 86091 30174 84 9632 24300 5
17 603 1653 7 46 1217 16 13 192 27964 71 3968 8985 29436 47 31 177 841 49 2784 6 5124 10 10023 75785 66271 5
17 13925 16 13 43 27 6 26 3559 4 47 16 9 23125 8 89 12725 1534 5
17 104 1029 7254 16 3 27563 175314 303777 35 4 114701 4 4 323 113012 4 2804 33 5
1203 2942 19372 27964 1871 67 928 2757 53 9 197 7 1432 5036 8 9 197 7 2366 5036 5
631 3 74 197 4286 6200 7 3 2125 7 3024 63 51 105 6 384 4 3 169 197 4286 6200 7 1735 63 3175 233 9575 256 5
14689 4 63 259 96 63 256 6 384 4 8 21 133 4 589 3 1432 197 16 9576 1369 5
5743 3 2366 197 15 3 83 881 4 16 1618 177 841 21 23 16 34 13 1369 6 10366 7673 47 1735 31 2112 1171 5
2249 7 46 4 9 10676 1427 7 2942 19372 27964 4 138 37 97 1871 1432 8 233726 1735 6 1849 4 16 1621 974 5
622 233726 3024 16 57 47 29 34 483 45 12067 15557 21 883 1432 49 2366 5
622 1355 1653 7 46 1427 7 2942 19372 27964 16 13 233726 628 16 477 17606 8 3339 125 15557 628 16 177 89 12725 6 1657 8 21 133 12077 8 1618 177 1908 5
1203 7 3 6200 962 10 3 767 2124 705 76 46 3936 5
27421 477 4 23 866 841 6 1088 3 2366 197 4 8 21 133 4 27964 47 97 1871 1432 8 233726 628 71 26 2422 4116 5
3062 286 4 21 32 946 4 1384 3 565 7 48975 229 2319 601 3174 5
631 23 16 177 1369 6 1088 9 5907 7 1432 1735 4 589 3 13759 4 3 6474 2366 1735 4 16 34 5
17173 3 1971 946 4 3 182 7 1806 834 16 3 1432 197 8 70 785 834 916 3 233726 197 5
1145 51 63 4 10 46 267 4 7673 3 2366 197 88
10618 7196 4 37 31 3 834 63 399 112 34 256 88
238 14 3631 601 4 23 16 2086 1369 6 252 24 528 2757 7 233726 1735 133 21 1048 1822 4 891 3133 4 18003 4 8 80 259 3 2125 7 3024 80 256 6 384 35 3 1432 1735 33 53 3 197 7 1735 47 42 1465 10 9 15722 2066 4 3 1735 47 581 869 1557 317 4 3 1735 47 4301 9 84 1247 4 4703 5
6297 15 481 3796 5681 4 8 289 23 16 2338 14 3644 4 80 3467 67 2942 19372 27964 53 9 13306 175314 303777 35 12283 32330 4 2804 33 8 35 7914 4 28242 4 6793 4 323 39812 4 1095 109 7914 4 34645 4 323 6793 4 1422 33 5
17 74 31660 4 9 13306 175314 303777 4 59 424 21 47473 2106 175314 4 16 9 1906 131804 303777 543 15 7623 120540 110626 19 632 35 13306 33 2744 7417 5
81 7294 7 40 13306 1746 8 1859 244627 7417 4 13306 120540 536044 477 162 146 333 10 117 1812 19630 5771 58 250 26 230 5
10087 4 4959 2376 7 3 175314 19372 565 29 1595 13 87 31 90 18423 1809 14 3 1859 15048 15487 7 13306 120540 536044 35 21045 323 15152 4 1278 33 5
35 47 2610 14 12586 25 29091 8 233726 628 33 16 9 3086 12391 2942 19372 31660 13 19601 25 9 197 7 1432 1735 8 3 1332 197 7 233726 1735 4 79022 5
70 83 4 38945 4 1735 5
1738 1217 16 60190 523 25 104 83 27964 47 1871 189 1432 8 2366 5907 1735 5
81 678 6 8612 3 523 19372 27964 4 80 13014 9 1906 960 10 47 3 27964 27 6 2258 47 316 1822 576 52 9 1087 711 5
17 197 7 316 1822 9286 7 316 1822 4 7 47 575 31 25407 6401 21 883 1432 35 316 6500 576 52 3 3112 711 33 49 2366 35 316 6500 340 34 210 52 3 3112 711 33 8 1485 21 2854 197 5
1471 575 42 6401 25407 21 1432 49 2366 8 1485 21 129 960 197 5
17 67 27964 27 6 30174 3 960 197 538 3 2854 197 21 946 5
622 31660 3247 577 202 92 23 7162 6 9109 30174 70 575 960 745 5
4 538 102187 21 3 11933 31660 14 3 74 1092 8 187305 21 3 11933 31660 14 3 169 1092 35 48 15 192 2003 10 3 161 6901 33 4 25903 32 8958 7 1614 202 5
17 175314 1217 25903 9 1846 7 52 575 202 5
238 9 665 4 80 8339 6 231 14 3 8254 7 46 601 864 5
2818 108 9796 5342 53 57 4623 9 197 7 1432 1735 4 226 3 928 197 4 57 4623 70 233726 1735 8 57 4623 960 1735 4 226 3 960 197 5
238 80 36 1588 268 10 48 3856 4 46 3359 958 29 67 2527 5
66 71 3576 25407 6401 960 745 49 23 71 3576 70 1735 80 256 6 30174 5
81 3 74 267 4 290 3024 29 6 26 12067 2824 21 883 1432 49 2366 5
145 317 16 220 24 6 2258 143 166 3 303777 2828 5
81 3 169 267 4 290 3024 144 26 2824 21 1432 5
81 192 5342 4 290 517 2464 9 3024 8 144 26 87616 10 9067 19 3 508 67368 53 517 53 53 871 2419 53 871 1341 5786 2419 216571 871 216571 3194 517 9286 7 9 1341 8 9 507 7 9906 5
17 1341 16 883 35 14 9 1432 3024 33 4 35 14 9 2366 3024 33 49 57335 5
81 3 960 197 4 290 517 2106 1341 29 6 26 883 49 5
17 1583 10 3 83 2757 36 535 27 9 1341 7 57335 5
3194 2419 35 49 1740 33 16 3380 19 32 216571 4 8 50 871 16 3 221 7 400 35 10291 2408 33 13 3 2419 35 1740 33 714 10 3 3024 5
23022 19 871 4568 71 26 13748 5
17 2419 221 10 290 3024 383 26 10 1723 678 4 11771 4 16 19148 4 44 16 34 5
458 21 63 71 196 4 3 67368 7 16 623 4093 5
4036 3 1432 8 3 233726 1735 4 46 31660 19601 10 67 2458 1959 5
1532 4 3804 6 2705 9 197 7 19664 2366 1735 25 3 233726 197 5
659 112 46 4 86091 18020 47 10777 70 1822 10 3 1432 197 432 5
66 16 153 5892 13 70 1432 1822 36 27 192 10777 8 70 2366 1822 36 34 5
659 112 46 4 71 231 108 4538 53 6613 4 35 33 8 139636 35 13306 33 5
238 2239 1929 3 282 522 35 7914 12283 32330 4 1422 4 1095 33 4 80 7046 231 46 1217 5
81 3 169 1092 4 9 303777 16 1088 47 36 690 6 14391 3 221 7 233726 1735 13 128 6401 21 2366 4 125 5714 3 1432 928 1735 9109 6401 5
273 46 4088 67 27964 53 187305 35 9207 58540 17112 33 8 45301 35 146974 167005 33 5
238 187305 2239 1929 3 282 522 35 7914 12283 32330 4 1422 4 1095 33 4 80 7046 231 46 1217 5
2249 3054 4 87 36 26 2489 2757 7 10777 13 36 26 2457 24 70 1822 10 3 1432 197 4 189 1959 36 26 5913 4 3979 10 9 303777 14 290 1669 197 7 10777 5
659 6786 40 773 4 14 290 303777 4 67 23394 31 220 53 3 18365 871 8 3 19372 8958 5
17 18365 871 1170 3 773 7 9 284 15 9 1654 1427 5
17 18365 871 16 4939 21 53 114 9421 16 3 12398 8 24880 16 3 3423 35 6793 323 7914 4 1095 33 5
17 3423 16 4939 21 3 5514 7 3 221 7 4279 1564 19696 6 3 676 221 7 4279 1564 10 3 5536 5
81 23874 4 46 624 124 6 3 221 7 1735 9109 40345 21 1432 6 3 676 221 7 1432 1735 10 3 960 197 5
17 12398 16 3 5514 7 3 221 7 4279 1564 19696 6 3 676 221 7 11177 8 4279 1564 19696 5
81 23874 46 2742 3 221 7 1735 9109 40345 21 1432 6 3 221 7 1735 883 9109 49 12758 6401 21 1432 5
51811 8 12398 31 61531 1547 53 21 3423 2238 4 12398 36 4472 5
145 43655 1322 29 6 112 19 2030 53 92 80 3279 129 1046 6680 4 3423 36 26 272 4 44 12398 36 26 799 5
208 80 231 13116 1046 6680 4 129 12398 36 26 272 4 44 129 3423 36 26 799 5
659 4498 9 272 18365 871 4 32 30392 148 189 23394 144 26 170 5
90025 16 3 2463 7 38414 7 9 5559 49 7154 11036 6 50 2755 35 1359 33 871 5
2569 4 46 624 124 6 3 2156 7 2854 197 745 13 18 6401 9109 5
66 16 3455 24 427 3 596 7 3 1432 8 2366 3423 5
17 282 303777 16 3 57 19 3 1391 18365 871 8 8958 5
14689 4 3 303777 19 3 1391 8958 36 59 27 3 1391 18365 871 4 44 46 16 34 9 572 5702 5
208 46 16 34 3 267 4 57 71 231 3 234324 12715 7 192 67 2770 47 15103 21 53 11346 13 3 1444 7 3 536044 16 2112 960 197 45063 5
659 1088 50 536044 4 2818 802 44 3 928 8 3 233726 197 5
2249 7 46 4 3 5551 216 31660 71 26 220 14 9409 3 19372 8958 21 14 4149 3 2755 19372 5
81 3 74 267 63 1605 9 3890 197 7 166 424 4 25407 6401 4 5036 21 960 267 8 36 30174 91 538 70 1321 9168 536044 5
17 303777 13 5708 3 1391 18365 871 8 8958 71 26 1109 21 110 3 104 3206 57 14 46 2125 7 19372 5
81 3 169 267 4 63 383 1605 3 1332 197 7 1735 13 236 6 26 6401 5
8077 36 30174 91 538 70 1321 9168 536044 5
145 89 658 4 21 290 3024 18 24 4768 21 9 1432 3024 4 3 1601 18365 2770 8 433234 31 13794 5
75 4 121 3 928 8 233726 2757 31 3 216 21 138 220 125 9409 3 8958 8 121 3 74 960 197 18 3112 6 26 3890 14 3 169 57 4 57 142 5875 4753 13 3 303777 13 2828 282 10 3 8958 6013 336 4 36 59 3030 282 10 3 19372 336 5
16816 4 3 522 7 3 19372 31 3 1603 1601 24 46 303777 5
804 13 80 27 2203 13 35 4 33 16 3 303777 7 1414 4 80 36 4301 3 1332 650 7 48975 70180 317 76 7034 628 2338 14 3186 2376 5
145 650 9286 7 179 4290 4 25 47 3 74 67 31 15486 5
13683 249 53 20973 11268 4 65 57 6950 9 5536 14 1735 7118 9 1087 711 4 70 1735 4623 13 711 2106 610 31 1035 5
14689 4 46 16 34 96 80 256 5
208 63 4 14 946 4 1384 316 1822 4 23 16 34 106 9 316 6500 16000 9 392 136 2106 610 13 3 316 6500 16 52 13 136 5
66 86 26 13 3 136 610 16 3915 106 23 16 9 8973 7 3 711 3 316 6500 16 52 4 49 106 22 90 397 10 89 43 39 3 216 3032 451 4 4703 5
659 13720 61 192 527771 316 1822 4 9 1906 191244 16 220 53 97 4643 316 1822 6330 3 610 7 3 711 22 248 67 400 5
81 1243 4 80 10732 70 1405 316 1822 24 12033 97 57 316 6500 19 3 216 1037 5
13683 341 53 589 3 928 197 81 678 14 6 1649 50 2854 27964 4 23 738 5036 7 3 843 7 1735 23 29 6 13977 5
931 5036 31 424 21 3 928 197 8 3576 3 260 104 1432 1735 5
145 16 282 617 25407 106 46 16 3 97 152 6 1377 13 70 251821 8 51423 29436 10 48975 9 3024 31 6422 14 5
208 46 16 3 267 4 57 71 11247 6 967 459 5
527 10 46 267 80 256 6 3617 289 3 31660 16 3682 7 34168 9 421 650 5
12502 80 1088 129 928 197 543 15 32 6062 5533 4 59 226 9486 4 6 132 3 1081 8958 650 87229 5
931 9486 71 26 177 5471 10 4102 8 31660 5
66 16 2784 6 1311 70 537 928 27964 4 95 80 36 7309 15 57 11933 3936 8 1588 108 6200 7 191244 4 23901 543 9486 5
238 40 3936 610 14359 4 43 31 543 15 1906 23901 543 27964 5
238 133 4 80 36 353 46 2898 19 9 6652 7 143 6 1088 3 1272 56287 5
17 1217 1131 21 3177 53 63 3030 9 1740 10291 2408 72 3 1519 197 7 316 1822 8 1835 3 1299 25 104 6 248 3684 11142 5
659 1368 110 6811 19 1299 47 4722 97 9 177 265 400 4 63 71 197 9 31568 10291 8 97 1384 1299 19 9 10291 2408 1978 58 46 31568 397 5
103750 8 1082 35 3578 33 4 37 220 192 4538 10 40 601 4 2118 3 31568 397 22 306 40986 5
2927 4 57 25407 72 3 1332 1740 858 8 22516 70 1299 47 112 34 4569 6 363 9 316 6500 1432 5
273 946 4 3 733 71 26 6 1088 9 23901 7 15722 1299 4 9 23901 7 3631 1547 1299 4 9 23901 7 178182 970 4 4703 5
145 23901 16 107 1334 6 26 220 24 9 6270 5
66 29 6 26 1744 13 104 13341 558 2942 19372 27964 581 2029 56287 7 1432 8 2366 1299 5
17 565 19 192 16 13 43 31 34 9962 2190 5
458 4 1299 47 31 2239 1109 21 2366 35 49 1432 33 10 1087 30951 36 34 26 10 13 858 35 14 946 53 11316 33 4 125 3 858 36 3576 117 83 1299 47 112 34 1230 10 3 197 7 1735 6 12262 5
17 665 7 46 36 26 9 798 8958 58 19 29608 56287 5
17578 15 3 6270 57 36 231 4 57 142 27 6 13014 57 49 67 56287 5
631 3 1432 23901 16 535 1622 4 90 9486 45052 1871 9 23901 7 2366 1299 5
81 83 1299 4 9 23901 4623 1299 47 4569 6 48975 1735 21 2366 5
273 90 52950 4 133 21 9409 47 316 1822 31 15722 8 47 31 34 4 46 8501 93 521 565 5
66 16 93 48 841 6 1088 9 23901 7 38670 1299 58 23 16 6 1088 57 7 15722 1299 5
273 83 19372 15 3 83 881 4 133 21 13896 3 3631 1547 1735 4 46 16 48 1812 5
66 16 1369 6 2258 47 1299 31 3054 3631 1547 4 44 23 16 146 48 841 6 2258 47 1299 31 34 5
17 74 6270 80 36 1588 16 3 57 255 850 24 103750 8 1082 35 3578 33 47 43 220 6 12262 143 1521 803 14663 2366 19019 8599 25 2083 5
66 97 2818 9 1432 23901 8 48692 290 3024 9 1846 543 15 3 676 221 7 1432 35 49 10 3 267 7 103750 8 1082 2366 33 1299 23 4286 5
21669 43 220 46 1846 6 1835 3 316 1822 10 21565 678 4 79022 5
3 316 1822 4623 3 104 1432 1299 252 74 8 3 57 441 3 248 1058 7 1432 1299 624 73 5
1113 46 16 9 177 1906 191244 4 103750 8 1082 35 3578 33 27 1595 23 1131 623 166 10 9 10167 2376 21 43 3439 9 6334 2106 287724 7 6486 202 5
10745 25 46 2370 6270 4 80 27 1148 67 16393 5
17 74 22462 3 3024 3247 543 15 3 508 14392 53 145 1217 29 67 533 9063 5
17 74 57 16 13 3 1892 7 2366 1299 36 798 3 380 1846 5
1738 304 871 71 2093 45 381 92 57 6409 67 1735 19 32 3628 1058 7 1432 1299 4 44 114 3 169 57 59 29 9 1935 432 7 2366 1603 5
66 16 53144 11580 13 3 169 57 144 1846 287 58 3 74 57 5
17 169 1653 16 13 23 62358 3 1951 7 3024 4385 5
3763 4 241 1735 27 48 1299 4 8 21 133 4 9 568 13300 7 4623 32 5606 25 3 1432 35 49 2366 33 23901 5
238 9 665 4 10 3 74 191244 4 902 1735 36 26 11128 10 2201 6 7877 1603 5
804 13 80 6797 3 1846 24 3 676 221 7 7947 2388 4 46 565 16 16456 5
527 4 54 90 8365 4 80 1669 13 46 191244 39 50 209 544 5
273 946 4 10 3 3612 7 2366 1299 4 9 3024 19 117 1432 1299 16 12010 1954 21 272 21 9 3024 19 97 9 265 1432 1299 5
1249 16108 4 43 189 1271 9 1846 7 249 4 47 16 34 4007 5
81 32 1186 6 4855 46 4 80 9168 9 296 6270 5
145 57 3247 50 1735 543 15 3 508 14392 53 145 57 29 70 3 9063 7 3 169 31660 276 50 12433 5
13683 459 53 9409 3 19547 928 197 81 46 296 967 80 27 6 2258 3 19547 928 197 1646 5
208 3112 215 396 4 87 16 34 385 317 6 83568 1849 70 3 29436 4 92 3112 215 528 4 3 1735 353 6 3576 215 117 2366 3893 47 36 19008 3 2854 31660 5
17 19547 928 197 1646 5473 1918 3 2125 7 3024 57 844 6 30174 8 3 1277 7 3 6270 220 5
17 282 1217 6 2258 3 30392 16 24 32 140746 1217 114 80 12730 10 8958 7927 5
2569 4 3 960 197 4286 9 507 7 6682 25017 1735 8 3 18365 871 8 8958 36 1107 286 143 166 80 155 5
17 928 197 1646 19 3 1391 7168 8 79 2770 71 26 1109 21 3 30392 5
659 384 3 30392 4 9 507 7 523 27964 71 26 220 5
364 86 231 4352 962 30392 1913 4538 133 21 9 7915 22120 49 17229 255197 4 49 57 86 100 3030 9 528 221 7 960 1002 8 5339 3 282 4149 57 5
13683 503 53 48975 3 316 1822 5583 4 480 80 27 3 19547 928 197 1646 4 80 71 336 10 19372 7927 5
2569 4 3 960 197 4286 70 1735 25 3 233726 197 8 3 3354 842 3 19372 665 7 290 7 138 1735 5
367 71 883 25407 5339 47 1735 36 26 848 10 3 960 197 8 96 40 19372 144 26 49 231 32 11356 4 31660 543 4 928 197 12769 5
1249 80 256 46 8958 960 6 26 87229 4 80 1865 6 1088 9 960 197 538 3 31660 543 1217 5
1796 12540 27964 42 220 589 9 928 197 538 97 3 13228 960 197 1646 4 4681 17 74 8 22340 57 16 226 8 10744 9 960 197 7 3081 5036 5
273 46 4 23 29408 3 104 1432 316 1822 8 3 104 2366 316 1822 5
17 2211 2567 6599 3 233726 197 1646 4 3 568 3 653 7 5093 5
17 169 12540 31660 4 47 16 226 14324 12540 4 10744 9 960 197 114 3 5036 31 30985 5146 72 3 1519 1079 7 928 3247 5
145 960 197 1929 9 206 5039 7 3 171511 7 3 19372 650 5
17 2211 3 1846 128 6 6494 4 3 287 6156 3 316 6500 16 883 1432 49 2366 4 8 3 48 841 23 2742 6 30174 23 5
238 133 4 3 18365 871 8 8958 7 46 960 371 9 206 5039 7 143 35903 316 1822 142 343 103 3 303777 2742 16474 5
17 316 1822 446 3247 31 3 5426 6 3 522 7 3 508 6363 31 3467 8417 9424 6154 3 254 7 3 1433 316 6500 47 29 9 871 148 249 8 3 676 1058 7 316 1822 5
17 296 8 73 12540 31660 4 59 3876 6 21 89401 12540 4 10744 9 960 197 114 3 5036 31 30985 3467 25 3 1519 197 7 316 1822 4 16771 232 6 40 1846 5
1249 3 1846 3201 16 460 535 9 201026 4 87 36 26 48 5036 25 3 885 3248 58 25 3 11307 1603 5
2249 7 46 4 46 960 16 9 177 3558 57 21 87 31 460 93 3081 745 8 117 22190 1603 5
17 316 1822 19 827 392 24 3 508 14392 31 3467 53 8417 9424 6154 3 254 7 3 1433 316 6500 47 16790 25 6494 285 3 676 1058 7 316 1822 5
12502 4 9 960 197 1148 46 152 16 4 463 6 4867 2763 7 131804 3201 4 9 206 8593 14 3 1332 233726 960 197 5
2249 23 16 623 4093 6 231 1752 4 8 3 1332 650 16 623 241 8 162 6696 4 9 1586 4462 16 1589 47 20392 3 5517 137 3 523 4290 7 3 19372 650 5
1738 9796 16 3 1332 197 7 70180 628 8 50 3354 16 3 858 7 6401 1735 5
7525 4 129 1586 4462 97 4088 361990 21 317 1351 5
1249 290 317 1351 2527 50 209 345164 628 6170 4 9 3024 387674 4 47 18888 3 9101 6170 76 9 1029 2634 8593 4 29 6 26 1465 14 290 1351 57 844 6 231 5
3194 3024 16 2714 76 67 7268 53 7775 317 133 21 1037 4 723 1294 4 2234 4 18003 4 47 16 190412 4 8 3 636 2942 47 71 4 92 13228 4 26 10424 5
145 71 26 4116 14 1735 13 3576 97 9 265 4279 29189 5
238 32 946 80 3125 3 3704 20071 316 1822 57 3831 10 3 1562 1048 5
2491 3 1735 27 45 1125 76 129 4462 4 63 71 188092 13720 91 14 16301 5
17 31660 220 14 46 16 3 57 962 10 967 249 7 8941 700 5
1113 80 1001 97 581 67 13720 27964 4 92 1272 4 48 71 2093 26 304 5
81 678 6 852 3 1622 6372 6619 4 527771 1735 31 34 18864 4 44 1906 2824 21 527771 8 19489 61 5
81 678 6 21095 3 23901 589 1534 4 129 1586 4462 71 3855 9 10291 2408 858 7 70 9184 1299 5
188092 4 92 63 31 34 2274 10 3 1332 1740 858 4 63 71 883 581 9 3703 49 6474 31568 10291 5
141081 61 3 1432 49 2366 1299 840 10167 162 5
2491 46 16 617 4 10 678 6 1000 3 928 197 4 63 71 2401 148 3 108 9486 962 996 4 49 25407 5339 3 928 197 320 5
17578 15 3 928 31660 2106 738 4 43 36 1374 3 4650 6 1605 3 1432 8 2366 23901 7 1414 5
208 63 256 6 12730 32 8958 336 4 63 236 6 1088 9 960 197 5
145 71 883 26 617 25407 49 538 57 7 3 108 27964 962 10 8941 704 5
7219 4 3 4462 71 26 9728 6 353 10 8958 960 49 10 19372 960 7927 5
36 3855 9 507 7 3354 5342 25 47 57 4286 3 2755 522 5
622 3354 13720 36 6585 192 522 76 9 3359 35 254035 85970 33916 33 5
145 152 23 71 26 2093 1125 10 974 41300 133 21 1668 32575 8 109844 349707 5
10526 4 46 3359 6170 16 4218 24 70 346 11245 5263 21 87 31 1883 4 2106 2288 4 90457 4 4 4703 5
238 19 3 9796 4 3 2673 2228 3 1369 6582 7 1117 3354 18683 5
98586 249 842 9 121012 7 46 1586 4462 5
79 121012 7 3 1586 98586 249 5
79 121012 7 3 1586 5
81 7914 12283 3462 5
35 1095 33 3 1308 11040 8 773 7 4 21 166 21 50 77403 10 9 1773 1079 7 2333 4 29 277 45 13787 962 5
12502 4 14 46 8557 4 80 36 97 3617 143 166 23 51835 316 1822 4279 14 3631 601 5
17 1028 7 3 962 17592 36 26 5559 543 15 3 8958 19 47 7162 6 30174 316 1822 10 3 152 23 18 554 6 112 95 5
1113 23 51 26 333 6 1088 3 928 8 960 2757 25407 4 46 51 26 177 23125 8 14510 87229 5
7219 4 80 256 6 8612 289 3 31660 16 488 6 18465 129 6300 7 1432 8 2366 10 32 3631 5907 5
12502 4 80 27 3112 6 1088 3 960 8 928 2757 10 32 6905 8 87229 4230 538 57 7 3 962 11356 27964 5
17 2211 3 8958 16 6 577 202 4 3 48 7 3 27368 19468 29436 27 45 7947 8 9109 3677 5
273 46 8557 4 80 220 361990 6 13977 3 1332 506 1676 7 302 14027 3467 286 1470 154 3 566 4 47 3619 10 316 1822 5
435 7623 3 16301 13720 4 80 7324 9 197 7 121153 316 1822 5
17 733 7 46 19372 18 6 2258 47 316 1822 42 15722 8 47 42 38670 14 40 7562 291 5
659 2705 3 8985 3272 148 15722 8 38670 316 1822 10 9 152 21 6905 8 87229 21 537 4 9 1740 10291 2408 543 15 3 1332 316 6500 197 18 9168 5
1655 46 858 4 70 1299 19 9 10291 7 22 248 306 42 7324 5
79 746 174097 5422 46 858 8 2824 329 1740 13 250 60121 883 32 9028 2366 49 1432 59984 5
1655 46 4 67 56287 42 1146 5
17 2366 57 15995 7 6417 1299 8 3 1432 57 7 7199 1299 35 196 3995 65588 249 8 341 33 5
1655 192 56287 4 3 928 197 18 9168 538 3 296 928 191244 4 3 57 13 17425 3 1846 24 3 676 221 7 1299 10 3 316 6500 5
20498 249 5
29091 1299 23901 5
13943 39272 13943 39272 66904 1054 19859 3573 77045 20246 121463 3440 125183 17404 103419 2131 24039 3706 60224 11078 114020 2511 39168 9222 47976 1596 25143 25662 23120 23545 38577 16806 160313 5246 34312 16674 99288 4452 190965 1814 488956 2511 202369 20010 17725 18340 181753 21239 218263 1078 85564 1596 53921 33151 28960 35627 60500 6756 18311 7183 25540 32428 111709 5246 21809 33352 156680 45110 8900 53084 14400 15844 18059 2723 29091 29758 47356 1551 125621 2511 83268 3440 33138 2592 103799 9930 88799 27919 62773 3128 36951 3356 22635 6052 25483 37484 67945 8390 66473 14537 30553 45551 32585 3440 58663 5154 36510 4441 295375 8708 65253 4636 39658 4554 49307 3440 66571 4937 44237 4012 14773 7432 22026 5102 20877 14292 8406 13143 88426 16806 36561 6709 82805 4640 107514 1614 101359 9930 12935 69824 44521 47826 43607 4687 174708 1614 86880 1078 67093 2511 19192 26339 38218 2536 34678 35053 3589 66185 116248 17203 12379 2879 20498 341 5
42343 1299 23901 5
13943 39272 13943 39272 71837 18258 14778 13549 16985 1814 236708 2715 52436 14308 183060 1078 216727 3573 282299 20010 29844 2131 278100 3722 9251 12273 67646 9046 16459 69920 34919 3132 147499 1054 19533 6263 135616 2918 23628 480716 16607 18066 33849 46968 24309 3440 8514 42529 64656 63044 136813 16762 16155 19261 42123 2131 168416 1596 2732 6052 14433 4687 62149 2723 27619 14308 42343 6709 32701 14110 361353 4441 86421 2511 4239 43131 42815 11589 23179 23973 7878 7199 23114 47758 54131 17696 96037 32600 52539 3356 122533 3313 82950 2913 147967 7459 40467 14292 91813 4572 336142 2131 163358 7867 52355 8770 25055 2511 103629 5102 259080 2131 74858 4467 23291 3992 71041 2592 13877 6052 18666 3356 26977 1596 101855 4728 26971 2970 174922 2879 220577 2592 125550 2592 421478 1078 54350 1614 243876 4640 50372 17955 132565 575 34169 3722 120315 2723 20264 9046 75095 19733 18203 3313 39046 7867 81 9 74 5867 80 701 6 2258 3 1951 7 3 928 197 1646 15 3 8958 8 46 14 523 926 7 5093 5
659 24457 32 1723 653 7 5093 4 80 220 3 960 197 12540 12769 19 32 1723 960 197 1646 5
238 50 1646 2238 4 3 960 197 36 539 316 1822 446 19372 2742 287 8 287 3081 5
81 57 3638 4 3 960 197 97 4286 3 67 104 3081 316 1822 8 10 3 83 3638 4 23 4286 91 70 5
98586 341 842 46 7488 14 108 928 197 9059 53 3 183 202 104 3081 316 1822 4 3 575 202 104 3081 316 1822 8 14 70 316 1822 5
20498 459 4286 3 1332 197 7 522 5
17 1951 7 3 960 8 928 197 9059 15 3 8958 98586 341 5
17 1951 7 3 960 8 928 197 9059 15 3 8958 5
20498 459 5
54267 7 3 960 8 928 197 9059 15 3 8958 5
12266 197 1646 2954 197 1646 35 33 29091 316 1822 183 202 35 21197 33 302 202 35 18606 33 306 202 35 65734 33 716 202 35 70165 33 575 202 35 76477 33 1054 202 35 80990 33 1551 202 35 354960 33 1614 202 35 74177 33 1818 202 35 23061 33 577 202 35 121153 33 50767 67599 18365 871 90025 18365 871 90025 18365 871 90025 18365 871 90025 18365 871 90025 18365 871 90025 18365 871 90025 18365 871 90025 18365 871 90025 18365 871 90025 249 704 200964 382779 135758 334931 76713 233249 26795 216506 64153 56418 274434 43746 358088 43391 368635 45077 394772 44950 521382 183 6756 498544 482857 371972 467947 543827 465368 348069 368623 186936 347889 223220 292736 120829 387723 115104 292572 198954 414432 302 15099 401992 264241 443669 419714 373831 494751 474018 433126 366192 354970 288980 236424 439143 380502 279750 354692 418789 317556 306 32623 466564 485899 373245 293638 391670 311430 325266 462481 504228 504376 359199 533347 306941 495464 247553 359793 298186 716 31386 397414 342185 273351 386567 250543 302170 354204 526596 457605 432172 189375 347720 575 46517 404111 352628 340202 257843 424408 426587 378515 498600 391877 388777 445640 483197 372090 1054 52910 408198 408198 307741 215781 267641 247119 363671 238240 267723 325751 344642 394133 342770 290319 508126 416777 291356 1551 68569 311541 424361 515334 376965 405855 271904 489263 278793 334161 313013 419047 480366 1614 70165 311541 424361 357051 205821 423584 463203 376965 185867 375400 334161 325751 329025 240734 311845 462497 1818 51402 291803 408198 311541 311541 291803 408198 298632 241758 436899 354528 245083 349123 321004 463361 372452 265992 430757 321568 577 28253 424361 424361 293164 293164 378540 301581 271904 354528 292970 335015 268236 256479 400964 426607 414825 271955 518931 901 533 11537 71 26 115 5
17 74 57 16 13 4 14 120 392 928 197 9059 4 21 3 960 197 2742 48 1812 4 3 8958 7684 5
10618 10 83 1299 4 3 48 316 1822 13 31 1109 21 533 4 3 2185 3 928 197 29 6 26 5
145 16 32 533 9892 106 80 31 34 535 2274 10 70 316 1822 5
11268 4 80 97 361 52 3 6219 202 104 3081 5036 5
81 192 745 4 9 3092 1842 928 197 71 26 4783 4 47 71 26 533 92 57 29 6 1088 23 24 881 5
17 169 9892 16 52 3 1951 7 3 928 197 1646 15 3 8958 5
20498 503 842 4 14 9 507 7 928 197 9059 4 3 3423 7 3 1432 35 33 8 2366 35 33 960 197 5036 5
238 277 4241 3915 996 4 3 1978 3 928 197 4 3 2538 23 2742 6 9109 30174 1432 316 1822 4 47 522 10 9 6197 1723 1432 3423 5
527 4 121 3 1117 316 1822 6197 3576 48 8 48 2366 3893 4 23 36 343 1576 841 6 9109 30174 2366 316 1822 4 47 71 26 381 24 3 17073 2366 3423 5
17 216 9892 2609 14 523 960 197 9059 5
20498 503 5
17 1951 7 3 928 197 1646 15 3 1432 8 2366 3423 5
12266 197 1646 2954 197 1646 29091 316 1822 183 202 575 202 577 202 202 67599 249 704 305195 135449 446350 38298 55131 183 6756 130215 459106 130215 95044 105351 302 15099 130215 362888 180079 367869 328983 191146 306 32623 130215 264241 328983 454749 357348 275711 716 31386 408198 485899 539216 288698 359793 575 46517 130215 305195 286284 462204 556772 1054 52910 408198 408198 463361 248418 1551 68569 408198 408198 463361 420647 400503 1614 70165 130215 550136 469698 288698 1818 51402 130215 390690 325751 328983 465164 375139 577 28253 408198 130215 446350 372506 273 3 316 1822 8 928 31660 220 10 46 5867 4 3 19547 928 197 1646 16 22 577 202 7 3 1432 316 1822 4 19 32 18365 871 7 271955 8 32 8958 7 518931 5
81 46 1654 5867 4 19 1723 928 197 9059 4 3 4472 7 16 287 6156 58 3 474 7 5
2249 7 46 4 3 612 537 928 197 1646 16 3 19547 57 5
145 16 658 34 1622 535 3 267 5
364 71 2093 3645 13 14 184 316 6500 197 49 928 31660 4 22 90 397 4 3 4472 7 71 16721 3 474 7 5
81 46 267 4 3 30392 36 26 4691 10 3 1559 5
12502 4 23 16 533 6 2258 4 14 290 84 316 6500 197 49 928 31660 4 3 30392 1646 5
81 9 169 5867 4 80 256 6 2258 3 960 197 1646 13 16 29072 1272 10 678 6 10366 4764 3 18365 871 8 8958 7 9 556 19372 5
355 538 11356 27964 4 9 960 197 14484 7 3 1519 316 6500 197 71 2093 26 1146 5
17 522 7 47 36 26 3 5551 18365 871 8 8958 7 3 556 19372 5
208 658 4 3 960 197 16 1146 10 9 10167 2066 4 46 1217 16 34 32 1712 5
2569 23 16 533 6 2123 3 1646 7 46 960 197 21 146 21 537 125 149 1652 5050 5
273 46 5867 4 80 220 3 296 960 197 12540 31660 4 3 89401 12540 5
208 80 4753 13 10 3 1332 316 6500 858 3 316 6500 3247 31 14027 5146 4 80 71 5339 9 11933 197 7 316 1822 8 149 27 3 216 1846 3201 5
20498 500 842 3 10900 3768 35 10 202 33 65 538 1087 960 197 9059 4 8 46 14 3 523 928 197 9059 5
20498 500 5
54267 7 3 960 197 1646 15 3 10900 3768 5
12266 197 1646 2954 197 1646 29091 316 1822 249 202 35 697 33 3921 202 35 716 33 500 202 35 6756 33 8963 202 35 4728 33 183 202 35 21197 33 202 67599 18365 871 90025 18365 871 90025 18365 871 90025 18365 871 90025 18365 871 90025 249 704 66932 183 6756 198954 93822 198954 58208 130144 46597 36696 39515 43743 40904 302 15099 100877 31378 113829 55172 93341 51593 94726 55172 78840 40037 306 32623 142615 105403 28107 56085 23464 716 31386 126261 104191 44593 60334 58141 38158 58314 48432 575 46517 97090 88323 43402 54391 143307 63105 73886 53781 1054 52910 49026 43743 46526 39395 59762 39395 1551 68569 57590 56793 55973 59574 1614 70165 42928 33926 39515 1818 51402 54089 53729 50311 33791 577 28253 28940 29487 238 1595 10 20498 500 4 9 960 197 1646 7 3921 202 16 277 4783 6 4764 3 2755 18365 871 8 8958 19 9 503 202 3768 3053 5
1655 46 4 80 71 7336 13 92 80 25407 1088 9 960 197 4623 97 3921 202 7 70 316 1822 4 80 128 9 206 2882 7 143 166 36 3030 10 48975 70 316 1822 5
81 129 296 5867 4 80 12354 3 1951 7 3 928 197 589 27964 5
659 112 46 4 80 677 3 18365 871 8 8958 3439 19 9 960 197 7 577 202 4 538 290 7 3 962 928 197 10454 5
238 70 108 27964 31 543 15 3 216 2370 2419 53 1740 3036 4 23 624 21 93 2116 13 3 19547 6270 197 1646 14 290 7 91 16 3 216 53 28253 316 1822 5
2420 1963 13 65 538 3 6270 2925 1273 24 103750 8 1082 35 3578 33 4 3 221 7 1432 316 1822 4 79022 5
316 1822 19 9 1846 6117 6494 4 16 99271 1016 7 28253 65 538 57 7 3 83 9486 5
1700 6270 7318 9 99252 18365 871 7 462205 8 8958 7 5
355 538 3 169 1273 928 197 12769 4 32 18365 871 7 293638 8 32 8958 7 494337 42 3439 5
17 296 57 25903 8 18365 871 7 271955 8 8958 7 518931 5
931 2334 31 43628 10 20498 708 5
20498 708 5
54267 7 3 928 31660 15 3 8958 5
12266 197 1646 12266 31660 20692 35 9421 115998 9424 33 126 35 9421 1635 9424 33 35 9421 115998 9424 33 67599 18365 871 90025 18365 871 90025 18365 871 90025 6756 322965 251289 260684 405170 198954 414432 15099 262736 510056 487137 467676 418789 317556 32623 276031 308739 263419 359793 298186 31386 375418 497270 298186 347720 46517 542137 365490 397808 454552 483197 372090 52910 472982 397299 436661 291356 68569 70165 330441 356849 462497 51402 384853 483140 28253 462205 293638 494337 271955 518931 69881 101055 469480 84861 359415 398504 354961 316715 410848 447718 99271 502519 465673 66 16 533 6 3088 13 3 3235 8958 7 3 108 6599 16 48 49 287 3 216 5
1655 46 80 3058 13 16 928 31660 45063 5
720 935 47 928 31660 18 220 4 3 3439 8958 18 180 7602 202 5
10526 4 3 74 928 31660 12981 10260 3 1263 115 996 52 3 2737 7 3 19547 928 197 1646 5
473 46 928 31660 3 19547 16 34 22 3 3235 221 7 558 1432 316 1822 278
5583 4 10 3 740 5867 4 80 701 6 2258 143 166 928 2757 9168 19 3 1273 27964 42540 19 746 38460 5
273 46 5867 4 67 746 25407 1088 9 960 197 7 716 316 1822 4 47 624 124 6 3921 202 7 3 676 221 7 558 316 1822 5
659 12042 3 337 7 746 19372 5464 4 80 97 1109 316 1822 13 42 3700 1432 49 2366 14 70 67 114348 5
10526 3 316 1822 42 3112 6 1377 13 575 202 7 91 51 26 1432 8 575 202 2366 5
20498 700 4995 3 3467 316 1822 5
20498 700 5
12418 7 25407 3467 960 316 1822 5
933 42343 29091 947 2919 1403 33245 26499 459 9521 129466 407 9579 3440 17404 7199 7288 4101 6864 306 8770 23362 4797 249 704 21793 16628 3313 14292 9046 19183 6709 25215 8384 697 4640 118 213 91753 4441 6417 1965 31812 409 2913 17573 22121 210778 3706 575 1227 13549 1596 24194 12664 3706 1814 24447 11309 273 290 7 3 962 928 197 12769 4 3 960 18 1436 538 50 19547 928 197 1646 21 2118 10 3 767 5867 5
20498 704 842 3 522 5
17 296 928 31660 866 6 35471 282 6 746 38460 8 16 21 133 3 4128 6270 65 63 112 256 6 231 44 112 34 27 3 89 49 934 6 1088 3 928 197 25407 5
20498 704 5
119671 148 38460 8 11356 928 2757 10454 5
20692 35 9421 115998 9424 33 126 35 9421 1635 9424 33 35 9421 115998 9424 33 2970 74544 79647
208 63 256 6 1088 3 960 8 928 2757 10 9 10167 4230 4 3 508 5238 1217 71 26 979 53 249 5
1532 63 236 6 2258 3 653 7 316 6500 137373 63 256 5
2491 46 16 424 4 63 27 6 13012 3 221 7 316 1822 63 236 21 9 960 197 5
81 46 2190 5907 4 46 36 26 52 202 7 3 221 7 4279 316 1822 5
1145 117 316 1822 71 26 1109 21 4279 5473 15 3 137373 653 3467 10 1092 57 5
2491 3 960 197 16 2118 4 3 928 197 589 71 353 5
145 16 32 140746 650 5
81 3 1431 4 63 353 396 8 3187 1970 3 3439 18365 871 8 8958 5
2491 3 2770 31 996 3 42346 8515 4 63 71 737 1463 316 1822 5
208 658 4 63 196 13 3 8958 2179 6 1430 369 49 13 23 1049 3 3235 221 7 1432 316 1822 4 63 27 6 1865 289 3 498 18365 871 8 8958 31 5944 49 34 5
208 34 4 63 71 1384 6 1075 3 137373 653 49 6 5339 184 928 1217 5
2491 3 18365 871 8 8958 31 496 5944 11612 4 63 71 3030 3 556 19372 5
364 7 3 689 1809 524 80 12239 15 46 90679 542 18 13 80 666 449 105 46 14 129 1308 601 733 53 4907 3 969 7 9 711 2106 506 2611 15 9 136 5
7525 4 80 31 7623 3 19372 650 21 962 10 46 4413 10 9 601 864 13 2532 6 30174 70 506 3534 154 3 85 7 27213 2888 439 291 21 883 15722 49 38670 14 3 392 136 5
81 676 4 361990 1035 52 7100 316 1822 5
36743 4 9 960 197 18 9168 25407 5
17 19547 928 197 1646 18 2118 6 26 11113 316 1822 5
473 46 928 197 4 9 25407 9168 960 197 3619 10 32 18365 871 7 1818 202 8 32 8958 7 8750 202 5
17 1614 202 960 3439 32 18365 871 8 8958 7 3995 8750 202 8 7602 202 5
17 522 7 46 19372 36 26 220 6 2258 3 506 85612 7 3 523 291 8 50 1951 15 3 136 2106 229 773 4 48 4108 50 510 534 5
81 46 4413 80 2704 6 132 9 267 14 7623 2953 2854 10 3631 601 5
134 594 9 36472 20071 7 90 533 2942 19372 27964 8 3467 3 104 10436 57 4 10 46 267 5
10526 4 9 179 967 2942 19372 650 4 108 409732 928 197 10454 8 108 1816 11356 960 197 10454 42 1273 5
4036 13 4 538 4 35821 16 617 15 32 6905 8 87229 152 4 3241 8 213529 31 93 667 5
17 8958 7 4 3 296 5702 7 5314 2942 19372 4 21 1658 24 35 5108 33 4 149 666 6 26 8814 2870 5
622 6452 2376 661 13 25903 32 18365 871 8 8958 7 52 1818 202 8 21 133 4 71 26 220 6 19664 8 11076 30174 528 1051 7 70180 1735 5
1113 4 10 46 542 4 80 97 1109 19372 543 15 3 2463 7 7 9 316 6500 4 3 1273 31660 16 23631 6 460 329 843 7 2038 2376 5