473 3 19095 7 1765 7337 4 628 16 110 3883 22 32 3746 2025 2202 4 8 23 738 6 26 9490 10 9 814 89 5
659 293 19 628 11039 13 3154 14448 4 8176 11775 2854 27964 71 34 26 3677 8 23 16 1622 6 8245 695 6599 5
7179 2854 9286 7 14448 25498 8 14348 9 1506 24 18166 84 628 21 43 3773 4 8 23 2228 533 544 133 21 4102 15171 49 891 7 2422 272 61638 93927 6 26 10455 5
81 46 1381 4 80 1379 9 12048 4620 14 695 2854 47 4490 695 4 2419 3394 8 19372 5
1796 8176 11856 770 4 3 13720 8 9 57 9419 7732 32542 45 6 26 488 6 2703 695 628 4 1571 3982 522 15 189 12643 8 521 93927 5
1498 3 73 85 8 19 1723 10291 4 10534 797 1443 4209 6830 1058 7 628 22 3746 713 4 133 21 992 715 18243 4 2315 475 1564 49 8 4246 854 11039 5
659 293 19 628 11039 13 3154 14448 4 8176 11775 2854 27964 71 34 26 3677 8 23 16 1622 6 8245 695 6599 5
7179 628 4242 9286 7 14448 12339 8 24107 9 1506 24 18166 84 628 21 43 3773 35 6794 4 24290 4 15152 4 323 10583 4 1095 33 5
11346 13 120 695 5018 16 16930 17208 5
145 2125 7 2854 29 45 3677 10 3547 133 21 19372 7 70670 628 11039 4 229 628 2376 4 510 1536 1920 1720 4 1617 3726 8 7678 2443 3074 35 89797 323 4 280 109 4 4 323 4 502 109 6794 12283 32330 4 1095 33 5
1203 7 192 2333 1379 9 485 1236 14 2953 2854 42211 463 6 3 272 1058 7 628 558 5
55631 4 23 86 1194 11580 13 441 48 2000 86 321 6 333 522 4 44 46 16 34 535 3 267 463 6 3 2395 16117 7 551954 35 193299 4 10031 33 5
145 6347 2659 65 3 551954 2238 8 3 89 1272 24 3 2953 2854 31660 6 1649 3 628 2238 28668 5
659 4417 192 544 4 2419 3394 16 9 6682 551954 2807 5533 5
49366 3394 9286 7 13896 3 4279 2000 8 44028 3 11177 1603 6 4498 9 33498 7 2000 13 5181 3577 3 565 19 9 3033 22609 7 773 35 4 24098 4 4 323 163251 4 502 33 5
79 856 267 7 2419 3394 16 424 21 695 2419 3394 35 92558 4 140558 4 323 191527 4 744 109 20492 4 12825 4 323 32396 4 7782 109 12517 323 191527 4 1095 109 6794 4 19959 4 107058 4 323 22926 4 7560 109 12825 4 15152 4 6794 4 323 34792 4 590 33 4 47 71 26 177 4116 4 110 57 7 3 104 2794 65 9 4102 15171 1464 5
145 6347 16 1379 10 5771 114 3 4919 628 3201 893 5
931 893 132 3 1506 1148 15 551 628 13033 19 3 84 628 4 8 1685 18298 7 3 1506 16 1622 35 4 911 33 5
20595 6 2419 3394 4 9 4102 15171 142 899 13 3 33498 7 4279 2000 893 72 3 89 5
81 83 1299 4 21 89 1287 24 4 523 2757 7 2000 343 533 14 19372 8 90 4120 84 2000 19 272 31392 326 142 1230 5
7179 2419 3394 29 45 1861 1629 13507 4 11771 4 24 13896 2000 1321 10 9 837 1092 1216 7 3 695 2953 2854 1092 4 49 4149 695 2419 3394 276 4149 695 19372 6911 5
25421 13 54 32 695 2419 3394 650 4 114 3 197 7 4279 2000 893 356 3 89 4 3 19372 31660 29 6 26 3682 7 18298 50 1506 232 34 97 6 84 5036 44 59 6 84 2000 4 7568 3 6645 558 3682 7 13972 19 189 3212 5
12502 4 10 46 162 80 8850 9 5018 13 4490 189 695 2419 3394 8 695 2854 5
1563 1581 1038 32 31660 13 12134 695 2419 3394 8 19372 22 3 216 89 4 24 27396 9 8176 2419 3394 31660 8 7285 9 3093 7254 14 9 19372 928 31660 5
2018 3 523 2419 3394 4309 558 4 80 3476 9 3890 7 2395 13720 4309 35 12283 32330 4 502 33 121 43 31 424 14 110 2025 4 1906 4 303777 1216 8 441 9 799 46333 470 35 4 4 323 4 6833 33 5
18027 4 80 3 13377 35 7914 323 4 3401 33 4 3112 106 7 50 17635 8 7362 4 21 166 21 441 90 10777 13 132 23 16930 17208 5
527 4 46 13720 2818 628 6 26 33770 4 8 3847 4 6682 11856 770 35 155358 12283 32330 4 6801 109 252428 323 34483 4 7780 109 17726 323 7227 4 3401 33 18 59 9888 6 132 23 17208 5
17 73 1092 7 129 1273 695 4620 2818 32 17208 303777 4 658 4 138 558 10 3 6854 31 17208 10 3 3099 904 4 44 34 10 3 2419 904 5
3974 6 3 4888 2505 4 9 1332 4620 21 3 57 2042 322 29 34 45 2209 2617 5
81 644 4 3 974 2953 2854 4462 35 1999 12283 32330 4 280 33 1708 4309 488 6 1271 84 9584 4 44 43 112 34 270 523 2757 7 2000 4 1259 19 523 9059 4 10 290 43241 5
8616 4 32 695 928 31660 14 57 9419 7732 32542 2642 439493 16 59 2042 10 46 1381 4 47 14448 58225 3 9796 9419 6 138 2000 4 13 7593 250 7702 10 221 4 3467 22 290 89 5
81 678 6 2769 46 4 80 31 8409 9 84 7254 7 129 1321 1273 31660 35 4 4 4 323 4 590 33 4 47 7318 9 3033 3768 10 9 265 129759 7 928 8 13875 9 568 1952 65 677 6 83 8176 4309 5
7219 4 3 2981 7 46 31660 754 23 6943 14 9 7039 9796 904 4 21 2659 65 13896 2000 26653 5
81 46 601 4 80 8850 9 3093 7254 4 47 14448 58225 3 1646 7 3 9796 9419 6 138 2000 3467 22 290 89 5
81 10028 4 3 4413 7 46 1381 9286 7 7285 32 1217 13 2527 108 5937 671 46544 9 4620 53 35 9 33 32 695 4 35 8862 33 32 695 13720 4 8 35 8258 33 32 695 2854 31660 109 13 36 26 3677 6 883 695 49 528 628 5
17 939 7 3 1381 16 4393 21 3177 53 8941 341 6274 3 164 7 3 1450 10 3 857 7 695 2953 2854 4 8941 459 5181 3 5018 1273 10 46 601 4 8941 503 5181 3 9345 9937 4 8941 500 842 3 9345 522 4 8941 708 16 1967 15 9 267 542 52 3 1951 7 3 678 7 15778 7 3 5036 35 628 678 33 15 3 773 7 3 4620 4 1435 4 8941 700 6274 3 2898 8 7951 5
7179 2854 29 343 9 32460 352 10 3 73 265 85 121 23 2228 6 4855 533 544 133 21 4102 15171 49 3032 2422 272 61638 93927 5
273 46 1033 4 7204 10 46 857 27 616 714 5
527 4 695 2419 3394 29 34 15071 10 517 19 695 2854 5
10141 4 65838 4 8 20024 35 2076 33 1273 32 17208 66413 2419 33498 3394 31660 47 4 11359 25 326529 40056 5533 4 29408 4116 2000 14 3 392 628 6905 11076 5
7448 4 3 3961 7 3 2419 3394 5018 29 34 45 2870 19 32 17208 2953 2854 31660 5
8 73362 35 7782 33 5422 1678 2419 2807 4538 14 19337 9674 4 114 928 628 3773 10 9 30026 4230 25 9 521 89 2673 5
12283 3462 5
35 502 33 3915 3 867 7 9 7039 2419 904 5
17 2000 13 31 3467 543 15 32 2007 2137 7 928 1735 31 3 1603 13 31 6229 1109 24 3 42136 154 3 1315 7 3 284 5
527 4 192 2000 142 7702 72 89 8 10 90 2333 32 2007 928 197 16 34 558 5
81 3 1217 2209 4 80 31 2274 10 6633 2419 3394 4309 488 6 13655 3 3467 33498 7 2000 21 84 928 5036 3773 4 10 189 33498 1646 8 2190 2000 3467 5
66 16 59 12818 13 192 4309 71 26 5913 10 9 7039 2419 904 13 51 26 3435 22 3 1431 8 1753 2000 65 84 317 8144 35 17905 4 1735 10 40 2942 79833 2673 33 5
12283 3462 5
35 502 33 3677 17208 2419 3394 2164 19 96 43 226 9 2419 543 2854 31660 6 293 19 695 2854 10 272 61638 628 11039 5
145 6684 16 3677 6 9 856 267 7 4102 15171 13292 6 70670 628 11039 4 47 16 3 2109 7 84 31392 1299 72 89 5
17 565 19 46 1217 16 13 43 4753 13 2000 27 33770 2770 5
12517 4 65866 4 8 191527 35 1095 33 2209 9 3093 8 6633 1217 4 226 73451 4 47 10915 3 3394 7 6943 2000 21 32 13138 176 7 2854 9 34141 10 9 499320 2854 6684 5
659 132 23 6943 14 528 544 4 73451 4278 10 32 17208 140746 2066 4 6197 589 55 9 2419 197 125 928 9 34141 1506 538 66590 10529 5
12517 8 191527 35 1095 33 2703 3 565 10 47 4 1016 7 70 2000 110 558 25 3 353 4 2000 3773 57 22 9 89 5
7179 49366 39937 35 158836 33 12726 13 4 14 120 1033 4 16 34 4269 6 2024 285 70 2000 27 1348 103 2854 2899 4 3475 57 738 6 26136 9 15987 4859 18365 25 3 29132 6 3 55906 13 16 21 206 21 537 538 9 33498 7 100 3 2000 381 95 300 5
999 12825 12283 3462 5
35 590 33 4 9 3982 2155 5018 4 7179 69949 49366 39937 35 33 4 6 695 5339 3092 4279 8 14510 12689 2000 16 2209 5
92558 12283 3462 5
35 744 33 4964 3 326 7 158836 10 3 1973 5447 9962 24 7623 23 6 3 565 7 2452 9674 5
13477 4 31845 4 12825 4 69678 4 8 6793 35 7560 33 1273 9 10534 295907 5479 31660 543 15 695 2419 3394 6 1213 3 544 7 16640 8 5479 372 1022 24 893 10 3 2109 7 3 8181 5811 5
17 28501 2000 3467 31 153 5775 6 13014 9 303777 6 1626 61 3 5479 650 5
157 20492 12283 3462 5
35 7782 33 2209 32 695 32601 2419 3394 5018 14 3519 19140 10 854 19348 4 13 2228 91 6 47971 3 2419 197 7138 120 338900 1046 5
5583 4 90 83 42211 27 45 170 10 3 6854 16007 695 2419 3394 8 19372 5
137358 8 35 2076 33 2209 32 695 2854 31660 14 2419 21946 8 19372 4 6227 14 969 42890 5300 6 1835 70362 64431 5
14796 8 52369 35 590 33 1273 6 30174 2233 24 2676 2419 3394 5
527 4 40 1217 97 2527 22 290 967 9 396 33498 7 3 928 628 5
24460 8 6334 35 502 33 2828 695 2419 3394 543 15 3 17509 6234 6 290 9796 7 3 536044 5
11346 4 658 4 13 46 5018 16 1695 6325 15 3 303777 5
1471 5018 13 16 3092 6325 15 3 303777 18 2209 24 6794 12283 3462 5
35 7560 33 5
158 4605 67 523 8090 7 158836 53 35 249 33 2854 19 556 9796 4 114 3 42136 16 805 6 909 70 3 2000 6 1865 3 2374 1603 4 8 35 341 33 2854 19 7553 9796 4 114 97 9 1574 221 7 2000 16 805 6 26 10644 14 290 3099 24 3 42136 5
81 9 308 162 4 5173 35 7782 33 1273 32 2794 31660 14 10439 334 628 8 14 1695 8690 7254 15 24716 41197 543 15 2642 5
66 16285 90 10439 628 6 5339 3 2000 19 9 272 379492 326 8 153 2527 138 2000 6 1849 5195 536044 5
2642 3559 10 3 74 4141 31 14386 480 2000 31 3467 5
458 695 2419 3394 29 45 5169 19 1629 15 32 1570 1625 4 49 24 4149 695 2419 3394 276 4831 695 19372 5
81 3 265 42211 13 17544 695 2419 3394 8 19372 4 3 4309 1273 31 1695 6325 15 3 303777 5
12502 4 7759 10534 2376 8 10900 14 272 61638 93927 840 9 1236 14 46333 1442 15 9234 7176 5
17 813 107 16 6 384 6633 2419 3394 4309 3682 7 27396 3 3467 33498 7 2000 21 84 928 5036 3773 35 4 4 323 4 7782 33 5
66 16 59 12818 14 192 4309 6 26 5913 10 9 7039 2419 904 13 51 2337 26 3435 44 51 1753 49 2821 2000 21 84 317 1348 35 17905 4 1735 10 40 2942 79833 2673 33 5
81 46 1381 4 80 8850 9 12048 4620 13 3804 6 3189 3 3014 7947 10 3 6854 5
349 3 57 881 4 129 1581 16 488 6 13655 3 3467 33498 7 2000 21 84 5036 3773 35 10 189 3 221 8 3 2190 2000 3467 33 8 4 15 3 83 881 4 3 303777 80 539 71 26 3353 232 34 97 6 84 5036 44 59 6 84 2000 5
17 1273 5018 9286 7 108 1216 4290 13 71 26 220 1363 49 10 9 4620 4 6752 10 1475 13 3 13720 2818 33770 628 5
6459 4 80 8850 9 614 5018 13 86 26 3677 6 9 1773 1079 7 544 5
238 2921 103 4 3 5018 2042 10 46 601 9286 7 108 695 4290 53 4 13720 8 303777 5
98586 249 842 3 283578 7 46 5018 35 19393 11856 8 36 26 2921 10 3 12510 199158 33 5
3194 1092 7 3 17592 8 3 7 3 27964 36 26 508 962 10 5719 5
25421 13 34 70 3 1806 27964 71 26 6 2703 695 628 4 21 43 236 6 27 90 2763 13 132 91 16930 17208 35 2080 13 3 303777 383 26 17208 34 97 10 3 5036 904 44 59 10 3 2419 904 33 5
273 46 1033 4 3 4309 80 27 3112 6 26 31 3 11856 770 4 3 13720 4 8 9 57 9419 7732 32542 992 5
98586 249 5
283578 7 3 1273 5018 5
966 2419 3394 27964 31 1595 6 162 15 33770 628 4 21 23 16 3 267 7 3 13720 3467 10 46 162 35 33 4 3475 3 74 967 7 129 1273 5018 16 5446 6 695 5
527 4 463 6 3 17208 2129 7 695 2854 4 80 71 34 4753 9 1079 7 9796 2770 14 290 2419 9 139061 5
145 644 12424 3 231 7 6682 27964 133 21 92541 156894 35 103335 33 4 3628 22690 35 33 49 3628 10291 35 259416 33 5
273 46 1033 4 3 11856 770 31660 35 252428 323 34483 4 7780 109 17726 323 7227 4 3401 33 18 3112 5
11856 770 29 45 3467 24 12825 12283 3462 5
35 274 33 21 57 7 3 104 4788 27964 10 628 4242 5
145 31660 2503 3 3890 17509 7 290 10753 486 32 48922 9796 904 4 363 23 6943 14 129 5060 5
66 16 533 6 1963 13 290 2419 16 8610 5
145 67818 31660 4278 15 9 197 7 628 266 8 12726 13 3 221 7 18679 6 26 2118 35 11856 33 16 392 5
17 24065 16 617 543 15 1087 6905 4859 5
17 104 3684 220 38020 4859 10 11856 770 16 29404 3 26327 3768 38020 148 3 7 18679 8 3 5036 14937 10 138 18679 3062 3298 26 3 197 7 18679 8 50 5
273 290 84 5907 14937 4 3 1131 21 3177 53 2778 208 11102 11856 8 14937 3298 153 11771 4 92 3 3235 221 7 10753 18 34 277 1049 8 3 84 5907 16 34 10 3298 4 153 1000 9 84 10753 19 50 10 14937 5
2778 35 1248 33 249 5
15000 3 5426 10753 6 14937 5
19346 50 21 3 596 7 70 2770 10 13 10753 5
17 5018 48692 22 104 11856 18679 5
25421 13 3 221 7 18679 16 3 3033 148 3 96734 11856 8 3 221 7 523 2770 10 3 2419 5
66 16 533 6 10861 13 10 695 4309 87 16 93 23462 38020 5
17 284 16 14448 9888 125 628 8144 5
81 8941 500 9 2898 15 3 969 7 11856 15 3 31660 16 2209 5
87721 17 13377 35 7914 323 4 3401 33 18 3112 106 23 34298 290 2419 543 15 16364 4015 7118 3 221 7 400 13 23 1464 14 9 523 1427 4 47 18094 23 16930 17208 5
458 4 10 129 4 65 9 84 3099 1464 4 3 4015 31 3353 8 3 8557 71 26 7154 276 3 236 7 267947 271 628 5
17 5018 34298 2000 13507 24 9365 40 48426 26327 19114 19 2201 6 3 3597 5
17 871 7 32 17807 16 4939 21 53 35 249 33 114 35 341 33 11856 110 3 221 7 20587 35 221 7 523 2770 10 9 2419 33 4 8258 3 221 7 3597 4 3 221 7 5036 10 3 211736 12634 4 1427 4 43094 3 221 7 5036 10 3 211736 12634 4 3 221 7 5036 10 3 1427 4 2567 3 676 221 7 5036 4 8 3 230 10291 7 5
11346 13 3 1646 7 3 177751 16 1547 6 3 221 7 20587 5
81 46 4230 4 9 177 528 11856 10 3 36 321 6 9 177 528 1646 7 3 177751 79 8 4473 79 177 528 40056 16 205930 1908 6 4219 8 144 26 351 76 1250 14 10534 2333 5
435 17444 3 871 7 70 1109 2000 4 192 2770 71 26 16771 19 3 612 57 22 3 74 827 4 21 3 1978 3 871 4 3 48 533 3 2419 16 5
145 36 581 32 1433 5791 7 2000 5
659 5998 5339 3 533 2000 10 32 695 4230 9 8515 738 6 26 304 6 3 1494 31660 5
17 565 7 13896 9 8515 14 508040 16 149 57 7 3 526 667 10 49366 39937 601 5
332 1379 4 87 16 34 483 9 614 8 6062 5018 13 2228 1296 6 3434 9 8515 14 120 392 628 197 35 12283 32330 4 6833 33 5
520 4888 27 873 90 843 7 6062 8515 13 16 1547 19 3 770 8 48517 7 3 17509 3455 14 3 2000 10 3 508040 35 15762 4 4 323 255543 4 1422 33 4 461 19 3 612 3014 148 67 2458 13987 35 4 4 323 15040 4 502 33 5
527 4 3 104 5005 1217 16 6 960 3 522 7 9 303777 54 12033 523 22045 7 3 4041 2000 35 4 4 323 59916 4 359 33 4 8 3847 3 8515 144 26 12695 14 3 2190 565 110 4400 5
81 46 1381 4 80 8850 9 8515 47 1131 10 3 508 152 5
349 290 43241 4 392 3 871 14 290 2419 4 3 1153 8 3 2029 44398 7 192 2770 16 43420 5
11346 13 3 2007 197 7 2000 16 3 556 197 7 2000 5
273 290 2419 4114 8 43241 9575 53 2778 92 153 3 2419 4114 16 34 3467 5
2778 92 153 3 2419 4114 16 3467 5
2778 2631 4 3 2419 4114 6866 3 216 164 21 10 3 767 43241 5
355 16 6494 4 3 2000 3467 10 290 43241 34238 2537 5
349 3 83 881 4 65 7952 6 37214 4 87 16 93 2419 3394 650 5
79 454 2898 52 3 969 7 523 2770 7 71 26 170 10 8941 12099 5
98586 341 842 32 946 7 3 231 7 10 3 13720 5
81 3 498 43241 4 2000 19 9 871 72 31 3467 35 2000 249 4 341 8 782 33 125 2000 19 9 871 163 31 34 3467 35 2000 459 4 503 4 500 4 700 8 704 33 5
1526 2000 19 9 871 148 1153 196049 6866 3 216 164 21 10 3 767 43241 5
81 46 267 4 8500 13 2419 708 18 3467 10 3 767 43241 153 23 36 26 59 3467 107 5
98586 341 5
59268 7 3 231 7 10 3 2419 3394 650 5
303777 273 3 19372 1092 7 129 695 4620 4 9 57 9419 7732 32542 992 18 3112 5
25421 13 10 695 2333 4 10534 1070 16 477 3464 5
8616 4 9 107834 2953 2854 31660 16 32 3206 429 5
7219 4 3 31660 383 26 17208 10 189 9796 8 5907 904 4 47 16 34 9 15565 2247 24 104 7 3 558 19372 27964 5
81 9 767 162 4 80 1273 32 17208 928 31660 14 57 9419 439493 35 12283 32330 4 590 33 4 47 7318 9 3033 3768 10 9 265 129759 7 928 8 13875 9 568 1952 65 677 6 83 974 4309 5
6459 192 10777 4 3 2981 7 46 31660 754 23 6943 14 9 7039 9796 904 4 21 23 16 3 267 10 46 601 5
79 84 7254 16 1273 15916 4 95 21 6 26 488 6 14448 8744 3 9796 9419 6 3 2000 3467 10 290 43241 5
1563 1581 16 9 57 9419 32542 992 47 16 2025 8 29 3 7453 7 19708 50 221 7 29132 6 3 221 7 2000 13 31 3467 22 9 392 1092 4 1463 49 6375 23791 21 666 5
81 9 57 9419 49894 35 196 98586 459 33 4 3 197 7 42584 5630 29132 8 55906 16 392 24 35 459 33 114 38 4 4520 4 2567 31 3 221 7 29132 4 55906 8 928 5036 4 3995 4 16 3 2059 7 3 2205 148 3 211736 9796 61279 8 3 3354 61279 4 8 16 3 108140 30110 4859 7 3354 61279 5
17 284 962 24 446326 35 459 33 29 4520 98236 2567 42584 10 32239 5
527 4 121 3 221 7 5036 7 628 16 477 528 4 10 1407 4 46 197 7 42584 8 16 285986 8 29 93 2104 5
8616 4 21 3 5464 148 3 521 35 33 8 3 13228 3354 35 33 7 3 992 31 4939 24 35 503 33 110 3 13228 3354 14 61279 72539 4 8 1618 3 5806 7 26327 5464 16 42726 6 1849 3 17509 5
35 500 33 98586 459 5
22348 7 9 57 9419 49894 5
527 4 92 23 16 5892 13 3 108140 30110 7410 31 35 21 23 16 3 267 14 3 104 7081 220 7410 33 4 48759 4 3 284 7 42584 10 446326 35 503 33 71 26 29418 10 3 508 152 35 12283 32330 4 590 33 53 35 708 33 114 8 5
446326 35 708 33 1170 3 5464 10 970 7 3 29132 35 33 5
66 16 533 6 1963 13 10 446326 35 708 33 3 32239 35 17509 7 3 992 33 31 34 1768 24 3 108140 30110 4859 4 11771 4 3 3768 16 27728 19 2201 6 17509 5
1301 4 32 2155 6905 4859 16 3455 6 26 42726 35 12283 32330 4 590 33 53 35 700 33 446 391 3033 71 26 43420 24 12538 3 284 7 42584 3455 24 89387 50 16496 6 4568 53 35 704 33 114 35 782 33 273 329 3354 72539 4 446326 35 782 33 29 27728 42584 8 32239 8 4 9834 4 87 6848 97 57 521 2104 47 42540 6 3 391 30392 7 3 6905 4859 5
2625 205930 4213 4309 71 26 220 6 4855 46 843 7 1443 19 9 10119 7 114 38 8 4520 31 3 221 7 29132 8 55906 7 3 49894 4 3995 35 4 5810 109 4 4 323 4 6186 33 5
10526 4 46 928 31660 16 488 6 1849 51283 121 3 225419 443006 8 31 7154 21 9 5806 7 970 35 196 446326 35 782 33 33 5
13166 6 3 8 125993 2763 7 3 5806 4 3 216 2104 16 3455 8610 7 3 678 7 15778 7 3 5036 5
17 2981 7 3 177751 79 8 8862 16 59 6943 14 9 7039 904 7 9796 2000 5
349 3 57 881 4 6375 9 2419 97 16739 6375 3 1843 8 4848 12510 19 13 2419 5
349 3 83 881 4 1463 9 84 2419 97 16739 1463 9 1843 8 9 4848 7 43807 5
11346 13 9 1843 8 9 4848 7 43807 10 3 177751 79 8 8862 42540 19 2854 25 3 10596 13 2419 5
8616 4 46 5018 16 488 6 8744 3 6358 7 3 57 9419 49894 8 293 19 2571 10711 10 47 3 4279 2000 142 26 523 22 57 89 49 184 5
17 8365 2209 10 46 2124 31 1967 15 3 8557 7 3 695 5018 1273 10 46 162 5
17 108 4309 35 4 13720 8 303777 33 36 26 12354 189 8610 8 59 5775 10 3 12048 4620 5
22535 3546 523 19372 93927 42 220 154 46 601 5
59567 4 18769 4 8 12051 31 12643 125 21758 8 4893 42 3467 25 3 22930 17112 12586 125008 35 77185 323 10192 4 359 33 5
20498 249 16323 3 10777 7 192 93927 53 221 7 2000 4 221 7 9584 4 221 7 3597 4 8 2156 7 3 1045 1427 5
20498 249 5
144420 7 3 93927 5
100402 720 5
2000 720 5
9584 720 5
3597 202 1427 35 202 33 40742 577 577 183 38795 341 369717 420 577 577 183 38795 183 46535 430083 577 577 183 38795 341 387724 2913 4554 69094 459 346115 4893 3992 9930 30365 700 304507 5
40742 577 81 46 601 4 9 5607 1185 7 3 40742 100402 35 311 4 4 323 63032 4 3578 33 36 26 220 5
17 1494 100402 29 179 46302 4279 2000 57 11177 2419 147710 8 57 2419 179280 31270 19 3 3354 5
1738 1427 871 16 35 33 35 33 5
145 601 16 34 1967 15 19841 17521 4 44 15 44028 11177 2000 5
17 4007 3074 14 9 392 2419 3394 5018 16 6 5339 3 179 4279 2000 8 6 28764 3 11177 1603 5
79 84 100402 226 40742 577 36 26 4723 4 14484 7 3 503 4279 2000 2288 8708 11177 46302 2000 14027 4209 5
17 420 577 565 17 18769 565 35 4 5810 33 16 9 1906 19372 2485 13 9286 7 7995 3 25752 13 3 2399 16 3364 5
4036 3 2374 962 24 550 46302 13987 35 550 9676 2399 33 4 3 2485 6 26 10455 16 50 19372 10 2752 537 3597 558 5
79 249 10 32 17807 6154 13 3 420 16 2374 4 8 9 6494 6154 13 23 16 34 2374 5
17 420 577 565 18 9168 24 1463 8770 11177 2000 5
430083 577 145 12643 100402 2527 9 4859 1282 24 12051 35 3952 33 5
66 16 4939 24 3 14392 4 114 35 6494 4 249 33 16 4568 1153 1513 48517 201026 5266 8 3 29132 31 26119 8610 25 9 6158 3201 10 3 12634 1356 6494 4 249 1362 5
145 100402 16 9 56018 2485 5
134 6740 23 76 9 19372 2485 114 3 733 18 6 4764 1427 249 14 3 6200 7 3354 163 409 35 16316 180 2970 202 33 8 1427 341 14 3 83 6200 35 16316 180 1814 202 33 5
17 430083 577 100402 18 9168 24 1463 5180 11177 2000 6 3 767 12051 100402 5
17 628 14 3 304 2000 42 4209 14027 25 9 6158 3201 1356 6494 4 249 1362 5
145 5536 4286 70 757 704 39747 2371 10 3 223 7 6143 503 10 47 2812 910 29 227 483 4 8 10 47 3 161 398 16 34 876 5
17 3115 1427 16 3 223 18423 871 14 3 74 910 35 327 4 637 4 1823 33 5
17 221 7 2000 16 2913 5
766 2000 31 58994 19 459 537 2770 5
4893 145 100402 16 9 19372 2485 19 700 3597 35 3364 4895 1311 3351 33 5
67577 4895 1311 2125 25 171999 23394 97 35 93 12310 21916 628 33 5
17 2755 4895 1311 2125 14 9 392 9892 35 306 98236 306 12102 2052 33 18 2118 25 178 4893 1476 35 340504 33 12261 341 18983 3735 5898 35 129940 33 628 5
4130 23394 42 10978 25 628 2925 3455 25 178 12953 7605 35 26018 33 8 340504 628 5
7337 16 10 4719 916 35 34 12010 33 8 4286 46302 35 6494 49 249 33 11107 7 628 14 44895 1216 23394 35 12814 692 8 4505 3351 33 5
17 221 7 2000 16 3992 5
13385 1170 16 1477 19 3 650 7 25318 11065 2770 7 2000 76 33770 2770 5
238 9 665 4 90 3768 16 1680 154 3 650 5
17 23066 148 3 5551 871 8 90 60029 6 23 16 226 60029 3768 5
17 6474 60029 3768 16 4939 21 3 7060 7 3 1884 148 3 5551 871 8 3 60029 5
4036 90 871 8033 8 50 60029 3 6474 3768 16 43420 21 3177 53 35 183 33 17 3703 60029 3768 16 3 6474 3768 3868 24 3 7060 7 3 5551 871 4 8 23 16 43420 21 3177 53 35 407 33 29090 6 3 13720 5018 4 50 3961 18 12354 10 970 7 12398 4 3423 4 2156 7 3467 2000 4 8 3241 5
42112 16 3 7468 7 3 3467 2000 13 31 4279 8 23 16 43420 21 3177 53 35 403 33 51811 16 3 7468 7 3 4279 2000 13 31 3467 8 23 16 43420 21 3177 53 35 698 33 11346 13 3 4279 2000 7 3 100402 27 6 26 424 6 49075 192 1170 5
17 2156 7 3467 2000 16 1122 43420 21 3 7468 7 3 2000 3467 8 3 676 221 7 2000 5
659 8612 3 3241 7 3 13720 3 210199 1291 36 26 220 5
17 210199 27647 85612 35 936 4 33254 33 16 9 1415 220 14 9901 3 27647 7 67 2757 7 2000 79 8 2636 5
66 16 4939 21 3 7468 7 3 7 3 13632 8 3 7 3 1456 7 3 2000 35 685 33 81 32 695 1566 4 3 3241 7 3 13720 36 26 1547 19 3 197 7 2000 3467 10 3 498 1092 10 4631 19 3 197 7 2000 3467 10 3 767 1092 5
5583 4 3 773 7 3 303777 16 43420 10 970 7 2029 19372 3768 35 13799 323 4 3728 33 47 16 4939 21 3 7468 7 5036 14414 6401 72 3 628 5
17 9345 522 3455 14 290 7 3 108 4309 8 3 1273 4620 31 2209 10 46 2124 5
273 46 5867 4 80 3476 3 74 2419 25 3 12051 100402 5
11346 13 329 2419 10 46 197 16 26119 8610 25 9 6158 3201 10 3 12634 1356 6494 4 249 1362 5
98586 503 842 3 6474 60029 3768 7 3 5
17 12911 11856 6154 3 221 7 18679 220 10 3 5
25421 13 3 2770 7 3 2419 1230 10 6951 678 486 3 12634 1356 6494 4 249 1362 5
208 3 2770 7 3 2000 3471 2429 486 70 40 537 2770 3 842 9 177 2025 11141 6 3 628 4 21 381 10 3 29540 5
238 230 4 3 1978 3 221 7 18679 4 3 333 3 11141 5
11346 658 13 9 177 528 221 7 18679 2238 110278 22 3 3329 7 9 294671 10 970 7 60029 3768 13 144 26 12354 5
273 946 4 538 1016 7 2238 66413 24 1054 202 44 97 17094 3 60029 3768 24 302 202 35 25 31852 6 28940 4 196 98586 503 33 5
11346 59 13 9 1978 221 7 11856 14359 1978 177751 10 3 2419 3394 13720 5
98586 503 5
33939 60029 3768 7 3 695 10 9 2419 26119 8610 25 9 6158 3201 10 3 12634 1356 6494 4 249 1362 5
87721 659 1970 3 3961 7 3 2419 3394 5018 1273 4 3 67 12643 93927 40742 577 8 420 577 42 4723 5
134 27 3112 6 231 16699 4209 628 106 3 13228 3354 16 424 4 3475 9 2419 3394 31660 71 26 12354 19 2744 7 3 303777 5
17 689 1653 7 7732 93927 16 3 2505 7 3 197 7 19547 2000 13 383 26 3467 109 3847 4 3 2463 7 30751 6 120 7 192 2506 71 26 8871 10 9 2570 152 5
194896 5
500 8 708 240 3 773 7 3 2419 3394 13720 14 3 40742 577 8 420 577 93927 4 3995 4 10 970 7 12398 4 3423 4 2156 7 3467 2000 4 8 3241 14 523 2770 7 3 96734 35 8515 14 3 13720 4 196 8941 9073 14 454 1056 33 5
98586 500 5
13385 1170 7 3 695 2419 3394 13720 10 3 40742 577 100402 5
98586 708 5
13385 1170 7 3 695 2419 3394 13720 10 3 420 577 100402 5
238 71 26 381 10 189 194896 5
500 8 708 4 3 798 3 871 7 3 96734 3 3254 3 11963 7 12398 137325 5
7219 4 3 2156 7 3467 2000 16 798 44 22 3 3329 7 9 48 11323 3074 5
349 3 83 881 4 3 568 3 871 7 3 7066 3 11963 7 12398 137325 5
527 4 3 13720 842 9 48 3449 3074 4 106 3 221 7 3467 2000 16 1978 10 46 267 5
11346 13 3 303777 738 6 1849 25 10596 290 84 2419 5
208 3 33498 7 2000 3467 24 3 13720 893 3684 153 3 303777 36 1528 7553 2505 117 400 154 3 2854 650 5
8616 32 3206 3394 7 46 96734 2053 9 2409 604 10 3 523 1170 4 14 946 10 46 267 1464 6 26 3 104 8295 2104 5
25421 13 9 528 871 7 3 96734 36 34 384 3 30392 33498 7 2000 35 3 11963 7 12398 340 34 26518 14 33 5
303777 17 3961 7 3 303777 16 59 1595 15 3 67 12643 93927 40742 577 8 420 577 5
17 6905 16 6 1649 3 303777 65 3 9796 904 16 64314 24 1463 49 6375 2000 21 2659 10 695 2419 3394 5
59822 93927 31 4116 322 6 1970 3 969 10 970 7 19372 3768 65 1463 49 6375 4279 2000 5
7337 42 3868 538 32044 25017 4 11771 4 9 33498 7 5036 16 3112 22 6951 6 916 3 960 197 8 3 1652 11537 31 7324 21 3 928 197 5
81 46 601 4 3 183 202 7 628 42 220 14 2279 125 3 1818 202 42 220 14 928 5
81 83 1299 4 54 9 84 928 5907 8144 8 3 1506 16 3353 4 50 773 16 2870 15 3 183 202 628 203 21 960 197 5
22012 3 197 7 2000 3467 10 290 1092 4 108 523 5771 42 1109 53 2778 17 197 7 3467 2000 4286 70 4279 2000 8 2477 11177 5
2778 17 197 7 3467 2000 4286 70 4279 2000 8 90 11177 5
2778 17 197 7 3467 2000 4286 90 4279 2000 8 90 11177 5
98586 700 842 3 19372 3768 10 3 40742 577 8 420 577 93927 65 3 9796 904 893 5
98586 700 35 9 33 842 3 773 7 3 303777 15 3 40742 577 100402 10 3 508 5771 4 2778 1655 249 6 26366 5036 4 3 197 7 3467 2000 4286 70 35 503 33 4279 2000 8 8708 11177 5
2778 1655 177748 6 27503 5036 4 3 197 7 3467 2000 4286 70 4279 2000 8 2477 11177 5
2778 1655 326256 6 52658 5036 4 3 197 7 3467 2000 4286 341 4279 2000 8 90 11177 5
2778 1655 467049 6 74677 5036 4 3 197 7 3467 2000 4286 249 4279 2419 8 90 11177 5
98586 700 5
55706 3768 7 3 303777 5
238 71 26 381 10 98586 700 35 9 33 4 3 303777 7318 50 3033 19372 3768 10 265 129759 5
332 46 397 4 92 3 197 7 3467 2000 16 1842 6 3576 97 4279 2000 35 25 177748 6 27503 5036 33 4 3 303777 6866 50 773 5
527 4 92 3 197 7 3467 2000 97 4286 90 7 3 4279 2000 35 25 326256 6 74677 5036 33 4 3 19372 3768 7 3 303777 2238 106 23 16 97 488 6 26518 6 9 325 3033 5
238 230 4 3 8692 3 4279 2000 3467 3 1734 3 773 7 3 303777 5
66 16 59 2794 6 1970 3 773 7 3 303777 65 1463 4279 2000 5
81 9 825 4230 6 996 4 98586 700 35 8862 33 842 3 773 7 3 303777 15 3 420 577 100402 10 3 508 5771 4 2778 1655 249 6 11226 5036 4 3 197 7 3467 2000 4286 70 35 700 33 4279 2000 8 9521 11177 5
2778 1655 69019 6 26366 4 3 197 7 3467 2000 4286 459 4279 2000 8 3132 11177 5
2778 1655 177748 6 27503 5036 4 3 197 7 3467 2000 4286 500 4279 2000 8 9521 11177 5
2778 1655 326256 6 74677 5036 4 3 197 7 3467 2000 4286 70 4279 2000 8 3132 11177 5
238 71 26 381 10 98586 700 35 8862 33 4 3 303777 11657 50 773 232 21 3 197 7 3467 2000 4286 48 4279 2000 5
25421 13 92 97 90 35 49 2477 33 4279 2000 31 3467 21 3 197 7 498 2000 4 3 303777 16 97 488 6 1018 9 325 3033 5
5583 4 21 71 26 48044 25 189 98586 700 35 9 33 8 35 8862 33 4 3 695 303777 1273 10 46 601 16 488 6 11076 8744 50 2981 6 893 10 3 9796 2419 904 5
30239 273 2279 3 12048 4620 35 2288 13720 2288 303777 33 4 3 19372 3768 36 26 220 486 19 3 221 7 2000 3467 5
11346 13 9 5902 22609 10 3 773 7 3 303777 142 26 5944 92 3 221 7 2000 16 2537 1842 5
17 508 4644 18 979 14 290 84 5907 53 249 5
3 5907 538 3 11856 770 5
13088 3 104 4279 2000 538 3 13720 5
19346 3 57 9419 49894 538 138 2000 5
168704 3 960 19372 3768 8 3 2156 7 3467 2000 5
17 733 322 16 6 6786 3 773 7 3 284 19 8 276 2419 3394 5
17 9345 17721 18 3 216 21 10 3 767 2124 5
7337 42 3868 538 32044 25017 4 183 202 7 628 42 220 14 2279 125 3 1818 202 42 220 14 928 5
435 9 84 928 5907 8144 4 3 1506 16 3353 8 50 8958 16 5559 15 3 183 202 628 203 21 960 197 5
145 2125 7 25017 16 3206 106 3 1646 7 3 93927 16 528 5
7219 4 329 5867 18 3629 183 400 10 678 6 1377 30771 522 5
5583 4 9 960 35 20171 323 51085 4 8054 33 18 3677 6 1970 92 87 31 964 3272 297 3 104903 7 3 4309 14 9 653 7 7444 5
208 87 31 3272 297 3 104903 4 80 153 3677 9 2489 4631 4644 35 18409 4 3495 33 6 384 3 5018 446 773 16 34 2537 523 25 3 5018 19 3 282 1153 773 5
81 46 162 4 9 2106 11967 964 38020 35 18409 4 3495 33 18 220 21 2489 4631 960 5
194896 5
240 3 19372 3768 7 3 695 303777 8 3 2156 7 2000 3467 24 3 695 13720 10 12051 4 8 4893 93927 4 3995 5
11346 13 3 2156 7 3467 2000 65 93 2000 3394 16 3677 35 33 16 535 249 5
273 5060 7 17635 4 97 3 74 183 4 38795 5036 31 1595 5
17 303777 8 3 13720 2384 40 3074 14 3 8254 5036 5
98586 704 5
13385 1170 7 3 1273 5018 10 12051 100402 10 47 770 13 93 2419 3394 18 3677 5
98586 782 5
13385 1170 7 3 1273 5018 10 21758 100402 10 47 770 13 93 2419 3394 18 3677 5
98586 183 5
13385 1170 7 3 1273 5018 10 4893 100402 10 47 770 13 93 2419 3394 18 3677 5
81 120 267 4 3 11245 1665 4459 13 3 19372 3768 3455 65 93 2419 3394 16 3677 16 825 6 13 3455 65 3 287 3137 16 220 4 19 3 1117 1653 4 10 46 73 267 4 13 97 2919 202 4 3132 202 8 4441 202 7 3 4279 2000 31 220 14 12051 4 8 4893 4 3995 5
208 9 48 3137 2419 3394 16 2828 4 3 2156 7 2000 220 14 2854 16 2537 1842 44 22 3 470 7 9 964 568 3768 5
5583 4 3 492 7 13896 3 96734 10 521 93927 16 32 526 813 5
66 36 5524 4 15 3 74 1043 4 15 3 72076 148 8958 8 1952 35 798 49 568 221 7 2000 33 8 4 15 3 73 1043 4 23 36 236 6 26 2118 24 794 8 3768 5
238 9 1396 7 11815 4 80 1919 34 538 177 799 391570 2770 35 161 6 94081 33 106 23 36 3130 6 5339 1731 2757 7 2000 4 24658 3 13720 36 27 9 48 11323 3074 5
81 46 2124 80 4556 32 22248 2376 7 143 3 678 7 2109 7 3 5036 6654 3 773 7 3 2953 2854 27964 3112 10 46 162 4 32 533 6681 14 26653 27964 5
81 3 767 8365 4 5036 714 10 9 6951 678 5
527 4 3088 13 10 32 695 1566 628 142 3773 10 9 1087 678 4 11771 4 508 14234 23033 7 628 5
66 16 537 13 883 70 3 628 422 3 216 3201 4 49 13 9 2395 4102 15171 1464 4 557 6 628 508 523 23033 22 523 400 7 3 650 5
81 8941 13000 80 27 1595 8365 65 3 2770 7 3 2419 35 3 74 2419 7 12051 100402 33 714 10 9 6951 678 486 3 12634 1356 6494 4 249 1362 5
527 4 21 3 16 34 678 1216 4 23 16 59 533 6 1970 50 3961 65 628 8144 10 9 1087 678 5
17 11963 7 3768 13075 10 98586 407 12726 9 1087 678 7 2109 7 5036 5
81 1654 4 3 2770 7 3 2419 31 21 3177 53 2778 1655 249 6 3602 5036 50 2770 3471 10 1356 6494 4 40904 1362 5
2778 1655 3602 6 1317 5036 50 2770 3471 10 1356 43411 4 53729 1362 5
2778 1655 1317 6 9976 5036 50 2770 3471 10 1356 51604 4 249 1362 5
2778 1655 9976 6 11226 5036 50 2770 3471 10 1356 6494 4 249 1362 5
98586 407 5
33939 60029 3768 7 3 695 10 9 2419 4 3 74 57 7 12051 100402 4 26119 8610 25 9 6158 3201 10 3 12634 1356 6494 4 249 1362 4 19 14234 678 7 2109 7 5036 5
238 71 26 381 4 3 16 59 488 6 2703 19 14234 23033 7 3 2770 7 9 2419 24 16925 271 2505 5
332 3 194 4 3 7 3 18679 31 2852 10 7074 2371 486 3 5036 5
8616 4 3 16 1109 6 26 1144 5394 6 14234 23033 5
5583 4 98586 403 6852 3 11963 7 3768 7 290 5577 65 3 2419 2770 1230 10 6951 678 5
81 46 5867 4 11226 5036 16277 25 9 6158 3201 10 3 12634 1356 6494 4 249 1362 42 4723 5
273 290 871 7 11856 35 221 7 18679 33 4 575 11233 42 1303 61 5
238 230 4 3 1978 3 221 7 18679 4 3 1978 3 221 7 5036 666 6 1018 3 3033 3768 5
66 16 2794 6 1963 13 46 5867 9270 13 3 678 7 2109 16 34 1568 392 9 1087 221 7 5036 4 121 3 3768 7 290 5577 137325 6 825 2770 5
98586 403 5
33939 60029 3768 7 3 695 7 290 5577 65 3 2419 2770 1230 10 6951 678 35 74 2419 7 12051 100402 33 5
49366 3394 81 32 695 5662 4 628 678 71 59 2498 3 2419 3394 650 4 95 32 5867 18 1303 61 15 12051 100402 5
273 46 8347 4 183 2000 31 1109 4 114 3 74 218 31 4279 8 3 1652 1603 31 11177 35 196 8941 33 5
17 100402 220 9286 7 1515 5036 114 3 678 7 2109 18 14027 4209 10 290 57 7 3 577 11233 5
273 3 967 4 523 2770 7 11856 35 221 7 18679 33 42 4723 4 25 249 6 577 5
435 2045 3 1081 100402 4 3 871 7 290 2419 16 43420 5
98586 698 842 3 3457 148 3 3033 8 3235 2770 7 3 4279 8 11177 2000 4 3995 4 3 3033 3053 148 4279 8 11177 2000 5
17 11172 1583 3001 290 57 7 3 577 11233 4 11061 3 1153 196049 2029 44398 31 59 6217 10 6636 1583 5
17 3053 2238 285 180 8 25 46 397 15 4 23 61699 5
81 46 267 4 628 678 866 6 27 9 799 969 15 3 773 7 3 13720 106 3 3235 2029 44398 16 180 183 202 5
98586 698 5
40782 3457 148 4279 8 11177 2000 232 6 2770 15 12051 100402 5
55706 5583 4 80 960 3 1951 7 628 678 65 3 73 1092 7 19372 16 848 10 3 2854 650 15 4893 100402 5
458 300 4 23 29 45 1595 13 3 628 678 29 312 1951 15 3 35 196 8941 13000 33 8 24658 4 15 3 13720 35 196 8941 12099 33 5
98586 685 6852 3 1102 7 3 628 678 15 3 1273 4620 5
17 96734 18 2203 6 9193 4 121 23 29 45 2436 6 4498 9 206 773 19 46 100402 5
17 928 100402 220 9286 7 27503 6955 5036 114 3 678 7 2109 18 14027 4209 10 290 5577 5
273 11367 3 19372 3768 4 9 197 7 11226 1216 5036 18 220 4 8 9 676 7 577 11233 42 7679 5
98586 685 5
7337 678 1102 15 3 1308 4620 10 4893 100402 5
349 3 57 881 4 98586 685 35 9 33 4 35 8258 33 8 35 16054 33 35 74 4848 33 20053 3 19372 3768 7381 7 290 5577 14 523 2770 7 11856 35 221 7 18679 14 3 967 33 5
349 3 83 881 4 98586 685 35 8862 33 4 35 5547 33 8 35 18365 33 35 169 4848 33 2399 3 2156 7 400 13 9 2419 16 3467 10 596 14 70 3 11233 4 369 14 523 2770 7 69218 13 3 1731 3 11856 4 3 48 317 16 1590 10 3 1092 5
273 46 1033 4 65 23 71 26 381 13 87 31 48 3272 297 3 523 11233 5
145 644 142 26 1022 24 3 317 372 10 3 967 4 47 59 6654 6 3 2000 3467 24 3 13720 4 3979 10 32 18297 19372 4 114 3 628 678 2053 32 533 604 5
527 4 65 11856 2238 4 3 3074 7 3 4620 16 48 3449 8 1216 7 3 678 4 21 71 26 381 10 98586 685 35 8258 33 8 35 16054 33 5
17 19372 3768 17094 8 3 3241 7 3 3467 2000 5121 5
5583 4 98586 685 35 19440 33 182904 3 596 19372 3768 14 3 108 2770 7 11856 2870 5
238 71 26 381 4 3 19372 3768 11657 5482 25 6 568 2770 4 11061 93 964 3272 31 170 148 8 5
81 1067 7 3 996 4 23 866 4203 6 5339 3 2654 871 14 11856 276 21379 3 19372 3768 5
81 46 267 4 250 26 3 19547 4 121 23 137325 6 3 216 3768 58 8 17094 110278 4 21 3915 10 8941 13000 5
81 46 162 4 80 27 2209 9 1332 4620 35 4017 4 2419 3394 8 19372 33 47 16 3682 7 14448 18298 50 1506 6 1849 25 695 628 5
364 7 3 11414 7 3 1273 5018 16 13 23 9286 7 108 1216 4290 13 71 26 220 1363 49 10 9 4620 5
3974 6 3 4888 2505 4 87 16 93 83 162 10 3 6854 13 4490 11076 192 108 4290 4 121 90 7 3 1806 6599 2780 2419 3394 10 32 123 517 2066 35 106 3 695 536044 71 34 293 19 2571 108791 7 2000 33 49 43 2780 695 2419 3394 44 153 46 16 34 3797 19 32 695 19372 967 5
12502 4 3 689 1653 7 129 1273 5018 16 13 23 2228 1296 6 3030 189 695 2419 3394 8 19372 5
17 629 4117 7 46 1381 31 3 508 1603 53 2778 67704 8 7 3 13720 6 3030 695 2419 3394 5
2778 1249 3 13720 2818 628 6 26 33770 4 19708 3 11856 770 6 26 220 10 32 695 2066 5
2778 17 9384 7 9 2854 31660 14 57 9419 32542 992 6 26 17208 34 97 10 3 3099 904 4 44 59 10 3 2419 904 4 1749 14 2419 108791 13 893 4 1723 49 2790 10 221 154 3 2854 650 5
2778 1249 32 533 6681 7 26653 27964 16 3 969 7 628 678 15 3 773 7 3 4309 4 46 492 16 11109 8871 4 1571 3 53562 7 3 5018 5
145 16 2409 10 90 521 247 10711 10 47 4102 15171 5771 250 1230 5
527 4 742 6 3 282 7 129 2505 9 1332 4620 21 46 57 29 34 45 2209 2617 4 129 1581 29 90 9705 5
1203 7 70 4 23 16 533 6 3088 13 34 70 3 2953 2854 4309 558 10 3 6854 71 26 9888 6 293 19 695 628 5
12502 4 742 48 5242 2854 4309 4447 4 43 71 34 26 9888 6 1849 10 32 695 4230 4 8 80 39 6 2401 13911 2520 133 21 3 13720 8 32 49894 5
1113 1906 4 3 3112 4309 4964 6 26 6607 14 46 2125 7 2854 4 25246 3982 522 4 189 8118 8 65 2164 10 9 4620 5
33962 522 661 13 3 19372 3768 16 17073 72 3 89 4 19708 6 3 2109 7 84 628 5
6818 4 3 221 7 2000 16 1842 125 5714 3 19372 773 5
1471 15914 4 47 16 34 2190 7 3 4620 4 44 614 14 2953 2854 4309 35 150 445498 4309 4 133 21 8 2419 3394 33 4 16 3 236 14 96734 37582 4 13 144 26 9888 6 290 565 163 5139 5
332 46 2201 4 90 614 4284 31 392 137 3 2190 199158 7 3 1381 4 742 46 492 16 149 32 526 565 4 10 47 1296 31 149 418 5