145 1381 6274 32 75785 1217 6 4498 3 9358 30445 10 9 70575 5
65517 2506 6 500931 1223 1823 15 4860 7 223 3695 8 1871 39170 7417 133 21 49554 21192 7410 4 27728 796 8 27728 470 5
2758 7417 71 1128 3 5238 231 7 500931 2520 5
81 2906 4 80 231 32 13991 75785 1217 35 147171 33 6 2258 3 9358 30445 2770 5
145 1217 29 3 1653 13 23 71 293 19 8 384 30392 2770 14 500931 1223 25710 538 103860 7410 5
81 3 1381 80 6197 1088 55 3 2651 983 24 2016 103860 796 7410 4 103860 470 7410 4 797 8 1923 12453 4 8 797 10 33770 6577 5
134 8245 18982 23763 27708 19 7539 10498 35 33 4 9 19962 7 18982 23763 27708 4 21 3 13991 31660 5
5602 3 1381 80 12067 5441 143 147171 71 4855 482 19 18751 21192 7410 13 71 34 26 5169 19 24 1510 19816 4309 5
134 4855 307 4482 544 25 3 6854 8 6786 3 522 3455 25 147171 19 138 3455 140082 4 11260 3 13343 8 39036 7 129 147171 2104 1217 5
17 4102 7 9358 30445 35 9358 4 13466 33 16 885 6 3 2376 7 2832 16764 148 523 1470 694 10 211847 482 5
9358 30445 35 31179 33 16 3 3449 164 7 9 284 2096 2651 1470 37 690 6 25450 40 897 331 123 7410 24 11700 9 1773 1079 7 5310 5
81 83 1299 4 392 3 1945 7 83 1470 4 93 711 71 1297 50 827 24 10309 9 523 1264 5
81 614 4 1570 1234 7410 31 1109 21 331 123 7410 5
527 4 23 71 59 26 29404 637 4859 4 32838 348 4703 5
273 3 3644 7 333 19798 7 129 1217 80 8916 4637 6 9 70575 267 114 67 1470 36 26 694 10 3 223 8 331 123 7410 31 40 1570 1234 7410 5
3194 711 15618 10 3 282 537 152 4 392 3 5310 7 40 4666 5
145 6819 9 282 1070 4859 35 207003 33 14 290 711 13 16 4723 6 2258 50 421 4 427 76 1250 3 1866 115 24 1490 1470 5
140082 4 3 397 7 13632 7 70 3 4 290 57 12510 6 9 711 4135 10 3 200 4 16 424 21 3 9358 30445 35 9358 4 10533 33 5
17 1510 19816 1217 7 41565 9358 30445 4589 67 4290 5
17 74 967 16 6 2258 17315 10869 14 207003 7 290 711 694 10 3 223 24 32838 50 12510 331 123 4859 538 29389 4860 5
17 169 967 4589 12538 3 284 7 282 6904 7 70 1470 6 25272 31179 5
16816 10 3 19816 1217 4 80 383 21238 55 6 169 678 10 678 6 384 61 3 207003 7 290 711 8 4855 3 3979 24620 42584 5
145 4589 9 17315 5865 6 1970 3 15550 8 7 290 331 123 4859 55 6 50 169 678 5
2296 13 3972 4093 331 123 7410 19 5242 796 8 470 7410 1871 3844 17315 2531 6 4855 3 26914 42584 47 11851 140082 35 323 4 911 109 323 15829 4 280 109 303059 4 261482 4 323 9595 4 911 109 4794 4 502 109 135506 4 5981 33 5
145 2697 6 3 6192 7 39170 7417 133 21 3 103860 7410 49 10309 49554 7410 35 24087 4 19304 4 4 323 82779 4 911 33 81 1243 4 482 31 477 10455 19 312 5139 7 12453 133 21 797 2168 7 290 711 4 797 569 4 8 1923 5609 5
79 221 7 4888 27 220 28579 49 75785 6599 6 4855 14 3 9358 30445 35 489827 4 4 323 12697 4 7782 109 156352 4 406723 4 323 62081 4 359 109 6794 4 6833 33 5
10141 8 17555 35 2560 33 27 1148 1605 2614 992 30445 2520 21 103860 565 42068 35 19959 323 4 274 33 109 43 4723 6754 10864 31660 35 9413 4 2076 33 14 12538 3 103860 482 44 3038 6 2148 3 5248 8 47125 7 3 30445 5
79 108 967 223 514625 27728 8 32812 18751 1605 2614 1506 16 1148 24 34874 4 22926 4 7744 4 9048 4 8 33761 35 590 33 109 43 4723 9 1510 19816 1217 8 1303 61 1812 11129 6 5518 5248 7 9358 30445 5
4 12090 4 70785 4 8 91097 35 7560 33 27 1273 9 211847 9358 30445 2104 10 9 13145 5147 1605 2614 1506 13 86 3968 2800 10 1781 109 377 43 2209 32 87625 17315 1506 4 43 39 6 4855 9 284 7 7553 26914 42584 6 2148 3 5248 7 32 30445 5
81 46 1381 80 255 850 32 13991 75785 1217 35 147171 33 6 4498 3 9358 30445 5
622 13991 31660 16 220 6 384 3 19547 871 7 9 21192 4859 1441 6 9 392 197 7 12453 5
54480 27964 162 15 3 5131 7 6951 1046 5533 10 1913 61 3 19547 871 7 3 21192 4859 5
1526 6951 1046 4538 31 140746 10 2129 8 31 34 1477 19 3 2129 8 10119 7 21192 4859 13 16 110 85544 5
77250 23763 27708 35 124913 33 1708 9 191244 6 2258 3 19547 871 7 9 103860 4859 35 1824 323 146080 4 3401 33 5
66 16 9 90693 191244 3683 15 23763 1442 19 10720 10 3 542 7 5086 25999 4 2577 18510 8 83 23763 2125 42821 170 10 3 7207 131 5
2625 23299 27 45 1589 6 2703 1812 5771 19 2069 1952 7 23462 8 1277 7 2506 4 7138 325 52700 8 8225 23462 35 284611 4 327867 4 323 4 6833 33 5
931 539 9 225392 124913 119 71966 31660 35 10141 4 10141 4 78781 4 323 4 359 33 8 9 5607 124913 14 33855 164835 35 3462 4 4 4 4 323 34676 4 2076 33 5
77250 147461 77918 19 14990 142410 35 33 16 3 1654 13991 31660 4723 10 46 1381 35 7914 4 7277 4 323 6794 4 590 33 5
1738 9075 31 962 10 3 31660 6652 10 8941 503 5
10555 7 124913 21 32 27708 191244 16 149 2086 3093 10 3 857 7 797 5171 35 4 2076 33 44 29 45 3677 6 4197 517 35 4 2076 33 4 6291 19372 35 47153 323 63430 4 274 33 8 338900 27708 544 35 323 4 280 33 5
134 231 129 13991 75785 1217 6 4855 9 2726 7 70575 544 5
147171 71 293 19 4 8 12453 13 51 26 26352 538 19816 6599 5
238 80 31 538 9 88899 191244 10 3 2104 4644 80 2337 3773 22 177 401 19547 2506 8 12146 3 26920 9358 30445 35 323 15829 4 280 33 5
134 153 1297 46 26920 2104 6 4498 9 2104 177 408 6 3 5551 9358 30445 5
17 522 25 3 1506 31 103139 111 140082 10978 2506 5
17 2506 14 3 9358 558450 3455 25 3 147171 46333 8365 47985 25 3 140082 10978 2506 35 287 58 6909 147 258 33 5
17 1381 16 3093 10 13 4 6 129 2505 4 46 16 3 74 89 13 13991 27964 27 45 220 6 4855 14 3 9358 30445 10 18751 108140 70575 2520 5
3062 286 1384 13 9 55692 5628 16 110 1601 24 9424 1470 114 3 470 11222 6 211736 711 14 3747 139137 2367 7 206 16 483275 35 139137 33 4 114 483275 16 32 1723 4859 7 139137 5
17 484 7 3 1247 110 888 16 2118 24 3 796 14 13 206 10 3 200 8 3 676 3354 7 3 200 35 4625 33 5
238 80 25723 13 11036 7 797 16 3628 6 3 796 4 4108 92 3 676 3354 7 3 200 16 4625 153 3 200 484 16 2118 137 3 4859 3280 35 4625 33 114 3280 16 226 3 43655 796 4859 5
208 290 711 5708 8 5243 139137 2367 4 676 200 3354 16 392 24 35 249 33 35 249 33 17 200 484 7 13 1247 16 2118 24 3 4859 3280 35 4625 33 5
1301 1182 7 211736 711 35 43094 33 16 7154 25 446326 35 341 33 35 341 33 134 1384 3 1234 4859 7 290 711 21 50 21192 4859 5
458 3 1234 4859 35 33 7 211736 711 16 43420 24 50912 3 676 470 7 797 25 3 1182 23 13039 14 139137 2367 10 35 459 33 35 459 33 17 2129 8 10119 7 3 21192 4859 7 290 711 36 26 2118 543 15 3 653 7 10119 694 19 3 43655 796 4859 8 470 4859 5
458 4 80 2601 129 24656 6 48 1812 11952 24 10309 9 11764 8057 474 10 10119 25 3 70 27728 267 6 9 48 5242 70575 223 10 4831 58486 5
90977 796 8 27728 470 4859 134 353 19 9 1906 5662 24 2016 9 1506 7 9 70575 223 19 27728 470 8 21192 7410 5
38396 80 1384 3 27728 43655 796 4859 21 10 35 503 33 35 503 33 114 4625 16 21 392 10 446326 35 249 33 8 24880 2464 3 200 1070 5
17 470 4859 7 290 711 16 392 10 35 500 33 35 500 33 114 8 205326 31 1432 91755 8 47642 16 9 3601 470 11222 6 3 211736 711 4 8 205326 2464 1513 484 7 3 5628 7 3 211736 711 5
458 4 543 15 192 7417 4 21192 4859 7 211736 711 2742 35 708 33 81 267 7 70575 4 3 21192 7410 7 3 1570 1470 343 35 700 33 35 700 33 7013 5
14510 27728 796 4859 66 16 4116 6 1384 103860 200 796 7410 21 192 142 333 20053 1087 200 5771 5
134 5357 67 2029 11952 25 1319 35 1422 33 5
158 539 46279 8 55853 796 7410 5
17 48015 3497 7 189 2520 31 21 1595 10 5
35 704 33 8 35 782 33 3995 35 704 33 114 4 8 31 1432 91755 5
17 996 4859 147521 3 796 4859 21 32 28668 17073 4859 47 142 26 48 3890 7 1087 553 5
17 83 5662 2464 796 21 55853 10 35 782 33 35 782 33 114 31019 4 174774 31 1432 91755 5
66 16 1144 537 14 553 6 27 532339 21192 7410 21 2209 10 156352 12283 3462 5
35 359 33 5
17 10 3 21192 4859 142 321 6 2489 9358 558450 5
17 21192 7410 31 4939 21 3177 35 183 33 35 407 33 8616 137 3 996 6200 4 80 27 1109 9 14221 1079 7 11952 19 103860 796 7410 5
527 4 23 16 59 4116 6 1384 360411 10 3 470 4859 5
145 80 112 10 3 161 2124 5
14510 27728 470 4859 2680 87 6848 523 5066 7 360411 10 3 470 4859 4 80 27 3322 9 2029 916 7 103860 470 4859 25 1319 35 1422 33 4939 1298 4 95 13 23 1141 361 7 189 3160 8 490754 7 2430 7 797 35 403 33 114 205326 4 72539 6494 4 8 72539 5
17 21192 4859 19 27728 796 8 103860 470 16 1595 10 446326 35 698 33 1298 35 698 33 5
35 685 33 8 35 409 33 3001 3 5662 441 360411 10 189 796 8 470 7410 35 685 33 35 409 33 66 16 1369 6 10992 13 3 103860 470 4859 3915 10 35 409 33 71 59 159 361 7 470 4859 7 27728 2129 24 363 70 3 85612 970 2936 3 74 678 1043 3628 6 4568 5
210793 7410 81 46 2124 80 1384 2168 9705 15 3 797 10771 7 290 711 5
66 16 1144 537 6 27 9 33770 100186 470 4859 19 2201 6 11036 7 797 106 3 1513 470 7 9 1247 71 26 8692 14 5862 797 5
16816 3 470 4859 71 59 159 3 3497 7 27728 4 108140 8 8255 189 5
145 33770 100186 470 4859 71 26 351 361 7 40916 24 30833 129 21192 4859 6 3 197 7 12453 10978 25 1699 2980 15 3 797 11036 8 33770 470 7 797 7 9 5628 5
38396 92 3 33770 470 4859 16 2714 76 11856 20587 21 1595 10 446326 35 630 33 8 2168 7 290 711 16 197 21 1867 10 15728 35 800 33 4 3 48015 916 7 3 1506 36 26 21 392 1298 35 697 33 35103 6 53 35 800 33 35 630 33 35 947 33 35 302 33 114 16 797 2168 7 211736 711 8 15728 35 800 33 14264 13 3 797 11036 7 290 711 36 26 496 50 2168 5
446326 35 697 33 2464 3 644 13 290 1570 711 3804 6 14391 50 331 123 496 50 16079 2440 496 3 1806 12453 11140 5
446326 35 630 33 49111 523 569 14 523 11612 7 797 446 1079 16 2714 76 11856 20587 5
17 6635 344578 35 139137 33 10 446326 35 947 33 71 26 4357 21 32 39440 46302 4599 47 7928 3 4413 7 12634 7 3 470 4859 92 139137 3809 10 3 12634 1079 5
17 6635 16 3 470 4859 12510 6 12634 7 3 2714 47 71 26 189 27728 8 103860 5
2680 3 470 7 797 5473 15 3 11036 13 3 711 5708 4 446326 35 302 33 49111 13 1654 470 12510 6 3 797 11036 5
1471 37863 13 80 4556 76 3 1506 16 13 7 4550 2980 5
81 644 4 23 16 1144 338 13 523 3005 12453 4447 6 532 3 4550 653 6 1377 1923 1720 25 4550 10041 5748 5
2569 80 1667 3 4102 7 3259 17504 4550 223 35 323 242799 4 2773 33 19 9 28579 946 392 24 175648 35 274 33 4 114 211736 2551 28237 4550 467707 8 3235 2168 81610 13 16 805 15 10030 4550 5
214 15914 71 26 40916 3380 21 10 5
35 1004 33 8 35 985 33 5
38396 87 16 9 5662 10 47 3 1470 31 2852 486 9 3259 8 18264 142 26 10252 76 6 3 3259 4 114 43 15212 5
73819 39101 16 5892 6 26 22652 6 797 653 5
79 3005 1829 7414 7353 7 4550 22 67 17926 2321 5
208 3 19628 8 3977 85612 7 4550 25 211736 711 6 532 42701 16 103415 24 4 153 3 5273 12 12453 71 26 8382 21 10 35 1004 33 8 35 985 33 35 1004 33 35 985 33 114 81610 4 39101 4 4 467707 31 5892 6 26 1432 5
145 18751 1506 71 26920 9 2726 7 5771 24 13999 3 2770 7 19393 21 1272 5
2680 70 129 12453 31 27728 10 2129 10 644 4 43 71 26 7 120 3497 105 27728 4 103860 49 9 3109 7 189 5
804 23 16 1144 3558 6 4855 192 5066 7 11952 5
145 3390 286 3 28389 7 32 147171 10 12538 192 1812 2520 11076 5
81 46 2124 4 80 6899 24 995 9 2941 6652 52 1510 19816 1217 8 147171 6 2258 3 9358 30445 5
17 508 14103 3 2104 4644 53 53798 249 4036 3 1264 7 83 4135 547 10 3 223 4 19547 1264 49 9 282 1070 7 9 1654 711 16 3 1264 13 77180 50 21192 4859 1441 6 1806 12453 109 53798 341 17 3487 19460 89969 35 207003 33 71 26 4939 21 9 4859 13 1141 3 392 5310 7 4135 547 21 32 9796 8 1929 21 32 3354 3 19547 1264 6 26 979 24 23 10 678 6 14391 50 21192 5
140082 4 207003 7 211736 711 16 32 89102 7 3 19547 5310 14 70 1470 356 3 1079 7 5310 558 10 3 223 5
65517 1217 17 19816 1217 16 9 67 967 650 5
17 74 967 4589 1913 61 3 207003 7 290 711 24 57286 50 21192 4859 19 2201 6 50 1264 8 12538 13 74 678 16496 6 128 3 69586 7 16496 4859 7 290 711 5
1526 4568 7410 27 6 26 24637 21 50 282 1070 24 6457 3 997 7 1405 16496 5
3668 967 5534 19 12538 3 284 7 7 3 223 6 3773 22 9358 30445 5
17 9063 7 46 1217 31 13 23 16 1906 6 1445 8 1929 3 5551 9358 30445 5
527 4 3 19816 1217 71 34 26 4723 92 120 176 7 3 21192 4859 16 883 228461 49 14510 55 6 169 678 5
473 4974 6 18751 482 4 5918 3 5248 7 9358 30445 16 9 346 1364 5
659 112 13 4 3 142843 49 7 3 21192 4859 7 290 711 29 6 26 8482 61 103 80 384 3 9358 30445 5
6297 15 3 2129 7 3 2104 904 4 87 4447 4538 6 384 61 3 2104 10 1574 745 44 192 31 1812 8 40916 10190 5
54480 75785 1217 4749 3 19816 1217 4 147171 340 34 6096 384 3 17315 10869 7 7 290 711 6 384 61 9358 30445 109 623 23 2527 9 45268 1217 6 112 3 216 5
57002 3 2911 6684 7 147171 9286 7 67 4290 5
17 74 967 4589 3683 3 10422 7 7 290 711 538 3 13991 31660 5
17 169 967 4589 3 1913 7 13632 266 7 3 284 7 207003 10422 6 371 3 9358 30445 5
6297 15 3 16270 26920 5310 7 523 547 694 10 3 223 4 9 1773 1079 16 4939 13 86 1311 70 3 1264 2757 7 329 711 5
659 1823 3 207003 7 9 1654 711 4 3 5310 7 3 1652 4135 1470 31 3601 22 328942 221 7 523 2832 266 356 3 4939 1773 1079 5
1301 3 282 1070 7 13 1654 711 22 290 397 7 3 328942 266 16 2118 538 3 13991 31660 5
17 147171 1141 3 5310 7 4135 1470 22 290 397 21 9796 8 1929 3 282 1070 7 12510 711 1913 3235 7 50 21192 4859 5
17 197 7 70 3 282 6904 19 2201 6 50 4135 1470 31 18652 22 3 328942 523 266 356 3 1773 1079 5
999 85616 70 3 19547 266 80 128 3 207003 7 13 1654 711 5
134 4619 46 4644 6 2258 3 282 3057 7410 7 3 1652 1470 5
17 13632 397 7 70 3 36 786 61 6 26 129 1272 31179 7 3 223 5
238 3 4102 7 89102 16 220 10 3 650 7 1913 61 9358 30445 4 23 16 533 6 27 9 4783 221 7 266 14 3683 61 3 3331 7 207003 7 290 711 5
527 4 6 1128 3 89 7 66413 10 3 1081 1046 14 9358 30445 10 3 1264 904 4 9 67 11764 1046 16 4723 5
17 74 11764 4589 1913 61 3 26920 20163 7 9358 30445 10 9 1773 1079 19 9 1731 221 35 328942 11102 183 33 7 266 14 89102 5
2491 3 3982 20163 16 2203 25 46 1773 1079 1046 4 9 48 3297 1046 16 1303 61 10 3 3982 642 180 9358 30445 5
659 2258 3 3982 904 14 4302 1046 4 3 7117 33855 17245 35 67503 33 5533 16 4723 5
2680 3 67503 5533 16 34130 10 2129 4 9345 522 240 13 67503 7928 286 6 398 177 408 6 3 5551 30445 19 287 89 8 10119 7 66413 5
17 1308 1746 7 147171 16 3380 10 3 916 7 71488 3323 10 20498 249 5
20498 249 5
377646 3323 14 1273 147171 5
17299 249 53 100766 19393 7 3 31660 8 331 123 7410 7 290 711 8 7562 12453 5
17299 341 53 100766 3 1773 1079 8 3 221 7 266 35 328942 33 35 1618 180 500 6 183 33 14 8306 290 207003 5
17299 459 53 168704 3 17208 1092 14031 543 15 1092 341 17299 503 53 14 4114 3082 249 53 70 1470 2778 504204 3 5310 70 1470 35 2239 70 197 6 69586 33 14 72539 3082 249 53 35 328942 33 9450 283430 3 21192 7 211736 711 538 13991 31660 8 384 50 19547 1264 9450 53517 3 19547 1264 4830 498 1264 7 83 1470 9450 43786 3 1264 7 83 1470 24 1058 3628 6 17208 1092 35 9756 33 194 14 2778 521169 328942 19547 266 7 211736 711 6 128 50 207003 5
194 14 17299 500 53 104853 3 26920 9358 30445 35 33 24 1913 13632 7 70 3 5
17299 708 53 168704 3 52427 17245 538 67503 5533 17299 700 53 19346 328942 6 1978 871 35 48 58 302 33 543 15 1272 8958 10 31179 17299 704 53 473 52427 17245 8 3353 328942 4619 1959 459 4 503 8 500 6 3773 408 6 5050 9358 30445 1910 207003 129708 3487 1070 4859 79 221 7 83 4888 27 220 13991 27964 10 1913 3 9358 30445 35 323 7981 4 274 109 156352 12283 32330 4 359 33 5
1354 7 192 3174 3322 177 825 6599 53 43 504204 9 6951 1193 7 2506 8 4219 3 2506 6 196 92 21192 4859 7 120 910 10 3 223 11657 5
145 140746 4644 1755 285 43 384 93 337 10 3 21192 4859 7 70 3 547 5
527 4 87 535 6848 9 1197 322 13 3 31660 340 34 26518 92 9358 30445 340 34 4447 5
1949 4 23 16 1144 841 6 384 2489 9358 558450 5
157 4 10 3 267 7 18751 482 23462 2742 14283 5
17 147171 1273 10 46 1381 71 1213 138 667 10 32 1369 4230 21 80 958 384 3 93880 282 1070 7410 7 290 910 13 71 26 220 6 196 3 2826 8 5248 7 9358 558450 5
21416 19708 1079 35 67503 33 5533 6297 15 3 30445 13 80 128 10 3 74 1773 1079 1046 4 80 2882 32 4416 11763 35 97626 33 7 3 3982 1079 7 30445 538 446326 35 1135 33 8 1626 61 9 10190 1046 24 8306 19 9 1978 221 7 266 10 3 3982 642 6 3773 22 9 397 177 408 6 3 1359 9358 30445 35 1135 33 114 16 3 197 7 9358 558450 3455 154 2007 1773 1079 1046 79022 5
8 16 3 248 1432 216571 13 44931 3 28988 3915 10 446326 35 889 33 35 889 33 8 114 16 9 1432 11397 221 287 58 57 5
17 4599 71 26 18549 21 3 9903 6951 221 13 19345 3 1355 12398 180 3 1359 9358 30445 10 47 80 2494 3 3297 1046 5
5602 10190 20260 4 23 18 69334 13 144 26 197 22 2770 148 7257 8 8642 6 4498 206 522 5
208 2489 9358 558450 31 170 6 4447 154 3 1773 1079 1046 4 3 4416 4787 7 3 3982 642 16 197 22 3 3235 871 7 5310 694 10 3 2489 9358 558450 19 1355 12398 180 23 538 5
35 1135 33 8 35 889 33 5
81 614 4 104 7 3 797 1470 36 27 461076 3318 7 797 2367 95 3 798 4787 7 3 3982 642 16 5892 6 26 3628 6 4568 5
659 10050 46 9513 8 1506 482 19 2366 2770 57 71 1088 42584 825 6 5
35 1135 33 8 35 889 33 8 4855 5
2491 3 3982 1079 16 2118 4 17208 1959 31 220 6 2714 3 3982 1079 8 13014 328942 523 2832 266 5
63021 3 3982 1079 19 17208 1959 14264 51647 10 3 1046 4 47 35023 10 589 55 9 5314 207003 7 290 711 35 605 33 1498 22248 1046 10 3 3982 642 4 3 221 7 266 35 328942 33 1109 6 3331 9 207003 16 6 26 4939 543 15 3 10119 8 9512 694 10 3 565 5
81 614 4 522 240 13 1947 328942 48 58 302 1929 286 5944 2506 5
659 14076 3 46333 8365 2209 10 8941 500 4 80 1206 328942 3082 302 5
208 3 223 16 3538 6 3 12398 694 10 3 2770 7 9358 30445 4 80 71 474 328942 8 52225 3 3982 1079 401 3 9358 30445 6 2494 3 1046 67396 180 3 1359 9358 30445 5
17 216 8323 141 92 87 4447 2489 9358 558450 5
145 2124 1708 3 4867 2911 4483 13 1088 55 3 31660 13 16 220 21 13991 31660 14 1913 3 328942 221 7 282 1070 266 7 290 711 356 3 1079 7 5310 558 14 3 83 4135 1470 5
1526 282 1070 266 31 1353 6 128 3 207003 7 12510 711 5
17 282 1070 16 3 1264 13 77180 3 21192 4859 7 3 711 392 3 5310 7 4135 1470 5
54480 27964 384 3 7 9 21192 4859 538 6951 1046 4538 10 32 140746 4230 5
77250 23763 27708 16 57 133 31660 5
124913 3908 3 19547 871 19 14027 4209 2104 83735 424 21 10498 5
17 221 7 23763 10498 13 3789 10 3 1046 16 226 3 23763 1646 35 15441 33 5
17 15209 35 5547 33 49 4385 7 290 18982 10 3 23763 16 2239 3628 6 3 221 7 23394 694 10 3 21192 4859 5
81 482 4 21192 4859 7 9 711 16 100 9 4859 7 50 797 11036 49 1264 5
458 3 15209 35 5547 33 7 290 18982 16 57 5
3194 18982 36 26 1198 76 3 21192 4859 6 128 3 871 7 21192 424 21 5188 871 10 7732 1442 6854 5
458 4 3 23763 16 1122 9 15441 98236 5547 40056 5
17 7787 7 5479 3 7 21192 4859 4589 17315 884 15 3 23763 5
17 23763 10498 1018 3 20163 7 19547 871 7 9 21192 4859 24 1783 1557 7 317 5
659 1224 3 1046 9 197 7 15441 23763 10498 31 14027 4209 6 1311 3 1081 1046 904 5
1301 5730 1557 7 317 1141 254 297 3 10498 5922 10 3 1046 3136 47 18982 29 3 282 5188 871 5
17 18982 19 3 282 5188 871 61 7 3 676 23763 16 226 3 391 282 827 35 36938 33 5
38396 13 3 18982 61 7 15441 10498 29 324 3 282 5188 827 109 153 3 1652 10498 690 6 398 1537 3 18982 10 32 140746 4230 5
1981 7 317 1141 254 297 3 23763 53 154 3 1627 90 83 18982 142 252 356 333 5188 827 58 3 18982 109 46 317 16 369 9703 8 1046 1287 15 5
17 871 7 3 391 282 827 170 297 3 23763 883 11657 24 43241 49 840 216 44 340 34 39092 5
435 307 61652 70 3 10498 26518 6 9 401 19547 642 7 3 5188 4859 54 47 87 36 26 93 964 3070 10 3 282 5188 871 7 3 4859 5
17 36938 7 3 21171 23763 16 351 21 3 1359 19547 871 7 3 21192 4859 5
1471 629 4102 694 10 46 7816 7787 16 245225 7 317 5
3194 18982 36 27 3 1175 6 2080 3 282 5188 827 13 23 29 252 356 55 285 3 498 43241 109 46 16 226 3 325 282 827 35 179033 33 5
17 179033 16 523 14 523 10498 154 1627 5
208 9 18982 1324 1537 36938 11812 9 1734 827 58 50 179033 4 23 8051 22 50 179033 623 58 132 9 398 5
145 1175 7 16013 8 18865 7 317 1599 3390 70 3 23763 10498 408 6 3 1806 1359 391 7 9 392 21192 4859 5
17 3961 7 3 31660 189 10 970 7 1277 8 51218 7 5204 22 391 5473 15 143 3 10498 1557 317 8 143 1003 43 398 1537 3 3982 642 5
187 16 658 6269 14 3096 3 3961 7 3 31660 995 2332 6 523 23299 7 13991 31660 5
145 1381 2527 57 133 19962 7 23763 1442 226 18982 23763 27708 19 7539 10498 35 33 24 7914 12283 3462 5
35 590 33 5
29 12818 34032 10 3 2911 6684 7 3 31660 1749 4213 5633 7 19547 2770 7 21192 7410 6 159 254 5
77250 23763 27708 19 7539 10498 35 33 16 9 19962 7 3 13991 31660 424 21 124913 35 1824 323 146080 4 3401 33 47 1131 15 23763 1442 125 5479 61 391 5
66 18 2337 1589 24 7914 12283 3462 5
35 590 33 10 678 6 2703 7039 10711 5
17 4102 18 3581 24 3 6347 7 11455 7 9383 320 10 290 7539 18982 137 9 28321 491207 8965 1488 35 80437 33 10978 25 3 9855 6443 5
13751 6 2370 124913 4 23 2527 3 15765 652 5131 2921 10 7914 12283 3462 5
35 590 33 125 18298 3 9383 10498 14 161 43241 44 5714 9 825 4644 6 13 220 14 18298 3 10386 10498 7 7539 10498 5
145 2419 7 13138 1627 7 10498 35023 3 23763 6 432 3 9992 317 10 9 11541 4230 47 14264 13 9383 10498 398 163 4007 4199 10 9067 19 3 47081 10498 5
145 7928 3 23763 6 132 32 1369 421 270 284 10 3 904 6 5576 3 3982 642 180 5551 125 7138 4978 8 28321 63635 7 9383 10498 5
79 28401 1315 16 59 3322 6 72267 3 47081 9383 18982 558 6 9 48 12818 2586 5
355 9 7539 18982 2239 137325 4 3 28401 1315 16 4527 47 7928 3 23763 1262 325 52700 5
17 80437 1488 2939 3 9383 10498 6 436 14 48 3844 2104 904 5
44777 84119 4859 145 4859 14264 13 70 23394 144 4099 496 40 12510 8026 5
17 4859 6008 1141 3 23763 6 26 78580 21 50 9796 8 76561 13 23763 232 6 3 125444 2980 8 1929 3 5607 23763 21 3 3354 5
17 1217 16 4241 13075 19 3 185 7 71488 3323 10 20498 341 5
20498 341 5
377646 3323 14 827 84119 4859 10 8941 10548 5
1092 249 53 100766 798 8 4416 16275 7 290 12911 1092 341 53 14 4114 3082 249 53 70 23394 194 14 1910 8649 45664 1910 8124 45664 10873 5
14990 10498 238 147 3 4644 3915 10 7914 12283 3462 5
35 590 33 4 80 3322 3 216 5018 6 13014 3 7539 10498 10 46 1381 5
79 7539 18982 16 4939 21 9 108 18982 182 19 825 2000 5
134 1384 3 234324 3457 148 57 18982 8 184 95 13 290 182 3497 9 401 271299 22087 5
79 1207 16 74 38020 16 25810 10 21025 3 7539 10498 5
17 4644 2179 24 15901 70 3 10498 10 42645 678 7 40 5188 8 3 1207 18982 16 3467 21 9 74 18982 10 3 7539 18982 110 9168 8 3 1652 67 10498 31 3467 543 15 234324 3457 47 31 408 6 3 13055 18982 10 13 7539 18982 5
145 4644 285 70 537 7539 10498 31 9168 5
17 10498 13 816 10 3 194 31 1013 21 1216 10498 5
931 36 3060 786 61 6 26 282 2338 10498 5
14990 10498 1618 3383 67 346 956 5
17 1325 1364 16 6 1800 9 5018 47 51 474 3 11455 297 9383 10498 10 133 9 152 13 48 3982 1046 904 51 26 12956 5
79 5369 1364 16 13 23 35023 80437 8 28401 884 15 3 7539 10498 110 9168 25 47 80 71 1297 3 773 7 3 31660 5
17 71488 3323 1595 10 20498 459 16323 3 4644 3322 14 1444 7 7539 10498 5
20498 459 5
377646 3323 14 3465 7 7539 10498 10 8941 10873 5
1092 249 53 51352 70 3 10498 10 3 1723 678 7 40 5188 1092 341 53 168704 3 221 7 7539 10498 538 5
1092 459 53 504204 3 197 7 7539 10498 21 55833 197 5
11771 4 1092 503 53 14 4114 3082 249 53 73367 13088 1207 18982 35 33 25 23763 2567 13088 67 8668 10498 6 194 1092 500 53 142410 13 112 7857 6 120 7539 18982 816 21 1216 10498 5
1910 1910 11088 5
151071 8 80437 884 659 1377 325 7139 496 290 7539 18982 4 80 3322 28401 8 80437 884 47 35023 10 7138 325 52700 7 129 191244 4 9 346 30046 7 88899 187739 10 46333 1442 6854 5
17 4644 5534 24 62551 3 4102 7 23462 5
79 7539 18982 16 20 6 26 21171 65 3 234324 3457 148 3 1207 18982 8 3 83 10498 976 23 2742 287 58 3 8515 5
79 28401 1315 16 2828 7302 3 23462 6680 31 943 496 3 7539 18982 5
208 3 827 7 3 9383 18982 441 3 282 5188 871 10 3 7539 18982 16 3380 24 7168 8 83 67 14510 10386 10498 103415 24 83323 8 113462 4 153 3 18982 19 282 5188 7168 97746 486 3 2586 8 10 678 6 2323 83323 8 113462 5
804 3 84 7539 18982 14792 6 3 266 7168 4 76396 8 95627 21 1595 10 98586 249 5
98586 249 5
14333 7 84 7539 18982 538 28401 1315 5
79 28321 491207 18708 35 80437 33 1315 16 1273 486 19 9 28401 1315 6 132 823 13 3 1207 10498 398 10 32 2069 2586 1537 9 3982 642 10 3 1046 904 5
145 23682 3 5633 8 333 5479 7 391 10 3 1046 904 5
17 4644 4589 67 11933 1959 19 32 20922 1092 1646 8 10386 18982 3394 21 4939 10 7914 12283 3462 5
35 590 33 5
1354 7 192 884 31 1273 14 333 5479 7 10 7039 10711 5
17 71488 3323 392 10 20498 503 16323 3 185455 14 1770 61 28401 8 80437 884 5
20498 503 5
377646 3323 14 1770 61 28401 8 80437 7518 5
1092 249 53 14 4114 3082 249 53 73367 151071 7518 1092 341 53 132080 234324 3457 148 50 1207 18982 8 3 67 1652 10498 21 3995 1092 459 53 92 194 92 80437 7518 1092 503 53 14 290 72539 10498 83 58 1207 18982 10 13 51542 1092 500 53 92 16 333 58 153 194 92 194 287989 35 1092 33 1092 708 53 19346 10386 8 1207 18982 10 211736 51542 194 287989 35 1092 249 33 1910 353466 7539 77250 1910 16 18982 10 211736 51542 109 16 4669 35 3353 33 827 3455 54 3 80437 1315 5
1910 16 3033 8515 3457 1910 16 100105 17299 36349 154 80437 1315 1910 16 6951 221 1910 16 59 9 6951 221 1910 129708 77250 19 282 5188 10 211736 51542 6769 5
62191 7 14 48480 21192 7410 17 4567 9075 7 3 31660
17 31660 2899 19 6951 7 3 23763 8 50 2007 28321 8 1002 10 32 140746 4230 285 3 14152 38020 16 943 5
3194 43241 4589 5479 7 3 897 282 14 290 10386 18982 4 3 391 282 18982 4 1444 7 7539 10498 4 28401 1315 4 80437 1488 1315 8 18298 3 23763 14 161 43241 5
332 3 194 7 290 43241 3 827 7 290 3353 18982 16 5291 6 1377 13 23 3443 496 50 125444 8026 538 3 4859 827 84119 2994 10 8941 10548 5
8992 3 31660 8144 22 9 401 19547 2104 7 3 5188 4859 47 80 31 464 6 25450 5
16816 46 31660 71 26 220 6 4764 3 19547 1866 49 282 6904 7 70 3 1470 12510 6 40 331 123 7410 5
622 20071 7 3 31660 16 2209 10 3 916 7 71488 3323 392 10 20498 500 5
20498 500 5
377646 3323 14 1308 4644 14 31660 5
1092 249 53 100766 70 3 19393 105 23763 1646 35 15441 33 4 35052 2059 35 19966 33 4 12749 225419 35 4 33 4 8965 1092 1646 35 33 4 3235 8 3033 2770 7 9616 1092 1646 8 14152 6680 35 5132 33 21 3235 221 7 61652 5
1092 341 53 206671 504204 3 23763 4 2007 28321 8 7562 5188 8 8612 8 434455 7 23763 5
1092 459 53 93993 3 14027 23763 538 827 84119 4859 1092 503 53 631 35 106443 6680 16 34 943 33 504204 43241 4444 2778 14 290 18982 8612 498 5188 92 35 498 5188 16 333 58 325 282 5188 33 153 4219 325 282 5188 7 498 18982 194 92 194 14 1092 500 53 188396 70 3 537 7539 10498 8 1216 10498 538 4644 3314 124 10 3465 7 7539 10498 4859 1092 708 53 46974 28401 8 80437 1315 15 290 7539 18982 1092 700 53 14 290 7539 18982 13012 3 10386 18982 2778 73674 10386 18982 8 3 1652 21 9383 10498 2778 19346 28321 8 827 7 3 10386 18982 7 290 7539 18982 8 1216 10498 538 67 89616 1298 2778 132080 3 3457 918 24 10386 18982 54 4219 8 398 3 67 9383 10498 24 3 216 1058 10 290 15209 5
2778 93993 3 3353 2371 7 10498 538 84119 4859 5
194 14 10 1092 700 1092 704 53 19346 8 434455 19346 43241 4444 194 125 35 10 1092 503 33 1910 35 9575 33 16 325 282 827 7 290 18982 10 3 23763 55 6 43241 1910 434455 35 9575 33 16 3 391 282 827 1081 23763 55 6 43241 1910 35 9575 33 16 498 827 7 9 23763 18982 10 43241 1910 4 31 6951 1051 11125 5
64835 18751 482 2680 87 31 117 1225 6 1213 18751 11952 4 80 27 3322 9 1936 4859 5018 6 4417 192 544 10 147171 5
17 74 1033 16 6 112 19 3 55673 694 10 7470 8 18298 3 2506 10 129 13991 31660 4 47 142 34 10792 286 10 995 9 16079 23763 10 329 43241 5
17 169 1033 29 6 112 19 3 3279 19 47 3 1936 4859 1217 10834 1812 12453 5
79 1936 4859 16 9168 24 55531 290 37863 19 32 12362 528 221 10 5084 6 50 5728 8 105295 70 138 1936 2770 21 57 4859 5
1301 46 1936 4859 36 26 89782 6 3 1494 6905 4859 21 9 2366 1102 5
238 129 31660 3804 6 25643 8 1297 3 21192 4859 10 329 43241 46 10097 6905 4859 14264 2807 10 5728 7 70 3 12453 10 268 61652 4 21 5728 7 120 37863 842 9 2366 1102 10 3 21192 4859 5
145 7928 286 6 194 55 19 9 16079 2104 54 3292 221 7 61652 446 1936 4859 871 3809 6 4568 463 6 11065 2807 10 5728 5
659 1128 3 1046 904 8 1377 3254 23462 3 4787 12453 14 1570 23394 31 5487 538 3 827 84119 4859 623 58 3 1936 4859 5
458 4 3060 46 754 9 530 2785 14 129 1506 6 462 3 282 1070 1264 7 290 711 22 329 967 24 15589 70 3 12453 1752 276 120 454 1164 5
2625 6599 10 21025 1936 7410 31 4939 10 35 744 33 5
5602 46 5533 80 16815 3 5093 11624 19 3510 70 5066 7 12453 13 4447 10 3 565 5
16816 10 147171 4 80 1752 3331 3 266 13 31 16079 19 2201 6 70 3 12453 13 37068 3 904 8 3331 3 1272 207003 5
16816 1936 4859 1217 16 3322 6 4417 18751 11952 4 47 16 9 4759 3225 7 614 2651 200 5
126073 2376 8 19547 96734 1994 238 80 31 538 32 13991 191244 4 23 16 1622 6 436 14 3 3206 9937 7 3 1112 19393 13 14840 3 3961 7 3 31660 10 1913 3 333 19547 2506 19 287 10119 10 66413 5
17 2409 19393 694 10 129 31660 13 142 2498 3 5770 2763 7 3 31660 31 35052 2059 35 19966 33 4 12749 225419 35 4 33 4 23138 96734 220 10 80437 1315 35 33 4 9616 19393 35 4 33 4 8 3 8515 234324 3457 2123 35 33 694 10 3 28401 1315 5
66 16 13750 6 4002 19547 9937 7 3 19393 4 47 7702 25 983 6 983 5
238 80 293 19 14221 11952 4 192 96734 9937 71 34 26 4216 21 110 16023 3 282 5
16816 10 1654 19 12538 3 223 3695 2520 4 80 1379 3 19547 628 197 7 3 996 3915 19393 3455 24 5750 306 3629 1002 14 290 28579 946 13 16 1109 6 3001 3 11952 25710 996 5
7597 96734 9937 31 3322 25 3 7951 2682 19 3 3184 8365 2209 10 7914 12283 3462 5
35 590 33 5
134 132 32 9892 13 80 31 587 6117 6117 22 3 19547 96734 1994 3364 3 644 13 23 35023 3 124913 23299 6 7380 9 14234 1046 1537 391 58 325 5
145 142 59 14985 3 644 13 1046 142 2917 9 333 19547 2104 47 16 9184 24 3 23138 884 3322 10 129 191244 5
17 533 96734 13 18020 3 3961 7 3 31660 10 523 11952 16 3 5964 6680 6 26 4723 125 16192 61 3 19547 266 14 21672 61 290 207003 5
145 16 14996 10 67 1225 4 74 57 110 7568 3 221 7 61652 13 31660 1002 8 3 83 16 24 9 8515 38326 3457 1281 47 3 31660 340 34 1046 5
214 8515 3457 5473 15 3 8958 10 3 1277 7 2506 666 8 59 15 3 1079 7 5188 2770 5
2569 80 4723 3 74 57 24 10472 3 55620 3235 221 7 61652 35 5132 33 21 577 47 16 14580 25 3 306 3629 8365 15 290 5662 5
81 644 1164 144 26 747 322 65 80 252 356 9 1812 983 92 23 2818 48 61652 58 10 3 267 7 18751 27708 5
20498 708 842 6943 1079 7 19393 22 47 129 960 9584 27 45 10455 5
20498 708 5
80264 96734 9937 7 6 4855 3 960 9584 5
394789 7799 15441 5132 27684 10355 6909 59133 708 341 459 27063 575 577 1910 15441 16 221 7 23763 10498 4723 14 1046 290 89 5
1910 47561 19393 31 21 4939 10 8941 11543 5
20498 700 5
9358 30445 170 538 147171 10 960 5662 4939 10 8941 13000 35 90977 796 8 470 33 5
3082 35 387201 4 197809 33 34411 35 33 52427 17245 35 9788 33 109965 17299 35 9756 33 387201 341 8642 35 6494 4 320137 33 9358 30445 4681 720 711 249 711 341
81 46 2124 80 1379 307 4 1576 1812 4 28579 6200 12510 6 3 2520 2209 10 58486 5
17 2506 3455 137 147171 31 677 19 138 2347 25 32 19816 1217 6 240 3 53562 4 3279 8 3961 7 147171 10 41565 3 9358 30445 4 141 10 482 19 272 926 7 10119 5
90977 796 8 470 208 80 1384 9 70575 267 10 47 27728 43655 796 4859 7 290 711 21 8 470 4859 21 4939 10 8941 8334 19 3 19393 21 153 3 21192 7410 7 189 1470 343 17 996 628 31 16277 25 3 628 3876 6 10 35 175648 4 274 33 5
11391 14 175648 12 565 12099 31 2209 10 20498 700 8 3 7 189 1470 8 31179 16 1595 10 98586 341 5
17 2367 14 282 1264 7 70 3 1470 2209 10 70 3 4831 6160 2209 1411 8941 500 31 3 221 7 2367 7 797 10771 6 26 1601 24 3 12510 711 5
10 70 6160 2209 1411 8941 500 6154 2007 9358 30445 170 10 1773 1079 1046 10 147171 5
98586 341 5
3487 1070 7410 8 12510 31179 14 565 4939 10 8941 13000 35 27728 796 8 470 33 5
16816 25 3 996 522 80 71 10992 13 3 3703 3768 13 80 128 137 147171 16 22946 22 287 58 27063 147 258 5
14510 27728 796 81 46 2124 4 80 1379 28579 6200 12510 6 290 5662 2994 10 8941 7013 5
17 74 5662 9965 6 46279 43655 796 4859 35 1319 4 1422 33 5
66 6409 9 70575 983 446 21192 7410 31 7 3 3497 1595 10 446326 35 704 33 19 3 19393 5
17 21192 4859 7 290 711 2742 17 2104 14 46 983 16 2209 10 20498 704 8 98586 459 5
20498 704 5
9358 30445 170 538 147171 10 3 960 5662 4939 10 8941 12099 35 14510 27728 796 53 46279 33 5
3082 35 33 34411 35 33 52427 17245 35 9788 33 109965 17299 35 9756 33 459 7257 35 6494 4 33 9358 30445 4681 720 711 249 711 341
98586 459 5
3487 1070 7410 8 12510 31179 14 565 4939 10 8941 12099 35 103860 796 53 46279 33 5
14510 27728 796 8 103860 470 7410 81 46 267 4 9 983 29 45 351 55 10 47 189 43655 796 4859 8 470 7410 441 103860 75760 5
81 46 1065 80 581 9 28579 15345 14 3 1506 13 16 110 962 10 8941 7170 10 47 3 796 7410 1141 9 55853 2129 19 2201 6 11036 5
145 508 946 16 3322 25 35 1319 4 1422 33 4 243627 4859 7 12510 711 21 1595 1298 20498 782 8 98586 503 240 3 46333 522 14 3 996 5662 5
134 27 2209 48 6452 522 58 1319 35 1422 33 16007 3 523 19547 6904 170 24 10 147171 47 31 220 10 8306 7 290 711 10 20498 782 5
20498 782 5
9358 30445 170 538 147171 486 19 282 6904 220 10 8306 7 1470 10 960 5662 4939 10 8941 12604 35 14510 27728 470 8 103860 796 53 55853 33 5
58508 35 4 33 4 35 4 33 4 35 4 33 56012 34411 35 33 52427 1079 35 9788 33 109965 1092 35 9756 33 249 8642 35 6494 4 33 39780 1046 10 3 52427 12261 6908 221 207003 7 711 249 207003 7 711 341 3487 16109 7 711 249 16109 7 711 341 16109 7 711 249 3487 16109 7 711 341 249 6494 6494 341 459 503 500 708 700 704 782 183 407 403 698 685 409 697 800 630 947 302 9358 30445 4681 720 711 249 711 341
341 459 98586 503 5
3487 1070 7410 8 12510 31179 14 565 4939 10 8941 12604 35 103860 470 8 103860 796 53 55853 33 5
1471 103860 4482 5662 441 2489 9358 558450 2096 532339 21192 7410 35 156352 12283 32330 4 359 33 16 2209 5
17 7562 21192 7410 14 13 70575 5662 31 21 1595 1298 98586 500 8 20498 183 240 3 522 7 13 4482 5662 13239 70 3 537 2489 558450 5
145 946 4784 3 13343 7 3 147171 31660 8 50 1175 6 2769 2506 6 1812 482 11995 5
20498 183 5
9358 558450 10 267 7 4482 565 4939 10 8941 12604 35 81 18648 17245 12231 33 5
21847 9358 30445 10 267 7 532339 1234 7410 2567 720 5
711 249 16109 35 98236 62439 33 711 341 16109 35 98236 62439 33 249 34374 341 34374 459 34374 43117 503 34374 39964 500 34374 34374 708 34374 35421 700 39964 704 39964 34374 782 39964 39964 183 39964 43117 407 39964 403 39964 698 43117 685 43117 34374 409 43117 39964 697 43117 43117 800 43117 630 43117 947 35454 302 34374 1004 39964 985 43117 1135 889 605 1239 1173 43117 1227 39964 1403 34374 306 35956 12116 5
210793 7410 53 797 8 1923 81 46 267 4 9 18751 5662 29 45 1109 19 27728 21192 7410 1441 6 12453 13 8114 3 11036 7 797 24 290 711 8 1923 4550 926 5
17 12453 63572 6 3 797 27411 7 1470 8 1923 3080 13 8114 12469 7 18264 24 189 1470 5
17 1923 4550 12453 31 21 962 10 8941 7259 5
14050 123 7410 7 1570 711 53 35103 6 53 11391 14 3 996 27 45 2209 10 108 4290 19 2201 6 12453 5
17 74 967 1900 19 3 1102 7 797 2168 12453 4 3 169 967 1900 19 1102 7 4550 12453 8 3 73 967 1900 19 3 2164 1102 15 31179 5
11665 708 4 700 8 704 8 65588 407 4 403 8 698 240 3 522 10 9149 7 4290 5
98586 500 5
9358 558450 10 267 7 4482 565 4939 10 8941 12604 35 21847 558450 33 5
98586 708 5
3487 1070 7410 8 12510 31179 14 565 4939 10 8941 12116 35 12937 12453 33 5
98586 700 5
3487 1070 7410 8 12510 31179 14 565 4939 10 8941 12116 35 38974 12453 33 5
98586 704 5
3487 1070 7410 8 12510 31179 14 565 4939 10 8941 12116 35 12937 8 4550 12453 33 5
20498 407 5
9358 30445 170 538 147171 10 960 5662 4939 10 8941 12116 35 12937 12453 33 5
3082 35 33 34411 35 33 52427 1079 35 9788 33 109965 1092 35 9756 33 341 7853 35 6494 4 33 9358 30445 4681 720 711 249 711 341
20498 403 5
9358 30445 170 538 147171 10 960 5662 4939 10 8941 12116 35 38974 12453 33 5
3082 35 33 34411 35 33 52427 1079 35 9788 33 109965 1092 35 9756 33 341 7257 35 6494 4 33 9358 30445 4681 720 711 249 711 341
20498 698 5
9358 30445 170 538 147171 10 18751 960 5662 4939 10 8941 12116 35 12937 8 4550 12453 33 5
3082 35 33 34411 35 33 52427 1079 35 9788 33 109965 1092 35 9756 33 341 5853 35 6494 4 33 9358 30445 4681 720 711 249 711 341
1471 18751 5662 71 26 1148 24 2016 3 108140 21192 7410 14 290 711 1441 6 3 197 7 12453 392 996 5
12097 3 21192 7410 19 55853 796 4859 8 3 395088 470 4859 2209 10 8941 7170 1441 6 3 12453 2209 996 5
98586 782 842 3 522 7 46 18751 103860 5662 5
134 71 10992 13 87 16 9 72021 2435 10 3 9358 30445 65 80 398 25 3 87625 5662 2994 10 8941 12604 6 3 498 18751 5662 5
21847 558450 112 34 4447 10 3 18751 5662 677 6 3 87625 5662 5
81 98586 782 4 249 8 341 3001 3 282 1070 7410 10 3 18751 5662 8 8 3001 3 282 1070 23070 14 3 87625 5662 5
37387 350259 6154 3 9358 30445 10 3 87625 5662 109 37387 8258 6154 3 9358 30445 10 3 18751 5662 5
98586 782 5
5045 10 9358 30445 25 87625 108140 223 6 18751 108140 223 21 2209 10 8941 12116 5
79 4631 7 3 996 1665 29 45 115 19 5551 2506 3455 137 1510 19816 1217 8 192 31 2209 10 20498 685 5
12081 14 11952 249 8 341 4 23 16 841 6 384 19816 2506 14 3 1652 11952 5
16816 93 4631 86 26 617 14 138 11952 5
81 644 46 842 3 871 7 3 1273 147171 21 23 71 3383 276 5093 4093 11952 13 71 34 26 10455 538 32 19816 1217 5
20498 685 5
249806 7 522 7 70 46333 8365 10455 538 147171 8 1510 19816 1217 5
76912 81880 10 8941 9358 30445 35 7074 72 306 3524 33 202 499202 9897 2897 7 66413 35 72 306 3524 10 549 33 6832 147171 6832 19816 1217 18592 249 249 12099 4636 630 533189 450081 341 12604 3918 3918 399436 459 12116 503 8566 500 8566 708 8566 700 8566 11346 53 3 5167 69 6154 13 9 2104 71 34 26 170 538 1510 19816 1217 5
145 1381 220 32 13991 75785 1217 6 2258 3 9358 30445 14 5771 7 500931 1223 2096 4 12453 8 33770 7410 5
145 16 9 3093 152 7 9409 3 9358 30445 8 9 3093 2673 7 18982 23763 27708 5
17 1506 18 24637 24 9901 3 522 170 538 3 7539 18982 23763 1217 6 522 2118 140082 14 9 2726 7 523 745 5
46350 916 19816 2506 658 71 26 170 97 14 1784 1223 544 14644 14 2086 1906 4 1618 27728 4 16292 5
17 326 7 3 7539 18982 23763 1217 16 13 2506 14 3 9358 30445 71 26 170 14 1812 103860 5771 5
34417 7 103860 2651 5771 19546 10 3 521 131 4 14 946 114 43655 796 7410 31 89287 623 58 27728 4 114 711 569 5441 3160 49 490754 7 2430 4 49 114 797 2168 16 18751 49 27394 10 33770 6577 5
79 16018 7 46 601 16 13 147171 29 45 2870 538 9 1574 221 7 745 8 9358 558450 2118 97 14 6835 5310 5
6876 601 162 142 26 1303 61 6 2975 3 2726 7 745 5422 4 6 1384 48 7025 2651 5771 4 8 6 2258 9358 30445 10 3196 5310 5