2978 15451 16 9 2887 1364 10 3 165 246 5
20042 46 1364 16 9 344 733 7 117 9175 2508 150 514 495 5
26858 3 5681 7 4334 16 9992 65 6330 3 796 10 325 2126 4 907 65 40 2137 2818 514 419 1725 1276 5
411763 4772 133 21 8929 4 658 4 112 34 581 317 10 11084 6 96 1822 31 558 5
145 71 15498 969 6291 891 5615 8 899 6647 3977 569 5
145 601 34298 179 60029 4309 543 15 40 1175 6 2882 514 5681 22 8929 150 3 2489 9419 7732 32542 992 4 2489 27728 56018 4 8 67 27563 2082 14 3 596 2137 1058 5
6832 9 33498 7 3 2530 628 1252 24 3 2978 564 7 1721 8 2885 362 1651 35 33 4 3 179 60029 4309 31 12354 10 970 7 40 1175 6 2882 2137 3318 10 3 161 1330 566 5
4876 470 2082 31 153 7154 538 7433 115 538 290 60029 5018 8 677 6 138 7154 538 3 2755 3977 569 5
11391 1919 13 3 523106 2520 581 3 282 129854 14 290 514 2125 8 581 2211 100410 14 3977 470 58 83 60029 4309 5
2978 495 4697 4 1392 4 8 8149 514 5804 24 325 1044 35 79022 5
514 4 514 12998 4 8 8929 33 8 668 2041 2508 5
931 5748 31 9490 4 7545 4 8 1599 9883 6 8326 1656 5
17 8326 1656 4 10 786 4 8149 3 1822 13 43 1271 6 2113 8 920 7542 514 15451 5
1700 43211 5615 4 518 10 1691 30771 394 6 3 1656 4 8 13569 1217 6 100857 6953 132 514 495 32 4153 9175 635 6 40573 4772 5
40265 31 57 7 3 40573 7194 1543 14 514 495 5
19607 13 31 4209 25 8929 539 514 1822 13 31 28796 483 14 1678 1809 4 134521 10 325 553 5
34417 7 192 24724 514 1822 539 19706 19505 2241 4 12622 4548 4 8 112384 1822 6511 534721 1005 24 4464 5
17 7194 7 192 1822 16 189 78590 8 5238 106 40 8193 51 2631 26 1725 24 3 5831 4386 3887 5
2978 495 2639 192 1822 4 21 3049 1255 2980 3 1058 7 514 13 71 26 4580 10 325 553 5
364 7 3 8681 6 13797 514 419 884 16 3 4046 10 558 1605 5
2978 495 383 132 7386 22 8929 19 93 5039 21 6 289 13228 514 1822 31 558 4 8 92 95 4 143 146 5
4749 3848 20901 1605 7026 4 4880 35 79022 5
8929 33 27 9 523 6905 58 40 17926 8503 35 79022 5
514 495 4 8326 1656 4 8 6953 1218 33 5
631 2274 10 14513 3 514 22164 4 192 4772 31 10 224 6 132 9 1234 5
145 1234 16 5054 24 1423 514 1822 623 58 15768 91 5
10526 4 8929 3054 8829 34 6 432 317 3136 1247 5681 106 23 16 883 841 6 1877 8 35 274 33 49 1206 7881 5
4109 441 2505 7 96 1822 31 558 14 2137 22 523 1705 4 3 2463 6 47 514 495 71 132 13900 3977 10494 16 1574 5
17 733 7 46 601 16 6 2705 32 60029 5018 13 16 4116 65 21853 3 3318 7 523 59847 514 3351 558 14 2137 22 9 5831 4386 5
145 10316 3 162 7 26877 8 2369 35 2560 33 6 1213 9584 114 87 16 93 317 2457 148 5831 5982 8 3 1764 514 495 5
238 14644 10 3 16812 777 4 81392 514 5681 16 4093 106 35 249 33 87 16 93 17682 89 12634 148 514 7386 109 35 341 33 3 5681 7 6936 514 22 5831 5982 16 6325 1918 1247 348 4 2634 1877 8958 4 8 4334 392 6 83 9175 2508 109 8 35 459 33 514 16 64418 8 383 26 3883 103 8193 5
4036 3 14130 2442 19 2137 10291 8 514 5681 4 60029 4309 383 27 3 1175 6 79117 96 16 597 10 9 2190 2137 715 5
12502 4 2505 4089 8 12391 2953 2854 6599 31 220 6 4764 514 5681 5
81 1654 4 179777 32542 992 35 523106 33 2520 31 1273 6 2258 3 3318 7 514 558 14 9 2190 2137 715 5
17 2520 12874 317 1547 6 3 59233 10777 7 9 2137 715 4 3 229 17288 7 2126 1342 4 8 271 5257 1866 115 24 3 514 419 5
17 523106 2520 31 677 6 1510 60029 4309 47 31 34 543 15 9 6158 89 1092 5
18027 4 80 1384 2489 27728 245747 4 3 1308 596 2137 1058 597 25 9 5831 4386 4 8 3 1308 596 2137 1058 597 25 9 5831 4386 65 3883 24 2849 25 9 2190 8818 9926 19 3 1764 514 419 5
17 522 7 9 46333 542 240 13 523106 2520 31 48 1783 58 3 1510 11249 4309 22 3631 14 1605 4046 5
17 522 59 240 13 3 2069 4048 321 6 333 2082 14 3977 569 5
17 8254 7 46 6901 16 4393 21 3177 5
8941 341 1708 9 1165 7 6854 1547 6 3 11249 565 5
8941 459 1708 9 6652 14 514 2137 993 8 1708 9 2941 6652 14 290 11249 5018 5
8941 503 1708 9 3297 6652 14 3 523106 1506 3394 650 5
8941 500 6274 9 267 542 6227 538 2530 628 25 9 514 419 10 3 10786 642 7 3 165 246 5
8941 708 9670 3 179 60029 4309 543 15 189 10900 3768 8 3 10076 7 538 290 5018 6 3035 514 7386 5
8941 700 15682 15978 11598 13 31 3058 25 3 522 5
8941 704 61685 3 629 2334 7 46 601 8 16502 2322 14 426 601 16393 5
79690 7 514 15451 27 45 4605 10 6854 5
45292 4400 539 514 1277 8 514 419 5462 35 323 130026 4 744 109 323 4 2391 33 4 6953 2062 35 10549 323 4 911 109 323 5417 4 2076 109 12283 32330 4 7560 109 6326 4 280 33 5
58804 601 47 16502 5310 6 29231 514 15451 16 48 1574 5
45292 4605 539 281791 4 514 2137 8 3201 35 204896 4 4 5003 4 323 50866 4 6559 109 4 4 323 140462 4 2560 109 217266 4 3290 4 323 4 590 109 65463 4 4 323 489246 4 274 33 5
4488 4 4 8 202399 35 2076 33 3030 9 11427 542 6 1919 143 3 596 1605 1058 4209 25 7010 1543 16 4783 6 8922 796 5
631 87 16 4900 601 13 16 4279 6 11249 8982 7194 35 196 171463 5
4 4 4 323 4 590 109 1604 323 24087 4 2076 109 3651 4 8716 33 8 5128 4334 35 196 171463 5
115695 323 6456 4 5981 109 86147 4 590 33 265 1296 27 4605 3 1236 7 81392 59847 514 4334 5
16964 4 2369 4 4693 4 8 3653 35 6833 33 542 3 2530 7194 10419 3455 24 3 2978 564 7 1721 8 2885 362 1651 35 33 538 523 628 4242 8 43971 4538 5
17 1296 2705 3 337 10 7194 5897 4 8 30174 4772 543 15 3 221 7 400 43 4569 514 1822 5
1700 522 4459 32 474 10 676 2864 7194 10419 5
17 522 59 240 13 104 7173 4772 132 98796 4117 4 8417 4619 4772 132 40573 4117 5
2369 4 16964 4 2223 4 8 3767 35 6833 33 8 2369 4 16964 4 8 3653 35 6833 33 1379 11427 2520 14 21853 3 596 1058 7 514 1605 597 25 2864 25 523 7194 1543 5
17 867 7 538 628 4242 14 1330 5060 16 34 84 5
81 644 23 29 45 25810 10 9 221 7 2333 150 3685 1746 35 29523 323 6794 4 1095 109 29523 4 15152 4 323 4 502 33 8 797 8 4518 13797 35 4 1320 4 323 4 2773 109 58476 323 7914 4 744 33 5
631 87 16 312 162 845 10 3 5114 7 59847 4334 11249 4 87 16 4900 162 845 13 16 4279 6 796 11249 5
79 7553 1165 7 308 162 6330 796 11249 16 1252 5
273 9 3592 1165 7 796 11249 4309 4 3 7067 16 3876 6 10141 4 4 8 5707 35 2804 33 5
8 35 274 33 1213 3 2235 2442 19 6331 514 4880 21853 796 14 514 1822 888 5
145 565 5208 10 40 777 16 825 6 46 601 10 13 3 36680 3115 35 79022 5
1247 348 33 16 6085 21 1768 24 90 4000 5114 35 79022 5
1214 8684 4 6662 4 2108 4 4703 5 33 5
17 565 16 6252 24 3 236 14 514 4880 6 1297 11249 1175 5
17 1296 12874 12516 2854 6599 6 4764 1247 348 5
17 12516 1506 20178 348 14 523 1247 3351 4 271 1582 912 4 8 309 5094 21 29132 14 21853 426 796 5
4 4 8 280619 35 274 33 34298 11249 4309 13 31 3206 14 729 19 25046 796 5
2758 4048 31 220 65 87 142 26 241 4736 65 1822 31 34 3464 979 24 4736 65 796 16 8843 5
81 40 777 4 43 6786 523106 2520 4 1906 46279 42146 8 3 42146 129854 7 301423 35 7155 33 8 8 52946 35 744 33 5
4 7160 4 8 107074 35 280 33 34298 523 4048 65 9409 1739 796 14 366 5937 5
81 40 777 4 3 1324 596 4 46279 42146 4 46279 42146 19 2826 4 270 60401 245747 4 8 523106 2520 31 677 5
70189 4309 31 59 25810 6 5548 796 14 1574 1714 150 509 35 468787 4 274 109 84416 4 4 323 77079 4 280 109 4 55109 4 422642 4 323 4 359 33 4 536 3568 10 1979 35 438022 323 287189 4 280 33 4 8 536 3568 24 2126 35 8 41174 4 280 109 35890 8 101479 4 502 109 6794 323 28410 4 280 33 5
659 129 2505 4 97 26877 8 2369 35 2560 33 1384 3 236 6 21238 148 514 10771 597 25 4772 543 15 59233 10777 7 3 2137 715 5
17 1296 8850 3 231 7 511151 32542 2642 47 9346 3 6652 7 3 5
17 1506 16 220 6 26920 3 3318 7 523 514 3351 558 14 2137 8500 13 514 495 6 259 19 10312 47 514 3351 31 558 14 2137 5
79 837 32542 992 1506 16 3467 6 1506 3 1322 148 3 59233 10777 7 514 2137 993 8 3 1058 7 514 597 25 3 5831 5
17 628 220 10 46 777 3250 2137 8599 4 3 229 17288 7 5831 834 4 8 5257 1866 115 2543 6 3 2137 715 5
17 3467 32542 992 16 677 6 9 2489 27728 56018 1506 538 628 6620 5831 10419 3883 24 5
11391 240 13 3 32542 992 1708 5944 2082 14 514 2137 8 16 19828 48 1783 22 21853 514 5681 58 3 56018 1506 5
17 565 2209 10 46 542 16 57 114 514 495 383 26 488 6 2882 143 146 7 290 59847 514 2125 16 558 14 2137 15 2190 2137 222 5
3194 7 3 25646 11249 4309 16 1574 14 46 565 5
17 4216 565 16 57 114 4446 796 11249 544 4 89 507 4309 31 34 3206 4 21 271 8 426 514 7386 142 34 27 77503 20587 7 89 148 7386 5
355 4232 6 3035 1276 14 514 2137 4 23 16 1622 6 1101 15 3 4212 1058 7 514 597 137 32 5325 2137 715 5
81 1243 4 2369 4 16964 4 2223 4 12283 3462 5
35 6833 33 8 2369 12283 3462 5
35 6833 33 371 90 2882 14 96 71 26 597 25 523 4772 109 658 4 2082 31 1574 6 3 596 2864 2137 1058 5
34910 4 3 4413 7 26877 8 2369 35 2560 33 16 1574 6 5771 114 3 3351 7 514 13 5831 5982 27 112833 16 424 5
145 16 1848 3 267 14 117 1443 106 87 16 93 11422 7787 13 2228 514 495 6 259 19 10312 47 1822 36 26 558 14 2137 1918 3770 5
145 542 9670 179 11249 4309 13 142 26 25810 6 2882 3 1058 7 523 59847 514 3351 558 14 2137 5
931 11249 4309 31 35 249 33 3 1308 596 1058 597 25 9 5831 4386 35 27535 9897 33 4 35 341 33 3 1308 596 1058 597 24 9 2190 8818 25 9 5831 4386 35 9897 33 4 35 459 33 3 2655 1058 597 24 9 1764 514 419 21 2118 538 2489 27728 245747 35 200810 33 4 8 35 503 33 3 2655 1058 597 24 9 1764 514 419 21 2118 24 3 3467 523106 2520 5
17 74 67 11249 4309 31 543 9696 15 3 5748 597 25 271 7386 5
200810 8 523106 2520 31 543 15 9 221 7 288241 10777 5
715 1547 10777 1109 31 59233 284 10777 4 3 229 17288 7 5831 834 4 8 271 5257 1866 115 24 3 514 419 5
766 179 60029 4309 31 12354 6 2258 47 16 104 3206 6 2882 3 1058 7 514 558 10 3 161 1330 566 5
631 363 7736 4 3 200810 8 523106 2520 31 12354 6 2258 289 43 2705 3 284 21 21431 49 294303 5
5898 14359 13 10 1687 11537 4 87 16 93 337 10 3 1308 10076 7 284 29132 5
81 7488 6 46 565 4 284 51 26 9603 24 129854 4309 2209 10 46 601 3747 825 7736 10 523 1330 4736 5
355 1443 31 294303 4 23 2048 13 2520 31 48 1574 10 40 10900 10612 5
268900 4 3 11040 7 192 2520 17094 65 220 14 426 7433 5
117624 17 284 10777 14745 514 2137 993 31 21 3177 5
23141 1752 694 539 5831 3459 8 1764 514 419 11606 5
39425 5982 3855 28796 4 483 134521 59847 514 1822 15 9 16706 1625 21 9 665 7 2443 7036 1866 5
66 16 5892 13 834 71 26 48015 6 3 2035 10 47 43 22080 5
5065 317 3136 3 1058 7 514 4209 16706 2305 3 676 1058 112833 16 2457 19 3 1764 514 419 5
2978 1822 4209 816 112833 285 883 9 9175 635 15974 91 49 43 31 19985 5
631 3 514 8193 168 14 5831 5982 16 34 424 4 23 16 5892 13 70 5748 13 816 57496 54 700 222 31 19985 5
79 1764 514 419 7121 45042 514 1822 137 18447 7386 2828 24 2849 22 57 7 50 8404 18822 5
3194 8818 6866 50 209 33744 1276 8 1564 317 3136 290 2137 5
931 1564 4459 3 1294 7 514 2137 4 3 5831 4386 114 514 16 3883 4 96 514 16 597 4 8 47 8818 15974 3 514 5
66 16 5892 13 18822 650 70 5748 15 3 168 43 31 3883 4 48975 290 21 9 2190 514 2125 5
11772 1715 14 514 7386 4722 2543 6 3 353 7 3 1219 122 5
252980 8 8593 17 6325 12911 35 116842 33 10 46 284 16 3 1058 7 9 1654 59847 514 2125 13 16 558 14 14494 22 9 1654 5831 5
145 1058 16 3380 24 3 1043 5
4130 23394 35 11986 33 1109 10 46 542 31 6401 21 7237 35 249 33 3 59233 10777 7 9 2137 715 4 35 341 33 3 229 17288 7 2572 5831 834 4 49 35 459 33 271 5257 1866 5
59233 10777 581 3456 317 3136 3 6737 5831 4386 4 3 2126 47 46 4386 3880 4 514 419 8818 47 7121 4386 4334 4 8 65 4334 31 597 5
59233 284 10777 848 10 46 542 539 3 122 7 3 6550 64 35 33 4 19683 35 155043 33 4 6737 5831 4386 35 27535 33 4 2513 514 419 8818 35 28467 33 4 8 3 21813 3323 35 21813 33 5
252980 3467 6 3250 229 17288 539 3 3188 3777 773 35 33 4 3 1214 5022 1291 35 33 4 8 1663 35 33 5
16 9 1415 7 3 7036 326 7 2126 10 9 164 5
238 3 7036 326 2238 4 23 16 230 13 1163 51 26 48 338 6 2120 48 1392 1822 5
1708 32 5039 14 143 2113 10 3 164 756 52 3 1308 229 244 7 3 310 5
17 3490 16 5559 9665 15 2864 1625 5
581 9 1415 14 3 2156 7 5831 834 33788 10 3 164 13 31 1001 5889 5
66 16 230 13 7036 326 49 1493 10 3 2362 7 3 310 189 2498 5831 348 5
15479 3467 14 46 542 31 6252 24 601 47 6154 13 5831 348 31 1768 24 2262 4736 7 1663 49 2887 942 35 323 19486 4 2076 33 5
15970 5257 1866 31 4669 24 7995 3 417680 4 10291 4 8 871 304 24 834 5
39937 7 192 23394 16 543 15 3 969 7 538 825 23394 14 1821 1971 35 196 171463 5
52441 323 4 359 109 140544 4 230448 4 323 79701 4 280 33 8 224 891 35 196 171463 5
6793 4 107192 4 323 1604 4 274 33 5
4036 3 1028 7 538 192 2193 10 13 5114 4 2530 7194 1564 31 15261 6 5124 3 417680 4 10291 4 8 871 7 5831 4772 5559 25 2543 4334 5
145 14555 16 2236 19 2201 6 189 1308 10419 24 3 1764 514 419 8 138 3883 24 3 2513 8818 5
417680 17 417680 7 271 7386 16 5559 137 3 221 7 222 47 27 39604 121 3 73 2137 5
1170 3 221 7 39604 222 121 9 2137 22 3 5831 29 45 2704 24 120 8818 9926 19 3 1764 514 419 5
1170 3 221 7 39604 222 121 9 2137 22 3 5831 29 45 2704 24 3 8818 4149 3 498 2137 5
417680 16 4939 24 269410 10 3 1079 1356 6494 4 704 1362 4 114 9 871 7 704 2464 13 87 29 34 45 9 2137 10 3 271 700 222 5
39272 8 4459 3 221 7 7386 22 3 6737 5831 4386 13 27 2273 72 3 271 700 222 47 35 9 33 27 45 597 24 120 8818 7 3 1764 514 419 8 35 8862 33 27 45 597 24 9 2190 8818 4 3995 5
8 4459 3 676 221 7 2236 7386 22 3 6737 5831 35 9 33 597 24 120 8818 7 3 1764 514 419 8 35 8862 33 597 24 9 2190 8818 4 3995 5
19241 8 4459 3 1058 7 9 2190 514 2125 13 29 45 4209 25 9 5831 4386 10 3 271 700 222 47 35 9 33 29 45 597 24 120 8818 9926 19 3 1764 514 419 8 35 8862 33 29 45 597 24 9 2190 8818 4 3995 5
8 5124 3 676 1058 7 9 2190 514 2125 13 29 45 4209 25 3 5831 4386 47 35 9 33 29 45 597 24 120 8818 9926 19 3 1764 514 419 8 35 8862 33 29 45 597 24 9 2190 8818 4 3995 5
766 23394 7237 7194 871 31 543 15 10419 2543 6 3 498 2137 5
79 1332 6445 7 3 8593 14 284 23394 16 392 10 20498 249 5
20498 249 5
74691 14 284 23394 5
55706 11933 19372 72312 37249 74691 59233 10777 14889 1294 11986 1356 249 7 15441 1362 155043 11986 1356 249 7 15441 1362 39690 1162 28467 11986 1356 249 7 15441 1362 27535 11986 1356 249 7 15441 1362 1743 17288 11986 1356 6494 4 249 1362 16619 11986 1356 6494 4 249 1362 16619 5
11986 1356 6494 4 249 1362 16619 15970 5257 1866 417680 11986 1356 249 7 15441 1362 11986 1356 249 7 15441 1362 39272 11986 1356 6494 4 249 1362 16619 11986 1356 6494 4 249 1362 16619 11986 1356 6494 4 249 1362 16619 11986 1356 6494 4 249 1362 16619 19241 11986 1356 6494 4 249 1362 16619 11986 1356 6494 4 249 1362 16619 11986 1356 6494 4 249 1362 16619 11986 1356 6494 4 249 1362 16619 14889 1058 116842 1356 6494 4 33 17 57 7 15441 61610 16 220 14 1216 23394 13 31 33770 19 17365 2770 5
145 61610 1488 2527 9 197 7 15441 15967 23394 6 3001 290 537 871 5
252980 133 21 4 155043 4 8 28467 31 3380 137 46 1488 5
417680 16 59 1804 21 9 33770 871 5
4130 23394 13 27 11065 2770 31 48871 8 12010 6 3 1079 7 1356 6494 4 249 1362 5
17 421 18 115 6 2430 11065 23394 6 3 1079 1356 6494 4 249 1362 1016 7 1356 4 249 1362 95 13 189 33770 8 11065 23394 31 4154 496 3 216 12634 5
145 1217 16 4020 6 251093 14 67 1809 5
1532 4 9 4900 1058 7 89 16 1272 6 2705 3 104 1783 14481 5
3668 4 284 10777 31 10041 6 337 10 4831 13797 4736 4 47 86 899 14481 3467 14 9 12911 14 57 1330 566 7128 14 3 161 1330 566 5
123703 4 4 8 35 502 33 1919 13 16619 11065 23394 6 46 1079 11290 2069 32542 992 773 21 2400 6 93 337482 5
17 421 18 115 34 6 2430 3 6325 12911 4 21 682 95 155 34 2498 1506 8958 5
70189 4309 3194 7 3 11249 4309 16 107 2994 5
17 27535 9897 8 9897 31 543 7180 15 8599 25 3851 7386 21 43 31 543 15 3 27563 9513 13 3 2137 1058 25 9 5831 4386 10 3 161 566 16 230 6 3 216 21 3 596 2137 1058 597 1321 5
17 200810 8 523106 12874 70 7 3 1216 8 23394 2994 1321 35 196 20498 249 33 5
66 144 26 1744 13 3 27563 4048 8 200810 2520 3001 6599 13 250 26 6227 10 1407 8417 523106 2520 3001 9 48 5242 2155 5
15060 5527 249 53 27535 9897 17 596 1058 7 514 4209 25 9 2190 5831 16 4939 10 446326 35 249 33 5
4036 9 2190 514 2125 14305 4 1929 3 1058 7 514 3883 22 5831 4386 10 2137 715 5
17 676 221 7 7386 22 4386 16 392 24 5
35 249 33 5
15060 5527 341 53 9897 17 596 1058 7 514 4209 25 9 2190 5831 65 3883 24 9 514 419 8818 16 4939 10 446326 35 341 33 5
4036 9 2190 514 2125 14305 4 1929 3 1058 7 514 3883 25 5831 4386 24 2849 22 8818 10 2137 715 9450 5
17 676 221 7 2137 993 11142 25 4386 16 392 24 531915 4 9 5
35 341 33 5
15060 5527 459 53 200810 15060 200810 6268 32 60029 14 3 1058 7 514 3883 543 15 3 27728 3109 3380 24 9 197 7 16036 284 29132 5
200810 16 92443 24 446326 35 459 33 114 24917 2464 284 9796 4 4784 3 221 7 284 29132 4 8 2464 3 225419 6234 6 290 9796 5
15060 9124 16 3380 24 97824 5
35 459 33 17 85612 2770 31 1658 24 12538 14 3 248 26327 3768 297 70 11537 5
81 3 267 7 46 17241 1217 4 46 16 92443 538 9 27728 4859 5
200810 2520 31 4783 14 3364 1443 65 2489 25310 157631 297 284 29132 340 34 4722 8 3 3380 284 16 34 1441 6 5266 5
15060 5527 503 53 523106 523106 2520 1379 26920 514 4334 543 15 9 41748 52800 992 7 3797 30864 5
17 41748 52800 2981 16 1254 6 852 3 1506 6 3001 16764 297 1216 23394 137 9 103860 24656 5
79 3297 5230 14 523106 2520 3177 5
15060 2981 49474 32542 2642 31 3581 24 96 16 424 52 3 746 2032 5
4036 9 1922 4 9 197 7 23791 52052 3293 5300 6 2489 10746 7 23791 137 386721 24250 5
931 5300 665 10 189 5272 8 18677 6904 6 3 1922 5
2330 89 4 3 2032 29 3 7453 7 2854 8 136896 6904 523 37473 19 3556 8958 5
81 9 825 4230 4 7732 32542 2642 19491 9 3797 992 7 23791 35 79022 5
30864 33 8 386721 24250 35 79022 5
16036 52463 33 6 1849 1812 1443 5
4018 850 32542 2642 31 9 2125 7 32542 992 25810 65 3 284 110 2198 4286 189 1216 8 6325 23394 5
523106 2520 31 9 19372 7 511151 32542 992 13 16 48 7081 25810 10 796 11249 5
79 6372 8593 7 9 523106 19 10746 16 1252 10 98586 249 5
659 816 4547 19 3 542 4 3 3354 9419 16 4669 21 441 97 57 38105 5
79 6372 8593 7 32 14305 26237 523106 98586 249 5
79 6372 8593 7 32 14305 26237 523106 5
17 8593 14 523106 2520 16 2994 10 3856 24 4 38135 4 8 1320 35 6760 33 5
17 2029 24656 16 543 15 446326 35 503 33 5
35 503 33 273 46 24656 4 2464 9 61279 10 9419 8 2464 9 61279 10 9419 5
17 3354 61279 16 543 15 3 23791 10 9 16812 9419 8 16036 29132 5
81 46 14392 2464 9796 9124 8 18365 2464 32 30110 4859 4 8 208585 6154 3 221 7 23791 10 3 9419 145 30110 4859 2228 3 7539 3905 597 24 290 61279 10 9419 11856 25 23791 10 9419 11856 115998 249 6 26 3380 538 9 180305 249022 4859 5
81 46 542 4 3 67929 30110 4859 16 220 65 8 9 27728 30110 4859 65 11856 3082 5113 273 523106 2520 4 3 221 7 10746 16 392 24 4659 459 5
17 67929 30110 4859 16 7154 24 446326 35 500 33 5
35 500 33 17 16036 27728 30110 4859 16 7154 24 446326 35 708 33 5
35 708 33 6832 3 2755 284 3115 4 3 31392 3768 16 7154 5
81 46 542 4 3 1153 2842 3768 35 155737 33 16 220 21 9 1415 14 3 31392 3768 543 15 3 596 1884 10 3 2755 2137 1058 8 3 2655 2137 1058 10 290 7 11537 5
145 13571 16 392 24 446326 35 700 33 5
35 700 33 435 363 1506 7433 4 9 119 71966 1217 16 6227 6 4007 3 1506 24 13999 3905 17509 5
79 2726 7 27964 27 45 1273 6 12730 5
145 601 2527 3 12010 107075 66590 31660 7 62620 35 4164 33 5
145 5018 16 3448 24 161037 8 32085 35 4164 33 463 6 23 110 1783 14 60029 544 19 1978 628 2757 5
631 9 523106 1506 19 9 4203 221 7 4438 30864 10 57 4438 9419 16 3682 7 363 206 129854 14 11065 7410 35 4 4540 109 253609 4 3952 33 4 3 10777 7 3 19547 523106 1506 10 970 7 83538 3768 1755 6 26 32 526 352 7 601 5
79 1165 7 90 7 3 2543 601 1547 6 46 565 16 1252 24 5164 4 14776 4 8 229989 35 2773 33 5
1249 87 16 93 4547 37582 4 9 794 8 3768 1217 16 7081 6 2258 1506 21365 35 10141 12283 32330 4 2804 33 5
84630 14048 355 928 523106 2520 4 108 956 31 1109 5
931 539 5470 83538 5464 4 1506 21365 3394 4 8 3 9088 7 284 5
57266 83538 5464 520 7 3 2235 10 523106 1506 3394 539 3 5470 83538 5464 4 9409 3 104 3206 1506 21365 4 8 3631 14 284 5
83538 5464 4722 65 9 1506 16 3559 6 868 3 11537 7 9 628 197 95 166 13 23 754 1024 7433 14 284 11537 34 220 10 928 5
79 1029 5018 7 5470 83538 5464 16 6 231 32 261 5964 6680 543 15 3 95453 7 284 628 76 9 928 197 8 9 960 197 5
17 928 197 16 220 6 4219 1506 2000 137 129759 7 3 4018 650 5
435 290 928 55978 4 2520 31 220 6 132 7433 14 3 960 197 4 4229 3 2442 31392 3768 5
81 415 129759 4 3 31392 3768 14 1506 7433 16 3 665 7 34130 5464 5
435 9 221 7 928 129759 4 9 397 7 23462 16 1658 4 54 47 1009 1506 928 522 10 19618 7433 14 960 197 2770 5
13166 6 3 103860 2129 7 3 60029 5018 4 3 55978 7 23462 16 1658 54 9 4650 14644 221 7 2458 129759 114 87 16 93 3070 6 3 282 31392 3768 14 960 197 7433 5
15060 21365 3394 17 3394 7 523106 1506 38060 16 11388 24 9 221 7 6951 993 5
931 993 539 3 2007 14382 17509 8 11537 6234 6 523 628 64360 5
931 2520 31 59 9 4859 7 3 3467 119 71966 5018 8 32542 992 21365 5
15060 3394 4309 144 159 192 2193 76 5139 5
145 542 12134 3 12391 928 650 24 2489 2520 19 3 216 21365 8 7816 4 4 8 64360 14 3 928 8 960 2757 4 3995 5
5898 5898 16 2118 14 3467 523106 2520 538 32 1117 628 197 35 79022 5
25017 197 33 6 581 11537 14 3 161 2137 566 5
4665 105 3 960 197 4 7433 31 115 14 25017 197 11537 54 290 928 55978 5
24106 4 65 3 129759 7 3033 83538 3768 14 960 8 25017 2757 31 3 216 4 3 284 16 11737 21 21431 5
355 3 129759 31 523 4 3 284 16 11737 21 294303 5
79 6372 8593 7 12391 2953 2854 8 284 650 16 392 10 98586 341 5
242841 2953 2854 8 284 8557 650 98586 341 5
242841 2953 2854 8 284 8557 650 5
86026 14203 31660 14 523106 1506 3394 79 86026 14203 31660 16 1146 6 37782 3 2279 7 523 928 19393 4 9901 9168 523106 4 8 13896 14510 3604 523106 2520 14 290 514 2125 5
470655 3275 24 3 31660 539 35 249 33 523 628 64360 14 2757 4 35 341 33 3 221 7 4438 10746 12956 4 35 459 33 3 221 7 4438 30864 10 290 9419 4 8 35 503 33 3 221 7 523 523106 1506 6294 19 3 216 21365 13 31 12354 5
17 31660 16 6401 21 86026 14203 106 23 6271 48 1812 1506 6294 6 26 5633 65 9 325 19547 2104 35 79022 5
3033 165419 33 16 3455 25 9 287 1812 1506 5
17 31660 16 24 12752 2520 9168 538 3 197 7 29132 8 3 3354 5
17 1252 61685 3 31660 5
238487 249 5
14 3 86026 14203 31660 66271 14099 53 3 221 7 10746 13633 53 3 221 7 30864 10 290 9419 14178 53 3 523106 1506 13 5708 3 2654 165419 7 70 6294 12354 114 87 31 8 3 992 21365 92 392 24 10669 53 165419 2442 19 9279 53 282 1506 14 9419 14230 53 3001 3 221 7 2458 1506 6294 13 31 19618 6 11788 53 3235 871 14 4114 805 8893 53 46302 12911 6620 3 7908 7 14152 1215 14 31660 9455 183 407 132080 2442 19 403 92 153 698 1248 685 92 153 409 1248 92 4 153 697 1248 800 79 6372 8593 7 46 31660 16 12859 10 98586 459 5
17 1046 650 16 19 11856 3082 459 8 3 221 7 4438 30864 10 3 4438 9419 392 24 86093 3082 249 5
17 31660 16568 2489 1506 6294 19 57 4438 9419 4623 57 4438 38105 35 188053 33 4 290 7 47 16 543 15 523 628 64360 2007 17509 5
17 7356 1506 2981 3467 6 3001 3 992 16 392 24 114 5
17 2442 31392 3768 16 392 24 5
145 650 16 3629 14 1506 38060 19 51283 7 1723 10119 285 3 9419 14152 1215 392 24 16 6383 5
28043 38060 12354 10 3 946 27 4 8 6294 5
38060 12956 13 112 34 1297 3 31392 3768 31 3380 24 9 760 38105 4 125 138 13 112 31 34 33050 5
435 12752 19 3 218 38060 4 3 9419 14152 1215 16 943 14 11856 3082 459 10746 19 3 21 3 84 7356 1506 35 259585 33 5
17 31660 1755 24 12752 1506 6294 19 11856 3082 503 10746 5
17 74 1506 12354 29 3 216 2981 21 3 14510 3604 523106 19 32 1117 4438 9419 4623 57 38105 35 438083 33 5
17 2981 14 3 169 4438 9419 16 5913 21 14644 14 3 74 4438 9419 5
17 1046 650 14 3 169 4438 9419 81683 54 12752 3 74 67 1506 38060 35 128930 33 5
1249 189 38060 12354 114 11856 3082 503 35 79022 5
8 33 31 19618 6 3 7356 4 3 86026 14203 191244 29408 3 523106 1506 6 132 4048 35 332551 33 5
151670 7 3 86026 14203 31660 1506 3394 650 98586 459 5
151670 7 3 86026 14203 31660 1506 3394 650 5
79 1332 858 7 1506 928 19393 14 3 523106 2520 3467 538 3 86026 14203 31660 16 392 10 20498 341 5
364 144 1963 13 192 19393 31 4650 14644 5
20498 341 5
12266 470655 14 3 86026 14203 31660 5
12266 96734 19241 59434 1046 14152 1215 500 2458 19618 1506 38060 26406 30864 304 6 147 21365 249 7337 64360 1109 1356 4 4 1362 11292 7 6294 12354 147 628 24065 500 37642 928 89 147 1506 2981 183 13063 5160 5964 6680 2536 2458 129759 276 3070 37642 928 129759 11226 121867 4859 10777 25584 6 4438 38105 64604 25584 6 3354 38105 69958 27728 5629 31660 82237 107075 66590
7337 79 46333 542 16 2173 538 628 1252 24 3 2978 564 7 1721 8 2885 362 1651 35 33 5
4278 61 7 708 18822 5
17 3851 628 220 10 46 542 3250 514 7386 597 25 5339 5831 5982 148 541 249 4 502 8 491 306 4 2076 5
17 628 9286 7 9 676 7 1564 5
17 2137 3318 1079 25 249 6 36306 5
3194 2137 410 6154 3 1294 7 2137 4 5831 4386 4 5628 2125 4 2513 8818 4 8 21813 3323 7 3 6737 5831 5
187 31 9 676 7 1551 21813 10570 4 17573 8929 4 8 409 523 59847 514 3351 3380 10 3 628 5
1113 3 628 197 4286 93 1268 2770 4 90 514 3351 31 597 3691 8 90 514 2137 40986 3855 32 12449 528 1058 7 514 5
7337 445498 17 337482 4 1506 928 4 8 26753 6589 6227 10 46 542 31 962 10 98586 503 5
56087 6620 10419 25 5831 5982 31 16277 8 5823 19 229 9224 543 15 3 1294 7 2137 8 2035 10 47 3 15768 5831 24292 5
7273 28991 6 514 3351 597 10 287 58 500 202 7 70 7386 31 153 2207 5
9049 4 61750 2137 3318 31 1842 6 3 798 55417 46993 7 96 39 45 217 14 3 514 2125 10 2530 1564 5
2927 4 271 5257 1866 31 11737 543 15 3 4464 65 57 7 3 1652 59847 514 3351 16 597 5
3879 11828 70 23394 8 4605 85651 4 628 31 3868 24 1294 6 3250 9 424 2137 586 8 426 10419 3455 10 3 161 2137 566 5
7337 337482 4 1506 928 4 8 26753 6589 6227 98586 503 5
7337 337482 4 1506 928 4 8 26753 6589 6227 14 3 46333 542 5
81604 25 3 424 586 31 220 6 13012 27535 247180 8 247180 14 290 514 2125 5
931 2082 31 220 21 3 1625 14 161 566 7386 5
24106 4 3 2082 31 677 6 3 2755 7386 3318 5
7187 6 363 7736 538 200810 49 523106 2520 4 23394 31 4902 6 3 8593 962 10 20498 249 5
200810 8 523106 2520 31 1146 538 70 11537 25 3 424 586 5
61648 901 8365 31 2828 6 8612 3 8958 7 3 1273 11249 6599 5
81 3 74 5867 4 3 31392 5464 7 3 179 11249 2520 31 677 5
17 169 5867 34298 3 969 1605 11249 71 27 15 884 1866 5
4876 569 31 12354 65 1276 31 1155 14 514 2137 538 2655 2137 3318 25341 2082 543 15 2170 317 5
145 5867 16 6252 24 3977 2055 13 71 26 5054 24 2790 4046 10 1605 5681 5
208 3 514 419 39 2170 317 35 79022 5
514 5681 22 5831 5982 424 19 10312 33 4 12174 86 31133 1800 10494 13 12042 3977 569 8 14391 1366 21717 48 10793 58 65 43 87 16 1370 1605 4046 5
45899 5527 249 53 11249 15487 3194 7 3 179 11249 4309 16 9168 538 11537 13 4722 2543 6 491 605 4 2076 5
273 3 523106 4 3 1332 858 7 928 912 16 392 10 20498 341 5
17 161 1330 566 16 3380 24 11537 10 3 566 491 4 2076 5
631 4116 14 928 4 3 155737 340 34 371 32 5050 3490 7 1308 31392 3768 4 21 23 124544 31392 3768 35 91211 323 117465 4 744 33 5
1858 4 3 1153 6474 3768 35 165419 33 8 225419 7 6013 35 82478 33 31 220 6 8612 4048 15487 72 426 2137 4736 5
17 165419 4 21 1595 10 446326 35 704 33 4 1929 32 2882 14 3 230 1884 148 2655 8 2755 284 8599 5
35 704 33 82478 1170 3 5084 7 3 13422 10 3 2755 2137 1058 13 71 26 6586 6 3 6453 10777 10472 9 2137 715 5
145 14555 16 4787 24 6494 82478 249 5
28043 13 31 48 1783 22 3631 14 13422 10 514 5681 31 6234 32 82478 47 16 2211 6 249 5
28043 13 31 287 1783 22 3631 14 13422 10 514 5681 31 6234 32 82478 47 16 2211 6 6494 5
45899 5527 341 53 10076 7 4048 15 3977 1866 2978 7386 14 3 628 197 31 29371 24 3 1294 7 40 15778 8 3 6625 8818 5
435 16839 628 4 10030 2137 3318 31 1221 14 290 514 2125 538 290 7 3 11249 4309 5
34910 4 3 3934 191244 7 5682 8 3257 35 8346 33 16 220 6 2258 3206 22853 2506 14 9 197 7 2168 18751 1276 5
273 46 5867 4 3 5857 470 147 1366 231 16 56 11226 5
17 272 5857 470 16 220 6 2907 3 2807 7 1276 7302 537 5
145 2228 3 3979 15568 6 97 26 11388 24 3 10030 2137 1058 4 1378 11861 4 8 9705 7 6885 1276 5
17 1096 470 2442 19 9 1366 1030 16 56 146209 147 4842 5
17 38471 470 16 56 503 147 1390 5
17 2137 89 22 290 5831 16 22946 5
17 16183 2168 14 290 1366 16 197 22 2667 31716 5
1354 8365 31 5913 538 16673 415722 3323 5
17 74 5867 2527 3323 543 15 3 133951 3673 176107 5
17 169 5867 16 1589 276 3 231 7 32 1117 63888 5
1354 31 336 15 9 1416 19 9 5447 1952 7 32913 62778 4 8 44593 13336 7 39479 5
435 7019 70 445498 4 179 514 3351 816 53 15953 4 4977 21750 4 4977 3196 4992 4 8 1657 5
17 596 4 2029 44398 4 8 85612 7 13422 14 290 514 2125 31 1595 10 20498 459 5
435 445498 4 1564 816 5
187 31 1564 13 3250 424 586 5
17 1652 17404 11537 3250 3 426 1330 566 5
931 514 7386 42 2828 24 2849 22 503 7 3 708 514 419 18822 5
17 3235 2137 3318 7 15953 4 4977 21750 4 4977 3196 4992 4 8 1657 31 46557 4 8944 4 25158 4 8 46557 36306 4 3995 5
20498 459 5
52788 4015 14 628 197 54 445498 35 24 514 2125 33 5
394789 10 843 514 2125 67606 36000 21750 36000 3196 4992 47342 37642 2137 1058 46557 8944 25158 46557 9897 2137 1058 3260 44398 85612 7 13422 50281 35953 64080 64217 12775 5
13385 7 11249 4309 17 10777 7 3 3467 523106 2520 31 43628 10 20498 503 5
17 3467 1506 21365 16 1125 25 203 6 243 5
17 1506 3467 14 15953 4 14 946 4 29 35329 30864 10 3 9796 9419 4 503 30864 10 3 74 4438 9419 4 341 30864 10 3 169 4438 9419 4 8 249 38105 10 3 3354 9419 5
17 24065 10559 3 282 523106 2520 14 290 514 2125 5
16747 144 34 7336 13 46 24065 16 3 104 1783 10 70 5771 4 21 523 64360 142 26 3467 543 15 3 2007 912 14 1506 6294 5
1796 7 3 179 3467 2520 31 9168 538 97 9 837 4438 9419 5
145 4088 3 867 13 32542 2642 19 9 837 4438 9419 4623 9 4783 221 7 23791 71 2875 3001 120 4859 35 70830 323 546 4 4973 109 253609 4 3952 109 253609 4 362377 4 323 546 4 4540 109 160686 4 6104 33 5
631 3 1506 3467 14 15953 340 34 6419 46 867 4 23 340 1919 13 1506 38060 13 27 48 58 57 4438 9419 144 26 1109 5
20498 503 5
15060 10777 14 3467 523106 2520 5
13385 1415 10 843 514 2125 67606 36000 21750 36000 3196 4992 47342 39652 1506 1356 35329 503 341 249 1362 1356 35329 341 249 1362 1356 35329 700 249 1362 1356 35329 704 249 1362 3487 55978 960 197 26132 46517 13102 31800 3487 55978 25017 197 24013 306 34916 43587 5640 129759 48374 70117 20695 63065 2954 197 24065 202 7257 7257 7257 7257 12266 197 24065 202 7853 7853 7853 7853 17 676 221 7 129759 1272 6 1649 290 1506 16 287 58 3 3235 7262 5
10052 4 3 14152 912 14 928 42 1049 103 3 3235 221 7 7262 928 129759 5
145 6154 13 3 2520 42 14256 21 9 665 7 9863 96 16 6085 21 3 3033 155737 14 960 197 11537 5
17 1870 59 842 3 282 55978 14 3 960 197 16 523 25 13 7 3 25017 197 5
145 142 2048 13 284 16 294303 5
20498 500 842 3 31392 3768 14 290 60029 5018 5
17 104 841 6 1877 514 2125 16 4977 21750 5
145 16 59 3 514 2125 19 3 2654 2137 1058 8 3 8855 85612 7 13422 5
17 248 841 514 2125 6 1877 16 4977 3196 4992 5
20498 500 5
15060 60029 773 35 999 514 2125 33 5
15060 7337 197 29736 10 843 514 2125 67606 36000 21750 36000 3196 4992 47342 523106 14621 586 35 928 33 82478 165419 346032 281522 97168 14621 586 35 960 33 82478 165419 259201 110405 2927 566 35 25017 33 82478 165419 386269 191626 200810 14621 586 82478 165419 314321 150020 2927 566 82478 165419 540784 131166 247180 27535 161 566 82478 165419 242423 161 566 82478 165419 125948 6297 15 3 2770 14 82478 4 104 7 3 34602 10 3 2137 3318 7 290 514 2125 71 26 6586 6 3 197 7 1216 23394 65 538 3 523106 2520 4 742 3 82478 14 4977 3679 16 97 1927 996 5853 5
81 970 7 165419 4 523106 2520 31 7156 6 290 7 3 83 11249 4309 5
145 4088 3 867 13 3 1322 148 59233 284 10777 8 3 1058 7 290 514 2125 3883 16 282 92443 137 103860 7410 5
17 165419 1464 6 26 2086 4547 14 3 928 8 960 197 11537 5
81 2906 4 87 16 9 17123 337 10 3 165419 2442 19 1506 7433 14 3 161 566 5
10052 4 3 82478 2770 14 3 928 8 960 197 31 177 825 4 8417 3 82478 871 14 3 25017 197 16 146 798 5
145 16 230 7 11249 2520 4 21 57 51 1100 48 5050 2082 65 11367 424 586 58 65 11367 2082 14 3 426 5
200810 2520 132 8666 7433 14 3 424 586 58 523106 2520 5
17 82478 2770 14 1506 7433 14 15953 4 4977 3196 4992 8 1657 28991 6 3 424 586 31 290 287 58 51604 5
79 177 2794 1913 16 13 200810 2520 1230 6 132 146 333 7433 14 3 161 566 58 14 3 424 586 5
145 16 7118 106 57 51 1100 1506 8958 6 883 816 3 2086 6057 49 4472 65 220 6 132 2082 14 3 426 5
4036 3 4809 3074 7 200810 2520 4 57 71 19913 7336 3 200810 2520 8612 294303 1443 5
1249 133 9 10785 3070 10 16 6453 4 57 71 59 7336 13 200810 2520 31 7128 14 11249 514 5681 5
17 165419 3455 538 3 27535 9897 49 9897 6 2882 426 10419 7 15953 8 4977 21750 6819 825 6 200810 5
1354 27563 100410 27 798 165419 14 4977 3196 4992 58 3 56018 1506 5
10526 4 3 165419 14 9897 2082 14 15953 4 4977 21750 4 8 4977 3196 4992 31 290 333 58 138 4512 14 200810 5
11079 4 3 82478 871 14 290 8810 5018 16 19618 6 50 200810 6824 5
145 16 975 6 4459 13 3 34602 10 3 6453 2137 1058 16 1547 6 2193 47 27535 9897 8 9897 112 34 1384 5
17 19629 7 3 523106 2520 677 6 200810 8 3 67 27563 14407 2048 13 103860 16764 148 523 29132 71 27 9 2884 969 15 514 5681 5
1700 52301 2981 8 179560 30110 7410 852 3 523106 2520 6 26920 115615 4 16764 148 67 49 48 23394 5
66 16 12319 524 133 16764 51 2498 4334 5
273 946 4 6487 796 14 9 1087 514 2125 22 57 5831 6 26 523 58 23 51 22 184 5
145 142 26 4669 10 3 1058 558 14 2137 4 907 121 4048 142 45960 1214 796 5
1249 43 4753 9 27728 1322 4 200810 2082 86 26 6464 1768 24 41748 65 133 16764 4722 5
17 15778 7 133 3898 142 2565 524 3 200810 2520 31 6085 21 441 9 333 2338 14 3 1322 148 1216 23394 8 3 2755 2137 1058 72 3 426 1330 566 5
145 16 454 2247 24 3 83538 3768 72 13 426 1330 566 110 146 568 58 3 424 586 5
17 5248 7 133 3898 51 59 4459 13 27563 11249 4309 51 59 26 19618 121 43 112 34 1250 14 117 7 3 10777 13 71 2498 514 5681 5
17 5248 7 133 10076 71 26 6453 24 19828 1024 2082 14 15953 3883 72 3 426 1330 10398 5
81 1067 7 87 110 9 103860 1322 148 3 6453 284 993 8 3 2137 1058 597 4 523106 2520 144 26 230 6 5562 23997 200810 8 3 27563 11249 4309 5
111812 15 3977 569 355 13797 514 7386 538 3 10030 2137 3318 2655 24 290 11249 5018 4 97 2082 115 14 3 28361 8 18382 5982 665 10 12105 3977 569 5
273 3 28361 4386 4 65 1252 19 2170 317 4 97 183 1276 31 1272 8 3977 569 31 56 5
355 538 523106 49 200810 7433 21 3 1625 14 13797 4 407 1276 31 1272 5
17 2442 3977 470 16 56 5
1796 1117 1276 31 1272 65 10494 31 543 15 2082 3455 538 27535 9897 49 9897 5
17 3977 470 2082 538 3 27535 596 31 56 5
17 569 538 3 596 31 56 5
98586 500 842 189 3 221 7 834 2448 15 290 1155 2280 168 35 196 517 29540 33 21 166 21 3 470 2238 13 51 26 2548 538 57 7 3 60029 4309 623 58 441 2170 317 35 196 2261 29540 33 5
17 1233 59 16502 3 221 7 8929 2448 15 290 168 5
631 70 7 3 11249 2520 522 10 12105 3977 569 4 2137 2082 2118 25 523106 8 200810 665 10 798 569 58 9 48 27563 1217 5
2978 7386 8 2156 337 10 1221 3977 569 14 98586 500 5
2978 7386 8 2156 337 10 1221 3977 569 14 28361 4386 5
273 3 18382 4386 4 189 27535 9897 8 9897 665 10 3 13797 7 947 1276 14 514 2137 15 295 5
145 16 975 6 26 3 665 7 189 32 853 221 7 8929 2448 15 295 8 12105 796 2082 14 27535 8 14407 5
2196 183 1276 31 1272 15 295 65 538 3 3467 523106 49 200810 2520 5
98586 708 1929 3 676 221 7 8929 2448 8 3 1884 10 3977 470 2082 65 538 2170 317 25341 290 11249 5018 5
17 2082 14 3 523106 8 200810 2520 112 34 1230 106 43 868 3 569 3455 163 3 2170 317 267 5
6297 7180 15 3 3977 569 11222 14 290 284 4 3 522 240 13 523106 2520 49 3 200810 2520 1657 522 2211 6 3 2170 317 267 5
2978 7386 8 2156 337 10 1221 3977 569 14 98586 708 5
2978 7386 8 2156 337 10 1221 3977 569 14 18382 4386 5
720 11249 5018 16 2170 5
17 522 14 46 46333 542 240 13 70 11249 4309 44807 676 7386 14 3 426 1330 566 5
527 4 3 1058 14 47 3 1605 16 44807 16 287 14 3 523106 2520 5
10526 4 3 5257 969 25 538 523106 16 93 48 58 183 202 10 970 7 1117 3977 569 5
631 34 1109 10 46 777 4 5257 10076 51 59 665 25 35914 1605 5
2018 192 10076 31 372 514 73928 2322 5
391039 1605 86 665 10 57 49 48 1276 3145 40 16183 2168 103 7019 40 1378 5
355 1366 6176 31 1589 66851 4 47 16 3 267 14 3 169 5867 4 3 1276 462 6 3 15773 2543 6 6625 514 25 3 1652 5831 5982 5
17 14494 7 192 1117 2252 142 26 7141 10 90 9584 4 907 65 6291 16 177 799 5
81 1243 4 65 6291 73928 16 287 1568 4 16203 1605 2048 13 1219 905 142 26 9806 48 2875 5
11079 4 3 2334 7 46 601 1919 13 523106 2520 31 48 3206 14 11249 59847 4334 58 83 11249 4309 1109 10 46 542 106 23 16 7156 22 29404 3 176202 8 114029 7 1605 5
1504 1691 333 522 58 83 60029 4309 4 290 7 3 3467 523106 2520 52828 3 284 3364 514 5681 21 294303 5
145 14510 2048 13 2520 142 34 10366 1250 14 284 34602 21 9 665 7 90 114393 2826 5
66 16 3448 13 12174 2123 3 1330 10398 6 57 6550 122 65 538 3 523106 2520 6 1877 514 5681 5
19484 3 104 308 284 628 2228 3 2520 6 539 628 13 142 26 27098 10 11807 90 2463 7 284 34602 5
145 601 16568 523 11249 4309 13 71 26 220 6 4417 3 1605 4046 2548 24 1764 514 495 8 514 1313 2508 65 4232 6 2882 558 2252 22 5831 3459 5
145 542 34298 3 10076 7 538 523 11249 4309 6 26920 3 3318 7 523 59847 514 3351 3883 10 5325 2137 993 65 317 16 34 2457 24 5831 5982 5
70189 4309 1109 31 3 596 1058 597 24 3 1764 514 419 25 9 5831 4386 109 3 596 1058 597 24 9 2190 514 419 8818 25 9 5831 4386 109 3 2655 1058 65 70 13987 7 3 2137 715 31 12354 200810 2520 109 8 3 2655 1058 597 65 70 13987 7 3 2137 715 31 12354 538 3467 523106 2520 5
17 523106 2520 31 3467 538 9 86026 14203 191244 5
81 1243 4 3 200810 8 523106 2520 31 9168 538 2530 2137 1564 486 19 9224 7 229 17288 14 5502 10 47 3 4334 31 4209 5
11391 25 129 777 1919 13 3 3467 523106 2520 31 7156 6 290 7 3 83 11249 4309 189 10 970 7 10900 8958 8 10076 15 3977 569 5
17 522 59 1919 13 19 2201 6 11249 4 3 67 4309 22565 5831 14407 23997 3 200810 2520 65 4695 142 34 26 6453 137 27728 2520 5
931 14407 4 658 4 71 6464 24823 3 4512 2137 1058 5
17 2334 7 46 542 144 2907 454 601 76 59847 7194 37582 5
17 284 8593 1589 14 46 542 16 543 15 558 2137 1564 4 2995 19 514 419 8 5831 2849 4 8 173 317 4154 24 98 1656 5
10052 4 125 34 13413 7 70 11249 4309 4 46 542 34298 189 1510 8 7732 1442 6599 13 31 4279 6 3 601 565 5
631 46 601 340 34 132 3 11025 13 3 9530 523106 2520 1657 3 104 5050 7736 537 4 23 340 132 9 632 267 14 538 48 2410 11249 4309 65 7678 3 3318 7 514 2125 558 14 14494 10 3 161 1330 566 5
187 31 9 221 7 12391 2953 2854 4309 47 71 26 25810 14 56018 17241 5
81 46 542 4 80 1574 3 542 6 3 523106 106 23 16 3682 7 3364 9 284 19 2489 29132 5
187 31 83 2953 2854 4309 47 31 3206 14 133 544 150 270 60401 245747 35 518108 323 4 911 33 8 48015 56018 32542 2642 35 188997 4 3952 33 5
1354 192 4309 142 1871 528 3318 7 2900 6 132 129854 14 3 628 197 47 29 48 58 1410 29132 4 2667 1564 4 8 9 6325 12911 871 4680 25 6494 6 46557 36306 5
10526 4 2812 12391 2953 2854 1217 16 5799 7 110 7156 6 3 83 5
79 825 777 4 3475 4 142 5339 57 12391 2953 2854 5018 6 2882 514 4334 14 9 514 2125 57 122 8 184 5018 6 3 161 122 5
8932 601 144 2705 4309 14 91415 514 5681 22 4772 19 523 10777 58 138 1109 10 46 542 5
1192 16393 144 59 1800 6291 891 5310 13 13759 514 419 884 5