145 601 16 15511 496 3 5114 7 3 3465 7 746 2854 10711 538 4731 1851 5
134 8850 3 6582 7 9 8942 8 36722 7112 27791 284 35 511515 33 5
17 3316 16 6 26991 3 42136 4 8 6 4530 3 11373 5
17 41748 2204 284 28237 9 197 7 2505 35 1945 1303 61 24 3 42136 4 2505 7 3 857 4 4703 5 33
220 24 32 7732 1442 6 132 89399 1866 5
1563 542 7301 15 3 8593 7 2505 52 3 1566 4 8 15 3 36722 89399 2204 1691 31126 2765 5
966 3547 7 2854 4 133 21 1261 4 49 3 1832 928 11857 24 33946 4 2818 3 31633 6 791 3 1994 10 47 43 36 162 5
931 31633 383 3475 5603 34 97 2505 4 44 521 16424 2531 5
22485 10711 35 92546 33 41665 3 31633 10 5771 133 21 192 5
273 946 4 98586 249 2464 9 892 927 2673 35 33 35 323 79814 4 502 33 4 9 1457 2673 35 3731 4 4 4 109599 4 323 120702 4 274 33 8 68777 14 10317 15 1782 4790 35 9331 4 4 363481 4 323 4 359 33 5
1655 203 6 243 53 97572 25 3 4 8 68777 98586 249 5
1655 203 6 243 53 97572 25 3 4 8 68777 2333 5
17 162 16 1254 14 3738 10554 10 92546 5
215564 284 6 26991 3 42136 8 6 4530 3 11373 277 6848 35 4 120702 4 5513 4 323 50127 4 1422 109 323 1104 4 2391 33 4 44 31 3569 6 9 2190 92546 5
81 46 1381 4 80 8850 32 1216 92546 27791 284 4 226 10 3 9962 7 13445 8 15923 162 5
19699 4 104 928 4982 3316 6 5237 2505 5
81 46 5114 4 80 8850 3 231 7 27143 215564 4478 35 42732 33 10 47 46 2505 16 220 10 10651 19 3 928 1994 5
81 46 267 4 2505 71 26 15261 35 14529 323 17726 4 359 33 4 6 5998 813 3 42136 4 14 946 5
659 26 12532 340 34 97 1153 9583 2505 4 44 59 143 6 231 13 2505 5
81 678 6 10792 3 3310 7 2505 4 80 383 581 3 42136 19 3 243 1994 5
81 678 6 112 95 4 80 1919 538 7392 1443 24 47 3 31633 71 26 23423 10 10 47 43 71 132 794 2532 4 159 4442 4 132 4390 4 8 690 369 10 825 983 35 47 142 34 26 537 10 1851 33 5
17 20260 3475 1708 32 1566 1029 6 3 42136 4 3 11373 4 8 6 3 7415 6 26 3564 5
66 125288 3 2854 1322 35 42136 7415 33 21 166 21 3 31126 1322 35 11373 42136 33 5
8616 4 32592 29182 4 2164 19 32 42732 4 1000 3 1251 6 1297 31633 2531 24 41941 2505 19 3 1251 6 255 40 2531 76 1407 5
42732 27 277 45 220 276 110 2442 6 4731 1851 5
238 5972 35 6104 33 29 1595 4 43 1618 20816 6 57 7 179 2520 5
17 74 4 424 21 3 9962 1506 4 4286 9 8593 7 3 2505 1888 6 3 7415 6 26 3564 5
42732 59 231 9 42136 1506 47 15103 897 10777 8 3 1215 7 3 2505 22 9 392 1129 5
6832 3 9962 8 42136 2520 4 3 42732 16 488 6 8612 3 2505 3564 24 3 42136 24 9901 1534 19 317 52 3 857 35 4 4 4 323 4 280 33 5
527 4 3 689 6905 7 3 42732 16 6 3 581 3206 2765 6 3 42136 35 6794 4 2773 33 49 3 11373 4 4808 15 3 1994 35 508 3 1715 49 1365 2765 33 5
81 46 5114 4 3 89399 1506 71 26 220 6 132 4073 19 11084 6 3 928 6905 4 19 3 3316 7 25004 2854 5
5583 4 32 11924 1506 16 220 6 1557 317 148 3 284 8 3 4650 5
273 107 4 46 1506 29 34 45 319562 10 1806 1254 14 2854 5
5839 3 5114 7 129 92546 4 80 1384 32 42732 21 9 284 47 16 176 7 3 746 22485 12586 5531 35 33 5
134 8850 6 8612 3 3525 6 47 42732 31 5775 496 1806 5
134 27 29371 232 6 108 5835 53 249 5
21 8176 51650 145 74 3936 600 671 138 2333 47 539 2477 7 3 179 2520 4 133 21 3 2673 1254 6 4530 189 10 3 4518 8 532 7 1401 20425 35 110392 4 1095 33 5
81 46 843 7 92546 4 3 284 1708 93 15041 52 3 2485 6 26 2828 4 47 51 1871 9 9962 1506 5
17 1566 16 3475 2051 6 8744 6 3 42136 4 21 46 51 1871 9 42136 1506 5
5583 4 3 3738 5018 16 3 11373 2106 1780 5
17 284 16 34 488 6 132 1866 3136 31126 14583 4 658 4 9 284 105 46 57 71 185 31633 6 1297 49 13655 15140 2531 5
19 9962 42136 2520 145 169 3936 7 92546 16 115 55 7 2333 47 539 9 9962 1506 9 42136 1506 35 4 274 33 5
17 104 6682 946 7 46 2125 7 92546 16 1815 4 9 4731 2163 37 3916 10 189 3738 8 2854 13445 8090 35 323 1104 4 2391 33 5
6832 3 9962 1506 4 1815 71 5441 8 2565 3 4644 8 996 70 4 10158 3 42136 2106 1945 5
527 4 1815 58259 15 796 5
78 16 16134 7 4282 65 4 143 8 524 6 8172 4 47 51 1871 9 89399 1506 5
81 9 284 133 21 46 23 16 537 6 5603 2531 4 44 3 5323 7 3 11373 16 149 1272 14 70 89399 14583 5
19 9962 4 42136 4 8 89399 2520 145 380 3936 600 671 3 8409 34 97 9962 8 42136 2520 4 44 59 9 89399 1506 35 4 4 323 120702 4 274 33 5
3062 286 5518 3 946 7 3 4819 2204 22106 4 25 3 284 35 12283 32330 4 1422 33 5
17 2673 16 1254 6 26991 2113 10 2854 6 1097 51559 4160 35 15469 18082 112722 33 4 538 4731 1851 35 4653 15 16808 33 5
238 166 21 441 70 7 1815 2106 10612 4 22106 3916 3 18215 10 44087 89399 16223 5
81 4097 970 4 290 4212 3074 42540 6 9 523 31126 2765 35 1117 317 4 5230 7 32 5811 4 4703 5 33 5
17 11373 383 3475 858 3 537 5464 14 290 1990 7 2505 6 26 3564 5
10526 4 14 290 7 192 5464 4 3 11373 383 10807 3 152 10 47 192 89399 5310 144 26 2173 137 31126 2765 4 8 3244 28 383 112 95 14 290 2541 5
17 689 1653 7 46 843 7 3443 10 3 2765 6 3 11373 10 970 7 3 4819 1322 1888 6 3 42136 4 8 10 3 72447 1322 1888 6 3 7415 6 26 7520 5
527 4 3 11373 383 10807 70 7 3 2505 6 26 3564 14 290 2541 5
8616 4 104 97 539 3 8593 7 2505 52 57 2190 9962 5
4478 8669 9 13752 6825 97 581 9 7787 14 31126 2765 5
22106 866 6 286 6 26 3 104 1408 7 192 1443 5
527 4 3 11373 383 149 132 9 858 7 3 537 5464 8 10807 3 89399 5310 14 290 2541 5
10526 4 3 969 7 3 31126 2765 15 3 42136 16 34 351 76 5139 5
81 4097 970 4 120 1273 2765 47 340 34 185 3 42136 6 132 1531 36 26 290 89 13 2190 983 8887 5
81 678 6 3764 192 13753 4 80 8850 3 6582 7 32 7112 27791 284 496 9 92546 5
145 284 383 8850 9 6633 89399 1506 4 79022 5
9 1506 10 47 31126 13538 71 26 2093 304 4 5607 49 18864 5
10526 4 9 1506 133 21 46 383 26 8942 4 10 95 146 21 3 89399 1506 383 26 126656 8610 7 3 2485 6 26 2828 5
5583 4 3 2505 7 3 89399 1506 4 486 19 50 271 791 4 86 26 220 6 5998 1919 3 3206 14583 24 427 76 1250 189 3 42136 8 3 5114 7 3 20260 53 3 284 3475 2742 33855 5
1563 1506 16 226 511515 35 89399 63069 8 65179 284 33 5
81 3 161 2124 4 80 36 4301 3 391 6358 7 511515 5
134 36 153 198 2011 1379 129 9962 1506 35 196 8941 503 33 5
145 36 153 321 6 129 6652 7 129 89399 1506 35 196 8941 500 33 5
134 8270 153 198 2011 1588 3 9063 7 129 1273 2520 35 196 8941 708 33 5
66 383 26 1744 13 3 1581 962 322 16 10436 496 3 5114 7 3 2854 7 13445 8 15923 8090 8 71 34 26 220 10 614 2854 5771 5
1563 1581 9286 7 518394 3 179 8176 42732 2520 35 9962 4 42136 4 89399 4 11924 33 4 496 9 92546 5
134 494 13 5464 71 581 2409 317 8 3847 961 6 4556 9 1506 226 3768 1506 5
66 16 137 3 231 7 46 84 1506 13 80 36 26 488 6 79117 35 114 22106 86 34 112 95 33 5
10526 4 80 27 59 304 32 11373 1506 4 10 47 3 11373 45453 3 2505 52 3 2541 6 26 2828 5
78 15103 3 4005 47 4301 3 4644 35 2106 33 6 26 1303 61 4 8 3 604 35 2106 33 641 24 3 42136 35 8 24658 138 47 383 59 26 13097 5998 33 5
931 2520 383 581 2506 6 3 13753 7 3 1806 1443 21 3297 996 8 383 3475 2399 67 533 10777 53 8 61338 5
134 3475 1919 13 4 25 9 92546 4 23 16 537 6 7805 9 8942 8 33855 42732 24 518394 3 708 42732 2520 5
81 678 14 290 1506 6 26 488 6 432 50 317 8 2494 50 29528 86091 35 8610 7 189 3 983 8 7 83 2520 33 4 32 16001 9299 35 424 21 32 2204 33 16 2442 6 290 1506 5
17 2210 12248 24 18865 2633 4623 628 35 196 98586 341 33 5
145 628 71 26 16277 25 3 983 49 48044 25 3 2204 2106 2634 14618 25 50 2505 35 3 1506 6 47 23 16 1888 33 5
17299 53 6832 3 11924 1506 4 3 284 29528 3 42136 2106 1534 5
17 3893 13 31 533 14 2854 31 7543 6 3 42136 1506 5
145 317 956 3 42136 2106 1945 4 138 3893 47 3 42136 71 10992 4 8 3 42136 2106 5690 5
17299 8 7995 32 3768 53 17 284 29528 3 42136 2106 1945 35 42136 1506 33 8 9670 91 6 3 1945 6 26 2828 35 9962 1506 33 5
145 6598 16 220 10 678 6 7367 5464 5
208 32 3768 29 45 7947 4 32 3768 7379 7787 16 197 55 35 538 3 3768 1506 33 5
17299 31126 2765 53 6832 3 42136 1506 35 10777 4 1715 4 5464 4 4703 5
33 4 8 3 9962 1506 35 2505 7 3 35596 6294 33 4 9 7787 18358 31126 14618 8787 3 31126 2765 14 3 392 983 5
66 383 26 1744 13 46 1092 16 34 15486 109 23 58259 141 92 93 3768 16 7947 5
17299 31126 2765 53 17 11373 71 2401 57 2190 31126 2765 10373 138 1273 5
17299 31126 2765 53 17 31126 2765 3467 16 2209 10 3 92546 5
17 31126 650 7 129 165916 284 98586 341 5
17 31126 650 7 129 165916 284 5
659 231 3 317 25 3 92546 4 80 383 8468 3 1566 10 678 6 4498 58752 2505 53 80 3847 2769 32 3696 92546 35 196 8941 503 33 5
134 383 3475 509154 3 1566 5
145 2505 16 32624 24 1117 317 3345 496 3 708 42732 2520 5
145 628 754 55 9 2505 1084 14 3 89399 1506 47 80 475 3 983 5
145 2505 6846 3 42732 2106 5761 14 363 31126 1866 35 196 8941 500 33 5
622 946 7 3 152 10 47 3 954 4188 46 5761 31 14644 16 2209 10 8941 12604 5
273 507715 4 80 7673 3 35 92546 14 2843 22917 33 5
17 3316 7 16 6 581 9 6 4301 3 92546 4 34 10 970 7 31479 904 4 44 24 1691 3 63794 1272 14 3 7732 2210 35 42732 4 16001 3333 33 49 4092 35 31633 49 18215 33 6 26 488 6 13014 14 792 9 8593 7 3 1566 8 6 1333 671 6 1018 40 1446 5
17 16 543 15 8 7928 3 1444 7 9962 5897 25 8 25 3 12510 4097 35 196 20498 249 33 5
527 4 3 340 34 852 286 6 7673 3 2190 13538 7 4731 1851 5
81 4 80 8850 6 2975 10 678 6 3001 192 13538 5
17 3316 7 46 4159 16 6 509154 3 7025 92546 10 47 4092 1626 61 1715 5
527 4 23 16 34 9888 6 70 92546 35 106802 4 364784 4 4703 5 33 5
20498 249 5
121625 7 17241 35 39456 33 53 3 13267 7 496 3 4005 4 10 8690 6 5
25340 35 16018 33 43012 54147 1506 1506 27041 40044 5811 12018 5
17 17 42732 738 6 259 47 6034 132 55 3 92546 4 143 6 909 23 4 50 2763 4 50 3074 8 143 6 12248 19 23 5
1796 5066 7 2505 71 26 1867 538 53 249 5
37612 13538 53 145 26849 3 51423 6652 7 3 13538 5630 6 3 857 7 1534 1477 5
145 2464 90 7 3 2505 13 3 42136 383 5603 35 8941 33 5
17 2177 7 44087 8 27319 19 3 1566 53 931 13538 12544 138 1282 10 3782 6034 35 323 105847 4 2804 33 47 509154 138 2763 1272 14 16764 5
17 770 558 6 3 42136 49 6 3 42732 383 26 14644 10 678 6 13655 3 1566 35 8941 33 5
107020 3074 53 5839 3 6684 7 9 3 1566 2106 8456 6 3 42136 2106 1945 383 26 17229 5
107020 3074 59 2464 57 7 3 3893 7 3 2505 6 26 11584 8 383 26 35090 35 8941 33 5
81 3 508 176 7 46 2124 4 80 8270 2565 143 71 26 220 6 5124 192 108 5066 7 2505 5
37612 13538 25149 7 3 9962 16 1867 189 22 3 1506 35 4102 33 653 4 8 22 3 653 7 3 40986 7 192 13538 35 11662 6034 94910 3 1566 33 5
81 21 10 4 46 2505 16 3380 24 3597 35 6722 33 8 9584 35 33 5
81 4 3 5141 7 1427 16 220 6 7673 9 2125 7 5811 98586 704 25 280859 255822 5
17 3316 16 6 26 488 6 2780 63794 6 290 7 3 9962 13538 4 289 49 34 43 31 124560 3380 10 3 92546 35 13538 10961 4097 6034 33 5
766 3597 4095 25 3 39865 1427 5
145 1427 7928 3 7379 7 290 7 3 3893 7 9 9962 1506 25 50 610 8 3 1243 7 9 70670 965 5
145 71 26 4116 65 1691 3 4650 19 15041 3136 3 7444 7 32 5811 5
17 8466 2763 35 11138 33 8 14408 2000 35 33 7 3 3597 31 6234 6 3 3 49366 1427 5
17 11138 1427 2464 3 8466 6825 7 3 303777 35 21 146 3 13987 21 3 3898 19 83 9962 13538 33 5
238 10 4 3 7518 1427 16 3 97 11662 266669 7 5
66 16 220 6 5124 3 1102 13 32 5811 49 9 4650 71 27 15 184 5811 5
66 340 46 24 10472 3 5811 2106 2755 3074 623 58 3 5018 220 6 2769 13 3074 5
17 152 10 47 3 14141 2442 19 7518 31 18213 16 962 538 14408 2520 35 196 8941 33 5
435 3 5141 7 6722 4 58499 4 18861 7 5811 4 16 2106 169 629 4102 5
17 4 88216 8 3597 3001 3 498201 7 1376 6722 4 11138 8 1063 3995 5
17 1043 6154 13 322 4 80 3001 32 27041 653 9299 20498 249 4 8610 7 3 2686 10 47 23 16 6227 5
17 197 7 2505 52 3 1566 21 14644 10 71 26 10644 24 3 42732 8 24 3 1481 35 31633 49 18215 33 5
17 42732 71 4 14 946 4 1919 6 3 42136 9 858 7 884 6 26 2828 15 57 2190 843 7 5811 5
15814 4 3 11373 71 13655 3 1566 154 3 20260 24 2571 3 17807 2770 7 9 11662 5811 5
17 2177 7 44087 8 27319 19 3 1566 5839 3 5114 7 4 104 7 3 11662 6034 496 138 10711 31 3380 119017 4 8 31 15511 496 3 1566 5
17 42136 383 26 488 6 10992 4 4517 8 16201 192 6034 5
17 42732 59 738 6 26 488 6 16201 91 496 3 5114 7 3 31126 2765 13 23 36 5507 35 6406 4 52844 25 3 42136 2106 397 7 1069 4 4703 5 33 5
25149 52 3 34193 7 192 6034 383 59 26 14644 95 13 3 42732 36 26 488 6 50 5772 496 3 92546 5
931 6034 31 9010 8 70 27 3 2763 7 3 9584 53 21 166 21 31479 8 220973 2763 98586 700 5
3194 9299 16 2852 22 9 391 4249 397 5
17 52324 1427 16 220 6 23335 32 3099 7 6 9 45268 8593 10 3 92546 5
66 16 537 6 23335 117 3497 6 57 1427 7 9299 5
17 42732 71 231 46 2505 6 5306 32 5811 49 4 15 3 8101 4 6 5763 23 5
17 1427 4088 3 5141 7 2737 35 827 8 12602 33 8 16 220 6 4301 3 220973 2763 7 3 3893 496 3 92546 98586 700 5
66 16 537 6 23335 3696 266 6 32 9299 35 6908 33 47 71 26 220 6 1000 32 11455 5
145 317 16 220 24 3 42732 6 786 3 42136 2106 1164 6 9 2190 5811 4 14 946 5
3701 9299 496 3 92546 16 32 3099 7 53 3 100678 1427 4 47 25885 25 216015 53 5
17 2770 7 32 9299 2106 2763 31 4939 24 50 11630 5
931 3475 5524 15 3 51423 4 107736 4 31479 8 220973 2763 7 3 6034 496 3 92546 35 7543 24 33 5
107020 14141 355 3 42136 4263 61 32 652 10 3 1566 4 13 1566 383 8035 10 9 7025 152 14 3 42136 6 26 488 6 1445 3 3363 7 30 1945 5
17 42136 3475 57078 9 8593 7 3 9010 3074 5
273 3 42732 6 26 488 6 8114 46 8593 4 3 2505 7 9010 14141 383 59 26 14644 4 21 14 3 67 767 5066 7 2505 4 8 23 383 59 86 26 5913 5
17 604 7 3 39007 1560 16 6 1506 3 537 14141 7 3 9010 496 3 92546 109 3 6905 110 14 3 1506 6 26 11737 10 10534 24 9 14408 10768 4 8 6 26 695 5
238 14 3 8466 5158 4 44342 8635 189 15 3 14408 1506 35 54147 33 8 15 50 498201 4 13 16 6 140 4 3 152 23 16 1303 61 35 27041 33 5
17 67 3597 47 270 192 19471 31 39007 8 35 98586 708 33 5
17 9010 27 35713 14141 47 31 4527 24 993 13 71 26 1022 883 24 3 42136 49 24 184 7 3 92546 2106 9010 5
19699 4 14141 31 6234 94697 8 1270 912 7118 3 9010 8 3 1566 5
42176 17241 8635 15 164 4081 8 3 1534 1506 5
5583 4 23 71 59 26 543 15 7410 1465 10 5979 2030 13 71 26 10475 695 35 33 5
17 74 67 4309 31 109 3 42732 71 3475 4301 49 1970 3 152 3 3074 16 1303 61 5
17 26288 71 3847 12262 4 2565 49 1970 3 5114 10 47 32 9299 2106 3074 16 1303 61 24 3 42136 5
8900 149 4 92 9 1654 3074 29 45 4108 962 35 164 2953 49 1534 33 23 71 59 2565 3 152 23 36 26 1303 61 5
59268 7 32 1566 10 17 71 5998 15564 9 1506 962 10 5
98586 500 842 3 1427 45546 14 32 946 7 9 92546 10 5
145 946 624 25 32 2673 1146 10 4 44 47 29 45 6464 25033 14 6016 5060 5
17 2673 35 68777 4 9331 12283 32330 4 359 33 16 115 55 7 180 20025 3597 8 48 58 57 4746 9010 5
145 1506 842 3 3597 213970 8 35 203 2801 33 5
17 41433 532 27711 17580 3 4262 418 15 3 41433 8156 7 32 1782 4211 5
79 27711 71 526 35 1075 996 3 8156 33 49 408 35 1253 119 124 76 3 8156 33 5
17 9962 1506 45453 70 7 3 27711 2106 2763 35 4801 4 1952 4 4703 5 33 5
17 35713 3074 7 9 27711 16 14644 24 9 164 2953 35 260 19223 2801 33 5
145 164 2953 16 3538 6 3 5300 1660 8 9830 5
12502 4 65 3 27711 16 46350 4 92 23 7121 3 3905 6 1660 4 23 893 6 3 1660 164 8 12134 3 1315 53 1660 35 33 5
5839 3 5114 7 46 2673 4 46 1315 16 3297 24 32 4 9 3323 47 4263 61 3 6372 22117 7 3 27711 4808 15 3 1952 17807 4 8 7212 3 4801 17807 5
81 146 3 216 152 4 351209 59 8035 46786 5
13166 6 3 1117 738 7 46 6016 4 80 304 9 2279 1315 35 2954 33 5
145 1315 1141 50 9937 25 9 41433 532 27711 5
17 3074 7 46 1315 16 14644 24 32 1534 45546 35 2245 19223 2801 33 5
12502 4 65 9 2954 1315 16 23157 10 32 3099 7 3 213970 1427 4 3 1315 7703 3 3905 1660 6 3 125444 27711 5
145 1506 16 4939 538 17241 1586 5
66 16 153 15218 10 32 238306 3359 5
17 74 1581 16 6 1753 32 14502 6 3 496 3 4731 1851 2912 5
17 14502 9118 3 238306 3359 8 4 14 290 1427 7 4 6268 32 3099 7 3 12510 1427 10 3 5
8616 4 14 290 9962 1427 4939 10 3 238306 3359 4 3 14502 6268 9 84 3099 7 3 1427 1427 25 3 5
81 3 5114 7 129 946 4 32 3099 7 3 6722 1427 16 1146 14 3 213970 1427 4 8 184 1146 14 3 1427 5
17 14502 7928 3 507715 7 3 9962 1506 8 1708 32 197 7 4309 25004 3 44342 7 46 1506 5
66 16 3475 537 6 1374 3 14502 14 3 197 7 9 1427 2106 2763 4 3 3905 47 7928 3 2674 25 57 164 6 184 4 8 3 1315 47 36 153 26 2173 4 70 8610 7 120 11662 5811 5
17 92546 16 9255 19 9010 109 9584 7 3 100678 1427 7 3 5
1655 9 2911 20109 4 192 9584 31 4939 10 32 55069 3359 5
6832 4 1427 9584 71 59 26 962 8 15218 10 3 238306 3359 5
527 4 93 198400 71 132 23 1906 6 17807 9 34193 8 9 827 6 192 9584 5
17 31479 1746 7 3 92546 16 4 10 614 4 3 665 7 3514 134212 133 21 99212 67729 49 86671 5
134 3475 1919 538 32 4661 179421 14 99212 5736 47 51 3855 3 3099 3359 1125 24 3 14502 5
98586 503 240 3 6372 665 7 3 3359 10472 3 1506 35 238306 33 8 3 3099 3359 35 55069 33 10 32 2673 6227 538 5
17 14502 59 1708 3 4309 14 41005 8 19680 3 9010 5
66 16 3475 537 6 1374 32 9299 14 50 955 2770 4 6 1626 61 32 1315 4 49 6 1518 23 9 3905 10 678 6 337 50 164 5
59268 7 9 4644 1465 538 32 1534 45546 98586 459 5
59268 7 9 4644 1465 538 32 1534 45546 5
341846 7 3 9584 7 8 213970 98586 503 5
341846 7 3 9584 7 8 213970 5
6722 45546 14 9 213970 8 9 41433 532 27711 98586 500 5
6722 45546 14 9 213970 8 9 41433 532 27711 5
6722 45546 25 3 53 39007 53 1560 4 3 98586 708 5
6722 45546 25 3 53 39007 53 1560 4 3 1427 5
56464 8 6292 2569 80 8270 5518 3 3310 7 2531 5
17 9962 1506 34 97 4286 2505 52 3 1566 10 231 4 44 59 2505 52 3 2485 47 383 26 2828 496 13 1566 24 3 31633 5
5839 46 5114 4 1715 31 4939 24 3 3803 6293 3 52579 6 26 2828 24 9 221 7 9010 4 290 19 4108 4939 4125 5
17 3803 31 3475 4939 24 100637 1534 50185 5
145 843 7 45546 2527 3 1510 8953 14 9974 50 52579 35 227620 4 9149 4 10712 4 1215 4 4703 5 33
238 80 31 2957 19 3364 746 1534 4 80 1384 13 3 9149 7 1715 1141 254 10 32 155240 4230 5
17 1698 4125 31 3380 24 1534 15402 5
17 610 7 3 12026 15103 50 604 8 50 2125 4 21 166 21 3 2125 7 2204 13 16 4836 6 159 46 604 5
238 10 8334 4 87 31 117 523 3351 7 1534 5
145 86 26 3 5577 7 32 2204 2106 884 4 9 2370 4731 652 35 877 32 11934 4 3145 9 392 827 4 4703 5 33
49 2294 9 3905 6 9 2190 6570 5
17 1714 31 641 24 3 1566 2106 9010 8 3380 24 6034 10 5
17 912 31 1867 10 8 4095 25 3 4125 8 1714 5922 10 3 4644 5
98586 459 14103 3 946 7 9 4644 1867 538 32 1534 45546 5
145 4644 88662 3 4653 7 108 4125 35 133 21 33 47 383 26 641 24 3333 7 9 125259 2125 35 14 946 33 5
17 3333 47 345 192 4125 31 138 47 31 2875 10 3 1566 5
145 4644 3899 6 132 3 9534 47 16 6 26 27583 2379 1537 9 392 397 24 19680 3 213970 35 9 8043 5120 33 5
17 946 7 3 4644 10 98586 459 14103 3 20036 2129 7 3 164 4081 220 6 7673 3 35713 3074 7 3 6034 10 3 1566 8 3 1534 50185 10472 9 4644 5
79 4644 2106 652 71 26 3380 24 2294 32 715 6 9 392 5811 6 26 15261 4 8 3 912 7 1324 2011 3 508 652 71 5524 15 3 498 164 7 3 5811 5
134 6227 2210 14141 538 2505 52 3 3803 6 5339 40 1945 5
17 42136 2053 57 49 48 4125 10 3 5114 7 192 3803 5
17 42732 59 6880 15 46 2505 10 678 6 2401 47 2765 6 1919 5
238 14 3 1566 4 87 31 67 926 7 17241 558 6 3 2210 35 150 3 42732 33 8 3 1481 35 18215 33 53 3 19019 2981 8 3 35596 9584 5
17 7112 26288 16 3475 488 6 4517 3 9149 7 1945 8610 7 70 1698 5
66 71 59 1667 3 7608 1531 7 3 4644 110 1303 61 10 3 205 10 47 3 42136 2053 57 49 48 4125 5
66 16 3475 488 6 7367 3 42136 2106 5464 3136 3 678 7 3 1945 6 26 1681 8 3 2201 14 3 912 4939 10 3 4644 35 144745 4 471352 4 4 323 4 280 33 5
25149 52 3 1566 35 3 9010 8 52 3 2485 6 26 2828 33 31 3380 19 3 1506 5
1563 42732 71 3847 16201 91 10 678 6 13014 50 209 2505 4 21 1595 10 8941 13000 4 8 71 24457 89399 14618 35 8941 12099 33 5
5583 4 9 11662 7254 7 3 42732 16 1273 10 8941 12604 35 34520 7 3 954 7 17229 89399 14618 33 5
403086 983 66 383 322 26 9667 13 129 162 1141 254 496 3 5114 7 10 50658 2854 5
5839 46 18423 6684 4 3 53163 3893 31 18902 10 3 42732 2106 10554 35 196947 323 4 1278 109 4887 4 4164 33 5
81 129 267 4 80 7253 6 5114 21 3 89399 983 47 3880 21 9 1625 14 10554 5
17 3316 16 6 7673 9 5114 133 21 46 25 9 8942 20109 4 47 51 4552 286 6 8246 317 276 441 6 159 76 1250 3 2190 2485 110 1303 61 5
81 678 6 112 46 4 80 383 1687 2505 15 3 2485 6 26 2828 35 196 8941 33 25 2505 52 3 42136 35 196 8941 33 5
3735 7118 3 2485 6 26 2828 134 9503 129 162 496 3 5114 7 928 14 13445 162 5
17 3316 7 3 42732 16 6 4530 3 42136 10 15195 137 3 4644 5
1532 7 70 4 80 71 1384 3 4644 21 9 9149 7 1945 4939 24 32 2516 5
17 3893 6 26 1109 31 3475 1441 6 30350 47 71 34 26 2564 4 8 1484 71 34 26 2921 5
20379 4 80 219 13 93876 7 3 9149 7 1945 86 26 25851 137 3003 5
81 46 5114 1314 35 3728 33 2048 1463 3 5141 7 11933 8808 6 3 4644 5
659 772 46 3316 4 79022 5
3 6362 7 3 4644 4 32 197 7 178795 1888 11933 8808 383 26 2173 5
17 4644 383 3475 26 4400 427 76 3 1250 3 3457 6 3 4644 2106 733 25 9 38506 4 623 58 9 45969 20109 5
17 996 2376 3847 5948 67 1225 7 2957 19 13445 2854 53 3 542 7 3 9962 30350 3151 47 31 3092 1888 6 3 4125 10 3 4644 4 8 3 542 7 38506 3151 148 11933 8808 53 249 5
143460 3151 143460 3151 2494 3 3898 148 3 1945 538 3 5375 6652 7 3 4644 5
158 31 3 1821 8867 7 3 30350 7 1945 21 4939 24 3 2516 5
134 31 2274 10 3 317 1888 6 3 1945 5426 6 3 652 4469 24 3 42136 5
980 6621 53 2778 3 73 4007 652 1681 103 13 47 3 42136 29 100 27438 109 2778 3 652 47 29 100 45 27438 24 3 42136 109 2778 3 4007 1945 6 26 1303 61 4 427 76 1250 3 604 35 2106 33 6 26 641 35 47 31 2475 523 6 3 27438 652 33 109 2778 3 4007 1945 6 26 2828 4 65 2016 13 70 4125 31 641 24 3 42136 109 2778 138 1945 508 70 3 4007 1945 5
134 3476 3 1945 5426 6 13 47 16 27438 10 678 6 690 6 1128 3 3457 148 3 733 35 3 194 7 3 4644 33 8 3 42136 2106 2737 10 3 4644 5
30953 4 46 16 617 24 1770 61 342 4355 543 15 3 1534 45546 1595 10 8941 10873 5
17 89399 983 3847 13028 3 2505 1888 6 3 1945 13 31 64287 408 6 13 47 16 4469 5
414373 3151 148 11933 8808 17 4644 71 26 1109 105 9 29540 3364 3 9149 7 38506 11933 8808 5
134 3475 17333 70 7 3 1945 1888 6 13 47 3 42136 16 4149 5
81 4097 970 4 46 770 3 1945 4951 3 1102 7 3 4007 13228 652 35 9573 912 4 164 7 9 6570 4 4703 5 33 5
79 9373 383 26 115 148 192 3151 4 47 35471 6 1570 8783 4 8 30350 4 446 3151 35471 6 3 1698 7 9 5961 4644 5
30953 4 80 31 2957 19 3 3151 148 1270 912 8 94697 21 3915 10 8941 5
66 383 26 4172 13 129 6905 322 16 6 10775 2505 5630 6 3 162 6 26 1303 61 10 678 6 4530 89399 10554 5
5839 46 5114 4 80 8270 1384 3 2505 3297 10 20498 341 5
766 3 1945 47 27 45 1658 55 6 46 397 35 30026 8 38506 3151 33 132 55 3 89399 983 5
980 4108 4 80 31 2274 10 3 317 13 14209 6 3 3467 1945 5
332 46 397 4 80 383 10807 3 2505 5630 6 3 4102 7 652 5
1655 46 5138 4 3 652 5114 16 115 55 7 2505 13 16 1752 1888 6 3 7197 35 6652 4 1714 4 4703 5
33 4 2505 5630 6 3 7518 4 47 16 3 1341 7 3 7197 4 21 166 21 2505 5630 6 3 2204 13 29 4469 3 652 4 21 13 2204 16 3 885 2163 5
134 3475 231 652 42179 10 678 6 3001 3 2505 2442 19 1654 1945 35 9 139196 7 3 1566 115 55 7 3 9010 8 2210 1109 4279 10 3 5114 7 3 652 33 5
20498 341 5
17 89399 983 53 2505 52 3 2485 6 26 2828 5
25149 7500 62856 76360 7 3 767 652 213967 17 73 4007 652 6 27 45 2828 5
145 652 3880 21 9 397 7 4249 25 47 57 71 827 28923 10 3 4644 76360 7 3 4469 652 213967 17 4469 652 5
145 652 86 26 4007 49 12340 5
17 652 29 34 4202 45 2828 4 10 9067 19 3 89399 1506 76360 7 3 4007 652 35 2106 33 276 2016 40 4125 213967 81 2016 3 73 4007 652 4 80 71 2258 3 1945 6 26 2828 496 3 5114 7 3 498 4644 76360 7 3 4007 652 35 2106 33 213967 79 139196 7 3 767 6500 47 340 34 159 3 4125 641 24 3 42136 76 1250 76360 7 3 508 652 35 2106 33 213967 273 290 4007 652 4 80 2258 3 1945 47 1667 23 232 6 3 498 4644 76360 7 1547 652 35 2106 33 414373 81 2016 3 1945 6 26 2828 508 3 73 4007 652 4 80 13977 3 38506 3151 148 3 1945 8610 7 3 4644 5
134 3475 4498 3 1945 47 31 1547 66 16 3 1780 7 3 89399 2204 6 13014 46 197 7 2505 5
17 89399 2204 104428 49 57078 3 2505 1272 52 3 2485 6 26 2828 65 23 7121 9 1229 25 3 11924 2204 11620 32 652 47 29 45 4469 5
145 1414 16 26 30319 8 3244 184 537 2104 16 6 4219 3 2505 65 32 3768 8887 5
134 3476 6 29390 3 2505 7 3 1945 10 678 6 4643 3 1712 6 8172 4 141 92 3 42136 2106 1945 31 4007 5
145 770 13 80 71 581 89399 2765 10 678 6 8898 3 42136 52 3 1866 13 43 132 4 49 61531 6 15616 1837 92 23 1389 105 43 31 52 6 132 9 3366 35 946 53 3413 2915 954 47 22032 3 4073 3 42136 29 115 33 5
3735 7118 3 42136 17 317 52 3 42136 624 25 9 221 7 1543 4 44 31 70 3883 24 3 42136 1506 5
145 317 14209 189 6 17087 628 35 133 21 731 33 8 7039 628 35 133 21 3893 7 2900 22 9 392 89 33 5
66 383 26 1744 13 3 42136 2106 5464 31 2236 8 31 10637 5
1563 3768 1506 16 543 15 3 52568 65253 8 96368 12811 41403 35 258354 33 5
145 1217 1273 9 19372 1488 47 754 9 9373 148 11537 7 5464 35 161189 33 8 50 3117 35 111822 33 5
17 38506 3151 148 126284 80737 31 3380 538 9 221 7 42285 133470 3151 5
5583 4 3 1488 86 26 2442 19 9 5018 7 15908 2376 35 3 1046 14 3117 33 5
17 104 10520 255823 3151 16 170 538 2106 3695 2209 10 26425 8 35 502 33 5
81 146 3 216 152 4 3 42179 5630 6 3 1945 31 59 2236 5
145 317 2228 286 6 196 289 49 34 42136 29 277 220 9 1654 6570 4 14 946 5
81 4097 970 4 80 27 100 4939 3 9796 317 8 3 27098 3893 25 47 89399 1866 71 26 115 5
17 89399 2204 17 89399 983 35 8941 13000 33 1929 286 3 1712 7 10959 89399 2765 5630 6 3 3893 3297 496 23 5
66 3847 1708 3 537 8599 7 3 89399 10554 650 5
134 8270 107 198 2011 7673 9 1506 14 46254 3 14408 10554 7 3 89399 2204 1691 31126 2765 4 13 16 6 140 4 9 1506 7796 2505 8 3 1273 2765 5
66 383 26 1744 13 80 31 418 496 3 5114 7 2854 13445 8 15923 8090 5
134 383 3475 1384 53 2778 17 37538 2129 7 3 2505 694 35 2505 9931 25 2370 89399 4309 6 4731 1851 33 5
2778 350717 35 3 2204 2106 14618 6589 383 2793 8744 10 678 6 159 271 791 76 1250 33 5
2778 145 14618 383 26 14644 2543 6 3 715 35 2007 20297 71 3475 26 115 24 32 11373 33 5
17 6680 47 11851 25 192 14048 31 21 3177 53 99224 4 14478 4 195512 4 214906 8 61338 5
435 441 5422 3 1806 920 7 14408 6358 35 4 293438 543 4 168986 33 4 80 7632 14 3 168986 920 35 27283 323 439945 4 1095 33 47 282 2647 6 3 6680 6755 996 5
980 6621 4 80 3476 303777 1443 35 323 2850 4 359 33 5
145 16 9 35713 8 33855 916 7 6358 4 543 15 15327 954 5
134 8850 3 231 7 9 1506 543 15 9 52301 303777 284 5
145 284 33426 2505 125 427 76 1250 3 34088 7 3 628 694 5
66 6294 2505 232 6 108 926 4 25 954 543 15 13488 2505 7 4819 4309 35 3 89399 1217 33 4 6 3 954 543 15 4097 2505 7 4731 1851 35 89399 4538 33 4 2151 32 25882 653 35 89399 13987 33 5
3194 653 7 34088 4286 2757 47 182 671 9 221 7 954 5
364 197 2464 9 152 7 2957 19 9 1654 1217 4 4651 49 89399 5533 5
17 954 31 27383 24 3 3893 7 3 89399 983 4 8 3153 3 2757 25 3 798 653 5
17 284 3475 2527 9 44040 7787 10 70 108 926 47 6409 3 954 7100 3 89399 983 5
145 1929 828 6 9 858 47 153 44226 3 523 5772 14 89399 2765 5
98586 782 14103 3 2981 8 3 14130 7 3 89399 1506 6573 3 89399 2204 2106 3074 5
17 317 351 76 1250 10 3 15327 176 7 3 954 31 19696 24 129 42732 35 89399 983 33 5
931 29132 31 558 22 3 108 926 7 628 34088 35 1217 4 7968 8 89399 4538 33 5
17 954 446 15327 3893 31 6383 10 970 7 9796 3153 90 7 3 2757 7 89399 954 25 3 798 653 5
17 4416 653 35 4538 33 4 1752 10078 138 89399 5772 47 71 26 3677 496 3 1566 5
931 5772 31 115 6 3 11373 37 13220 13 47 43 1384 6 26 3 104 4279 5
6722 45546 25 3 53 98586 700 5
6722 45546 25 3 53 5
6722 45546 25 3 53 23022 7 9 303777 98586 704 5
6722 45546 25 3 53 23022 7 9 303777 5
17420 8593 7 3 89399 1506 98586 782 5
17420 8593 7 3 89399 1506 5
337788 89399 14618 29 67 9063 53 249 5
238 18215 31 34 535 2246 4 43 215 31 110 392 89399 2765 5
17 18215 31 34 20260 1586 1149 4 95 3 89399 2204 36 582 2765 6 3 42136 37 36 27 3 1251 6 132 3 104 7 3 92546 5
183075 7 3 89399 1506 81 678 6 5507 3 89399 1506 4 3 2510 383 10807 53 249 5
17 2757 7 954 14 3 108 926 7 34088 5
17 89399 954 14 290 7 3 2757 7 954 5
2569 4 80 36 1588 317 25 3 6854 47 71 26 220 65 31291 3 89399 1506 5
322349 3 2757 7 89399 954 134 838 25 3 2062 24 12283 3462 5
35 1422 33 10 678 6 7673 3 2757 7 89399 954 5
134 3455 3 508 65588 12510 6 3 108 926 109 6599 4 7968 8 4538 4 3995 5
145 317 2464 3 1251 6 10807 2757 7 954 22 290 7 3 108 926 35 196 98586 183 33 5
20498 459 5
34417 7 197 24648 14 3 89399 1217 653 7 34088 543 15 35 12283 32330 4 1422 33 5
403086 1217 62856 622 2374 1217 16 42136 9836 4 2016 3 689 2231 10 3 2854 650 5
145 1217 2048 4538 137 47 43 71 1657 4 1000 8 1046 5
17 2505 1272 71 26 170 10 3 1566 145 16 3 104 1510 1217 47 2527 3 2399 5533 5
66 16 543 15 9 2038 2589 1217 5
25149 16 6404 237144 145 1217 754 4284 6 3 42136 4 13663 1537 3 13228 3115 5
100844 142 27 3 5535 13 43 27 1669 449 84 4 44 23 16 3 11373 37 36 27 7737 3 554 650 5
25149 16 2634 20498 503 5
34417 7 197 24648 14 3 89399 7968 653 7 34088 543 15 35 12283 32330 4 1422 33 5
403086 7968 62856 71343 71343 3 2485 10 3 254 7 3 42136 5
145 1264 71 26 220 24 3 11373 6 240 3 42136 3 4007 5533 49 398 84807 520 18215 28662 8 8562 3 31633 24 995 91 12340 317 49 2475 12340 2506 10 678 6 960 3 31633 3925 7 40 1175 6 1033 8610 95541 37050 114 3 31633 71 384 18423 317 49 114 6 384 317 496 3 1566 5
931 7968 852 3 11373 6 240 3 31633 13 43 71 384 3 1272 317 8610 8 3475 293 19 3 983 10 9 3970 4230 4130 2854 145 4651 9751 3 11373 6 816 10 3 3519 21 32 14536 623 58 6 8172 46659 17 15041 8 317 31 59 1254 4 1144 1122 4 6 2565 3 9842 7 1087 2438 4 954 7 2376 4 927 954 4 4703 5
66723 52156 3 31633 65 43 3030 9 2485 9109 20498 500 5
34417 7 197 24648 14 3 89399 4538 653 7 34088 543 15 35 12283 32330 4 1422 33 5
403086 4538 62856 25143 90370 7 6372 8 6050 12171 49 8319 2144 212914 244950 2233 35 15412 266 7 4249 4 332811 4 4 9887 8130 4 21083 4 2807 7 6034 4 4 4703 5 33
378282 331885 7 1851 35 3364 6034 15 9 1978 2430 4 15712 4 15415 49 115046 6034 4 4703 5 33
180110 180110 7 3 4731 1279 35 9 1567 71 26 3380 24 68 19 25033 5690 4 25033 6034 4 25033 37984 1443 4 443816 2233 4 4703 5
33 4 81495 23623 7 1087 2438 155467 137651 7 1087 5690 49 1945 35 7568 3 352 496 47 3 42136 71 398 180 4 4703 5 33
24965 59074 9149 35 6062 13267 4 9526 47 786 5998 480 10 254 4 4703 5 33
65921 162412 3 42136 2106 1966 23996 35 1069 25 468 4 996 4 4703 5 33
57216 21257 10 2109 8 16194 35 8130 4 34959 6034 4 4703 5 33
84630 17 8593 7 13488 13538 4 7 2215 24024 12299 6 3 6845 2117 4 3351 7 5464 4 4703 5
341846 26406 12251 35 3 976 7 9 5761 4 19666 4 4703 5 33
322349 3 108 926 7 3 89399 10554 1506 98586 183 5
322349 3 108 926 7 3 89399 10554 1506 5
322349 3 89399 954 2491 3 2757 7 89399 954 31 4939 4 3 2510 383 10807 3 2442 954 5
79 1396 16 3380 24 9 9149 7 3333 5
17 1102 8 1215 1172 31 543 15 3 3893 7 3 89399 983 5
81 3 508 946 4 80 827 4637 22 3 403086 64362 34088 653 4 19 32 197 7 954 226 23120 5
79 74 1396 14 46 197 16 15251 16 3 42136 16 9 20970 35 33 4 92 43 27 2828 32 1698 3768 35 33 8 92 3 652 2828 16 523 25 3 4007 652 35 278 10 33 5
81 46 267 4 3 1396 10078 3 46659 197 25 3 508 653 5
92 35 20970 323 323 323 323 278
10 33 153 35 46659 33 5
10555 79 2190 89399 1506 18 1146 25 3 2981 962 996 4 8 25 3 3174 24 12283 3462 5
35 1422 33 5
931 2757 31 962 10 98586 183 4 19 290 197 4623 32 596 7 218 954 5
145 89399 1506 18 3677 6 67 9022 1254 14 2854 15923 3803 5
720 13652 7 3 89399 1506 35 2757 8 954 33 16 1272 14 883 7 192 2333 4 47 31 177 523 4 44 47 31 189 543 15 3 216 843 7 2854 5
527 4 80 494 13 192 893 51 97 236 6 26 115 22 3 23449 653 5
273 83 3351 7 2854 35 14 946 14 9 3186 5238 33 4 192 954 51 849 236 6 26 1406 5
49474 2854 6506 6 7732 2854 4 3 2059 7 3 954 71 26 12630 14 19708 6 3 11373 2106 13885 5
17 2854 31660 16 3581 24 3 61088 12040 35 7731 4 5981 109 2850 4 6104 33 5
145 284 18366 253680 6 3 954 47 8509 91 6 26 3455 5
66 16 9888 6 303777 1443 35 323 2850 4 359 33 19 9 858 7 954 47 4 65 979 57 54 3 83 4 321 6 32 652 5
81 129 267 4 46 9149 7 993 42540 6 3 2674 25 57 653 6 184 5
73871 16 4669 24 3 11373 2106 1414 53 3 89399 5533 47 43 2401 15103 3 954 10 3 296 653 47 36 26 16749 5
999 119 77199 4 3 954 10 926 57 8 67 31 59 16749 5
17 17509 7 3 954 47 868 3 89399 983 4 44 47 3789 10 39440 9 5533 83 58 13 3112 24 3 11373 36 4472 5
17 31660 728 61 3 15701 4 150 9 431 47 770 13 3 954 47 3691 868 31 34 255 22 9 13925 4 8 13 3 632 954 31 22285 10 678 6 4643 3 33855 2129 7 3 284 5
12502 4 21 3 8391 1531 4 3 89399 2204 383 132 5772 47 35471 48 8 48 2402 6 3 11373 2106 1866 5
17 89399 2204 86 3475 5250 159 72 8 1752 2780 3 2765 13 23 29 3112 1010 4 144 87 26 48 58 57 42136 22 9 89 5
2382 14615 4 80 51 105 6 1588 3 1212 7 129 1581 5
17 542 255 850 10 46 1181 2899 24 9 7533 767 2062 10 46 857 8 15826 3 2527 7 15140 42732 496 5
134 153 350 2011 240 13 3 22106 284 16 3 104 1408 4 8 12279 3 3893 47 86 26 2069 5
3763 4 10 46 284 4 3 89399 1506 5473 3086 15 3 2541 4 8 3 5464 8 89399 5310 383 26 4939 5
10526 4 3 11373 71 97 2401 148 67 89399 4309 35 2374 49 48579 33 5
134 494 13 23 16 537 6 3764 3 89399 1506 2106 544 7 8 195512 5
4109 56617 329 5606 7 129 162 4 80 71 240 143 129 1581 86 4855 90 7 3 4166 7 1806 2520 5
17 2505 220 14 89399 14618 340 34 5524 15 3 10958 7 3 2485 6 26 2828 5
12502 89399 954 112 34 8 3244 112 34 236 6 1384 2190 317 4 35 92 3 42136 71 196 35687 341 153 33 4 44 36 623 231 614 2505 8610 7 3 2541 35 92 3 1714 7 3 4007 1945 31 5185 4 153 33 5
81 146 3 216 152 4 742 3 89399 2765 12966 11662 2506 6 3 11373 35 132 3 40942 37641 33 4 8942 2505 16 59 15261 8610 7 3 2541 35 132 3 3333 694 10 3 508 1945 37641 33 5
8616 4 3 7 129 1581 16 57 7 50 5591 10777 4 21 12859 24 3 10113 7 129 42732 22 3 921 7 3184 2333 53 3 2854 7 15923 3803 15 1782 4790 35 68777 33 35 9331 12283 32330 4 359 33 8 14 33946 19134 10 692 35 33 35 4 471352 4 4 323 4 911 33 5
81 1243 4 3 89399 1506 7 129 42732 29 632 195512 4 21 23 1388 3 1712 7 1463 4 50654 49 27396 290 7 50 5937 13 36294 10 89399 421 363 35 954 49 2757 7 954 33 5
7219 4 3 7732 2854 7787 58225 3 1273 89399 2765 6 3 42136 11373 1808 5
12502 4 129 12971 1388 2506 6 3 544 929 10 129 5385 5
5583 4 23 383 26 9667 13 511515 16 1752 543 15 3 42136 11373 1322 5
527 4 80 383 34 3993 13 87 36 9851 26 9705 1888 6 3 231 7 129 42732 10 3 5114 7 14510 13445 2854 5
659 26 488 6 293 19 46 843 7 928 4 80 51 27 6 13147 3 3893 47 31 95 3092 1888 6 3 5141 7 4644 4 79022 5
2505 7 3 89399 983 5
249 12162 5
53 109 21326 53 5
341 511515 53 63069 8 271746 284 5
459 100637 1427 47 337892 3 4102 7 1427 5