187 16 32 1723 236 14 11356 4942 9674 3648 10 1979 5
17 676 536 1882 10 1979 71 26 2537 1842 24 19841 15924 3568 2875 5
23209 2520 31 220 6 2703 46 565 44 883 43 31 177 1812 8 1629 10436 6 5937 653 4 49 43 71 34 26 3322 14 523 1979 8 1593 5
81 46 542 9 25033 1217 6 5998 7367 31575 10 589 536 3568 543 15 2755 2236 628 7 2374 5842 326 14 6461 8 676 2374 5842 326 7 9 10753 7 583 1979 16 2209 5
17 1273 17592 2527 11245 5195 4355 4538 8 7732 32542 2642 9556 19 85651 9674 4309 14 4942 9674 5
17 522 240 3 28389 7 46 628 2376 1217 10 6062 4942 9674 24 2790 3 221 7 2915 31575 5
17 5018 2228 6 2705 5897 7 15172 11142 10 9 10753 7 69522 109 10 46 152 3 536 3568 71 26 454 30512 59 137 3 589 891 607 24 15848 14365 7 40 536 9573 8 18108 91 6 26 18356 10 40 536 3568 5
5583 4 10 3 5114 7 3782 1979 4 3 1029 7947 85651 10 3 10753 7 1979 5441 13 3 891 7 9 3782 1578 71 26 4769 19 3 1081 1979 10753 1217 5
19920 31 1621 48 8 48 1812 536 1443 14484 7 307 3893 79022 5
1443 4 21685 1443 4 6461 8 532 1443 4703 5
81 1243 4 1979 27 111802 1715 8 3 14365 142 27 523 2779 25 9 589 5
949 377 589 208231 16 875 4 4440 148 3 3587 8 3 589 3893 154 3 589 247 16 1024 35 273294 323 124567 4 280 33 5
17 589 536 284 8 3 3726 7 50 536 8 1923 773 29 45 3 1441 7 485 518 10 308 85 5
187 16 32 1723 4590 13 117 1979 112 34 3030 21 2161 24 40 5968 5
30879 1979 10798 302 202 48 536 58 1622 463 6 15172 11142 22 9 523 653 7 3 589 247 4165 79022 5
25 1444 6 884 35 10558 4 7914 4 60142 4 323 252207 4 1095 109 12825 323 3454 4 2076 33 5
17 589 536 891 284 35 33 15974 8 1705 1650 10771 7 536 3568 628 5
17 733 7 35 532 7 536 2527 8 569 4 125 5714 9139 1923 912 6 772 5067 8 12329 236 33 71 34 26 3439 276 31218 4321 317 25 3 6830 3318 7 558 628 8 7532 23 76 4393 2505 35 273294 323 124567 4 280 33 5
16816 964 785 6848 14 333 231 7 628 137 4942 9674 2376 10 678 6 1297 884 8 1176 536 5
55568 9674 16 3 6013 13 3 1315 7 9 589 16 12340 49 6436 25 3 230 3074 35 252207 4 2391 33 5
1192 15 4942 9674 8 8188 10 11356 6589 29 45 2374 72 307 1208 5
79 221 7 41154 8 3803 14 48480 10534 773 4 11356 4942 9674 8 4942 8188 42 1589 10 3 20898 66193 605 35 4 2391 33 5
966 7 192 6708 4309 31 268 4964 10 521 1979 10 3 20898 66193 2723 35 518458 4 502 33 4 47 1967 15 88615 4942 9674 8 6708 5
66193 716 35 12283 32330 4 744 33 21722 24722 650 4 589 532 284 4 6825 653 2520 4 20260 2520 22 3 589 653 14 24722 5
17 2859 1142 14 3 216 9375 809 845 66193 3573 210 503 35 52714 4 590 33 15 3 231 7 3154 7896 8 628 2520 10 3 1407 8 601 7 2007 24722 7 2410 8 799 536 589 1443 10 678 6 1297 40 1219 773 5
966 4942 9674 8 6708 35 166809 33 3648 31 543 15 16691 7 2655 589 773 2520 8 9 71179 284 5
158 6786 3 3800 7 70 49 176 7 3 589 72 9 566 7 89 6 96 16 230 4 10 46 152 12340 1315 49 26381 3800 71 26 7947 5
17 230 3800 71 26 5892 4 13228 8 213849 35 273294 323 124567 4 280 33 5
5160 2532 22 13196 536 3568 628 14 3 536 27708 694 3 231 7 42749 6 8468 3 4650 15 3 4695 496 40 589 1443 35 60142 4 514972 4 19294 4 6924 4 323 304960 4 3824 109 514972 323 3957 4 2804 38 4 2804 2453 109 514972 4 19294 4 323 41993 4 3495 109 448587 323 5682 4 1095 33 5
17 45268 16705 71 26 220 6 12262 589 536 3568 628 8 6 1970 14 5464 4 44 43 31 1618 43126 5
323 35 744 176 38 8 176 2453 33 6401 3 166809 4309 14 589 536 1443 8 5042 3 2362 8 4938 7 290 1217 5
1203 7 3 601 1547 6 166809 1967 15 3 6825 653 15172 35 20083 4 22926 4 323 7277 4 280 109 10583 4 28044 4 58105 4 323 50974 4 590 109 6794 323 34874 4 911 109 19959 4 6794 4 323 34874 4 6833 33 4 8 265 1296 35 15152 323 3751 4 1095 109 323 87757 4 2391 109 38296 4 6793 4 323 4 280 109 6793 4 27718 4 323 4 590 33 2994 3 166809 1264 14 1081 589 6461 8 53114 1443 536 3568 5
17 5195 4355 543 4309 4 47 7857 6 3 367062 4309 3936 35 323 4 744 176 38 33 4 31 35578 14 4942 9674 121 43 112 34 1871 9 1540 3003 7 9855 7 3 1477 284 35 2106 33 8 71 26 3677 6 523 926 5
151692 35 744 33 1273 9 5195 4355 31660 14 5998 9409 3 222 7 3 122 19 825 536 3568 10809 5
151692 35 359 33 59 2209 9 5018 14 12390 3 536 3568 628 76 317 8 6422 14 3704 13422 10 536 3568 24 16839 3 222 7 122 19 825 326 3568 5
7914 4 7744 4 38039 4 8 35 590 33 6401 3 589 6461 326 628 2016 3 221 7 68 8 153 6227 9 5394 11245 31660 6 7367 3 85651 5
12283 3462 5
35 6833 33 220 3 5752 4 260286 8 12231 35 42739 33 5018 6 1088 15721 10509 10 678 6 2705 15924 2354 9573 10 1979 5
81 3 308 85 3 2673 7 7732 1442 35 134568 323 4 502 109 24256 4 4 323 146446 4 2391 33 626 57 7 3 104 533 7429 10 4942 9674 5
7744 4 6794 4 323 3290 35 590 33 962 3 15183 543 325 61750 1217 8 677 23 19 67 454 27964 4 3 4015 543 1217 8 3 536385 1217 4 14 19841 8 15826 3 85651 10 1617 628 2757 14 32 2673 6 7112 3977 1443 5
17 9345 522 3817 13 46 5018 7 61750 4242 16 16079 8 48 7716 153 3 83 67 4309 2209 6 7367 85651 5
28044 4 51364 4 10141 4 8 30883 35 590 33 1273 9 15183 27647 5737 543 61750 4242 31660 14 3 628 7 628 4242 5533 5
158 2828 3 8365 15 12643 8 521 93927 6 8612 3 7362 8 3 773 7 3 1273 31660 109 3 522 14580 13 3 1273 31660 29 9 568 1277 7 61750 4242 8 112 34 474 3 31660 10119 5
7744 4 90649 4 323 10141 35 590 33 2042 9 239220 61750 9674 31660 13 29152 5354 197 58702 5533 19 3 61750 19841 5
17 9345 522 240 13 239220 13377 16 488 6 1415 3 325 317 14 61750 9674 5
17 7947 433234 543 15 3 2621 61750 9674 31 7156 6 3 11856 8668 5737 14 3196 100402 4 8 9 312 333 58 30037 32542 992 14 33770 100402 5
2774 8 35 2076 33 1273 32 61750 9674 1217 538 189 6599 1586 23491 34082 8 1427 7005 6 2705 1427 85651 5
17 8365 1556 13 40 3093 61750 9674 5018 2069 3 773 7 5394 1586 4942 10900 2520 543 15 132114 120540 8 23333 52330 2953 2854 27964 5
300 4 471923 4 8 134568 35 7560 33 1967 15 3 726 7 9 337482 14533 6 3855 3 35855 50527 14 15721 4942 6708 10 9 30684 5543 25828 15165 7 9 2114 14029 5
17 29132 7 3 337482 14533 42 23697 7 50527 4209 24 9 2164 197 7 5394 4537 6 3270 397 893 5
17 55906 7 3 337482 14533 42 3 35855 50527 24057 5543 76 3 421 14533 4 9 7039 29784 12516 7 4942 536044 13 51283 2198 3 3898 8 57052 6401 3 15172 150 2489 84 3597 5
17 522 7 29182 1091 3 7362 7 3 1217 4 141 10 3 13746 11952 463 6 15721 6179 5
966 18423 2062 10 3 2673 601 7 7732 1442 31 1967 15 7732 32542 2642 35 439493 33 35 4 2391 109 4 3824 33 8 9 528 221 7 3174 15 3 2673 7 439493 14 166809 27 45 845 5
4 300410 4 8 35 280 33 581 32 1217 14 589 3 166809 284 543 15 3 439493 8 32 6062 928 5018 14 133 1443 5
17 1381 842 13 141 3 9573 7 3 22340 1506 7 49894 133 21 57018 2106 86 581 206 522 8 5986 19 168986 166809 284 5
4 281743 4 8 7975 35 6833 33 1589 9 13752 4462 14 9 5831 538 3 49894 2520 5
145 4462 34298 4 15 3 1625 7 6943 48579 23394 4 3 536 3568 7 290 5831 102033 6 581 3 536 12388 4 8 153 12134 3 4942 9674 2376 5
76588 4 17555 4 8 31845 35 7560 33 2042 32 6062 4942 9674 5018 14 11462 7084 8 9 4942 6708 2516 284 14 3340 8449 7084 5
17 678 6805 2376 5018 18 220 6 12262 288120 5300 7 3 11462 7084 5
435 3 2007 2419 83735 197 42 3455 8 2069 4 4624 1046 1264 18 220 6 5339 4942 2000 4 95 21 6 1128 3 15209 7 3 2419 60401 197 5
39652 2419 60401 2757 42 219399 76 3 32542 992 14 4942 7379 8 19372 7 3 3340 8449 11462 7084 5
79 528 221 7 628 18 3883 8 10637 25 32 1784 433 8 3 1273 31660 18 14580 6 26 1783 8 5551 5
13935 4 60879 4 4 8 35 7560 33 1273 32 1783 17241 5533 14 9409 12388 536 3568 7 9 33299 1457 8004 6 9 40876 5
17 542 1827 6 20640 3 1270 40876 536 3568 8 797 7 3 284 10 267 23 51 26 1219 10 50 271 21365 35 103 40876 33 5
901 523 17241 41154 42 3677 6 3 33299 1457 53 183494 17241 8 7732 32542 2642 5
79 272 653 7 53562 18 6453 14 32542 2642 111 4046 5818 5559 2770 7 23394 220 21 9796 10 3 2520 5
17 542 4964 3 485 785 7 32542 2642 14 11367 3 12388 3568 10 536 6696 386 8 14 16797 3 1574 5681 7 15 10837 183494 1586 14 17241 70 2190 375585 7 1806 1784 6589 5
17 1379 162 16 5446 6 3 565 7 4942 9674 538 521 589 536 3568 628 137 25033 5394 27964 5
81 46 542 4 523 5195 4355 4538 31 220 6 12262 409 13063 402831 2236 628 7 2374 5842 326 14 6461 8 676 2374 5842 326 7 583 9545 1979 35 87471 3876 21 10753 7 1979 33 5
238 4964 996 265 3174 31 1967 15 7732 1442 8 628 4242 4538 3677 6 3 2190 1031 7 589 536 3568 4942 9674 5
17 2374 5842 326 14 6461 8 676 2374 5842 326 628 7 3 10753 7 1979 8 3 19407 3455 24 3 2673 7 3 49894 2520 31 10637 8 9556 19 67 523 85651 9674 4309 6 2705 57868 536 3568 2770 5
81 1243 4 9 4631 7 522 3455 137 192 4309 16 1303 61 6 12042 3 221 7 2915 85651 8 6 1297 3 53562 7 3 4942 9674 2376 5
33962 522 240 3 7362 8 28389 7 3 1273 1217 10 6062 9674 7 15924 536 3568 5
17 1698 7 3 1381 16 21 3177 5
8941 341 1708 10753 7 1979 8 628 317 125 10 8941 459 9 2941 6652 7 290 5018 220 10 46 542 16 2209 5
8941 503 5181 3 17592 8 10 8941 500 522 8 2898 31 392 5
193592 543 15 522 7 46 542 10301 8941 708 5
17 10753 7 1979 16 2852 496 3 1683 379 1792 14 118 3531 4 1810 8 22300 3958 2971 35 545869 33 601 1055 8 1038 1979 4 9503 10 67 523 4483 5
79 74 2146 4 14484 7 108 43287 1979 16 25243 486 3 22723 4 125 3 169 2146 9286 7 500 1979 8 50 689 12602 16 21 1595 10 98586 249 5
17 583 1979 27 825 10777 189 25 9 8466 8 53114 397 7 1069 5
7219 70 3 1979 31 2178 8 12146 1485 3 216 3644 5
766 1979 17244 7 9 837 1702 2936 589 4 47 59 1038 9 8084 5
19920 31 9935 7 9 4097 6404 2378 19 9 26269 7 306 35979 4 8 32 2634 66003 7 37638 1943 7 52 500 35979 5
17 3909 31 9343 19 32 12412 5483 5
17 532 7 3355 7094 10 3 2178 16 3455 137 6404 329610 32760 5
19920 10753 98586 249 5
19920 10753 5
766 3 1979 31 1342 24 9 24128 5636 8 10021 1457 2852 10 9 2911 787 10 47 3 4211 21212 31 1601 5
332 3 589 653 16 2852 9 14603 787 10 47 3 11933 284 8 3 818 3510 1513 31 1942 5
332 3 653 7 3 1570 589 3 5842 1801 1038 9 4444 614 7 3 676 2372 7543 6 3 589 4 2288 9 7489 7 7732 6461 4 9374 6885 8 1308 13221 284 5842 1583 5
3194 589 16 6437 19 32 2410 3726 284 1827 22 6625 536 3568 35 5842 8 12030 33 8 3 1923 912 5
23120 5842 326 14 6461 8 676 2374 5842 326 3568 7 290 589 19 409 13063 402831 16 10637 10 46 26753 5
10526 221 7 14365 4 391 3355 7094 4 596 9139 8 5861 3937 4 89 4 1294 8 168 7 3 122 35 3082 33 4 31 2236 8 1109 21 1216 23394 5
17 3726 8 191404 284 1589 16 10032 10 218 11580 10746 53 857 1925 9419 1752 11924 6 15721 992 137 9 4 15721 8 186269 9419 4623 2333 13 11924 5536 7 628 8818 9419 19 4 2673 9419 4623 28778 8 532 302880 2333 4 5287 9419 13 16 9 3377 11924 6 1481 5
364 7 3 1783 1225 7 15826 528 628 16 6 2705 14125 5897 10 3 4719 628 5
382241 8 19372 31 67 1029 4538 220 14 1913 4438 5897 10 628 2757 5
72293 3 5897 10 628 103 7623 3 85651 9674 31660 16 177 4116 6 384 31575 10 3 589 536 3568 5
132477 31 745 13 27 628 2770 177 523 25 3 628 2770 14 3 1045 7 745 10 3 628 197 5
11245 543 35 323 90940 4 1278 33 4 536385 35 225521 4 172624 4 323 74465 4 1515 33 4 44398 543 35 4 99925 4 323 101369 4 3495 33 8 15183 543 35 133667 4 202948 4 28126 4 323 23551 4 3495 33 85651 9674 4309 31 2638 2994 10 308 400 5
81 46 2124 4 5195 4355 4538 8 85651 9674 4309 4723 10 46 542 14 4942 9674 31 4241 2921 5
1532 4 9 19372 8 67818 7 409 13063 402831 2236 628 538 95033 35 19372 8 56018 3472 33 4 8 35 15183 543 96691 382241 7 20406 19 38222 33 27964 31 3995 1303 61 5
473 95033 8 11856 770 4309 4 3 9674 7 7587 85651 10 290 1427 8 10753 3995 16 2828 538 48015 3638 47985 35 33 31660 5
81 3 5018 3 85651 31 1752 7947 15826 9 1654 10753 35 10753 6494 33 4 10 47 43 31 5325 5
3668 4 3 49894 35 190850 33 6599 31 2042 8 40 7453 14 536 4942 9674 16 4964 5
17 4942 9674 16 2828 15826 3 7060 7 3 19407 4209 24 190850 538 32 31660 3682 6 7367 12768 10 9 628 197 35 4 280 33 8 3 5018 5
5583 4 3 522 3455 24 290 5018 31 677 6 1297 3 4942 9674 2376 5
55706 8 56018 3472 35 95033 33 17 19372 8 56018 3472 35 95033 33 31660 16 543 15 19372 8 56018 2855 5
79 95033 16 9 46302 421 3472 13 16 9168 24 14087 9 3178 38105 76 67 693 30864 2556 4 1431 19 3 6808 38105 13 4286 3 1081 2854 5907 5
17 95033 5018 71 2093 3383 189 28579 8 58994 23394 8 4116 10 5394 9674 7 85651 5
17 1273 5018 16 1827 22 3 7379 7 421 2855 25 47 23 16 537 6 2705 954 543 15 3 2770 5892 24 3 1216 23394 14 3 19372 7 628 8 3 4831 8 1783 7379 7 31575 5
12502 23 16 982 6943 14 5750 2376 7 4942 9674 10 521 89 5
95033 17592 2239 9286 7 108 1172 53 1444 7 3235 3472 4 1414 7 3 243 1646 3472 4 19372 7 84 628 5
17 3297 1217 16 962 10 19372 8 56018 2855 35 95033 33 28252 8 20406 35 4 911 33 5
382241 382241 16 1477 19 16839 671 6034 13 31 825 6 290 83 8 42456 6 3 6034 7880 6 83 18679 5
66 16 4116 14 25418 317 25 129618 628 5
17 3467 27964 71 26 6401 76 67 5835 53 35 4114 33 95453 4309 8 35 25547 33 15183 543 4309 5
931 4309 1871 3 6300 7 9 13377 6 49075 14561 148 6034 10 3 100402 5
81 46 267 542 4 14561 148 6034 31 5559 24 770 7 3 234324 3457 43420 15 48871 628 5
11856 770 16 3467 14 46 542 4 47 9317 6 95453 4309 3936 5
66 2818 21 9796 96734 11856 4 3 221 7 64360 10 47 3 100402 144 26 3868 5
66 2464 290 10753 19 3 1153 871 7 3 6034 23 45163 4 226 5
17 31660 16 543 15 32 140746 4644 4 13638 24 9 16443 4141 4 114 11856 6034 7 3 100402 31 14027 3112 21 3 2007 5
3194 43241 12134 67 1959 53 10 3 74 1092 4 290 5811 16 6234 6 3 10753 446 16 3 8668 6 13 5811 109 10 3 169 1092 31 14832 4 24 8116 3 1153 7 3 6034 496 290 10753 5
61652 595 285 3 11856 112 34 337 35 323 4 3728 33 5
15183 543 96691 382241 7 20406 19 38222 35 33 35 133667 12283 32330 4 3495 33 16 3 15183 543 5018 1109 10 46 542 5
17 5018 2818 67 9796 19393 53 9 521 221 24880 4 8 32 216571 221 4 220 6 7673 9 15183 8515 10 3 628 904 5
79 272 15183 352 10 3 628 904 16 32 9424 61638 17267 19 23348 24880 47 4286 22 248 6034 5
16 32 140746 31660 47 72 3 6034 10 3 100402 4 15826 40 2621 5
208 87 31 48 58 6034 446 3457 25 3 1109 5811 16 287 58 24880 4 153 3 5811 8 50 2621 27088 9 84 10753 5
16 1783 22 1913 18679 19 16084 3157 4 8 23 16 3682 7 7995 85651 21 9 799 15183 352 10 3 628 904 5
17 7362 7 3 31660 16 3092 1768 24 3 1994 7 19393 24880 8 5
49474 32542 2642 8 2370 5018 35 49894 263473 33 439493 35 391542 4 3401 109 4 2391 33 31 628 17241 8 421 363 3648 47 71 26 220 6 1506 1812 3898 148 29132 8 55906 49 6 384 5897 10 628 5
439493 31 3876 59 21 92750 49 70624 2520 8 43 31 2638 220 65 19816 49 8243 2520 71 34 26 3677 5
439493 4363 3576 11518 7 8690 4 104027 317 5447 2367 4 9433 424 21 23791 4 47 12248 19 57 184 8 71 26 2852 10 41748 10746 5
273 946 4 9 3848 2981 9286 7 32 9796 9419 4 32 3354 9419 8 57 49 48 23449 10746 4 114 3 4438 23791 31 2852 5
17 23791 71 26 2164 10 1678 1225 6 916 523 3351 7 104027 6294 53 3 5595 148 2367 7673 3 992 151438 49 6358 5
17 448659 6294 31 2638 3693 10 166809 601 3174 5
81 448659 49894 3 628 5447 71 2975 72 2489 35 10746 7 33 2367 4 44 93 9464 5595 31 1379 4 79022 5
5595 6005 25 55906 7 2367 6 29132 7 2367 10 3 216 9419 49 767 10746 5
931 2520 31 59 424 21 537731 35 106153 33 35 57018 4 10728 33 4 121 3 2370 2981 16 3 35 4 11638 33 5
17 1043 12516 5181 9 182 7 2854 4081 418 671 15 3 216 2485 53 3 733 16 6 4498 333 3800 58 138 47 86 26 3455 25 120 7 3 22455 2520 5
81 3 73 85 4 307 4309 27 45 1303 61 35 4 2391 109 221078 323 4 3401 109 7914 323 13115 4 2391 33 5
17 14510 85929 5018 4763 6 7801 3 55906 7 3 4081 10 3 282 152 5
81 3 267 7 439493 4 43 31 3559 15 3 216 628 4 43 336 671 8 40 55906 31 2164 10 9 837 57 5
18087 33697 41403 35 263473 33 35 6670 4 3401 109 115739 323 5417 4 3824 33 16 3 22340 152 6 7801 2990 32542 2642 21 32 32689 1153 7 40 55906 5
145 5018 71 1297 3 391 773 4 742 23 340 34 1141 76 1250 13 90 2520 71 26 48 5050 58 461 4 8 23 29 3 1653 6 26 177 1369 6 2780 5
132477 9674 4309 622 61750 16 32 9892 35 49 33498 7 11537 33 47 1464 6 26 13033 19 3 8254 7 13 197 7 628 5
132477 11851 106 7 746 3768 4 8531 3768 4 893 10 3074 7 1443 49 15172 10 1443 5
81 46 542 8 3330 9674 4309 31 220 6 7367 15924 3568 5
1354 4309 852 6 384 2489 85651 10 9 628 197 5
117 61750 5018 81 678 6 3030 3 5018 67 19393 236 6 26 197 53 3 13300 7 14414 8338 57 49 48 2915 85651 4 8 32 4416 2123 148757 7 3 230 221 7 785 85651 5
349 3 1625 7 10471 12283 3462 5
9660 35 2773 33 3 785 221 7 3 785 85651 18 12354 1913 3 612 216571 13 44931 3 15728 9424 11102 5853 35 9424 115998 249 33 4 114 9424 16 3 221 7 11537 10 3 628 197 6219 53 58508 273290 4 309581 4 232256 4 4 56012 4 8 14 3 13300 42 3112 2770 148 500 202 8 183 202 5
17 5018 2228 19841 3 61750 2770 10 9 628 197 137 3 13571 8 4631 7 3 67 508 533 19393 53 2778 17 211736 3638 47985 43094 4 2118 25 53 35 249 33 114 4 4114 4 16 3 3638 5606 10 197 6219 13 16 35570 25 3 596 7 3893 10 197 6219 5
2778 17 211736 1568 871 2118 25 53 35 341 33 114 4 9421 16 3 1323 2106 9575 3201 19 35 9424 115998 4114 115998 249 33 3964 7 2558 4 8 3 9600 352 13300 9421 16 2118 25 53 35 459 33 5
19584 9674 5018 57318 8 15826 12768 10 9 392 317860 16 533 10 117 2333 133 21 589 536 252359 5
81 678 6 1262 88038 8 6 19326 27964 14 3 6062 9674 7 12768 10 120 392 317860 4 23 16 533 6 7673 3 5141 7 3 3330 5
79 3330 16 4939 21 32 9892 13 16 13033 19 3 1045 7 3 11537 7 9 628 197 5
1329 70 325 12768 31 1359 53 9 325 3330 16 1359 92 23 16 9 9576 528 871 141 10 3 391 5114 5
17 6227 5018 4 3330 9674 4 16 543 15 3 231 7 9 3330 4859 2567 4 47 8445 9 1846 35 2567 871 33 19 329 5606 7 3 392 317860 35 4 280 33 5
17 1153 8 3 2029 44398 7 70 1432 2770 7 3 3330 4859 42 43420 5
79 392 397 94604 10 3 317860 16 9 3330 92 50 1846 16 1432 8 44931 3 1215 53 6117 18398 1910 4 114 18398 16 9 4650 14644 4599 4 3054 249 18398 459 232 6 9660 35 280 33 5
26666 4 9 3330 4859 2567 110458 3 596 7 3 3235 297 3 1130 14561 7 9 392 397 94604 10 9 317860 6219 25 50 11856 203 4338 8 3 3235 297 3 1130 14561 25 50 11856 243 4338 5
17 4859 2567 16 32 1291 13 2228 6 25767 3 10674 7 3 85651 8 153 1708 317 52 3 5711 14 1945 6 26 2442 19 290 61750 5
81 1243 6 85651 9674 4309 4 184 12643 1291 4 5607 64399 1846 35 33 16 220 6 25767 143 300 8 47 2586 32 61750 16 25 3 1153 871 7 3848 11537 5
17 16 4939 21 53 35 503 33 114 16 9 4719 871 7 32 61750 4 16 3 1153 871 7 14510 85651 10 3 628 197 6219 8 16 3 2029 44398 7 14510 85651 10 3 628 197 6219 5
17 1273 1217 18 3677 6 290 589 7 3 10753 14 189 2103 8 724 628 5
145 2124 4286 3 2673 7 290 5018 962 10 8941 459 5
273 70 29182 2828 10 46 162 4 3 2770 7 3 2374 5842 326 14 6461 8 3 676 2374 5842 326 7 290 589 31 1109 21 6325 23394 5
17 1216 23394 1109 31 53 1294 4 168 7 3 122 4 89 7 3 168 4 596 9139 4879 4 596 5861 4879 4 221 7 14365 8 391 3355 7094 5
17 3394 7 3 3206 1216 23394 6 1384 18 2173 15 3 1625 7 9 9512 2376 8 15 3 1625 7 3 4888 791 15 46 492 21 22319 24 3 4888 767 2062 35 3716 4 4 70498 4 4 323 4 7560 109 70498 4 4 323 4 2560 33 5
17 522 31 3455 14 189 89 4736 35 8 33 5
17 1414 7 89 4736 29 59 805 6 5548 3 3351 7 4942 170 10 3 4736 10 47 1582 912 5630 3355 256078 31 523 5
17 3467 89 4736 4 10 644 4 8409 523 5681 7 1375 1067 42 220 6 10158 785 4942 2442 19 3 3074 7 3 14365 10 3 891 7 7732 6461 5
17 74 2376 7 4942 9674 18 1303 61 24 7623 3 31660 6 290 1427 1658 24 3 95033 5018 5
17 346 1959 3322 14 95033 2376 220 14 4942 9674 31 43628 1298 53 2778 126073 2376 15 3726 628 10 678 6 2705 3 1216 23394 7 1370 3238 15 3 13422 7 3 6325 23394 35 2374 5842 326 14 2374 5842 326 33 5
2778 55706 7 628 538 3 95033 5018 8 7623 37578 4309 35 2858 25017 8 221 7 5036 10 189 3178 8 693 30864 33 5
2778 26010 7 117 85651 9674 31660 6 290 1427 5
2778 10555 7 11245 9008 35 33 6 240 3 2463 7 3238 49 10674 7 290 61750 1658 10 290 1427 5
473 4974 6 3 2376 7 67818 35 8 33 4 10 678 6 4417 3 9705 7 3 27964 13 112 34 852 6 1384 89 8 168 21 1216 23394 4 628 2757 31 3868 76 3 418 566 35 25 6 33 4 3 98383 566 8 3 8462 5
17 1217 3322 14 3 14087 7 3 628 16 3 791 2347 25 767 162 24 3 4888 35 3716 4 4 4 323 4 6833 33 14 47 3 24065 7 3 628 197 10 3 13949 4 21207 8 824 2436 34 6 26 982 1783 14 3 2129 7 3 4942 10 3 2125 7 1979 163 777 5
66 155 34 852 6 8612 3 7362 7 3 85651 11142 10 3 261 465 7 3 657 8 22 3 194 7 3 418 465 5
2382 4149 3 67818 2376 4 3 2236 521 628 18 48871 24 770 7 3 2029 1846 35 64399 1846 33 5018 5
17 2376 7 4942 9674 18 1303 61 24 7623 3 31660 6 290 10753 170 24 11856 770 5
473 5018 4 10 70 1669 18679 4 3 10753 4336 4568 4286 70 266 1658 21 85651 49 5266 5
659 197 3 9796 19393 35 24880 4 33 523 1665 42 1303 61 14 70 628 35 2374 5842 326 14 6461 8 676 2374 5842 326 33 24 2571 3 2770 7 192 19393 5
17 522 240 13 24 1947 3 871 7 57 96734 4599 8 2571 3 871 7 83 96734 3 1669 18679 31 523 5
273 946 92 3 871 7 16 1206 4599 8 3 871 7 23348 24880 17094 153 3 221 7 18679 8 85651 2238 5
17 522 3455 25 192 1665 42 10637 8 3 13980 496 3 18679 42 4729 10 678 6 5339 3 3206 2770 7 189 9796 19393 5
17 522 240 13 16 488 6 2705 18679 19 3 216 15183 8 19 177 825 628 5
81 120 650 4 23 18 1744 13 92 3 871 16 1206 4599 8 3 871 233546 8527 153 3 221 7 85651 7952 6 4472 21 3 221 7 18679 71 26 1658 5
81 1243 4 24 1994 3 2770 6117 459 3 650 16 3449 8 3 221 7 3 3192 18679 16 535 3628 6 67 4 13 16 524 23 18 34 1109 1622 6 6899 19 454 9512 2376 15 3 19393 7 5
22012 3 169 176 7 3 26753 4 3 49894 12516 18 1148 232 6 263473 8 10503 183 49894 2520 5
17 1109 49894 2000 31 53 2778 4018 850 106153 5
2778 249 4438 9419 14484 7 409 23791 5
2778 252680 105487 21 30110 4859 14 3 4438 23791 5
2778 90977 30110 4859 14 3 3354 23791 5
273 3 49894 17241 4 9 837 409 13063 3568 14819 32 3354 410 21 166 21 290 837 409 13063 1216 12911 14819 32 9796 410 5
901 523 49894 263473 42 1148 4 3559 8 2870 14 290 589 7 3 10753 4 232 6 3 67 523 89 4736 1109 35 8 33 8 6 3 5681 7 8179 628 5
17173 9 402831 7 409 13063 8 9 341 190 566 4 3 100402 1547 6 290 49894 263473 9286 7 52 27503 628 1564 4 7 47 1054 202 14 3 928 628 197 4 183 202 14 3 52955 628 197 8 306 202 14 3 2279 628 197 5
966 8365 42 1303 61 19 523 221 7 4438 10746 8 23791 53 1435 4 3 3467 49894 6358 18 3 57 19 3 798 5464 35 232 6 3 1153 6474 3768 8 3 3235 6474 3768 33 18 2828 19 415722 137 3 31660 5964 54 11226 61652 5
17 50527 42 7154 24 3 1884 148 3 521 3568 8 3 3568 1221 24 3 49894 10 3 2279 566 14 3 4942 9674 2376 7 290 589 5
17 522 3455 25 3 2376 7 4942 9674 2173 8118 14 290 589 4 14 3 67 6325 23394 4 8 14 3 67 89 4736 31 43628 8 2209 10 46 2124 5
95033 8 67818 473 95033 2376 4 23 18 170 13 14 70 1979 4 2016 189 3 6325 23394 2374 5842 326 14 6461 8 3 676 2374 5842 326 4 3 104 4788 23394 31 3 221 7 14365 8 3 3355 256078 5
1498 3 724 4 3 1216 12911 5861 4879 16 982 533 215 14 3 19372 650 5
10526 4 3 221 7 3597 1658 14 290 5422 267 31 148 500 8 183 5
81 3 194896 5
3 9149 42749 7 189 2374 5842 326 14 6461 8 676 2374 5842 326 3568 8 42749 14 3 3467 3597 19 85651 31 1595 5
66 16 530 13 3 85651 10 1570 1427 31 1629 3330 2770 8 71 26 2093 2852 4 125 10 9149 628 3 216 16 34 537 5
3194 61750 1658 24 3 5018 16 10921 19 3 89 7 3 168 4 3 168 7 3 122 8 3 1294 5
66 18 14580 13 14 70 3 29182 2828 3 1291 5892 3638 6474 2770 7556 6 26 32 3419 13752 14862 14 3 2376 7 4942 9674 5
7219 4 14 290 589 5422 35 3703 6 3 676 5842 2374 326 14 6461 33 8 14 3 3467 3597 19 3 5018 95033 4 10 3 194896 5
341 8 459 85651 1658 13 31 1029 6 189 67818 4309 3677 31 59 5042 5
145 2125 7 2376 16 982 533 106 23 805 6 10158 3 24902 7 3 628 19372 543 15 3 85651 1658 10 3 3467 1427 8 59 1658 137 3 67818 4309 4 11856 770 8 5
35259 7 2374 5842 326 14 6461 9149 8 7 9 98586 341 5
35259 7 2374 5842 326 14 6461 9149 8 7 9 1427 628 35 95033 33 19 660 7 346 85651 1658 19 35 5743 2103 628 33 5
35259 7 2374 5842 326 14 6461 9149 8 7 9 98586 459 5
35259 7 2374 5842 326 14 6461 9149 8 7 9 1427 628 35 95033 33 19 660 7 346 85651 1658 19 35 5743 724 628 33 5
35259 7 676 2374 5842 326 9149 8 7 9 1427 628 98586 503 5
35259 7 676 2374 5842 326 9149 8 7 9 1427 628 35 95033 33 19 660 7 346 85651 1658 19 35 5743 2103 628 33 5
35259 7 676 2374 5842 326 9149 8 7 9 1427 628 98586 500 5
35259 7 676 2374 5842 326 9149 8 7 9 1427 628 35 95033 33 19 660 7 346 85651 1658 19 35 5743 724 628 33 5
17 508 6160 35 65588 249 8 341 33 240 10 3856 3 85651 1658 24 3 4309 11856 770 8 109 3 1029 85651 31 5042 14 189 2374 5842 326 14 6461 8 676 2374 5842 326 2016 523 4736 7 3 168 5
66 18 6453 13 14 1979 8 35 33 3 85651 31 1029 97 14 3 2374 5842 326 14 6461 125 14 1979 4 4 8 35 33 85651 31 1029 14 189 2374 5842 326 14 6461 8 676 2374 5842 326 5
20498 249 5
132477 7947 19 35 33 8 4309 14 676 5842 2374 326 8 2374 5842 326 14 6461 35 5743 2103 628 33 5
21674 69510 168 2897 6554 2374 326 14 6461 1356 7799 1362 5640 3293 2374 326 1356 7799 1362 28136 4879 1356 1362 1108 1892 27974 4879 1356 1362 2865 3355 7094 1356 1362 24703 7044 503 101687 249 12793 21239 500 269155 205875 6494 11125 51672 6461 326 500 211190 6494 12099 52169 676 326 500 36475 249 12679 42529 1029 323 11856 770 500 236628 117958 249 13387 8944 708 90525 249 10314 15861 500 167065 6494 12336 31386 500 131428 6494 12099 47158 708 144213 249 15155 46489 341 211190 249 20014 4554 341 129019 249 31913 52910 500 68028 249 704 37274 459 697 6494 183 17694 459 249135 249 20568 577 459 235442 249 16681 13549 503 29202 341 10314 6494 500 134029 341 8566 6494 503 145188 341 12099 700 500 254943 6494 10314 6494 341 133146 6494 9073 6494 503 249143 459 9525 407 20498 341 5
132477 7947 19 35 33 8 4309 14 676 5842 2374 326 8 2374 5842 326 14 6461 35 5743 724 628 33 5
6876 2173 2376 8 217 10 3 65588 459 8 503 9439 6 3 7379 7 3 85651 6453 14 3 676 2374 5842 326 47 31 1029 6 70 108 4309 7 628 4242 4538 5
1655 3 6160 23 16 6453 13 104 1029 85651 31 1658 10 3 261 657 5
81 614 85651 42 1658 10 108 523 4736 7 3 168 5
17 74 566 16 261 657 148 8 5
81 3 261 657 189 5842 326 14 6461 8 676 5842 326 27 3 12768 22 9 177 799 1892 7 14365 5
17 169 566 10 47 117 85651 42 1658 16 148 8 154 3 3776 1012 5
17 296 566 16 1547 6 3 194 7 418 465 148 8 4 114 23 16 6453 13 9 4472 10 3 221 7 14365 7 3 589 340 34 35471 6 9 4472 10 326 3568 14 6461 8 676 326 35 47 1141 76 1250 3 9374 6885 8 818 13221 33 5
20498 459 5
9524 85651 1658 19 95033 35 33 4 35 33 4 8 14 676 5842 2374 326 35 5743 2103 628 33 5
21674 69510 168 2897 5640 3293 2374 326 1356 7799 1362 28136 4879 1356 1362 1108 1892 27974 4879 1356 1362 2865 3355 7094 1356 1362 249 160498 6494 16801 6494 249 48580 6494 12793 6494 708 223220 6494 10566 9686 708 36715 6494 18167 11297 341 208425 249 31913 52910 341 35497 6494 782 6494 700 126541 6494 7257 6494 700 182192 6494 6766 6494 700 207996 6494 8016 403 700 142450 6494 6769 3801 249 141061 6494 19050 6494 459 270147 6494 503 6494 459 101560 6494 14828 6494 459 136141 6494 14828 6494 500 238925 249 10314 6494 503 177567 249 9525 407 20498 503 5
9524 85651 1658 19 95033 35 33 4 35 33 4 8 14 676 5842 2374 326 35 5743 724 628 33 5
21674 69510 168 2897 5640 3293 2374 326 1356 7799 1362 28136 4879 1356 1362 1108 1892 27974 4879 1356 1362 2865 3355 7094 1356 1362 459 282922 341 23166 1239 500 245133 6494 31913 1135 500 139249 6494 27462 2131 708 154439 6494 782 1239 708 154356 6494 17513 3801 708 148583 6494 16681 6263 708 25029 341 20559 18137 459 178964 249 35186 2511 503 205166 6494 35497 2913 708 192430 249 41611 1054 708 257941 708 54626 23295 500 147238 341 35322 1596 12099 5
49894 263473 17 4942 9674 2376 2173 15 3 1625 7 3 50527 3455 24 3 49894 252359 17241 16 962 10 46 2124 5
273 3 8347 7 17635 4 10 3 508 2124 97 3 522 14 3 589 10 724 235 35 519 6833 33 31 1595 5
79 19407 2376 15 6461 2374 5842 326 8 676 2374 5842 326 18 2828 8 14 189 745 3 2279 50527 19 9 402831 7 25524 549 31 1595 10 98586 708 35 9 33 8 35 8862 33 3995 5
1301 4 3 3330 9674 8 3 4309 42 3677 6 2374 5842 326 14 6461 50527 53 3 7947 15172 31 217 10 20498 500 5
17 2279 566 14 589 16 25 6 5
27311 50527 7 589 35 9 33 2374 5842 326 14 6461 98586 708 5
27311 50527 7 589 35 9 33 2374 5842 326 14 6461 35 8862 33 676 2374 5842 326 5
20498 500 5
134089 2376 8 4942 9674 19 49894 263473 14 589 5
21674 2897 4465 19407 871 1356 7799 1362 2567 4859 871 19584 9674 5018 94726 78320 64080 44569 60436 51043 21674 2897 4465 19407 871 1356 7799 1362 5018 83712 111846 17 1658 19407 12768 539 785 261 657 15172 14 47 177 272 326 796 16 6453 19 265 68 10 3 1979 35 196 20498 500 33 5
931 5771 35471 6 14324 31575 53 3 272 3568 10 3 261 657 16 463 6 3 6109 607 13 16 34 176 7 1892 628 5
20498 500 842 59 13 3 3330 9674 5018 12134 333 58 3 5018 121 23 16 488 6 7367 9 1370 221 7 34 2915 23261 15172 53 23 144 26 4436 13 46 4774 16 34 614 44 23 16 2190 6 46 1654 2125 7 4942 9674 2673 8 3092 6325 15 3 100402 220 5
81 98586 700 32 946 7 4942 7947 24 3 3330 9674 5018 8 34 24 3 5018 3677 6 589 50527 16 1595 53 46 983 35471 6 9 521 23949 106 3 6461 326 3568 16 272 35 34533 75242 33 19 2201 6 3 89 7 3 168 8 97 57 1892 10 3 589 5
59268 7 4942 9674 137 19407 2376 7 589 98586 700 5
59268 7 4942 9674 137 19407 2376 7 589 5
17 522 3413 13 3 2376 7 50527 4209 137 3 49894 263473 8 3 2673 7 3 3330 9674 5018 2464 9 4116 8 1509 5533 14 3 3330 589 6461 4942 9674 5
17 3330 9674 5018 16 59 1752 3677 6 3 19348 6461 2374 326 796 628 5
81 98586 704 16 1595 32 946 7 61750 35 81895 75242 33 7947 10 3 261 657 14 589 19 3 2770 7 8 2567 4859 16705 5
59268 7 4942 9674 137 3330 9674 5018 2673 6 98586 704 5
59268 7 4942 9674 137 3330 9674 5018 2673 6 3568 628 7 589 5
527 3 628 2376 661 13 6461 326 3568 16 1547 6 307 23394 79022 5
68 4 3355 7094 4 168 8 89 4 95 23 71 26 48044 13 10 46 2190 2673 3 3638 2770 31 34 535 17682 15172 5
12502 90 2915 23261 71 26 170 65 9 61750 9674 5018 16 3677 276 427 76 1250 3 1102 7 3 1216 23394 5
273 46 1033 4 32 166809 650 2828 137 9 19407 49894 263473 2376 16 535 3448 6 1262 3 15778 7 2915 1432 15172 5
41515 7 1029 85651 4752 3 1678 19079 16676 7 3 522 3455 538 3 11245 5195 4355 4538 8 3 50527 2376 962 10 8941 459 4 46 2124 61685 3 31575 1658 137 70 1273 4309 14 90 3467 1979 7880 6 10753 7 1979 10 3 566 5
17 6905 7 46 2376 16 6 1297 3 4942 9674 24 29404 3 2915 31575 8 6 2705 3 2125 7 15172 5
98586 782 842 3 29540 7 9 1427 35 95033 33 19 660 7 1029 85651 7947 24 95033 8 11856 770 19 4 4 8 3330 9674 5018 3677 6 49894 263473 50527 5
81 98586 183 3 7 9 1427 35 95033 33 19 660 7 1029 346 85651 1658 24 49894 263473 50527 35 33 8 95033 35 33 31 1595 5
7 9 1427 35 95033 33 19 660 7 1029 346 85651 7947 24 98586 782 5
7 9 1427 35 95033 33 19 660 7 1029 346 85651 7947 24 95033 8 19 4 8 3330 9674 5018 35 5743 33 5
7 9 1427 35 95033 33 19 660 7 1029 346 85651 1658 24 98586 183 5
7 9 1427 35 95033 33 19 660 7 1029 346 85651 1658 24 130820 50527 35 33 8 95033 35 33 35 5743 33 5
931 915 3413 13 104 521 15924 3568 8887 154 3 261 657 566 5
10526 4 3 85651 7947 24 3 2673 7 70 1273 4309 297 3 1979 31 10637 5
66 18 6453 13 10 70 1979 3 15924 2770 7947 4 31 2638 7 32 8639 2129 5
1203 85651 31 1379 154 3 216 89 4736 4 8 19 9 2121 221 7 68 1892 35 196 20498 708 33 5
98586 407 842 3 2374 5842 326 14 6461 8 3 676 2374 5842 326 3568 111 3 221 7 68 1892 35 782 8 48 33 14 1979 10753 35 2103 628 8 724 628 33 5
17 536 3568 7 85651 1595 10 20498 708 16 21 272 21 3330 1219 465 8 16108 6 3 3568 7 272 221 7 68 1892 5
14689 38112 3293 231 10 117 1979 16 202 7 3330 231 5
1655 192 522 23 71 26 3058 13 85651 1658 24 70 4309 48 338 35471 6 2770 7 521 15924 3568 4 12146 29404 3 221 7 2915 23261 5
20498 708 5
520 1029 85651 7947 24 70 4309 297 3 1979 10753 5
21674 69510 168 2897 6554 2374 326 14 6461 1356 7799 1362 5640 3293 2374 326 1356 7799 1362 1108 1892 27974 4879 1356 1362 2865 3355 7094 1356 1362 500 103282 249 23808 3128 500 459 30102 3132 503 341 30102 2715 503 341 685 9579 708 110124 341 20559 18137 459 74485 249 35186 2511 708 9976 249 41611 1054 500 53850 341 35322 1596 708 56507 249 800 6263 503 47845 249 32443 6417 95913 10422 1571 2374 5842 326 14 6461 8 676 2374 98586 407 5
95913 10422 1571 2374 5842 326 14 6461 8 676 2374 5842 326 10961 221 7 68 5
5602 3 1273 1217 4 46 15924 3568 16 31129 3979 9 964 1058 7 3205 536 5
8616 4 480 3 49894 2520 31 3559 8 3 5195 4355 2520 31 4939 4 70 3 29182 71 26 2828 10 1836 678 89 5
17 1273 17592 2228 6 3030 9 4942 9674 2376 10 401 521 89 8 71 26 2093 6227 10 589 536 891 1443 5
17 542 1303 61 16 4279 10 3 5114 7 3782 1979 5
81 1654 4 3 1029 7947 85651 10 3 1979 10753 5441 13 3 891 7 9 3782 1578 71 26 4769 19 3 1081 1979 10753 1217 5
7219 4 23 144 26 4218 13 4 3 1081 589 628 17241 1217 16 4116 14 9660 7 10520 899 8 1117 857 13693 31 1272 6 3413 3 10520 899 7 57868 3568 5
17 601 18 1827 22 2279 3 785 7 538 628 4242 4538 8 49894 263473 10 3109 19 85651 9674 14 32 11356 4942 9674 650 5
17 2673 7 3 1273 1217 71 1297 4942 9674 650 10 589 2673 24 2790 3 221 7 2915 31575 5
17 4309 1273 8 6227 27 4861 6607 14 9674 5060 19 523 77699 8 9705 5
81 1654 3 32542 12516 5018 29 535 4861 6 26 48 5394 58 3 837 32542 1506 5
17 2376 7 50527 35 49894 263473 33 9556 19 3 3330 9674 5018 29 59 805 6 2705 85651 10 7488 6 3 11763 912 7 3 1979 35 14365 4 3937 4 3355 7094 4 89 8 168 33 5
238 9 8867 3 5018 16 488 6 7367 3 85651 13 146 48 338 3250 521 15924 3568 677 6 61750 1658 24 11245 4309 1122 3677 97 6 2755 3568 628 35 2376 33 5
1249 3 439493 928 197 16 12072 24 9 4942 481 19379 4 3 439493 2279 3354 852 3 37582 7 3 1966 3568 1547 6 3 9796 912 8 32 272 871 7 2279 50527 2464 10588 32 57868 3568 5
17 95033 5018 31660 9556 19 85651 9674 31660 16 982 5394 8 5050 10 1913 3 85651 7 2374 5842 326 14 6461 8 676 2374 5842 326 5
17 5018 2228 6 2258 48 9109 92 3 536 3568 16 2537 523 25 767 3568 19 3 825 11763 912 5
81 3 9345 522 538 11856 770 1217 90 7 3 1658 18679 31 86816 8 85651 31 477 7790 8 841 6 2705 35 3 15924 536 3568 2770 31 39663 33 5
17 5018 2436 6 26 982 6943 14 16839 628 76 18679 12072 24 3 216 15183 8 19 825 2770 5
81 1243 4 3 5018 16 1783 10 2099 671 70 3 85651 10 9 57 10753 35 10753 6494 33 5
81 614 4 23 18 170 13 14 67818 2376 9 6943 14087 7 628 2228 6 4417 3 13292 16018 7 3 27964 35 3 89 71 34 26 1109 21 9796 12911 10 46 31660 33 5
1249 1582 912 337 7671 15 3 1625 7 3 566 7 3 64 8 3092 1951 5842 536 252359 4 70 3 962 2520 27 6 26 26080 1148 8 3559 14 290 235 427 10 1250 3 523 589 1315 912 5
1249 3 19407 2376 8 3 628 4242 4538 1273 10 46 1381 31 488 6 7367 2458 57868 2770 4 10 426 3 17592 322 1273 71 26 2875 3677 59 14 3 9674 7 57868 4695 4 8 34 97 7 12768 4 7 589 252359 5
10526 426 1131 36 1384 3 4942 9674 7 83 589 536 370089 79022 5
53114 5842 8 12030 252359 4 8 9239 3 7732 1442 4538 14 3 4942 6708 4141 5
17 542 36 185 589 536 891 1443 35 33 24 5479 8 19841 15924 536 3568 10 589 1308 536 284 5
17 17592 71 26 2093 5775 19 3 589 536 891 284 6 3030 4942 9674 10 401 521 89 8 71 26 3677 6 3 1979 19 825 370089 5
17 1589 17592 36 26 6227 10 3 86003 2693 10 545869 6 20609 3 589 5842 536 3568 7 3 10753 7 1979 5