81 366 3843 4 6663 9965 6 22346 13 71 1368 4 26856 49 2112 2146 32 22922 652 24 32 9632 366 5
81 46 1381 4 80 1379 32 2410 22922 3074 13 16 488 6 293 19 2643 9375 6663 5310 7 1678 5093 653 5
17 3074 80 1589 29 45 5775 10 32 1806 22190 543 6358 14 1261 17229 1021 8 2870 538 17 1660 9066 9761 96647 35 236655 33 5
134 677 9 1512 9375 129 22922 1264 111 179 7 3 70543 558 10 3 236655 3201 8 4 9 12359 1512 47 227 307 9809 5
17 4631 18 1303 61 111 2643 9375 108 6663 5310 7 1723 5093 8 67 523 11952 53 35 4114 33 9 2370 5662 19 57 3922 15 9 1071 3296 6 16715 21 1003 21 537 109 35 25547 33 32 2410 5662 2096 9 673 15 9 178095 1328 111 307 2643 5
17 522 25 3 2370 5662 240 13 129 1264 71 535 16715 3 3922 366 109 10 1654 4 129 1264 16 1927 48 5262 58 3 83 1603 8 142 665 10 9 312 1305 4 658 4 70 3 83 11379 240 9 48 4959 8 1460 534 13 477 12424 91 6 1332 32 22922 16903 5
355 3843 111 307 2643 15 1812 3908 4 129 1264 522 10 3 282 34113 148 3 89 702 110 3430 24 32 3922 588 8 3 221 7 22922 22346 1681 5
191845 2053 9 629 604 10 3 7732 1442 35 43826 33 7 3843 482 189 10 970 7 773 4 109989 8 547 7908 35 4 2560 109 4 217086 4 323 359999 4 33 5
20268 4 22922 14141 31 177 841 6 3323 35 141 10 8709 482 4 280 33 21 43 27 6 3009 9 528 221 7 23394 35 17905 4 3 498 16480 4 827 4 1952 8 10750 7 3 1512 2106 366 8 3 1711 2643 4 9632 32798 4 18003 4 33 8 9 2726 7 4809 4 3558 4 8 1778 5771 35 17905 4 337 10 2643 16480 4 827 4 8 6663 22346 4 4703 5 33 5
73995 22346 31 5310 13 9 1512 71 231 6 1368 4 26856 49 2285 2146 32 22922 652 24 32 9632 366 8 43 31 3684 4723 10 3843 482 189 24 746 547 8 112589 3333 5
158 31 3054 2828 24 19708 3 1366 16480 95 21 6 2146 3 3843 517 3112 24 32 9632 1366 5
73995 22346 31 3054 1906 6 5507 8 71 2146 141 3 104 2410 22922 5310 5
79 4176 2376 80 2828 35 372127 4 4 217086 4 323 359999 4 590 33 15 550 7 3 104 2651 2220 558 14 236655 842 13 125 104 7 192 2651 2220 5507 5314 22922 5310 4 40 773 16 4480 1842 65 1538 2643 9375 141 1906 6663 5310 5
949 3 104 2410 746 30557 2220 35 17905 4 3 1425 7 3 280 236655 76278 414 3306 33 6392 10 2957 19 2370 6663 5310 5
81 46 1381 4 80 1379 32 2410 22922 3074 4 6227 538 9 22190 284 4 13 71 16715 3558 2643 538 6663 5310 7 1723 5093 5
134 12354 129 22922 3074 538 67 523 11952 53 35 4114 33 9 2370 5662 19 57 3922 15 9 1071 3296 6 16715 21 1003 21 537 109 35 25547 33 32 2410 5662 2096 9 673 15 9 178095 1328 111 307 2643 5
134 1109 2643 9375 108 6663 5310 53 35 4114 33 1574 6663 4 47 58225 6 3 3922 2106 16480 44 19102 201 215 401 6 3 1328 4807 35 95 13 3 9632 366 29 149 90 808 7 7019 3 22922 16903 33 109 35 25547 33 3827 35713 6663 4 47 58225 6 3 3922 2106 16480 19 9 2800 7 57 169 44 29 93 16018 8 71 2112 2146 3 22922 16903 109 35 31883 33 1816 35713 6663 4 47 58225 6 3 3922 2106 16480 19 93 2800 8 93 16018 5
145 162 10316 129 4176 542 35 372127 12283 32330 4 590 33 114 80 2209 9 146 13911 1512 13 86 97 1097 8 16715 57 3922 15 9 1071 3296 5
134 677 129 1512 538 129 2410 22922 3074 111 218 7 3 282 2220 558 14 17 1660 9066 9761 96647 236655 5
1563 522 240 13 10 3 13911 11952 129 1264 71 535 16715 3 3922 366 109 10 1654 4 129 1264 1464 6 26 1927 48 5262 8 142 899 9 312 1305 6 3 366 125 7759 577 202 1028 109 10 2906 4 48 4959 11379 5441 9 6266 534 13 899 93 1305 6 3 366 44 215 477 112 34 1332 120 16903 5
22212 4 129 1512 10260 32 2794 2627 3074 10 47 23 181973 3 6663 3922 24 2337 1324 6 57 487 7 3 1328 35 8 3847 363 3 3922 398 15 3 216 487 33 103 22922 15 3 3634 487 5
1563 522 10 3 48 1812 3843 11952 240 13 129 1264 1708 3 282 34113 148 3 89 702 110 3430 24 32 3922 588 8 3 221 7 22922 22346 1681 5
9066 3843 482 31 9 974 138303 14 4309 7 46333 1442 35 87641 323 4 280 109 4 217086 4 323 359999 4 4 4 109 98634 323 322266 4 280 109 3290 311883 4 461980 4 4 323 328935 4 280 109 37341 4 15816 4 323 275174 4 280 109 372127 4 4 8389 4 313203 4 323 8673 4 280 109 8673 4 174332 4 323 86209 4 280 109 34511 4 94623 4 323 4 274 109 14721 323 81298 4 109 217086 12283 32330 4 274 33 5
145 16 849 463 189 6 3 5681 7 307 24903 48737 19 7025 9855 8 6799 12832 35 236655 109 109 17052 105990 12283 3462 5 33
8 59 6 3 117 35 33 9809 15 17229 366 3843 121 359 22 346 9044 35 17905 4 69558 80043 4 59231 4 69558 183869 4 4 217086 12283 32330 4 274 4 33 5
1203 7 3 1131 845 10 46 352 1101 883 35 4114 33 15 3 726 7 1332 2220 538 9 1773 2726 7 4309 35 17905 4 32542 2642 12283 32330 4 4 4 22190 8783 372127 12283 32330 4 280 109 8673 12283 32330 4 280 109 34511 12283 32330 4 274 109 14721 323 81298 4 4 4 13991 27964 98634 323 322266 4 280 4 12391 2854 4 217086 4 323 359999 4 109 3290 311883 12283 32330 4 280 109 37341 12283 32330 4 280 109 4 152410 4 18036 4 323 15986 4 590 33 109 49 35 25547 33 15 3 96734 27708 7 746 1254 70543 35 87641 323 4 280 109 87641 4 4 323 4 2076 109 4 152410 4 323 15986 4 2076 109 152410 4 4 323 15986 4 2076 33 8 366 17721 35 323 11961 4 911 109 4 217086 4 323 359999 4 590 109 323 152410 4 590 33 5
81 46 2124 4 80 581 9 2941 20071 7 3 845 1131 1547 6 46 542 5
80440 1443 14 366 3843 80440 1443 27 45 13832 220 10 366 3843 482 5
372127 12283 3462 5
35 280 33 1589 9 31462 6358 10 47 3 614 1261 18 6227 24 9 22190 284 6573 3 1341 1952 109 3 22922 3074 18 6227 24 9 1687 187739 13 5607 3 1341 1952 65 2643 42 7947 5
81 14721 8 81298 35 33 4 4556 3 4102 7 5114 6325 22190 284 4 10 47 3 4333 7410 7 3 22190 23394 31 34 3601 44 337 232 6 3 5114 5
17 1273 1217 16 3677 6 1746 9 10768 14 3 366 3843 1223 370 22 359 5
81 14721 8 81298 35 33 4 3 216 4888 4 1379 32 2069 1185 7 3 10768 14 3 359 183869 203349 9066 9761 11416 5
17 1512 29 9 67 10746 6358 13 10556 9 9104 2785 17686 19 9 17882 5577 10768 543 15 22190 8783 5
81 34511 12283 3462 5
35 274 33 4 22190 954 31 4209 25 9 197 7 928 5897 109 3 542 9670 67 4309 14 7470 133 928 5897 8 67 23623 7 3 27364 317 35 296 696 6288 82401 33 5
81 8673 12283 3462 5
35 280 33 4 1379 9 1512 543 15 9 22190 10768 14 3 274 183869 203349 9066 9761 11416 5
1532 4 43 1254 3 954 8 3 22190 2757 7 9 1084 1512 5
1301 4 43 3677 9 4624 31660 6 25450 3 19393 7 3 22190 2757 5
81 372127 12283 3462 5
35 590 33 4 80 2209 32 2007 542 7 6663 10 366 3843 482 543 15 129 791 10 3 1698 7 3 203349 9066 9761 11416 35 217086 12283 32330 4 274 4 33 109 80 661 13 141 3 104 2651 10768 71 3303 6 16715 141 3 104 2370 6663 5310 15 177 1906 1071 1328 7268 109 80 59 661 13 9 1906 22190 10768 86 2703 6663 14141 13 48 2379 2220 732 6 3009 5
191845 14141 10 366 3843 482 1113 22922 5310 31 424 6 345 9 629 604 10 3 726 7 2651 2220 35 12283 32330 4 109 87641 323 4 280 109 87641 12283 32330 4 2076 33 4 265 845 1131 1101 15 46 5890 5
12283 3462 5
35 33 3677 35 48 6621 297265 3098 4 911 33 6 15071 9 2651 1512 3682 7 22922 10 1812 5771 5
17 6358 11824 57 32542 992 14 3 1261 1363 8 57 32542 992 14 22922 5
17 67 2642 42 8736 8118 15 523 11952 5
17 992 14 22922 18 13097 15 260 7 3 689 1261 3074 35 10 9 1835 7 409212 6358 33 65 32 3922 408 6 3 366 18 7947 5
217086 4 307569 4 359999 4 8 35 33 3677 1906 35126 2854 6 1849 1687 5310 14 35 4114 33 22922 32 3922 15 9 1071 3296 24 14342 3 6917 1102 109 8 14 35 25547 33 22922 32 3922 408 6 9 786 538 17749 2800 5
87641 12283 3462 5
35 2076 33 1589 9 1512 14 236655 543 15 9 27364 6 5761 534 4 30512 538 32 13991 1264 19 26895 67704 35 216940 34457 33 5
191845 18 6227 21 9 14533 13 35 4114 33 8179 3 2643 827 8 1952 180 3 1512 8 35 25547 33 4512 3 2643 827 2011 3 1512 2106 1328 10363 5
24106 4 3 2643 42 6085 21 8681 15 3 1328 8 3 22922 1945 42 2828 24 3 2370 1261 14533 5
17 1660 9761 9066 96647 35 236655 33 16 9 12359 526 1351 366 3843 30730 47 1708 9 5242 9855 2869 4 556 7557 43971 35 196 98586 249 33 4 307 3908 8 2520 7 1021 4 8 523 223 23865 35 17905 4 1407 4 2411 673 4 2594 4 4703 5 33 5
17 366 14130 16 17229 24 9 1509 9855 2869 13 1141 76 1250 117 5158 7 3843 1021 133 21 13958 4 48276 4 1096 3568 4 4703 5
3194 366 16 3275 24 32 11356 1512 49 83007 5
332 290 532 1092 4 9 83007 71 909 3 498 223 164 4 47 1038 307 317 52 3 366 8 3 1328 21 166 3 317 52 3 83 1021 15 3 1328 4 8 71 532 3 366 538 3 15518 4 3 5844 3816 4 8 9318 6339 5
17 223 3201 1038 307 21655 70543 47 71 26 2093 16673 49 2262 6 1088 84 70543 5
79 121012 25 236655 98586 249 5
79 121012 25 236655 5
17577 9 3843 366 15 9 1328 1363 16 9 2485 1369 6 447 8 6 1849 538 46333 1442 4309 5
81 2906 4 1261 9 3843 366 111 83 2643 16 177 1812 106 7 3 10774 1945 7 3 2643 8 3 537 16764 148 3 523 2220 5310 5
24106 4 22922 16 57 7 3 104 3558 2485 65 1572 3 7732 1442 7 9 3843 223 35 4 280 33 5
81 644 4 22922 29 6 159 76 1250 3 2643 1261 5310 8 59 34946 537 6663 22346 2828 24 3 2643 6 1368 3 16715 5
81 46 162 4 80 8850 9 6684 6 1746 22922 14141 3682 7 2957 19 1812 11952 2096 2643 13 5507 108 523 6663 5310 7 1723 5093 53 3827 35713 4 1574 4 8 1816 35713 5
15064 9375 9 3827 35713 6663 1264 337 40 2586 97 480 329 169 15 3 1625 7 3 498 827 7 3 15 3 1328 5
145 1264 2697 6 9 623 7025 3074 13 4 1016 7 34168 3 3922 16480 4 27487 6 3 1945 19 4652 893 7 2586 54 9 4203 2800 5
15064 9375 9 1574 6663 1264 18465 3 16480 979 24 3 9632 1512 35 13 3804 6 16715 33 44 4 6 1262 537 16369 4 422 9 927 3457 25 3 4807 7 3 1328 13 16 1978 58 3 22690 7 9 366 5
12502 4 680 17038 177 1003 6 3 1945 4 2643 19 1574 6663 5615 535 822 3 3 808 6 1042 5
5583 4 2220 9375 9 1816 35713 6663 1264 18465 3 16480 7 3 1954 44 40 1945 31 34 1574 2305 3321 5
24106 4 43 71 189 2146 3 9632 366 2112 8 142 59 899 16369 5
134 2262 3 6684 2042 24 372127 12283 3462 5
35 280 33 6 1800 9 10768 3682 7 2957 19 1812 22922 11952 5
980 4108 4 80 1254 9 31462 10768 19 9 108 10746 2981 35 98586 341 33 53 9 7059 9419 13 35168 628 25 3 10363 35 17905 4 3 1799 7 3 1512 2106 366 4 3 6085 827 4 1952 8 16480 7 3 2643 4 3 1328 4 4703 5
33 109 9 421 9419 13 6589 3 628 1252 24 3 7059 9419 8 29408 32 652 6 3030 35 17905 4 12211 4 8894 4 22922 4 4966 25 9 1610 4 4703 5
33 109 32 191404 9419 13 12134 3 3467 652 538 3 558 483482 35 17905 4 3 21422 4 3 12211 4 3 30614 4 3 9318 6339 4 4703 5 33 5
62191 7 3 10768 2106 6358 98586 341 5
62191 7 3 10768 2106 6358 5
79319 9419 145 9419 15974 628 25 3 1566 2867 3 366 8 40476 6589 91 6 581 6943 317 6 3 421 9419 5
17 4919 27364 1506 16 3 216 57 220 14 3 203349 9066 9761 8048 35 217086 4 4 323 359999 4 280 4 33 47 1038 32 6157 7 431757 13 46319 3 1711 1328 2980 21 166 21 3 1711 2643 109 3 498 1952 4 3 2869 2106 66342 4 3 498 5844 4 3 12602 7 3 366 15 3 1328 4 3 1096 653 4 81 1654 4 3 7059 9419 231 3 27364 29132 6 49075 179 23394 13 31 691 6 3 421 9419 53 35 4114 33 3 850 3457 35 5547 33 25 3 5426 2643 486 3 1328 35 196 98586 459 33 109 35 25547 33 3 230 4978 89 35 33 43420 21 3 1221 89 6 1018 3 5426 3922 8500 13 189 1021 2384 3 498 1952 109 35 31883 33 3 29582 3457 35 33 25 3 5426 3922 19 2201 6 3 2124 7 3 1328 47 16 1432 65 3 3922 16 15 3 1512 2106 203 487 8 2366 65 23 16 15 3 1512 2106 243 487 109 35 40378 33 3 827 35 9421 33 7 3 366 15 3 1328 43420 21 3 3703 3457 25 3 1328 22723 35 9421 16 6494 65 366 16 10 3 1559 7 3 1328 4 65 3 366 16 15 3 203 2452 4 8 1635 249 65 23 16 15 3 243 2452 33 5
17 850 3457 5547 4 3 29582 3457 3 827 9421 98586 459 5
17 850 3457 5547 4 3 29582 3457 8 3 827 157451 12099 5
29507 9419 145 9419 29408 3 161 532 1945 543 15 3 29132 1252 24 3 7059 9419 5
66 9286 7 307 19266 13 3009 523 8090 35 98586 341 33 133 21 6762 1261 4 1313 25 3512 4 22922 4 4703 5
81 46 162 4 80 1967 15 3 22922 2485 8 6227 3 12510 14533 21 9 22190 284 543 15 3 46333 1506 7 22190 361614 35 323 1376 10132 4 2804 33 5
24106 4 3 22922 1264 16 1254 21 9 197 7 448377 954 1867 10 9 86026 1375 2030 4 125 3 9575 12715 3033 8 3 9575 3235 31 220 6 5507 8 8 49 4262 5
238 10 372127 12283 3462 5
35 280 33 4 129 22190 284 35 4114 33 2464 29132 538 148389 4333 7410 8 35 25547 33 88788 35 189521 323 4 6760 33 6 3001 3 55906 109 35 31883 33 23 8323 2125 42101 35 468620 4 7416 33 109 8 35 40378 33 2527 3 1055 7 14 5
84181 23394 5
17 179 11065 9796 23394 1252 25 3 7059 9419 31 24717 76 179 25429 23394 137 148389 4333 7410 5
98586 503 842 3 4333 7410 220 6 90942 3 3457 25 3 5426 3922 5547 53 35 4114 33 119 133061 3 194 7 3 16715 4 65 3 3922 16 468 3 3275 366 8 3 16903 71 26 14206 109 35 25547 33 8690 133061 3 104 1568 967 7 3 16715 4 65 3 3275 366 8 32 3922 31 487 24 487 109 35 31883 33 408 133061 3 1431 7 3 16715 4 65 3 3275 366 16 6511 32 3922 5
98586 500 842 3 4333 7410 220 6 90942 3 230 4978 89 53 35 4114 33 1966 42540 6 9 2112 1460 983 4 65 93 4978 71 1636 10 3 401 426 109 35 25547 33 1729 42540 6 9 1460 983 13 250 321 6 9 1778 983 10 3 401 426 109 35 31883 33 2600 42540 6 32 1599 1778 983 65 9 4978 16 7107 109 35 40378 33 2366 42540 6 9 4978 35 58458 24 9 2366 230 4978 89 33 5
29748 7410 220 6 90942 5547 98586 503 5
29748 7410 220 6 90942 59879 29748 7410 220 6 90942 98586 500 5
29748 7410 220 6 90942 5
98586 708 842 3 4333 7410 6 90942 3 29582 3457 21 218 2770 53 4 4 9836 4 4 8 5
5583 4 98586 700 842 3 4333 4859 13 133061 3 827 7 3 366 15 3 1328 9421 10 583 3248 4 25 3 445251 6 3 5
37442 23394 5
17 421 9419 110458 67 3354 23394 8 6 8114 3 22922 3074 7 3 3275 366 53 2464 3 1341 827 7 3 366 8 23 16 58458 538 836 49554 88788 35 98586 704 33 290 57 12510 6 9 1341 827 109 2464 3 1341 10750 7 3 366 8 23 16 58458 19 67 88788 35 98586 782 33 12510 6 556 10750 35 2025 33 8 6 9 556 52887 35 2063 33 5
931 3354 23394 31 103 110 691 6 3 191404 9419 5
15293 1084 5
17 22922 3074 16 3380 21 9 197 7 448377 954 4 290 57 3364 9 396 1990 7 3 1308 2104 53 3 1396 13578 35 3 92 10521 33 16502 65 3 1396 144 26 3677 109 3 1396 8867 35 3 153 10521 33 4353 57 49 48 532 1866 5
238 32 946 4 20498 249 581 9 174882 8593 7 3 1396 1084 13 110458 3 1341 827 6 353 32 22922 16903 65 3 89 6 4978 42540 6 3 22190 871 1729 53 392 3 498 366 827 15 3 1328 35 4848 9421 33 8 3 498 29582 3457 35 4416 1843 33 4 3 12510 1870 827 4286 3 22190 871 7 3 1341 827 5
8616 4 290 1870 827 42540 6 9 22190 1396 10 3 1396 1084 5
17 1870 576 3 1341 827 7 3 366 43420 14 290 21365 7 3 9796 23394 8 157451 17 954 398 3 366 1189 6 3 1328 2452 13 522 10 32 474 10 29582 3457 25 3 3922 5
11346 13 3 3074 10 20498 249 16 34 2112 49554 6 1262 120 107083 3074 13 250 1368 3 16715 5
29748 7410 220 6 90942 98586 708 5
29748 7410 220 6 90942 5
29748 7410 220 6 90942 9421 98586 700 5
29748 7410 220 6 90942 157451 392511 220 6 90942 98586 704 5
392511 220 6 90942 5
392511 220 6 90942 98586 782 5
392511 220 6 90942 5
20498 249 5
14441 3677 65 16 1729 5
17 1870 576 3 1341 827 14 290 537 871 7 3 9796 23394 8 157451 9421 9836 1055 1055 1055 1055 1055 1055 1055 1055 20498 341 842 3 954 13097 6 1262 32 7107 4978 10 3 104 1568 967 7 3 16715 4 65 3 850 3457 5547 16 408 8 3 89 6 4978 16 2600 5
20498 341 576 3 1341 827 8 3 1341 10750 43420 24 3 1396 197 543 15 3 498 366 827 15 3 1328 35 4848 9421 33 8 3 498 29582 3457 35 4416 1843 33 5
8616 4 290 1870 827 42540 6 9 22190 1396 5
20498 341 5
14441 3677 65 16 2600 8 5547 16 408 5
17 1870 576 3 1341 827 8 3 1341 10750 14 523 38060 7 3 9796 23394 8 157451 9421 9836 1055 1635 2063 1055 1635 2063 1635 2025 1055 1635 2063 1055 1635 2063 1635 2025 1635 2025 1635 2063 1635 2025 1635 2025 1635 2025 1635 2025 1635 2025 1635 2025 1635 2063 1635 2025 1635 2025 1055 1635 2063 1055 1635 2063 1635 2025 1055 1635 2063 1055 1635 2063 20498 341 842 13 16715 16 23467 35 983 3380 24 9 2063 1341 10750 33 65 3 366 16 177 408 6 9 1328 2452 5
16715 16 59 23467 65 3 29582 3457 25 3 3922 16 177 396 35 11771 4 16 1055 33 8 59 65 3 3922 2106 827 16 6663 3 5043 22922 517 35 17905 4 65 9421 16 8 16 33 5
26480 4 65 3 5043 22922 16480 16 558 3 16715 16 1681 21 831 21 537 35 983 3380 24 9 2025 1341 10750 10 20498 341 33 5
273 3 8347 7 49913 4 20498 341 340 34 539 3 267 65 16 2305 3 267 16 13 31 34 1568 14 3 1408 6362 7 3 16715 16903 35 10 644 4 3 29582 3457 16 623 528 33 5
931 6200 240 13 129 6684 16 6633 8 2228 6 1746 1812 14141 2093 276 4951 9 3297 3519 2505 7 3 1566 8 50 4919 8593 5
376616 9419 145 9419 9013 3 1945 3467 24 3 421 9419 76 532 1945 13 31 2828 137 3 483482 5
355 3 22922 102033 55906 3 1282 1945 4 3 421 9419 35 4114 33 9013 3 3354 23394 8 35 98586 341 33 76 532 1945 8 35 25547 33 57524 91 19 3 1945 13258 24 3 1261 102033 35 98586 341 33 5
81 1654 4 3 1341 827 16 24717 76 9 9318 4183 43420 21 4 114 16 3 10620 148 3 366 2586 8 3 1328 22723 4 16 3 3235 786 10620 7 3 366 5
17 15987 7 3 1341 10750 76 9 532 652 16 9802 53 9 1432 871 35 11771 4 65 16 2025 33 522 10 32 10750 652 4 125 9 2366 871 35 11771 4 65 16 2063 33 522 10 9 17749 652 5
659 11948 3 532 1945 25 3 22922 8 1261 68434 35 4114 33 3 9318 652 13258 24 3 22922 102033 16 304 3 9318 652 43420 24 3 1261 102033 109 35 25547 33 3 10750 652 13258 24 3 22922 102033 16 1842 24 3 605 202 103 110 304 6 3 10750 652 43420 24 3 1261 102033 109 7521 4 35 31883 33 3 17749 652 16 1842 24 2628 202 103 110 304 6 12510 652 25 3 1261 102033 5
81 3 74 197 7 8365 4 80 677 3 22922 5615 7 129 1512 111 3 282 218 236655 2220 2496 558 5
134 1109 9 2370 22922 5662 2096 9 241 1071 3296 8 32 3922 13 29 6 26 17781 10 3 19838 89 537 5
9508 7 8365 12607 6652 5
766 3 8365 42 2828 15 9 1071 3296 4 409 15441 1773 8 109741 15441 241 4 19 35 4114 33 57 366 3275 24 32 22922 1512 6 8612 8 35 25547 33 57 366 3275 24 3 3922 109 189 2220 220 3 216 366 1506 4 4 558 10 3 236655 3201 35 236655 33 5
332 3 1431 7 32 5867 4 189 1021 42 9503 10 3 1055 7 3 1328 109 3 22922 366 35 3275 24 3 1512 6 26 12354 33 18 5547 4846 468 3 3922 109 189 1021 39 32 2007 1952 7 8945 5
17 5867 781 65 883 35 4114 33 3 3922 1049 3 194 7 3 1071 3296 276 110 17781 35 13 16 4 65 3 22922 16903 732 33 109 49 35 25547 33 3 22922 366 18 3639 1681 3 16903 8 3 22922 366 18 575 15441 588 7 3 3922 5
134 12354 290 1512 538 403 523 2770 7 3457 5547 35 5547 33 5
17 3033 871 7 5547 18 197 6 3489 13 141 3 20229 1512 1109 86 1018 9 1952 4783 6 1332 3 22922 16903 24 3145 9 1952 13 18 22 248 575 3254 58 3 3922 5
29756 23491 5
273 290 5867 4 8 14 290 1512 4 80 5559 3 2156 7 3639 1681 109 3 89 1272 6 1332 1408 22346 109 8 3 2156 7 2096 16369 5
12755 5310 5
17 3922 1512 18 21655 6 2384 3 2007 1952 3628 6 8945 8 6 1097 10 3 1055 7 3 1328 5
659 132 3 22922 2485 7025 4 3 3922 59 6227 9 6663 3074 6 1368 32 16715 261446 24 2556 2571 2586 95 21 6 2146 3 16480 7 3 9632 366 5
134 6227 108 523 6663 5310 7 1723 5093 53 3827 35713 4 1574 4 8 1816 35713 5
17 3922 13097 3 6663 3074 21 831 21 3 9632 1366 18 287 58 2628 15441 305 5
622 3922 9375 9 1574 6663 1264 36073 3 16480 979 24 3 44 4 6 1262 537 16369 4 23 422 9 927 3457 25 3 4807 7 3 1328 35 47 16 1978 58 3 22690 7 9 366 33 5
12502 4 680 17038 177 1003 6 3 1945 4 32 3922 19 1574 6663 5615 535 2690 3 9 808 6 1042 5
622 3922 9375 9 3827 35713 6663 1264 893 50 2586 97 480 329 169 15 3 1625 7 3 498 827 7 3 15 3 1328 5
145 1264 2697 6 9 623 7025 3074 13 4 1016 7 34168 3 3922 16480 4 27487 6 3 1945 19 9 4203 2800 5
5583 4 32 3922 9375 9 1816 35713 6663 1264 36073 3 16480 7 3 1954 44 50 1945 31 34 1574 2305 3321 5
24106 4 23 71 2146 3 9632 366 2112 44 142 59 899 9 4978 5
33962 522 134 677 3 22922 5615 7 129 10768 111 3 282 179 2220 2496 558 10 3 236655 3201 35 4 92345 4 58745 4 33 8 4 9 12359 1512 1425 7 3 280 236655 76278 414 3306 35 12283 32330 4 590 33 5
766 3 2220 42 12354 111 108 3351 7 2643 9375 9 1574 4 9 3827 35713 4 8 9 1816 35713 6663 1264 5
9226 459 576 3 773 7 129 10768 35 217 21 80440 33 8 3 83 218 2220 1109 10 46 162 111 32 3922 19 1574 6663 5
273 290 1512 4 20498 459 576 3 22922 89 21 32 596 72 70 3 3639 1681 77542 5
1113 1574 6663 34427 9 623 2370 1264 4 70 3 2220 558 10 3 236655 3201 3303 6 1332 120 16715 106 7 40 1460 1261 1496 5
17 2376 7 40 60240 240 13 192 11379 3130 6 816 468 3 3922 8 1667 3 6663 1366 4 276 2406 120 4978 19 23 5
2196 129 10768 35 80440 33 8 35 3 282 1512 2496 558 33 4 71 16715 32 3922 19 1574 6663 5
81 1654 4 189 80440 8 2769 9 577 202 1028 489 5
71 16715 10 70 3 8365 276 2406 120 4978 125 129 10768 39 265 16369 35 13 149 805 23 6 1332 3 16715 33 97 10 57 61 7 3 403 8365 2828 4 13563 65 3 2007 3457 5547 16 4728 185780 81 970 7 22922 89 4 189 2220 31 488 6 1332 3 16903 10 9 623 814 89 8093 109 16 1927 3254 58 129 10768 5
145 2659 106 3 48 5242 534 13 129 1512 34427 2818 48 2586 893 58 5
20498 459 5
191845 32 3922 19 3 1574 3074 5
17609 92345 80440 58745 19192 94081 202 94081 202 102590 202 94081 202 94081 202 102590 202 72479 94081 202 94081 202 15905 202 94081 202 94081 202 94081 202 29874 29029 98586 183 9670 3 60240 7 129 10768 35 4416 33 8 35 798 33 10 3 216 22922 17721 109 3 7005 210 3 310211 35 10 1577 33 8 3 1426 1583 3001 3 1366 5
238 71 26 1744 4 71 3639 16715 3 3922 106 23 1080 2503 6 57 487 7 3 1328 8 6866 3 216 16480 285 3 16715 16 1681 5
81 2906 4 129 1512 80440 12134 9 48 5242 16903 6 128 180 3 6663 53 22 3 1431 4 285 310211 704 4 80440 12134 3 3848 22922 16903 8 65 3 3922 16 15 3 216 16480 129 1512 893 2586 8 2179 3 22922 109 21 80440 16 587 2211 4 3 3922 2179 50 6663 652 35 310211 183 33 109 22 46 397 4 129 10768 2503 10 3 3634 2586 8 65 3 3922 12134 184 6663 652 4 129 10768 893 2586 369 35 22 310211 403 33 508 9 3528 16480 13 3390 23 1927 44 522 10 3 6362 7 3 22922 652 5
6077 4 129 1512 4 80440 4 34427 9 623 2410 8 7025 1264 19 9 38275 16903 13 6008 311712 3 3922 154 3 169 3528 2586 337 5
32762 35713 503 576 3 773 7 70 3 2220 1109 10 46 542 111 3 3922 9375 9 3827 35713 6663 5
238 71 26 1744 4 70 3 2220 2936 71 9239 3 3321 3057 7 3 3922 8 71 3847 1332 90 77542 5
527 4 3 216 2800 16 59 3 899 7 3 117 16369 14 70 7 3 2220 13 71 1332 90 77542 53 97 71 1262 120 4978 44 22 3 216 89 23 71 34 1332 120 16715 106 7 50 177 5453 1261 534 5
81 970 7 22922 89 4 80440 10260 3 282 773 4951 15 3 596 97 69692 2106 6 1332 32 22922 16903 5
842 9 177 2651 22922 89 7 28390 139815 8 58745 31 3 20229 11379 4 4951 48 58 306 2106 35 48 58 1429 3 89 1272 24 80440 33 5
6077 4 3 522 1919 13 129 10768 4 80440 4 142 581 3 282 34113 21 23 71 1332 70 3 22922 22346 1003 125 110 694 10 265 16369 5
60240 7 129 10768 4 80440 4 35 260 33 8 35 2245 33 111 3 98586 183 5
60240 7 129 10768 4 80440 4 35 260 33 8 35 2245 33 111 3 1574 3922 8 2007 3457 5547 7 1410 185780 20498 503 5
191845 32 3922 19 3 3827 35713 3074 5
17609 92345 80440 58745 19192 178637 202 80582 202 102590 202 102590 202 112814 202 94081 202 72479 102590 202 65007 202 29568 202 102590 202 29568 202 94081 202 53497 22756 69692 58138 28390 98586 407 9670 3 22922 14141 7 80440 4 4 8 111 3 3827 33855 3922 65 3 2007 3457 35 5547 33 16 7183 185780 238 71 26 1744 4 129 10768 35 260 33 19094 3 22922 10 3 8692 89 125 1947 9 623 1460 29582 3457 154 3 16903 109 16 97 9 312 1023 7066 44 177 2651 19 2201 6 129 1512 109 16 146 7066 8 5589 215 408 6 3 3922 95 13 23 1022 9 4978 154 3 16903 5
35041 35713 500 576 3 773 7 70 3 2220 1109 111 3 3922 9375 3 104 3558 1816 6663 1264 1816 5
238 71 26 1744 4 129 10768 35 80440 33 16 3 97 57 3682 7 7019 70 3 22922 22346 4 2513 1574 1305 10 57 267 4 125 70 3 83 11379 35 141 3 177 2410 33 71 34 1332 32 22922 34 141 480 5
60240 7 3 80440 35 260 33 4 35 1055 33 8 35 2245 33 111 98586 407 5
60240 7 3 80440 35 260 33 4 35 1055 33 8 35 2245 33 111 3 3827 35713 3922 8 2007 8960 7 7183 185780 20498 500 5
191845 32 3922 19 3 1816 35713 3074 5
17609 92345 80440 58745 19192 94081 202 94081 202 102590 202 94081 202 94081 202 94081 202 72479 94081 202 94081 202 29568 202 94081 202 94081 202 94081 202 35186 98586 403 9670 3 16480 979 24 129 10768 35 260 33 4 35 169 25 260 33 4 35 296 25 260 33 8 35 2245 33 5
238 71 26 1744 4 129 10768 29 9 1695 7025 3074 65 677 6 3 70543 5146 19 236655 35 8 33 8 3 48 2651 5
238 1321 1595 4 129 10768 2337 3804 9 623 2029 22922 16903 35 285 310211 708 33 4 21 3 6663 3074 2899 4 129 1512 3804 6 28485 3 3922 24 2337 1324 6 3 243 8 153 6 3 203 19 9 3528 16480 47 2228 14 3 6362 7 3 16903 5
81 2906 4 70 3 83 11379 71 34 4685 19 3 2411 893 10 3 3922 1264 8 43 70 194 55 508 3 366 588 276 7019 120 22922 16903 5
60240 7 80440 35 260 33 35 169 25 260 33 4 35 296 33 8 98586 403 5
60240 7 80440 35 260 33 35 169 25 260 33 4 35 296 33 8 35 2245 33 111 3 1816 35713 3922 19 32 2007 3457 5547 7 6327 185780 13299 5
35135 20498 708 61685 3 522 7 3 8365 2096 3 108 6663 5310 109 14 290 1512 4 3 1870 576 3 596 773 3439 24 290 10768 111 3 108 6663 5310 5
238 71 26 1744 4 97 129 10768 35 80440 33 71 16715 70 3 108 2643 1109 3145 577 202 773 125 70 3 83 2220 71 16715 97 10 287 58 716 202 7 3 745 5
2758 799 773 16 883 463 6 9 5453 1261 534 35 21 10 3 267 7 8 47 3117 460 93 4978 33 49 6 3 7934 6 28485 3 6663 1264 35 21 10 3 267 7 3 1816 6663 1264 65 93 83 1512 71 16715 33 5
6077 4 129 22190 10768 1141 90 1643 8 7121 90 1305 44 22 3 216 89 23 2228 3 6362 7 70 3 22346 95 21 6 581 3 282 34113 148 3 22922 5615 8 3 1305 1183 5
20498 708 5
6077 22922 773 5
17609 202 92345 202 80440 202 58745 202 202 202 19192 48714 35497 102590 48535 51997 48535 72479 48535 30102 30102 48535 12679 94081
81 3 767 197 7 8365 4 80 12354 3 22922 5615 7 129 1512 10 9 2370 5662 13 155 34 539 104 7 3 1543 7 9124 1379 10 2755 3778 35 17905 4 3 1328 3157 4 3 16764 297 523 1261 1496 33 5
81 3 169 197 7 8365 4 80 1109 9 48 7025 5662 2096 9 673 111 48 2643 15 178095 3908 5
145 17721 18506 307 84 2235 10 13 35 4114 33 77542 71 1636 3761 15 3 1328 35 15 9 13839 4 15 9 1071 3296 4 49 162273 91 33 8 35 25547 33 43 3054 3972 48 2643 8 3847 16764 297 48 2220 5
9508 7 8365 12607 6652 5
3194 5867 15995 7 9 2752 10594 673 111 2752 2643 5
12487 4 3 2643 31 30985 5146 486 3 1328 6 24457 9 119975 5662 5
659 2123 3 1543 7 9124 4 70 3 2220 39 3 216 366 1506 220 10 3 767 197 7 8365 35 10 3 236655 3201 33 8 70 3 2643 6227 3 216 1261 8 6663 534 35 1574 4 3827 35713 49 1816 35713 33 5
1249 70 3 2643 10779 3 216 4 43 9408 6 816 30985 5146 486 3 1328 285 43 574 27319 19 3 10768 163 8557 154 22922 22346 5
24106 4 3 12354 1512 36 2337 16715 57 3922 22 3 89 10 523 7268 7 1328 5
1301 4 21 3 2007 2643 3201 16 6197 372 35 106 7 3 16764 19 3 12354 10768 33 4 11952 343 48 1812 19 48 6663 2643 6 16715 10 4430 7714 49 141 22 3 216 89 5
29756 23491 5
17 8557 7 32 22922 1264 15 2755 3843 3908 19 48 2643 16 841 106 7 3 307 34710 13 71 1951 3 1308 8557 35 17905 4 3 366 3351 4 3 1328 3157 4 8 59 6 3 1261 1264 220 24 3 12354 10768 33 5
81 46 542 4 80 873 6 1128 90 7 192 34710 24 441 97 57 366 1506 14 70 3 2220 8 97 57 3922 2125 10 290 5867 5
527 4 3 9124 463 6 3 1261 534 7 3 12354 10768 16 841 6 5199 5
17 61361 7 3 1261 8 22922 14141 31 3054 27691 671 8 23 16 6008 2784 6 8612 523 22922 5310 538 3 216 1261 534 5
24106 4 10 46 542 80 4939 67 1170 13 71 14550 3 9124 463 6 3 4919 1261 534 5
26148 4 80 4939 21 3 676 1058 7 89 13 9 10768 7042 110 3430 24 32 3922 588 5
980 4108 4 16 43420 21 3 221 7 223 53358 9 10768 8051 287 58 302 15441 305 25 32 3922 588 4 11771 4 65 3 10768 16 10 9 827 114 23 250 353 49 23 16 4149 32 16715 16903 5
622 1783 22922 1264 144 1332 9 16903 21 831 21 32 3922 16 408 4 8 3847 23 144 27 9 799 5
332 3 216 89 4 23 144 59 27 9 272 221 7 1681 22922 22346 5
527 4 11379 5507 523 1261 1496 8 14 3099 9 10768 250 1332 48 77542 1122 106 23 16 3254 58 83 1603 19 825 49 141 333 22922 5310 5
24106 4 80 4939 21 3 5514 148 3 676 89 702 468 32 3922 35 33 8 3 221 7 1681 77542 5
84735 3 1951 7 3 1261 534 106 23 16 48871 19 2201 6 3 221 7 77542 8 23 16 3054 798 14 3 2220 13 702 312 89 1767 6 16715 8 1681 307 12755 5310 5
81 3 767 197 7 8365 4 2643 6227 9 1906 1261 534 5714 40 2007 1952 125 1261 10 3 1055 7 3 1328 5
81 46 169 197 7 8365 4 2643 6227 9 48 2410 1261 534 8 4 10 290 1328 5280 4 43420 3 1391 23862 1952 109 153 4 125 1261 4 43 4154 9 1952 180 3 1614 202 7 13 871 5
145 1261 534 16 177 1460 53 3244 2643 36 1097 7066 58 43 2475 250 4 658 4 22 3 216 89 43 36 26 488 6 22098 6663 19 93 2600 7 201 123 3 1328 5
81 1654 4 32 3922 13097 3 6663 3074 21 831 21 3 3457 25 3 9632 366 18 287 58 2628 15441 468 8 6227 57 7 3 108 5310 1109 10 3 767 197 7 8365 35 1574 6663 4 3827 35713 6663 4 8 1816 35713 6663 33 5
33962 522 134 677 129 10768 35 80440 33 8 3 216 218 2220 1109 10 3 767 197 7 8365 35 4 92345 4 58745 4 4 33 111 2643 9375 3 2795 6663 5310 4 1574 4 3827 35713 4 8 1816 35713 35 196 8941 708 33 5
17 8365 42 2828 15 288 3908 25 3 236655 3201 13 86 581 9 206 3358 7 12483 4 32798 4 8 1071 10127 35 196 20498 700 33 5
9226 704 576 3 596 773 7 3 288 2220 111 2643 19 1574 6663 15 3 288 3908 1109 5
81 1654 4 23 842 3 596 4 3 596 221 7 22922 22346 1681 4 8 3 596 5
238 71 26 1744 4 129 10768 35 80440 33 29 3 2654 596 19 329617 53358 5
92345 29 3 2654 297 3 83 2220 13 16 658 575 202 568 58 13 7 80440 5
58745 8 31 3 2220 19 3 1734 4 460 108 400 1978 58 129 1512 5
631 80440 16 3 5052 6 16715 35 21 23 7042 3 248 89 508 2643 33 4 23 12134 3 248 221 7 77542 5
145 16 2638 463 6 3 523 27364 1506 13 80440 2527 19 2201 6 3 83 218 2220 5
1563 10768 2527 9 7025 27364 1506 35 3 216 220 14 203349 9066 9761 3306 217086 12283 32330 4 280 4 33 14484 7 9 6287 7 10855 1079 85761 2867 3 366 5
145 1506 16 1144 7025 44 22 3 216 89 1708 1024 8 13703 317 52 3 13734 8 3 1328 588 5
81 2906 4 70 3 83 2220 27 5551 317 52 3 1566 35 3 1328 4 3 2643 1799 4 4703 5 33
8 3847 5507 623 5242 1261 534 5
273 3099 4 12244 3 19547 3843 517 14 3 498 1328 5
238 9 8867 4 129 1512 16 146 7066 58 3 83 1603 8 4 121 23 738 48 89 6 1018 3 161 3922 4 1308 23 12134 2121 77542 5
527 4 65 80 1384 3 596 4 47 16 48871 72 3 221 7 77542 1681 4 80 1963 13 80440 29 3 282 1308 773 4 11771 4 129 1512 1266 3 248 89 6 16715 32 3922 35 1596 202 287 58 4 3 5052 1512 33 5
32762 35713 782 576 3 596 773 7 3 288 2220 111 3827 35713 2643 15 3 216 3908 35 20498 700 33 5
238 10 3 767 267 4 129 10768 25903 3 2654 19 53358 125 4 21 103 4 92345 16 3 169 282 19 9 7 53358 8 3 1207 57 29 9 7 53358 5
17 221 7 77542 111 3827 35713 2643 31 9 312 1023 287 44 3 1308 3201 16 825 6 3 767 267 53 80440 149 12134 3 248 221 7 77542 5
527 4 92 80 4 47 16 48871 19 2201 6 3 221 7 1681 22346 4 80440 16 149 3 282 4149 10768 5
35041 35713 6663 5
17 522 7 46 197 7 8365 31 177 146 523 25 3 767 745 35 20498 183 33 5
766 3 2220 3439 9 798 596 58 103 8 179 61 7 288 2220 27 9 177 799 596 35 150 129 10768 4 80440 33 5
16 3 282 4149 1512 111 1816 35713 2643 4 189 10 970 7 8 4 125 10 70 3 767 8365 23 2828 1144 3141 5
80440 29 107 48 77542 58 44 10 970 7 596 16 1927 1734 44 23 16 176 7 3 282 4149 2220 19 9 148 6769 8 708 5
20498 700 5
48701 220 6 8612 3 10351 191845 39007 5
20498 704 5
10351 191845 39007 111 2643 19 1574 6663 5
92345 80440 58745 424889 329617 389306 54702 77542 47653 47396 45629 358774 320604 46037 27789 132932 98542 124125 112772 112425 20498 782 5
10351 191845 39007 111 2643 19 3827 35713 6663 5
92345 80440 58745 54702 77542 542841 43333 2511 47396 47653 54260 111502 15520 95714 124125 107209 16885 20498 183 5
10351 191845 39007 111 2643 19 556 35713 6663 5
92345 80440 58745 397364 54702 77542 36606 472727 1403 344062 228010 463193 161101 92508 85201 103115 74329 66815 20498 407 5
52788 7 766 152417 5
92345 80440 58745 54702 77542 557223 253188 408749 446277 428100 553491 234361 119893 72361 209862 97410 39343 17 2376 7 3 3843 18243 1919 13 17038 6 9632 1276 1003 8 276 7138 537 16369 35 1816 35713 6663 16 34 6501 8 71 159 90 552 33 71 26 19415 14 2643 47 27 4166 6 2384 32 1783 1261 1264 125 6663 14141 5
24106 4 141 2220 13 4964 9 623 799 773 10 70 3 767 8090 35 105 33 71 26 2651 111 2643 4149 1816 35713 6663 15 1812 3908 5
66 250 1230 61190 13 2643 19 9 48 2410 6663 1264 31 2538 6 16715 4 658 4 46 16 16615 19 96 329 910 71 791 10 3843 482 53 87 31 5771 35 17905 4 125 23705 49 3675 9 13839 33 10 47 16 48 10139 6 2800 3 6663 652 8 422 3 498 3843 517 1016 7 6663 32 9632 3922 5
24106 4 23 1464 13 9 48 5453 6663 1264 35 105 3 3827 35713 57 33 71 26 146 48 1783 5
332 3 216 89 3 12354 11379 1816 35713 11379 31 48 841 6 1217 8 3847 3 11455 148 12354 10768 8 2643 12244 3 3848 8633 1975 1102 35 16205 4 280 33 5
24106 4 87 16 9 798 121 3 12354 10768 48 477 3006 22 48 58 302 15441 305 25 3 3922 588 35 106 7 3 8633 1975 1102 33 109 22 3 216 89 23 16 48 841 6 16715 8 3847 80 59 1963 2121 77542 19 2201 6 3 767 8365 35 20498 704 8 20498 782 33 5
6077 183 61685 3 2220 773 72 70 3 6663 14141 1109 10 46 162 5
1563 10768 4 80440 4 10260 3 282 1308 773 19 3 2654 35 577 53358 58 3 169 282 4 92345 33 8 3 2654 35 3 169 282 4 4 29 9 5902 568 44 9 146 568 33 5
8616 4 3 22922 534 80 1589 16 1144 1783 21 23 1464 6 26 3 5052 1264 297 3 1603 10637 10 46 162 5
238 277 1744 4 1308 129 1512 19094 2121 77542 121 50 1261 1264 16 287 1783 2638 106 7 3 48 7025 44 59 48 1574 27364 1506 5
81 644 4 125 70 3 83 2220 71 909 32 5551 8593 7 3 1328 8 3 2643 1799 129 1512 29 97 325 317 52 3 366 13734 1252 24 9 6287 7 10855 1079 85761 5
145 6464 12467 3 1261 5615 7 80440 13 1308 16 3 20229 1512 297 3 1603 1109 44 4 21 20498 183 842 4 3 104 67453 10 22922 2643 7 523 3351 5
134 1589 32 2410 22922 3074 13 71 16715 2643 13 5507 6663 5310 7 1723 5093 35 1574 4 3827 35713 4 8 1816 35713 33 10 1678 3843 11952 5
17 22922 18 6227 21 9 22190 284 5775 76 32 1806 1512 6227 538 9 22190 284 13 2262 3 31462 6358 1589 24 57 7 3 4888 35 372127 12283 32330 4 280 33 5
134 2828 67 2757 7 8365 5
81 3 74 197 7 8365 4 80 1109 9 1906 5662 14484 10 9 241 1071 3296 19 57 6663 3922 6 16715 21 1003 21 537 5
81 3 169 197 7 8365 4 80 1109 9 3843 5662 2096 9 2726 7 3908 8 48 2643 70 9375 9 6663 1264 5
134 677 3 773 7 129 1512 111 218 7 3 282 2496 558 2220 14 17 1660 9066 9761 96647 35 236655 33 5
17 8365 80 2209 240 13 129 22190 10768 71 3030 29739 10 189 11952 5
355 3843 111 57 3922 15 9 837 3296 4 129 22190 10768 71 535 1332 32 16715 19 9 1028 489 7 577 202 125 3 83 2220 80 1109 240 9 1028 489 798 58 716 202 5
81 1654 4 90 7 3 104 4149 2220 35 105 33 31 2112 2051 6 1332 32 16715 16903 19 3 48 3558 6663 1496 35 196 20498 500 33 5
355 3843 111 48 2643 15 1678 1328 4 129 10768 4498 3 282 773 72 70 3 6663 5310 35 20498 407 33 189 10 970 7 676 89 702 3430 24 32 3922 35 33 8 10 970 7 596 89 702 3430 24 32 3922 14 290 1681 16715 35 33 5
138595 4 129 1906 22922 3074 842 2794 2627 14141 3979 76 38275 22346 13 71 104237 3 6663 3922 5
145 2048 13 129 22922 1264 71 321 6 48 29949 14141 58 3 17405 1496 6227 10 3 236655 2220 5
1563 1512 1131 15 9 7025 27364 1506 543 15 32 6157 7 10855 1079 85761 21 2400 6 3 5551 317 52 3 1081 673 1566 35 17905 4 827 15 3 1328 8 3922 1799 33 558 6 3 83 2220 1109 10 46 542 5
145 754 129 1512 287 4149 10 970 7 7215 400 44 754 3 1217 48 614 8 10436 525 3 14191 7 366 3843 482 5
81 644 4 426 601 1038 4 15 3 6990 487 4 3 1243 7 9 48 2410 1261 14533 13 144 132 129 1512 2651 59 10 970 7 7215 400 109 15 3 7493 487 4 80 342 6 1101 15 3 231 7 46 718 15 521 1021 5
520 2007 522 27 45 277 845 10 4 27524 4 71515 4 8 372127 4 2560 109 372127 4 71515 4 199064 4 4 8 27524 4 6833 5
249 11346 13 46 15721 1506 16 48 7025 58 3 57 558 10 3 1494 236655 3201 4 47 1708 5551 317 52 3 1799 7 3 1519 1566 150 3 2643 1021 5
341 11346 13 3 1892 7 2752 2643 486 3 1328 3489 13 3 12354 1512 29 6 16715 1144 477 10 117 523 2124 7 3 1328 5