145 1381 1708 32 4567 87930 1217 9931 25 3 3109 7 10753 16676 8 22190 2854 4538 5
1563 601 1708 9 521 267 2104 10 3 2152 536 200 6 2647 6 3 1723 221 7 4360 25 386 2582 6 26 488 6 15564 20164 200 317 21 25114 21 537 5
17 2854 967 16 543 15 3 9676 1146 25 9 277332 10753 2376 5
145 522 10 22190 87930 47 6271 5897 6 26 6234 6 48 58 57 5280 5
145 10 786 6886 13 32 6512 123246 87930 1388 48 8 5944 522 14 2582 5
1563 522 5441 13 306 202 7 3 2113 240 45723 5897 7 3225 106 43 27 9 964 2463 7 26301 6 48 58 57 5280 5
81 133 9 11397 200 4 46 644 7928 348 567 6 1800 48 7608 6599 6 3968 84 834 4643 1806 1603 5
4707 87930 16 9 2669 1971 4102 13 16 72143 1906 6 7673 8 1445 44 16930 841 6 2780 35 156516 323 103543 4 502 109 7914 4 187438 4 323 198668 4 2560 33 5
1354 3 2582 8 1296 10 3 857 31 1967 15 3 9573 8 726 7 3 87930 6599 8 87930 4538 35 4 6833 33 13 185 91 6 333 1445 40 200 4 34 97 6 3823 84 834 44 59 6 422 8 8922 3 1806 1603 5
4752 1072 2106 6300 7 3 200 87930 4102 35 1072 4 12372 33 4 13 6148 3 5248 7 161072 10 3 796 14 2241 8 416 4 200 87930 29 343 9 2669 4102 10 1971 3695 8 1407 5
4707 87930 340 34 27 9 2665 2404 6300 5
1504 3 644 13 3 10752 7 16839 2113 16 64726 4 3 4102 7 200 87930 1010 29 45 3055 10 523 1225 5
2550 4 17331 4 8 11386 35 7155 33 8 385445 8 54417 35 7003 33 42 5864 7 1072 2106 179740 7 200 87930 5
1471 4230 6 18386 200 87930 16 6 2705 62736 52607 10 9 73929 200 35 1104 4 8716 109 180104 4 1515 33 5
7219 4 87 16 9 517 7 601 1967 15 7995 8 9365 9 858 7 6680 13 383 26 15251 14 1783 87930 35 5244 4 4973 109 56202 323 46318 4 4164 109 232827 323 226143 4 1422 33 5
153600 7 50 2677 4 23 16 533 6 1963 13 9676 31 34 2215 9010 13 6661 52241 10 3 7809 109 43 31 4939 24 1296 8 15204 6 1297 40 1175 6 3968 8 1485 40 834 21 282 21 537 35 180104 4 4540 33 5
79 1405 59984 7 3 4102 7 87930 16 170 10 3 6854 53 87930 21 9 1264 8 87930 21 9 5533 35 90099 4 1515 33 5
1655 3 5533 397 7 1069 4 742 48975 834 76 600 250 1194 1144 1906 4 67 2409 14048 11851 65 589 9 87930 1217 5
26148 4 3 3394 7 3 23394 5
81 3 1971 6854 4 307 87930 23394 71 26 170 133 21 14954 4 9908 4 4 25327 4 43132 4 123246 4 8 1247 2190 23394 35 4 6833 33 5
81 644 4 3 1414 7 192 6680 142 321 6 17693 9676 5
17 216 477 8887 65 6098 3 87930 5533 5
83268 24 3 1576 2383 5681 7 1214 9908 4 123246 4 8 25327 628 4 308 601 6154 9 9980 1537 3 231 7 5242 4538 10 523 3351 7 1971 544 4 982 10 87930 35 63801 4 744 33 4 742 46 9980 16 149 22 32 261 967 35 4 6833 33 5
4752 281808 2106 35 1278 33 5766 13 65 26884 3 164 7 3 1450 10 2953 2854 87 16 9 530 2826 10 601 13 10556 6599 13 42 1321 1109 1687 4 46 1381 3899 6 2975 3 6854 19 32 3677 87930 1971 1506 543 15 3 3109 7 67 19372 4538 53 9 11245 10753 2376 8 32 43826 22190 2854 5533 5
659 3 282 7 129 2505 4 46 16 3 74 542 10 9 200 87930 5114 13 11868 18679 6 4498 9 333 8 48 7025 3003 7 3 200 5
145 542 14792 6 3 1806 6854 10 307 1225 5
26148 4 10503 9 67818 5533 35 13 16 6682 4 5314 4 8 7081 2404 24 15204 33 19 9 6633 8 36722 7732 1442 4462 4 142 3855 2794 9796 14 189 9838 8 15204 5
1655 32 3796 397 7 1069 4 46 1381 3390 3 8176 1077 52 4015 4830 7732 1442 2211 5
1655 3 22660 2106 5138 4 32 3070 10 3 10554 650 16 998 21 2582 71 4498 48 5314 8 48 7025 522 5
20379 4 9 2104 16 998 14 3 1723 221 7 739 4360 115 10 3 2152 536 386 14 32 1217 8259 3 9088 7 20164 200 317 21 25114 21 537 24 32 6512 123246 87930 5
53519 4 87 16 3 3982 2177 7 9375 3 1273 1217 10 83 521 224 745 65 534597 87930 8887 5
17 1381 16 5419 21 3177 5
8941 341 7301 15 3 17592 7 5
8941 459 8323 3 1273 17592 6 9 521 1740 267 114 9 557 136 25 3 13001 1031 9676 3 29406 396 8 16565 291 10 1598 5
1192 2334 8 15978 5940 31 2209 10 8941 503 5
5583 4 3 7951 8 8249 14 454 601 31 2921 10 8941 500 5
17 17592 2209 10 46 1381 42540 6 3 4159 7 32 6062 2854 5533 13 6271 6 2601 9 11868 87930 6 9 22190 57 4 1749 5897 6 26 6234 6 48 58 57 5280 5
17 22190 2854 967 36 26 2173 25 3 522 7 9 277332 10753 2376 5
79 22190 4333 4859 16 4939 14 290 5280 41941 19 290 5195 9 60401 7 4333 49 26301 3964 35 1963 13 3 4333 2463 25 22190 2757 3695 16 1744 10 46 1381 21 3 26301 2463 106 23 16 48 6943 6 9 1971 5114 33 5
7219 4 3 4102 7 3 30107 148 9 11868 8 9 22190 19372 16 4939 6 21867 3 5188 148 91 5
80440 6297 15 3 41748 5794 8783 2042 24 35 65122 4 274 33 4 3 22190 197 3695 18 2042 24 163251 35 9749 33 5
17 689 867 16 6 1384 9 22190 197 21 9 182 276 9 2535 11763 35 44672 323 4 911 33 4 3847 2571 3 4333 4859 4102 4939 10 3501 2757 3695 21 9 46302 3490 6 9 11902 4859 5794 10 3 12634 1356 6909 1362 5
163251 12 1217 6 22190 421 2376 1038 3 13538 7 3 22190 3012 8 22190 2576 2770 13 71 26 4129 21 33648 12453 15 3 2770 13 142 26 6234 6 9 12911 5
81 3 22190 2757 6854 4 9575 19772 4 47 31 9 110873 7 35 8176 33 197 13632 4 8 9575 4 47 31 9 110873 7 35 8176 33 197 1456 4 31 1109 3 2370 4262 6 10030 3 7553 317 392 24 67 22190 2770 35 44672 323 4 911 33 5
9575 19772 8 9575 31 3 97 125993 51375 7410 5
931 125993 51375 7410 321 6 9424 527249 51375 7410 24 770 7 3 1821 43241 10 9424 4298 5
2018 192 22190 3 2550 2106 234 16 3 104 7768 220 106 43 71 26 4209 10 9 182439 152 4 21 4939 10 35 249 33 5
35 249 33 114 9424 16 3 221 7 2770 6 26 53608 8 2106 16 3 2550 2106 96734 5
11346 13 2016 3 2770 7 4 3 9575 19772 4 3 27485 4 12240 8 31 3455 4 3995 53 2778 53 27485 53 5736 53 2778 131804 12240 53 2778 53 17173 14 290 9575 12715 3116 50 9460 9575 4939 21 4 10 46 1381 3 180305 16749 5373 31 220 6 10030 3 22190 2770 53 35 341 33 114 16 424 21 3 653 7 9903 7 3 19372 5
66 71 26 1744 13 14 3 9575 12715 16 3455 4 11771 4 3 248 2463 7 9903 16 1109 4 8 14 3 9575 16 3 665 4 11771 4 3 104 2463 7 9903 1109 5
242841 2854 5533 81 2953 2854 8 628 4242 3547 4 12391 2854 16 2239 220 14 43886 3 14843 148 3 9796 5897 8 3 13228 55906 5
931 55906 31 3615 4939 24 9 746 2516 49 24 15705 9 521 6347 5
527 4 10 46 162 4 3 12391 2854 16 4129 21 2854 25 32 2404 234675 67818 5533 5
659 3 282 7 129 2505 4 46 16 3 74 542 10 47 3 2854 967 16 2173 6 1849 25 3 277332 10753 2376 522 5
81 46 162 4 3 12391 2854 5533 16 543 15 3 484530 31660 35 4 2804 109 4 4 323 30452 4 2391 109 35194 323 39173 1376 4 6186 33 4 9 2854 5533 543 15 22190 5373 4 21 4939 10 35 341 33 4 13 6655 3 223753 5615 7 3 8783 4262 72 3 22190 10711 35 323 31845 4 3401 33 5
484530 19601 3 19547 2770 14 9903 8 2550 2106 96734 35 249 33 13 6203 286 6 4498 3 87930 13 282 2388 19 3 11245 87930 2404 9 139061 5
81 1243 4 3 484530 10260 3 24651 148 9676 5
12502 4 3 3982 2104 14 15204 7 41941 6 290 5195 49 1570 9 60401 19 50 4333 3964 6 290 10753 16 10455 4 21 31953 10 20498 249 5
20498 249 5
59268 7 22190 19372 4 114 290 1570 9317 6 290 10753 19 9 1087 4333 2463 5
19419 48323 249 48323 341 48323 11856 249 50311 37931 55131 341 38158 59305 51604 6517 33264 60226 37931 273 3099 4 10 9 11868 87930 4 1570 5527 249 51 26 6234 6 3 10753 249 125 10 3 22190 87930 3455 24 3 484530 31660 4 50 272 4333 2463 6 10753 11856 86 59 26 1109 5
145263 2376 2491 9 40937 650 7 3 4333 3964 16 2173 8 6 1415 3 7100 148 3 2007 11868 87930 8 3 22190 87930 3455 24 3 484530 4 32 2376 7 30107 16 1303 61 5
659 46 194 4 1016 7 9365 3 60869 148 189 3 22190 8 3 11868 87930 4 9 48 6633 89616 16 1109 5
12502 4 290 5195 16 6234 34 97 6 50 3235 4333 5280 4 44 59 6 329 5280 14 47 50 4333 2463 16 272 5
134 4753 9 4333 2463 6 26 272 65 23 44239 3 202 7 50 3235 4333 2463 4 114 16 1618 1109 6 26 1370 58 49 3628 6 5
20498 341 6852 3 22190 14673 1870 2016 9 22190 87930 58508 4 4 4 4 56012 8 50 11868 1185 58508 4 4 4 4 56012 4 125 16 3 221 7 2113 2337 6234 6 5280 72539 10 3 11868 87930 13 27 9 272 4333 2463 6 22190 5280 4114 5
20498 341 5
80440 14673 1870 5
80440 9676 26135 87930 80440 63426 11346 13 8 4 114 6517 16 3 221 7 2113 4 106 307 2113 31 6074 48 58 480 5
527 4 3 22190 63426 164 143 117 2113 7902 9 272 4333 2463 6 290 22190 5280 5
1301 4 3 1291 7 22190 30107 35 33 148 3 11868 87930 8 50 57 16 4939 21 53 35 459 33 355 14 70 2113 40 2737 10 3 11868 87930 17914 19 3 5280 10 47 3 1570 29 3 3235 4333 2463 4 3 22190 30107 1291 148 3 67 16 249 5
81 1243 4 80 71 1415 6 96 3525 3 317 392 24 3 22190 87930 11657 3 11868 87930 5
81 46 1065 4 32 1291 7 4159 35 33 6620 3 1117 317 1252 24 3 16 4939 35 503 33 5
35 503 33 114 16 3 221 7 2113 7880 6 4114 9676 10 3 22190 87930 5
17 646 891 10 9 557 536 136 10 1598 5892 13 7106 348 8 1027 84 834 155 34 4202 24643 4032 3 348 992 5
1858 4 23 961 6 15564 3 200 25 9 84 5138 8 3847 6298 224 773 5
659 1294 4 3 136 2106 87930 1217 18 1553 543 15 189 2443 18701 133 21 3 2125 7 224 35 1392 4 2261 4 2077 4 387 4 25939 33 4 3 1646 7 3 224 35 2118 24 3 221 7 1032 33 4 3 151 352 35 31993 4 4 874 4 33 8 3 1247 10777 35 536 4 35446 536 4703 5 33 5
145 87930 2436 11826 6 3 348 674 5
273 3099 4 3 33560 3274 13644 13 34 70 2077 1694 10 3 1615 642 42 4351 2006 6 736 3 711 2106 67658 1247 5
17 834 1070 6 32 42996 183 202 856 4911 18 4351 16474 5
8616 4 57286 3 711 2106 6578 137 84 2000 8 7410 18 34 4783 6 17421 6 2067 562 48 73929 3212 8 3 236 15 3 176 7 3 711 6 327 84 834 5
10526 4 3 33560 39 127 3 2582 13 3 48467 35 396 8 6127 10349 33 1406 40 4835 8 3225 4808 15 3 1129 8 83 2193 5
145 6464 1842 3 33560 2106 6269 14 16903 5
16816 646 891 2106 518 10 589 9 84 1506 7 2443 87930 13 34 97 943 3 738 8 13885 7 290 5280 44 13 59 86 10366 20053 3 158838 3225 7 2067 35 323 54627 4 590 33 18 57 7 40 689 1446 5
7337 197 17 542 7242 15995 7 2113 2277 148 605 8 2715 37 253 1866 10 40 7562 48467 10 1598 44 13 37 39 483 6 944 120 536 416 25 3 136 5
20498 459 5181 3 5907 4 47 18 16036 24 3 2125 7 136 4 4939 24 40 1534 4 1646 8 352 543 15 3 280 379 55706 7 3958 31873 35 174768 33 628 25 3 2152 8168 1642 35 152335 33 5
20498 459 5
62856 7 3 5907 5
2355 2125 10416 11671 1199 26132 7586 16806 13375 6052 161631 2879 1516 416 16806 73306 9302 23545 3291 1410 31993 25251 93913 24013 73306 252168 5
7 1032 16266 1032 50525 1655 249 6 500 31125 1655 708 6 3722 16462 73306 17 2370 317 14 3 2376 18 3455 137 897 3294 538 9 10032 19026 35 20498 503 41498 90 7 3 952 848 10 3 19026 33 19 6372 270 7 2429 1814 13063 4 3677 6 9 676 5907 7 73306 2113 25 3 542 7242 5
17 6474 3053 7 3768 14 46 5907 1646 18 202 5
2491 3 628 39 45 2816 4 3 306 46302 23394 7118 4651 42 3467 8 67 87930 4538 42 220 14 3 2376 5
20498 503 5
213271 25 3 306 46302 123246 23394 5
9509 11067 79 11067 2636 708 38 105 6 1335 61 996 3 461 4 26 9062 4 523 38 4127 6 26 3 1101 7 1164 15 512 800 81 160 136 38 105 6 159 90 1643 6 15071 81 160 136 38 5547 623 34 159 117 1643 1239 766 536 4880 31 6008 3 216 187 31 533 3272 148 3 523 4880 1078 17 536 6374 1388 4778 2168 10 3 912 17 10169 16 3175 37038 9073 5
11391 25 3 277332 67818 17 74 87930 5533 220 3 234675 11245 5018 424 21 277332 10753 2376 4 19 481 5405 7 11259 5
6297 15 3 277332 10753 2376 4 3 500 9676 4017 7968 1537 3 536 200 42 1658 5
98586 249 4784 3 3201 7 192 9676 8 9 3297 6652 71 26 170 10 74184 79 5
22785 7 3 1109 2007 9676 98586 249 5
22785 7 3 1109 2007 9676 5
40013 4538 31 1509 628 2376 3648 4 44 43 2123 32 1570 6 57 1193 5280 5
527 4 16 46 4024 164 1868 1359 6 247 88
1655 9 5238 397 7 1069 4 3 216 1570 142 166 27 67 49 48 7968 6 3 536 200 5
273 3099 4 250 32 111709 4 22002 1570 1484 219 105 9 4180 4 1476 57 88
66 16 34 97 537 44 59 1695 338 13 1087 6725 2036 8 42821 36 8093 67 9676 5
473 3 231 7 22190 87930 4 23 16 537 6 2258 289 3 2113 10 129 5280 27 25255 7968 49 289 87 31 21083 745 5
7 3 123246 9676 999 3 2673 7 3 169 19372 5533 2042 10 100561 7013 4 122323 18 304 6 1000 9 48 1509 87930 1488 5
1532 4 290 1570 18 1942 10 3 10753 10 47 23 9098 282 5
17 169 967 15995 7 7533 2113 19 9 871 7 72 1818 202 7 13 3235 2338 35 49 26301 33 2463 65 1942 10 184 5280 5
81 133 745 4 192 2113 42 1109 6 7857 6 189 9676 5
20498 500 6852 3 80440 14673 1870 26884 3 22190 30107 148 3 3112 22190 87930 8 3 2007 87930 5
20498 500 5
80440 14673 1870 7 3 267 5
81 6636 4 745 10 47 22190 87930 17914 19 11868 87930 5
80440 9676 26135 87930 80440 63426 83583 4 63666 23120 4 87176 285904 4 240 7 111709 4 22002 4180 4 1476 83583 4 63666 41160 341 6494 500 6494 20537 23120 4 87176 630 25662 183 2970 708 33415 285904 4 240 7 306 1078 17696 800 249 26934 111709 4 22002 700 2723 341 19183 249 26132 4180 4 1476 3128 889 341 708 4554 18374 11346 13 4 15 3 57 881 4 23 16 34 11580 6 49075 11868 63426 106 1087 2113 51 26 6074 48 58 480 5
349 3 83 881 4 3 22190 63426 4459 3 317 7118 3 221 7 2113 13 27 9 272 4333 2463 6 290 22190 5280 5
6297 15 20498 500 4 3 5458 7 145263 16 43420 21 4939 10 35 459 33 5
20498 708 6852 3 26301 2463 7 290 66773 6 290 7 3 1806 9676 5
145 1870 41498 302 7 3 73306 2113 10 3 5907 8 40 2338 10 290 5280 5
273 946 4 1570 5527 685 16 2794 5
1113 62 3235 26301 2463 22 1561 62 10 3 83583 4 63666 5280 4 23 59 9346 166 10 3 4180 4 1476 5280 4 19 9 871 7 72 1818 202 7 50 3235 5
931 2770 31 215 272 6 6646 13396 3 1570 6 3 83583 4 63666 5280 5
3062 286 1384 184 946 4 1570 5527 947 5
66 1798 13875 100 57 5195 4 3 83583 4 63666 5280 106 3 26301 3964 7 46 1570 6 3 83 1806 9676 299 15471 575 202 7 50 3235 871 5
20498 708 5
95898 7 3 26301 3964 35 49 2338 33 7 290 1570 10 290 5280 5
81 760 4 3 3235 26301 109 10 2286 7712 4 3 2770 1370 58 3235 26301 109 10 1067 8248 4 3 2770 1370 58 3235 26301 109 10 924 4 2631 5
238 16008 10 20498 700 4 61 7 3 73306 48467 10 129 542 4 78593 35 1551 202 33 7857 6 100 57 5280 5
12502 4 43 3475 1667 9 837 25327 5195 5
17 55534 16 13 232 6 3 1291 7 3 4159 4939 35 503 33 4 13 16 6 140 4 48 58 306 202 7 3 2113 4 2853 25 7880 6 40 7562 209 5280 4 7857 6 32 1117 57 6 9 272 2463 7 26301 5
20498 700 5
452230 7 3 5897 147 1570 5
6547 39272 473 249 5195 78593 473 341 5897 11810 473 459 5897 889 473 503 5897 6494 473 500 5897 6494
355 184793 2113 23 16 1618 1622 6 254 91 10 9 837 5280 49 3936 5
12502 4 110 488 6 1626 61 9 22190 87930 13 340 34 674 329 1570 10 3 5907 6 7857 6 57 5280 16 9 485 185 14 1971 1149 106 23 1929 91 9 10973 3309 7 1851 8 2939 46755 40 768 6 327 84 834 4 1673 409279 4 8 1262 25740 5
80440 87930 142 26 2409 10 9 200 87930 1264 35 323 149780 4 7458 109 156516 323 103543 4 502 33 5
81 9 11397 200 133 21 3 536 200 4 3 644 13 306 202 7 2113 240 2489 5897 7 3225 2939 3 348 674 1000 333 6599 6 1423 5
23590 745 31 1369 6 6468 4 44 14 20164 745 4 7995 3 29799 1217 16 9 2651 1653 5
12502 4 348 68 31 3559 6 2705 2113 25 290 5280 5
20498 704 6886 13 605 48467 10 3 83583 4 63666 5280 7902 9 272 26301 2463 6 3 4180 4 1476 5280 4 409 6 3 285904 4 240 123 5280 4 708 6 3 23120 4 87176 5280 4 8 503 1379 111709 4 22002 5897 5
7219 4 14 290 7 3 9676 2209 4 2511 48467 25 3 23120 4 87176 5280 59 5441 3 111709 4 22002 5195 4 8 3992 7 3 111709 4 22002 5280 59 10779 21 23120 4 87176 8 95 15 5
20498 704 5
41515 7 3 5195 39022 5
81 6636 4 221 7 48467 19 3235 26301 6 290 1427 5
17 939 7 2469 4286 3 48467 19 5195 39022 4 10407 10 7712 4 14 290 1843 4 3 1427 19 48 48467 5
4645 2582 42 7069 6 690 3 29799 2685 65 3 282 2685 732 5
273 946 4 3 165792 36 1217 83583 8 63666 834 19 1388 7 2055 8 470 2138 358 5
527 4 92 46 6392 4 9 858 7 5415 8 2506 51 26 1273 21 166 5
12502 4 3 84 87930 1217 1708 32 3070 10 3 10554 650 106 2582 71 4498 48 5314 8 7025 628 4 8 106 43 71 786 46 628 76 2651 4 10436 4 8 8181 1866 5
6832 9 67818 5533 13 16 6682 4 5314 4 8 7081 2404 24 15204 4 8 10503 23 19 9 6633 8 36722 7732 1442 4462 29 2794 15978 5940 53 2778 181336 11759 16 1842 53 57 7 3 2670 9705 1861 10 3 43826 857 4 8 4108 10 970 7 2854 4538 4 16 3032 3 760 2031 5
631 11245 4309 31 1369 6 1328 4 3 216 71 34 26 20 3136 6062 2854 4538 4 47 31 16134 7 1571 70 3 1959 3 31660 1141 103 8409 50 380 522 5
145 16018 39912 19280 297 1971 4068 5
17 650 7 3 87930 1601 10 10753 2376 9704 3 7059 7 76184 10 3 522 4 8 2582 71 1328 32 533 176 7 3 25017 650 5
2778 7337 19648 16 853 53 57 7 3 346 33192 1861 10 11245 87930 35 47 16 1001 4020 24 1971 5601 33 16 9863 4302 9676 15 47 2582 71 132 1866 5
54776 1648 13 2113 142 1333 7196 4808 15 3 1129 109 44 46 7139 71 34 26 2914 19 277332 67818 5
16 3 650 7 12390 32 4302 87930 76 9 76675 87930 5
3194 1570 142 7857 6 97 57 5280 19 67818 5
81 1407 4 46 16018 7 9 837 5280 14 290 1570 16 4417 4 8 3 665 16 9 48 7025 9088 7 3 628 8 333 1866 5
2778 17 2673 7 3 67 4538 340 34 16697 3 650 7 421 363 5
6297 15 3 216 8 2404 87930 4 9 2854 31660 16 27394 6 3 9676 5
1504 3 644 13 57 7 3 1806 1583 7 601 16 1477 19 9901 3 7362 7 3 4538 8 11260 289 3 2854 4538 31 48 5050 58 3 1510 11245 4309 4 982 21 11084 200 87930 35 115307 4 5417 4 8528 4 323 2389 4 3495 109 100183 4 4 323 167394 4 3578 109 5087 4 78081 4 323 11793 4 3495 109 4 3824 109 4 95109 4 323 81244 4 2804 33 8 4329 35 6313 4 7210 4 323 4 3401 109 18150 323 90226 4 6104 109 38043 4 3578 109 43693 4 208108 3933 4 323 4 4164 33 4 3 4413 7 46 1381 16 6 581 9 87930 17592 13 10260 3 376951 148 9 11245 5533 8 43826 5533 5
13751 6 83 18626 4 23 16 841 6 10992 9 875 221 7 4011 8116 718 2333 6 1971 544 4 982 14 834 87930 5
1210 6 35 6833 33 4 87 31 179 689 1809 5
1532 4 87 16 9 281 1033 5
3668 4 87 31 628 4 2911 8 90679 3212 5
6449 4 87 16 3 10119 7 3 718 8 4 1435 4 3 1806 3014 148 3677 1897 1296 8 855 1638 5
17 521 267 7 26821 87930 2209 10 46 1181 1388 3 1971 1149 9 76675 87930 1217 13 5497 3 1283 236 6 1445 8 15564 20164 200 317 21 25114 21 537 5
473 129 1381 4 80 34 97 2821 3 6889 148 3 3677 1897 1296 8 3 855 1638 44 59 5441 13 2790 3 6085 10119 7 3 718 16 537 65 10503 3 104 974 11245 67818 5533 19 9 22190 2854 5533 5
81 644 4 9 84 517 7 601 142 26 1085 65 16539 46 17592 6 83 553 4 21 241 21 9 534597 87930 16 392 24 3 50867 9796 23394 5
7219 4 16539 46 17592 6 83 378 86 26 2794 4 10 678 6 7157 6786 5897 7 3225 5
7219 4 3 216 1217 71 26 3677 6 70 3 2113 7 3 1193 1016 7 3 2113 7 3 5907 5
631 80 3092 494 13 46 601 15697 9 528 3014 10 3 6854 4 87 31 1087 8249 13 816 14 426 601 5
214 20 4 57 7 3 2670 2235 1861 10 3 43826 857 8 4 10 970 7 3 2854 4538 16 3032 50 13292 760 2031 5
631 11245 4309 31 1369 6 1328 4 3 216 71 34 26 20 7 3 6062 2854 4538 5
17 1806 2854 4538 31 7722 14 11260 3 1959 7 3 31660 103 50 380 522 31 2209 5
145 16018 149 39912 11759 4 907 10373 3 1971 4068 10 1598 5
74184 79 5
62856 7 3 123246 113296 5
83583 4 63666 38 743 3 136 3193 8 743 3420 7 96 38 27 3439 5
1025 224 16 3 243 1646 4 8 38 112 34 256 23 6 1995 49 6 159 1643 5
1810 569 31 34 533 4 43 31 100 184 36845 7 129 224 8 36 34 337 3 152 38 162 5
238 300 21 4880 31 1477 4 167 711 16 100 57 7 3 4961 5
34496 31 18995 10 4974 6 8232 8 27 93 326 6 4920 5
38 4535 9 9802 7579 8 2029 4 2370 394 4 8 38 743 34 2274 10 536 3961 49 4518 5
38 112 34 236 1821 4 856 1569 19 3 711 5
5
23120 4 87176 38 321 9 3208 247 5
38 27 6 436 61 14 2632 106 247 16 1462 5
38 105 6 1335 61 25 3 1567 8 26 523 5
38 743 4475 52 3 426 4 743 12740 8 105 6 26 3 74 6 690 61 84 729 8 416 5
38 59 105 427 1643 95 38 71 398 19 3 400 5
5045 2609 485 2322 14 561 8 16 3 629 6 160 224 5
1810 16 57 48 1990 7 224 2693 4 8 38 112 34 1475 1672 48 14 9 394 13 5497 160 738 5
38 105 6 26 127 52 84 729 8 416 5
38 219 4880 27 2069 40 1388 4 729 8 416 8 13 43 107 27 1370 326 6 4920 1900 5
1025 224 2818 536 3961 8 9 4518 394 4 8 1569 19 3 6374 383 26 1821 8 856 5
5
285904 4 240 7 38 105 6 1335 61 25 3 1567 5
2433 16 1462 8 63 27 6 436 61 14 3182 5
38 743 34 982 4475 52 3 426 4 8 3 4508 29 339 228 572 5
1810 16 57 7 3 603 569 14 160 224 4 8 38 4535 2029 394 13 16 21 3339 21 537 5
38 494 1569 19 3 6374 144 26 1821 8 856 5
38 743 177 6611 19 3 394 5
34496 198 10 14 572 1423 4 8 40 33560 31 309998 8 97 2274 10 12073 5
158 582 3 216 551 729 8 394 5
158 196 63 21 100 184 29988 5
158 27 93 4778 326 5
134 236 32 18525 394 6 1176 207 5
5
111709 4 22002 38 8563 3 224 5
1113 3 942 29 339 286 572 4 38 743 4475 52 3 426 5
5045 16 9 561 1251 4 8 13 16 524 129 224 1264 16 6 1995 72 3 161 265 85 5
38 105 427 1087 1643 6 1800 3 224 5
1810 16 57 7 129 603 569 392 3 2129 7 3 224 4 8 38 494 536 4695 36 2498 3 152 80 162 5
38 4535 9 3339 4 2029 394 5
38 743 3702 19 129 536 4880 5
158 582 4153 8232 4 27 3 326 6 4920 8 1741 33174 2506 14 57 88 2106 224 5
158 581 9 856 4 16673 394 5
5
4180 4 1476 38 3230 3 136 5
38 743 1772 10 4974 6 699 3 711 4 8 38 4535 34 6 159 1643 5
16871 4 224 29 370 55 4 8 3 1264 16 6 5969 15 276 1147 561 5
38 14477 110 3 1055 7 1164 5
38 27 6 26 3175 823 103 427 224 1866 4 8 13 16 524 38 743 31563 6 690 61 84 729 5
38 197 1370 1392 24 394 58 24 484 5
214 16 524 38 743 2006 6 19926 61 48 14 9 394 13 5497 160 136 88 2106 738 5
38 105 6 26 127 52 84 416 4 8 38 494 536 4695 36 2498 3 152 80 162 5
1810 16 9 629 176 7 129 224 4 95 80 236 32 536 4518 394 5
34496 27 115 485 15860 10 40 1388 4 416 8 729 8 27 4778 5693 5