41166 16 9 7539 1444 1943 115 3348 19 10030 4 9520 4 8 509 5
81 1243 6 3 2370 6435 220 10 4759 4097 4 21943 4097 20178 34286 441600 2873 4 133 21 2546 12195 8 3226 30520 66251 4 8 4122 226478 4 133 21 5
16816 4 21943 4097 16 9 1695 1812 1943 8 17241 50 3074 2464 9 841 2485 5
81 46 1381 4 80 8850 32 7112 284 543 15 34989 53298 14 3 10900 7 21943 4097 2362 5
17 284 80 8850 16 226 228012 160431 34989 53298 4 8 23 16 543 15 616 4939 31479 51423 4624 4262 14 34989 53298 5
33962 522 240 3 30371 7 3 1273 284 14 3 10900 7 4097 2362 5
81 1654 4 3 84 5018 1708 2537 333 522 58 3 1603 1601 24 2029 34989 53298 8 83 2953 2854 4309 4 189 15 928 8 15 61 7 5907 628 5
41166 16 9 7539 1444 1943 115 3348 19 10030 4 9520 4 8 509 5
187 31 117 42068 7 4097 4 47 581 9833 2763 4 8 4097 16 3 137839 14716 1247 10 3 131 35 69447 4 1278 33 5
8802 4097 3358 6090 71 26 1812 5
17 1414 7 9 4097 3358 5473 15 3 236 7 3 864 189 10 970 7 2362 8 2109 8 10 7488 6 325 1209 8 589 10570 5
17 1746 2899 24 9409 3 3212 7 3 4097 5
931 3212 159 76 5139 3 1582 912 13 3 4097 36 26 3509 6 10 394 4 8 3 1272 1746 2362 5
966 2193 236 6 26 351 76 1250 4 25 3 470 7 3 1678 30712 8 45163 4 6 3 774 55364 148 4 3 4508 14 1369 12221 8 10683 8 5215 773 5
79 3358 16 153 1254 538 9520 4 33497 8 1597 45163 4 509 8 4122 5
17 5018 7 12221 36 59 26 14644 4 21 166 21 912 13 23 142 26 220 10 5
145 2228 9 4650 7 3 4097 6 26 2570 13 3 2981 36 3030 3577 5
238 217 10 63430 35 2804 33 4 21943 4097 35 68152 33 16 9 84 23874 220 10 3 4097 1444 386 5
81 1243 6 3 2370 6435 10 4759 4097 3 363 7 68152 738 6 12874 34286 441600 2873 4 133 21 2546 12195 8 3226 30520 66251 4 8 4122 226478 4 133 21 35 13320 4 5014 4 323 5014 4 2560 33 5
262365 4097 16 133 9 1695 1812 1943 13 17241 50 3074 16 9 841 2485 5
17 17260 509 6 9520 5514 35 33 382 35 17260 4 21540 109 323 214516 4 3495 33 29 45 962 21 3 104 4116 8 964 19260 10 3 586 7 4097 718 5
1210 6 17260 2106 382 4 3 295907 2362 7 4097 16790 61531 19 3 5514 5
16816 4 32 474 10 3 17094 3 4097 2362 4 8417 9 4472 10 3 5514 2238 3 2362 5
17 18029 4 3475 4 16 13 3 11414 7 1678 44 5870 4097 31 8639 21 241 21 40 13544 816 3 216 4 5226 7 3 1056 7 3 26735 5
17 17260 1396 14359 13 97 3 1277 7 3 9520 20493 3466 3 2362 7 5870 9520 5
17 20493 11036 340 34 935 5
12811 7 9 2726 7 9345 628 842 13 46 16 34 1144 1359 35 4 3728 33 5
273 3099 4 92 67 5870 4097 61917 27 3 216 5514 4 3 2362 7 3 4097 19 3 568 9520 2038 16 798 35 4 3728 33 5
238 217 10 63430 35 2804 33 4 307 2062 8610 27 1595 13 4097 2362 726 16 2118 34 97 24 3 5514 4 44 13 23 16 59 7900 24 3 2038 7 83 6435 35 323 132561 4 744 33 5
12502 4 742 9345 628 27 1595 3 5238 59880 7 46 1396 496 1773 2980 4 9 265 64441 27 45 217 5
17 498 34130 42584 14 21853 295907 2362 31 543 15 1665 7 4097 276 34286 441600 2873 5
17 18550 7 192 3898 14 4097 19 34286 441600 2873 35 2546 12195 4 3226 30520 66251 4 4703 5 33
144 26 4729 35 323 132561 4 744 33 5
17 48 80 259 52 3 4097 11975 4830 2362 1322 4 3 333 80 71 1445 3 2129 7 4097 8 143 6 25450 3 4097 8087 5
766 192 5158 5306 3 236 7 5314 8 5050 4538 13 852 17241 3 3074 7 4097 2873 5
81 46 1381 4 14 3 74 89 4 80 8850 32 7112 284 543 15 34989 53298 14 3 10900 7 3 4097 2362 5
980 10 3856 4 10 46 162 80 231 616 4939 31479 51423 4624 4262 14 34989 53298 5
931 4262 852 6 539 3 4102 7 63794 10 3 1046 650 8 27 307 9063 19 2201 6 2029 4624 4262 220 10 34989 53298 5
17 1381 16 4393 21 3177 53 8941 341 18506 2370 13538 52 34989 53298 19 9 1654 1101 15 3 2029 4262 220 10 3 13991 650 109 8941 459 6274 3 31479 51423 4262 220 10 46 162 8 15480 90 7 40 2763 13 27 9 1821 1102 15 3 1046 650 109 8941 503 6274 9 6854 1165 15 538 46333 1442 4309 10 46254 3 3074 7 4097 2873 109 8941 500 5181 3 628 220 10 46 162 4 3 9345 9937 8 12966 32 5050 2898 8 2376 7 3 522 109 8941 708 10761 3 1381 60347 3 522 13 27 45 3439 5
28043 4099 10 3 2669 7 120 718 10 120 386 4 26 23 1474 4 2484 4 416 4 4242 4 49 317 718 5
17 2485 7 70624 17241 3443 10 538 9 1574 221 7 11537 7 284 23394 14 112664 3898 297 192 23394 5
17 1746 7 5314 2854 4081 14 70624 17241 8090 16 7 2832 3238 4 21 87 31 117 1443 13 71 34 26 10366 18213 24 8176 17315 49 11245 4538 5
49307 2854 10 3 857 7 17112 12586 35 57021 33 22768 180 3 5141 7 83538 4 47 16 3 1175 7 9 2198 1506 6 9109 2565 628 13 31 2682 25 3 216 3201 21 928 628 4 44 27 34 45 2209 154 3 928 650 4 8 23 16 46 177 533 955 13 57021 27964 3316 6 25450 5
34989 53298 35 7220 33 35 236871 4 3824 109 148117 4 35197 4 323 4 274 33 16 57 7 3 5688 77497 976 3 46333 1442 601 352 226 54480 312009 35 29111 33 8 9286 10 3 11356 2854 7 1416 1190 24 770 7 9 650 34168 45520 6942 5
7220 11493 2854 544 24 770 7 4231 9 1416 447 904 14 3 447 13 333 9868 90 392 12329 16 32 13991 66413 5533 13 5998 37469 544 276 4951 3 4650 6 259 49 10807 3 916 49 2981 7 3 2104 10 2379 5
332 3 104 13488 653 7220 16 9 14324 4 9962 1216 5018 14 587 3149 6 4855 544 5998 1204 25 9 9104 404 7 96 738 6 26 617 5
81 7220 9 1193 7 1416 1190 16 8736 5
214 16 4 2020 24 2020 4 7220 28792 6482 7 1190 76 84 4 8100 333 4 6482 7 1190 5
17 1046 16 2828 538 32 17259 5
17 9510 14 12538 9 565 19 7220 16 21 3177 53 2778 176063 9 8593 904 10 47 1026 2506 71 26 14644 5
145 9286 7 5261 15 3 199398 7 3 5979 2030 13 36 26 220 6 13014 1190 5
79 447 16 1148 55 25 9 6264 197 35 3 23394 10 3 565 33 8 9 4859 197 35 3 2370 4262 33 5
2778 9508 3 5188 6680 14 12752 3 1277 7 9 2104 5
145 4589 3 5577 7 9 1026 2104 15 9 7663 7 960 745 4 11547 7 3 650 7 92750 2279 5
81 267 7 12391 2854 4 9 536385 4859 16 4723 6 25767 3 41171 7 9 1026 2106 3074 25 3 13228 57 5
2778 9508 9 3178 3394 8 3780 534 5
1721 6 329 17259 16 3 4102 7 5188 2434 3394 10 678 6 17743 32 13991 775 1537 3982 692 7 3 447 904 5
17 3780 534 18020 3 152 10 47 3340 1146 12897 1190 2323 40 703 10 3 1193 5
2778 9508 9 13422 7787 14 7470 12897 25 9 3178 49 9 197 7 703 5
3260 7220 2527 67 689 13422 4262 53 17764 8 17904 5
47032 489005 1172 7 3 2981 7 67 2113 4 8417 17904 38557 9 4410 7 3 2981 7 32 1570 5
2778 435 9 6951 7 9 1193 7 1416 1190 4 32 140746 2673 7 3394 13422 3780 16 4723 6 1297 3 1190 1277 10 9 211739 35880 152 5
81 7220 2854 4 189 970 7 447 8 1506 7253 6 3 216 9299 8 36 26 220 103547 5
242841 2854 7 56018 2520 10 7220 8635 15 3 21946 7 19232 3898 13 142 4447 10 3 385535 14644 24 3 928 6200 5
17 1669 3898 31 1867 10 8524 916 4 47 16 5228 3380 24 32 6635 3472 2981 5
273 9 1332 5385 6 7220 3 7067 16 3876 6 236871 35 3824 33 5
81 46 162 80 220 4624 4262 13 4 179778 25 3 65183 1603 4 31 543 15 3 4102 7 63794 13 36 26 2042 10 3 161 2124 5
659 1445 3 3272 148 3 4624 4262 220 10 46 162 35 962 10 8941 459 33 8 3 1603 220 10 3 2029 7220 31660 4 3 4991 31 4241 962 5
17 3260 47032 41784 5
17 17764 3802 16 5228 220 6 7801 3 4624 1943 7 67 703 24 20005 9 176 7 57 3178 19 9 176 7 3 83 5
980 4108 4 462784 17764 5534 24 3 508 1959 53 2778 26708 67 2113 21 703 4 543 15 24038 3394 534 35 3 333 3 5188 7 3 1570 3 568 50 13300 7 110 3467 33 5
2778 13088 9 6951 10 290 3178 5
17 3394 7 71 26 14234 95 13 63792 16204 31 3467 19 798 13300 58 83 5
2778 38024 3 3467 148 3 67 703 5
17 3979 2113 31 3 212 5
145 650 16 1595 4 538 67 16084 1906 326529 10869 21 703 4 10 98586 249 5
622 946 7 2029 7220 35 20005 33 17764 98586 249 5
622 946 7 2029 7220 35 20005 33 17764 5
17 213753 41784 5
17 17904 1315 18506 6951 893 10 3 6294 7 3 2113 10 3 1193 5
631 87 31 117 523 17904 4262 4 322 17904 35 13 16 3 104 6682 57 8 59 3 57 220 10 46 162 33 16 962 5
17904 2899 24 13896 9 397 22 6951 496 3 3178 3472 5
1301 4 23 19610 2767 16 1001 22 3 3467 397 8 2767 16 1298 3 3467 397 8 40459 9 14027 4209 22 13 397 5
145 1315 16 3275 24 9 96734 13 45453 3 3235 1646 35 1618 5559 10 970 7 3472 5719 33 14 3 3340 1146 13 16 6 26 13792 5
145 96734 3054 29 3 216 871 21 3 96734 14 3 3235 1646 7 2855 10 3 2007 1193 5
145 650 16 1595 10 98586 341 4 114 32 16084 1906 326529 6635 16 33128 24 5726 57 7 50 19 9 6951 3472 5
622 946 7 2029 7220 35 33 17904 98586 341 5
622 946 7 2029 7220 35 33 17904 5
81 3 73 265 85 4 7220 29 45 13787 220 6 1213 544 10 523 30951 35 59404 4 20928 4 323 146188 4 6833 109 323 4 2076 109 30412 4 72793 4 37362 4 4 323 467531 4 2076 109 4 2076 109 4 4 4 323 4 502 33 8 23 29 1601 9 1773 197 7 522 13 27 45 4939 746 2651 35 236871 4 590 33 5
631 192 522 27 4964 3 30371 7 7220 10 6707 12714 544 4 601 29 616 1967 15 1572 84 23299 7 7220 10 678 6 454 1297 50 3800 5
81 1654 4 768 27 45 3569 6 32 6681 13 18 97 17302 1109 55 6 90 85 251 53 3 6300 7 4309 543 15 3 63794 7 3 2506 35 70736 323 1104 4 274 109 70736 323 1104 4 280 109 81055 12283 3462 5
109 177225 323 4 280 109 1226 4 590 33 5
1113 87 16 93 17337 2404 6300 7 63794 10 7220 4 46 1043 477 9965 6 3 3074 7 9 447 4 480 23 16 5913 15 9 197 7 628 5
273 46 1033 4 10 117 8785 4 150 322 4 3 1043 63794 16 2161 21 3 60401 7 55906 9 447 5708 15 3 928 628 35 12283 32330 4 2560 33 5
32835 63794 18020 96 9 447 958 340 4 3 1510 7220 4262 4 105 17764 8 17904 962 95 300 5731 46 2505 8 16201 1190 97 2016 40 67368 5
142757 25 63794 2228 91 6 4145 15 1906 4 8942 1046 4262 5
17 689 8867 7 46 1414 16 13 23 16 841 6 4764 143 13613 7 1190 36 2498 40 63794 5
9559 616 4 84 4624 4262 4 226 31479 51423 4624 4262 27 45 1273 10 12283 3462 5
35 2560 33 5
931 4262 4 13 16201 1190 2016 1752 40 51423 317 4 27 9 221 7 18423 9063 4 677 6 3 1603 7 2029 7220 4 3 104 533 57 110 3 644 13 43 19572 9 5188 4597 35 54451 323 1642 4 3401 33 15 120 565 14484 10 1913 3 868 148 9 197 7 9796 628 8 9 197 7 230 1341 1603 5
1210 6 3 3695 7 5188 16068 35 4 911 33 46 144 219726 1297 7220 35 329226 4 3578 33 35 79022 5
3 1175 7 4624 4262 6 1657 12897 13 31 30342 58 40 703 33 15 70 192 544 5
81 46 2124 80 210 3 6300 7 31479 51423 4262 14 521 7410 30951 4 121 192 31 3 4262 80 36 231 10 3 9345 4141 5
53798 249 228012 160431 47032 4036 67 3178 7410 4 3 31479 51423 17764 2696 3 521 4859 3082 35 91869 17563 73015 33 1635 35 35 249 115998 73015 33 17563 96133 33 4 114 73015 16 9 6951 521 4859 446 3354 2770 1079 10 3 12634 1356 1362 5
17 2274 7067 16 3876 6 12283 3462 5
35 2560 33 14 9 3142 4716 7 3 644 13 46 3802 42540 6 9 31479 17764 15 3 51423 904 4 10 3 1065 13 23 5708 32 12897 13 2610 148 50 703 10 46 904 5
7448 4 141 276 9 3142 4716 4 80 71 27 32 38460 7 23 24 2016 13 3 35 2665 33 12897 4209 24 46 17764 29 9 51423 60401 13 16 9 27728 3109 7 3 63794 7 3 703 19 6951 225419 848 10 1356 1362 8 446 5806 16 3628 6 249 5
17 4888 7 12283 3462 5
35 2560 33 59 2148 32 2794 8867 7 46 644 53 3 5188 7 3 12897 71 34 26 1734 58 3 5188 7 3 1207 7 50 703 5
1949 10 46 267 80 112 34 16252 3 4716 322 4 44 80 2123 4637 6 371 9 6372 38460 7 46 955 53 10 98586 459 80 210 9 1906 49985 51423 904 10 47 80 1823 9 1341 4859 3116 35 928 266 31 3380 24 6219 12171 33 4 67 703 78408 8 82162 8 57 7 40 12897 1127 35 47 24 1444 16 848 148 50 703 33 5
81 98586 459 4 23 16 1080 530 13 1127 16 2211 6 3116 58 82162 35 47 16 3 1207 3178 10 46 267 33 5
17 156324 7 46 955 16 4861 10 12283 3462 5
35 2560 33 5
17 6900 7410 13 80 231 6 371 9 6372 38460 7 3 644 13 98586 459 5
17 6900 7410 13 80 231 6 371 9 6372 38460 7 3 644 13 31479 51423 17764 5708 32 12897 13 16 22 248 34 1734 58 3 1207 7 50 703 5
81 46 1906 267 4 12897 1127 35 47 2610 148 703 78408 8 82162 24 1444 33 16 1798 2211 6 1341 3116 35 928 266 3380 24 6219 12171 33 58 3178 82162 5
659 36283 73015 10 3747 2770 10 1356 1362 80 231 3 4859 53 114 16 9 6951 3472 19 93 12453 15 3 3354 2770 5
53798 341 228012 160431 213753 4036 9 3178 4859 4 3 31479 51423 17904 19 17904 1092 51978 2696 3 521 4859 4912 3082 3116 1635 51978 17563 35 476351 115998 288588 33 4 114 476351 8 288588 31 6951 521 7410 5
45191 35 12283 32330 4 2560 33 4352 9270 13 46 3802 42540 6 9 2031 17904 15 3 51423 904 4 8 52770 9 5188 4597 5
527 4 141 377 276 9 3142 4716 4 23 16 34 841 6 27 32 38460 7 23 4 2016 13 290 5606 7 3 51423 60401 7 3 12897 16 9 2325 215538 7 3 12510 5606 10 3 3178 2106 63794 5
134 28304 7673 46 215538 21 2325 106 23 16 392 24 9 6951 6635 9836 10 4568 35 3 1884 148 67 6951 2855 33 5
7448 4 24 2571 96734 51978 4 80 31 488 6 7322 3 1092 7 3 17904 4 8 3847 3 3238 7 46 215538 5
66 16 533 6 397 61 13 22 329 1092 7 57 7 192 4262 4 12897 3576 3 1332 2981 7 3 703 4 2288 57 49 48 6951 2855 21 50 8 90 32689 4262 53 3 1646 7 290 12897 16 3847 1798 146 1978 58 3 57 7 40 703 5
17 46279 561 7 3 2113 10 3 1193 35 4964 10 12283 3462 5
35 2560 33 33 754 192 4262 45042 10 1407 53 54 9 265 5197 3 1193 2742 50252 106 3 5188 8557 650 2742 58929 2063 5
17 2104 13 16 1282 10 12283 3462 5
35 2560 33 9286 10 4149 32 6062 54039 1092 54 329 2020 10 47 3 1190 31 2445 24 35 8100 1731 33 246953 3267 1603 5
527 4 46 1117 1092 3859 6 3 46333 470 7 7220 8 16 97 9 7553 2104 6 3 8174 447 1646 561 5
878 44 34 248 4 232 6 3 1654 2030 220 6 3323 2113 8 3 220 199398 4 6062 54039 71 26 9 177 572 2485 5
17 162 1273 10 4 81055 4 178985 4 8 7894 35 6833 33 2921 143 3 46279 561 7 3 2113 29 45 4605 4 19 9 177 1906 8 1783 7254 7 3 7220 31660 5
145 16 3 7254 220 10 46 1381 5
53139 7 4097 2362 16 32 533 565 10 3 3685 857 8 307 1131 27 45 1273 6 1213 46 565 5
81 46 2124 9 2941 6854 1165 52 3 231 7 46333 1442 4538 14 1538 46 565 16 1273 5
81 4 489746 4 155700 4 8 35 280 33 4 7732 32542 2642 8 22190 8783 2520 14 10900 7 1739 1896 7 922 109775 3226 30520 66251 15 295907 2362 7 4097 163 6939 38825 912 27 45 1589 5
273 3644 7 21025 192 2520 4 3132 523 20387 19 41161 9345 628 42 2816 25 3 6854 5
11391 27 1595 13 7732 32542 2642 8 22190 8783 1443 27 632 785 14 10900 7 1739 1896 7 922 109775 3226 30520 66251 15 295907 2362 7 4097 5
81 63430 35 2804 33 4 2234 10260 3 8953 7 19708 7732 32542 2642 6 4764 3 295907 2362 7 21943 4097 5
79 197 7 794 23697 7 68152 18 1601 10 3 6232 8 4964 16672 9345 522 5
17 542 420 6 67 689 7951 53 35 249 33 9 2362 1506 543 15 7732 32542 2642 16 48 5050 58 9 1506 543 15 56018 2376 109 8 35 341 33 23 16 10139 8 1369 6 231 7732 32542 2642 2520 14 28579 8365 6 1165 3 1896 7 3 14635 7 290 12911 15 3 4097 3358 5
17 162 1273 10 36260 8 25382 35 2773 33 59 2655 3 2362 7 4097 24 538 32542 2642 5
81 1654 4 9 1506 16 1589 4 543 15 4 14 7678 4 19 4783 60029 4 3 295907 2362 7 9520 28797 5
520 32542 2642 31 9168 10 47 3 523 3358 1746 19393 7 9 2726 7 9520 28797 79022 5
3 295907 2362 4 31 2442 5
205104 522 42 3455 14 12752 3 9889 2763 7 523 4097 20387 5
17 162 1273 10 1604 35 1095 33 220 837 8 2489 7732 32542 2642 6358 14 7678 7 4097 2362 4 125 4888 7 67844 8 35 1278 33 25810 119 71966 32542 2642 6 4764 3 2362 8 4508 7 1334 3196 4097 8 272 2362 4097 10 47 4122 11789 30712 42 220 5
35845 7 4 138537 4 4 8 285270 35 1095 33 25810 4624 27964 8 49894 14 17241 7 295907 2362 7 9520 10268 5
81 3 542 4 3 1029 108 9419 511151 2125 7 7732 32542 2642 16 220 5
1516 1131 13 220 7732 32542 2642 6 1506 4097 2362 31 217 10 63430 35 33 4 4 181665 4 8 35 1095 33 4 2552 8 2552 35 1422 33 8 50974 8 19959 35 1422 33 5
631 7732 32542 992 2464 3 104 4400 5533 10 678 6 1213 3 10900 7 4097 2362 83 2953 2854 4538 27 45 4729 5
273 3099 4 10 196324 35 744 33 3 3695 7 22190 2757 4 907 22190 17241 4 16 2994 6 2258 33648 7 189 1966 8 92430 4097 5
79 22190 8783 31660 29 45 12492 14 21853 33648 25 295907 2362 7 4097 5
17 689 1653 7 22190 2520 16 40 1175 6 4301 2505 10 9 46986 77458 4230 10 3 916 7 1906 954 538 25429 23394 97 5
17 231 7 22190 8783 6 4764 9520 2362 16 59 1273 10 23222 35 2773 33 5
631 3 231 7 34989 53298 6 4764 1943 2362 29 34 45 1940 4729 4 90 1131 27 45 1273 5
17 162 10 4 69552 4 8 144876 35 590 33 12966 9 84 1217 14 3 24656 7 295907 2362 7 1863 12864 10829 3131 35 33 9183 4097 23287 538 9 3982 19962 7 34989 53298 13563 4 90977 34989 53298 35 532581 33 5
17 543 2520 31 9168 538 67 523 2757 7 9796 628 5
17 74 197 7 29132 16739 18629 7 4097 25994 4 191369 4097 2362 4 132922 2362 7 73527 8 676 26269 7 25810 10746 5
17 169 197 1038 191369 4097 2362 8 5215 15881 775 47 31 3 104 1940 220 19393 10 3 15881 1806 2520 5
17 522 5441 13 3 543 26325 31 488 6 4764 3 5215 295907 2362 7 4097 23287 19 32 5944 653 7 8958 5
17 162 1273 10 7744 35 1095 33 16 1827 22 6330 9 8087 499757 565 4 47 2527 3 31660 35 23970 33 2164 19 34989 53298 6 2882 3 295907 2362 7 68152 5
34989 53298 1708 284 7379 10 9 8243 8 10032 152 4 125 23970 86 1297 3 7453 7 4231 391 8 1262 8225 23462 154 3 3394 650 7 7220 5
33962 522 240 13 3 1273 1506 16 333 58 3 1510 22652 3394 34989 53298 14 68152 2362 37582 5
7337 197 317 4752 3 216 4644 962 10 63430 35 2804 33 4 9345 628 25 800 523 1543 18 220 6 1970 3 11040 7 3 2362 1506 5
7337 42 8449 14 4097 4623 9520 2288 2546 12195 4 3226 30520 66251 4 8 5
79 6013 18 115 6 1377 13 192 61917 42 9 4185 3890 182 4188 70 7 3 346 19393 13 1951 3 2362 7 68152 8 1379 3 1332 317 1272 14 133 32 8557 5
17 100402 17244 10 219239 9584 4 290 7 91 962 24 704 23394 13 31 217 10 20498 249 5
20498 249 5
252980 220 6 4301 290 3099 5
273 290 12911 3033 4 3235 4 596 4 8200 8 2029 44398 2770 27 45 217 5
40782 37642 9897 56985 3260 499202 57361 35 33 244195 147042 23246 12195 35 33 94081 290116 123413 83173 115875 43081 30520 66251 35 33 94081 288496 80888 94081 172415 5126 35 33 208112 295946 488158 40962 35 33 94081 58138 12793 13112 24990 256525 10030 35 33 98373 12670 10030 35 33 439700 119908 7729 7 2279 35 222 33 15483 552804 53682 91331 86814 12099 5
33962 9937 134 2870 3 1273 7254 7 7220 19 31479 51423 4262 35 290749 269171 25 107 15 33 111 9 2029 7220 284 35 40527 269171 33 5
79 676 7 575 1002 42 2828 19 290 5533 53 46 16 9 4867 6681 392 3 160269 2129 7 3 1109 1443 5
81 290 336 9 523 24065 148 928 8 960 628 29 45 1109 5
81 1654 1551 202 7 3 9584 27 45 220 21 928 628 4 125 3 1652 27 45 220 21 960 628 5
766 3 1002 220 9 1193 7 1410 2113 8 3 6942 1505 54 1515 5197 5
27450 18 2828 19 3 24595 347 8 347 5018 35 236871 4 3824 33 19 9 3235 2007 5719 3628 6 708 5
17 4859 197 3345 3 179 46302 32689 4262 1635 4 115998 4 4 4029 21 10 236871 35 3824 33 5
20865 18 7154 21 3 6808 1153 2842 3768 35 33 148 2655 8 1341 2770 5
17 6264 197 3345 704 23394 4 290 57 12510 6 9 523 2419 10 3 100402 5
659 1000 84 2113 4 40527 269171 220 2029 35 20005 33 17764 35 236871 4 3824 33 8 35 33 17904 35 236871 4 3824 33 19 46025 3628 6 10355 8 6909 3995 5
273 290749 269171 4 17764 489 16 8642 4 125 17904 489 16 6822 35 19 9 17904 1092 7 249 33 5
17 9688 14 46 523 17904 35 8 17764 33 489 14 3 67 7220 1443 16 13 9 4176 9345 542 29 45 2828 35 8610 14 3 67 1443 33 14 1913 3 96734 1994 488 6 462 3 282 522 5
28405 25 57 2020 6 3 83 18 535 5053 6 3 282 1570 7 3 1193 35 45024 33 5
720 3235 3472 5719 2123 29 45 3511 154 3 6942 5
81 3 161 2124 4 9345 522 31 217 538 23070 7 15 3 928 8 960 197 5
81 1654 4 22 290 2020 3 282 1570 10 3 1193 35 79022 5
3 57 13 29 3 1731 928 3768 33 29 45 3112 8 3 871 7 50 3768 15 3 928 8 960 628 29 45 7545 5
17 217 23070 1435 3576 3 8200 7 70 192 2770 3883 22 290 2020 5
17 8200 18 4020 72 3 1153 10 3 217 10422 106 7 50 568 53562 6 85651 5
11391 130387 10 98586 503 35 9 33 8 35 8862 33 210 928 8 960 3768 22 290 2020 4 14 40527 269171 8 290749 269171 3995 8 1798 240 13 290749 269171 93475 40527 269171 15 189 928 8 960 2757 5
20257 7 35 9 33 928 8 35 8862 33 960 5464 14 290 5533 4 8200 7 575 98586 503 5
20257 7 35 9 33 928 8 35 8862 33 960 5464 14 290 5533 4 8200 7 575 1002 5
7 35 8258 33 928 8 35 5547 33 960 5188 5
130387 10 98586 503 35 8258 33 8 35 5547 33 210 9 11245 542 7 3 522 3439 24 40527 269171 8 290749 269171 4 2016 3 575 1002 13 27 45 2828 5
80965 24 3 1079 4 3 3006 7 3 58013 3001 3 2654 230326 149 496 7 3 798 85181 4 8 3 1391 230326 149 496 7 3 4416 85181 5
238 23 16 537 6 196 4 290749 269171 93475 40527 269171 189 15 928 8 61 7 5036 628 5
659 12262 3 11245 7444 7 192 522 4 9 197 7 1665 29 45 2828 15 3 8200 5464 5
238 9 74 1092 4 3 960 29 1595 13 3 628 31 34 3615 5146 8 12146 9 7577 543 19114 29 45 220 5
434667 4 3 7577 5806 960 14 628 4631 29 45 220 163 3 2155 19379 13 3 5036 112 34 27 3628 104903 5
17 188745 3455 18 109864 17563 183 115998 630 65 522 15 928 628 27 45 1109 4 125 80 3455 9 188745 7 54581 17563 183 115998 697 65 80 1109 522 15 960 628 5
12502 4 65 538 3 2795 7444 653 3082 25343 80 71 1798 164 13 290749 269171 5708 2506 13 31 2537 798 35 11771 4 333 33 58 3 1603 1601 24 40527 269171 189 15 928 8 960 628 5
75250 19 83 2953 2854 4538 6459 9901 290749 269171 19 40527 269171 4 80 31 59 2274 10 9901 290749 269171 19 83 6682 164 7 3 1450 57021 4309 6 27 32 867 7 3 12693 7 3 3455 522 5
659 3030 3 4631 19 83 57021 4309 80 220 3 61361 1252 24 3 173 9962 1586 35 17112 12586 4369 4 6833 33 5
238 617 14 3 767 9345 4141 4 9 4176 542 29 45 2828 10 678 6 384 3 282 24220 7 3 19393 14 3 1109 4538 5
17 522 7 3 4631 80 2828 31 217 10 20498 341 5
20498 341 5
33962 4631 148 523 17112 12586 4538 5
56985 3768 15 928 8 960 628 72 575 1002 29 45 217 14 290 5533 5
41403 15469 2954 90977 56018 35 44701 4 744 33 3389 382860 35 323 7688 4 1095 33 195924 382860 35 44447 4 280 33 141156 86265 89969 3673 35 4 2391 33 187305 395088 216015 35 249 2463 33 35 323 518108 4 1422 33 187305 395088 216015 35 341 2463 33 187305 395088 216015 35 459 2463 33 187305 395088 216015 35 503 2463 33 187305 395088 216015 35 500 2463 33 49474 133951 9861 35 4 2391 33 3260 7220 112425 228012 160431 7220 1655 46 1870 23 16 537 6 164 13 290749 269171 12134 333 58 70 3 1109 57021 4309 15 189 928 8 960 9584 5
49574 290749 269171 4 187305 19 395088 54861 7 740 2463 16 3 5533 13 5708 3 282 773 15 19041 628 297 3 1109 1603 5
26823 3 2463 7 3 395088 220 24 187305 2106 54861 4 522 10 3 928 628 5
659 5548 92 3 3272 148 290749 269171 8 3 1384 57021 4538 31 11245 964 4 80 2828 9 7577 5806 960 19 9 13760 14 3 871 7 5
17 9421 2770 31 43628 10 20498 459 5
1655 3 522 7 3 11245 960 4 80 71 164 13 290749 269171 5708 2537 333 522 15 189 928 8 960 628 19 2201 6 70 3 83 1109 57021 4538 5
20498 75850 9421 2770 392 24 3 11245 960 5
148066 271279 27216 249 290749 269171 208948 92729 17563 92729 17563 92729 17563 92729 17563 92729 17563 116664 92729 17563 92729 17563 92729 17563 92729 17563 92729 17563 341 459 503 503 439493 290749 269171 208948 92729 17563 92729 17563 92729 17563 92729 17563 92729 17563 116664 58717 17563 66785 17563 18940 17563 32221 17563 50705 17563
262365 4097 16 9 1695 1812 1943 13 754 17241 50 3074 9 841 2485 5
81 46 542 32 7112 269171 543 284 6 4764 3 295907 2362 7 68152 29 45 1273 5
17 284 2527 616 4939 31479 51423 4624 4262 13 1379 307 9063 19 2201 6 2029 7220 4262 5
81 1654 4 43 27 3 2422 2794 955 7 36790 9 5188 4597 14 120 565 14484 10 7100 9796 628 76 424 3354 1603 35 56018 8 52950 31 9584 7 46 614 565 33 5
33962 522 240 3 30371 7 3 1273 284 14 3 10900 7 3 295907 2362 7 68152 5
81 1654 4 3 1273 5018 93475 2029 34989 53298 8 2696 522 13 31 2537 333 6 3 1603 1601 24 83 6682 2953 2854 4538 5