1743 553 345 32 533 604 15 3 20388 8 855 1698 7 1828 1757 5
81 192 5066 7 553 4 317 16 32 17133 3273 5
527 4 19 3 22287 7 3 229 5056 8 3 317 1443 4 3 528 1058 7 317 558 14 9 9435 71 132 31100 3 2376 7 9 229 3273 5
81 3 73 1208 4 117 1296 27 2704 6 1800 46333 7112 4309 8 27964 6 270 3 10554 10 523 229 200 9676 5
81 3 6854 4 87 16 9 938 221 7 3186 3174 13 3617 3 231 7 46333 1442 4538 6 4855 229 200 544 5
527 4 97 265 2062 27 1967 15 1165 3 6854 7 46 5890 5
1203 7 3 1806 1165 6169 27 9 1574 6269 4 883 24 4740 15 9 2190 229 200 2673 49 24 4740 15 9 234 7 2953 2854 27964 5
145 1381 6274 9 1165 7 3 2673 7 307 46333 7112 4309 10 307 229 2333 5
145 1381 1929 32 20071 7 3 104 533 1325 2062 845 25 280 6 7782 4 47 1311 4538 14 445498 8 67818 7 229 628 4 14 11249 426 200 5690 4 14 4242 229 2942 317 4 297 461 5
17 689 4117 7 46 1381 31 53 35 4114 33 9 3592 1165 7 3 6854 7 46 857 4 35 25547 33 3 6300 7 9 14324 4644 14 13663 3 2485 7 589 32 7112 951 284 8 35 31883 33 9 2898 52 3 689 2235 8 526 544 10 46 3186 857 5
1743 553 31 177 533 14 3 20388 8 855 1698 7 1828 1757 5
1743 1715 345 32 533 604 10 3 131 310 4 121 43 1951 3 292 726 7 307 378 1857 35 14879 4 75656 4 323 14879 4 2560 33 5
81 192 5066 7 553 4 3 1028 7 32 3469 5473 15 3 1277 7 3 317 28 2527 6 270 3 10554 4 8 15 143 2025 28 16 488 6 159 1866 5
13166 6 50 5238 3238 4 3 2376 7 229 200 5690 29 45 1940 4400 10 3 3547 7 1474 4 3685 8 16063 10 3 73 1208 35 24828 4 2552 4 323 2216 4 744 33 5
10087 4 90 11245 8 4011 8116 12251 27 45 1273 6 581 270 6 3 1866 7 706 10 523 229 200 9676 5
901 6599 7081 220 6 12262 8 4764 229 200 14141 31 35 4114 33 3 4867 2376 8 35 25547 33 3 2911 2376 5
17 172 1217 2062 3 292 2193 13 142 1951 200 5690 4 8 23 16 282 9760 14 9 902 1043 10900 6805 5
17 14091 4 15 3 83 881 4 494 13 3 484 277 1038 70 3 12865 13 2498 23 5
81 46 1065 4 14091 1618 1506 3 3851 3074 7 9 229 3273 21 9 89 507 4 8560 13 3 586 7952 6 4619 1010 35 4396 4 2391 33 5
145 17241 1217 19102 3 2376 7 138 23125 292 2193 5
1743 89 507 10900 71 26 1109 57 7 3 689 2235 10 3 89 507 8 2953 2854 6854 35 39131 323 28044 4 1278 33 5
81 3 73 1208 4 307 6599 27 45 1273 6 4764 229 89 507 8 6 581 10554 270 1443 35 18760 323 47529 4 590 33 5
901 346 3597 7 162 47 1186 6 1877 229 89 507 31 3 11245 2520 8 2953 2854 6599 35 6794 4 6794 4 10141 4 323 30412 4 2076 33 5
20370 11245 4309 2239 4753 13 3 89 507 163 542 31 4209 25 9 27728 650 35 13320 323 312912 4 6833 33 4 8 690 6 1506 3 4919 89 507 2020 650 10 678 6 132 7736 52 3 426 2770 7 3 507 5
527 4 229 89 507 31 4363 1812 4 1695 13703 4 7039 4 108140 4 4 8 9832 10 2129 35 51364 323 44427 4 6833 33 5
17112 2854 4538 27 45 3677 19 3703 1028 10 17241 8 7678 229 89 507 35 1604 4 280 33 5
966 2953 2854 4538 31 488 6 3968 108140 1322 148 4279 2193 19 93 2543 2505 52 3 9796 628 35 323 4 280 33 5
2018 192 4538 4 7732 32542 2642 35 49894 33 27 45 1940 220 10 11249 89 507 4 121 43 31 70624 4 7117 33855 4309 488 6 3968 108140 14141 7 89 507 276 120 11245 7417 52 3 628 35 20986 4 1604 4 323 75656 4 280 109 39131 323 28044 4 1278 33 5
13166 6 192 9063 4 307 3351 7 439493 8 5373 12251 27 45 220 10 11249 229 89 507 35 323 4 280 33 5
81 3 73 85 4 90 42211 4 6252 24 3 4867 2376 4 27 4729 143 6 4764 426 200 5690 24 4242 245867 10 70670 6170 5
81 46 4386 7 601 4 229 316 35 72790 323 4 2076 109 59503 4 10141 4 18150 4 323 7744 4 2560 33 4 229 576 35 6794 4 18150 4 323 6794 4 2560 33 4 8 141 317 10 287413 35 18225 4 4 15429 4 4 323 183645 4 2560 33 31 1109 4279 1351 7 245867 14 7678 426 200 3074 5
931 6599 4729 143 4242 533 2000 15 70670 628 49 143 6 2705 2234 14998 10 3 316 6 1297 3 11249 7 426 229 2770 5
17 689 3644 7 46 1181 16 6 1165 3 308 46333 1442 6599 1254 6 4855 229 200 544 5
1504 3 272 221 7 3186 3174 47 8850 7112 8 2516 1443 4 4538 8 27964 3677 6 229 553 4 100 9 265 1165 6169 27 45 845 10 4279 17180 8 9044 10 3 73 85 5
1203 7 3 1806 1165 6169 27 1967 15 9 2190 229 200 2673 49 15 9 234 7 2953 2854 27964 5
81 46 1181 4 80 132 9 3592 1339 7 2953 2854 4309 3677 6 3 229 5114 845 25 280 6 16910 5
17 6269 7 46 1165 1038 6169 2957 19 445498 8 67818 7 229 628 4 11249 7 426 200 5690 4 4242 7 229 317 4 297 461 5
145 1339 34 97 61685 3 689 1325 2062 4 44 59 23 16502 90 2235 7 7623 2953 2854 4538 6 4855 229 544 8 15682 90 526 544 8 3982 426 42211 10 46 857 5
17 8254 7 46 1381 16 4393 21 3177 5
8941 341 15682 3 601 5018 220 10 46 1339 8 90 83 6544 1547 6 46 162 5
8941 459 5181 90 2370 13538 47 3001 9 3519 14 46 601 5
81 1243 4 9 17592 14 21025 32 7112 951 284 16 1273 10 46 2124 5
8941 503 1708 9 6652 7 3 689 1325 2062 3467 14 26 5764 5
931 1325 2062 42 29371 232 6 40 689 8808 5
8941 500 1708 9 614 2898 52 192 689 1325 2062 5
8941 708 1708 9 2898 52 3 2235 8 526 544 7 46 601 352 5
8941 700 1708 3 380 14048 7 46 1381 5
17 1325 2062 2994 10 46 1339 42 2972 25 3756 10197 4 1246 41223 8 2088 11207 14 3 566 25 280 6 7782 5
145 4858 64 38020 18 3322 106 80 10992 9 1292 7 6854 1165 6169 19 3 216 6269 21 3 601 2209 10 46 1381 5
1796 689 601 952 42 27394 6 3929 46 601 53 35 4114 33 472 843 7 229 200 544 27 45 10455 24 46333 1442 27964 88
109 35 4114 33 472 843 7 46333 1442 27964 27 45 1273 6 4855 192 229 544 88
109 35 31883 33 472 31 3 689 2235 8 601 2322 13 816 526 10 46 601 857 88 5
81 46 1339 4 80 27 220 16691 7 3 508 35042 53 229 553 4 869 553 4 3414 229 89 507 4 11249 4 2953 2854 4 46333 1442 4 32542 2642 4 270 60401 4081 4 3638 2854 4081 4 22190 1443 4 16580 9674 4 67818 4 2419 3394 4 2942 4242 4 1339 4 1165 4 19079 542 5
17 38020 6 539 3 1325 2062 10 46 1339 18 13 3 1181 144 8850 3 231 7 120 46333 1442 5533 6 4855 9 229 565 5
20496 13 8850 32 2516 284 14 6062 11446 39 3008 7 10113 5
66 16 533 6 5306 13 3 522 7 46 1165 112 34 539 70 2333 7 46333 1442 4309 6 229 200 544 5
32402 34 845 10 25423 17180 8 9044 49 19 1024 6652 7 3 7112 5018 220 4 7 3 2854 31660 4 49 19 9 2325 8557 5018 42 34 848 10 46 1339 5
3194 3467 1181 18 4393 8 2994 232 6 50 1325 733 76 108 689 5835 8 90 144659 53 249 5
445498 53 5696 2419 3394 8 21946 109 4611 1376 8 61750 9674 109 5061 89 507 87930 109 5370 67818 5
70189 53 8334 7732 32542 2642 109 7013 270 60401 4081 109 7170 5373 4309 109 7259 27708 4309 109 3921 12516 4309 109 8016 461 6599 5
31763 4242 5
134 574 3 1339 24 7533 1165 6169 13 1311 2333 7 46333 1442 4309 6 229 200 544 5
81 3 6854 4 87 31 34 117 1165 6169 13 1311 46 5890 5
1203 7 3 845 6544 170 10 3 6854 31 10676 10 90 46333 1442 5533 4 133 21 439493 49 4624 27964 35 37566 33 5
280434 8 87985 35 280 33 1273 32 34130 5018 14 1572 6062 951 1443 538 49894 5
81 13 542 4 3 4888 5764 90 162 13 231 4867 8 2911 2376 6 13014 7112 951 1443 5
158 59 962 90 629 1959 10 538 49894 14 46 3644 4 13563 3 3394 7 29132 8 55906 4 3 6013 7 3 32542 6358 8 143 6 650 3 3354 5300 1601 24 32 49894 6 1000 954 6 2707 8 4083 7793 5
6793 8 9413 35 590 33 5561 3 2673 7 32542 2642 10 307 7 229 553 5
158 93319 90 1325 2062 13 2780 49894 6 1557 713 11249 4 869 200 11249 4 8 10900 7 1520 8 229 504 5
81 13 814 1381 4 93 1056 7 47 49894 64152 49 2854 5310 42 220 10 3 1325 2062 5561 5
17 162 1273 24 61626 4 4 8 268619 35 2076 33 5561 3 231 7 49894 10 11249 229 89 507 5
81 13 1381 4 3 4888 5561 3 6854 163 67 20368 53 3 445498 12251 3677 6 9796 628 8 3 32542 992 1746 220 10 1325 2062 5
55539 35 2076 33 59 5561 3 2673 7 439493 6 869 200 10900 5
214 1381 1708 9 2941 586 7 439493 8 2370 13538 7 869 200 103 148207 90 1325 2062 13 231 46 1217 6 4855 3 869 200 11249 565 5
1504 3 644 13 192 5152 27 32 13632 19 3 566 7 129 601 4 43 27 9 1574 6269 4 121 43 1101 10 100 57 234 7 46333 1442 27964 5
1203 7 3 2953 2854 6599 1273 10 3 6854 6 4855 3 229 11249 565 4145 15 11427 628 15178 25 2911 2376 5
75 90 1325 2062 27 4729 3 231 7 4538 13 4145 15 44895 628 15178 25 229 316 4 136 229 576 4 297 461 5
4 4 8 35 590 33 5561 90 1325 2062 47 5507 2942 4242 4538 6 10775 44895 317 52 291 8 231 192 245867 6 4764 3 426 3074 7 869 360 543 15 143 206 49 788 31 3 316 52 13 291 5
81 13 162 4 4888 581 9 4631 7 3 689 2942 4242 543 4309 1273 10 3 6854 2016 90 10777 7 3 1325 2062 4 13563 35 4114 33 3 2419 3394 5533 4 35 25547 33 3 2419 8593 1217 4 35 31883 33 3 316 1351 220 4 35 40378 33 3 303777 3677 4 35 8033 33 3 221 7 5835 49 733 3597 8 35 55969 33 3 48378 8958 5
1563 1165 59 4490 1325 2062 47 1273 2942 4242 6599 14 11381 10 229 200 2376 4 658 80 581 32 3353 2898 7 46 5890 10 4631 6 13 1165 5
622 533 162 1547 6 3 1379 601 18 1273 24 8 35 280 33 5
81 13 1381 4 3 4888 27 5561 72 577 3186 6169 13 2780 4011 8116 4538 6 4855 3 869 200 11249 565 5
17 5422 1325 2062 42 6401 72 218 523 20368 53 35 4114 33 3 869 200 4729 4 35 25547 33 3 9796 23394 220 4 35 31883 33 3 4309 8 19393 220 6 1088 3 58818 4 35 40378 33 3 16983 220 10 290 542 4 8 35 8033 33 3 773 1170 220 6 8612 3 1273 4309 5
1504 3 4321 4413 7 13 1381 10 9974 46 6854 857 4 23 16 8520 10 2953 2854 4309 3677 6 11249 5
81 2906 4 129 1339 6274 523 20368 7 3 6854 4 121 23 21519 307 692 1547 6 46333 1442 8 229 553 4 34 97 11249 5
6459 4 3 1165 115 24 8 35 280 33 16 2086 551 4 8 307 7204 42 115 25 280 6 16910 5
79 177 308 1339 35 323 79614 4 9770 33 5764 1325 2062 47 27 220 439493 10 224 2333 4 133 21 25479 8 3631 4 45814 2620 4 229 2376 4 1686 4 1971 4 297 461 5
1563 6269 16 48 5973 10 970 7 3 229 2333 4729 4 121 80 1101 15 2516 8 7112 1443 1254 6 229 200 2376 8 10900 5
527 129 6269 16 3528 10 970 7 3 27964 2278 5
455952 4 4 8 35 7782 33 1165 3 2673 7 13991 66413 4309 4 133 21 4624 27964 4 4624 5979 8 13991 27964 4 6 4855 229 544 5
145 1165 16 59 177 308 4 658 23 29 9 48 5973 6269 4 121 23 1588 100 13991 3581 4309 5
1563 1165 29 9 3707 6269 5
81 46 2124 4 80 1588 90 629 13538 13 36 581 9 3959 14 3 8254 7 3 1381 5
16528 8 4867 2376 4707 2376 16739 3 542 7 307 200 13987 8 2000 13 1951 15 360 7 229 1124 5
17 689 733 7 200 2376 16 6 1445 200 14141 10 678 6 185 10 3 10554 650 5
901 689 1940 220 6599 14 15826 229 553 31 3 4867 8 3 2911 2376 5
1354 6599 27 3 1325 733 7 3003 3 484 5690 8 4764 40 426 8249 5
527 4 3 346 1884 148 192 67 5310 16 1547 19 3 2129 7 200 2000 1109 24 290 1217 35 4396 4 2391 33 5
45353 2376 574 10 21254 19 32 533 3469 4 5851 3976 4 47 4216 13 706 236 6 542 90 4867 13987 7 9 136 103 5224 4 133 21 3 1646 7 711 4 21737 8 96349 5514 35 280434 323 87985 4 280 33 4 1182 4 1950 4 1124 4 9192 8 83 229 5158 7 9 136 5
45353 1151 494 13 3 869 484 7 9 136 16 4669 24 307 281 8 20388 2193 47 31 2634 8 6404 6 3 136 5
2625 11427 3648 8 9224 42 1589 6 4530 10 4907 3 12865 7 9 136 4 133 21 891 534 4 1971 1264 4 1247 5148 4 229 13544 4 297 461 35 28724 4 911 33 5
81 678 6 1297 3 2376 4 90 83 2193 133 21 200 4695 4 1209 4 8 141 229 316 4 3377 8 855 2642 27 45 220 6 542 3 12865 7 9 136 5
16528 2376 4 15 3 83 881 4 340 34 159 12067 76 5139 3 2634 8 6404 10777 7 9 136 10 3 542 7 200 484 5690 5
59838 494 13 70 3 12865 13 1951 3 200 5690 31 1080 11828 10 3 484 35 4396 4 2391 33 5
6297 15 46 1264 4 14091 13488 3 12865 7 9 136 4 7138 3 2376 7 70 138 23125 292 2193 5
18484 4 14091 690 6 2705 5897 10 484 4 3583 4 16936 8 951 1715 4 8560 13 192 245867 31 385 6 2258 426 2770 5
16528 9224 4 47 31 17315 26325 3677 6 484 49 3583 628 4 31 1148 8 220 10 678 6 1506 90 6681 7 869 360 49 16705 1627 35 18760 323 47529 4 590 33 5
16528 2376 2527 30322 4 3703 2362 1291 4 1324 14407 4 15 1760 6163 4 4050 8 489 7 337 4 48378 1627 9224 4 297 307 461 21 3648 14 200 2376 35 28724 4 911 109 323 4 7560 33 5
6297 15 307 2911 9224 4 14091 10563 8 12262 3851 628 7 9 869 49 200 1291 37665 1724 10 89 10 678 6 4764 426 2770 7 3 229 3273 4 8560 13 43 3130 6 4619 1010 5
527 4 680 3 6928 10 46 1217 65 677 6 4867 2376 4 90 4888 2797 13 23 71 34 185 706 10554 5
5160 10 8346 4 30924 4 24378 4 8 63254 35 8346 33 1273 3 19379 13 869 360 1379 9 6951 1964 3074 4 10 47 6275 893 10 484 10779 21 1216 4 74926 5146 6951 23394 5
214 3695 14359 13 484 893 27 93 2900 8 3 271 71 34 26 220 6 4764 426 360 2875 5
17 66571 4707 143636 35 95560 4 9749 33 4088 13 3695 24 10626 13 360 1080 12874 70 558 317 52 32 869 4 8 97 84 317 16 488 6 337 484 5690 5
238 3 3770 7 84 317 16 10774 4 95 31 3 484 893 5
1249 3 2911 2376 16 543 15 3851 628 6 4764 426 360 4 23 86 26 3058 13 46 200 2376 1217 71 34 162 2875 35 280434 323 87985 4 280 33 5
527 4 5226 7 192 9648 4 307 706 4 229 3285 8 8974 1470 27 220 2911 2376 10 7678 869 200 19 4900 1028 35 34483 4 4 30402 4 4 323 4 2076 33 5
81 3401 4 86004 8 43534 35 2804 33 2173 9 19026 6 1339 3 231 7 2911 8 4867 2376 24 563 1557 4170 10 2397 2507 5
17 522 661 13 4481 202 7 3 19964 4145 15 189 4867 8 2911 2376 5
11391 661 59 13 2911 2376 18 48 3684 1109 10 2472 22 7877 30229 8 48 4116 10 11249 4695 8 2143 266 5
2625 3186 3174 10 3 6854 27 220 2911 2376 6 4855 3 869 200 10900 565 35 323 100406 4 7560 109 4182 4 54390 4 323 4 6833 109 34483 12283 32330 4 2076 109 6793 4 18318 4 323 25279 4 280 109 7227 4 9516 109382 4 1376 2990 4 80752 4 323 160343 4 280 33 5
20370 11245 8 4011 8116 12251 622 533 1653 7 538 2911 2376 16 13 23 55220 3 565 7 7678 426 200 5690 6 9 5195 4355 565 4 10 47 29132 31 10978 25 3851 360 8 2911 16705 8 55906 71 26 1221 25 192 271 628 35 18760 323 47529 4 590 33 5
238 9 8867 4 307 6645 6 1217 3 565 27 45 1273 4 47 1079 25 1510 11245 17241 6 4309 543 15 46333 1442 27964 5
1354 6599 2239 1506 3 229 628 21 9 89 507 5
79 89 507 16 9 9149 7 28579 628 11537 2236 37665 10 89 35 138032 323 2369 4 280 109 6794 12283 32330 4 2560 33 5
2625 7039 6589 71 26 12072 21 9 89 507 4 133 21 869 360 35 98586 249 33 4 2864 5243 7 9 136 4 9 136 8001 4 3 4879 7 9 264 4 2372 3568 4 80860 4 297 461 5
32693 229 628 21 9 89 507 2228 17241 3 89 507 3074 8 7678 426 3074 7 3 89 507 24 538 307 89 507 3648 35 47529 323 80752 4 502 33 5
931 3648 581 2538 1225 6 3030 89 507 628 4242 8090 4 133 21 7379 7 4695 4 1892 7 6487 1896 4 12104 8 85651 35 60742 323 12090 4 274 33 5
766 192 2000 16277 25 229 89 507 71 26 220 6 7673 1727 8 1423 266 4 47 71 26 220 6 14391 706 1763 35 4396 4 2391 33 5
98586 249 5
3775 390 136 869 484 89 507 5
17 10900 565 14 229 89 507 628 9286 10 2854 9 1506 25 9 392 229 89 507 628 197 4 114 16 9 628 9892 8 16 3 2655 871 5
17 2198 1506 16 220 6 132 5050 7736 7 11348 2106 14 426 8 4000 2770 7 14937 2106 35 7277 4 18150 4 1453 4 323 4 280 33 5
527 4 46 565 16 1109 57 7 3 104 3558 544 7 1828 89 507 11249 35 6794 12283 32330 4 2560 33 5
81 3 73 1208 4 307 6599 27 45 1273 10 678 6 4764 229 89 507 8 6 581 10554 270 1443 35 18760 323 47529 4 590 33 5
901 346 3597 7 162 15 11249 229 89 507 31 3 1510 11245 2520 8 3 2953 2854 6599 35 6794 12283 32330 4 2076 33 5
20370 11245 2520 31 2239 543 15 3 9513 7 157631 297 3615 5146 23394 35 6794 12283 32330 4 2076 33 5
931 2520 539 89 507 56018 4 46279 42146 4 5775 1324 596 35 33 8 50 10887 4 48015 15327 35 33 4 297 461 35 14879 12283 32330 4 2560 109 6794 12283 32330 4 2560 33 5
931 4538 2239 4753 13 3 89 507 163 542 16 4209 25 9 27728 650 8 690 6 1506 3 4919 650 543 15 46 9513 5
527 4 90 2190 10777 7 229 89 507 132 46 843 7 628 48 841 6 4764 4 65 677 19 83 5066 7 89 507 5
931 2190 10777 132 1510 11245 4309 34 2875 3677 6 229 5114 5
1743 89 507 1379 32 14899 7 4046 8 5266 35 280434 323 87985 4 280 33 5
10526 4 46 843 7 628 6274 9 108140 3074 8 93 8639 11245 2763 142 26 6453 22 290 397 7 89 5
6459 4 7039 893 10 3 1322 148 1216 8 6325 23394 1636 3684 10 229 89 507 35 18409 4 38870 4 150916 4 323 18409 4 280 33 5
1471 27777 2916 13 754 10900 7 426 229 2770 3195 16 3 272 8465 10 3 89 507 35 323 4 280 33 5
57285 10 3 229 5114 71 26 4939 21 3 7665 7 3 12642 10 3 200 4946 7 9 229 3273 8 23 16 45228 1547 6 683 1643 35 74162 323 195912 4 2076 33 5
145 13292 15565 7 229 89 507 71 26 2921 24 3 644 13 229 360 31 7900 24 117 292 2193 4 706 10381 8 1879 4 1627 7 83 869 553 4 281 993 4 297 461 35 20848 4 92144 4 323 4 2076 33 5
1249 229 553 31 1109 1812 4 13991 4 13703 4 8 108140 8 14510 182439 7039 284 35 18150 323 47153 4 280 33 4 48 33855 8 6633 12251 31 1272 6 1297 11249 8958 5
473 3 308 7204 10 4011 8116 4538 4 90 46333 1442 12251 27 45 220 21 3648 10 11249 229 553 35 14879 12283 32330 4 2560 33 5
35257 8116 4538 4 133 21 2516 1443 4 22190 1443 8 7732 32542 2642 4 27 45 3677 19 3703 1028 10 17241 8 7678 229 89 507 35 1604 4 280 33 5
966 7 192 4011 8116 4538 31 488 6 3968 108140 1682 297 4279 200 2193 19 93 2543 2505 49 11245 7417 52 3 9796 628 35 323 4 280 33 5
35257 8116 12251 1379 307 9063 65 677 19 1510 11245 4309 5
158 2239 7902 272 9903 6 121392 8 3030 166 10 13703 628 10711 109 43 31 70256 4 70624 4 14510 182439 8 7117 33855 12251 109 43 1871 287 3851 628 58 1510 11245 2520 35 24087 323 22803 4 7560 33 5
1210 6 28410 4 10141 4 34874 4 8 7744 35 280 33 4 23 16 2239 975 13 14510 182439 4309 23997 3 182439 4309 10 7678 426 229 200 14141 5
27143 951 17592 1504 3 644 13 307 1296 27 4729 143 6 231 46333 7112 1443 6 4764 229 200 5690 4 87 16 93 25336 8 2870 17592 47 5181 143 6 1000 32 16001 951 284 35 280434 323 87985 4 280 33 5
1210 6 280434 8 87985 35 590 33 4 3 689 1033 16 13 1408 16001 951 4309 31 34 20572 6 3 3186 668 4 121 706 690 6 422 40 5663 455 3205 5
81 46 2124 4 80 1186 6 55741 3 689 5937 7 9 11249 17592 3677 6 229 553 5
145 17592 195963 3 689 1959 14 13663 1296 8 15204 10 589 32 7112 951 284 5
134 4 658 4 31 34 201 76 3856 7 3 1332 6358 7 9 951 284 5
1563 3644 16 6 1588 3 689 5937 7 32 7112 951 284 19 3 1101 15 11249 7 229 628 5
81 3 5114 7 614 89 507 10900 538 46333 1442 4 9 1029 14324 4644 220 14 11249 1038 3 508 5257 1959 35 323 144598 4 502 33 53 35 4114 33 628 5923 4 35 25547 33 31660 6300 4 35 31883 33 928 8 35 40378 33 11249 8557 5
7337 5923 4 3 74 1092 4 9286 10 2930 628 14 3 2854 650 5
17 689 1715 15 46 1092 31 3310 4 445498 4 40937 4 8 44087 628 4 47 770 3 6013 7 928 8 960 628 2757 5
17 169 4141 4 3 31660 6300 4 9286 10 9409 3 4011 8116 5018 6 26 220 14 17241 8 11249 3 628 8 3 6300 7 3 6358 7 3 5018 5
17 928 4141 9286 10 13896 3 928 31660 4 13999 928 19393 8 18976 3 928 4644 10 678 6 1000 9 1506 7 3 2198 628 5
17 73 4141 4 3 8557 4 9286 10 10472 3 8557 23491 8 10 9365 3 8958 7 3 522 3455 24 699 3 3559 5018 15 3 960 100402 5
98586 341 61685 192 179 1959 7 3 4759 11249 17592 5
98586 341 5
31587 11249 17592 5
520 1325 2062 1273 10 3 6854 27 220 3 4759 11249 17592 6 4855 229 200 544 5
527 4 90 2190 667 7 229 553 236 6 26 4605 10 678 6 1088 9 1408 7112 5018 5
17 74 689 492 7 229 553 16 3 1414 7 9796 23394 6 26 18213 24 9 2953 2854 5018 8 3354 5300 6 26 2655 8 220 10 10472 3 954 6 2707 8 4083 3 200 8 24 3 552 8 207 891 5310 5
1516 177 533 492 7 229 544 10 4631 6 83 2953 2854 544 16 3 8557 1092 5
1249 3 689 733 7 32 16001 951 284 16 6 14391 3 1234 65 9 3677 6 521 553 4 3 8557 1092 383 27 21 50 6905 6 1415 3 1175 6 132 1763 10 9 521 49 17229 951 1566 5
931 667 236 6 26 4605 4 163 3 1936 7 21025 9 11249 5018 47 16 34 10436 10 1407 49 47 71 899 2091 229 5284 6 706 5
458 4 10 678 6 1088 32 7112 951 5018 4 90 1959 236 6 26 848 10 46 4759 17592 8 90 1806 1959 383 26 9888 5
81 3 628 5923 1092 4 628 6 26 220 14 2376 8 11249 31 3883 8 1745 6 26 18213 24 9 2953 2854 5018 5
81 3 5114 7 229 200 2333 4 307 2911 49 4867 9796 23394 31 558 8 3 1414 7 47 23394 6 231 16 34 9 9802 2485 5
17379 4 46 1414 5473 15 3 683 30229 5
16528 23394 31 2573 10 267 7 4251 951 4 133 21 1562 4 3704 49 2864 35 4182 12283 32330 4 6833 33 5
45353 29132 31 3054 220 10 3 267 7 1739 951 35 280434 323 87985 4 280 33 5
2018 3 2911 23394 4 87 31 3184 2911 7732 11335 13 71 26 220 5
8 35 280 33 55741 307 29132 220 10 48 58 577 3186 3174 5
2625 46333 1442 4309 71 26 220 6 37782 46 4141 5
931 4309 27 21 689 6905 3 3394 49 21946 7 4279 2000 25 9796 628 10 678 6 1297 11249 7 229 5300 6 26 220 10 951 954 5
1471 533 11933 4141 7 628 5923 16 3 3394 7 3354 23394 6 26 220 5
145 71 26 1109 9 18795 1092 10 83 89 507 10900 2333 133 21 80860 4 2372 3568 4 348 7 9 136 4 11432 1564 4 297 461 5
81 3 5114 7 11249 229 200 5690 4 87 31 307 5300 13 71 26 2655 8 220 24 9 774 284 6 7673 3 2707 8 4083 954 5
17 104 1029 3354 3905 220 10 6854 16 3 484 14 3 161 168 5
1516 23394 220 31 3 484 14 3 161 9424 222 4 3 3703 2362 9008 35 114666 33 4 9 997 7 3 828 7 705 10 360 4 3 161 2143 266 4 297 461 5
435 10472 3 9796 8 3354 23394 6 26 220 10 11249 4 3 628 31 3564 4 6 5199 5266 8 85651 4 48871 8 10032 5
931 10032 628 31 220 24 9 2953 2854 5018 10 678 6 2854 3 200 14141 5
17 169 4 296 8 740 16200 7 3 12510 7112 951 17592 71 26 396290 10 9 825 152 6 3 16200 7 3 4759 11249 17592 35 98586 341 33 5
81 192 16200 4 3 11249 31660 144 26 3467 8 3559 14 17241 3 3112 9796 628 8 14 11249 3 3354 5300 5
17 2655 2770 31 220 6 8612 3 11249 8958 7 3 1273 1217 5
70189 8557 71 26 2828 24 538 4759 2953 2854 8958 1170 4 133 21 1153 6474 3768 4 1153 6474 2156 3768 4 6808 1153 2842 3768 4 297 461 5
81 3 229 11249 17592 4 67 1117 16200 236 6 26 11828 6 3 1510 17592 4 13563 35 4114 33 3 951 1264 8 35 25547 33 3 207 8557 5
79 951 1264 16 5543 19 3 2655 5300 8 2527 192 2770 6 4920 10 3 19630 200 543 15 138 230 426 2770 5
1210 6 304430 35 2391 33 4 9 1408 951 1264 738 6 5507 108 689 2000 5
17 74 7 91 9286 7 9 197 7 954 47 45453 65 6 2707 8 4083 7793 5
931 954 231 3 2655 3354 5300 6 2705 3 282 1129 6 736 49 1005 1989 5
17 689 733 7 3 951 954 16 6 14391 3 229 1763 5
81 5238 970 4 23 2527 3 2655 3354 5300 6 736 1124 47 31 3339 44 47 3130 6 5883 10 3 426 5
17 169 2419 7 9 1408 951 284 16 9 552 532 7787 4 47 16 9 197 7 954 13 1316 3 4513 207 4 133 21 82489 2353 14 946 18760 8 47529 35 590 33 5
11287 532 5310 144 7673 1234 8808 10 290 774 21 166 21 23 144 7673 65 1134 9 9175 827 47 340 34 10779 21 2655 5
17 296 2419 16 3 207 891 7787 4 47 7162 3 827 1646 4 11771 4 3 1058 7 1714 6 26 220 10 9 774 2016 3 676 455 558 8 3 552 694 10 3 774 5
66 16 533 6 5306 13 192 108 5310 7 3 951 1264 236 6 159 1250 7 19630 12453 4 133 21 3 4660 569 4 47957 4 3583 12453 4 19918 4 678 22853 4 297 461 5
6876 2898 7 951 284 64152 71 26 170 10 20697 35 280 33 8 35 6833 33 5
17 73 304 4141 16 3 207 8557 4 47 9286 10 15206 3 773 7 3 951 284 10 970 7 363 1763 10 9 521 200 5
145 16 32 533 4141 4 121 46 8557 1929 5415 13 3 1273 2516 951 5018 16 488 6 132 1763 10 3 200 10 32 16001 152 5
187 31 3242 7 23491 13 71 26 220 6 8612 3 1234 773 4 133 21 17457 462 4 22293 4 28506 5514 4 297 461 5
280434 8 87985 35 280 33 55741 307 951 284 23491 13 71 26 220 14 1234 8557 5
98586 459 14103 3 1081 17592 14 589 32 7112 951 284 5
98586 459 5
1743 951 6684 19 11249 5
145 2124 1708 9 6652 7 290 1325 542 170 10 3 6854 5
17 6169 2994 322 31 4393 232 6 40 1325 733 49 689 4413 6 46333 1442 3677 6 229 553 6854 5
445498 12251 7337 5923 16 3 74 1092 7 120 1408 7112 951 5018 5
435 10472 3 9796 8 3354 23394 6 26 220 14 17241 3 229 3273 8 9583 3 9796 628 6 26 220 10 928 4 3 2673 7 90 445498 4644 15 192 628 142 26 177 4116 4 121 43 142 26 220 6 1297 3 8958 7 32 7112 34141 10 307 1225 5
49366 3394 49 21946 4309 71 26 3677 6 9 100402 10 678 6 5339 3 282 3890 2000 7 3 9796 628 47 9704 3 9796 15209 8 24658 53300 3 928 89 5
445498 12251 71 26 220 6 13720 11177 2000 8 5266 25 9796 628 49 7367 8 4007 85651 4 47 142 1297 3 11249 8958 5
520 445498 12251 71 26 220 6 59592 3 9796 628 4 10 678 6 6797 3 17241 565 76 1731 5
81 46 2124 80 1588 90 12251 1273 10 3 6854 47 3030 90 843 7 445498 15 9796 628 103 3 928 1092 5
49366 3394 8 21946 1210 6 3 6684 962 10 98586 459 4 3 1325 1715 15 10472 9 46333 5018 488 6 1877 229 553 16 3 6300 7 29132 8 55906 7 3 11249 1506 5
6297 15 13 2007 6300 4 9 2953 2854 5018 16 220 6 1506 3 7488 297 192 29132 8 55906 5
622 12340 1414 7 9796 23394 71 321 6 9 1506 47 340 34 4301 3 521 3074 7 3 229 200 8 47 71 26 1109 19380 10 11249 426 5690 5
81 3 6854 4 1273 6599 5697 3136 3 221 8 3351 7 23394 220 10 17241 229 3074 5
45353 2376 1708 307 27461 8 153497 13987 7 32 1570 136 8 7 3 1081 200 4 133 21 1646 7 711 4 21737 4 96349 5514 4 780 3154 4 6966 4 8474 4 297 461 5
16528 2376 4 15 3 83 881 4 1708 9 6196 7 2911 13987 4 133 21 1324 14407 4 8465 4 15 1760 3583 4 4050 4 3703 2362 1291 4 297 307 461 35 280434 323 87985 4 280 33 5
527 4 10 3 6854 4 87 16 93 4499 15 47 9796 23394 31 3 282 6 26 220 5
17 3394 7 47 9796 23394 31 48 3890 8 4116 14 1783 11249 16 34 9 9802 2485 5
520 7 192 23394 71 26 12689 11177 6 3 17241 2485 5
81 678 6 185 10 5261 47 12911 197 16 333 9760 6 9 229 11249 5114 4 90 162 27 4729 3 231 7 6062 2419 3394 49 21946 12251 5
17 689 1653 7 2419 3394 49 2419 21946 16 551954 2807 4 47 24658 9704 3 46333 768 7 3 2953 2854 5018 220 21 166 21 23 9704 3 552 7 5
17 11037 7 11177 2000 2697 6 333 10900 3800 35 47153 323 126069 4 590 33 5
1210 6 8113 35 1095 33 4 87 16 32 533 9373 52 2419 3394 8 2419 21946 5
49366 3394 12251 4 59 226 2419 33498 3394 4 2705 138 23394 13 31 34 4279 14 17241 3 628 6 26 2198 5
49366 21946 12251 4 15 3 83 881 4 690 6 384 9 8586 25 3 1494 2419 197 6 9 798 61638 2419 904 5
49366 3394 8 21946 4309 71 26 6401 21 18683 8 45780 4 232 6 3 1315 7 3 5018 5
87721 4309 3030 3 3394 7 533 2000 1216 7 120 2953 2854 5018 35 1604 4 280 33 5
931 4309 2239 162 24 1821 2376 7 3 9796 628 4 8 3270 24 21853 533 2000 137 90 4015 72 3 628 5
64362 21 2376 4 211739 3394 4 3610 6825 2376 35 48694 33 31 6200 7 12251 220 21 13720 4309 5
387004 4309 4 15 3 83 881 4 4145 15 9 2953 2854 31660 6 5339 533 2000 5
931 4309 231 3 19372 773 7 9 392 2854 31660 10 678 6 8612 143 206 16 9 33498 7 2000 220 21 9796 5
2758 4309 162 24 4231 3 282 33498 7 9796 2000 4 464 6 25450 3 34141 8958 5
1504 3 644 13 45780 3030 333 4 121 43 162 1752 19 3 8958 1170 7 9 392 303777 4 43 27 272 46333 569 35 14879 4 28410 4 63430 4 323 18150 4 7560 33 5
238 3 2419 904 2238 4 3 1046 904 142 343 26352 5
87721 4309 2239 321 6 9 798 8958 4 658 43 1379 9 568 46333 47175 5
1604 35 280 33 1273 9 5373 2419 3394 7787 13 1141 3 9063 7 13720 8 50902 4309 4 13563 3 798 46333 569 8 333 8958 4 3995 5
622 18365 1846 1415 16 220 21 9 13720 10 678 6 185 10 5261 3 282 108791 14 9 392 2419 197 5
2927 4 9 270 60401 2953 35 187305 33 303777 16 220 21 9 50902 10900 5018 6 24107 3 2007 3394 1252 24 3 13720 4 47 5708 9 1842 197 7 2000 5
47153 8 126069 35 590 33 220 3 12516 5533 6 1088 9 2419 44306 4 47 10556 48694 4 37566 8 55706 8 382860 29507 27450 5
17 4888 677 3 2419 44306 12516 538 108 3109 5310 4 13563 1456 4 13632 8 41748 13632 7 3 2000 3467 24 290 1570 44306 5
14879 12283 3462 5
35 7560 33 2164 2516 2505 19 9 78180 543 50902 6 5339 3 282 2000 6 229 7847 10900 565 5
79 197 7 229 2000 16 40476 6401 538 2516 2505 4 8 2000 31 29371 76 90 346 5835 5
17 867 468 16839 2000 16 6 1128 3 1046 904 4 24 8547 1695 31270 2000 25 3 1046 904 5
622 187305 31660 16 220 21 3 50902 10900 1506 5
1376 8 61750 9674 263736 2333 7 2953 2854 3054 453 3 1892 7 5266 8 85651 10 3 9796 628 35 86391 4 30119 4 334428 4 323 126069 4 1422 33 5
38222 8 85651 31 11537 7671 523 25 3 8254 7 628 5
38222 71 26 1022 24 307 1809 4 3054 10978 25 6179 10 6625 628 4 463 6 9889 15172 4 746 3768 49 8531 3768 5
132477 71 1230 15 3 628 463 90 15924 5771 4 133 21 284 3074 4 9194 3074 49 1375 64441 10 628 1193 5
1249 192 11537 31 13033 19 3 8254 7 628 4 43 142 899 307 1305 10 17241 628 5
81 3 229 5114 4 3 1892 7 5266 8 85651 71 899 1024 628 17241 8 321 6 1024 11249 4 24658 35 323 138125 4 590 33 5
81 3 6854 4 90 4888 27 4729 143 6 13720 5266 25 628 4 7367 85651 8 4007 91 21 9 445498 1092 10 3 229 5114 5
520 162 27 220 1216 6825 2376 35 64510 33 6 2705 1216 5937 7 9 628 197 47 1379 1966 3074 8 13720 153 25 5266 35 28242 4 12825 4 323 20986 4 2560 109 56289 4 75656 4 20986 4 323 7277 4 6833 109 20986 12283 32330 4 280 33 5
20986 12283 3462 5
35 280 33 1273 3 231 7 108140 64510 35 218329 33 10 3109 19 270 60401 56018 35 33564 33 6 4764 869 360 5
218329 16 9 19962 7 3 64510 47 12726 13 628 31 9 108140 3109 7 35855 1351 5300 4 47 31 48 6943 6 229 628 5
4130 5937 13 3576 287 245867 52 3 689 2000 7 3 1494 89 507 31 1109 5266 8 23642 25 3 628 5
56289 12283 3462 5
35 6833 33 1273 3 231 7 218329 10 3109 19 32 33564 6 4764 869 360 5
218329 16 74 3677 6 3 628 4 10 678 6 2705 3 1216 5937 4 8 192 5937 4018 3 33564 10 678 6 4764 3 426 869 360 5
28242 12283 3462 5
35 2560 33 677 3 773 7 4759 64510 8 218329 10 3109 19 9 156936 35 106153 33 3559 19 5
11391 661 13 7736 13 220 218329 21 9 445498 1092 2209 333 522 5
6794 12283 3462 5
35 2076 33 4729 143 6 1297 3 11249 8958 7 32 106153 24 538 3 7532 35 255946 33 21 9 445498 7787 5
255946 16 9 1940 220 5018 10 3905 2376 8 3677 6 1678 3547 5
81 13 162 4 255946 16 220 6 2821 5266 25 628 103 3 2854 650 5
622 1291 2157 484 89 507 16 36438 538 799 1042 8 272 1042 18683 5
7337 23642 24 3 799 1042 13720 3001 3 689 628 7 3 3905 4 8417 628 23642 24 3 272 1042 13720 3001 3 5266 5
1301 3 799 10291 628 31 220 6 1649 32 106153 538 3 31660 5
20986 35 590 33 677 3 773 7 64510 8 255946 10 20973 9796 628 25 5266 103 17241 229 628 5
17 4631 694 3 508 6599 53 35 4114 33 64510 10 3109 19 106153 4 35 25547 33 255946 10 3109 19 106153 4 35 31883 33 9 837 106153 8 35 40378 33 3 6951 1964 5
11391 661 9 333 8958 7 64510 1635 106153 979 24 255946 1635 106153 5
8 138125 35 590 33 4729 3 231 7 255946 21 32 61750 9674 8 13760 5018 5
17 1273 5018 71 26 3677 6 3 50527 7 523 8465 2520 446 3768 142 1667 120 424 3201 5
35845 2870 3 1273 5018 10 307 8465 2520 4 133 21 8 3 160269 8465 1506 35 33 4 19 5464 508 9 201026 49 9 12016 2106 9575 3201 5
8 138125 35 7560 33 677 307 4538 1273 10 6854 6 12042 3 1896 7 85651 10 3 5114 7 552 14555 5
225928 258766 4 28760 4 75308 4 8 135236 377253 35 280 33 1273 9 61750 9674 5018 543 15 45546 5
81 3 1273 1217 4 9 45546 16 9168 14 3 100402 5
1301 4 3 596 3457 4 47 1170 3 596 3457 14 290 397 6 50 8668 4338 10 3 45546 4 16 43420 5
17 266 19 1978 596 3457 31 1109 85651 4 121 43 5697 2537 25 3 83 266 8 71 26 6131 25 3 9796 100402 5
2897 507 87930 1743 89 507 628 17544 3184 3851 628 266 4 47 31 3054 7039 8 108140 24 2129 5
145 15565 754 3195 3 2826 2376 2485 21 166 21 3 10900 7 426 2770 5
79 1029 5533 220 10 3 6854 21 9 15209 2807 4462 16 3 87930 7 3 89 507 35 6793 12283 32330 4 280 109 44427 4 51364 4 323 28587 4 2076 33 5
345301 16 9 445498 1092 1618 220 14 3364 3 89 507 19 287 628 4 47 2228 3 7379 7 2911 5897 2538 58 24 15826 3 1081 628 35 51364 323 44427 4 6833 33 5
520 1029 87930 4309 3677 6 229 89 507 31 357549 533 266 35 154398 33 8 2143 266 35 59433 33 7379 5
1354 4309 27 45 220 6 2705 90 964 266 7 9 229 89 507 8 43 231 192 533 266 6 3001 3 1081 507 276 637 7 317 5
145 867 16 543 15 3 644 13 12642 4 4695 8 5897 496 9 89 507 31 4669 24 97 9 396 221 7 628 266 4 47 792 31 488 6 5313 3 1308 3157 7 3 89 507 35 51364 323 44427 4 6833 33 5
999 538 100 192 533 266 4 32 7112 284 71 1506 8 4764 3 89 507 19 287 900 8 1297 8958 5
81 51364 8 44427 35 6833 33 4 75805 31 3467 25 3 1494 89 507 21 3177 5
17 74 8 73 11537 31 4939 21 75805 5
17 4831 75805 31 43420 21 3 397 19 3235 3457 6 3 1321 1658 75805 5
9524 3457 23491 220 31 3 234324 3457 4 70652 3457 8 14042 3457 5
8 35 7560 33 1273 9 11249 5018 543 15 75805 8 7039 89 96926 35 125433 33 5
75805 31 220 6 2705 964 628 266 47 31 220 6 5280 3 507 76 523 7 628 5
125433 16 153 220 6 384 825 3851 8 132 7736 543 15 3 4230 13 192 282 2388 15071 10 3 271 4 8560 13 825 14141 51 1636 10 426 5
20611 266 31 6008 325 3033 8 3235 266 15 9 89 507 4 49 10 5238 970 4 3 12768 8 51561 35 6793 12283 32330 4 280 109 51364 323 44427 4 6833 33 5
71 26 1109 16207 10 3 89 507 8 71 26 11737 21 993 7 485 3238 10 3 4919 650 5
4459 3 337 7 3 229 89 507 154 9 566 4 47 71 26 220 6 2705 3 1431 49 194 7 9 4660 566 35 44427 12283 32330 4 2076 33 5
6793 12283 3462 5
35 280 33 220 32 12516 7 439493 3559 19 6 4764 25 2588 1053 7443 9897 35 33 5
88463 8 35 280 33 4729 143 6 4764 10 3 5114 7 1034 200 24 4907 90 557 9224 7 893 10 13 200 5
44427 12283 3462 5
35 2076 33 220 59433 87930 5018 6 59592 229 89 507 10 523 926 7 171511 5
81 3 8365 4 3 1273 1217 18 677 19 154398 1264 10 970 7 11963 10104 8 13527 7 3 1494 89 507 5
51364 8 44427 35 6833 33 1273 9 5018 14 7995 47 34298 3 2463 7 3238 7 290 59433 5
145 1415 16 43420 543 15 3 1884 148 3 1494 507 8 3 3979 507 276 9 59433 5
81 13 1325 542 4 42 7545 10 9 46302 1046 3472 232 6 40 2463 7 3238 10 678 6 852 3 1313 7 48 533 266 19 799 470 5
382241 382241 16 32 32601 2854 5018 47 16 220 10 307 2673 30951 7 5195 4355 8 628 4242 5
17 3316 7 67818 4538 16 6 10563 9 197 7 1822 10 600 133 13 1822 496 9 182 1379 272 27647 8 1822 10 523 600 1379 272 365250 35 24460 4 4 323 4693 52455 4 6833 33 5
81 3 229 5114 4 57 533 733 7 67818 89 507 16 6 2705 600 7 1989 49 1557 553 13 7902 825 3074 35 323 100406 4 7560 33 5
25310 5690 10 869 553 31 177 1029 4 10 47 3 1627 7 9 869 200 49 1291 10 9 151 16 1768 24 3 1627 7 1989 10 184 151 5
145 71 59 2659 10 523 44 1547 200 4814 5
252036 825 89 507 16 177 4116 6 185 10 7678 869 360 8 132 5796 2472 5
8 100406 35 7560 33 1273 9 67818 5018 47 16 488 6 2705 89 507 13 31 825 10 3157 4 141 92 43 31 42456 10 89 4 11771 4 43 31 25310 1324 44 19 90 7511 49 1562 3898 5
17 1273 10753 5018 4278 10 108 16200 5
81 3 74 1092 4 89 507 31 4 6740 10 9 799 61638 904 8 153 29371 538 3 11856 23865 67818 5018 5
81 9 169 4141 4 3 40476 30209 600 31 12630 10 678 6 1297 3 2007 10753 1277 5
167639 31 3112 21 282 10753 3553 8 825 89 507 31 29371 538 234324 3457 543 15 27647 10 89 5
81 3 296 1092 4 3 1601 11933 18679 31 11831 6 13014 3 5215 18679 5
125433 13377 16 220 6 49075 600 7 89 507 47 31 825 10 3157 5
2482 209496 4 98891 4 12826 4 8 258278 35 6833 33 4729 143 6 10753 229 89 507 538 9 22190 1217 5
901 523 3457 1170 543 15 1506 42 1273 10 678 6 159 1250 7 14510 4 108140 1322 148 4831 11537 7 26327 2770 8 325 8465 5
17 74 3457 1415 220 10 3 67818 31660 16 543 15 3 8593 7 3 1506 5
145 3457 13377 110458 3 365250 148 290 1808 7 89 507 24 9901 225419 5
17 169 3457 1415 1273 16 543 15 9 182439 1217 13 2527 3 317 52 3 1221 19393 8 40 1221 5
17 4309 42 3677 6 182 7347 1557 713 111 1403 83 6133 4 8 9345 522 661 13 43 42 488 6 2705 825 49766 10 3 8465 7 1562 2696 8 30174 1557 713 232 6 40 3241 5
17555 4 6793 4 8 9413 35 280 33 4729 143 6 10753 229 234675 89 507 628 5
1743 628 31 3054 3380 21 9 234675 89 507 9935 24 307 2911 9224 133 21 272 484 4 799 484 4 986 484 4 2157 484 4 774 3583 4 951 1058 4 297 461 5
81 3 1273 1217 4 3860 90977 279508 35 143107 33 4 9 5533 14 325 551954 2807 4 18 220 6 445498 3 234675 89 507 628 5
17 11856 770 67818 31660 16 220 6 10753 3 89 507 628 5607 24 143107 5
18150 8 47153 35 280 33 42 2274 10 2172 9 869 1291 34141 19 272 8958 8 799 928 89 5
214 162 10556 198770 2419 4434 35 33 5533 19 9 13720 543 2419 3394 5018 5
81 3 1273 5373 5018 4 2419 44306 18683 43535 2000 4 18679 3 928 5036 76 18679 4 8 307 1570 33564 2520 31 3677 6 1849 8 4764 290 1570 10753 5
79 825 162 18 1273 24 18409 12283 3462 5
35 280 33 5
81 13 162 4 3 4888 1273 9 54395 6358 6 4764 869 1291 89 507 9935 24 9 198770 4434 35 113757 33 8 33564 5
81 3 74 967 4 113757 16 220 21 9 2071 4859 6 59592 3 229 73929 628 76 62736 3248 19 825 11245 23033 4 10 678 6 3968 294303 955 7 3 628 5
81 3 169 967 4 32 33564 1506 16 220 6 1849 8 1877 628 7880 6 290 62736 3248 1658 24 113757 1321 5
70189 2520 1743 89 507 11249 71 26 1109 57 7 3 689 2235 7 89 507 8 2953 2854 6854 35 39131 323 28044 4 1278 33 5
81 3 73 1208 4 307 6599 27 45 1273 10 678 6 4764 229 553 8 6 581 10554 270 1443 35 18760 323 47529 4 590 33 5
35257 8116 4538 4 133 21 2516 1443 4 22190 1443 8 439493 4 27 45 3677 19 3703 1028 10 17241 8 7678 229 89 507 35 1604 4 280 33 5
81 2906 6 1510 11245 11249 4309 4 4011 8116 4538 31 488 6 3968 108140 1322 297 4279 2193 19 93 2543 2505 52 3 9796 628 3201 35 323 4 280 33 5
81 46 2124 4 80 1588 3 48 1029 4011 8116 4538 3677 10 11249 229 89 507 5
49474 32542 2642 81 3 73 1208 4 439493 27 343 177 974 10 3 5114 7 229 200 11249 5
17 689 1033 14 3 1773 231 7 439493 10 192 544 16 106 192 12251 31 488 6 3383 628 12072 24 4 198134 8 43979 395088 5937 35 7914 323 6794 4 2560 33 5
439493 31 70624 8 7117 33855 4309 488 6 3968 108140 14141 7 89 507 276 120 11245 7417 52 3 628 35 20986 12283 32330 4 280 33 5
2625 5066 7 439493 1273 10 6854 42 1254 8 3677 10 229 200 11249 5
1210 6 7227 12283 3462 5
35 280 33 4 3 1045 7 162 47 1273 3 231 7 439493 14 12538 3 229 11249 565 27 220 9 179777 511151 32542 992 35 106153 33 3559 19 3 31660 19 485 1028 5
81 13 162 4 3 4888 220 32 106153 6 1849 3 1322 297 90 2911 9224 8 6 4764 1562 3235 8 3033 869 360 5
17 2655 360 31 220 10 9 168 951 284 47 42748 10 9 521 869 200 5
253586 4 32396 4 8 474365 35 590 33 220 32 106153 6 4764 150851 588 2157 869 1291 25 1452 2904 1981 5
17 106153 220 10 13 162 18 9 8176 259297 992 3559 19 3 31660 5
17 4888 4729 307 16691 7 992 19393 4 13563 3 221 7 9796 23791 4 4438 23791 8 2854 489 10 678 6 384 3 282 106153 21365 10 970 7 8958 5
47529 4 53828 4 1376 88232 45374 4 8 177855 35 2076 33 220 32 106153 19 108 10746 6 4764 869 360 7 9 3775 3335 933 5
79 1185 7 3 1510 2854 31660 226 12228 18 220 6 1649 3 106153 5
4 4 8 35 2076 33 220 32 106153 6 1849 4438 5897 10 1480 132429 7896 5
17 1101 18 10 11533 10791 5300 10 360 4 47 31 2573 10 132429 2376 24 90 5897 15 7896 4 133 21 657 2013 4 38474 9577 4 4 33906 4 297 307 461 5
931 10791 5300 3001 1727 49 1423 266 232 6 132429 2376 5
332849 35 590 33 4729 3 231 7 106153 10 11249 3 563 1557 200 35 466823 33 24 538 90 2911 9224 4 133 21 1906 8 46279 1324 14407 4 114666 8 3 2029 44398 25 307 523 4736 5
7744 8 20083 35 280 33 220 106153 6 1849 90 229 13544 8 1760 6314 7 291 10 678 6 30174 291 19 229 7847 5
280434 4 87985 4 8 27953 35 2560 33 220 32 106153 6 1000 32 6062 869 951 284 3677 10 1684 869 200 5
17 106153 6227 220 21 9796 179 23394 15178 25 4867 2376 53 484 4822 5514 35 27891 33 4 783 871 4 462 15 1775 35 81612 33 8 4521 13034 5514 5
17 106153 55906 9 2362 3905 13 2464 3 1100 2696 7 3 2655 869 4 8 23 12896 9 951 284 47 8050 65 6 736 49 1005 3 869 5
1504 70 3 9063 7 106153 10 11249 229 89 507 4 46 1506 16 272 3538 6 307 992 19393 4 133 21 9796 8 3354 23394 4 32542 6358 35 448659 49 30037 33 4 221 7 4438 10746 4 221 7 4438 23791 4 2854 489 4 2589 4859 4 928 31660 4 297 461 5
659 2703 46 492 4 4 431336 4 8 35 6833 33 4729 3 565 7 6098 3 282 19393 14 32 106153 220 6 1877 229 89 507 5
145 777 18 617 24 1572 3184 8365 8 4149 11245 2376 15 192 8365 5
17 733 7 46 2376 18 1913 47 19393 48 1951 10 11249 8958 4 21 166 21 4 11533 3 1322 297 19393 5
13166 6 90 7 192 667 4 307 10887 7 439493 27 45 1273 8 220 10 3 229 5114 5
245983 4 23963 4 8 35 280 33 1273 3 231 7 3 12329 2662 7732 32542 992 35 33 8 3 74959 12329 2662 7732 32542 992 35 33 6 4764 1557 713 5
931 32542 2642 31 48 5394 8 1379 798 46333 470 65 677 19 3 106153 3559 19 3 5
12094 4 11997 4 8 3462 35 280 33 677 67 10887 7 106153 4 13563 3 222702 106153 35 33 4 47 16 32 33855 106153 4 8 19 3 4759 106153 5
11391 661 13 1391 1763 42 3439 24 538 8 10 466823 200 5
263930 4 74281 11997 4 115494 382059 4 8 37702 35 280 33 59 4729 3 231 7 32542 2642 10 3 5114 7 466823 5
81 13 162 4 43 1273 9 568 678 32542 992 226 7039 22925 395088 32542 992 35 33 5
81 9 197 7 8365 4 661 333 773 65 677 19 22925 395088 32542 992 35 33 8 19 64943 227366 32542 992 35 33 14 90 2219 9906 5
4 4 8 35 6833 33 4729 108 32542 992 2520 10 678 6 4764 90 16705 25 17227 869 200 53 35 4114 33 32 106153 3559 19 4 35 25547 33 9 70865 1625 4859 35 33 32542 992 19 201026 70865 4859 8 35 31883 33 3 614 56018 32542 992 35 33 5
20986 8 12825 35 2076 33 1273 3 231 7 472130 1506 61768 10768 32542 992 35 33 1488 4 47 16 9 5533 3054 220 10 19372 8090 5
16 9 12391 5533 13 2527 3 248 1153 20085 31660 14 928 5
17 4888 677 3 11249 773 7 19 33564 8 19 1510 106153 10 11249 869 16705 5
11391 661 7156 773 7 8 7877 928 89 5
34483 12283 3462 5
35 2076 33 1273 3 231 7 9 48015 448659 32542 992 35 33 3559 19 6 2854 3 114666 7 90 1989 2888 10 3 2152 106984 1596 869 200 5
17 2655 114666 2770 31 220 10 9 951 284 47 11035 65 736 49 1005 1989 5
7914 8 6794 35 2560 33 1273 3 231 7 3 201637 32542 992 6 4764 869 16705 5
81 13 1217 4 3851 628 27 523 969 15 7678 84 2770 5
79 9980 4859 8 9 6951 152366 8465 4859 42 3677 6 4301 3 3074 7 3 89 2362 5
33962 522 661 13 3 201637 992 10 3109 19 138 7410 2209 7156 8958 65 677 19 1906 201637 32542 2642 5
294912 35 6833 33 1273 3 231 7 175314 2642 6 4764 869 360 5
79 175314 992 16 9 843 7 49894 10 47 3 2662 17509 31 1109 6951 23394 8 43 15183 7410 31 1465 232 6 3 120540 1396 5
17 11141 7 17509 154 3 2854 650 9286 7 9409 3 13300 15183 4859 14 290 2059 5
79 108 26237 448659 32542 992 16 220 10 46 1381 6 4764 869 484 5690 5
7620 2911 9224 31 220 21 9796 8 3 2655 161 168 869 484 16 3 3354 5
257558 4859 18 220 21 4438 9419 2589 4859 5
81 9 177 308 162 35 6794 323 6794 4 7782 33 4 4888 1273 3 231 7 160269 89 1783 4859 32542 2642 35 33 19 48694 6 1877 90 869 16705 4 13563 53 4139 2904 1981 14990 5458 35 48531 33 4 2397 2507 11830 13129 1992 5458 35 33 4 2588 1053 7443 9897 5458 35 62603 33 4 8 3260 323 4239 2106 1317 5458 35 2567 323 69352 33 5
17 1273 5018 2527 48694 6 10775 3 3610 5937 35 11668 33 25 3 9796 628 5
931 11668 31 220 24 32 5775 1506 7 106153 19 31660 8 160269 89 2362 4859 6 3030 3 11249 5
17 160269 650 16 543 15 9 15171 4859 8 152366 4327 6 49075 3 2463 7 969 7 290 89 507 4 4808 15 40 15778 10 89 5
17 1273 5018 352675 1510 106153 4 8 837 5
9207 60401 4081 1504 3 644 13 439493 27 45 1940 220 6 11249 229 89 507 4 192 6599 149 1379 90 9705 10 2854 5897 4 2638 10 3 229 5114 4 10 47 628 31 1695 5266 4 294303 8 19 272 551954 35 20848 12283 32330 4 2076 33 5
31 11245 7112 2854 4309 13 27 45 1940 220 21 32 2155 14 49894 10 5195 4355 8090 5
187305 2854 7787 34427 9 552 4859 13 6409 3 34130 3768 8 9 499320 1043 543 15 3 8466 552 156894 5131 35 7744 4 590 33 5
187305 57078 9 21 3 421 3076 133 13 3 3053 7 8960 148 266 10 523 3597 16 85544 5
33354 31 115 543 15 270 83735 4 47 31 628 266 13 7673 3 19372 8026 15 3 928 197 5
81 2906 19 3 34130 552 156894 5131 4 47 3804 6 12042 3 2917 19372 3768 4 3 8466 552 156894 5131 6227 24 187305 4763 6 12042 32 4416 4787 14 3 83538 3768 5
1210 6 31845 35 6833 33 4 3 2104 7 187305 142 26 391 30392 4 125 4759 439493 3130 6 1657 100 325 30392 2104 5
13166 6 50 3092 108140 60029 1175 4 187305 27 45 3677 189 10 19372 35 359777 33 8 56018 544 35 33564 33 35 176422 4 2076 33 5
81 3 229 11249 857 4 307 162 27 220 33564 6 4764 869 360 4 16705 8 1557 713 5
81 7744 35 590 33 4 3 4888 4729 143 6 4764 869 16705 24 538 33564 6 1849 3 1322 297 307 2911 9224 8 3 1291 484 5
17 7132 1046 5018 18 220 25450 3 33564 1506 19393 5
176422 35 2076 33 220 18982 23763 27708 35 124913 33 6 25450 3 19393 7 3 33564 10 7678 869 2157 360 7 3 296 168 588 5
25279 4 12825 4 8 28466 35 590 33 220 33564 10 3109 19 1510 56018 2520 8 32542 992 2520 6 4764 869 11335 5
45840 4 7277 4 59977 4 8 10141 35 2076 33 220 33564 6 132 41748 1092 588 11249 7 2289 390 360 24 538 189 172930 8 1821 1264 7 2489 1092 11249 5
20848 12283 3462 5
35 2076 33 677 307 523 106153 64152 19 33564 538 395088 8 70865 1625 4859 10 7678 289 869 484 1291 36 474 49 4472 5
622 533 492 10 7623 33564 6 229 89 507 11249 16 13 33564 19601 628 10 9 391 2066 97 5
13166 6 46 15565 4 33564 6268 9 3601 3053 14 70 628 266 5
659 3383 46 492 4 7277 12283 3462 5
35 280 33 1273 32 4159 7 33564 6 3968 325 14141 4 226 35364 270 60401 56018 35 33 5
16 488 6 3383 3 325 8465 7 3 628 24 285572 8 5998 1994 9 396 3053 10 799 5431 3248 8 9 528 3053 10 272 5431 3248 5
17 1273 1506 3804 6 1849 9 27728 60029 4859 24 363 3 4859 7821 21 266406 21 537 125 1947 3 3768 21 396 21 537 5
40030 4 71150 71150 4 8 157802 157802 35 2560 33 2164 2376 19 33564 6 1877 229 89 507 5
81 2906 6 83 162 13 220 10 628 445498 4 10 46 162 4 3 4888 220 6 1088 3 33564 54861 5
7787 12134 9 41748 3101 2376 7 628 4 8 23 71 2093 10775 317 25 46 628 5
1796 10887 7 42 3677 6 1088 33564 54861 7410 4 13563 4 201026 8 35 33 5
81 3 8365 4 3 4888 677 3 11249 8958 7 3 54861 19 2029 395088 8 201026 54861 80136 5
11391 661 13 3 35 33 54861 33564 2209 9 333 8958 65 677 19 2029 54861 7410 5
81 9 308 162 35 28410 4 7744 4 78 4 323 7744 4 6833 33 4 3 4888 253 3 66571 4707 143636 35 115388 33 76 5139 6 1088 32 7112 1217 6 1877 229 553 5
1249 115388 851 13 229 317 2053 9 2409 604 10 5818 3 8465 7 3 229 200 4 3 4888 220 33564 6 1849 3 1322 148 3377 317 8 869 360 8465 5
79 1562 3377 317 89 507 18 1148 24 42642 3 5022 2770 7 3 1299 10 307 845 6169 52 90 869 154 3 168 5
17 33564 18 220 6 1088 3 15987 25 3377 317 89 507 6 484 2770 5
33962 522 661 13 3 231 7 3377 317 18 1783 10 3096 11249 8958 65 677 19 837 33564 5
22510 12251 81 46 1381 4 80 27 2994 307 1570 2953 2854 6599 47 42 4723 10 229 11249 8090 47 3703 1028 5
527 4 23 16 533 6 1963 13 192 1570 6599 1379 90 26966 4 133 21 325 4 4 3 5093 10 6098 117 19393 4 297 461 4 47 1752 2498 11249 8958 35 323 1072 4 2076 33 5
66 16 59 533 6 5306 13 3 11249 773 7 192 6599 1484 7702 65 3677 6 89 507 628 19 523 14141 5
8616 4 23 16 34 9802 6 1865 47 16 3 282 21365 14 290 267 5
145 6300 5473 15 117 2193 4 133 21 3 2129 7 628 8 3 3322 17592 35 4182 12283 32330 4 6833 33 5
81 6098 9 837 7112 1217 6 4855 9 2854 565 4 83 12251 49 523 64152 7 3 216 7787 31 14386 25 3 2104 5
659 4855 46 492 4 307 1296 1273 3 231 7 5373 12251 4 47 7801 1570 2506 7 523 7112 6599 35 4 1278 33 5
17 3109 7 1570 6599 142 852 3 2807 7 96734 11141 5435 8 10 928 35 4 21144 4 323 123703 4 7560 33 5
999 1538 3 565 19 13500 8 22324 1217 4 67 49 48 7112 6599 142 4569 19 40 1570 2505 6 1297 3 11249 773 7 3 1081 182 5
81 3 229 200 11249 6854 4 307 6599 27 6227 46 867 7 10503 1570 7112 27964 6 1297 3 11249 8958 5
28410 12283 3462 5
35 280 33 1273 32 5373 1217 6 2875 1877 1712 360 5
17 1273 1217 16 9 27580 5018 9935 24 9 182439 8 9 6599 5
17 182439 1217 16 74 2828 6 1506 3 2826 7 484 5690 5
2927 4 3 1217 16 220 6 1849 3 50527 13 665 25 3 2673 7 3 182439 1217 5
17 182439 4309 4729 10 13 162 42 3 325532 3472 5018 4 3 31276 1884 5018 8 3 14395 10336 5018 5
17 4309 4729 42 3 27728 32542 992 4 106153 8 33564 5
79 825 162 18 1273 24 12825 8 35 590 33 5
81 46 162 4 3 4888 4729 143 6 1877 9 143598 2372 360 538 9 5373 7787 9935 7 108 6599 5
17 74 5018 220 16 3 1324 596 19 146090 23394 35 33 1506 4 47 16 3677 10 17241 3 27728 1322 297 3851 484 2696 8 83 48579 628 5
36743 4 3 1506 16 220 6 2705 10777 7 3 50527 25 3 1506 5
5583 4 3 33855 32542 992 35 33 18 3677 6 1877 3 50527 25 5
81 20928 8 22803 35 6833 33 4 9 5373 1217 16 220 6 1877 1863 360 5
81 13 162 4 1863 360 31 3868 76 9 27728 8 9 108140 6825 4 8 8 248 26327 270 60401 2953 35 33 2520 31 220 6 1849 8 1877 192 5937 4 3995 5
332 3 194 4 3 11249 2770 31 5775 6 1088 3 1308 3354 7 3 1273 7787 5
136588 4 41910 4 8 81126 35 7782 33 2209 9 5373 1506 17938 187305 19 11856 8668 5737 35 33 1217 14 869 200 16705 10900 4 4740 34 97 15 7678 3 2157 484 44 59 3 2826 4 3 8465 8 3 4050 7 3 869 200 5
13141 4 7975 4 225590 4 8 84500 35 7782 33 1273 9 67 967 1488 6 4764 426 2770 7 869 200 16705 5
81 3 74 967 4 270 60401 56018 16 220 6 3473 29132 14 9 10900 1506 10 3 169 967 5
622 49894 4 6951 4895 8 33564 42 220 10 3 169 967 6 4764 426 869 200 2770 5
77918 8 11249 520 162 27 4729 3 231 7 27708 27964 10 678 6 1297 11249 8958 7 90 7112 12251 5
108894 4 37608 4 32276 4 8 47529 35 6833 33 1273 9 5373 5018 9935 24 7732 18843 11521 35 2616 33 27708 31660 8 3 31660 5
81 13 162 4 18 220 6 1865 3 282 1129 6 736 49 1005 1989 5
2616 16 220 6 5339 3 282 89 23322 8 6 8743 19393 5
38870 4 126069 4 8 63430 35 2560 33 4729 3 231 7 13991 2616 35 33 10 3109 19 1936 7737 270 60401 2953 35 33 6 4764 229 7847 5
81 46 1217 4 3 16 220 6 25450 3 19393 7 5
11391 661 7156 8958 7 65 677 19 106153 8 3501 187305 5
81 4182 12283 3462 5
35 6833 33 4 9 37566 18 220 6 1046 3 282 992 151438 7 32 106153 10 678 6 1297 3 11249 8958 5
18150 35 2560 33 220 37566 6 25450 3 19393 7 33564 8 6 5339 3 29132 6 3 1506 5
100058 4 177808 4 8 15429 35 7560 33 1273 3 231 7 124913 6 384 3 282 6358 14 32 12516 7 150750 5
124913 16 220 6 25450 307 19393 7 3 12516 4 13563 3 221 7 1570 150750 47 144 31710 3 12516 4 8 3 19393 7 1570 150750 4 13563 3 221 7 4438 10746 8 221 7 23791 147 9419 5
81 46 162 4 22190 8783 18 220 6 7801 1570 55906 7 3 1570 2520 47 31710 3 12516 5
4 324076 4 8 497850 35 590 33 677 26914 6942 31660 35 19895 33 8 124913 10 48480 32 106153 6358 6 1877 869 360 5
27240 4 73735 4 8 87440 35 7782 33 1273 9 41748 6905 13991 284 4 538 41748 6905 4624 31660 6 25450 9 197 7 951 49 683 5310 35 33 4 7412 4764 3 426 4695 10 869 200 5
245983 8 67713 35 7782 33 1273 67 41748 6905 201637 395088 543 33855 108140 35 33 11249 1506 19 16496 481 928 1488 8 22190 421 363 1396 5
33697 4309 81 2953 2854 6854 4 307 1296 27 220 9 3109 7 1570 2854 2520 1016 7 538 9 837 1506 5
145 1264 16 226 12516 2854 5
17 231 7 36278 2228 7816 1117 317 8 3 4499 297 2113 13 31710 3 12516 19 3 733 7 3096 3 83538 773 65 677 19 32 1570 2854 5018 5
2625 12516 4538 27 45 3677 6 4855 229 200 544 5
110554 4 40689 4 23064 4 139058 4 8 50974 35 590 33 4729 3 9573 7 12516 7 150750 8 2642 5
622 533 4413 7 46 162 16 3 231 7 146090 89 507 6 1297 3 10900 7 9 869 89 507 7 518 5
17 522 661 13 106153 7398 2209 333 8958 58 7398 5
11391 59 661 13 3 231 7 146090 89 507 2069 3 8958 7 3 220 58818 5
448862 8 47529 35 7560 33 677 3 231 7 219790 8 95067 60196 36278 10 589 32 7112 951 1443 6 86091 4920 10 869 553 5
266186 4 206098 4 8 35 7782 33 8850 3 231 7 32 12516 2854 7787 13 10556 9 168986 13991 31660 8 106153 6 132 1234 1866 10 3 869 200 5
81 46 1217 4 9 4624 992 5979 6268 869 954 8 3 106153 29408 3 282 954 14 1219 10 3 869 200 5
4 360880 4 4 8 35 7782 33 581 9 19079 542 15 8557 773 7 12516 4309 4 13563 3 6951 4895 4 8 54861 3243 4 111 837 303777 2520 4 13563 49894 4 67929 56018 4 187305 8 4 10 7678 869 484 5690 5
17 3455 522 661 13 3 12516 4309 23997 3 837 536044 5
23333 4895 1252 3 282 1308 773 979 24 187305 5
1516 11249 6599 4 4 8 35 7782 33 1273 9 41748 2204 6684 226 6530 32542 992 41748 2204 284 35 33 6 293 19 3 5146 2129 869 10900 565 4 4740 15 4867 8 2911 2376 6 1297 3 8958 7 241 1043 10900 5
445498 7410 133 21 628 40937 4 89 14608 3394 8 2419 3394 31 5146 8 5913 10 8690 24 3 2210 15 3 284 5
622 49894 3559 19 3 6530 31660 4 47 16 9 928 191244 14 48480 3 32542 992 17509 4 16 220 21 11249 5018 5
61648 4964 13 23997 90 2520 133 21 4624 31660 32542 992 35 33 8 90 2029 2520 105 5
5707 4 29523 4 10141 4 140544 4 8 7914 35 7782 33 1273 9 5373 13991 5018 13 10556 2826 508 35 101503 33 683 5310 19 3 331470 303777 4478 35 33 21 32 13991 2854 5018 5
145 5018 4 226 16 488 6 3270 189 1739 8 4251 683 30229 5
17 852 3 6075 7 117 4321 951 954 22 150945 5
145 695 1396 4089 754 46 1217 48 5394 4 121 23 16 488 6 5998 8744 1010 6 200 8249 8 17566 4203 8 12319 951 954 4 7138 16805 951 14141 7 1029 706 5
17 2376 7 3 46333 5867 522 1556 13 93475 3 117898 1264 4 421 3472 8 49894 11249 4309 5
31763 4242 8 11249 12251 238 2994 1321 4 2911 1151 1217 3 229 200 24 4907 307 3851 2911 16705 4 8560 13 271 200 14141 3130 6 4619 1010 10 3 426 5
17 1045 7 46333 7112 12251 1273 10 3 6854 27 220 2911 16705 10 678 6 1849 9 1506 7 200 3074 8 6 4764 426 5690 5
59503 12283 3462 5
35 2560 33 255 850 32 533 813 53 340 484 586 935 88 5
54464 24 3 115388 4 47 851 13 97 84 317 16 488 6 337 484 5690 4 90 162 10 3 6854 4729 3 231 7 44895 317 10 17241 229 553 5
473 46 10 1475 4 90 1296 27 3677 2942 4242 12251 6 12262 8 30174 229 316 232 6 40 2038 4 10 678 6 185 10 7678 426 3074 7 9 229 3273 543 15 143 206 49 788 16 316 1547 6 23 5
12283 3462 5
35 590 33 1123 13 316 31 57 7 3 104 4788 1543 13 2498 229 553 5
81 13 542 4 3 4888 5561 3 650 7 4242 229 316 5
6794 12283 3462 5
35 2560 33 1273 3 231 7 5022 2376 6 1297 3 8958 7 229 89 507 11249 5
81 13 162 4 70670 628 31 3380 21 2419 83735 24 538 3 3376 7 1299 1217 4 9 1940 220 2942 4242 5533 5
17 628 31 4393 21 9 89 507 8 9 5373 1506 7 8 33564 16 220 6 1506 8 1877 46 507 5
17 1506 16 220 6 2338 3 27728 6825 7 3 89 507 8 33564 16 220 6 2338 3 108140 6825 5
17 4888 2870 3 1273 31660 10 3 3699 81612 89 507 7 288 313 291 5
17 522 42 677 19 3 231 7 1906 8 5373 8 33564 3677 7180 6 3 11427 628 5
11391 661 13 3 231 7 200 5022 2069 3 11249 8958 7 3 8 33564 34141 5
59503 12283 3462 5
35 2560 33 1036 13 23 16 9 13306 1264 18976 7793 543 97 15 586 360 907 54 19580 316 993 31 845 5
95390 25 83 229 5022 2376 6599 4 46 162 1101 15 12752 37675 7 316 5022 4 3 2234 4191 8 15 289 88038 969 3 869 10900 5
35845 677 3 40708 7 3 869 200 65 3 9796 6169 31 18213 10 108 523 1225 53 35 4114 33 100 3 3656 75123 7 3 316 1181 8 3 484 7 3 869 22 3 89 3 1181 18 531 109 35 25547 33 3 5022 19372 7 3 1181 2000 21 6905 4 23125 8 7887 35 4191 33 109 8 35 31883 33 3 23125 19372 7 3 2000 7 3 1181 21 1432 4 2366 8 7887 35 122004 33 5
18225 12283 3462 5
35 2560 33 4729 3 17521 148 3 1534 15 3089 8 229 89 507 4 19 3 733 7 30435 92 845 16802 71 1951 869 484 5690 49 3583 5
2536 291 2888 10 3 2567 323 3280 1317 1291 42 10637 8 16802 1547 6 192 291 42 23642 10 3 74 347 7 590 5
3194 2137 7 16802 25 9 136 42 3380 21 9 29540 4623 90 2000 8 3 1322 297 192 2000 5
44622 42 4 10 678 6 852 3 2376 671 19 89 507 628 5
520 2000 42 16277 25 192 42749 4 133 21 3 221 7 160671 4 3 221 7 16802 4 221 7 1481 35 199322 2000 33 8 2662 2981 7 3 42749 35 29540 543 2000 33 5
931 2000 42 220 6 12262 3 17521 7 3 16802 8 3 89 507 7 9 869 10 970 7 2157 360 8 951 3583 5
2858 17521 85612 18 220 6 2882 3 7488 148 23394 22 523 89 23322 5
11391 661 13 3 774 3583 7 9 869 18 31270 19 3 221 7 3797 5937 10 3 29540 7 13 869 8 19 3 221 7 16802 10 3 29540 5
527 4 3 4888 170 13 3 484 7 9 869 31 42853 31270 19 3 10637 2000 5
17 162 1589 24 72790 8 35 2076 33 18 6252 24 3 3695 47 851 13 70180 35 70670 33 628 2464 9 4321 1351 7 317 10 3 5114 7 229 552 891 5
17 4888 1827 6 384 316 13 31 1695 2442 19 33961 200 1643 5
17 100402 220 10 46 542 18 9 2137 7 1521 5661 316 4 47 42 94425 1109 1547 19 15924 484 8456 5
81 13 162 4 3 231 7 9 2942 4242 1217 18 1273 10 678 6 2705 845 316 7 1521 13130 47 899 15924 8465 926 5
931 15924 8465 926 3001 785 1351 7 200 1643 5
2431 536044 42 6227 10 13 162 4 13563 13306 120540 4 4 106153 8 187305 4 10 678 6 30174 19041 316 21 1432 49 2366 7030 13130 5
33962 522 661 13 187305 22308 3 83 536044 10 970 7 8958 4 12398 8 3423 5
250035 8 35 7782 33 1273 9 11249 5018 47 10556 3 2376 7 316 6169 8 869 360 6 4764 426 200 5690 5
81 46 1217 4 2942 4242 4538 2190 14 3621 2030 42 220 6 7532 316 6169 3455 10 1474 5271 76 2419 83735 5
1249 192 83735 31 9935 24 764 7 2000 4 9 2419 3394 5018 226 6955 5730 317 35 16048 33 18 220 6 2705 3 48 4279 2000 6 2258 3 200 2586 5
79 13306 120540 31660 16 153 220 6 1506 3 2419 83735 8 869 360 4 8 6 4764 3 426 200 5690 5
4 4 60576 4 8 90010 35 7782 33 1273 32 1217 6 4764 33961 48378 5690 7 9 2219 1808 10 3 466823 200 543 15 2942 4242 7 229 316 5076 5
81 46 162 4 4888 1273 9 410870 2942 4242 1217 13 12134 35 4114 33 51423 2376 7 3 316 970 4 35 25547 33 5022 2376 6 2705 706 5022 52 3 200 8 35 31883 33 9 15209 2807 7 3 16277 316 2000 5
145 296 9419 16 1254 6 293 19 9 5954 7 2942 4 8 23 7212 3 2520 19 3 104 308 317 558 4 110 5394 6 4102 893 10 3 200 3074 5
81 46 162 4 80 5561 307 2953 2854 4309 3677 6 4855 229 200 544 5
134 574 3 2898 19 67 689 6599 220 6 12262 229 553 53 3 4867 8 2911 29528 5
45353 2376 2520 3 200 21 9 197 7 11427 8 44895 23394 13 4301 281 8 20388 2193 47 31 31389 6 9 136 4 6 9 200 5280 49 6 3 1081 310 5
169787 494 13 869 360 49 16705 31 1752 1547 6 3 1646 7 9 711 4 3 3583 7 348 4 200 1264 4 297 461 5
59838 4 15 3 83 881 4 494 13 100 3851 360 4 3583 7 5056 8 90 7732 2911 9224 10978 25 3 360 31 4279 10 11249 426 200 14141 5
81 3 6854 4 87 16 93 4499 15 47 7 192 67 29528 31 104 3311 5
1354 27 45 220 6 12262 3 200 19 3703 1028 5
17 2898 3177 19 9 6652 7 3 9063 7 538 2953 2854 4538 10 4242 229 628 1016 7 3 1510 11245 1217 5
17 1812 4 13703 8 9832 2129 7 229 628 1871 14510 182439 4309 47 31 481 25 11245 9513 52 3 628 5
527 4 680 46 689 1653 7 4011 8116 12251 4 3 1510 11245 4309 42 34 2903 14386 25 3 197 7 1783 2506 5
64362 133 21 8 27 45 220 10 3109 19 7112 4309 10 678 6 1506 27728 5937 49 50527 7 229 89 507 8 6 1297 3 11249 5
17 689 733 7 3 1045 7 162 1273 10 6854 16 11249 3 426 14141 7 3 200 19 3235 8958 537 5
931 2655 426 5690 71 26 220 6 270 1866 15 1727 49 1423 229 1124 10 678 6 14391 706 1234 5
527 4 23 16 533 6 1963 13 4 6 3 282 7 129 2505 4 87 16 93 166 2203 17592 6 3929 3 1444 7 9 1408 7112 951 284 5
520 162 8850 32 7112 11249 7787 44 3 1045 7 91 581 93 954 6 4920 10 3 200 49 141 6 3009 683 1643 5
17 1234 8557 7 3 1273 4309 65 220 10 19630 2333 31 2239 11296 5
659 4855 46 1292 4 10 46 1381 80 1273 3 689 1959 10 589 8 12752 32 7112 951 284 35 196 98586 459 33 5
81 46 162 4 80 5422 307 1325 2062 47 1273 3 231 7 7112 8 2516 284 3677 6 3 229 5114 5
134 6401 3 3467 1325 2062 232 6 218 533 13987 53 35 4114 33 3 689 733 7 3 601 109 35 25547 33 3 229 2673 4729 109 35 31883 33 3 9796 23394 220 109 35 40378 33 3 7112 4538 1273 8 35 8033 33 289 3 162 8850 90 843 7 951 284 5
20498 249 61685 3 1325 2062 5561 5
81 46 1870 4 3 7067 71 10992 13 3 1045 7 4729 6599 1101 15 11249 426 3074 7 9 229 200 5
527 4 90 162 27 59 1967 15 87930 4 61750 9674 4 67818 4 297 83 8808 5
20498 249 59 842 13 3 11249 7 869 360 8 16705 31 3 104 229 2333 4729 10 6854 4 44 2333 133 21 1557 713 10900 8 229 7847 10900 27 59 45 4729 5
21964 360 4 133 21 1863 8 2289 390 4 21 166 21 2372 360 27 45 4729 24 9 265 1325 2062 5
20498 249 5
52788 7 1325 2062 5
6431 8135 733 26010 84181 23394 84309 8061 284 263930 12283 3462 5
35 280 33 70189 1981 713 16528 720 18409 12283 3462 5
35 280 33 70189 2904 16705 16528 113757 8 33564 720 18150 8 47153 35 280 33 49366 3394 5458 3263 16528 113757 8 33564 720 8 67818 225928 258766 12283 3462 5
35 280 33 61750 9674 2904 360 16528 45546 720 1604 35 280 33 49366 3394 2904 1291 16528 18365 1846 4 187305 4 106153 720 6793 12283 3462 5
35 280 33 345301 2904 360 16528 20611 266 4 3227 8 16705 106153 12516 4 37566 28410 12283 3462 5
35 280 33 70189 24232 484 16528 106153 8 33564 720 20986 12283 3462 5
35 280 33 1376 2904 16705 16528 64510 8 33564 720 12094 12283 3462 5
35 280 33 70189 1981 713 16528 4 8 106153 3227 245983 12283 3462 5
35 280 33 70189 1981 713 16528 8 720 7227 12283 3462 5
35 280 33 70189 2904 360 16528 106153 3227 7277 12283 3462 5
35 280 33 70189 2904 16705 16528 720 17555 12283 3462 5
35 280 33 382241 2904 360 16528 143107 4 11856 770 720 7744 35 590 33 70189 2904 16705 16528 187305 720 253586 12283 3462 5
35 590 33 70189 2904 16705 16528 106153 720 8 138125 35 590 33 61750 9674 2904 16705 16528 4 8 720 332849 35 590 33 70189 1981 713 16528 106153 720 20986 35 590 33 1376 2904 16705 16528 64510 4 255946 8 106153 720 110554 12283 3462 5
35 590 33 70189 2904 360 16528 106153 4 4 7398 720 12283 3462 5
35 590 33 70189 2904 360 16528 19895 4 124913 8 106153 720 18760 8 47529 35 590 33 70189 2904 360 16528 3227 47153 8 126069 35 590 33 49366 3394 2904 360 45353 48694 4 37566 4 106153 720 29507 2855 280434 8 87985 35 590 33 70189 2904 16705 16528 106153 3227 12825 8 35 590 33 70189 21830 360 16528 4 4 720 45840 12283 3462 5
35 2076 33 70189 10765 390 360 16528 33564 720 34483 12283 3462 5
35 2076 33 70189 2904 16705 16528 3227 72790 8 35 2076 33 70189 4707 552 1743 316 132114 120540 4 720 106153 8 187305 12283 3462 5
35 2076 33 70189 2904 360 16528 35 7896 33 106153 720 20848 12283 3462 5
35 2076 33 70189 2904 16705 16528 106153 8 187305 720 47529 12283 3462 5
35 2076 33 70189 2904 360 16528 106153 720 6794 12283 3462 5
35 2076 33 49366 3394 2904 16705 16528 255946 4 106153 720 44427 12283 3462 5
35 2076 33 345301 2904 360 16528 20611 266 720 40030 12283 3462 5
35 2560 33 70189 2904 1291 16528 187305 19 54861 720 28242 12283 3462 5
35 2560 33 1376 2904 16705 16528 4 8 106153 720 38870 12283 3462 5
35 2560 33 70189 1743 7847 45353 8 720 18150 35 2560 33 70189 2904 360 45353 37566 8 33564 3227 7914 8 6794 35 2560 33 70189 2904 16705 16528 201637 32542 992 720 18225 12283 3462 5
35 2560 33 70189 2904 360 44622 8 2911 31763 4242 8 3227 2793 56018 59503 12283 3462 5
35 2560 33 70189 2904 360 1743 316 38679 2376 8 33564 720 280434 12283 3462 5
35 2560 33 70189 2904 360 45353 106153 3227 108894 12283 3462 5
35 6833 33 49366 3394 2904 360 16528 2616 8 3227 6794 12283 3462 5
35 2560 33 70189 2904 360 1743 576 4 33564 8 720 5022 2376 720 4182 12283 3462 5
35 6833 33 70189 1981 713 16528 106153 4 37566 3227 56289 12283 3462 5
35 6833 33 1376 2904 360 16528 218329 8 33564 720 8 16705 28410 12283 3462 5
35 6833 33 70189 2904 16705 917 317 31763 4242 4 33564 720 12283 3462 5
35 6833 33 70189 2904 16705 16528 106153 720 294912 35 6833 33 70189 2904 360 16528 175314 32542 992 720 12283 3462 5
35 6833 33 70189 2904 16705 16528 106153 4 4 720 2482 209496 12283 3462 5
35 6833 33 382241 1981 713 16528 4 22190 67818 720 51364 8 44427 35 6833 33 345301 2904 16705 16528 20611 266 720 20928 8 22803 35 6833 33 70189 15116 484 16528 4 8 124913 720 14879 12283 3462 5
35 7560 33 49366 3394 1743 7847 45353 37566 4 187305 720 24087 8 22803 35 7560 33 70189 2904 360 16528 103335 8 33564 720 8 138125 35 7560 33 61750 9674 2904 16705 16528 255946 4 720 8 35 7560 33 345301 2904 360 8 16528 154398 4 125433 720 1557 713 8 100406 35 7560 33 382241 2904 360 16528 11856 23865 8 125433 720 20498 249 59 842 13 2911 2376 16 3 104 220 1217 10 3 542 7 229 553 10 3 5561 3174 5
145 16 463 6 3 644 13 2911 2376 1131 1752 19 11427 4 6905 13987 7 3 200 4 47 31 10 28579 6170 5
145 754 2538 3 17241 7 200 14141 19 46333 1442 6599 5
169787 27 6 3383 44895 4 23125 628 1547 19 27461 8 153497 4 47 142 841 3 17241 7 200 3074 5
527 4 680 90 1117 4166 4 90 1325 2062 27 4729 3 231 7 3377 316 4 16802 4 229 576 8 83 29132 2209 10 70670 6170 4 2016 3 5022 7 4888 21 9 4279 2419 5
931 42211 3054 3617 3 231 7 2942 4242 12251 6 10775 4116 317 25 192 628 5
17 533 2000 7 3 11557 31 2239 18213 21 9 89 507 8 220 6 1649 9 24077 5018 5
17 73 4848 7 3 1870 22188 129 2685 47 684 3 236 7 3 73 1092 7 129 1273 229 11249 17592 53 3 207 8557 5
17 1045 7 4729 1325 2062 581 93 1234 8557 10 40 1273 11249 6599 5
145 73 1092 16 533 10 3 1065 7 995 90 34130 3489 13 3 1273 5018 71 26 220 10 19630 5
4109 46 8557 1092 4 706 4 619 8 83 15204 71 34 2112 1958 15 192 1273 12251 5
98586 503 842 9 17521 6339 4 9 45268 4462 47 842 3 25310 15778 7 90 13538 10 9 45268 152 5
145 1233 842 3 54210 7 3 689 13538 1379 10 20498 249 4 47 770 3 25310 15778 7 192 13538 10 3 1325 2062 5561 5
17 689 1446 7 3 1325 2062 4729 10 46 1381 31 12859 10 42024 4591 5
20406 31 10 1426 4591 5
84181 23394 31 10 1461 5
17 7112 4309 31 10 6906 5
81 46 1233 4 23 71 26 381 13 192 13538 31 1695 31270 5
66 16 973 15606 13 11249 4 2911 8 106153 13538 524000 307 400 10 3109 19 83 13538 15 1325 2062 5
98586 503 5
186293 6339 14 3 689 13538 10 1325 2062 3677 6 229 553 5
35 273 9088 7 3 8785 6 4591 10 46 1233 7044 4 3 7067 16 3876 6 3 3377 1185 7 46 1181 5 33
2330 3 271 1208 4 87 29 45 9 875 518 10 12430 4011 8116 12251 14 3 2376 8 11249 7 307 229 200 9676 4 133 21 1557 713 4 869 360 4 5748 360 4 229 7847 10900 4 297 461 5
527 4 680 3 644 13 46 16 34 9 84 601 352 4 307 2235 816 21 526 544 10 46 6854 5
81 46 2124 80 1588 90 7 192 2235 5
13406 2854 8 229 553 10087 4 3 1164 7 3 2953 2854 8 5195 4355 2126 29 45 5446 6 7623 523 4309 6 259058 1849 4116 2000 25 9 528 1058 7 628 35 4 287463 4 323 7820 4 6833 33 5
17 689 733 7 192 6599 16 6 1506 1812 19630 628 24 25418 5394 2000 13 3968 3 4279 317 35 38135 4 4 323 100406 4 502 33 5
17 21946 8 4355 7 3 5897 4722 137 9 1540 108140 992 151438 4 10 47 3 10746 7 2419 23623 71 26 14094 6 1000 1540 2642 3682 7 17241 1812 6294 10 3 628 35 5241 41124 323 4 274 33 5
17 1540 2854 1217 29 45 3639 3677 6 8090 133 21 19372 35 1604 4 72172 4 4 323 36355 4 280 33 4 1150 4355 35 10141 323 12825 4 6833 33 8 551954 2807 35 38135 323 4 502 33 5
17 4862 1540 2953 2854 6599 539 32542 2642 35 4 4 323 38135 4 2560 33 4 1540 3944 2642 35 38135 12283 32330 4 502 33 8 14094 2793 135168 35 7820 4 348406 4 4 323 4 274 33 5
527 4 3 2673 7 1540 12071 4309 6 3 857 7 229 11249 840 9 2086 47580 352 5
17 689 1236 322 16 6 3617 92 1540 64152 71 26 9888 6 6298 951 5897 4355 8 4472 3 1308 552 14 951 5310 5
79 4279 162 15 1540 2854 3677 6 1474 18 1273 24 155283 4 115170 4 278434 4 8 72589 35 7560 33 114 3 3109 7 60579 207529 17112 8 1540 3944 992 18 3677 14 2957 19 3 49668 1896 10 200 628 5
145 162 1273 32 1217 6 4764 3 2826 7 869 360 25 7241 2904 1981 24 4740 15 316 993 19 1739 1896 5
17 216 565 18 3985 10 34792 4 10141 4 7914 4 8 95554 35 7782 33 4 114 9 3109 7 32542 225281 992 8 9 1540 32542 992 18 2209 6 1506 189 4251 8 1739 12467 7 993 15 869 484 5690 5
10087 4 9 3093 5018 14 11249 1557 713 18 1273 10 32867 4 40030 4 8 19959 35 7782 33 24 10503 32 2069 1540 3944 992 8 9 107075 66590 5018 5
81 13 162 4 9 4631 19 1510 448659 32542 992 18 2828 8 3 522 661 13 3 1540 2854 1217 93475 3 1510 4309 5
17 689 1236 6 2780 1540 2854 4309 14 229 11249 16 3 17241 7 1812 4 272 61638 4 8 13703 19630 89 507 137 9 1540 8593 7 3 628 5
520 6599 6 1540 2854 15 8090 133 21 89 507 17241 31 2209 10 4 96134 4 43272 4 8 206098 35 7560 33 4 114 9 34141 16 9168 24 9 1540 3944 992 19 67 60579 207529 33484 5
145 1217 18 12354 24 3 17241 7 9832 89 507 8 3 10900 522 661 13 3 1273 5018 1252 568 11249 12398 65 677 19 106153 8 5
81 614 4 32 533 4413 8 426 2586 14 3 857 7 229 89 507 11249 16 6 3617 92 14094 6294 71 26 3677 6 3968 951 5897 10 4719 628 5
17 565 7 1540 23623 14 89 507 16 825 6 3 32601 2419 2854 14 17087 628 5
81 4 26478 4 8 35 7560 33 4 90 4279 4309 14 2419 2854 10 1540 2642 42 5764 8 40 2673 14 89 507 9962 18 4729 5
1504 3 644 13 32601 2419 2854 29 45 3639 3677 10 8090 133 21 1416 3309 4 50 2673 14 229 628 16 34 15276 10 3 6854 5
17 689 1236 322 16 6 2780 551954 2807 4538 19 93 1174 7 4321 317 5
8616 4 3 2419 2854 4309 14 229 89 507 27 6 26 9888 10 678 6 8743 3 49668 317 4209 24 3 229 553 5
1249 1117 317 25 1543 13 2498 3 869 200 71 26 3455 8 19985 76 52301 10746 4 9 426 2586 14 89 507 10900 16 3 2673 7 1540 2854 4309 6 1849 2000 13 1547 100 22 90 271 2770 7 3 869 1010 5
79 825 1217 16 2209 10 70027 4 10141 4 50974 4 4 8 35 7782 33 4 114 32 12516 7 1540 3944 992 2164 19 270 60401 56018 18 3677 10 4482 93927 14 89 507 11249 5
1249 46 5018 29 34 45 3677 1752 6 229 628 4 9 426 2586 14 601 16 6 3617 92 3 10030 3354 7 523 1540 6294 4 133 21 1540 3944 2642 49 14094 2793 135168 4 71 26 220 6 1297 3 1877 12398 5
30391 891 17 2673 7 2953 2854 4309 14 229 200 27 45 2402 2195 55 19 3 2485 7 7678 2770 14 229 1124 5
527 4 3 231 7 192 4309 14 3414 891 29 4200 3 1164 7 3 2953 2854 668 5
16436 4 3 11197 31 9168 2151 427 230 869 2696 8 153 7623 90 27708 650 35 4 7560 33 4 133 21 1273 10 3 8176 162 7 57421 35 13834 33 4 49 24 21853 56018 225419 538 1419 1879 628 4 484 4050 23394 4 8 217 229 628 35 303917 4 57421 4 323 23551 4 7782 33 5
355 2016 2953 2854 14 3414 891 4 57 71 7253 6 3 231 7 3320 1396 4242 8 22190 8783 10 678 6 1088 9 858 7 3448 1124 35 323 149744 4 6833 33 5
10526 4 22190 8783 71 26 2164 19 2911 9224 6 270 3414 1444 1866 35 323 110290 4 6833 33 5
1504 3 231 7 3320 8 22190 1396 543 2520 4 87 31 83 4309 4723 10 3414 2333 5
81 63801 8 58618 35 6833 33 4 628 4242 4538 31 2164 19 3320 954 8 67818 2376 10 678 6 3617 3 25310 1627 7 229 553 8 3 3979 1506 16 220 14 3414 6868 5
17 162 2209 10 8 35 9770 33 5948 32 7112 814 1043 869 951 22190 284 14 3414 891 4 10 47 4011 8116 4538 31 2164 19 2911 9224 14 3 3394 7 9 197 7 1124 5
79 1236 8 426 2586 10 3414 891 601 16 6 3617 3 231 7 3093 2953 2854 4309 14 19547 1124 3394 4 150 3 3109 7 89 507 11249 19 30026 2854 4 21 261 1273 10 8 35 1278 33 5
41085 15171 8 229 553 17 1045 7 3 1325 2062 2994 10 46 1381 47 31 543 15 2911 2376 3054 1506 3 2911 16705 21 9 3851 89 507 5
999 538 89 507 21 32 34088 7 3 10119 7 9 200 4 307 42211 690 6 1088 9 46333 1506 25 3 271 791 7 96 29 45 6453 10 13 200 5
81 5238 970 4 3 733 7 192 6599 16 6 1849 9 56018 1506 25 3 2530 89 507 628 10 678 6 1877 426 2770 5
527 4 680 3 644 13 87 16 9 2383 6854 15 89 507 2376 4 3 1045 7 3 1806 6599 340 34 159 76 5139 13 9 229 89 507 16 9 856 843 7 628 5954 35 448862 323 47529 4 7782 33 5
1203 7 192 42211 31 543 15 3 9513 13 89 507 13538 31 21431 10 133 9 152 13 3 89 507 11537 1667 9 3601 8 62428 13300 3201 5
145 9513 4 658 4 142 34 817 14 307 229 89 507 5
273 946 4 3 89 507 7 869 360 7 9 136 142 337 50 3074 463 6 893 10 281 8 20388 2193 49 463 6 893 10 3 706 10381 49 1879 109 3 89 507 7 9 2219 1557 1808 142 337 463 6 893 10 98 1557 713 534 5
238 9 856 267 7 628 5954 4 229 89 507 3684 27 4102 15171 5
41085 15171 9286 10 9 337 10 3 7488 148 9796 628 8 3 1341 12911 72 89 35 90670 4 4 4 4 323 4 7560 33 5
145 6942 21651 9 334 1236 6 1510 11775 2854 27964 4 121 3 1506 2198 25 3 628 71 343 19380 5
187 16 9 177 272 552 694 10 538 32 13627 10900 1506 10 229 553 4 47 71 899 229 1305 5
527 4 100 9 265 42211 27 4729 3 4102 15171 565 10 229 89 507 8 143 6 3383 23 10 678 6 422 3 2198 1506 20455 8 488 6 132 5050 7736 154 50 1315 5
41085 15171 29 45 1940 4400 10 19372 544 35 90670 4 2560 33 5
17 4309 1273 14 3510 4102 15171 71 26 3868 76 67 689 600 53 35 249 33 19232 49 32148 4309 8 35 341 33 10023 9674 4309 5
91081 4309 31 138 13 4219 3 421 1506 10 1685 20587 4 1216 7 3 15778 7 4102 31023 5
17 689 492 19 192 6599 16 13 43 31 34 8243 6 3 4650 4 121 43 162 21 9 92750 5
1210 6 12283 3462 5
35 2560 33 4 19630 2333 1871 5314 8 8243 4309 6 3 4650 5
233457 3 4650 65 9 4102 15171 8887 142 474 3 1958 10 3 10900 650 4 2638 10 229 200 2333 5
81 9 177 308 162 4 448862 8 47529 35 7782 33 4729 3 4102 15171 1896 10 229 89 507 10900 5
901 10023 15171 9674 1665 2925 1273 14 19372 544 42 9888 6 3383 3 229 89 507 11249 565 5
931 1665 42 2164 19 9 11775 2854 31660 6 1088 32 33855 2854 284 5
355 3 4102 15171 960 31427 9 4102 15171 4 3 11775 421 1506 16 60913 19 3 89 507 11537 47 7857 6 3 84 4102 5
17 9345 522 7 13 162 661 13 3 1273 33855 11249 5018 47 6409 4102 15171 2069 3 11249 7 229 89 507 5
622 2794 152 6 198 454 10 46 601 4386 16 3 777 7 7112 951 1443 13 7801 10023 15171 9674 4 33855 2854 1443 8 951 954 14 6062 11446 5
931 951 954 144 159 4102 31023 76 5139 154 3 19630 11446 10 678 6 1262 1355 1643 463 6 4736 7 4102 893 5
145 162 2209 9 1165 7 46333 1442 4538 1273 6 4855 229 200 544 5
145 1339 2278 1325 2062 1273 25 280 6 1379 5
32402 2957 19 445498 8 67818 7 229 628 4 11249 426 5690 8 4242 229 317 27 45 4729 8 2994 10 46 162 5
17 74 689 4413 7 46 162 16 9 1165 7 3 308 6854 7 46 5890 5
1504 3 644 13 83 5152 27 45 845 616 4 43 5697 25 46 162 10 6269 49 10 3 2278 1325 2062 4729 5
17 522 7 3 2898 1252 10 46 1381 42 43628 10 9 1870 13 51835 3 689 1325 2062 232 6 307 20368 4 13563 53 35 4114 33 3 689 733 7 3 1325 542 4 35 25547 33 3 689 2673 7 3 1273 7112 4 35 31883 33 3 9796 23394 10637 4 35 40378 33 3 7112 4538 220 6 4855 3 565 8 35 8033 33 289 3 162 1273 9 951 284 5
79 1233 59 12859 3 25310 15778 7 689 7429 10 3 1325 2062 5764 5
79 169 533 4413 7 46 162 18 9 2898 7 2370 13538 7 46 5890 5
622 7112 17592 47 61685 3 689 1959 14 589 32 7112 951 284 18 12859 8 2994 5
145 17592 71 26 4116 6 3929 619 4 706 8 15204 10 589 32 7112 229 11249 5018 5
17 296 689 4413 7 3 1379 601 18 3 2898 52 3 689 2235 8 426 8249 7 46 601 352 5
79 2898 7 526 544 8 2322 7 3 2673 7 46333 1442 6 4855 229 544 18 1252 4 47 142 26 177 4116 14 3 2516 1443 6854 5
249 5