85293 10900 7 869 360 16 841 20750 106 7 3 117 19134 2193 5
351670 16 982 7581 10 3 6110 7 3 391 229 504 5
7337 4242 142 658 26 220 6 6075 1695 31270 37582 2520 5
145 542 1389 22 7732 32542 2642 35 49894 33 4 421 2855 8 3 5373 1506 7 49894 8 421 2855 35 5373 1506 33 4 3 108 1029 31660 4309 220 14 28579 2376 4 6 1877 869 360 5
17 2234 677 3 869 484 11249 2520 10978 25 3 108 4309 4 8 3677 3 2520 15 183 523 1989 10 18002 628 2757 10 32 34130 1877 5
9897 8958 7 49894 16 120783 202 4 3 1391 4 10 970 7 868 19 521 200 869 360 4 979 24 421 2855 4 22 126164 202 109 5373 1506 16 99239 202 5
17 542 59 20830 13 677 6 3 83 67 4309 4 49894 16 9 48 3449 5018 14 7678 869 360 10 3 5431 60630 869 200 5
1249 31945 4 65 3 2081 7 3614 3969 420 6 391 292 16383 4 3 869 200 29 45 572 339 5
2904 16705 478 4 8 3160 350 76 942 5
980 58 57 64 268 4 869 16705 27 6039 2535 12642 4 907 10 84 2627 553 5
81 1243 4 20011 29 115 11249 7 869 360 1576 841 35 18124 4 2132 4 323 43611 4 274 109 2904 323 5189 4 359 33 5
527 4 80 236 6 259 92 3 542 5036 7 46 566 8 3 522 7 3 4048 7 767 1296 31 10 517 19 129 1879 5
81 1243 4 297 1937 2627 553 4 239 2106 292 561 29 45 3 2869 26075 15 3 726 7 869 553 10 3 642 109 12146 3 1370 8465 7 869 360 10 192 553 5
8616 4 80 236 6 17325 1370 3238 6 2627 869 553 35 93012 4 46414 4 4 323 45997 4 502 109 323 180376 4 280 33 5
17 3431 869 200 4 47 29 408 66619 2205 19 43368 239 4 16 184 946 973 15705 35 36260 4 24290 4 18150 4 323 15669 4 280 109 14879 323 63430 4 280 33 5
966 31660 4309 31 220 6 4764 869 360 5
34417 31 3 7732 32542 2642 35 49894 33 35 37461 323 152025 4 359 109 2552 323 20630 4 359 109 62423 4 203282 4 11203 4 323 230872 4 274 109 20928 4 6794 4 23551 4 323 6793 4 274 33 4 80440 35 4 89222 4 323 4 274 109 1604 323 2552 4 359 33 4 49 83 11245 49 11249 4309 35 7744 4 264121 4 30412 4 323 23222 4 274 109 5707 323 78 4 359 109 30420 323 4 274 33 5
766 192 4309 1186 6 4764 869 360 163 523 200 8 292 912 4 8 7 91 4 49894 29 1601 623 206 8599 8 29 45 3 4137 5018 14 117 5
102391 8 6794 35 280 33 4 8 36260 12283 3462 5
35 280 33 494 13 3 421 3472 35 32166 33 5018 16 206 14 11249 869 360 5
11202 8 101178 35 1278 33 170 13 565 17521 538 32166 16 146 10973 58 1510 4309 5
81 644 4 32166 16 9 177 206 11249 5018 5
17 120540 167849 142 26 220 21 9 1625 14 3186 4048 5
527 4 32166 2062 27 1967 15 1283 1715 35 205145 4 274 109 4 4 323 4 274 33 5
81 308 85 4 87 29 45 9 1292 7 601 10 3 10900 7 869 360 538 189 32166 8 49894 4 8 9901 3 522 7 57 5018 111 3 83 5
1203 49894 2062 27 1967 15 50 6942 8 3070 35 4 29207 4 323 4 274 109 14879 323 63430 4 280 109 227295 323 13320 4 280 33 4 8 5775 22190 2520 15 3 11249 7 869 360 35 12283 32330 4 274 109 36260 12283 32330 4 280 33 5
145 542 3899 6 3189 3 601 3014 24 10309 9 3707 1217 137 15344 34130 2062 5
17 542 31875 9 5373 1506 4 538 49894 8 32166 21 3 3959 4 6 1877 869 360 5
10410 6 384 61 92 46 1506 5708 333 4048 7 869 360 4 677 6 3 415 67 4309 5
16816 4 3 522 7 36680 869 360 538 3 108 391785 4309 35 49894 4 32166 8 5373 1506 33 31 677 111 290 83 6 384 61 3 3272 5
81 682 95 4 80 71 196 92 3 522 7 129 4048 868 129 1879 4 8 6075 3 104 3449 1506 5
3431 456 4711 3 2088 2038 386 180 3 64 1515 5
3431 1163 42 22002 6 2088 482 5
81 1243 90 291 42 261 706 10 43368 239 5
17 3612 7 9 2030 6738 805 91 6 27 568 2580 1182 109 12146 4 206 773 10 869 360 5
527 4 93 869 484 1291 16 558 14 4249 14 46 869 10753 5
1858 4 43 31 6401 21 317 1586 1989 5
79 869 484 1291 16739 360 7 1989 7 291 10 825 1044 109 12146 4 484 5690 7 1989 3130 6 2498 57 184 5
157 706 71 2258 12642 111 290 83 7 869 360 7 291 10 4279 18679 25 3 629 22455 16705 5
527 4 32 386 869 1291 142 34 26 558 14 90 3609 4 907 10 2627 869 553 4 106 7 40 1292 7 11873 4 8 265 12964 5
238 9 665 4 706 71 4145 97 15 23125 19772 8 897 7059 4 8 31 2051 6 2769 333 11249 7 869 360 35 2397 4 4 323 4 359 33 5
16816 4 6 27 9 333 9740 7 2088 223 2038 1989 10 3431 4 80 236 6 10992 3 224 11975 7 9 136 4 8 543 15 2543 2516 14184 4 2258 92 9 136 16 3244 10 3 224 7 2088 223 2038 5
187 16 93 7608 6300 14 3 1043 2088 223 2038 1989 5
75 3 1043 2088 223 1989 4939 10 3 3431 869 200 6008 1038 2484 7 482 6061 1172 8 5937 4 8 695 482 5
14805 7 482 6061 1172 8 5937 340 34 26136 50 689 959 25 223 2038 109 1016 4 959 16 4209 2638 25 3 797 7 1172 8 5937 7 9654 482 5
34417 7 35962 3474 7 9654 482 31 28094 4 4720 923 4 8 35352 5
527 4 2088 223 1989 7 46 2129 13 31 2638 1989 7 35962 3474 31 34 848 10 46 542 5
349 3 83 881 4 21 724 5097 6599 329 64 4 104 706 51 219 7 2088 2038 223 1989 486 3 1583 7 695 482 4 5274 482 49 28936 482 4 104 7 47 31 883 317 1586 49 958 3576 1254 223 2038 5
931 31 3 2088 223 2038 291 446 1989 36 26 4400 15916 5
17 542 2527 3 628 4242 5018 6 26136 2755 36680 869 360 5
7337 4242 16 1477 19 3 726 8 2333 7 27964 14 4089 7 9 139061 4000 3898 5
10583 8 150333 35 502 4 157451 700 33 15103 628 4242 21 3 650 7 11533 2794 2505 25 528 3318 7 628 7545 10 14431 4 628 18822 4 49 83 317 62167 5
11406 8 35 2773 33 397 61 13 628 4242 16 3 5633 8 2376 4 24 6062 49 38944 770 4 7 528 10771 7 628 10 678 6 6075 7034 5897 8 954 4 8 6 3434 1783 2520 8 954 5
7337 4242 16 1001 1940 220 10 117 2333 4 21 1481 1186 6 6075 5897 49 4764 3 426 538 3851 628 5
17 628 4242 4309 220 10 46 542 31 2638 49894 8 32166 10 678 6 26136 3 104 4279 522 5
238 14 3 5373 1506 4 23 16 1589 24 17938 3 522 25 49894 8 32166 16676 4 6 61477 9 84 1506 5
49474 32542 2642 49474 32542 2642 4 49 49894 4 16 9 974 10900 4462 5
66 16 9 5533 13 41020 3 2854 650 7 7207 32542 2642 4 24 1572 2520 25 2422 1812 8 103860 89616 5
999 538 523 23394 8 5892 19393 4 23 4160 9 32542 992 6 3030 333 2376 8 7736 5
49894 29 45 28338 10 7678 869 360 5
4163 4 24416 4 5670 4 8 4076 35 3495 33 18 94371 202 5050 10 40 10900 7 3 1079 7 4838 7 830 2747 2106 869 200 4 8 143399 202 5050 10 3809 5
355 25751 8 35 2773 33 2655 3 402 869 200 148 3952 8 2773 4 3 8958 7 40 7736 18 2239 4213 5
355 8 35 1515 33 677 522 538 3 28689 46478 98805 5018 35 373714 33 8 49894 4 43 170 49894 9 333 10900 4462 5
93012 12283 3462 5
35 502 33 2655 3 1452 869 200 19 49894 4 8 170 13 3 6808 1153 2842 3768 35 33 8 1153 6474 3768 35 165419 33 31 10 517 19 3 230 99069 7 3768 5
20928 12283 3462 5
35 274 33 36680 3 14600 4 62603 8 58679 16705 4 8 170 3 49894 1506 6 27 206 10900 773 5
6297 15 767 3174 1465 4 87 27 45 206 42211 8 4284 15 3 231 7 49894 21 9 10900 5018 14 869 360 5
2018 3 49894 2854 2520 4 3 119 71966 32542 992 35 316500 33 16 104 974 8 1940 220 5
1203 1481 7 316500 51 27 6 1626 61 2489 1665 6 3773 22 9 333 1506 5
16816 4 87 31 117 4309 13 185 25450 3 992 8 2258 19393 5
21847 4 110064 8 11856 770 31 1695 5050 4309 19 2025 6904 4 8 31 477 220 6 1649 3 49894 5
8616 4 46 542 36 231 316500 21 9 10900 1506 7 869 360 5
29507 3472 107460 54 3 2981 7 9 3472 4 345710 31 488 6 581 9 206 5230 10436 6 3 10900 7 869 360 4 8 15564 544 177 146 232 6 3 4860 7 17315 8 11245 4860 35 323 150628 4 590 33 5
32166 16 9 4185 8342 5533 47 1038 2520 133 21 4 3298 323 55799 4 4 125917 8 382633 4 3 1884 7 47 16 10 3 225397 7 6363 4 133 21 92541 8 317 1811 4 6 2258 3 13987 13 665 10 14087 5
527 4 104 421 2855 17244 7 117 30864 4 47 4 163 1087 2686 4 19525 2376 49 9088 7 317 35 205145 4 274 109 483345 4 4 323 11389 4 280 33 5
17 19372 8 56018 2855 35 95033 49 3298 323 55799 33 5018 7 4 12051 4 4 8 5878 35 5810 33 12244 46302 421 2855 5
81 3 521 131 4 3 2392 7 14234 46302 8599 31 265 4 44 3 46302 5018 2228 14 1369 9088 8 2376 35 483345 12283 32330 4 280 109 7277 12283 32330 4 1095 33 5
8616 4 3 542 2527 3 46302 5018 10 3 32166 10900 7 869 360 4 8 2532 6 61477 9 31270 10900 2916 5
7337 2137 8 4309 999 538 2088 223 2038 1989 10 3431 21 3 5907 5
81 970 7 3 1414 7 2088 223 1989 4 3 629 1299 223 869 42 37107 76 3 695 5536 6 1046 14 317 148 249 548 274 8 1078 519 280 4 8 223 1989 21 962 10 3 5536 42 16277 5
5602 366788 4 80 4545 2582 7 2375 291 8 706 37 3637 48 58 178 56 3670 10 519 280 5
16816 4 329 223 869 18 14580 24 9 676 7 306 1149 8 706 5
134 153 7802 8 10298 3 522 4 8 3467 183 223 1989 21 1595 10 20498 249 5
20498 249 5
7773 2038 869 7030 5
2904 7334 17699 7 7030 35 438588 33 49189 35 33 35 33 35 33 647 2296 5898 35 206567 33 35 33 35 33 30230 40763 323 8685 35 33 4011 131 35 497160 33 35 33 35 33 420877 17 183 223 1989 31 3637 10 3 12463 1981 7 3431 4 8 27 4185 825 12254 10569 5
2327 2157 869 360 7 290 7 3 183 1989 42 2816 25 3 369808 24037 2522 4707 35 33 5536 5
7970 317 3883 1038 53 1562 2157 12463 1291 8 3 1562 2157 360 7 290 869 14 3 566 148 249 541 274 8 1078 452 280 5
79 676 7 462208 1564 42 16277 5
17 1513 10753 14 70 628 35 14 290 869 8 12463 1291 33 16 543 15 3 951 1294 5
5583 4 30603 745 42 3467 21 129 628 197 5
48336 6652 659 333 4301 3 522 7 129 628 2376 4 17315 12171 8 63951 23623 31 220 14 54039 5060 5
17 12171 3001 3 508 15421 53 35 33 53 2904 3323 4 9 28579 871 5
273 946 4 438588 2464 3 136 49189 5
2567 35 33 53 9457 168 2157 484 7 9 869 5
17 986 484 7 9 869 71 34 26 220 21 3 4482 14 111790 49 2376 4 21 23 340 34 3001 50 767 168 2106 2157 484 463 6 5435 154 3 566 65 3 200 16 988 14 951 5
332 3 216 89 4 9901 3 168 2106 2157 484 19 3 767 168 2106 2157 484 1708 32 5039 7 3 7060 7 120 828 49 705 5
16816 4 3 1562 2157 484 16 220 21 3 96734 14 129 2376 5
81 1243 4 65 6625 317 15 869 360 4 3 168 2106 2157 484 16 1804 21 3 216 2157 484 7 3 767 168 92 93 521 4660 16 3058 15 13 168 5
238 133 4 3 767 168 2106 2157 484 16 2573 21 35 33 5
1127 53 12463 1291 5
9965 6 3 498 168 2157 12463 1291 109 12463 1291 7 3 767 168 16 3380 24 5
3280 35 33 53 9457 168 2106 2655 869 2157 484 5
55587 53139 3768 5514 4 3 6474 871 7 3 5806 7 3 498 168 2106 2655 869 2157 484 3868 24 3 498 168 2106 2157 484 7191 249 5
79 1731 5514 6154 9 48 5050 8 333 10900 5
1738 17315 6363 16 1595 21 3177 53 35 249 33 10873 5
33962 4644 7337 4242 16 1303 61 2151 90457 4 114 49894 8 3298 323 55799 16676 31 2828 5
16 153 220 6 1800 9 56018 1506 5
53139 2376 16 543 15 108 4309 4 3 3803 7 290 16 962 21 3177 53 35 4114 33 49474 32542 2642 53 49894 16 9 2125 7 7732 1442 5
134 220 9 2029 259297 1816 3797 119 71966 32542 992 5
84181 9419 30864 3001 3 767 168 2106 869 2157 360 8 3 767 168 2106 12463 2157 1291 35 33 5
37442 9419 30864 3001 3 498 168 2106 869 2157 360 5
242841 2854 16 220 6 1649 3 119 71966 32542 992 4 8 498 168 2106 2755 869 360 6 4007 3 1506 6 3773 22 9 333 10900 5
17 37578 5018 16 220 6 1649 4 8500 13 4438 9419 249 16 403 4 10 517 19 3 3394 6680 14 3 2370 4438 9419 35 9796 9419 1635 3354 9419 33 33 5
238 928 25489 4 3 1207 2367 10 3 4438 10746 8 9796 9419 36 26 56619 4 8 3 380 3115 4209 36 26 333 58 83 928 4309 5
17 5964 1396 16 4527 24 13896 3 282 928 7927 35 4768 33 5
435 49894 2376 4 80 6453 92 3 1221 8958 871 16 1370 58 1818 202 109 92 95 4 80 3629 129 9892 7 3 3703 3238 7 29132 5
238 3 568 3 871 7 3 3703 3238 7 29132 3001 9 568 653 7 3238 4 125 3 2770 7702 19 3 869 109 12146 4 6 1262 3272 10 3 9796 23394 7 3 869 10900 1506 4 3 2770 31 6103 10 678 4 8 3 74 108 2770 31 351 21 3 1216 23394 35 6219 33 14 3 4831 2520 220 14 7678 3 6325 23394 35 12662 33 7 426 869 360 5
145 542 6655 3 1906 56018 1506 538 3 876 2606 5018 6 27241 3 8958 7 3 36680 869 360 5
35 25547 33 3298 323 55799 53 3298 323 55799 16 220 10 3 10900 3472 2520 5
3298 323 55799 340 34 1871 9 241 89 6 1649 3 1506 4 8 50 9088 16 18089 1369 6 1445 5
115250 30864 36 26 4209 25 15826 3 3298 323 55799 522 5
20216 13 3 2007 46302 38105 35 38105 6494 33 16 83518 4 8 3 3178 38105 454 19918 76 67 693 30864 35 96672 4 94158 33 5
208 3 3472 5719 16 341 4 87 36 26 83518 4 96672 4 4 308820 4 79022 5
9 676 7 550 964 4249 9010 5
17 542 2527 192 550 4249 9010 35 83518 4 96672 4 4 308820 33 21 3 9796 12911 35 6219 33 14 4831 10900 2520 14 7678 426 869 360 35 12662 33 5
527 4 87 142 26 39855 297 192 550 4249 9010 463 6 523 317 14 3 1678 1989 5
8616 4 3 380 221 7 9796 23394 35 6219 33 142 34 26 535 3 216 5
35 31883 33 22510 1506 53 6459 3 996 67 27964 4 3 542 59 12966 9 5373 1506 6 4764 869 360 5
17 5373 1506 340 34 17244 7 1812 27964 5
1532 4 23 25885 10900 2520 25 3 1494 49894 8 3298 323 55799 2520 4 8 4263 61 1456 884 15 192 67 2520 5
238 133 4 3 1216 12911 848 10 46 1506 2106 56018 14392 36 26 48 58 3 221 7 1216 23394 10 83 31660 4309 5
3690 3 248 221 7 1216 23394 4447 4 3 5373 1506 142 26 825 6 3 1494 49894 49 3298 323 55799 2520 5
5583 4 80 4400 3703 10900 773 8 6474 10900 773 6 196 92 43 868 129 1879 4 95 21 6 10158 3 8958 7 3 1506 5
58589 2655 522 7253 2638 6 3 4631 148 3 108 31660 4309 4 6 2258 47 7 3 31660 4309 5708 2086 3449 7736 8 31 5426 6 3 2755 869 360 5
33939 10900 773 9965 6 3 31660 5018 4 446 2655 8599 31 3 104 5050 4 8 47 86 4764 19 12398 3 2157 360 7 3 498 168 2106 869 360 5
49474 32542 2642 2376 9601 2904 10927 438588 21 32 946 5
6832 49894 2376 4 80 170 3 1221 8958 6 26 202 4 8 3 3703 3238 7 3 260 108 915 16 3380 21 83518 4 96672 4 94158 5
382860 1506 16 659 4552 10973 8 2538 13571 7 3 869 10900 1506 4 543 15 3 767 8524 23623 4 80 77540 3 1506 21 53 35 7253 6 20498 341 14 3 556 858 33 5
20498 341 5
49894 7 11249 56018 7927 14 523 869 5
2904 7334 52758 8958 35 202 33 382860 1506 82478 35 438588 33 2567 35 438588 33 3082 35 438588 33 1635 35 33 1635 35 33 35 33 1635 52127 35 33 445303 2567 35 33 3082 497828 35 33 1635 35 33 35 33 1635 35 33 35 33 1635 535905 35 33 305405 2567 35 33 3082 35 33 1635 35 33 35 33 1635 35 33 249 35 33 1635 546447 35 33 285815 2567 35 33 3082 35 33 1635 258711 35 33 1635 538354 35 33 402752 2567 35 33 3082 28419 35 33 1635 413015 35 33 1635 302451 35 33 1635 35 33 319543 2567 35 33 3082 35 33 1635 33140 249 35 33 1635 35 33 35 33 115998 494862 35 33 217415 2567 35 33 3082 35 33 1635 28442 35 33 1635 361818 35 33 1635 35 497160 33 345058 2567 35 497160 33 3082 35 497160 33 1635 35 33 1635 35 33 35 33 1635 35 33 319543 2567 35 33 3082 35 33 1635 35 33 35 33 1635 35 33 35 33 1635 35 33 445303 2567 35 33 3082 35 33 1635 258711 249 35 33 1635 269739 35 33 1635 9421 11102 27063 5
1655 20498 341 4 3 1221 8958 16 1370 58 5180 202 4 7237 3 206 5188 25 49894 928 5
1949 4 82478 6117 10355 8 9421 11102 27063 8323 6 70 56018 2520 5
8616 4 3 1506 142 26 220 14 3 10900 7 869 360 5
3298 323 55799 2376 273 32166 2376 4 3 3472 45546 7 290 869 16 74 2682 5
6297 15 9 3472 5719 7 341 4 80 4498 550 1216 23394 83518 4 96672 4 4 308820 5
435 4463 3 42270 1216 23394 4 3 380 56018 2520 31 1595 10 20498 459 5
766 2520 31 170 19 82478 6117 10355 8 9421 6117 27063 4 47 868 129 1879 5
81 46 542 4 22 248 67 1216 23394 8 34 48 58 179 1216 23394 36 26 7324 5
2018 3 1989 4 3 10900 1506 7 35 438588 33 16 3 216 21 3 49894 2655 1506 4 47 6154 13 3 5373 1506 36 26 3 216 5
20498 459 5
3298 323 55799 7 11249 56018 1506 14 523 869 5
2904 7334 382860 1506 82478 35 438588 33 2567 35 438588 33 3082 35 438588 33 1635 35 33 1635 35 33 35 33 1635 52127 35 33 2567 35 33 3082 35 33 1635 35 236303 33 35 33 1635 35 164662 33 35 33 1635 156369 35 33 1635 35 33 35 33 2567 35 33 3082 35 33 35 33 1635 249 35 33 1635 342153 35 33 1635 35 33 2567 35 33 3082 69246 35 33 1635 35 33 1635 156369 35 497160 33 1635 405286 35 33 2567 35 33 3082 35 33 1635 35 33 35 33 115998 455111 35 33 2567 35 33 3082 35 33 1635 268445 35 33 115998 35 33 2567 35 33 3082 260179 35 33 1635 35 33 1635 6909 35 33 1635 294587 35 33 1635 35 497160 33 2567 35 497160 33 3082 35 497160 33 1635 399436 35 33 1635 224967 35 33 1635 299474 35 33 2567 35 33 3082 35 33 1635 476425 35 33 115998 35 33 2567 35 33 3082 35 33 1635 279330 35 33 1635 9421 11102 27063 5
22510 1506 2376 5583 4 3 74 67 2520 31 2164 6 4498 3 84 5373 1506 35 7253 6 20498 503 33 5
17 5373 1506 842 82478 6117 10355 8 9421 11102 27063 5
17 35 33 56018 1506 20178 48 1216 23394 5
35 438588 33 4 35 33 8 35 33 31 3 108 1989 446 56018 2520 31 8639 6 3 1494 49894 10900 1506 5
17 1033 13 3 56018 2520 14 35 33 8 35 33 31 3 216 21 3 49894 1506 16 106 87 31 2121 1216 23394 10 3 3298 323 55799 2520 5
17 5373 1506 340 34 17244 7 120 56018 1506 13 16 3 216 21 138 10 3 3298 323 55799 1506 5
1113 3 3298 323 55799 1506 12726 550 1216 23394 14 9892 4 80 170 48 1216 23394 14 10900 24 3 49894 1506 4 677 6 3 3298 323 55799 1506 5
20498 503 5
22510 1506 7 11249 56018 1506 14 523 869 5
2904 7334 382860 1506 82478 35 438588 33 2567 35 438588 33 3082 35 438588 33 1635 35 33 1635 35 33 35 33 1635 52127 35 33 2567 35 33 3082 354890 35 33 1635 268445 35 33 1635 301195 35 33 1635 548293 35 33 1635 35 33 35 33 1635 35 33 35 33 1635 35 33 2567 35 33 3082 10355 249 35 33 1635 35 33 1635 35 33 35 33 1635 35 33 35 33 1635 35 33 2567 35 33 3082 35 33 1635 292494 35 33 1635 35 33 35 33 1635 35 33 35 497160 33 1635 35 33 2567 35 33 3082 28419 35 33 1635 413015 35 33 1635 302451 35 33 1635 35 33 2567 35 33 3082 35 33 1635 35 33 35 33 1635 309054 35 33 1635 35 33 35 33 115998 35 33 2567 35 33 3082 35 33 1635 28544 35 33 1635 494380 35 33 1635 35 33 1635 410053 35 33 1635 35 497160 33 2567 35 497160 33 3082 35 497160 33 1635 304303 35 33 1635 335838 35 33 1635 35 33 35 33 1635 35 33 2567 35 33 3082 527149 35 33 35 33 1635 192840 35 33 1635 35 33 35 33 1635 35 33 2567 35 33 3082 35 33 1635 258711 35 33 1635 269739 35 33 1635 9421 11102 27063 5
64982 2376 7 773 81 3 2755 10900 7 869 360 4 9892 16 617 10 67 1172 53 3703 10900 773 4 8 6474 10900 773 5
58589 10900 773 1389 22 3 3241 7 3 10900 5
48894 4464 31 249 541 6 685 750 280 5
79 676 7 2131 2757 7 628 31 220 6 10158 3 10900 7453 7 3 1506 5
2249 7 3 4166 10 4795 577 202 8958 10 7678 3 498 168 2106 2157 869 360 4 289 16007 9 828 49 9 705 4 80 231 10900 3768 5514 35 55587 33 6 1415 3 10900 773 5
238 3 433086 7 523 1989 5697 4 8 10 678 6 1262 13033 13693 4 3 55587 16 220 6 26136 3 628 1079 4 25 47 4 80 13012 3 302 202 871 5426 6 3 3033 871 35 14359 10900 16 2211 6 8958 33 8 489 23 21 79 4 2770 1641 148 302 202 8 575 202 31 6595 2636 4 8 2770 1370 58 575 202 31 6595 3298 5
17 48 79 3233 87 31 4 3 1370 3 221 7 10366 2655 2770 4 3 1370 3 3241 5
6065 7253 6 98586 249 14 1056 5
7586 29540 7 869 484 10900 773 3233 98586 249 5
7586 29540 7 869 484 10900 773 3233 5
1210 6 98586 249 4 49894 93475 189 3298 323 55799 35 9579 6117 7199 33 8 3 5373 1506 35 9579 6117 7602 33 10 970 7 1308 10900 522 5
349 3 83 881 4 3 5373 1506 155 333 58 49894 10 970 7 3241 35 7602 6117 7199 33 5
17 522 240 13 3 108 2520 1657 1798 523 10900 522 5
66 340 34 3001 6474 10900 773 10 98586 249 5
16816 4 80 236 6 13012 3 6474 10900 773 4 8 3 2211 3 10900 3768 5514 16 6 4568 4 3 1370 3 2463 7 8958 5
2327 986 360 34238 232 6 3 8200 871 7 3 767 168 2106 2157 360 5
9457 168 2106 484 20587 36 196 9 612 828 49 612 705 7 700 202 25 3 8200 871 4 47 770 13 3 498 168 2106 2670 7060 10 484 49766 86 26 21 272 21 685 202 4 8 48 58 685 202 92 677 6 3 767 168 2106 360 5
17 542 16 543 15 55587 110 1731 58 28107 4 79022 5
9 7716 10900 16 65 3 2655 869 360 5697 25 3 2755 869 360 24 97 341 202 5
17 676 221 7 7716 7736 3868 24 3 676 221 7 7736 16 3 2755 10900 773 35 7253 6 98586 341 33 5
2904 484 676 10900 8958 7 523 4309 98586 341 5
2904 484 676 10900 8958 7 523 4309 5
134 71 3475 61477 13 538 49894 6 4764 3 2157 360 7 1989 16 48 10 517 19 2755 869 360 5
79 676 7 3722 628 2757 31 10366 2655 5
12502 4 14 49894 4 87 16 9 120783 202 13300 13 9 7716 10900 36 4722 356 70 5036 109 3298 323 55799 16 126164 202 109 3 5373 1506 16 99239 202 5
145 16 523 25 10900 3241 5
1113 3 676 10900 8958 14 3298 323 55799 8 3 5373 1506 22394 97 24 249 4 677 6 3 5373 1506 4 3298 323 55799 5708 9 48 141 3246 3201 297 3 183 5907 1989 5
16816 4 80 494 13 10900 8958 16 333 14 3298 323 55799 58 3 5373 1506 5
6912 3 108 2520 4 49894 10260 3 2670 3241 8 8958 22 7678 869 360 154 3 60630 566 5
157 742 3298 323 55799 16 287 3449 58 3 5373 1506 4 23 16 48 5050 5
17 5373 1506 1273 24 3 542 1798 5708 523 10900 522 5
145 14359 13 5775 231 7 3298 323 55799 8 49894 1871 2069 3961 8 454 726 8 48 15344 542 16 1622 5
999 1122 538 3 2157 360 7 1989 4 3 542 29 1725 6 6075 1989 19 206 683 871 5
527 4 3 36803 200 59 14359 9 3010 6805 7 969 2193 5
81 970 7 869 2376 4 628 4242 16 32 1783 4462 14 11533 3 17521 148 1989 7 9 523 10753 4 95 21 6 581 706 19 9 1906 5018 14 7678 869 360 5
273 426 2062 4 83 869 3394 6680 142 26 848 4 8 65 2164 19 3 10777 7 3 4279 31660 4309 4 80 86 1800 3 104 3206 10900 6680 5
527 4 742 2655 869 360 142 26 220 21 9 4249 4 43 31 34 3 689 5261 2193 5
113492 683 1866 383 26 2247 24 9 136 2106 229 1263 5
187 31 90 9705 6 3 542 53 74 4 5036 3883 31 14 3 566 7 541 280 35 57 64 33 5
527 4 46 16 34 9 1332 1542 64 4 8 3 89 566 16 2086 814 5
11079 4 23 142 26 4129 21 9 556 224 4165 5
68521 7 869 360 7 3 271 85 51 3360 3 1494 5907 5
349 3 8101 4 154 3 566 7 628 2137 4 3 869 200 16008 4185 528 12642 5
109717 7 40708 59 14359 48 7034 522 5
20379 4 10 30435 3 2520 773 4 80 220 2131 222 21 3 2755 13566 566 14 8958 5
134 253 76 5139 3 969 7 3 200 2106 5690 15 3 893 6 3 10900 2520 4 8 13 3 1494 10900 1506 250 1528 50 31392 1175 5
53519 4 3 5036 42 2088 2038 1989 5
17 272 17521 148 291 1044 522 10 9 623 272 82478 871 5
208 70 12463 1989 42 220 21 9796 2193 14 129 10900 4 82478 51 27 45 798 5
1949 4 523 869 553 142 665 10 523 8599 5