17 1381 16568 3 28389 7 277382 67 9022 2129 3581 46333 1442 4538 294137 4 49474 133951 9861 35 49894 33 8 34989 201601 35 37566 33 14 17241 4508 7 20923 26731 41166 35 114482 33 543 15 50 1746 3358 9001 294137 4 9520 4 2546 12195 4 6126 4 33497 45163 4 226478 8 509 58707 5514 5
17 17592 32629 3 6182 4859 60029 1175 7 49894 14 99570 3 8985 3898 148 3 9796 8 3354 23394 8 3 160269 1046 1175 7 37566 14 12713 3 2007 19547 17509 8 34710 7 3 49894 6 12042 3 13300 7 32542 992 587 4423 22 325 244038 8 3827 38326 6 391 30392 5
17 773 7 5373 1506 35 164751 78180 33 18 677 19 7081 220 119 71966 32542 992 35 33 538 288 523 11245 19393 5
17 542 661 13 24 277382 49894 19 37566 4 3 23462 1952 7 49894 8 50 8958 7 10900 71 26 2069 5
17 3559 5373 1506 71 26 220 14 7678 4508 7 4097 14 9 392 4097 1746 3358 10 2411 89 276 4149 2489 3524 19 523 1746 3358 14635 5
17 17315 3898 7081 220 6 4301 3 1943 3074 7 4097 31 558 10 3 916 7 34130 89616 10978 25 9345 522 5
1113 192 34130 3898 10 3 916 7 56018 42584 31 1940 220 8 3448 14 25418 2505 52 9 1654 955 7 4097 4 483 192 71 34 26 3677 48218 3 17241 565 4589 9 528 221 7 1216 23394 49 3 16764 297 3 23394 16 883 4000 49 215 1812 6 3001 5
81 133 745 3 1510 5533 7 56018 6392 6 4047 3 230 8958 8 40708 5
2330 3 271 265 1208 2129 3581 46333 4462 4 49474 133951 3673 35 49894 33 29 45 220 14 17241 3 521 131 544 463 6 50 10699 1175 6 3968 325008 297 9796 8 3354 628 9906 47 31 4000 4 108140 49 215 841 6 28669 5
145 785 7 49894 29 45 34655 14 1773 2333 10 17241 3 1943 3074 8 2763 7 4097 5
49618 297 91 31 1408 61361 10 7678 8 17241 295907 2362 7 7117 161757 4097 35 540807 323 4 2560 33 4 272 773 4097 35 63430 4 2804 33 4 9822 10030 4097 35 95554 4 190322 4 323 137725 4 6833 33 4 113265 4097 35 4 4 323 4 2076 33 4 12864 10829 4097 35 250637 33 9183 4097 35 4 4 323 53579 4 590 33 4 25455 7 272 773 4097 35 323 4 280 33 4 7678 18717 38616 7 4097 35 65618 323 4 6833 33 4 4097 3358 1746 35 32061 4 14879 4 323 14879 4 502 33 8 10900 7 33648 7 1966 8 272 2362 4097 35 196324 4 274 33 5
364 7 3 2215 2763 7 4097 47 2053 32 533 604 10 3 1028 7 114482 386 16 50 246369 5
66 38510 3 3279 4 19 47 1766 4097 71 26 1942 4 66511 8 1318 22 433 19 4783 4484 6 19797 5
7313 9 1277 10382 13377 138188 5559 21 4097 4508 871 4 23 34 97 3466 1277 8 51647 7 4097 25 11775 6 11775 44 59 3395 9 1415 6 28207 3 10837 247 7 3 114482 154 50 6254 593 25 2484 1457 6 4831 6584 22 3 1444 433 5
7219 23 14264 13 3 114482 1746 3358 16 16673 13251 6 3 2125 7 1444 294137 4 2311 10829 7268 4 9925 10829 7268 4 892 28098 4 10705 7268 49 1444 4951 6696 33789 4 3545 272 4 6127 4 799 4 177 799 49 2422 799 246369 4097 3995 5
8561 2333 7 49894 17241 14 4097 4508 539 10900 7 4508 8 2362 7 1334 3358 4097 4623 8 272 2362 4097 4623 64898 82867 8 260050 35 67844 323 4 1278 33 4 7678 4508 7 2546 12195 8 66251 4097 35 63430 4 502 33 4 17241 4508 7 272 2362 4097 35 12283 32330 4 502 33 4 17241 4508 7 272 773 4097 35 63430 4 359 33 8 17241 8 2376 7 4097 4508 538 6232 960 522 35 42544 4 46414 4 323 130593 4 274 33 5
119 71966 32542 992 35 33 463 6 50 1175 6 4434 1812 103860 8 4000 3898 16 9 4020 1414 297 1296 14 17241 70180 544 5
16 9 179777 511151 32542 992 35 33 3559 538 119 71966 35 5629 33 31660 5
17 5629 31660 16 9 325 1046 31660 47 6655 66590 10529 6 4219 3 17509 8 34710 7 3 32542 992 4 29404 3 773 4859 7081 5559 10 970 7 9 26327 3768 148 3 2755 8 49894 2655 3354 5
1504 50 4084 21 9 6182 4859 8 1369 7254 4 3 5629 31660 16 1861 19 13292 30046 7 587 4423 10 325 244038 8 2063 23462 5
17 1033 14 46 30046 16 6586 6 6951 7 126095 17509 8 34710 2543 6 928 9 32542 992 5
473 329 37547 7 32542 992 154 928 4141 4 3 5629 31660 34298 9 523 197 7 380 17509 557 6 3559 32542 992 441 523 10900 773 8 23462 1952 5
81 678 6 12042 3 2106 13300 7 31071 4 23 16 1622 6 1800 32 1783 17592 14 3096 50 10900 773 8 23462 6 391 5
659 4417 3 13292 30046 7 5629 31660 4 4624 27964 35 37566 33 27 45 34655 14 12713 3 19547 2007 17509 8 34710 14 49894 5
37566 16 9 66590 481 391 27708 8 1046 5533 3581 24 3 13991 6589 13563 4 1375 3394 8 4624 13422 4 47 852 16335 1046 14 19547 2506 10 523 8249 29404 3 808 7 587 4423 10 9 325 3033 8 3254 23462 5
34678 61361 7 46 17592 71 26 170 10 268585 4 4 4 8 35 6833 33 4 87438 8 35 2076 33 4 166716 4 246479 4 8 35 2076 33 4 35 280 33 4 4 4 8 4104 35 280 33 4 20024 4 78 4 138584 4 10141 4 8 5707 35 7560 33 5
1504 3184 2333 7 17938 37566 19 49894 10 1678 3547 7 542 4 3 17592 29 34 45 12956 95 300 14 17241 4508 7 4097 5
17 542 1900 19 157181 3 6182 4859 91415 1175 7 8 3 391 1046 1175 7 37566 14 1572 9 5394 46333 4462 14 17241 4508 7 114482 5
17 542 29 45 4393 76 7268 5
8941 341 1900 19 628 2137 5
8941 459 1900 19 3 17592 4 10 47 32542 992 17241 7 4097 4508 4 50 27708 538 4624 31660 7748 928 8 11245 773 1170 27 45 2994 5
11391 4 2995 8 7951 8 426 162 27 45 5169 10 58486 503 4 500 4 708 3995 5
17 64149 628 14 49894 42 3883 25 3 216 114482 1457 6 14550 120 808 7 337 1022 10 3 4508 628 463 6 337 10 11975 7 4097 3358 9001 5
17 628 11824 7 4097 1746 3358 9001 14484 7 28725 3358 14635 13563 4 9520 4 2546 12195 4 6126 35 21 1597 10030 33 4 33497 10030 302 26741 4 33497 10030 183 26741 4 226478 4 509 58707 5514 8 12510 4508 871 5
273 5750 3 542 4 3 133951 3673 176107 8 2865 77918 176107 848 10 3 13341 558 1586 415722 35 44123 33 42 220 6 5507 3 8 37566 3995 5
49894 17241 7 4097 4508 5
52370 928 4 25017 8 960 628 2757 49894 16 32 317 5447 24204 3581 24 3 2854 1175 7 746 2032 5
49894 3475 2818 64149 5897 6 3434 3 4919 3898 148 3 628 9906 5
7219 4 23 16 59 1622 6 5548 3 31392 326 7 3 3559 49894 65 2209 19 6200 34 848 10 3 32542 992 928 5
659 10792 928 8 2279 7 3 32542 2642 4 3 3883 628 42 24218 8 2714 76 928 4 25017 8 960 357865 5
1551 202 7 3 628 42 220 14 928 3644 8 3 1652 306 202 628 42 4351 3868 8 197 2825 14 25017 8 2279 7 3 3559 49894 5
17 928 628 197 18 220 14 928 3 49894 4 8259 23 6 1849 3 3898 148 3 9796 8 3354 628 9906 24 14324 18298 7 3 32542 992 17509 8 34710 538 5629 31660 5
1498 3 928 4141 4 87 16 9 9980 7 3 32542 992 6 72 2338 49 72 1849 3 64149 5897 2209 154 3 928 4141 5
145 2697 6 1024 83538 7 3 992 65 8004 6 19041 628 5
106449 628 197 16 15066 220 154 3 928 7 49894 6 4112 3 72 10104 7 3 32542 992 8 6 1333 21 9 3929 6 737 3 928 7 3 32542 992 65 3 25017 3768 2899 6 828 5
27311 7 3 32542 992 16 617 54 6362 7 3 928 4141 5
17 960 628 197 220 154 3 2279 4141 34298 3 10900 773 7 3 3559 32542 992 5
66571 928 7 49894 2818 13 70 3890 5897 848 10 3 64149 628 4 144 916 9 176 7 3 928 628 197 5
16816 4 6 852 3 928 628 197 2975 6 3 12029 7 17241 9962 4 23 18 11085 13 3638 2770 35 3235 8 3033 2770 33 7 290 22455 7 676 628 197 42 848 10 928 628 197 5
7219 628 2071 144 59 3250 13 928 4 25017 8 960 628 197 16 3890 7 3 216 1193 5
12502 4 108 1225 2714 7 628 18 617 10 133 9 152 13 3 11245 19393 7 12266 4 106449 8 2954 628 2757 294137 4 3235 871 4 3033 871 4 1153 8 2029 44398 7 290 22455 31 17302 523 25 290 83 5
20498 249 842 3 11245 19393 7 3 628 220 14 928 4 25017 8 2279 5
20498 249 5
40013 19393 7 928 4 25017 8 960 357865 5
114482 628 9001 12266 106449 2954 5736 27485 29139 28249 5736 27485 29139 28249 5736 27485 29139 28249 57361 35 33 27716 577 419396 6180 4728 6180 4728 232250 23246 12195 35 52070 33 35 33 11810 6494 444955 7183 6494 508613 417942 4728 6494 344377 28823 35 33 6938 13381 549675 14709 77009 251853 65574 66951 290505 256525 10030 302 26741 35 33 90643 4452 403984 38818 51241 57662 20695 255049 256525 10030 183 26741 35 33 92441 45172 304886 29191 45172 557028 3784 45172 358081 226478 35 33 40650 249 23117 53837 72805 45540 52798 44179 40650 32565 63551 54982 509 58707 5514 60675 44890 49912 31852 27529 45184 47973 33140 52127 44171 47973 31852 157304 35 26741 33 11589 7459 106744 8945 7459 89041 14110 7459 445910 166110 5
445498 7 628 17 9796 628 8 3354 628 2239 17544 7 523 9434 883 441 93 49 3033 13980 5
445498 49 40937 7 628 22516 3 2177 7 32542 992 9124 1537 3 523 9434 8 16506 124 70 3 9796 8 3354 628 21676 10 9 4787 1079 1356 6494 4 249 1362 49 1356 4 249 1362 5
122201 7 29132 6 3 1079 1356 4 249 1362 6464 11657 3 2854 1952 4 21 192 2770 705 10 3 642 7 2589 4859 114 3 3354 16 104 3538 6 3 10887 7 3 9796 2770 35 4 399729 4 323 26425 4 280 33 5
90977 16619 10 3 1079 1356 4 249 1362 29 45 220 10 1379 542 441 4859 35 249 33 114 16 3 48871 871 7 3 12911 14937 4 8 31 3 3033 8 3235 2770 7 12911 14937 3995 5
133951 992 6358 8 928 19393 17 6358 7 32 49894 9286 7 9 221 7 7732 23791 3797 137 16036 5595 5
17 7732 23791 31 18861 6 7207 23791 21 192 10301 3 5447 3893 7 32 49894 5
3194 7 192 23791 29 9 221 7 16036 29132 4 9 2589 4859 8 32 3354 5
17 4756 7 2589 7410 10 32542 2642 16 6 4556 360411 76 3 992 5
79 8867 7 3 360411 7 46 2589 4859 10 3 1315 7 3 992 4 65 95 2042 4 16 13 3 992 16 9834 8509 6 293 36307 19 1812 4 57335 1682 148 3 29132 8 3 3354 35 4 44864 4 323 1127 18256 4 1422 33 5
6297 15 3 9149 10 47 3 23791 31 3797 8 3 152 43 650 317 4 32542 2642 71 26 6401 21 156936 35 106153 33 4 70865 1625 4859 35 33 4 32542 2642 4 7117 9974 9013 35 113757 33 8 30037 2642 5
41748 9419 4018 850 32542 2642 35 33 31 9 2125 7 106153 48218 3 66619 9419 23791 31 3797 10 3 850 2586 97 8 93 34313 31 805 5
31 1433 76 10746 16007 7 32 9796 9419 8 32 3354 9419 1353 24 9 221 7 4438 5
999 11264 3 221 7 4438 10746 8 4438 9419 23791 4 3070 10 2854 8 83538 7 32542 2642 71 26 3439 5
238 4436 24 4 4 8 35 2773 33 23 7842 5473 15 3 221 7 928 745 4 3 1058 7 5266 8 3 2463 7 10119 7 3 4859 49 3 19372 13228 6 26 7520 5
253609 4 362377 4 8 546 35 4540 33 3058 13 9 108 26237 511151 32542 992 19 119 71966 31660 71 4434 120 103860 1322 19 13228 2463 7 8958 5
520 954 7 11815 2466 21 2007 4005 14 6098 32542 992 6358 27 45 1282 24 11406 8 35 2773 33 4 31150 35 3824 33 4 266918 8 212136 35 2773 33 4 360303 35 1278 33 5
7448 4 3 3394 7 4438 10746 8 4438 9419 23791 16 9 794 8 3768 650 8 2239 574 24 6098 9 992 19 3033 221 7 4438 10746 8 4438 23791 5
84630 9 1654 6347 538 49894 16 574 24 8409 3 317 10 3 916 7 928 628 197 5
17 317 1252 24 3 928 628 197 4 87 16 850 60484 25 3 9796 9419 6 3 3354 9419 137 4438 5
17 17509 8 34710 7 3 32542 992 31 5210 8 3 2655 3354 16 4209 5
17 43420 3 3768 148 3 2755 8 2655 3354 16 60484 14106 5
6297 15 3 43420 3768 4 3 17509 8 34710 31 5210 538 20624 66590 10529 5131 4723 24 5629 31660 5
79 6943 2854 489 8 4050 85612 16 4723 14 4213 2854 7 3 992 5
79 568 2854 489 2697 6 3254 928 44 24 682 95 23 5708 528 90863 10 3 2059 337 47 142 674 3 49894 1506 6 56463 3 19547 2059 2770 5
349 3 83 881 4 9 798 2854 489 754 23462 7066 8 2238 3 13300 7 49894 1506 6 128 4423 10 325 244038 5
17 4050 1043 2875 18683 61 3 272 10291 10887 7 3 3768 3076 10 3 2059 904 4 121 23 3859 3 1102 7 3 271 2059 893 15 3 498 2586 7 1627 10 3 2059 904 35 323 98456 4 1095 33 5
79 2164 231 7 192 19393 2939 3 5629 31660 6 4417 3 1102 7 325 244038 5
999 18166 192 67 19393 3 337 10 17509 16 2118 24 53 35 341 33 35 459 33 114 19966 3001 3 2059 9806 6 3 2205 148 120 67 23791 109 8 31 3 893 10 3 32542 992 17509 22 9424 8 9424 115998 249 61652 3995 109 16 4050 85612 109 16 3 2854 489 109 5132 16 3 43420 3768 109 79036 16 3 1341 49 2755 3354 8 49380 16 3 32542 992 2655 3354 5
273 3 1379 542 4 114482 3358 5084 6435 4 13563 4 9520 4 2546 12195 35 52070 33 4 6126 4 33497 10030 35 13284 33 302 26741 4 33497 10030 35 13284 33 183 26741 4 226478 8 509 58707 5514 4 916 3 550 29132 49 9796 23791 14 3 32542 992 5
186492 4 3 871 7 4097 4508 3497 3 3354 49 3354 61279 14 3 32542 992 5
257558 55853 2589 4859 47 9013 3 29132 148 8 29 45 220 14 4438 10746 8417 27728 2589 4859 16 220 14 3354 9419 14 4631 7 2755 2770 8 49894 2655 55906 5
273 5204 22 19547 32542 992 6358 4 550 837 4438 9419 511151 32542 992 64152 7 523 20554 441 4438 9419 23791 10 3 1079 42 3559 8 24637 538 928 8 25017 628 197 3995 5
17 32542 992 6358 441 3 3033 25017 3768 16 3467 21 3 19547 32542 992 5
31022 6027 16008 10 98586 249 842 3 928 8 25017 7 3 32542 2642 538 5629 31660 5
12266 8 25017 7 32542 2642 538 5629 31660 98586 249 5
12266 8 25017 7 32542 2642 538 5629 31660 5
17 14324 18298 7 17509 8 34710 18 2828 24 67610 119 71966 31660 5
119 71966 35 33 928 31660 16 3 5052 38326 31660 4020 14 12391 2854 5
66 71 26 4357 21 9 9912 7 20624 10529 8 5018 4 10503 3 1952 7 10864 31660 19 3 3241 7 3 20624 10529 5018 35 4 7744 4 323 98097 4 2391 33 5
79 2854 489 7 7257 8 4050 85612 7 10355 18 220 154 928 7 32542 2642 5
6832 794 8 3768 4 3 1051 7 4438 9419 23791 42 2203 21 704 8 32542 992 1506 19 6358 339386 18 3467 14 17241 3 4508 7 4097 5
17 32542 992 6358 14 17241 4508 7 4097 16 1595 10 98586 341 5
22348 7 32542 992 35 339386 33 98586 341 5
22348 7 32542 992 35 339386 33 5
34989 31660 27708 7 32542 2642 35 164751 78180 33 34989 27964 31 13991 27708 27964 543 15 3 8299 2106 5131 28405 7 3 47081 5
158 8245 46333 2520 7 13991 6589 105 3394 4 17764 8 17904 21 160269 1046 4538 14 1913 391 3033 14 1812 103860 544 441 3184 147174 2506 5
37566 2106 1175 6 13787 1046 3 2104 904 8 6 39431 7309 15 3 391 30392 1708 9 2170 9912 7 5633 8 12732 7 3 1046 904 5
81 2906 6 5629 31660 13 2527 325 66590 10529 14 1913 3 19547 197 7 32542 992 2205 17509 4 3 727 8690 2129 7 391 1046 4 66590 481 27708 8 231 7 160269 4262 2939 10 12713 3 2007 17509 14 49894 4 9834 29404 3 13300 7 3 5629 31660 6 128 3624 10 3 325 244038 5
273 48480 3 773 7 49894 8 6 12042 3 30046 7 5629 31660 4 37566 16 225392 19 49894 5
145 17592 4589 67 4290 5
81 3 74 967 4 49894 16 3559 538 322385 37566 16 220 14 12713 3 19547 197 7 2007 17509 8 34710 14 928 7 3 32542 992 5
145 16 7679 24 16335 1046 2828 24 37566 10 70 537 8249 10 3 1046 904 8 17215 124 6 3 642 114 87 16 3235 13300 7 1913 3 19547 17509 8 34710 5
17 169 967 4589 928 7 32542 992 538 5629 31660 5
17 928 16 574 24 3 5629 31660 19 197 7 2007 17509 8 34710 8736 538 37566 7748 928 7 49894 5
145 7 49894 19 19547 17509 8 34710 16 34655 24 5629 31660 6 1626 850 3 1046 14 3 391 574 24 37566 137 1597 24220 7 32542 992 2106 17509 8 34710 5
17 523 1959 7 46 17592 31 2209 10 98586 459 8 31 43628 21 163 5
31022 6027 7 4624 31660 7748 928 7 32542 2642 98586 459 5
31022 6027 7 4624 31660 7748 928 7 32542 2642 5
7 4624 31660 37566 16 9 1193 543 191244 5533 8 2818 19 32 2007 1193 5
17 2506 6 3 565 31 58458 21 6594 8 192 916 2007 1193 7 31527 5
17 31527 12544 2007 40015 6 3 10520 2506 5
931 10520 2506 31 5146 14027 10 3 1046 904 5
81 3 1379 542 2007 1193 16739 7 32542 992 17509 8 34710 5
273 339386 6358 7 32542 992 4 3 221 7 17509 8 34710 31 6052 5
931 6052 17509 8 34710 31 30557 21 6594 7 3 31527 5
1249 290 2059 8 9124 871 16 9 521 221 4 12146 23 16 1867 21 9 521 221 5
1249 10 37566 329 28451 10 3 1193 2464 9 785 2104 3475 4 3 2007 1193 1646 144 26 3112 6 2907 3 282 2104 10 3 1046 904 557 6 391 27708 7 3 565 5
79 568 1193 1646 4589 1370 46333 89 8417 10 267 7 396 1193 1646 4 3 1277 7 2104 16 203 6 3 37273 7 808 5
81 3 1379 542 32 2007 1193 1646 7 575 31527 16 220 5
113242 5188 7 31527 17 5188 4859 14 290 10520 2104 49 28451 16 12354 5
20865 4859 3497 9 1415 7 32485 19547 2104 25 3184 147174 2506 24 12752 3 1175 7 3 537 2506 6 3447 49 36764 2130 4 23 960 2106 3 15972 3961 7 31527 5
17 928 628 197 14484 7 628 9906 31 2209 6 3 32542 992 5
3194 28451 16007 7 17509 8 34710 16 6234 6 3 49894 5
17 49894 137 850 71966 7 317 110458 3 6808 1153 2842 3768 35 33 148 3 2755 8 3 2655 4508 871 5
17 5188 7 290 28451 16 43420 538 53 35 503 33 114 79036 8 49380 60121 3 1341 49 6453 2770 8 49894 2655 4097 4508 2770 3995 5
86237 3 30342 31527 37566 2527 3 6942 3802 3394 4 14 13896 3 30342 31527 5
17 3394 4644 16 18861 6 9 20973 33417 4 47 2228 31527 441 272 5188 6 1042 15 40 6594 6 161 2020 125 18710 3 5588 7 799 5188 31527 4 9834 13663 3 31660 6 1046 3 3982 3248 7 3 2104 904 5
17 1379 542 2527 39274 6339 3394 1264 47 2228 13300 7 3394 22652 6 3 5188 7 3 28451 5
17 2370 1653 7 39274 6339 3394 16 13 23 65507 2477 7 3 2113 10 3 1193 8 1929 9 808 6 70 7 91 6 26 3467 35 228498 323 4 2076 33 5
28848 84 2020 7 1193 17 326 7 4624 27964 20521 3348 25 17764 8 17904 35 14879 4 1604 4 323 2397 4 1095 33 5
37566 2106 160269 884 10 3 916 7 17764 8 17904 4 852 37566 6 1657 161 2020 7 1193 5
47032 16 9 131231 3802 13 29408 9 6951 1808 7 67 31527 14 24038 8 10452 3 6594 148 3 31527 543 15 3 2858 433 3467 486 3 3897 4385 7 3 28451 5
47032 3802 3847 12244 84 1193 24 25418 3 11414 7 67 2113 8 5708 84 2113 10 3 761 13 192 2113 36 26 333 58 40 703 5
137927 7 17764 16 9 96734 6 4301 143 477 3 17764 36 26 2828 5
17 1379 25810 3 7790 17764 19 13300 10355 14 269483 3 67 3178 31527 14 3747 9 30342 693 5
17 17904 1315 3859 7139 6 3 1193 1533 3 31660 6 25272 9 1978 27959 904 9834 4 5470 3 1046 650 6 705 76 325 244038 5
51252 21 9 3519 3802 4 17904 17220 3 498 1193 6 384 333 2113 5
66 59 2053 32 533 176 10 4966 3 4624 317 372 14820 154 3 17764 884 5
66 59 4063 3 2844 7 31527 166 17923 3847 5918 3 14130 7 3 2172 84 2020 5
17 13300 7 17904 8050 143 477 3 1172 7 3 31527 36 26 33128 5
7040 272 17904 489 2238 3 1046 904 6 9 653 13 23462 49 1913 391 2742 9 841 492 5
18134 9 798 17904 489 12850 9704 3 1046 904 8 1599 2697 4624 31660 6 128 3624 10 9 325 5
17 1379 542 2527 6158 17904 19 17904 489 25343 5
17 4644 14 2172 84 1193 7 31527 16 1009 10721 3235 2020 2123 16 3439 49 3 5188 4859 7318 9 38230 653 5
37642 221 7 5197 220 14 1379 542 16 577 5
12670 24220 7 3 2007 17509 8 34710 538 5629 31660 17 2007 17509 8 34710 8736 538 37566 10 1092 249 6 503 16 6234 6 5629 31660 5
17 49894 16 3559 538 192 2007 197 7 17509 8 34710 5
17 5629 31660 137 850 71966 7 317 8 119 71966 7 5464 4 2228 1597 24220 7 17509 8 34710 6 18094 3 3768 148 3 2755 8 2655 4508 2770 9 3033 5
17 520347 7 4624 31660 928 7 49894 14 12713 3 19547 17509 8 34710 8 4831 1597 24220 7 192 17509 8 34710 16 1595 10 98586 459 5
13385 8557 7 3559 2520 81 3 1379 542 288 523 11245 19393 27 45 4723 14 10679 3 773 7 3 3559 49894 2520 5
17 19393 539 53 6808 1153 2842 3768 35 33 4 1153 6474 2156 3768 35 33 4 85612 7 17521 35 1883 33 4 85612 7 3961 35 5132 33 4 6808 1153 2842 3768 6 9892 2106 2029 44398 5514 35 170320 33 8 48871 1153 9124 3768 35 33 5
17 996 773 4015 42 12354 538 53 35 500 33 35 708 33 35 700 33 35 704 33 35 782 33 35 183 33 114 79036 8 49380 60121 3 1341 49 6453 2770 8 49894 2655 2770 8 8 3001 3 1153 6453 8 1153 49894 2655 2770 4 3995 5
6517 2464 3 676 221 7 628 5
4015 9670 3 6453 2770 6 3 2655 2770 8 110458 3 2842 6808 7 3 596 19407 3768 5
79 798 871 7 6154 206 10900 773 7 3 1506 5
75 1929 48 6 528 5464 35 4 146504 4 323 4 6833 33 5
16 9 4015 13 1708 32 1783 152 7 9901 3 19407 3768 14 290 628 397 19 2201 6 3 6453 49 1341 871 5
22746 2770 7 4459 333 773 7 3 1506 8 1797 22206 5
12470 2106 17521 85612 35 1883 33 8 85612 7 6013 35 82478 33 1415 3 2362 7 3320 148 3 67 23394 5
1883 8 82478 4015 31 6325 15 3 27728 3898 148 3 6453 8 2655 2770 8 142 1484 371 14234 522 65 46 1322 16 34 27728 49 65 3 2770 3576 117 85651 5
273 2170 3320 148 3 6453 8 2655 2770 4 3 871 7 82478 16 5580 5
17 85612 7 3961 35 5132 33 49 9358 24352 3961 35 9358 323 24352 4 7442 33 16 9 5514 7 19407 3768 48517 6 5559 48517 10 6453 628 5
79 871 408 6 5580 6154 3 8958 7 1506 5
170320 4015 18 27394 24 12283 3462 5
35 359 33 5
170320 20178 3 1212 7 3768 1291 4015 8 1038 9 2916 4 95 13 3 3979 19114 8 217 2770 71 2780 6 1678 9001 35 7744 4 23551 4 323 30412 4 2560 33 5
17 19547 871 7 170320 16 4568 5
16816 9 798 871 7 170320 6154 206 10900 5
1170 3 1175 7 3 1506 6 4764 9 871 47 16 15511 305 25 3 1153 871 5
79 1432 6154 72 10900 8 9 2366 6154 163 10900 7 3 1506 35 323 42544 4 502 33 5
79 2164 231 7 3 773 23491 31168 996 71 581 32 30771 2882 14 10900 1175 7 3 32542 992 2520 5
238 2994 10 3 767 7268 4 3 49894 16 3559 538 37566 14 12713 3 19547 197 7 2007 17509 8 34710 14 4831 928 7 32542 2642 538 5629 31660 5
37566 18 488 6 1046 3 19547 2770 7 17509 8 34710 10 2131 5197 35 98586 503 33 5
17 89 351 24 37566 6 1018 3 38230 35 5188 4859 33 26741 18 12354 21 139815 1498 46 566 4 37566 2828 19786 4859 22015 14 5204 22 32 30512 871 7 5188 4859 5
109982 19547 17509 8 34710 538 4624 27964 98586 503 5
109982 19547 17509 8 34710 538 4624 27964 5
17 32542 992 6358 3467 14 3 17241 4508 7 4097 35 339386 33 16 3559 538 5629 31660 5
17 164751 78180 1506 18 19 19547 17509 8 34710 10978 137 37566 7748 928 7 49894 5
17 5373 1506 18 488 6 2769 3 13228 773 733 164662 10 3313 129759 427 2106 35 98586 500 35 9 33 33 5
17 216 32542 992 6358 18 3559 538 5629 31660 19 6951 1823 7 17509 8 34710 5
17 31660 253 129759 8 2106 6 1018 3 13228 773 35 98586 500 35 8862 33 33 5
12266 7 164751 78180 8 2520 98586 500 5
12266 7 164751 78180 8 2520 5
1354 164751 78180 8 2520 4831 6 928 42 24637 8 2870 5
17 522 10 970 7 3 773 4015 31 2209 10 20498 341 5
17 522 7 37566 7748 928 7 49894 27 59 45 848 10 1870 5
20498 341 5
40013 773 7 49894 2520 14 928 4 25017 8 960 357865 5
15060 35 26741 33 35 202 33 1883 5132 170320 35 202 33 12266 37566 164751 78180 482396 106449 37566 164751 78180 27311 37566 428065 164751 78180 17 1519 114482 628 18 59 220 14 12752 3 10900 1175 7 3 3559 2520 294137 4 8 164751 78180 5
17 56018 10422 1571 3 10900 7 3559 8 164751 78180 2520 31 16008 22 98586 708 35 9 33 8 35 8862 33 3995 5
17 11245 773 14 3 1519 628 197 16 68407 22 20498 459 5
382860 3331 7 8 164751 78180 2655 4508 4830 6453 4508 98586 708 5
382860 3331 7 8 164751 78180 2655 4508 4830 6453 4508 5
20498 459 5
40013 773 7 3 3559 49894 2520 14 3 1519 628 197 5
15060 35 26741 33 35 202 33 1883 5132 170320 35 202 33 164751 78180
83571 3 522 23 71 26 381 13 24 3 5629 31660 19 19547 17509 8 34710 4 50 30046 7 587 3624 10 325 244038 8 2063 23462 71 26 2093 5259 5
81 4631 6 2854 47 253 129759 8 2106 6 1018 3 13228 653 7 773 4 3 164751 78180 1506 253 4028 3313 129759 8 9 676 89 7 2106 35 150 37566 89 33 6 2769 3 216 773 5
17 11245 773 23491 842 13 37566 1363 71 34 2875 1649 32 49894 5
145 16 2436 24 9 272 928 4 4015 7 26741 8 202 3995 8 798 17521 85612 35 1883 33 4015 7 5
7219 4 2366 2770 7 4015 5132 4 8 8 177 272 871 7 4 202 8 202 154 25017 8 2279 3995 4 6154 13 928 7 49894 24 37566 1363 2697 6 6436 773 5
17 169 4141 16007 7 5629 31660 928 14264 13 3 2007 17509 8 34710 8736 538 37566 4 31 454 1597 14549 6 474 3 10900 773 7 3 32542 992 5
17 164751 78180 1506 594 3 282 928 4 4 1883 4 5132 4 170320 8 4015 7 26741 4 202 4 4 4 8 482396 202 3995 5
164751 78180 59 1252 3 282 773 4015 154 25017 8 2279 7 3 3559 32542 992 5
17 4015 14 928 4 25017 8 2279 7 1506 18 12354 21 202 4 202 8 202 3995 5
17 2366 871 7 46 4015 154 928 8 1432 2770 154 25017 8 2279 4459 3 10900 31071 7 3 1506 5
79 1432 8 798 871 7 4015 482396 202 4 202 8 202 14 164751 78180 1506 154 928 4 25017 8 2279 16200 3995 842 4 50 12890 8 2069 10900 773 5
17 773 4015 43420 14 3 1519 628 197 538 3 3559 164751 78180 1506 4 842 9 798 4 8 170320 871 7 26741 4 202 8 3995 8 568 5132 8 1883 871 7 8 3995 4 10 4631 6 3559 1506 5
7219 4 4015 871 7 202 8 202 14 8 164751 78180 2520 842 13 4 1506 16 163 7678 3 4508 628 4 8417 164751 78180 3439 401 6 19547 10900 8958 5
6077 4 3 773 23491 842 13 4 164751 78180 1506 29 5562 22308 3 1506 5
81 46 1381 4 3 19547 2007 2059 8 34710 14 49894 27 45 8736 538 37566 7748 928 7 49894 5
17 129294 7 67 9022 2129 3581 46333 4538 29 45 1273 14 4017 55 3 30046 7 5629 31660 6 26518 22 136586 266 8 2063 1952 7 23462 5
17 1273 5373 5533 34655 37566 6 15071 3 19547 197 7 2007 32542 992 17509 8 34710 47 42 454 1597 14549 538 67610 119 71966 928 31660 5
145 67 967 27708 7 49894 763 10 64145 3 282 25 391 1046 1175 7 37566 8 325 1046 1175 7 5629 31660 5
17 542 661 13 10 4631 6 1217 47 2527 66590 10529 14 18298 3 17509 8 34710 4 3 5373 164751 78180 1506 47 25810 4624 31660 10978 17509 8 34710 4 594 4547 7736 154 928 4 25017 8 2279 16200 4 7237 3 53562 7 3 5373 17241 1217 5
7219 4 3 164751 78180 1506 10 4631 6 1506 4 253 460 347 3 89 10 3145 3 13228 773 4 7237 50 2025 23462 6 391 30392 5
17 1273 1506 543 15 271 9345 628 71 26 177 14047 14 7678 3 1812 1943 3074 7 4097 10 2411 89 5
66 71 26 220 21 9 421 270 4462 4 14513 3 2911 607 6 2093 4764 3 4508 871 14 9 1654 4097 1746 3358 5
145 5533 36 7671 1128 3 900 8 89 6 1746 9 4097 3358 14 9 16673 4508 276 13729 2489 3524 5
81 3 1379 542 794 8 3768 5533 29 45 4723 14 9409 3 19547 6358 7 3 32542 992 5
17 426 162 36 7309 15 12713 3 19547 221 7 3 4438 10746 8 4438 9419 23791 4 2589 4859 4 2854 489 8 4050 85612 538 4624 27964 5
1471 2586 14 426 542 36 26 3 231 7 23590 12586 33484 35 219790 33 14 17241 4097 2106 1943 3074 5
112133 31 837 9419 511151 32542 2642 35 33 47 31 424 14 40 3254 23462 8 8355 746 4653 5
527 4 3 17509 8 34710 7 219790 31 14027 4 47 10 90 745 142 2498 23 2106 3 83538 773 5
37566 71 26 225392 19 219790 14 12713 19547 2007 17509 8 34710 4 9834 3096 50 1308 773 5
37566 71 59 26 34655 14 12713 3 221 7 4438 9419 23791 14 219790 6 1300 9 1760 148 3 83538 8 23462 1952 5