145 1381 6274 9 601 7 21025 9 23095 2516 284 14 9407 6708 24 22565 3 2516 284 4538 10 7732 1442 5
17 601 34427 81743 4780 27300 8 15060 35 33 4939 24 181 55709 1063 35 34089 33 10 274 8 11032 3 9407 6708 2505 25 216762 4068 6 3434 3 13273 7 589 3 168986 2516 284 19 50 2505 1084 5
17 284 16 1148 538 1668 31580 13608 274 15 76930 25148 22565 3 1148 10 1396 2869 47 624 19 4898 176834 2417 5
473 3 185 7 46 284 4 23 16 2538 14 216762 4068 6 8744 6 3 3340 2042 4102 7 9407 6708 5
332 3 921 7 3 3377 543 2516 284 16 9 2505 1084 4 23 29 9 1396 2869 47 4286 3 9407 6708 954 4902 25 1478 8 3498 14 9407 6708 25 216762 4068 8 31 1867 10 55069 6170 47 31 153 7545 10 9 59758 5536 5
79 2505 5318 36 26 488 6 231 9 1396 3236 6 1753 84 954 49 6 4219 1806 954 496 3 1396 5536 5
283386 4068 51 26 488 6 2707 2119 2106 2370 628 4 322920 628 4 2215 7784 2334 4 45567 628 4 8 586 76 3 447 5
435 216762 4068 1332 9407 3490 4 3 447 36 132 42101 6 3 1396 1084 8 132 9407 6708 5
283386 4068 86 153 132 3 380 6708 421 14 3 2119 543 15 3 6708 210 4209 24 3 3377 543 9407 6708 2516 284 5
273 46 542 4 38 27 3467 577 5418 6781 1222 826 163 89127 25 9 1845 688 4 2236 40 115863 4 7875 4 119989 103 17913 4 4801 4 8 3953 2059 8 153 231 192 628 6 3030 9407 6708 19 189 3 2516 284 8 9 11993 49165 5
435 9901 3 665 4 38 170 13 3 2516 284 16 3254 8 48 5050 58 746 49165 5
115877 81743 6708 16 1001 9 84 4102 14 98316 10 3431 5
3431 2106 511 7 1059 16 418 19 16639 2295 430 2106 216762 1385 6 3434 9 2029 1506 14 14722 6708 10 3431 125 181 55709 1063 29 277 2203 9 1506 226 5
364 7 3 1446 7 181 55709 1063 16 6 185 70 216762 4068 6 581 272 1277 9407 361 6 40 826 5
81 678 6 2769 3 733 7 43786 796 8 21717 7 416 1252 24 320 8 108703 320 6 2945 3639 10 9 3665 2571 1566 4 3 5358 8 7254 7 9 18139 14722 361 650 16 666 5
74900 9 18139 650 51 4047 9 48 4547 665 5
17 279 7 64869 7 181 55709 1063 1435 3322 3 380 1185 7 3 17977 4780 27300 8 15060 35 33 15 375 17193 4 1095 35 26096 323 114267 4 1095 33 5
9286 7 179 689 1959 5
158 31 9407 3490 4 9407 6708 4 9407 4653 4 8 9407 3726 8 8557 5
145 601 16 464 6 1088 55 4 1407 8 181932 3 9407 6708 19 3 6928 7 9 3377 543 2516 284 13 1708 2516 2505 8 33334 6708 35 4 33 5
17977 6708 144 34 26 7122 19 3 1510 6790 25243 784 6708 4 47 71 26 4939 21 32 3346 49 9 7687 7 1654 9452 49 636 1443 13 71 26 351 361 7 35 1604 4 744 33 5
17977 6708 9965 6 3 2119 2106 14722 912 8 544 13 216762 4068 71 26 230 6 2705 4 543 15 4393 8 30209 3490 628 5
31879 1443 31 4788 1586 13 3916 421 363 8 16 110 3677 6 9 2726 7 565 30951 35 17240 323 1072 4 1095 33 5
622 2516 284 16 9 1416 447 13 4286 3 9962 2505 7 57 49 48 746 1149 5
31879 284 71 2565 143 3 4774 16 1049 5
17 3351 7 544 71 26 5169 19 2516 1443 16 2383 5
622 2516 284 29 3 1175 6 22620 3 5077 8 4485 25 2489 746 1149 4 8 581 4321 421 363 4284 6 746 1149 5
54522 2516 284 718 10 3 857 7 9407 6708 29 3 785 6 474 3 3961 7 216762 4068 3606 2822 5
46964 17 3644 7 46 601 16 6 13014 9 168986 2516 284 14 14722 6708 8 6 8612 289 3 9168 284 86 4530 304376 1832 6 132 14722 6708 3254 8 48 5050 5
17977 4780 27300 15060 35 33 1498 9407 6708 4141 4 9 49165 51 2705 8 4336 3 2119 47 6154 32 15778 4 552 4 49 785 7 1572 90 843 7 14722 667 13 98316 144 3156 5
1655 3 628 3723 10 3 767 1092 4 9407 3490 4 98316 51 10563 8 12262 3 628 8 3817 13752 3936 8 1435 624 55 19 3206 9407 6708 5
79 9407 6708 16 523 25 9 784 6708 47 86 26 4939 21 9 1222 49 90 2125 7 35576 4576 7 9 1654 8982 13 71 26 1804 5
79 9407 6708 51 337 65 2119 2106 1070 893 5
79 784 6708 340 34 337 21 241 21 3 1222 1215 8051 5
999 15826 3 628 2816 25 14722 3490 8 252 55 19 3 4007 9407 6708 35 34457 33 6274 98316 19 9 152 6 197 7025 8 23232 1446 4 13896 10104 14583 4 8 5479 3070 10 7759 138 230 1446 5
79 9407 6708 4286 108 346 5937 5
158 31 565 35 13752 4336 33 4 179348 35 2193 33 8 35 10472 10777 33 5
79 13752 4336 16 9 6612 49 1930 47 5181 3 2119 2106 1215 133 21 4 49 441 552 7 5
81 179348 4 80 164 3 899 7 3 565 5
145 2939 10 9409 289 49 34 80 144 26 4098 13 3 508 14722 4653 51 2875 185 3 2119 19 14722 1215 5
999 4229 3 179348 4 80 142 59 1811 3 1497 7 7995 3 899 8 3847 4007 23 5
81 3 1478 8 18381 5937 7 3 14722 6708 4 80 410 189 23125 8 6905 1478 8 3498 14 3 2119 5
17 1478 8 3498 6825 1038 2119 2106 45567 628 4 322920 13693 4 2215 5448 2334 8 586 5
931 628 2228 81392 3 565 8 6203 286 6 8612 8 371 9 10674 5791 5
17 3498 31 893 3 2119 21289 3066 3 98316 125 3 1478 31 59233 12642 10 3 2119 2106 244 1799 5
17 9407 6708 144 26 1745 10 87600 6170 4 47 2610 14 8 3498 5
1210 6 181 55709 1063 4 9 63819 9407 13752 404 144 26 53 249 5
16656 8 36472 5
39097 53 2119 9836 5
29997 6 57 3023 565 5
77966 53 9439 6 57 179348 5
6297 15 5314 8 5050 3490 628 5
17 9407 6708 1092 2638 1967 15 3 9463 8 6293 7 3 14722 565 5
339287 13832 2258 3 15849 7 361 22 46 967 5
17299 459 5
17977 4653 5
79 9407 4653 16 9 7608 1959 7 1945 220 6 293 19 3 14722 565 170 10 14722 6708 5
66 16 1254 6 4007 2119 2106 324436 3074 4 552 2916 4 8 1923 1215 5
66 16 617 10 46 1092 6 5339 4 342 8 5507 6943 1170 6 772 2119 2106 14722 738 5
17 9407 6708 3395 21 3 1625 10 47 3 4653 3394 421 16 115 5
3265 4653 144 26 543 15 24125 1864 4860 5
17977 4653 1038 67 6589 5
275940 8 2258 9 342 7 652 267121 9407 6708 543 15 3 13290 7 3 14722 565 5
79392 660 543 1407 10942 5
104853 230 3115 14 3 2119 5
145 144 26 3081 8 2941 8 1867 10 9 19810 8 230203 152 5
145 144 26 12354 543 15 3 2119 5
17 4653 144 26 1967 15 3 899 35 179348 33 8 144 26 1783 543 15 656 2505 8 660 5
104853 89 8 10291 7 3 4653 4 150 2362 4 566 8 80229 5
126579 14722 4653 1498 4653 650 4 98316 144 2875 2565 3 342 7 361 6 3 2119 8 12730 3 2118 652 358 5
144 59 14448 4697 2119 2106 628 8 35412 3 342 543 15 3 3883 628 21 1272 5
17299 503 5
17977 3726 8 8557 5
24296 9965 6 3 14555 8 1165 7 9 2119 2106 1799 22 9 125259 12634 19 11084 6 3 9407 6708 4 4653 8 8599 5
29756 16 3 4393 4631 7 2119 2106 498 1799 4830 2119 2106 767 14722 1799 5
283386 4068 86 384 61 3 3448 400 14 1667 16509 10 181 55709 10797 2106 168351 37998 14 18414 8 83 660 543 1543 5
17 733 7 9407 3726 8 8557 16 6 2258 3 1531 7 290 4653 8 6 384 61 289 3 13228 14722 1799 29 45 3439 24 10309 3 3467 14722 14583 5
17 1531 144 26 2236 15 9 3035 285 3 2119 16 10891 5
187 31 108 1959 10 3 650 7 14722 3726 8 8557 5
19201 1531 5
29736 8599 5
139052 8599 5
999 10309 4 23 16 230 13 80 6298 3 1510 314009 1407 1537 9 3186 17592 13 32629 33334 2822 35 4 33 5
17977 6708 17 5141 7 14722 6708 18 74 2042 10 12372 35 4 744 33 5
472 1954 340 3 1043 9407 6708 1153 88
1210 6 181 55709 1063 35 34089 33 2106 6300 4 17977 6708 16 9 216762 1832 2106 4355 8 9463 7 32 1806 14722 565 7 9 2119 47 3 304376 1832 16 1479 14 5429 35 4 33 5
7525 4 9407 6708 16 34 848 10 216762 1562 30331 5
283386 4068 1001 4145 15 784 6708 115 24 7018 21 3 346 4249 10 3 14722 3490 162 5
283386 4068 153 1746 3 14722 953 342 232 6 3 784 6708 5
1498 14722 3490 4 216762 4068 1000 4719 628 24 410 40 2334 15 9 6027 5
158 51 5439 2119 2106 45567 628 4 322920 628 4 2215 7784 2334 4 8 14849 5
145 51 3855 9 938 1058 7 4719 628 14 9 2119 5
435 3723 70 138 628 4 9 216762 1832 36 27 6 2390 9 404 10626 96 565 29 45 170 49 10455 14 3 2119 5
332 1379 4 87 6848 93 2029 23874 14 216762 1832 6 410 40 2334 5
145 2697 6 3 4440 667 297 216762 463 6 3 1292 7 2029 23874 35 28700 4 744 33 5
145 29 2868 181 55709 1063 6 3434 17977 4780 27300 15060 35 33 10 1095 35 26096 323 114267 4 1095 33 5
1249 3 14722 6708 1092 2106 689 3644 16 6 371 9 13752 4336 6 3 2119 4 92 9 14722 13752 4336 86 34 26 2118 24 3 216762 1832 4 3 2119 250 26 3876 119 6 3 1325 3417 35 196 98586 4388 33 5
17977 361 650 35 4 33 98586 4388 5
17977 361 650 35 4 33 5
17977 86003 17 231 7 3149 8 2979 506 24 14722 1149 456 65 3 1416 284 18 74 2042 460 347 9 1666 251 5
283386 4068 220 3149 6 4530 40 162 2638 10 3 508 692 53 249 5
48030 891 284 5
339287 27 220 3149 6 185 19 3 891 7 528 1058 7 628 47 16 220 14 7036 8 6291 891 5
622 946 7 46 16 3 695 9407 317 284 14 3 3606 49165 220 10 1845 2549 7 2986 4 35621 35 4 76470 4 323 461087 4 5108 33 5
157011 2376 5
66 16 1375 14 98316 6 26 2274 10 538 3149 6 9109 13012 3 14722 2770 7 15154 4 2119 2106 14722 53782 4 4703 5
187 31 117 1190 1827 22 7759 46 733 4 133 21 20250 217113 4 6818 14 3909 4 2978 83923 6818 8 41771 7337 5898 35 1604 4 115033 4 323 97777 4 3401 33 5
17977 601 5
5753 10 329 6443 31 538 3149 6 336 11245 2376 10 2319 5867 522 5
1192 49165 59 220 32836 2376 1190 6 8612 3 12890 5
158 59 220 3149 14 5050 628 2319 5
81 1095 4 1296 10 430 7 2754 27 1146 9 1416 447 47 15974 8 29528 15263 317 1272 14 9407 42211 35 4 388190 4 40900 4 323 79505 4 4540 33 5
11755 9407 361 5
17 104 7081 2673 10 3606 9407 361 16 6 231 9 897 2088 2481 2354 6 13012 49 6 26136 6363 5
81 1243 6 13 4 10 3 271 1352 4 87 42 117 1190 13 31 220 6 1015 10 932 8 928 14 3606 98316 5
78715 1443 891 5
12214 2333 31 220 10 70 514 394 8090 4 150 12045 4 5923 4 8 2280 5
3648 5
81 932 4 3149 42 110 220 6 2184 8 9652 4819 2873 5
187 42 59 1586 1190 47 185 1163 6 1445 48 52 9407 5
124277 7 14722 361 5
339287 31 2274 10 2979 14276 650 5
16906 5
339287 31 538 9672 4 1052 4 3377 1265 4 8 2979 2119 784 1564 5
514 1605 4246 5
1249 7828 4 178 4196 29 4513 10 4444 54833 3803 6 3434 9 514 5479 284 47 2228 4196 6 7381 514 2106 1543 4 7829 25 8687 4 5380 4 49 295547 496 178 5
145 33183 3 777 10 3 715 7 2199 514 10433 49 10883 5
17 6850 14 6874 4866 8 6758 35 7411 33 7 3 165 246 29 1167 9 3377 543 284 226 17 379 97389 5581 5898 10 280 4 47 18 1254 6 1297 1277 4 11036 8 5681 7 628 14 34 97 514 15300 44 59 14 509 15300 4 54795 21 166 21 2578 6 696 1222 11470 10 3 684 35 80850 4 3716 4 323 262888 4 1422 33 5
469582 4939 9407 86003 21 3 8556 10 3 857 7 746 9407 8 216762 13 29152 1897 4 33334 1407 4 601 4 1416 2505 4 8 5077 10 2979 317 1443 14 3 3644 7 2640 19547 14722 1799 8 244 35 469582 4 643 4 2544 4 323 39643 4 502 33 5
81 678 6 2875 19491 3 1497 7 34089 2106 4 9 2029 23874 16 1272 6 7265 4 3024 4 8 8612 3 7362 7 9407 361 35 118982 323 2389 4 911 33 5
17 784 7994 1589 3 647 55706 7 19769 35 97821 33 95 13 7018 86 4301 9 2119 2106 784 1215 19 18139 970 8 3847 1128 6498 5
79 2029 4 647 283386 8 17977 391824 35 33 16 110 1589 24 34089 5
36 852 216762 6 4301 19 9 18139 23874 14 14722 3490 4 14722 6708 4 9407 4653 4 8 9407 3726 8 8557 5
8 31 20036 6 290 83 5
1708 9 2029 650 6 4855 3 565 125 1252 3 2029 1043 6 4301 3 522 7 3 1506 35 4 33 5
273 14722 86003 4 36 345 9 177 533 604 5
79 2029 23874 1708 5551 628 2606 4 891 4 45679 4 8 17521 5
208 16 220 5562 24 216762 4068 8 70 14722 1443 4 528 1058 7 628 71 26 10637 8 42211 71 26 617 6 454 1297 14722 361 5
2431 388 54 186 779 113 2106 9880 4 28 1130 9 178 56 10409 174 292 1922 1560 47 16 226 181 10937 8 23935 1850 7 280 5
66 2818 178 442 98 6 5367 32 2979 244 410 14 70 181 103 64 7560 35 383933 4 280 33 5
81 3431 4 1385 7 244 29 45 4711 2979 244 410 121 1515 5
94976 3 18139 14722 23874 76 2979 244 1564 36 581 48 2322 8 17272 14 1296 6 2494 3606 3524 4 9365 8599 8 1708 9 2844 7 628 14 454 2062 35 4 33 5
31879 284 81 3 261 5912 4 3 726 7 1416 1586 456 19 9 1101 10 28579 1443 5
1108 456 3665 8357 15 3149 6 293 19 628 650 22 3 1431 7 3566 5
4080 430 1589 9 168986 2516 284 226 119 10 12122 3566 5
1113 3 284 16 9312 460 90 716 85 251 4 23 16 149 3 3890 7 3 164 7 3 1450 2516 284 5
16 1589 6 185 19285 3 338 899 7 826 4206 8 1708 1282 4233 14 3 826 5
1738 1396 1084 9286 7 8807 954 8 57 4746 4008 7 3570 3136 6 21637 5792 5
17 284 18 1408 8 23 2436 13 19 9 623 1906 8593 7 954 10 9 916 7 92 153 1248 1263 16 385 6 3383 19 9 623 4093 44 1967 9962 352 133 21 21637 4206 6708 5
527 4 463 6 90 281 667 4 18 299 255 6 231 10 9 3606 1994 5
66 18 97 220 14 2854 8 928 5060 35 17240 323 128359 4 6186 33 5
66 16 54 3 1408 726 7 4 3 2516 284 718 456 6 196 9 1067 7 110 55617 5
1498 3134 4 1296 456 601 7732 1442 5
165 246 4 821 4 21 166 21 117 378 10 573 4 456 5224 10 3 352 7 7732 1442 8 2516 1443 8 154 192 89 4 117 2516 284 3648 456 6 4909 5
17 3644 7 7732 1442 16 6 15039 3 2673 7 3149 6 34 97 539 28579 11129 44 59 6 12124 2505 8 3475 6298 3 21717 7 3149 5
17 346 601 352 14 7732 1442 1038 1375 2030 5447 4 5167 5447 4 168986 284 8 8783 1443 5
17 726 586 7 3 2516 284 86 26 3868 76 218 4736 35 4 3952 33 53 249 5
218986 35 2543 6 8256 33 81 17126 4 11120 61149 962 3 61149 17112 5
81 12372 4 3 1043 7732 1442 2273 3 74 89 10 9 648 22 20338 1885 5
81 11638 4 13213 2820 4 26592 8539 4 8 2895 30572 1146 9 903 23179 325418 5
81 11725 4 3 2030 123767 2030 18 1146 24 311 8290 22 17940 5
33960 35 33 81 9749 9 205 22 4080 430 1146 4 32 2516 284 220 6 2705 4000 5092 4122 9963 5
81 9749 4 845 9 601 3136 6 22190 2757 5
81 10031 4 17940 531 4 9 4462 14 8524 110278 5
2971 35 33 81 7155 4 4080 430 1589 5
81 7155 4 4080 430 1589 109258 5
81 7155 4 219703 18 1589 10 721 5
81 7487 4 76479 1589 9 6684 14 2505 8593 5
81 7780 4 169516 269 55 19 3 1043 2505 3685 5
81 7458 4 11096 13761 430 20007 19 53587 6 1800 32 2516 284 226 47 16 220 14 3 21365 7 451700 3149 5
81 5282 4 1136 4939 3 31660 10 30 16490 18502 5
9933 35 33 81 5108 4 307 291 456 1423 123767 4081 5
81 6186 4 821 456 3 10163 14333 12214 5898 9492 538 219703 5
81 6559 4 323059 531 270494 35 25149 10986 5531 33 14 726 8 5932 7 2505 1443 15 123767 4081 5
81 4973 4 70830 1273 3 2516 284 543 15 133951 3673 5
62831 35 54 3728 33 435 3728 4 2516 1443 31 220 10 117 523 692 5
1210 6 17240 8 1072 35 1095 33 4 3 6300 7 32 2516 284 16 53 622 2516 284 16 32 7392 52081 421 4462 13 2527 189 4008 8 187739 6 4855 841 421 544 543 15 2505 3564 25 32 288565 622 2516 284 16 9 1586 447 47 2939 12538 3 544 19 245839 2506 8 16 191244 4 8243 8 6633 5
66 1809 19 746 1149 9962 2505 125 1691 15041 7 143 23 7318 3 4774 8 16 6633 95 13 23 71 2093 1753 49 4219 50 1806 2505 35 17240 323 1072 4 1095 33 5
31879 284 16 9 4386 7 3677 7732 1442 1589 10 12122 1054 5
17 5131 468 32 2516 284 16 6008 12699 3 5077 25 746 6 1416 5
31879 1443 86 1015 196986 6 3030 333 1016 7 5726 3 1149 2903 5
364 7 3 5060 7 2516 1443 16 6 132 2516 2106 2505 8 791 48 1940 558 35 63784 302731 323 58173 4 1278 33 5
110794 25 746 51 26 7545 10 9 5536 8 65 3 2505 16 666 4 1481 49 1190 86 2093 13977 3 2505 7545 10 3 5536 65 666 5
17 2516 284 144 26 488 6 132 67823 8 624 6 9 4774 5
4665 105 9 746 2516 4 3 2516 284 144 27 3 7453 6 2565 3 8783 13 23 2527 10 678 6 252 55 19 9 4774 35 63784 302731 8 58173 4 1278 33 5
22348 7 32 2516 284 17 2370 6358 7 32 2516 284 16739 7 179 19266 35 6794 4 3578 33 53 249 5
8979 2900 659 1392 3 628 8 3 4008 154 447 5577 5
196615 24859 659 12730 954 47 22080 10 3 1396 1084 19 850 77199 7453 5
25149 1084 79 1396 1084 19 954 10 3 508 916 53 18743 11102 912 6117 45770 11102 652 858 6117 85904 11102 652 858 6117 503 5
40044 58007 17 2424 13 1481 12248 19 3 284 5
136342 15740 17 1175 6 7381 954 220 6 1018 3 7951 5
25149 25233 15740 17 4650 11924 220 24 2505 5395 6 6585 2516 2505 76 954 5
66 59 2228 1463 4 13866 8 59393 7 954 10 3 2505 1084 5
17 726 7 12329 2516 1443 16 535 9836 15 3 1698 7 9 2505 1084 5
98586 7677 842 3 3848 6582 7 2516 1443 5937 5
25149 5395 15974 8 33426 2505 2816 25 9962 2516 153 6585 3 2516 2505 76 9 916 47 1416 2516 284 7186 8 1176 138 4902 2505 76 3 2505 1084 5
13945 2707 3 3883 4008 76 3 284 2151 3 4650 11924 8 1176 3 628 76 3 644 1084 5
5583 4 1481 128 3 522 4 4284 8 15041 25 3 284 5
33194 7 2516 1443 5937 98586 7677 5
33194 7 2516 1443 5937 5
238 80 71 1107 25 98586 7677 4 32 2516 284 41526 19 3 194 1481 137 3 4650 11924 125 22632 3 2505 23 1272 137 9 2505 3310 11924 47 16 220 24 2505 5395 5
12502 4 3 2516 284 29 67 2000 5
50448 4650 16764 53 622 2516 284 15974 628 25 3 1481 8 116063 3 194 522 543 15 192 628 5
4130 8 7039 2505 1084 53 17 346 1884 7 32 2516 284 25 9 1510 447 16 13 3 2505 16 1216 25 3 447 3154 5
25149 5395 86 1000 4 13655 49 23063 3 2038 7 3 2505 1084 21 3 2505 37169 5
25149 9339 86 26 3353 276 3 236 6 8 48424 3 2673 5
17 2505 1084 4286 3 39844 954 13 18 2816 8 4902 25 746 1149 10 9 392 565 9962 5
17 8593 7 2505 10 9 2505 1084 16 1618 10 3 508 916 5
18743 11102 912 6117 45770 11102 652 858 6117 85904 11102 652 858 6117 23380 31 10869 2096 13987 4 10 129 267 109 23 4286 3 2119 2106 45567 628 4 322920 13693 4 2215 7784 2334 4 586 4 8 5
622 652 858 9286 7 9 837 4859 10 129 284 4 47 16 35 33 5
8616 4 9 556 946 7 9 1396 250 26 825 6 3 508 53 18743 11102 22756 45770 35 141827 33 5
66 16 3 2505 5318 2106 417 6 10456 3 2505 2816 25 9962 1149 6 3 2505 1084 5
17 42101 2869 16 1479 14 4231 10436 954 25 3 2505 1084 6 2780 6 9 1087 565 5
81 308 85 4 3 10981 7 414 18648 917 29 8509 23095 2516 1443 5
19791 2516 1443 27 45 1273 10 307 2505 30951 133 21 2577 1222 6708 35 6793 4 21836 4 323 95554 4 1422 33 4 9805 1222 6708 35 4 29523 4 30506 4 323 4 744 33 4 8 9407 9713 35 323 240599 4 3824 33 5
17 2673 352 7 2516 1443 17 346 2673 692 14 2516 1443 539 44 34 1574 6 3 508 35 198884 4 744 33 53 103038 4 53139 4 77231 4 11772 4 9508 4 24296 4 131115 4 70143 4 8 532 5
103038 53 6297 15 4719 628 6 3855 88899 317 5
53139 53 145669 3 426 1799 543 15 498 1799 5
77231 53 388161 3 544 543 15 498 912 5
11772 53 33382 9 6633 160493 2007 342 5
9508 53 168335 1746 19 9 392 197 7 628 5
24296 53 19201 3 125444 1446 4 410 8 6786 3 628 5
131115 53 659 492 6881 6 4007 3 12400 5
70143 53 659 9829 3 4650 3136 6 6708 49 131115 5
4866 53 243786 6573 7 1945 5
1396 543 2516 284 79 168986 2516 284 16 32 2516 284 13 4286 3 2505 7 746 1149 4 8 2464 746 2505 10 3 916 7 954 10 9 628 4250 21 92 153 1248 1263 5
17 1416 447 36 153 132 67823 6 192 954 6 3 628 10 678 6 1018 6 9 6943 4774 5
15293 543 2516 1443 27 45 25810 10 117 523 9962 692 35 198884 4 744 33 4 23 29 59 45 3677 6 784 6708 5
17 726 650 7 32 2516 284 17 346 16200 7 1572 32 2516 284 9286 3 508 53 249 5
104853 3 565 352 5
364 7 3 2000 7 32 2516 284 16 13 23 16 1254 6 4855 667 7 9 2190 352 5
12502 74 1092 7 1572 32 2516 284 16 6 3434 3 565 352 8 1128 3 6269 6 9 653 114 3 284 16 3682 6 3383 8 1708 4203 773 154 447 5577 5
35810 7 3 2505 5
31879 4478 1871 4623 3 2505 25 2516 14 9 2190 565 9962 10 678 6 132 42101 8 1866 5
145 16 477 617 24 3723 628 25 254010 49 14378 307 9962 1149 5
3 2505 5287 916 5
435 6625 8 9974 2516 2505 4 2505 5395 383 384 9 5018 6 6585 3 2816 2505 76 9 916 47 3 1416 2516 284 7186 5
17 346 3497 6 3001 2516 2505 10 2516 1443 31 168986 284 4 5483 543 284 4 51423 2642 4 32542 2642 8 161523 8783 5
39937 7 2912 5
134 236 6 2401 9 2912 35 1219 284 33 14 47 3 2516 284 36 26 699 5
39937 7 2030 5
134 236 6 2258 47 5979 2030 13 80 256 6 231 5
39937 7 3 42101 2869 5
81 678 6 958 1224 589 9 2505 1084 4 80 27 6 5339 32 42101 2869 232 6 129 421 19 11084 6 3 2505 5287 5
33935 7 2505 1084 5
435 3 6362 7 9974 8 15826 2516 2505 4 2505 5395 36 231 3 2505 3310 11924 6 1088 3 2505 1084 24 12390 2516 2505 76 9 916 47 1416 2516 284 7186 8 24457 329 537 4650 29132 6 3 284 6 960 92 3 2505 1084 16 418 21 23 16 1254 5
5898 1665 5
435 3 6362 7 3 2516 284 4 80 236 6 8612 3 284 2106 24902 19 521 131 745 8 8743 3 2505 1084 92 3 522 31 26381 5
6344 7 3377 726 659 5883 3 9022 10777 7 160247 118535 4 23 16 7141 6 1445 9 312 586 7 3377 726 95 300 5
1249 46 601 16 543 15 1668 2106 3531 5
38 36 97 1101 15 1668 2106 3377 726 586 35 196 20498 4388 33 5
20498 4388 5
64872 3 586 7 1668 2106 3377 726 3531 5
16773 3954 141802 72777 4164 9524 19529 58007 35 30425 33 18214 4 6633 4 97 1712 22 3 89 65865 525 7 3 3377 10764 4 6570 6696 4 799 653 3495 1668 1052 37354 69658 65865 976 9 3377 10764 16561 9 50902 14 59758 19510 8 47298 14 3 665 3495 23120 23211 34757 35 62968 33 614 3644 11737 22 242806 4 9751 27129 3323 1422 62968 94766 294066 67280 11472 15 18229 4 7447 59823 4 353195 744 160247 9190 52570 2693 359 160247 167866 370658 5811 25243 5979 274 160247 5347 160247 18 9 938 1092 10 1531 65 1668 74 531 23 119 10 744 5
66 34 97 1252 4654 19 9 2015 84 192623 1725 3323 2912 44 59 873 6 132 3 5440 2106 791 6 26 825 14 1572 9 294066 4 5811 25243 3909 916 447 8 9 62525 59823 543 3377 726 5
1668 873 6 5763 189 115375 8 59823 24 17241 3 67280 21 9 507 7 10764 487 532 6034 5
3194 532 4063 50 209 164 356 4360 4 5998 34315 59823 65 1272 8 5998 15229 3023 487 993 133 21 8029 7978 19 9 12510 10764 487 715 22873 10570 5
81 1851 4 9 16 1122 9 16743 34088 9419 5
160247 118535 160247 118535 6684 16 9 5195 3377 2673 6684 1146 24 1668 5
622 160247 118535 2673 16 9935 7 108 2370 19266 53 1506 4 1069 8 10768 5
17 1506 16 3 2669 317 7 3 2673 5
66 4286 3 6034 13 3250 3 521 131 6034 8 16 477 3797 6 9 5536 5
17 1069 16 3 5287 9419 35 4650 11924 33 7 3 2673 5
81 160247 118535 4 3 1069 16 9935 7 59823 10570 5
17 10768 4286 3 224 8783 7 3 2673 5
66 5360 148 3 1069 8 3 1506 6 532 3 5577 7 3 2673 5
17 4938 7 3 1510 160247 5
17 468 3 1279 7787 13 6866 684 356 4360 477 522 10 528 1058 7 628 110 4566 148 3 10764 8 3 3023 5
66 86 2093 1018 1116 7 160783 10 117 521 131 2333 8 23 16 1254 95 13 23 8457 119 8 6242 19 290 3377 4360 8 3979 10 2063 5271 49 23095 2333 5
8816 247 4165 145 16 3 7787 6 422 10764 487 715 22873 6 26 10 23415 19 3 3023 487 1945 5
145 7787 477 1487 4093 8 3979 572 6 156519 667 133 21 65 90 7 3 715 18102 227 9575 12730 5
14897 336 89 532 14478 7 10764 3466 16 535 9 76930 28609 2106 8230 5
9226 532 72 59823 23211 3466 18094 21 792 21 59823 5
11268 3 4209 59823 340 34 6531 19 3377 1639 49 159 206 1653 7 66909 5
17 1207 176 16 13 23 12244 10774 8 1812 7334 2770 4 3847 363 23 572 92 34 2784 6 475 19 10074 75748 10570 5
36905 1065 7 8960 7 956 17 3323 468 4102 754 23 537 6 1687 59823 25 3 2673 3323 5
145 18 554 6 26 3 152 6 1687 8783 8 5287 4 658 4 10 1851 19 46 3323 468 1506 4 4654 31 3544 6 3358 40 5287 3323 19 8783 3323 5
353195 17 6358 7 3377 916 543 1746 16 34 1254 19 1513 960 10 1475 5
66 16 4120 24496 19 11356 1665 5
21809 7 160247 118535
160247 118535 1708 9 146 333 8960 7 956 24 10309 3 118535 35 33 6358 5
118535 6358 16 34 9 84 4102 5
66 4464 119 6 7458 25 3 508214 864 22 25325 145516 5
917 2333 11032 307 523 3531 8 477 6797 76 9 197 7 34525 47 9013 6 118535 6358 6661 5
118535 6684 18 1148 21 9 507 7 1216 5937 4 24 9375 32 11924 49 1148 15 32 13488 1084 1427 5
12502 9 28609 16 488 6 2093 2323 3 22853 284 4 3 1069 2869 4 49 120 6684 5937 5
160247 118535 18 1254 19 11356 960 10 1475 5
473 23 4 80 71 107 2390 2279 10570 14 290 7 3 10768 8 652 10 3 2673 5
9831 129 447 48 204761 5
631 3 1088 10 59823 47800 1657 386386 21106 3354 4 3 6684 9751 23668 6 2390 1906 59823 10570 14 67280 5937 8 2217 3 67280 19 66909 5
160247 118535 3678 112 34 3576 120 628 4 3475 23 2228 286 6 1176 3 18229 8 14391 3 1952 7 129 2673 5
473 3 160247 118535 4 23 626 1369 14 23668 6 1000 12454 70930 5
273 946 4 80 42 220 6 196 36967 70930 133 21 88 323 323 5
355 538 3 12454 40213 4 80 250 27 5
187 31 117 1212 7 538 9 12454 40213 5
1532 4 80 71 5763 3 2911 1056 4 32036 8 6294 25 3 173 4 3847 363 129 2673 48 1955 5
3668 4 3 12454 40213 16 48 1046 2869 3641 5
6449 4 1481 31 48 338 6 2080 23 5
1668 2106 76930 25148 1708 9 8342 4 797 7663 7 5937 8 2089 13 71 26 220 10 3 864 6 1176 189 726 768 8 89 8 474 7175 5
1249 160247 118535 16 543 15 76930 25148 5347 4 80 31 488 6 19491 3 3844 197 7 65192 4 5937 8 2089 5
160247 118535 16 1254 19 3 84 2000 7 76930 5347 7693 10 1475 5
12502 4 23 1131 177 166 19 192 84 2000 5
17 104 533 308 2419 10 3 19260 7 76930 2030 16 3 14115 7 19389 21542 173391 35 558957 33 558957 5133 23668 117 768 10 2172 12251 6 4685 19 3 1884 148 5811 25243 5979 2030 8 101035 5536 5
68132 25243 5979 17 5141 7 5811 25243 5979 16 6 231 1416 6034 6 13014 32 34088 7 521 131 6034 5
622 5811 29 2763 8 5018 100 105 3 6034 10 3 521 131 5
68132 25243 5979 16 9 8927 5018 13 35023 3 3465 7 7034 1586 2367 5
1526 2367 31 1967 15 2190 565 692 5
40692 3001 600 7 1547 6034 5
273 946 4 14895 8 26531 9317 6 32732 1427 4 141 377 43 31 523 10 4591 4 4418 4 1646 4 8 28024 5
79 1427 45453 3 614 6170 7 50 6034 109 3 2763 8 1945 558 6 32 5811 5524 15 50 1427 5
364 7 3 346 1497 7 2184 1190 19 32 5811 25243 1217 16 23 2228 286 6 28969 3 3323 13 80 1073 4 47 51 1176 23668 9 515 7 89 14 135252 3 8667 21 166 21 3934 89 10 5714 3 447 5
53298 4538 14 5811 25243 5979 1038 628 34088 4 120249 4 195512 4 264126 4 8 14181 5
1203 346 5979 7693 298 31 5811 25243 5979 7693 5
62000 6 3298 5527 2030 3298 5527 53298 2030 4 1589 24 1668 18 1254 4108 14 3 76930 2912 5
3298 5527 29 3 5401 10 3298 4 8 17177 5
95314 3 282 2000 7 290 8 1463 84 2000 7 50 209 5
3298 5527 16 32 715 2434 4 5811 25243 4 6372 5979 2030 14 47 3 1190 31 1146 538 32 5775 726 1566 35 98130 33 5
17 23668 71 1000 4 336 4 960 8 156519 3298 5527 1190 21008 496 3 98130 47 5133 9 515 7 7098 89 8 474 3 7175 7 23668 5
17 650 7 2172 1190 3665 538 32 98130 16 3876 6 21 20780 26010 2971 35 141930 33 5
76930 25148 8 3 1029 2030 150945 17 76930 25148 16 3 2669 7 76930 5
145 6684 7162 8 53079 2333 4 4286 9 1427 4926 35 25148 6722 7537 33 4 41321 313 8 1708 117 83 5979 5615 5
17 1056 7 3 76930 25148 31 170 10 3 9524 19389 173219 35 106134 33 4 47 1038 317 3136 6 3 4250 7 6034 8 83 317 5
1668 29 4406 106134 14 63919 6 35 3 402 12214 13993 1063 33 5
145 2228 3 1216 1586 291 6 1000 3 76930 25148 14 83 7176 5
17 1029 2030 150945 35 274119 33 16 184 885 176 7 3 76930 25148 5
66 53079 3298 5527 10570 5
22694 31 7802 76 2953 2190 6881 10 67 1959 5
1532 4 3 447 16 7802 76 1668 25961 19389 35 153104 33 5
153104 15103 6881 14 3 274119 5
435 13 4 184 96835 10 3 274119 39166 3 153104 76 2953 3323 4 2172 9 837 2673 5
17 1809 14 46 67 1092 22296 1488 31 51918 297 1219 1443 4 31400 297 7693 8 5577 891 2000 133 21 2900 891 8 313 5
208 3 76930 25148 16 4514 15 9 2912 4 13 2912 71 336 120 277163 1190 5
17 1175 6 336 15 523 2912 16 424 21 2912 2744 5
10927 1465 480 71 26 220 15 184 2953 276 13652 5
76930 25148 59 1708 9 2419 47 7928 9 272 653 7 2030 31400 5
22694 1465 10 523 7693 31 70 7802 6 153104 5
153104 2228 3 277163 25148 6 26 2030 1216 121 153104 16 34 2195 6 9 1654 5979 2030 5
3701 2030 13 71 26 7802 76 153104 16 226 9 76930 21106 2030 5
76930 25148 59 1708 307 29923 3597 47 71 26 10644 24 120 76930 2030 5
100678 25148 1210 6 1668 4 100678 25148 16 34 2161 6 26 9 3780 7 498 628 909 3531 5
1858 4 23 16 32 21443 6 4 995 4654 9 333 1217 6 15206 628 5
30880 4654 6 162 19 25147 1506 4 8 3475 4552 4654 6 293 19 628 21 6034 8 2763 4 47 16 3 2370 4102 7 5811 25243 5979 5
160247 118535 6684 340 34 8916 49 8114 3 4309 80 13597 129 9962 1506 5
2569 80 31 1538 32 492 13 104 7 3 4654 51 453 10 104 5811 74907 5979 5
17 5811 101035 173186 32421 4 23 16 9184 7302 80 31 464 6 231 3 101035 5536 21 3 4250 2104 65 2184 19 32 228078 5979 2030 133 21 3 57 80 31 538 3298 5527 5
187 6848 117 4309 14 2673 17241 4 290 29 9 523 1101 5
17 508 4995 90 7 3 6599 8 40 1101 5
67340 35 100678 46788 15060 33 53 20773 19 14431 4 23 16 9 152 6 3001 11580 3898 7 6034 10 678 6 1000 9 5536 5
100637 35 18579 84630 19389 33 53 79 2029 17241 2030 47 16 220 6 4301 6034 5
35 5811 101035 67598 33 53 41403 14 15987 228078 5979 8 101035 14431 5
35 7337 31022 151670 33 53 79 45268 8593 7 3 3154 7 628 148 6589 8 1443 5
187 31 83 729 10 3 7809 47 1708 825 108506 6 100678 25148 4 133 21 3 508 53 249 5
53 145 16 32 526 1351 864 47 18 146678 25 280602 17924 14 17177 14 3 76930 25148 5
66 2228 52962 6762 76930 45646 6 8 25 9 116399 101035 5536 5
53 622 526 1351 2673 6684 47 16 543 15 147706 8034 6684 5
17 14899 7 192 729 661 13 87 16 9 236 14 9 206 67340 2673 5
17 100678 25148 35 76566 33 16 32 5811 7652 9419 13 1038 15987 35 33 4462 6 2323 32 5811 29540 45546 14 3 1510 101035 5536 185455 5
17 1780 7 9 7652 9419 31 6 9 13228 197 7 5811 9584 10 2900 671 19 9 8593 7 40 9557 8 488 6 1176 3 305892 893 6 6034 8 6 40 955 2770 6 10255 8 11107 7 9 101035 5536 5
17 100678 25148 16 9 197 7 1668 3531 47 2939 3189 10 3 904 148 5811 25243 5979 1506 8 101035 14431 5
145 16 7081 424 21 173186 32421 5
66 6848 463 6 3 644 3 15987 8 1698 7 3597 340 34 868 19 3 1698 7 101035 6034 5
20582 220 6 27 6 2390 938 3318 7 10570 100 6 13597 3 628 6 3 5536 4 19 3 185 7 100678 25148 109 4654 71 1176 9 515 7 89 8 900 8 1101 3 1164 15 1572 3 2669 4859 7 3 447 5
310691 1396 2869 17 346 176 7 32 2516 284 16 3 1396 2869 5
187 21072 117 526 1351 8 1283 1396 5331 558 6 231 5
273 46 601 4 38 27 3112 6 231 3 1396 2869 13 624 19 329 7579 7 76930 6684 5347 86351 5
38 220 3 1396 2869 7453 3345 496 4898 176834 2417 525 7 9 30331 4 8 6966 23 6 1333 21 3 689 42101 2869 14 3 14722 6708 2516 284 5
4898 176834 2417 35 310691 33 13 269 19 76930 25148 5347 86351 1038 9 481 8 1509 1396 2869 4 1749 3 176834 5440 6 39211 6797 3 2673 2106 224 954 25 3 176834 90564 5
14441 8509 23668 6 3001 8 5507 3 224 3212 7 3 2673 76 9 197 7 100572 1263 4 47 71 26 3511 22 150945 35 12091 4 502 33 5
3194 1396 16 9935 7 108 1687 1172 53 249 5
622 208 15327 404 47 2696 9 326529 871 5
79 1301 404 13 16 5913 92 3 92 1215 2696 1359 5
622 15486 1248 404 47 16 5913 65 3 92 1215 2696 2915 5
43530 4 192 108 1172 916 32 92 153 1248 13014 13 1131 105 3298 5527 2106 92 153 1248 404 5
79 1396 16 5913 24 12752 3 1215 8 153 18976 57 7 3 1945 4808 15 3 665 25 3 1215 5
3194 652 86 3576 57 49 48 3298 5527 1263 13 31 5913 10 9149 5
1498 3 1396 197 5577 4 290 1396 16 1679 4 8 3 3206 1945 2828 5
187 31 307 1225 13 80 71 532 3 9149 10 47 3 954 10 9 1396 197 31 12354 5
17 4768 16 13 3 954 31 1679 10 63951 678 543 15 3 1396 610 5
134 86 337 3 4768 8062 24 27396 3 3008 7 129 954 5
1526 954 19 568 3008 36 26 12354 74 4 65 189 954 29 3 216 3008 4 3 284 36 2258 3 8062 24 63951 678 7 3 1396 1726 5
17 1396 2869 29 9 2419 226 850 77199 4 96 23 770 16 13 3 284 36 5998 40354 3 954 5
66 7414 3 19210 7 290 954 5
208 9 1396 893 9 12911 13 16 26011 10 9 1215 7 9 1321 12354 1396 4 850 77199 51 645 13 1396 369 5998 5
16878 4 1668 1254 3 310691 14441 6 26 220 19 310691 1190 5
527 4 10 129 81743 77231 31879 5898 4 80 112 34 4528 6 5507 19 310691 447 109 1016 80 97 2161 6 19491 3 1396 2869 13 269 19 310691 5
273 3 3644 7 129 447 4 80 27 108 1879 14 3 231 7 46 1396 2869 5
134 236 9 152 6 275927 9 1396 197 4 95 13 80 112 34 236 6 475 23 496 9 310691 447 5
134 36 236 6 1233 61 143 6 2780 9 197 7 954 6 160247 118535 1190 5
134 36 236 3 954 6 26 7545 10 9 5536 8 6 27 9 447 47 2228 4207 2849 6 1000 49 4219 954 5
16436 4 10 9 310691 447 4 14441 31 4939 10 3 176834 31 72764 6 9 55069 3359 47 16 7802 8 626 32 10292 6570 14 3 176834 4197 5
332 3 242806 4 3 6570 16 153 1376 72764 8 12354 5
631 46 5018 16 1597 19 90 3351 7 2673 4 23 340 34 2338 129 81743 77231 31879 5898 2106 5702 5
134 112 34 256 6 8 203154 129 2673 329 89 3 954 31 5607 5
118535 6358 17 14722 6708 2516 284 29 3322 1668 2106 160247 118535 21 50 726 6684 5
160247 118535 1388 9 146 2069 8960 7 1364 58 1510 543 3377 726 6684 5
17 118535 5195 16 34 9 84 4102 109 23 18 74 6227 24 239889 10 25325 145516 119 10 7458 35 4 7458 33 5
17 4867 867 7 118535 16 6 3379 3 3014 148 3 746 2106 2699 1506 8 3 2088 1506 13 6848 10 3 1416 5
17 5043 118535 2104 16 3 57 10 47 3 4654 3045 105 43 31 1752 19680 3 521 131 5811 35 25784 4 4540 33 5
17 2981 16 4116 92 3 5440 738 6 196 3 216 1506 5606 8255 10 523 42179 25 523 32430 5
1655 1246 28333 4 38 220 3 43269 4 118535 3377 8 6 12262 3 1046 4695 14 192 341 3377 726 718 8 170 61 13 3 1046 14 3 43269 118535 3377 29 853 50 4084 6919 8 595 6 112 95 14 107 125 3 1046 14 3 43269 16 15 3 5026 11963 121 3 3330 10 911 5
17 522 31 2209 10 194896 5
6069 8 6369 5
1246 4695 665 14 118535 3377 98586 6069 5
1246 4695 665 14 118535 3377 5
1246 4695 665 14 98586 6369 5
1246 4695 665 14 5
118535 6358 16 5656 4084 298 907 10 3377 726 352 5
17 1809 2254 3 508 35 196 98586 13679 33 53 249 5
40044 11455 19 118535 2673 16 6943 14 3377 2333 5
14689 9 4650 1141 32 652 8 3 2673 893 3 628 1506 8 153 6852 32 3353 1069 6 3 4650 5
145 27647 754 118535 9 2338 14 3377 2333 80 231 298 5
917 2333 298 10556 307 523 3531 150 14431 4 59823 4 75748 4 46302 10570 4 4703 5
81 678 6 1122 3 10119 4 9 3377 2673 16 1618 2714 76 34525 49 10746 4 46 5195 13863 118535 5195 5
160247 118535 34427 9 1828 44398 7 118535 47 16 4108 1254 6 3377 2333 5
118535 6358 98586 13679 5
118535 6358 5
15060 79 1506 16 9 8593 7 1851 5
1203 284 2520 71 26 3380 45651 5
66 86 26 883 9 837 5811 49 23 86 3576 2489 6034 19 3898 297 91 5
187 31 307 104296 14 628 17241 5
17 2755 1506 16 1618 226 9299 1322 45546 35 33 121 23 4853 3 628 10 970 7 3 9010 8 3898 962 24 3 628 5
134 236 9 4102 6 131863 3001 70 9584 7 9 182 7 825 512 5
145 4102 16 226 32 9299 5
622 9299 16 449 80 256 6 1392 628 5
931 9010 27 13987 8 14141 825 6 138 170 10 3 521 131 5
79 629 1497 7 9375 129 209 9962 1506 16 13 80 86 1746 23 232 6 3 2030 8 23874 98316 31 538 10 40 1562 2822 5
145 754 23 146 2538 14 4654 6 7265 19 1519 205 5
16268 9 6943 610 14 129 9010 4 884 4 8 3898 13 754 1065 34 97 6 3 4654 44 59 1832 216762 51 399 1497 3 1519 205 8 474 3 3961 7 4440 297 70 1162 5
8431 79 1069 19489 2464 9 1506 5
14689 23 51 97 2399 1087 1172 7 3 1506 3475 23 16 2466 21 90 843 7 9 5287 13720 5
66 16 4916 6 3 1506 8 1487 3 628 25 3 1506 24 7524 19510 5
79 1069 142 59 4219 3 1506 24 2294 3 1506 90 125444 6881 5
81 3377 2333 4 3 1069 16 1618 9 59823 3359 47 250 3576 90 75748 10570 5
66 16 59 537 6 462 9 1069 10 55069 6170 49 83 6170 133 21 9 37278 49 9 27783 3359 5
32174 79 10768 3151 9 4650 6 3 284 5
66 1708 1481 19 9796 5615 19 57 49 9 3109 7 2489 2036 5
66 7121 4650 29132 8 6274 1481 19 3 3354 7 3 447 538 523 2036 5
5898 6358 17 6358 7 3 284 16 1595 10 98586 13906 5
1532 4 3 304376 4068 1000 3 9407 6708 4005 543 15 40 42211 8 4485 47 10 46 542 80 220 3 601 665 25 9 511 7 1059 7 3431 4 53684 8 4907 3 1506 7 14722 6708 35 1604 4 744 33 5
1301 2505 5395 162 19 216762 4068 6 6585 3 32908 76 1416 38636 954 24 538 9 1396 3236 19 270 5
17977 6708 2516 284 6358 98586 13906 5
17977 6708 2516 284 6358 5
2971 3648 17 9407 2516 284 16 1589 538 1668 31580 13608 274 8 16 1465 10 3298 5527 5979 2030 5
17 116399 5536 16 1668 59758 10764 274 5440 2106 3114 5
17 1318 3377 2673 16 4742 15 1668 4898 5
20498 6069 6274 3 1586 3648 220 6 1800 3 14722 6708 2516 284 5
20498 6069 5
2971 3648 5
23211 4898 23211 1095 37354 1668 59758 10764 274 5440 2106 3114 95257 152446 14 160247 118535 4 19389 3298 5527 98130 1668 31580 13608 274 71404 44123 76930 25148 5347 86351 9371 5
41381 5
37612 1506 2376 17 74 1092 7 9375 9 447 16 6 1000 9 9962 1506 5
17 5018 7 17241 38 36 26 538 16 226 9962 2434 1746 5
145 17592 2520 3 6034 6 3001 3 565 9962 5
17 9962 1506 16 3 5811 29540 47 2464 3 224 9962 7 3 1586 5
158 31 2005 6034 19 2763 8 4309 13 18465 3 14141 21 10 3 521 131 5
134 236 6 1233 61 96 129 346 9010 31 10 3 284 5
18484 4 80 36 112 95 24 4906 61 3 75123 25 5702 404 133 21 3 508 53 249 5
79 2119 36 598 98316 117 400 5
215173 36 410 3 2119 2106 2215 7784 2334 4 322920 14555 4 45567 628 25 5676 1665 4 21 166 21 14849 5
79 598 36 665 10 57 49 48 14722 6708 5
17 284 29 117 1819 5
17 1250 29 6 2707 9 18580 10 678 6 231 3 284 5
134 231 46 197 7 75123 21 129 1204 397 6 2705 3 9010 80 36 27 10 3 284 5
38 27 2888 3 346 9010 14 129 14722 6708 2516 284 10 20498 6369 5
20498 6369 5
3966 9010 5
107020 29886 322920 14555 45567 628 77231 19769 2978 9407 586 17238 960 19147 24347 7784 1913 11017 2491 80 27 129 2007 858 7 9010 4 80 236 6 4434 3 3898 297 192 6034 5
98586 19162 842 3 9962 1506 7 3 9407 6708 2516 284 5
17 9962 1506 3497 3 2669 2981 7 129 2516 284 5
17977 6708 2516 284 9962 1506 98586 19162 5
17977 6708 2516 284 9962 1506 5
17 628 1506 7301 15 96 51 26 7545 10 3 5536 5
17 5536 1746 650 1038 3 508 1959 5
134795 2137 5
1498 46 1092 4 3 5440 3294 3 5536 4650 5
20582 1811 3 3297 2505 7 628 5702 5
37354 185455 37354 185455 16 1146 5
66 16 3 6652 7 628 3212 7 3 1481 5
66 1038 15421 7 628 3351 4 3898 8 12453 5
22827 7254 7 5536 5
100678 1322 1506 35 67340 33 1136 1358 7744 2209 30 1381 4 17 9299 1322 1506 1189 9 12048 1069 7 628 22 3 647 2359 15 9559 10206 180482 10 584 4 7487 5
78 1036 13 30 100678 146890 15060 35 7744 4 7003 33 53 249 5
520877 3 48 1375 1069 13 3 521 131 9286 7 9010 8 135751 341 5
20178 90 7 3 533 51423 317 52 3 521 25306 459 5
2806 26 220 21 9 1625 14 9 12048 1069 7 628 1356 7545 10 992 4 101035 4 8 9299 197 2520 5
67340 27 45 1940 2404 24 459542 10323 8 4654 5
187 31 307 3648 558 15 3 200 298 133 21 3 13284 37346 7337 198400 5
1668 1199 10797 59 4088 18039 45546 5
37354 185455 3465 435 7019 3 1746 4141 7 3 9299 1322 1506 1746 4 80 236 6 1000 9 5536 95 13 80 31 488 6 1176 628 5
38 27 1146 9 12510 5536 10 1668 59758 10764 8 3 185455 16 1595 10 98586 11588 5
37354 185455 14 14722 6708 2516 284 98586 11588 5
37354 185455 14 14722 6708 2516 284 5
62618 3 9962 1506 81 118535 4 2990 2610 14 1506 109 23 16 9 1586 8593 7 521 131 6034 4 6589 8 954 5
79 9962 1506 15103 3 6269 8 3497 3 3959 7 3 1519 447 4 3 939 7 3 10570 31 1122 4309 1272 6 10181 3 1506 6 3 4650 11924 5
66 16 6008 9 864 73524 5
2491 80 1146 3 9962 1506 4 70 1570 694 10 46 864 51 27 9 197 7 2029 970 6 7265 6 290 83 5
37612 1506 2228 286 6 1069 3 3959 7 3 447 45651 8 23 842 143 70 192 523 970 9439 6 290 83 5
134 71 1069 3 9962 1506 21 9 25033 1427 45546 19 1583 13 842 286 3 1322 148 523 3597 35 9962 6034 33 5
66 842 189 51375 35 29 9 33 8 83538 35 16 9 33 3898 5
134 36 231 1668 2106 100678 25148 21 3 3112 718 14 1572 129 1506 5
100678 25148 16 1668 2106 4020 101035 628 891 6358 5
66 16 34 4028 32 5811 101035 17241 4462 5
100678 25148 9013 9 185455 7 32 4919 101035 5536 6 32 9299 628 1506 4 47 16 543 15 1136 1358 7744 2106 9299 1322 1506 5
187 31 108 55069 5342 10472 3 2215 35 101035 33 4 15987 8 25147 185455 7 10746 6 132 3 8586 25 3 101035 1506 6 3 9299 628 1506 5
659 25692 3 9299 628 1506 4 9299 6684 1708 9 261681 105 2030 226 100678 59758 47 2696 7386 7 9010 35 33 5
19506 4 80 86 231 558957 6 107020 6 128 3 216 522 5
38 27 1146 3 9299 628 1506 538 9299 6684 24 7470 3 2755 9962 1506 3597 25 3 5536 5
98586 27802 842 3 20071 7 3 4209 9299 6684 1506 7 14722 6708 2516 284 5
98586 34449 842 3 3297 1185 7 3 4209 9299 6684 1506 5
37612 1506 14 14722 6708 2516 284 98586 27802 5
37612 1506 14 14722 6708 2516 284 5
43034 100678 25148 1506 98586 34449 5
43034 100678 25148 1506 5
355 3 9299 1506 16 4209 24 3 9299 6684 25 3 5536 4 3 284 5998 9013 3 2763 7 3 9299 6 3 7100 4848 7 9 1870 10 3 101035 5536 5
134 71 196 3 15987 7 3 11017 9299 10 98586 37451 5
11017 9299 15987 1056 98586 37451 5
11017 9299 15987 1056 5
37354 1870 14 2505 1084 17 15293 37354 4286 9 1870 226 8 3 954 31 72764 76 55069 6170 8 7545 10 3 4848 5
17 1799 4848 1705 3 665 7 3 18550 7 3 5
81 129 447 4 80 86 19491 46 25579 8 231 23 21 129 1396 3236 8 132 231 7 50 12251 14 3934 954 6 9 5536 5
15293 12327 17 15293 12327 16 3 4650 11924 14 3 2505 5318 6 12248 19 3 2505 1084 5
66 16 9 3909 916 2673 47 14823 6 3 5536 10764 4623 3 2505 1084 5
79 2424 555 7 3 15293 11686 12327 16 1595 10 98586 44277 5
1655 3 15293 10416 5965 4 80 71 6885 129 15293 61146 25 3 5536 8 1176 120 893 115 6 3 15293 61146 5
15293 11686 1870 98586 44277 5
15293 11686 1870 5
355 9 4650 2179 3 15293 11686 12327 4 3 447 36 6885 3 15293 61146 25 3 1806 34171 5536 5998 5
17 15293 11686 12327 2228 9 4650 6 422 307 5207 7 15293 61146 8255 24 1691 3 1185 532 5
355 9 4650 23915 118 4 3 447 36 1000 9 84 15293 11686 8 8323 23 19 1185 15483 5
355 9 4650 4647 9 15293 11686 4 3 447 36 4380 3 5042 15293 11686 8 48692 23 19 9 2665 1185 221 5
15293 31814 17 954 31 2442 19 9 837 76930 2125 4 10 129 267 109 46 2125 51 535 26 9 2119 628 2125 5
134 23335 3 2125 24 17782 15 3 75588 8029 10 3 1439 15791 2124 5
1301 80 23439 6 3 114 129 17977 77231 31879 5898 2106 9962 1506 6848 8 5339 3 3359 21 6217 10 98586 60646 5
145 1092 44145 3 284 13 80 31 7623 129 954 6 3 19147 5811 10 129 9962 1506 5
3265 912 8 1945 7 329 1396 36 26 12354 111 3 2119 9299 35 196 98586 55742 33 5
15293 11686 9160 98586 55742 5
15293 11686 9160 5
15791 3394 98586 60646 5
15791 3394 5
355 80 7978 107461 14441 4 3 15293 11686 12327 842 55 21 10 98586 67442 5
15293 11686 12327 98586 67442 5
15293 11686 12327 5
145 4650 11924 16 114 3 2505 5318 49 3559 216762 4068 86 231 6 1000 4 4219 49 2821 9407 6708 954 10 3 2505 1084 5
66 1038 270 100 105 3 2000 10 31580 13608 98130 5
355 3 2505 5318 16 13866 3 1396 4 3 36 5998 240 3 2763 558 21 3 4650 3351 5
145 2419 16 1595 10 98586 67443 5
473 3 185 7 270 4 3 2505 5395 71 20904 3 954 146 3254 276 3 236 6 4249 6 3 12226 6 384 61 96 2763 31 6733 14 3 9299 4 47 4 10 129 267 4 3 19147 5
15293 11686 12327 19 270 98586 67443 5
15293 11686 12327 19 270 5
40044 58007 17 17977 77231 31879 5898 16 4742 15 32 133398 3377 10764 699 1668 4898 1095 5
13945 36 27 6 2707 40 4650 610 8 18580 10 678 6 43209 6 3 284 5
17 43209 2424 16 1595 10 98586 95475 5
240313 2424 98586 95475 5
240313 2424 5
435 4650 43209 4 28 49 82 36 196 9 5965 2261 47 3395 21 3 689 10150 14 3 1519 2673 5
17 5965 2261 4286 3 508 5
2110 53 659 198 119 6 3 139 2424 5
19147 53 659 2119 1250 459 5
2153 53 44983 14 90 4518 8090 5
145 5965 6500 36 97 26 5185 6 1819 19 41244 16420 5
81 3 2119 6445 2078 4 1481 36 196 9 858 7 70 826 10 3 284 35 98586 114022 33 5
1655 46 858 4 1481 27 3 2003 6 20904 2119 2106 2370 317 4 198 76 3 3297 2119 317 49 1374 3 284 6 3030 14722 6708 15 3 3467 2119 543 15 498 2119 628 5
19147 858 98586 114022 5
19147 858 5
17 858 16 1254 95 13 23 36 2399 183 826 147 2078 8 23 2228 1369 17309 21 166 21 15 290 4848 5
145 2228 2025 4231 14 3 1481 5
208 3 4650 1853 3 2119 2106 1841 7334 4 71 59 231 3 1046 4859 163 3 2119 5965 5
81 3 2119 1056 2078 35 98586 121573 33 4 4650 71 1069 3 1056 7 3 2119 4 150 2119 2106 598 1433 24 598 168 19 3 656 598 15 260 5
145 16 59 114 3 4650 197 2119 2106 1222 5
17 1222 2124 36 2498 3 954 220 10 9407 6708 121 90 2029 11612 14 45567 2770 31 523 14 2119 19 523 5
19147 1056 98586 121573 5
19147 1056 5
208 46 16 9 84 2119 4 4650 71 1753 9 84 598 6 3 2119 24 17782 15 3 118 11017 2662 5
659 1069 3 11017 1056 4 7978 15 3 84660 2662 7 3 598 13 63 256 6 1069 5
98586 124327 842 9 598 3856 2078 35 196 194896 5
459 1135 33 5
11017 1056 98586 124327 5
11017 1056 5
17238 960 2770 98586 146803 5
17238 960 2770 5
322920 13693 98586 120621 5
322920 13693 5
24347 7784 2334 98586 135007 5
24347 7784 2334 5
2978 9407 586 98586 148367 5
2978 9407 586 5
17977 6708 210 98586 146730 5
17977 6708 210 5
17 11017 9007 2078 16 114 9 4650 11371 49 29408 3 628 3883 154 3 14722 3490 1092 7 3 9407 361 650 109 150 5676 1665 2770 4 322920 13693 4 2215 7784 2334 4 8 6344 5
3194 4859 16 1595 10 3 508 915 5
66 59 6852 3 6708 2442 19 46 3467 598 22 3 2245 5
81 3 516 4650 11924 4 1481 71 3009 2489 628 47 31 220 24 3 284 150 1250 4 1222 4 6708 4 322920 14555 4 2215 7784 2334 4 586 8 45567 628 5
355 3 4650 23915 15 3 210 2662 10 3 598 4 3 284 36 3855 9 9407 6708 210 47 4995 3 4279 24648 14 3 14722 6708 1547 6 3 598 7 13 1654 2119 5
148528 3 2505 1084 5
25149 1084 1676 17 1351 7 3 2505 7 3 9407 6708 2516 284 16 25 3 601 665 7 511 1302 1059 601 864 4 53684 8 53894 3 15060 7 81743 77231 47 1038 2592 9407 6708 24648 4 704 14408 9407 6708 24648 8 685 856 1222 14722 6708 24648 14 2364 5
66 59 848 1004 9407 6708 24648 14 212 5
273 3 3644 7 46 542 4 38 27 4902 2592 3219 9407 6708 24648 2288 685 856 1222 9407 6708 76 3 954 8 3205 91 76 3 2505 1084 5
7525 3 284 16 488 6 19285 575 523 14722 23713 5
20498 13679 842 3 858 7 14722 6708 80 27 10 3 2505 1084 5
20498 13679 5
17977 6708 10 3 2505 1084 5
141827 62276 64029 22751 37990 22751 28552 22751 210992 22751 129839 22751 48884 67440 7 636 3810 34252 2059 637 28552 2059 637 64029 137669 37990 137669 28552 137669 301976 438897 48884 48749 10446 99288 48749 10446 90572 48749 10446 23590 536 15914 48884 46941 10446 90572 46941 10446 48884 4584 10446 48884 676 3810 10446 90572 676 3810 10446 48884 7619 10446 90572 7619 10446 48884 15263 12864 10446 90572 15263 12864 10446 48884 7875 10446 48884 16173 10446 48884 11789 10446 90572 11789 10446 48884 27136 130828 90572 27136 130828 48884 73272 130828 90572 73272 130828 137669 14 9091 323 39330 90572 48749 10446
25149 7332 134 4902 575 14722 6708 24648 25 3 601 665 7 53684 8 53894 3 15060 7 81743 77231 6 2516 284 954 538 3 15293 11686 12327 80 27 3915 10 8941 5
34540 6781 1222 17 474 10 3 221 7 826 19 5418 6781 1222 29 2868 3 379 1642 7 1059 6 539 69300 21 9 1101 352 10 3 17951 1108 590 3159 35 17951 1108 590 4 1515 33 5
17951 1108 590 16 9 197 7 244 8808 14 165 246 6 2769 72 3 74 1352 7 3 84 1666 1273 24 379 1642 7 1059 5
364 7 3 8808 10 3 590 4005 16 6 1128 3 489 7 84 745 7 194 967 29006 1222 5
1471 57 16 6 1128 3 9382 489 1547 6 5418 6781 1222 5
34540 6781 1222 16 4939 21 9 284833 43037 489 35 195559 33 11102 1054 86093 7 636 3076 352 14 190 35 49527 12283 32330 4 744 33 5
17 16316 489 7 5418 6781 1222 10 178 16 11543 202 8 29 343 3 578 2106 3502 557 899 7 365 8 23 18 1221 3 470 7 244 361 14 194 967 29006 1222 51 470 178 56 50198 174 24 590 35 34490 4 47153 4 275109 4 323 7277 4 359 33 5
81 165 6379 4 3 221 7 194 967 29006 1222 29 3996 10 3 271 1352 5
81 3431 4 5418 6781 1222 29 45 3 3144 557 899 7 365 121 2773 5
3431 2106 389 244 833 7042 52 105404 202 7 50 887 934 14 17913 1363 35 18409 12283 32330 4 502 33 5
1354 14318 8 16316 7 194 967 29006 1222 31 297 3 1391 10 3 131 5
7619 536 109572 35 137669 33 14 89127 826 1210 6 72413 4 680 7998 7204 10 17913 4538 4 3 9382 489 10 3 684 14 17913 826 16 43968 272 22 180 302 202 147 64 35 72413 12283 32330 4 1422 33 5
137669 16 57 7 3 346 552 34141 7 365 14 17913 826 109 23 16 59 975 13 14722 4653 250 1297 3 1024 3115 10 17913 826 35 148300 4 1515 33 5
5898 8557 134 27 961 6 5339 69300 826 37 31 163 89127 953 21 61 960 5269 8 80 36 1101 15 3 14722 6708 7 7619 536 109572 35 137669 33 14 192 826 5
81 46 542 4 80 27 26119 577 133 826 25 9 1845 688 8 2236 290 2119 2106 115863 4 7875 4 119989 653 103 17913 8 16048 7154 19 826 3953 2059 5
17 2119 2106 628 16 2209 10 20498 5
20498 8267 5
19147 628 5
19147 99469 115863 5640 7875 119989 653 103 17913 29096 16048 10548 14586 13964 1135 6769 31957 16978 47634 8825 15844 407 55898 11431 18137 12099 30949 9525 18340 6769 50613 503 19399 15585 56293 10548 24013 704 44680 9862 16806 15905 42407 9371 26752 16395 34051 11088 14121 27150 42274 11431 16806 15585 49415 5347 26934 15585 22756 15095 28596 19588 50613 9102 19733 14200 55898 10873 25251 17789 50053 11088 24541 15520 49108 10873 16674 16681 57692 10548 9655 13964 1135 10548 21239 14710 44061 9102 8945 14828 36475 11431 11810 407 32033 9525 25323 11544 34051 10873 19182 15095 605 9102 26900 12018 52106 10548 25387 24031 49108 8825 1410 22245 49447 503 16462 16482 41216 503 22691 20568 38123 12018 25722 26042 41611 10873 24772 28265 46688 11431 20010 183 35521 12018 30603 23013 51097 10873 29804 10566 49447 11431 23973 32443 36286 11125 32344 23808 34051 9525 17745 13964 51274 503 4728 14636 48688 12018 16806 24018 1173 9102 20010 500 50037 10314 29970 28954 46688 10314 19183 16801 46688 5347 20074 23382 46085 9525 27840 11088 49736 10873 20774 27150 42407 10548 27919 15155 47634 12018 17203 30102 42274 11431 6327 20568 25029 10314 22637 13076 47789 10548 19733 183 46153 9102 14747 14200 46898 503 24541 26304 51097 10873 32344 34302 51097 7170 18078 11088 46652 12018 17203 24156 65625 10548 26481 23166 57443 12018 21121 13112 46085 10314 15099 15585 53497 503 25905 12679 29892 503 12273 23013 52930 10873 6180 24156 46833 11088 46488 25861 49243 10314 19560 13134 36715 8825 16462 16801 37906 12018 26372 20568 44061 12018 22872 16395 2131 5347 24194 708 40962 11125 7183 8792 37906 11088 21770 16622 38351 11088 22121 15585 29202 6094 14308 7259 31516 9525 20731 23382 49048 10314 20981 17789 49447 11431 22072 25861 46153 5347 20981 16395 47696 10314 27293 31913 36715 9525 1410 183 34000 9862 9655 12099 40962 9371 7288 18063 22756 9371 24150 500 45827 7923 9046 403 42323 5347 24150 13076 889 12018 30096 28265 33910 9525 34572 27462 33749 12018 23186 24031 34302 5347 19711 8963 45827 10548 19261 29029 34950 11431 21121 782 33749 11125 7183 16622 38293 8566 25180 24031 43143 12018 24150 15416 36606 11431 8945 24170 36606 9525 20774 23013 53497 10873 20010 21852 36606 5347 11810 19050 51829 10548 22991 29892 46367 12018 11309 15416 41611 11088 30096 183 25029 10548 24261 24031 40943 10873 18340 407 34810 503 25662 23013 46367 435 80 27 2816 70 826 628 4 80 9796 3 628 76 3 284 8 2828 129 14722 6708 4 8 153 80 677 3 2516 284 2106 6708 665 19 9 746 2516 2106 665 5
134 59 2236 3 89 14 189 746 2516 8 3 2516 284 2106 14722 6708 89 6 132 9 4631 5
17 6300 7 7619 536 109572 35 137669 33 14 17913 2119 16 21 3 508 53 249 5
115863 11102 18821 49 306 5
2536 5
103 17913 11102 183 5
16048 543 15 3953 2059 11102 22756 49 372 7 3953 2059 7 48 58 183 202 10 708 190 49 372 7 3953 2059 7 48 58 500 202 10 249 191 5
81 129 1396 1084 4 23 16 4902 6 3 508 67368 538 3 15293 11686 12327 53 35 11102 18821 306 33 323 323 2536 323 323 11102 183 323 323 35 35 341 33 35 459 33 11102 22756 33 323 323 35 35 341 33 35 459 33 33 5
81743 6708 665 1563 960 665 842 13 746 2516 29 4277 700 826 61 7 577 826 19 7619 536 109572 35 137669 33 125 129 2516 284 4277 179 826 19 137669 21 2209 10 20498 5
435 4959 64513 8 2898 19 1832 216762 4 80 3058 13 3 746 2516 46496 108 826 125 3 2516 284 9109 4277 70 577 826 5
12502 4 129 2516 284 16 48 5050 58 9 746 2516 5
20498 6274 3 826 4277 19 137669 9091 24 14722 6708 2516 284 8 3 49165 5
20498 9827 5
137669 14722 6708 665 5
215173 31879 284 137669 826 700 503 5640 826 577 577 20498 9276 5
19147 4277 19 137669 9091 5
31879 284 215173 20498 9670 3 89 702 15 363 14722 6708 148 129 2516 284 19 32 2548 49165 5
17 665 842 129 14722 6708 2516 284 16 3254 58 9 746 2516 5
20498 15431 5
81743 6708 89 5
215173 31879 284 77231 954 249 575 9897 6708 89 47285 2106 5061 2106
1192 16018 249 5
13166 6 3 89 2123 7 46 542 4 80 71 97 1101 15 9 837 14722 6708 14 9 1654 2119 182 4 13563 137669 14 89127 2119 5
81 3 426 80 86 5518 83 6708 21 166 5
81 46 542 4 80 4145 2311 15 2835 6696 10167 9796 7 1678 2119 628 133 21 2119 2370 628 4 45567 628 4 322920 14555 4 2215 7784 2334 4 8 586 121 3 284 16 34 3797 6 3 688 317 284 1752 5
145 522 10 3 1292 7 3961 8 14006 7 2835 5
134 1919 10 3 426 601 4 3 284 86 6143 1752 19 688 317 284 6 13977 4279 2119 628 1752 6 1128 3 19029 7 98316 10 3 3606 1994 8 3475 474 3 48450 7 3 284 5
81743 6708 954 35 9 33 16782 6 384 9 152 6 293 19 46986 628 3351 95 13 3 954 86 539 83 628 133 21 2215 7784 2334 8 14849 10 1243 45567 628 8 322920 13693 5
35 8862 33 16782 6 7673 47 954 31 10436 47 1222 48 6621 14 290 14722 6708 6300 5
273 946 4 9 14722 6708 7 7891 4 14 5269 276 89127 4 3 6708 1396 16 889 16048 11102 1173 5
2569 4 80 13012 3 16048 543 15 5269 636 2059 5
527 4 65 3 5269 31 89127 826 4 80 51 236 6 231 5269 3953 2059 6 13012 16048 1016 7 636 2059 5
145 16 34 1798 4216 10 3 601 665 7 1604 2106 542 10 744 35 1604 4 744 33 5
35 8258 33 16782 6 132 823 13 87 31 93 23363 10 6708 5
35 5547 33 16782 6 5357 9 2029 23874 10 970 7 46986 1478 8 3498 5
435 7019 3 5979 7 14722 2516 284 38 27 1148 14 46 542 4 154 2279 4141 4 38 27 170 13 3 773 7 3 284 16 34 177 2025 5
66 253 902 89 58 38 27 230 6 252 55 19 14722 6708 5
355 464 6 7322 55 3 284 14 3254 6708 773 4 38 27 170 61 13 3 689 16573 16 10 3 5536 909 17592 13 38 27 3112 5
38 170 61 13 100678 25148 15483 47 1668 531 19 31580 13608 274 86351 340 34 3030 177 166 5
38 27 1465 9 773 960 447 6 6786 503 3351 7 5536 909 5
273 290 5018 4 38 39195 111 3 5536 6 858 9 2119 2106 4394 14 57 4746 400 8 2236 3 89 23 253 14 3 447 6 12730 5
17 665 16 2888 10 20498 5
17 665 842 13 3 5052 5018 16 19 59758 100402 125 3 20229 57 16 100678 25148 15483 5
631 100678 25148 3390 117 5979 2000 4 80 383 59 1384 50 12433 7 773 492 5
38 51 5830 10 3 426 601 109 80 250 384 184 5018 6 2390 3 10570 14 3 5536 909 176 7 3 447 6 1368 3 773 492 5
20498 11735 5
37354 909 773 5
15791 7 5536 909 5018 10161 89 10 1577 59758 59758 100402 293033 558957 341 59758 100678 25148
81 46 601 4 38 27 9168 9 96712 14722 2516 284 47 4286 575 523 14722 6708 954 5
66 2228 1832 216762 6 410 3 628 3883 25 14722 3490 8 3030 14722 6708 24 12752 2119 2106 628 19 290 1396 8 55906 9 6708 210 14 290 2119 5
1655 129 5867 522 4 80 170 13 129 14722 6708 2516 284 71 185 98316 6 132 40 14722 6708 48 5050 21 166 21 1533 91 6 132 14722 6708 3254 5
249 12162 5
53 341 5
341 12162 5
53 84210 92441 42585 5
459 12162 5
53 341 5