10087 4 125993 66996 13010 35 33 27 45 4200 10 2505 8593 8 17241 7 2516 1443 5
527 4 23 16 9 1236 10 12699 25 9 1812 284 6 32 1506 5
7219 4 3 9962 2505 8 1322 1913 148 6589 29 853 10 5093 8 10119 10 2516 8 1442 1443 5
145 1381 6145 46 492 24 8669 9 3093 14324 4644 6 3929 3 1956 10 2172 421 270 2520 5
17 1273 1444 31660 71 34 97 1128 3 900 7 1444 44 59 71 2093 5507 14 2505 8593 5
66 71 371 9 10028 6 4301 70 684 44 59 21095 3 14618 650 5
622 946 7 13432 4923 9674 16 2209 6 581 34130 660 10 3 4756 7 3 14324 4644 7 125993 66996 1050 1506 1444 5
33962 665 842 13 129 9168 337179 1506 93475 58 83 4309 5
10087 4 66996 13010 35 529391 33 27 45 220 21 9 17315 4 45268 4462 14 17241 8 15826 317 5447 1443 35 6118 4 6962 33 5
527 4 23 16 841 6 342 8 1506 9 1812 284 6 9 71179 284 35 155036 33 19 529391 5
23114 539 6294 4 3898 148 39696 4 2463 7 3320 148 39696 4 31071 4 121060 8 149911 4 4 8 31 572 6 3764 35 29222 323 122811 4 280 109 85019 4 1503 4 48114 4 161211 4 323 88612 4 359 109 6118 4 6962 109 2567 4 280 33 5
17 72076 148 10119 7 2981 8 3 5188 7 3 992 1506 16 59 9 629 492 35 27255 4 136103 4 323 28875 4 2773 33 5
12502 4 21025 32 3206 992 1506 16 399 9 1236 5
966 2062 7 529391 27 45 1273 6 293 19 3 17241 8 13566 7 3 2505 543 1443 8914 35 4 4 15152 4 323 239837 4 359 109 18150 323 14472 4 6833 109 323 4 2560 33 5
273 3099 4 22190 66996 13010 35 33 8 22190 32542 66996 13010 35 33 27 45 1273 6 3001 9 22190 2505 1084 8 22190 14618 284 35 4 3401 33 5
23222 12283 3462 5
220 9 22190 14618 66996 1050 35 33 1506 6 3001 9 22190 797 168986 284 8 421 363 954 10 9 146091 650 35 23222 4 17555 4 323 24067 4 911 33 5
79 5607 22190 66996 1050 35 33 14 3 11356 17241 8 13566 7 71179 1443 35 33 18 59 1273 35 4 1515 33 5
62513 8 35 3824 33 27 220 32 14318 40056 7 66996 13010 6 7367 8466 5464 8 5714 1396 1084 6580 5
6794 4 10141 4 225428 4 8 5707 35 6833 33 4939 9 22190 15133 89 66996 1050 8 14152 2376 14 22190 954 5
151248 8 168714 35 3495 33 1273 67 523 2520 7 22190 66996 13010 35 8 107083 33 14 14618 2516 1443 5
28044 8 29087 35 3401 33 220 22190 66996 13010 6 342 2485 19348 14 9 29280 284 273786 8 115780 35 3578 33 1273 9 2505 1084 7 22190 797 954 6 650 17208 14618 5
61979 4 23907 4 8 14879 35 359 33 39 59 1273 9 48015 125993 66996 1050 35 337179 33 14 14618 10 421 363 5
7219 4 117 2062 27 2704 6 1506 3 2190 2673 9962 19 3 523 5607 66996 1050 35 153510 33 5
17 5607 66996 1050 35 153510 33 115596 133 21 160269 66996 13010 4 228078 66996 13010 35 33 4 323 15133 66996 1050 35 303745 33 31 220 10 17241 8 3 7254 7 9 6633 2484 284 35 111623 33 14 13797 8 532 544 35 323 4 590 109 401777 323 412311 4 7560 109 323 330544 4 7782 33 5
88087 74814 8 35 2076 33 1273 9 153510 6582 1217 6 270 41748 2204 650 4242 8 153 6 1000 3 153510 543 650 2520 5
79 66996 13010 543 1506 16 220 6 1445 3 37890 7 13850 8 6 7381 3 5257 773 10 1605 2614 35 323 4 2560 33 5
17 9962 1547 4249 6358 8 15987 954 31 1273 6 3929 3 1956 10 589 66996 1050 2520 35 3290 9970 62268 4 2076 33 5
32867 12283 32330 4 2209 2807 1217 6 4855 3 164 3190 565 10 66996 13010 24 538 7100 3695 5
66 16 4605 6 4336 9 2059 871 15 9 4195 232 6 3 1322 148 9 254 8 9 4195 35 32867 4 19366 4 7744 4 323 30412 4 6833 33 5
6459 4 9 2505 8593 1488 543 15 80440 78821 13010 35 33 226 35 37515 74691 7 80440 25149 33 16 1273 14 7039 2505 8593 8 42101 35 6794 4 28700 4 20928 4 5707 4 323 28700 4 7560 33 5
527 4 21025 32 3206 992 1506 14 421 363 16 9 1236 106 23 16 572 6 18774 2589 25 9 1812 284 5
8616 4 104 498 162 1547 6 5607 529391 27 1967 15 7623 14618 12251 72 797 954 4 623 58 8669 9 14324 1444 5018 10 589 529391 35 29222 323 122811 4 280 109 323 4 359 109 75309 323 4 4164 109 2567 4 280 109 67476 4 25989 4 323 50377 4 502 33 5
2330 3 271 265 85 4 307 2062 27 4605 46 17241 565 19 312 1531 35 29222 323 122811 4 280 109 323 4 359 109 7914 4 6793 4 4 323 3462 4 6833 109 514295 4 7560 109 4 4 323 23235 4 7560 33 5
17 164 3190 49 565 49 164 904 2807 31 4605 6 4855 10 589 9 66996 13010 1506 650 35 32867 12283 32330 4 6833 109 323 330544 4 7782 33 5
966 4888 4 658 4 2797 13 3 231 7 66996 13010 10 421 270 14 3 421 363 8 2516 8 7112 1443 86 26 454 2069 92 3 1506 2106 1646 8 10119 86 26 1842 5
10087 4 61979 12283 3462 5
39 9168 9 48015 337179 421 1506 14 14618 131318 276 14366 35 61979 12283 32330 4 359 33 5
145 542 3899 6 8850 9 34876 14324 152 10 21025 9 421 270 1506 7 337179 14 13432 4923 9674 5
17 8254 7 46 1381 16 4393 21 3177 5
4752 3 5385 8 6300 7 129 1273 337179 1506 4 8941 459 12966 32 31660 14 337179 1506 1444 5
8941 503 6274 32 5867 7 337179 1506 1444 14 13432 2300 9674 5
17 8557 4 2376 8 2898 7 9168 337179 2520 31 962 10 8941 500 5
5583 4 7951 43628 10 8941 708 5
622 337179 16 9 3181 29540 4623 108 3351 7 30864 53 1561 4 20085 8 32966 4 114 8393 3001 1561 4 20085 3001 34082 7 3320 2463 8 3758 3001 32966 5
3194 254 4286 9 20117 2442 19 9 2576 871 148 4568 8 57 5
3194 4195 16 2442 19 9 10312 2916 35 30394 33 871 148 4568 8 57 5
17100 52463 3001 3 3898 148 1561 5
79 48015 337179 2981 4 21 1595 10 98586 249 4 16 4939 21 9 698 35 61979 12283 32330 4 359 33 53 114 16 9 31276 197 7 1561 4 16 9 31276 197 7 32966 4 16 9 31276 197 7 4088 4 16 9 31276 197 7 39696 4 16 9 31276 197 7 34082 7 3 4088 4 16 9 31276 197 7 34082 7 3 94712 4 16 32 9796 4859 4 9 15987 25 32966 6 3829 7 1561 4 16 32 3354 4859 4 9 15987 25 32966 6 3829 7 1561 4 16 32 3320 4859 13 48692 9 521 871 148 4568 6 57 6 290 4195 4 16 32 3320 4859 4 9 15987 25 1561 6 521 2770 148 4568 8 57 4 16 32 3320 4859 4 9 15987 25 1561 6 39696 4 16 32 3320 4859 13 48692 9 521 871 148 4568 6 57 6 290 270 4 16 9 4859 13 48692 189 8515 7 270 8 1493 5
79 48015 337179 2981 98586 249 5
79 48015 337179 2981 5
3062 79 26 9 197 7 3181 52463 5
208 153 87 6848 9 3181 14382 25 254 6 4195 5
208 153 87 6848 9 3181 14382 25 4195 6 254 5
208 1356 1362 4 153 3 270 16 20 6 26 2442 19 9 521 871 5
208 1356 1362 4 153 4195 16 20 6 26 2442 19 9 521 871 205326 5
208 153 254 16 20 6 26 2442 19 12971 5
622 125993 66996 1050 19 90 1561 4623 49052 16 226 9 2824 125993 66996 1050 5
81 9 2824 125993 66996 1050 4 3 20117 10 9 254 16 3380 24 9 10921 19130 5
17 20117 871 10 9 254 16 103415 24 114 1356 1362 5
208 8 153 3 2463 7 2576 7 12971 16 5
3062 79 8 2636 26 67 2757 7 1822 5
17 270 8 1493 7 32 18029 7 3 916 31 4939 21 5
35 249 33 8 35 341 33 19 13300 8 15327 13300 35 99925 4 4 323 87250 4 4164 33 5
4181 31 4 35 249 33 35 341 33 16436 4 3320 954 10 31 1109 92 43 189 8922 9 3033 270 8515 4 1356 1362 4 8 9 3033 1493 8515 4 1356 1362 5
931 34082 31 1618 6234 232 6 767 791 49 24 9962 1149 35 10583 323 150333 4 1278 33 5
81 32 337179 1506 4 92 189 871 7 270 8 1493 31 568 58 40 8515 8 4 153 3 4195 16 8509 19 50 1493 35 30394 3082 33 4 1248 3 1322 340 34 4447 35 30394 3082 6494 33 5
17 614 24656 7 3 10312 2916 16 1595 10 446326 35 459 33 53 35 459 33 114 16 3 1493 4 16 9 8515 7 1493 4 2106 16 3 270 8 16 9 8515 7 270 5
999 3991 35685 1547 1561 8 31370 10312 2193 6 32966 4 80 71 252 55 19 9 638 337179 13 35023 337179 1506 1444 5
1210 6 3 6300 7 337179 8 98586 249 4 64943 16 3001 9 254 10 1506 4 64943 8 14634 16 3001 9 12971 14634 5
208 3082 14634 153 254 202616 16 20 6 26 2442 19 12971 352168 5
12502 4 3 2520 7 2370 2438 31 3455 1752 25 2016 3 23394 13 868 6 3 1561 7 3 1050 8 2016 3 125993 2463 148 1561 8 1561 13 868 6 3 32966 543 15 3 5
35 249 33 8 35 341 33 5
273 946 4 3 508 16 32 125993 797 1396 53 109448 53 18743 4923 19 139269 45770 139269 3359 2125 16 371736 2307 4703 35 30394 3082 9193 33 5
3062 26 9 8515 871 4 114 3082 6494 1356 6494 4 249 1362 5
3082 249 842 13 3 12971 6848 8 3082 6494 842 3 12971 340 34 4447 5
208 3 3082 249 7 254 27900 8 46219 31 69295 13 43 4083 10 32 337179 1506 4 35 64943 33 8 35 202616 33 31 4923 19 139269 8 139269 3359 2125 16 371736 2307 18003 5
66 6154 13 3 2463 7 2576 7 3 12971 4 16 1910 205326 5
208 3 2463 7 2576 7 3 12971 4923 19 139269 16 59574 8 3 8515 871 3082 249 4 153 3 1396 109448 71 26 1679 4 8 3 2463 7 2576 7 3 12971 139269 3359 2125 16 371736 2307 4703 16 10355 1910 9193 3082 54982 5
66 6154 13 3 2177 7 139269 3359 2125 16 371736 2307 4703 16 54982 5
71 581 3 43971 7 3 7039 3074 7 168986 284 5
527 4 589 32 337179 1506 14 421 363 16 9 1236 5
1145 6 2401 3320 954 13 142 1881 49 523 19 290 83 88
1145 6 1262 4165 6294 154 1506 1444 88
659 3764 192 544 4 9 3093 21243 1506 1444 31660 16 1273 5
659 5124 104 7 3320 954 8 1322 148 67 1561 10 4 867 7 1134 70 3 9708 1682 8 7138 4165 6294 154 1506 1444 16 1622 5
17 283578 7 32 21243 1506 1444 16 1595 10 98586 341 8 962 21 3177 53 9456 283578 7 32 21243 1506 98586 341 5
9456 283578 7 32 21243 1506 5
1532 7 70 4 18370 3389 2954 7 10178 16 220 6 2258 3 2362 7 9295 148 9 1808 7 1561 8 35 27255 12283 32330 4 2773 33 5
17 18370 3389 2954 7 2744 5534 10 67 4290 53 249 5
408725 53 901 23394 31 1216 10 3 1193 5
50697 53 901 23394 31 1547 10 3 1193 5
267232 2954 53 35 503 33 114 4 8 68806 3 48426 2842 4015 5
6517 16 3 676 221 7 11537 4 16 3 221 7 11537 19 10 164 11856 8 10 164 16 3 221 7 11537 19 10 164 16 3 221 7 11537 19 10 164 14305 4 68806 3 13300 13 16 10 164 11856 4 68806 3 13300 13 16 10 164 8 31 67 23394 49 2000 114 57 16 9 4848 12911 125 3 83 16 1843 12911 10 9 14673 1870 5
18365 16 528 385 4 9 632 19210 6848 148 1561 8 5
435 8116 3 48426 2842 4015 148 329 1808 7 3 1561 4 80 71 197 9 7444 14 188745 20973 114 188745 16 4939 21 3280 35 57860 7 5709 33 5
208 188745 16 287 58 4 80 6419 3 55833 53259 8 3434 9 2662 148 67 1561 5
81 1092 341 4 3 3320 1396 4102 16 3677 6 2258 3 2981 7 3 21243 5
17 270 871 148 8 31 5559 19 446326 35 249 33 10 392 628 197 5
208 3 270 16 1370 58 42346 8515 4 153 46 2662 16 203 148 9906 5
435 6457 329 1808 8 9708 733 1561 6 70 83 1561 19 270 4 80 71 4498 32 23449 992 10 21243 1506 1444 5
81 1092 459 4 80 144 2705 3 133470 8867 1322 10 3 21243 5
81 117 5771 4 23 16 572 6 3413 3 5248 7 32 133470 8867 1322 148 3 39696 8 5
12502 4 80 6786 3 1493 871 8 148 12971 8 5
17 133470 8867 1322 19 9 3181 2662 16 153 2118 543 15 47 16 3 568 1493 871 148 9 1808 7 1561 8 5
81 3 715 7 9 2720 4 50 2586 16 14027 3112 5
8616 4 9 3181 21243 2981 16 3455 5
14689 4 32 21243 2981 29 179 3351 7 1561 53 10745 1561 53 79 254 16 3 133470 12971 7 83 1561 8 93 83 1561 31 50 133470 12971 5
237067 1561 53 79 254 16 3 8867 12971 7 83 1561 8 93 83 1561 31 50 8867 12971 5
25961 1561 53 79 254 16 34 97 3 133470 12971 7 83 1561 44 59 3 8867 12971 7 83 1561 5
2365 1561 53 79 254 29 93 133470 8867 1322 5
17 1204 1561 31 220 21 9796 1561 6 1506 3 133470 39696 7 3797 1561 5
17 23449 1561 31 1479 14 9708 1204 1561 19 49668 1561 5
134 4753 13 1620 1561 27 9 1821 1951 15 3 733 254 4 3847 3 26867 27790 25 1620 1561 397 1752 6 9 380 733 254 5
349 3 83 881 4 3 49668 1561 59 397 1752 6 9 380 733 254 5
15814 4 90 133470 8867 3898 142 26 56619 92 3 2362 7 40 3898 340 34 772 9 125444 8515 5
81 83 1299 4 92 9 1493 871 148 1561 8 16 798 58 50 8515 4 32 133470 8867 1322 16 56619 5
349 3 83 881 4 9 4165 2981 16 34 805 10 529391 121 23 142 899 32 97760 5
8616 4 80 144 1262 107083 6294 4 21 1595 10 98586 459 4 154 3 1444 7 21243 10 1092 503 5
79 4165 2981 1046 31660 16 220 25 3 1204 1561 5
931 4165 6294 31 1961 24 37578 3 2662 19 8355 1493 5
208 67 49 48 3151 27 3 216 8355 1493 653 4 57 7 91 16 3112 14027 14 37578 5
17 107083 6294 35 9 33 1796 1561 35 8862 33 2431 1561 98586 459 5
17 107083 6294 35 9 33 1796 1561 35 8862 33 2431 1561 5
17299 500 4 3 10312 2916 7 9 4195 10 32 21243 71 3413 3 5248 7 32 133470 8867 1322 25 12971 6 12971 92 5
659 1415 3 3320 2463 148 3 133470 8 8867 4410 10 32 337179 4 1493 10 446326 35 341 33 16 6234 21 9 4195 148 3 133470 8 8867 11136 10 32 21243 5
22635 871 2464 3 2362 148 9 1808 7 39696 8 35 254 8 33 5
8616 4 3 30394 35 33 4859 7 290 4195 71 26 1658 5
5583 4 32 21243 1506 16 7679 5
79 3297 1444 31660 7 1273 21243 1506 16 1595 10 98586 503 5
9456 31660 7 32 21243 1506 98586 503 5
9456 31660 7 32 21243 1506 5
622 946 7 21025 21243 1506 14 13432 4923 9674 16 12859 10 46 2124 5
17 26119 9672 539 43809 13677 8 8708 13432 9672 5
766 192 9672 42 11341 25 1678 103531 1265 8 25907 24 9 1283 2517 20345 5
122492 9672 1669 25 2391 6 911 42 220 6 421 1506 1444 4 8 13432 9672 54 911 42 3322 14 3 337179 1506 8557 10 8941 10873 5
931 13432 4923 5036 86 26 26011 22 11102 2158 53 6117 5
17 13432 4923 2816 15995 7 1052 20049 35 190580 33 4 10539 4 188956 4 17219 8 3359 5
79 3297 6652 7 3 3074 7 192 13432 5610 71 26 170 10 129 767 2062 35 61979 323 23907 4 911 109 61979 4 23907 4 12090 4 323 14879 4 911 109 61979 12283 32330 4 359 109 61979 4 23907 4 323 48511 4 744 33 5
23022 42 16277 6 31710 9 2419 60401 25 3 4923 6170 47 16 1595 10 20498 249 5
20498 249 5
213271 2419 25 4923 6170 5
49366 26886 139269 115562 19 139269 47379 81276 115562 19 47379 81276 53356 115562 19 53356 139269 3359 2125 371736 4 4 411355 4 4 6530 4 4 38592 139269 1646 139269 1646 16 287 58 13549 30976 139269 3359 720 5
11292 7 34173 155792 3359 4159 17 4159 7 19242 16 11264 8 9321 22769 1441 517 8 1229 35103 517 16 1618 177 4153 8 3 1229 16 49592 6 42119 3 1481 6 336 3 19242 5
4304 2038 2125 4 4 83 4304 1646 17 1646 7 57205 287 58 2536 30976 12018 5
21243 1506 589 145 2124 14103 32 946 7 21243 1506 1444 5
17 1444 31660 4 25 98586 341 4 1708 9 34876 1217 6 1088 32 21243 1506 21 1667 53 17299 249 53 104853 5937 8 4440 2981 70797 9 197 7 23394 4 21 10 20498 249 4 19 176487 3151 148 1561 9168 25 3 100402 24 3 48426 2842 960 7 2744 5
208 3 871 15471 3082 27063 4 153 3 2662 148 1561 8 16 7993 5
17 48426 2842 960 7 2744 7 70 1561 16 1595 10 20498 341 5
79 267 7 48426 2842 960 7 2744 14 8 16 21 3177 53 249 5
490 3 408725 53 901 23394 31 1216 10 3 1193 5
53 901 23394 31 1547 10 3 1193 5
15000 3 2954 267232 20498 341 5
48426 2842 960 665 7 2744 5
435730 435730 251613 454435 499205 520026 448245 448245 28442 171722 35 1910 4 1910 1910 8 1910 1910 1910 31 70 7993 33 5
17 960 19114 7 3 12470 48426 2842 14 8 16 8 3 188745 16 5
435 8116 3 48426 2842 4015 148 8 4 80 71 4498 188745 3082 47 16 1370 58 3082 27063 5
8616 4 80 1933 3 55833 53259 8 192 67 23394 31 1216 5
12502 4 87 16 93 2662 148 8 5
17299 341 53 104853 270 2981 17 125993 270 148 23394 8 10 3 392 628 197 16 7154 24 446326 35 249 33 8 2824 10 3 2007 2981 7 992 4 21 1595 10 98586 500 5
1526 3151 14 47 270 16 287 58 42346 34082 35 3082 27063 33 31 153 56619 5
17 3979 2981 16 392 10 98586 708 5
999 9708 733 254 6 70 1561 8 17444 40 270 4 32 23449 992 2981 16 1595 10 98586 700 5
14983 2981 7 992 98586 500 5
14983 2981 7 992 5
56619 992 98586 708 5
56619 992 5
25961 992 2981 98586 700 5
25961 992 2981 5
17299 459 53 133470 8867 1322 7379 17 133470 8867 1322 148 290 1808 7 1561 16 1658 543 15 40 3320 2463 19 290 83 5
3194 3181 517 16 2118 24 6098 3 568 1493 871 148 290 1808 7 1561 5
273 946 4 87 31 67 3181 1583 148 8 17 1493 2770 8 31 7154 4 8 9 3181 517 68620 25 8 16 2118 24 5193 6 121 1493 35 33 3082 16 1370 58 1493 35 33 3082 5
17299 503 53 2981 5358 2491 70 3 133470 8867 3898 31 1658 4 3898 19 1493 3247 798 58 42346 8515 35 5853 33 31 56619 5
81 46 946 4 4 8 31 3 1204 1561 8 16 9 49668 254 5
187 31 93 1620 1561 5
1301 4 80 6143 3 49668 254 6 3 733 254 5
11227 4 87 31 93 4165 6294 10 46 946 8 23 340 34 1871 3 4165 2807 650 5
8616 4 9 3181 2981 5358 16 3455 21 1595 10 98586 704 5
81 1092 500 4 80 153 2705 3 30394 35 33 4859 7 290 4195 24 1493 19 446326 35 341 33 5
5583 4 80 12874 3 32966 76 3 992 2981 8 4498 32 21243 1506 4 21 1595 10 98586 782 5
17100 2981 98586 704 5
17100 2981 5
21243 1506 14 4923 9801 3074 98586 782 5
21243 1506 14 4923 9801 3074 5
1563 9168 21243 1506 14 13432 4923 14618 29 108 29132 4 550 1559 684 8 57 380 164 5
17 8515 2770 8 31 197 1084 15 791 8 70 3 2770 7 270 8 1493 10 3 337179 31 7154 24 5
35 249 33 8 35 341 33 47 31 1595 10 20498 459 5
17 8165 8 39406 14 290 254 31 1595 10 20498 503 59 5
17 2505 7 46 9168 21243 1506 4286 3 508 138080 53 109448 53 18743 45770 186805 53 18743 45770 82478 53 18743 45770 292110 53 18743 45770 106872 53 18743 45770 56016 53 18743 45770 137587 53 18743 45770 274436 53 18743 45770 193714 53 18743 45770 284879 53 18743 45770 20498 459 5
9207 8 1493 2770 7 138080 10 98586 782 5
43713 39272 9207 35 33 22635 35 33 7535 15483 7432 15483 4481 15483 7296 407 782 27529 403 698 15483 6417 6486 2628 1614 6417 6486 889 15483 889 15483 302 9046 15483 4937 5154 6263 20498 503 5
8165 8 39406 14 290 254 10 98586 782 5
6673 8165 35 33 39406 35 33 58508 56012 58508 56012 58508 56012 58508 56012 58508 56012 58508 56012 58508 56012 58508 56012 58508 56012 58508 56012 58508 56012 58508 56012 58508 56012 58508 56012 58508 56012 58508 56012 58508 56012 58508 56012 58508 56012 58508 56012 70797 13 32 4923 16 58458 21 1356 1362 1356 1362 114 3082 249 842 13 3 12971 6848 8 3082 6494 842 13 3 12971 340 34 4447 5
3062 26 3 7562 2752 39696 7 1561 5
17 8165 8 39406 14 290 254 31 1595 10 20498 503 5
17 138080 343 2374 65 40 9796 1561 1271 49052 5
17 30394 35 33 7410 7 290 1396 31 220 6 2258 3 2463 7 2576 7 3 12971 543 15 40 133470 39696 5
3194 1396 2527 3 3802 21323 6 7801 50 133470 39696 5
931 2164 6589 371 3 4471 2362 871 14 290 43713 5
98586 183 842 3 14618 650 7 32 21243 1506 53 149815 946 7 9 2824 21243 1506 98586 183 5
149815 946 7 9 2824 21243 1506 5
1249 3 39696 7 254 8 31 189 43807 4 254 16 3 1204 254 14 14618 5
53 10745 254 53 9 20117 16 918 25 6 5
31843 16 8509 4 106 254 6848 5
230001 53 236933 31 918 25 8 6 8 25 6 64884 8 31 8509 4 106 1561 8 4447 5
53 236933 31 918 25 6 8 25 6 17 4195 16 34 8509 4 106 340 34 4447 5
31843 8 31 8509 4 106 1561 8 4447 5
53 236933 31 918 25 6 8 25 6 31843 8 31 8509 4 106 1561 8 4447 5
53 196086 16 918 25 6 5
31843 16 8509 4 106 254 6848 5
53 236933 31 918 25 6 8 25 6 8616 4 54 14618 4 3 2463 7 2576 7 3 12971 16 4 8 23 86 26 9 2517 10 46 946 5
29756 7 9168 337179 2520 40484 667 31 297 3 104 2374 601 692 10 7732 1442 5
17 4923 100402 220 10 46 1381 18 351 25 129 767 542 35 61979 12283 32330 4 911 109 61979 12283 32330 4 744 109 61979 12283 32330 4 359 33 5
86872 10 129 100402 31 58458 10 9 60401 47 4286 183 2000 10921 21 13677 49 13432 5
39054 9801 42 3883 25 2391 6 911 4 8 3 100402 4286 93 24052 4923 9801 5
9955 2517 14272 42 220 6 3413 329 4923 2517 10 3 100402 5
931 43809 13677 8 8708 13432 9672 42 3559 8 3477 19 21243 1506 4 3472 1506 35 61979 4 23907 4 48511 4 323 18150 4 6833 33 8 83 628 4242 4309 5
17 6498 40056 16 220 21 9 1625 14 4631 4 19 773 23491 7 1359 1432 489 35 9512 33 35 149183 489 3082 35 59433 1635 78468 33 33 4 1359 2366 489 35 9512 33 35 99460 489 3082 35 65599 1635 60809 33 33 4 2915 1432 489 35 314235 489 3082 35 65599 1635 60809 33 33 8 2915 2366 489 35 395172 489 3082 35 59433 1635 78468 33 33 5
18365 1415 10556 12398 35 59433 1635 65599 33 8 3423 35 59433 1635 78468 33 14 3 10900 7 9 1432 1427 35 18365 1415 3082 341 98236 12398 98236 1635 3423 33 5
19440 1153 16 3 1247 7 3 10900 433234 14 189 3597 4 8 16 1867 21 5
57736 16 3 352 163 3 102187 35 6051 1219 15565 33 11963 35 17128 4 502 33 7154 19 35 2158 53 33 5
75250 522 19 523 628 4242 4309 133 21 202103 120540 4 2106 7117 9974 32980 35 113757 33 4 29507 3472 35 33 8 9207 60401 2953 35 187305 33 35 24067 4 10141 4 64695 4 323 4 280 33 31 1595 10 20498 500 5
202103 120540 4 113757 8 29507 3472 35 33 31 699 22 4768 9937 24 90457 72575 57951 5
187305 16 12354 19 415722 5
17 202103 120540 31660 43420 3 13300 13 9 392 2419 18 883 13432 49 13677 137 11245 110278 7 3 928 628 35 61979 12283 32330 4 744 33 5
17 2106 113757 16 220 6 10563 13677 4923 3074 76 9 49985 6709 4434 232 6 3 2000 16277 25 3 9672 5
81 3 421 3472 31660 35 33 4 3 317 1811 14 290 1026 17807 71 26 43420 137 9365 317 1811 35 61979 12283 32330 4 911 33 5
187305 9013 3 16277 83735 25 9672 76 32 9424 61638 904 8 2527 32 35 317672 33 61638 62230 1535 21 9 421 1535 6 30174 13677 8 13432 9672 5
20498 500 5
13385 7 4923 2517 100402 5
41403 59433 60809 65599 78468 57736 18365 1415 19440 1153 202103 120540 29793 8750 700 1403 113757 61854 8390 782 503 29507 3472 52681 8750 700 500 436327 187305 48473 8750 700 700 3472 71922 8708 6494 4452 21243 92368 8708 6494 2913 20498 500 842 13 742 149183 713 31 177 825 19 290 83 4 44 3 23997 58 83 2520 10 970 7 99460 489 8 314235 489 5
27 9 206 9674 489 14 13432 4923 4 125 83 628 4242 4309 27 9 798 395172 489 10 19841 13677 9672 5
81 678 6 3617 3 7453 7 9168 337179 2520 35 3472 8 21243 33 10 44732 19041 4923 9801 4 80 8563 90 84 4923 9801 6 196 92 129 9168 337179 2520 86 6075 91 5
931 84 4923 9801 42 170 54 591 911 8 43 42 34 848 10 129 928 100402 154 337179 1506 1444 5
20498 708 842 3 2279 522 7 129 1273 337179 2520 10 4631 19 83 628 4242 4309 5
20498 708 5
27311 522 7 84 4923 9801 35 3082 7947 33 5
49852 3892 113757 132114 29507 3472 187305 1655 20498 708 4 129 1273 337179 2520 240 9 333 773 58 83 628 4242 4309 10 3 9674 7 3 84 13432 4923 9801 5
931 84 4923 9801 3001 4120 523 3351 7 13432 3074 133 21 38047 1481 76 17782 9 9194 1295 40213 49 14692 5359 6773 5342 5
263736 628 2757 477 5793 544 7 1427 18503 49 19243 1427 3201 10 47 3 6200 7 3 1045 1427 24424 138 7 3 2976 6200 5
16714 1695 32165 93927 16 57 7 3 557 2235 14 2505 4089 8 628 4242 35 64695 4 4 323 4 911 33 5
17 1427 18503 565 20521 65 3 1427 7 518 16 2086 2022 5
473 133 85097 628 2757 4 12391 536044 27 5093 7678 628 19 3 2976 1427 4336 5
2397 12283 32330 4 18150 12283 3462 5
8 24067 12283 3462 5
1273 13613 6 3 303777 6 2703 3 565 7 1427 18503 19 18365 1415 4 19440 1153 8 57736 23491 35 2397 4 7744 4 323 3767 4 359 109 18150 4 7277 4 1453 4 323 4 502 109 24067 12283 32330 4 280 33 5
81 129 5907 4 3 13432 9672 31 300 16124 24 13677 9672 5
1655 20498 500 4 9 568 18365 1415 871 6154 13 3 1506 12134 333 15 1432 1427 12385 7 65599 8 78468 5
949 92 9 1506 51835 3 2366 6200 9109 4 9 1024 773 10 10900 7 3 1432 6200 36 321 6 9 799 19440 1153 871 5
81 644 4 3 19440 1153 16 1144 533 10 9365 3 20786 7 72 10104 6 3 2366 1427 8 3 2463 6 47 3 1432 1427 16 4628 5
81 2906 6 3 5093 7 7995 530 9063 10 2489 5156 102187 23070 4 3 678 7 3 57736 2770 15 3 19372 522 16 2436 6 26 3267 6 3 678 7 40 10 3 11245 1665 4 150 2106 960 5
79 568 57736 871 6154 13 9 303777 35 133 21 129 1273 33 29 9 333 19372 773 10 85097 628 197 544 5
17 42116 2858 25017 102187 23070 7 129 1273 337179 2520 4 3472 8 21243 4 31 1595 10 98586 407 5
17 522 1919 129 1217 6 538 3 85097 628 197 866 3982 5
102187 23070 7 4923 2517 9674 98586 407 5
102187 23070 7 4923 2517 9674 5
81 10028 4 3 67 3351 7 1444 27964 4 3472 8 21243 4 71 185 1481 6 1088 9 9576 337179 421 1506 5
1700 7362 14 7623 10 7732 1442 9962 16 34 19618 6 83 628 4242 4309 5
659 6786 129 1273 1444 31660 19 83 153510 2062 4 6680 31 3322 21 508 53 2778 99402 1444 53 79 8466 1092 49 5018 16 220 6 1088 9 529391 1506 5
2778 53 1554 9 1460 4 638 529391 2981 14580 88
2778 9456 900 53 30870 9 153510 25660 900 8 1714 5
2778 126081 53 1554 3 126081 916 8 4102 7 797 954 805 6 4447 10 529391 88
2778 146091 53 1554 3 146091 4102 7 1506 49 797 954 2247 14 529391 88
4036 192 6680 4 80 55741 3 4631 522 21 1595 10 20498 700 4 47 9670 3 9063 8 33192 7 129 1273 337179 1444 27964 111 83 4309 133 21 35 4 3401 33 4 35 23222 12283 32330 4 911 33 4 35 4 1515 33 4 303745 35 323 330544 4 7782 33 4 35 401777 323 412311 4 7560 33 8 529391 2807 35 32867 12283 32330 4 6833 33 5
20498 700 5
470015 4631 19 83 17241 4309 5
470015 303745 153510 99402 1444 3227 3227 3227 3227 720 3227 3227 3227 3227 3227 3227 3227 720 3227 3227 3227 9456 900 12615 12615 59524 1692 59524 59524 1692 1692 126081 720 720 3227 3227 720 720 720 720 146091 720 720 3227 720 720 720 3227 720 238 1595 10 20498 700 4 141 92 104 1806 5607 529391 71 581 8466 8593 14 17241 4 70 5607 529391 59 231 40 25033 13538 6 12042 1444 900 5
527 4 129 1273 337179 1506 1444 71 581 9 1092 24 1092 1444 31660 6 1128 3 900 8 10119 7 2520 1444 5
81 46 1381 4 80 12680 15 3142 5158 7 3 17592 6 13014 32 2516 284 49 421 270 1506 543 15 3 125993 66996 1050 5
31 9 1509 5018 14 2505 8593 10 3 9962 7 421 270 1443 8 71 26 10778 76 168986 1443 2093 5
7219 4 3 14618 2785 7 2516 1443 71 26 1842 76 9 1906 35817 3472 92 543 14618 27964 31 3677 5
527 4 21025 9 1506 14 421 363 16 9 1236 121 23 16 572 6 35 67476 12283 32330 4 502 33 5
17 3644 7 46 1181 16 690 6 8850 9 14324 1444 31660 6 3929 3 1956 10 589 421 270 2520 14 40 209 14644 2333 5
1563 1273 1444 31660 71 581 9 34876 14324 1217 6 13014 9 421 1506 38925 5
17 21243 1506 6409 3 689 3320 148 39696 8 23063 6647 8 12689 3898 5
66 34 97 71 371 9 10028 6 4301 70 684 44 59 21095 3 14618 650 5
17 7362 14 7623 10 7732 1442 9962 16 34 19618 6 3 83 628 4242 4309 5
622 9345 665 10 20498 500 14 13432 4923 9674 842 13 129 1273 21243 1506 29 206 9674 489 4 65599 489 8 1308 8958 58 83 4309 5
527 4 129 1444 27964 59 27 83 9705 5
81 678 6 1128 1444 900 4 129 1444 27964 112 34 3817 8039 53556 10 3 133470 176 49 8867 176 5
23073 6 231 337179 10 1407 142 27 3 216 26966 21 529391 4 150 164 8182 8 1292 7 14478 13538 5
134 342 6 3764 192 26966 47 12874 19 3 13538 8 884 7 43364 66996 10106 35 33 35 18150 323 14472 4 6833 109 6794 12283 32330 4 6833 33 10 3 426 5
81 1243 4 3 1444 7 32 3206 992 2981 16 9 72076 565 5
135780 7 5577 49 17635 13 142 637 90 7 317 144 27 9 1414 5
622 23631 49 5257 992 1444 7787 16 666 10 3 1444 7 1396 1084 2516 284 5
7448 4 3 133470 8867 1322 8 30394 4859 589 142 26 2069 24 34433 3 13538 7 38506 1322 5
134 36 1384 3 38506 42101 5018 6 6298 14618 31660 7 337179 1506 10 3 426 5