9207 60401 4081 35 33 27 45 3677 3639 6 1444 2505 30951 5
527 4 4 21 9 12388 1506 4 149 27 9 785 3070 904 24 17938 5373 1442 5
145 162 9670 3 773 7 1678 19372 2520 538 3 3109 7 22190 8783 4 9 2025 8 13602 4624 31660 4 8 5
79 197 7 2949 1380 18 3883 21 9 521 267 542 10 1444 891 5
17 628 42 2714 76 19361 1216 31080 14 2858 25017 5
33962 522 5441 13 3 1273 5373 7732 1442 284 29 3 282 8 104 5314 19372 8958 22 202 4 9 249006 202 3070 677 19 13 7 10 7678 864 2345 3101 35 209160 33 8599 35 11771 4 13667 4 13319 4 7120 4 11446 4 8 5461 3896 33 65 3 2345 3936 8 4141 10 47 9 2345 8887 31 424 154 864 5577 5
145 162 10260 3 3070 7453 7 5373 1442 10 48975 209160 7736 1547 6 173 2693 1380 5
9456 1380 4 24 40 2129 4 31 1695 5344 8 45228 791 25243 5
16058 21 24934 2505 144 26 10955 8 1725 3577 5
49474 1442 35 43826 33 29 3 1175 6 24457 746 42101 8 3968 791 2151 12359 19816 3648 5
49474 1442 9965 6 8116 3531 13 3383 1812 49 6698 10032 544 538 133 3648 21 49474 133951 9861 35 439493 33 8 9207 58540 33484 35 33 5
238 161185 543 2520 71 4685 19 8090 22 47 4092 24841 4 22565 32 43826 42101 1506 16 9 6695 2155 8 9 3982 2104 6 3 857 7 1444 3685 8 891 35 150364 33 5
81 3 150364 2505 9962 4 864 2345 11423 31 3558 65 363 261 2832 1866 5
1113 3 173 1031 16 39648 8 3054 19102 229 5415 4 98 270 14 1444 1380 16 1029 10 189 1572 8 1589 378 5
527 4 463 6 3 272 1643 2442 19 3 1444 386 4 864 3881 4 934 26771 4 1024 1444 1277 4 8 757 667 154 7254 4 1444 4 1219 4 8 2589 16200 71 899 864 5947 297 14119 5
966 2062 35 323 4 590 109 7744 4 274 109 7744 323 18409 4 359 109 24087 4 47153 4 323 75656 4 280 109 58618 4 2560 33 27 4964 13 32 4213 4 1783 4 8 1935 1729 1506 7 785 5947 49 1444 851 154 3 261 1330 4141 16 3456 6 864 1028 5
1192 29 1595 13 439493 8 31 1783 3648 14 12538 1444 891 35 96471 33 544 35 323 4 109 7744 323 18409 4 359 109 58618 4 2560 109 14879 323 18409 4 1422 33 5
527 4 439493 27 4166 10 7995 3 19547 6358 4 221 7 4438 10746 4 221 7 23791 10 10746 4 8 2854 489 35 58618 4 2560 33 5
9049 4 40 928 650 16 3054 30512 7821 8 89 12725 5
145 162 2532 6 1297 3 10900 8958 7 65 3677 14 1444 2345 3101 5
1504 3 19629 7 4 93 542 29 4729 8958 4091 24 58851 5373 1442 35 11771 4 9 2025 8 13602 4624 31660 35 33 8 22190 8783 35 26244 33 10 46 162 33 19 4 3 12388 1506 5
18027 4 26244 4 9 974 43826 5533 9312 24 163251 10 3 4205 4 29 45 220 10 11249 4 10554 4 8 652 532 10 10711 12072 24 4046 4 64042 4 103319 4 8 88038 35 323 4 359 33 5
80440 8783 9286 7 9 197 7 954 13 14209 9 197 7 29132 6 9 197 7 55906 5
58804 3898 31 2203 137 4333 7410 35 458636 33 148 2755 12911 2770 8 44895 4 25429 23394 220 10 448377 954 35 163251 4 8054 33 5
17 733 7 32 26244 24204 16 6 18465 3 746 42101 5
17 543 1217 1589 24 15829 4 36859 4 4 8 35 4164 33 16 424 14 50 6928 10 1749 129294 19 83 41154 6 4498 6804 2506 5
17 1325 1884 148 32 8 83 4624 6599 16 50 1175 6 16201 12067 589 4483 7 4624 1943 6 4498 206 2506 8 2475 3 391 30392 5
8616 4 6 5441 3 15487 7 10503 3 996 161185 543 4538 4 46 162 9670 19372 773 6 4764 864 2345 11423 538 21 9 4482 4 486 19 3 773 7 3 1635 1506 4 8 1635 1635 26244 1506 5
17 8254 7 46 1381 16 4393 21 3177 5
8941 341 8814 5152 43826 6854 8 3 2673 7 43826 6 4764 1444 851 8 7120 8599 5
8941 459 153 51354 3 601 17592 4 1691 9 18423 1625 14 19372 2520 3322 10 4831 4107 5
8941 503 5181 3 864 2345 5536 8 9670 1506 773 543 15 19372 4538 5
193592 31 392 10 8941 500 4 486 19 8249 14 426 601 5
17 628 4242 8 161185 543 6599 31 1547 6 1416 284 1190 13 1186 6 3764 544 37676 24 40664 746 2032 6589 5
238 43826 718 23682 3 1175 7 1416 1190 6 1332 8090 22 47 4092 816 7156 35 4 2391 33 4 43826 4538 31 3054 3677 6 4855 10900 8 19372 544 5
5753 10 1678 3186 8 3685 3547 27 616 2164 523 43826 2520 6 6298 1308 773 5
2625 2062 27 2704 6 12042 3 221 7 1444 7120 745 24 7678 338 301 13038 5
4 4 8 35 2804 33 4 37 3559 9 992 538 2476 18886 301 628 4 3439 4554 202 8958 10 7678 7120 8599 35 12283 32330 4 2804 33 5
158 2186 13 65 1162 10 9 2345 259 19 90 10312 143 9 301 36 3764 9 267 4 3 221 7 5947 71 26 1842 15081 5
1516 43826 4538 27 3439 3419 10900 8958 19 3 216 100402 53 9 10900 8958 7 371991 202 18 27279 19 9 267 543 14618 1506 35 323 4 33 109 9 10900 8958 7 182735 202 18 3439 19 5392 421 2855 35 323 4 744 33 109 8 4 9 10900 8958 7 208646 202 18 27279 19 5775 10900 17241 35 323 4 590 33 5
527 4 79701 35 359 33 170 13 4 6512 3 996 267 2062 4 43826 4538 31 3691 3677 6 3 757 857 35 79701 4 359 33 5
8616 4 79701 25810 439493 543 15 18982 23763 27708 6 4764 1444 7120 8599 4 9 857 10 47 2086 84 628 4242 35 65300 33 4538 31 3691 3677 5
17 992 1589 24 79701 3439 9 10900 8958 489 7 1614 202 4 15081 13096 13 7 808 5
7448 4 79701 1282 13 1117 267 2193 1547 6 2833 4 6249 4 855 4 1923 4 8 281 10777 144 26 220 10 426 162 5
273 1444 5947 4527 24 9 337 678 14 9 1444 650 49 1746 4 7744 35 274 33 1589 9 9273 126274 70466 35 33 5195 19372 1488 13 16502 785 5868 543 15 9 2965 542 7 178 301 1564 35 7744 4 274 33 5
7744 4964 13 3 1217 119231 9 19372 8958 7 202 5
7744 8 18409 35 359 33 3677 9 5373 7732 32542 992 8 267 543 14618 35 33 1506 6 9 4253 337 678 100402 6 4498 261 1729 317 5
1700 303777 3439 9 10900 489 7 202 35 7744 323 18409 4 359 33 5
1113 307 2062 27 3677 125535 8 50 10887 6 2705 825 2345 745 21 8785 14 2345 6198 4 24087 12283 3462 5
35 280 33 454 12630 8 2069 3 4759 125535 1217 24 10503 22190 197 3695 19 9 84 27647 14555 13 29152 234324 3457 8 10620 3457 35 24087 12283 32330 4 280 33 5
1700 1506 16277 3 2505 8 791 7 1149 25 20947 1444 2345 745 3883 25407 25 2489 1543 5
27421 4 3 773 7 8 40 10887 10 48975 864 2345 11423 29 3691 45 5422 5
9207 60401 4081 42 2925 1254 14 46302 19372 5
1145 6 2975 6 19372 840 32 27998 601 864 21 16 3 3109 7 43826 4538 8 5
18409 8 14879 677 67 4309 543 15 46302 52950 53 57 111 70 8 57 111 57 5
158 4964 93198 13 3 57 111 57 35 14879 4 1422 33 5018 16 48 6943 14 5238 231 58 3 57 111 70 5018 5
145 162 3475 21519 3 3070 7 10 48975 2345 11423 24 17938 5373 1442 4 13563 4 32 8 26244 5
81 3 1273 2520 4 41748 1427 3348 1213 2854 8 19372 4 3 26244 24204 36073 746 42101 4 8 3 3348 6145 27708 5
17 508 7268 4301 3 1273 19372 27964 112430 5
9207 60401 4081 81 19372 544 4 2705 9 1687 13 77180 3 3053 148 67 3597 5
201398 3 3053 16 9 210979 5979 565 13 71 26 10455 24 22565 209754 123462 35 10583 323 150333 4 1278 109 20024 4 106060 4 323 13320 4 502 109 42408 323 2550 4 744 33 5
527 4 4231 14 9 6943 10 32 9796 904 16 3054 215 16269 14 5238 231 5
364 2104 16 6 4434 3 9796 904 76 9 568 61638 2419 904 103 4231 14 3 19547 5
949 276 15987 2505 4 71 149 2705 3 19547 538 19130 1247 7410 4 226 64431 4 10 9 2419 904 5
17 19547 71 26 1867 21 9 3109 7 307 9796 266 4 226 270 83735 5
17 689 3644 7 16 6 2882 9 19372 4859 538 928 628 25 67 3597 35 273290 4 33 4 4 35 4 18013 33 47594 98236 58508 56012 5
17 2123 2376 6 27728 19372 7410 4 19 3 733 7 7601 9 14392 13 17425 928 628 8 2690 70 266 7 3 216 1427 15 3 216 487 4 125 32838 3 3033 14561 148 3 8 290 7 3 67 3597 35 19966 4 8862 33 4 114 19966 2464 3 2059 60401 13 21220 9 12329 3053 7 249 15 1432 397 2366 397 5
8616 4 3 31479 3053 71 26 43420 21 3177 53 35 249 33 17 19547 4 19966 454403 14937 1635 8862 3082 6494 4 16 119017 3267 6 32838 3 3053 4 11771 4 3 3457 148 3 67 8690 3647 4 19966 454403 14937 1635 8862 3082 249 8 19966 454403 14937 1635 8862 3082 5
17 234324 4385 7 3 3053 16 4 114 5
17 3235 3053 16 59 3 3033 67 12715 1441 6 37863 446326 35 341 33 5
12502 4 3 565 71 26 27394 21 35 341 33 1249 3597 71 3691 26 6564 180305 4 3 48015 19547 1535 565 16 1272 5
79 197 7 23394 13 1170 37863 13422 16 304 14 290 397 5
17 380 565 24656 16 35 459 33 114 3298 16 9 1936 96734 3112 24 3 10 46 162 35 2042 10 3 508 2124 33 4 8 16 3 3768 1936 5
446326 35 459 33 71 26 10455 24 7623 8176 114170 123462 8 912 35 4 3401 33 5
17 421 4859 71 26 1465 21 35 503 33 114 4 8862 16 7154 538 928 628 4 8 9273 35 14937 4 94604 33 16 9 54861 4859 5
17 54861 7410 9273 35 14937 4 94604 33 220 3054 539 395088 4 70865 1625 4859 35 33 4 8 64431 35 42408 323 2550 4 744 33 35 446326 35 500 33 33 5
527 4 54861 19393 10 54861 7410 383 26 30512 6 14391 40 31392 8958 5
395088 54861 53 35 500 33 141156 1625 4859 54861 53 35 708 33 54861 53 35 700 33 17 54861 9013 5036 76 9 568 61638 904 5
12502 4 4446 27728 56018 4 3 54861 71 4855 108140 3898 148 1427 7005 8 13987 5
17 27728 54861 16 9 856 54861 4 121 9 27728 54861 19 9 1936 96734 3298 12134 7521 6 32 54861 19 1087 19393 35 3298 109 33 35 18150 323 6794 4 502 33 5
17 54861 59 37662 105 3 54861 14 1087 19393 5
17 1033 16 13 3 221 7 62230 19393 6654 1506 3394 10119 5
17 395088 54861 29 48 62230 19393 58 3 54861 5
8616 4 3 54861 6274 2121 28579 4166 5
527 4 3 54861 142 26 22356 10 90 745 5
273 3099 4 97 3 27728 54861 144 26 220 65 117 2000 4447 5
81 46 162 4 8 3 54861 42 220 21 3 74 12388 1506 6 6786 3 773 7 5373 1442 2164 19 3 8 26244 5
8 5373 40497 4 31 12072 24 40 3703 7407 6 272 551954 8 325 244038 4 8 40 785 14 231 10 5373 5
931 9063 132 11580 1260 14 16797 3 33192 7 5
4749 3 6682 1906 37566 35 727 33 4 47 2527 3601 4385 11709 6 3001 537 2506 4 916 11709 7 11264 9998 25 13602 31527 5
931 71 59 25450 2506 11076 10 528 123192 544 5
26666 4 43 71 8255 25450 187305 19393 3298 8 5
17 689 1884 148 3 8 83 727 16 50 1175 6 16201 12067 3 589 4483 7 4624 1943 6 4498 206 2506 8 2475 3 391 30392 5
17 4286 108 5257 16200 53 3 4141 109 3 276485 20973 4141 109 8 4 3 4141 4 47 1038 1678 19393 35 15829 12283 32330 4 4164 33 5
98586 249 842 3 3803 7 3 5
27300 7 3 98586 249 5
27300 7 3 5
17 8 27 4861 1783 10 12538 1678 294933 544 35 24087 4 28700 4 12825 4 323 63801 4 2076 109 24087 323 5173 4 2076 109 24087 323 12825 4 280 109 58618 4 24087 4 12825 4 323 24037 4 2076 33 5
6297 15 40 10777 8 11105 4 3 8 42 2164 21 3 169 12388 1506 4 11771 4 3 1635 1506 5
81 46 1506 4 3 3348 1213 2854 8 11963 10104 4 125 3 16 1967 15 27708 5
145 1506 18 1589 6 25450 19393 3298 8 19 8355 10900 3768 5
98586 341 842 3 2981 7 3 1635 1506 5
17 508 1959 383 26 979 6 3434 32 5050 543 96734 27708 1506 5
79 3297 5230 3177 5
35 249 33 17 187305 928 1506 5
81 46 1092 4 3 187305 2527 4768 19393 8 9 928 100402 6 1649 9 10900 1506 5
35 341 33 9897 8958 5
273 290 28451 3364 3298 8 4 9 928 100402 16 220 6 1649 3 187305 8 13012 8958 5
355 8958 16 3455 4 290 28451 16 12354 538 9 5188 4859 5
35 459 33 106443 6680 5
17 650 3006 480 14152 6680 31 943 5
355 14152 6680 31 34 943 4 3 1506 5534 6 3 161 2020 5
35 503 33 17 19393 1046 5
81 46 1092 4 3 1506 6950 14 333 2506 2151 4624 884 5
71674 7 3 1506 98586 341 5
71674 7 3 1635 1506 5
129294 7 4 4 8 26244 9456 1380 31 4 24 40 2129 4 3558 4 8 864 36093 383 162 3639 10 32 1566 13 16 3684 1812 19 9 4900 1058 7 4046 5
238 117 1866 383 26 115 53144 543 15 1574 317 4 1408 10554 5473 15081 15 67 2193 4 3 791 7 1149 8 3 1277 7 2505 12609 25 791 5
25149 4 658 4 16 1441 6 3 1951 7 1678 2193 13 899 50 871 8 8958 6 16648 5
622 43826 5373 284 13 10556 26244 4 8 32 16 32 2155 1217 6 12033 8 22565 58065 2505 35 98586 459 33 5
622 4 32 27708 4462 4 16 3677 6 1046 8255 14 3 47081 458636 4 3 96734 35 33 4 8 3 187305 35 15916 3298 8 33 5
901 29182 7 2755 3685 544 4964 13 3 5373 284 16 32 1783 4462 14 12538 96471 544 35 24087 323 5173 4 590 33 5
17 1506 98586 459 5
17 1635 1635 1506 5
17 346 1959 7 3 5373 1506 31 21 3177 5
35 249 33 12266 628 5
17 284 2527 30026 628 21 928 628 5
12266 628 31 48871 76 9 35 6494 4 249 33 1079 4 47 2939 1262 13987 19 528 70256 11612 12816 138 19 396 70256 11612 4 8 59 2939 1262 28579 4166 5
17 4859 220 6 39775 628 16 446326 35 704 33 5
35 704 33 35 341 33 7337 29784 5
3194 928 628 397 16 16036 6 3 89 4859 538 883 9 27728 49 210979 4859 35 98586 503 33 5
17 73 397 4 411736 4 25 3 308 271 4 16 1804 21 3 104 533 8 4 21 133 4 29 9 29784 871 125925 7 57 5
17 74 397 4 273290 4 25 3 104 6810 271 4 16 1804 21 248 533 4 8 16 392 9 29784 871 7 5
81 46 1092 4 3 798 4787 7 29784 628 19393 35 33 31 4209 14027 10 3 1079 7 8 58458 24 3 5
17 266 25 3 308 271 42 392 568 17509 58 138 25 3 48 6810 271 10 9067 19 67 523 89 27728 8 210979 7410 35 98586 503 33 5
2897 4859 11963 53 35 9 33 27728 4 8 35 8862 33 210979 98586 503 5
2897 4859 11963 53 35 9 33 27728 4 8 35 8862 33 210979 5
35 459 33 5
145 650 18888 290 48871 9796 12911 871 25 3 74 1092 76 12510 4333 8542 5
17 458636 31 220 6 4434 48871 9796 23394 6 40 12510 4333 8542 5
145 162 220 148389 458636 8 40330 458636 35 98586 500 33 13 4 10 614 4 71 26 1589 24 34433 1756 266 8 89310 5
17 1756 8 22690 8593 5018 35 33 18 3677 6 90942 1332 31817 2757 35 98586 500 35 8258 33 33 5
3194 48871 9796 5195 18 4902 76 4333 8542 12510 6 3 2190 31817 197 4209 8 58458 24 3 5
98586 708 842 3 650 5
29748 4859 53 35 9 33 148389 109 35 8862 33 40330 8 35 8258 33 1332 31817 197 98586 500 5
29748 4859 53 35 9 33 148389 109 35 8862 33 40330 8 35 8258 33 1332 31817 197 5
650 98586 708 5
650 5
35 503 33 69958 928 1506 5
81 46 1092 4 16036 4 1589 543 15 4 42 4071 6 3383 22190 15987 5
650 3354 4 10 3 916 7 4333 8542 4 16 22190 9796 14 16036 5
69958 1649 46 100402 6 4498 3 10900 1506 5
69958 231 1936 35 3298 33 8 54861 19393 35 33 4 47 31 4209 14027 8 58458 24 3 5
145 162 220 3 54861 4859 543 15 50 1175 6 12262 272 61638 628 4 50 231 7 97 57 65 4231 4 8 3 236 14 265 28579 16676 5
35 500 33 5
2491 16036 27 1681 3 928 650 4 3354 1051 31 1867 10 970 7 3 22190 197 4 8 383 26 4902 76 9 837 521 221 5
145 7332 650 16 226 5
999 7623 3 4 3 5373 284 12244 9 6951 4 8 133061 14 3 16036 3354 5
145 13991 1217 16 189 1906 8 9802 4 21 23 2527 21 9 1029 42254 14 16036 3354 25 5
35 708 33 17 96734 1046 5
17 16 3677 6 1046 8255 14 3 47081 12483 7 458636 4 4 1936 96734 3298 4 54861 96734 8 3 798 11763 7 16036 628 96734 5
17 5534 538 4624 884 5
8616 4 28451 1746 2053 9 885 604 10 7759 8808 5
17 28451 3364 9 537 2104 14 5852 19393 9286 7 218 1172 53 3 458636 109 109 1936 96734 109 54861 96734 109 8 4 3 798 4787 7 3 29784 628 5
3194 29 9 2190 4385 4 8 23 144 2338 1087 3212 12510 6 3 5852 96734 4 150 3 4385 7 3 62957 397 3897 8 3 4416 8 798 96734 16275 5
17 28451 4 21 3 1506 12911 10 3 1273 5373 284 4 16 58458 76 9 46302 3897 5
389232 17244 7 67 9676 4 26244 8 3 16036 5
17 26244 5280 4286 3 31817 8 5
17 16036 5280 4286 1936 96734 3298 4 54861 96734 25 3 4859 4 8 3 798 11763 7 16036 628 96734 5
98586 700 842 3 28451 2981 5
152970 2981 98586 700 5
152970 2981 5
238 3915 4 31817 31 58458 538 3 5018 4 47 15103 3 3201 7 15650 458636 24 40 22439 8 89310 35 98586 500 35 8258 33 33 5
81 98586 500 35 9 33 4 22439 7 3 148389 31817 31 8 4 8417 3 203 8 243 89310 31 8 4 3995 5
79 40330 31817 142 26 4357 21 9 856 148389 31817 267 10 47 3082 5
79 1332 31817 197 1038 67 7685 5
98586 500 35 8258 33 842 3 1332 148389 31817 197 4 14484 7 218 1756 266 35 11771 4 4 4 4 4 8 33 8 179 89310 35 11771 4 4 4 4 8 33 5
355 7623 3 5018 4 3 1272 4385 7 3 31817 46302 4 4 71 26 4939 21 3177 53 35 782 33 114 16 3 1272 221 7 1332 31817 2757 4 16 3 221 7 22439 10 9 1332 31817 197 4 16 3 1272 4385 14 9 1756 13 5473 15 796 4 16 3 221 7 89310 10 57 1332 31817 197 4 8 16 3 1272 796 6325 22690 5
238 290 9796 12911 2527 9 1029 1332 31817 197 6 11868 9796 628 4 16 10978 21 3177 53 35 183 33 114 16 3 221 7 9796 23394 5
17 16 9 221 5852 24 3 4 47 18888 22190 3354 25 3 42101 2869 76 11868 3354 5
17 1272 4385 7 3 46302 142 26 4939 24 10309 3 12911 15987 4859 25 3 9962 1356 4 1362 21 3177 53 35 407 33 114 16 3 1272 221 7 1561 54 3 62957 397 4 8 8 31 3 798 8 4416 4787 2770 7 12911 14937 4 3995 5
9601 10024 7410 15 189 1612 7 3 19223 1172 996 6819 35 403 33 273 3 16036 96734 5280 4 47 4286 108 35 11771 4 3 1936 96734 3298 4 4 8 33 4 3 1272 4385 7 290 46302 3298 8 13 7 3 8 31 43420 538 446326 35 403 33 5
35 700 33 20865 8557 5
3265 28451 13 2464 458636 4 4 3298 4 8 16 58458 8 25810 6 1649 3 100402 5
15060 8958 16 3564 65 9 10900 1506 25 3 928 100402 16 3455 5
3194 28451 16 454 12354 538 9 5188 4859 5
17 5188 4859 18 1254 6 5548 1506 8958 8 3 5188 7 83538 2763 5
145 4859 5181 3 47081 3157 7 458636 4 3 30512 221 4 8 16036 187305 19393 5
17 5188 4859 10 446326 35 698 33 16 3 34715 7 3 6905 4859 5
35 698 33 17 3316 7 1506 70214 16 6 11032 1506 8958 8 1506 10119 4 21 1867 10 446326 35 685 33 5
35 685 33 114 254266 16 3 8958 29784 85612 4 175404 16 10900 3768 148 2755 3354 8 13228 3354 4 16 3 10119 29784 85612 4 8 200110 16 1506 10119 4 47 71 26 8871 1122 24 6535 3 221 7 270 83735 5
35 704 33 106443 6680 5
17 650 16 14256 65 14152 6680 31 943 5
355 6680 816 56754 4 3 1506 5534 6 3 161 2020 5
238 3 5373 284 2527 3 4 3 14152 38020 220 16 883 3 221 7 31435 35 11856 33 49 3 221 7 129759 35 16054 33 5
17 14808 650 1755 65 3 14644 6680 31 34 943 5
35 782 33 80264 10900 1506 5
17 14808 5211 480 3 14152 38020 16 15251 4 2677 13 3 10900 1506 29 1658 3 15987 1322 19 3 19547 3298 4 4 4 8 19393 5
3807 25017 355 9901 3 31392 8958 7 67 49 48 4309 4 1296 477 231 11856 13091 2858 25017 6 12042 9124 2442 19 14027 26119 928 8 32044 628 5
1249 2858 25017 2818 3 6951 10808 7 1570 745 76 9022 31080 4 9 1029 1407 16 6 250486 3 31080 5
81 89401 11856 13091 2858 25017 4 3 14635 7 34141 7005 35 6904 33 10 31080 3054 26920 138 10 3 1494 100402 5
146183 2062 240 13 4 677 19 1685 11856 13091 2858 25017 4 89401 2858 25017 7952 6 1128 9124 10 4631 522 35 10583 323 150333 4 1278 33 5
35 3401 33 1091 13 94145 25017 2279 52396 3 19547 46333 89 8 48517 35 4 3401 33 5
8616 4 9 89401 94145 2858 25017 1217 18 3677 6 5548 1506 773 10 46 162 5
17 1519 100402 18 3868 76 2752 19361 4302 108791 35 49 31080 33 19 1427 23033 91415 138 7 3 1494 100402 35 89401 33 5
17 108791 42 16277 2151 3 508 218 1959 5
17299 249 5
301777 3 100402 5
17299 341 5
95898 57 13176 7 3 1494 100402 2106 1646 25 3 24218 100402 35 837 13091 33 5
17299 459 5
23570 3 16277 628 25 3 1494 100402 5
17299 503 5
41701 1959 583 400 5
17299 500 5
189516 3 1652 4410 7 3 100402 6 3 73 35 13176 33 13091 5
3194 7 3 2752 31080 3455 24 46 4644 42 153 220 480 14 290 773 960 7 3 187305 1506 4 3 1635 1506 4 8 3 1635 1635 26244 1506 5
17 1652 836 31080 42 220 14 928 4 47 3455 2752 1216 773 2082 5
17 2858 25017 2882 7 1308 8958 18 10978 24 8810 3 11856 1570 8958 1170 14 2858 25017 8958 5
659 5441 3 77403 8 3961 7 3 1273 19372 4910 4 46 162 220 2949 35 12702 33 864 628 3883 24 3 3431 173 1444 2070 35 33 14343 1829 8195 173 416 8 2693 1444 10 3 1273 19372 2520 6 4764 2345 11423 163 9 392 317 197 5
17 508 7268 4301 3519 317 7 2345 628 4 1506 9937 4 9345 522 4 8 8958 10602 5
68797 628 8 27959 2376 17 5536 4286 21770 12702 2345 1380 13695 24 3 154 5
20498 42959 61685 3 11245 3892 7 58994 7005 8 28579 11612 14 5036 5
1498 9856 8 12045 4 111615 202 7 1380 42 13695 24 3431 2106 885 98 5
2330 46 13905 566 4 3 104 2345 15778 7 173 1444 1380 42 14913 8 784 2089 35 35322 202 33 4 346 4422 2089 35 21977 202 33 4 2833 8 4819 2089 35 27462 202 33 4 5895 2089 35 23382 202 33 4 8 3977 2089 35 15416 202 33 5
40497 4 76402 202 8 69601 202 7 4253 1380 42 10 1615 8 1372 3431 4 3995 5
6832 3 2029 386 6300 4 104 5947 2273 10 3 5369 1031 4 3 1784 1031 35 61813 202 33 8 3 62331 1031 4 3 394 1031 35 81309 202 33 5
81 4253 745 4 3 98 1252 189 1105 8 2033 6090 6 3823 706 35 137458 202 33 5
20498 249 5
4369 13987 8 40 46986 4015 5
337439 7337 1079 4 58994 4336 49 11245 6652 84181 23394 15791 7 98 635 10 886 1721 1829 35 111615 202 33 109 25504 35 32121 202 33 109 325 98 35 34302 202 33 5
4876 2089 35 15416 202 33 109 9524 28171 35 6494 202 33 109 5348 4550 6350 2089 35 8016 202 33 109 154873 35 8016 202 33 109 5126 1605 2089 35 7627 202 33 109 5126 60153 2089 35 20568 202 33 109 46179 8 784 2089 35 35322 202 33 109 3317 4387 2089 35 11125 202 33 109 3852 4387 2089 35 8016 202 33 109 15791 7 173 1444 8 2033 13849 8 932 2089 35 27462 202 33 109 3966 1378 433 2089 35 21977 202 33 109 4465 2089 35 6494 202 33 109 2386 727 8 1096 1605 2089 35 6494 202 33 109 4106 2089 35 11125 202 33 109 10724 2089 35 8642 202 33 109 3966 1784 2089 35 8642 202 33 109 3966 1283 2089 35 9102 202 33 109 3966 23571 2089 35 6494 202 33 109 118 3540 726 35 6494 202 33 109 18350 2089 35 23382 202 33 5
4369 2737 362 35 76402 202 33 109 1055 35 19050 202 33 109 1289 35 69601 202 33 109 752 35 12604 202 33 109 5325 1620 35 6494 202 33 2859 1829 1721 1829 35 72458 202 33 109 25504 35 40097 202 33 109 325 98 35 50198 202 33 15791 7 4513 540 1031 3260 386 19372 1325 35 6494 202 33 109 32412 35 57632 202 33 109 62331 35 81309 202 33 109 412410 35 46405 202 33 11772 8 1746 1513 913 1708 1105 8 358 2033 35 137458 202 33 109 98 1708 1105 8 540 3469 6090 2033 35 14828 202 33 109 540 1708 1105 8 6090 2033 35 9190 202 33 12702 9856 1264 264450 35 65364 202 33 109 35199 35 58138 202 33 109 492124 35 32720 202 33 5
3966 173 66473 21 346 173 10 12702 1850 35 82716 202 33 109 34 346 35 59947 202 33 4369 2430 4659 35 11102 27503 109 31326 202 33 109 2990 35 109 31326 202 33 109 8913 35 6117 3670 109 95921 202 33 109 17245 53 109 5806 53 109 1153 53 109 3260 44398 53 35 31391 195517 33 35 21639 53 195517 16 52 21 7 27264 5
2560 33 5
913 455 17245 53 109 5806 53 109 1153 53 109 5214 3260 44398 53 35 31391 195517 33 5444 455 17245 53 109 5806 53 109 109 5214 1058 3260 44398 53 35 31391 195517 33 5
5444 455 249 35 11102 605 109 9102 202 33 109 341 35 109 6494 202 33 109 459 35 109 11431 202 33 109 503 35 2628 109 147701 202 33 109 5214 5514 35 33 17245 53 109 1153 53 396833 109 2029 44398 53 35 202 33 5
62723 884 249 35 11102 500 109 38964 202 33 109 341 35 109 98260 202 33 109 459 35 109 14828 202 33 109 503 35 109 27789 202 33 109 500 35 6117 302 109 35781 202 33 109 140785 17245 53 109 1153 53 109 2029 44398 53 35 64 33 5
68797 3936 3298 53 944 8 757 667 35 34302 202 33 109 2482 53 1746 4 1444 4 8 24722 35 34302 202 33 109 100761 53 884 8 891 35 32720 202 33 109 7168 53 2969 8 431 35 45827 202 33 109 2990 53 200 8 1182 35 9102 202 33 109 5828 53 98 5695 35 21977 202 33 109 79 53 3273 4019 8 12699 667 35 11125 202 33 5
68797 11142 4141 2636 53 1088 4141 35 65804 202 33 109 1127 53 884 8 891 4141 35 74125 202 33 109 3116 53 2589 4141 35 9102 202 33 5
37442 23394 68797 3101 145128 53 13667 35 84762 202 33 109 103938 53 13319 35 18167 202 33 109 149733 53 7120 35 16071 202 33 109 215974 53 11446 35 31326 202 33 109 64832 53 5461 3896 35 18167 202 33 5
2018 3 4253 1380 4 3 108 346 12045 5310 14 4795 173 416 42 1088 1315 8 2589 35 264450 33 35 65364 202 33 4 3270 8 2589 35 35199 33 35 58138 202 33 4 8 25643 4 3270 4 8 2589 35 492124 33 35 32720 202 33 5
17 131 419 182 35 33 35 4 2076 33 15103 264450 21 9 1264 10 47 9 540 6930 10744 9 84 2033 4 4278 13 2033 4 8 153 8229 3 2033 6 9 98 22 3 944 2106 194 5
17 98 3054 1708 1182 5415 2151 1739 270819 2310 5
355 9 540 6930 162913 32 1806 2033 4 8 153 4278 8 6866 13 2033 22 50 209 552 14 9 6878 566 4 3 12702 1264 232 6 52950 16 492124 5
21602 2096 97 891 8 6721 2310 31 35199 1380 5
6876 4 8412 2693 1380 31 189 533 8 528 5
17 596 864 871 7 4253 745 18 2429 29502 56 174 19 9 2029 44398 7 29502 56 402957 174 14 3 566 5
6297 15 3883 628 4 3 676 871 7 4253 1380 18 2817 29502 56 41847 174 5
29139 455 683 24 3 98 8 540 4814 147 864 18 29502 56 23457 99 8 29502 56 174 4 3995 5
40497 4 3 596 540 455 683 5514 18 21 272 21 396833 202 5
29139 1219 11861 14 7941 2089 18 2429 161989 85 35 3235 4 1054 85 33 5
79 4631 97 7 3 2345 3936 8 4141 154 47 9 2345 8887 6154 13 5947 338 4722 154 3 1088 35 2636 33 8 1219 35 1127 33 16200 35 20498 341 33 5
17 104 5005 5947 35 20498 341 33 42 21 3177 53 2969 8 431 667 35 7168 33 35 42407 202 33 109 1315 8 891 35 32720 202 33 35 100761 33 109 944 8 757 667 35 3298 33 35 34302 202 33 109 1746 4 1444 8 24722 35 2482 33 35 34302 202 33 109 8 4 98 5695 35 5828 33 35 21977 202 33 5
8852 4019 8 2589 667 35 79 33 35 14828 202 33 8 200 8 1182 35 2990 33 35 9102 202 33 39 3 2654 7662 7 7470 5947 5
20498 341 5
68797 3936 6288 3 4141 10 47 9 2345 8887 5
68797 3936 29997 492 39272 67440 68797 11142 10291 30870 7518 19437 26184 8 757 667
3807 2376 538 9 2261 6027 35 98586 704 33 10260 13 993 11142 104 3684 10 3 2636 4 1127 4 8 2589 16200 42 2482 4 7168 4 8 79 4 3995 5
7586 6027 7 3 4141 10 47 9 2345 8887 10961 98586 704 5
7586 6027 7 3 4141 10 47 9 2345 8887 6288 2345 3936 5
659 5548 77144 297 40345 628 4 9 14673 1870 18 10637 148 9022 58818 8 3 1070 12911 35 20498 459 33 5
13751 19 8058 8 325 1656 4 3 885 98 39 9 2086 568 9980 4 154 120 2345 3101 4 6 73473 5
15814 4 509 5614 2089 35 103938 33 4 14913 8 784 2089 35 149733 49 215974 33 4 2833 8 4819 2089 35 64832 33 4 8 346 4422 2089 35 145128 33 39 3 1391 2345 3101 26831 5
20498 459 5
82911 1870 14 12702 864 628 5
4369 13987 202 5839 3 2345 3101 145128 103938 149733 215974 64832 1792 1721 1829 110946 99566 103827 72349 99566 70223 29568 27391 94081 71909 94081 3860 98 27150 27391 71909 55898 49249 15791 7 173 1444 4876 26737 94081 29568 10548 94081 5348 4550 6350 2089 9102 94081 94081 94081 15552 154873 7013 94081 94081 15905 94081 5126 1605 2089 94081 94081 94081 94081 52930 5126 60153 2089 41942 63895 94081 94081 15552 46179 8 784 2089 31433 94081 48535 55898 27391 3317 4387 2089 11088 94081 94081 10548 94081 3852 4387 2089 9102 94081 15905 94081 63895 13849 8 932 2089 15520 15552 15905 42323 94081 3966 1378 433 2089 72252 94081 29568 15905 94081 4106 2089 94081 27391 94081 42323 94081 1082 2089 5696 94081 94081 94081 94081 3966 1784 2089 94081 94081 15905 94081 94081 3966 1283 2089 9102 15552 15905 94081 94081 3966 23571 2089 94081 94081 94081 94081 94081 18350 2089 26737 52930 94081 10548 94081 11772 8 1746 1513 913 1708 1105 8 358 2033 240390 108646 102590 99102 108646 913 1708 1105 8 540 3469 6090 2033 18063 94081 94081 10548 94081 5444 3469 1708 1105 8 6090 2033 5696 15552 94081 94081 15552 12702 1264 264450 109575 99566 29568 48535 27391 35199 34302 49249 67036 57704 71998 492124 42543 94081 48535 10548 52930 3966 173 2693 720 68939 99596 178637 107344 99566 3227 82534 27391 15905 42323 49249 4369 31984 35 31391 195517 33 11102 27503 15520 94081 80582 71909 49249 27150 47653 94081 55898 15552 6117 3670 151926 71998 65007 72349 71998 35 202 33 11102 605 9102 94081 15905 94081 15552 94081 94081 94081 94081 94081 5696 15552 29568 15905 94081 6117 2628 127120 108646 103827 178637 108646 294633 35 64 33 11102 500 15520 15552 67036 67036 49249 42543 47653 15905 71909 52930 12679 94081 71909 94081 15552 27037 63895 94081 94081 52930 6117 302 75111 15552 29568 71909 27391 68797 11142 4141 30870 70438 67109 65007 71909 52930 9872 75111 47653 256691 103827 121978 19437 9102 15552 15905 94081 94081 68797 3936 26184 8 757 667 27150 27391 48535 71909 49249 9508 4 1444 4 8 24722 72252 49249 94081 13856 27391 9872 8 4518 31433 15552 71909 71909 49249 32540 8 431 667 46541 47653 15905 29568 27391 4707 8 1182 9102 94081 15905 10548 94081 913 5695 34302 15552 15905 13856 15552 8852 4019 11088 94081 29568 10548 94081 11346 53 145128 53 13667 109 103938 53 13319 109 149733 53 7120 109 215974 53 11446 109 64832 53 5461 3896 5
355 3 98 1252 1105 8 9 2033 2106 358 4 5947 2273 104 3684 5
1302 3 12702 5310 4 3 10291 7 145128 8 103938 14 9 3101 18 1391 10 264450 1380 5
17 35199 1380 39 9 272 27824 14 149733 4 215974 4 8 64832 5
40497 4 480 9 864 18 5361 56580 21 9 346 12702 2693 864 4 3 10291 7 460 329 2345 3101 18 798 58 13 14 211081 2693 1380 5
7219 4 65 864 470 8641 29502 56 575 99 4 3 104 1029 2345 11423 42 4 10 21565 678 4 145128 4 103938 4 215974 4 8 64832 5
527 4 65 540 1031 683 8641 2628 202 7 676 864 470 4 3 7662 7 9 2345 11142 853 5
40497 4 3 221 7 5947 5668 21 1219 11861 853 5
81 970 7 944 4 1219 4 8 4518 667 4 149733 4 215974 4 8 64832 42 220 104 477 14 2345 3101 5
273 2969 8 431 667 4 145128 8 103938 42 3 104 7081 220 4309 14 2345 3101 5
20498 459 129284 11245 2858 2376 522 5
15060 10602 55706 4910 220 4253 745 35 6517 3082 21770 33 14 1506 1444 5
145 162 16 2274 10 143 2345 3101 18 220 7936 125 6573 3 19393 7 864 10777 5
29756 16676 42 2828 538 3 25646 2858 13091 25017 5018 5
81 290 1506 5867 4 836 31080 7 1494 628 42 220 6 1649 3 1506 14 290 43826 5018 5
17 960 100402 35 3 1652 13091 7 628 33 18 153 3677 6 2705 3 282 19372 5018 5
61648 42 336 2752 400 285 290 13091 18 220 21 9 960 197 5
68797 19372 2520 42 9168 19 9 197 7 424 864 13987 35 20498 249 33 5
17 500 24 500 64112 177751 35 10255 858 2755 17807 7005 8 11107 858 7736 33 14 1570 2520 42 25810 6 13012 1506 773 10 970 7 2156 7 1564 2655 9109 24 3 1506 3703 6 3 676 221 7 1564 297 19372 2520 5
20498 503 4995 9345 19393 4 8 20498 500 842 17241 773 538 3 12388 1506 35 33 8 3 129294 7 43826 35 11771 4 3 1635 1506 4 8 3 1635 1635 26244 1506 109 5482 4 26244 71 34 26 4723 1363 19 33 5
20498 503 5
52788 7 1506 96734 9937 5
96734 59605 3298 249 35 1635 33 394789 8649 4787 8124 4787 11292 7 8675 3298 1410 6494 500 249 104920 183 35 1635 1635 26244 33 96734 8649 4787 8124 4787 11292 7 8675 31817 197 3298 1410 6494 500 249 104920 183 249 6909 183 249 5853 782 9 73365 24 15669 8 14879 35 2076 33 4 15916 3298 8 4 42 197 6 249 8 4 114 11856 2464 3 221 7 9796 5897 5
11292 7 8675 1272 14 57 1332 31817 197 5
20498 500 5
33962 522 5
62140 93 5
249 341 459 503 500 708 700 704 782 183 59524 12266 197 68607 1614 7296 8390 1614 7432 4640 1614 7432 7535 7867 7335 126679 4271 2970 575 4271 4012 6052 4271 4012 4012 575 77949 55706 8958 35 202 33 349528 417709 215918 349528 529196 540486 349528 529196 320400 223352 2954 197 68607 407 782 500 407 183 700 403 700 782 698 15585 126679 503 708 183 503 500 704 459 704 700 459 13387 55706 8958 35 202 33 190151 215397 295090 261872 318850 261872 250119 263109 251445 1635 12266 197 68607 12273 6332 20010 19261 12273 18340 20010 12273 20010 19711 224790 126679 341 700 708 704 341 500 708 341 500 341 6769 55706 8958 35 202 33 320932 464574 357348 320932 305405 357348 320932 292350 338091 482669 2954 197 68607 403 403 782 407 183 407 403 782 183 782 15416 126679 459 459 708 503 500 503 459 708 708 700 11543 55706 8958 35 202 33 318850 318850 190151 295090 318850 190151 220265 250119 1635 1635 26244 12266 197 68607 12273 12273 12273 12273 12273 12273 19733 12273 19711 19711 12273 126679 341 341 341 341 341 341 6494 341 341 341 6094 55706 8958 35 202 33 320932 320932 320932 320932 320932 320932 102590 320932 338091 338091 205254 2954 197 68607 403 403 782 403 685 407 407 698 183 698 24031 126679 459 459 708 459 249 503 503 341 708 459 5347 55706 8958 35 202 33 318850 318850 190151 318850 524739 220265 263109 18027 4 3 282 2858 13091 928 1506 18 3 1635 1635 26244 1506 4 47 3439 32 596 8958 7 205254 202 35 98586 782 33 5
17 596 8958 3070 18 97 341 202 65 677 6 13 7 3 1635 1506 4 8 18 316250 202 65 677 6 13 7 3 12388 1506 35 11771 4 33 5
145 19816 1913 10260 3 3961 8 1653 7 17938 43826 4538 14 2345 19372 5
40497 4 129294 7 57 43826 5533 19 18 10581 4213 10 3 19372 928 1506 5
12266 628 4631 98586 782 5
12266 628 4631 5
10052 4 9345 16676 5441 13 3 5373 2520 39 3 282 8958 14 960 628 35 98586 183 33 5
17 1635 1635 26244 1506 18 282 10 48975 864 2345 11423 19 32 596 2858 13091 8958 7 202 4 2537 333 58 13 7 808 5
18027 4 3 3070 18 249006 202 65 677 19 13 7 3 12388 1506 35 11771 4 33 5
355 9901 3 1635 1506 8 3 1506 4 3070 1842 6 122864 202 4 1731 58 13 7 3 1635 1635 26244 1506 5
12502 4 10 970 7 960 522 4 7623 3 841 8 20558 1635 1635 26244 1506 16 14284 4 21 50 10900 773 16 19664 7156 232 6 2858 13091 25017 522 5
27311 628 4631 98586 183 5
27311 628 4631 5
145 162 30509 3 15487 7 5373 43826 4538 10 48975 864 2345 11423 5
18027 4 57 43826 5533 5775 19 39 4783 928 8958 677 19 13 7 67 43826 4538 19 5
145 162 10260 13 32 3206 3109 7 43826 71 1297 19372 2279 773 2537 4 141 377 3 5373 284 142 48 841 8 89 12725 58 83 1443 5
81 970 7 3 2858 13091 8958 19 960 628 4 3 282 5373 284 18 4209 24 10503 32 4 26244 4 8 5
80440 8783 18 220 6 1213 64042 8 26920 14618 109 42 3677 6 4434 22190 7410 109 8 3 18 25810 21 32 27708 4462 6 3383 26244 8 1046 19393 5
17 9345 2520 42 5422 538 9 521 96471 9962 565 5
473 424 864 13987 7 4253 745 4 3 5373 2520 16008 40 19629 4 3241 4 3961 4 8 1175 6 1262 19 333 8958 58 3 837 2291 1506 5
79 122864 202 3070 18 3439 19 57 1117 43826 5533 2164 19 4 125 3 3070 18 249006 202 19 67 43826 4538 5
81 970 7 5238 2673 4 3 9063 7 32 261 1729 284 14 2345 11423 539 2790 3 89 8 900 666 6 3473 9 1396 197 6 1368 785 5947 24 14426 864 3003 297 1162 5
8932 162 71 3617 3 3070 3439 24 2279 83 521 10900 49 19372 544 10 96471 538 3 1273 5373 284 5