22510 284 16 9 785 4462 6 293 19 1444 3685 8 891 544 5
145 542 12966 32 30512 5373 7732 1442 1506 6 11032 9 2025 13602 4624 31660 35 33 19 9 270 60401 2953 35 187305 33 5
17 543 187305 35 33 16 220 14 261 10900 7 2345 27824 10 3 2007 4141 7 2949 1380 5
26666 4 3 187305 2638 1708 2854 8 11963 10104 125 3 76451 187305 19393 5
23883 10 1043 7 8958 4 12398 4 9512 4 48581 4 8 352 163 3 11963 8 34326 1291 31 220 14 773 8557 7 1273 5373 1442 19372 1506 5
33962 10602 4459 13 25903 333 2858 13091 10900 8958 677 6 83 12388 2520 35 11771 4 95033 4 4 125917 4 8 33 8 767 1131 5
17 11249 522 581 3 18356 1729 8 284994 317 666 6 3009 785 5947 5
7337 4242 35 65300 33 29 4200 485 3186 518 8 29 343 32 533 601 352 5
3966 65300 4309 539 31392 17241 35 12391 2854 10 2953 2854 4 11771 4 19372 8 56018 544 33 4 67818 8 3320 35 32601 2854 33 4 6942 4 5195 7100 4 628 43971 8 88899 1396 7737 4242 35 63801 4 18685 4 323 126069 4 2560 33 5
81 1654 4 19372 16 57 7 3 533 6394 10 628 4242 35 140544 4 230448 4 323 79701 4 280 33 5
17 495459 8 161185 543 6599 31 1547 6 1416 284 1190 13 1186 6 3764 544 24 40664 746 2032 6589 35 107191 4 84580 4 323 19118 4 7560 109 514295 4 7560 109 87438 323 22329 4 7560 109 4 4 323 4 2560 33 5
12502 4 3 231 7 161185 543 2520 16 9 785 4462 6 293 19 19372 544 10 1444 3685 8 891 5
40497 4 9 391 2826 29 343 2274 14 229 173 683 2151 2386 5444 9989 35 12702 33 47 16 9 229 1264 14 18358 540 2472 10 173 1131 5
12702 27 2436 6 26 9 4116 8 9992 8531 5
527 4 12702 864 3972 9 2726 7 2508 8 9 528 221 7 8410 21 166 21 4447 272 552 8 4046 5
68797 148 1162 6 1380 31 7 485 1364 6 3 1444 386 35 78547 4 10760 4 323 104989 4 2773 109 24067 4 32867 4 323 24087 4 590 33 5
931 544 31 59 7900 24 1695 12911 8 10774 2193 5
2249 7 192 4166 8 3 3238 7 14426 1877 7453 4 27964 19 10119 6511 13 7 5775 2520 27 45 1589 6 1297 17241 8958 4 7362 8 1952 35 58618 323 14879 4 6833 109 4 204947 4 447957 4 323 8837 4 7560 109 98456 4 38966 4 323 14879 4 7560 109 229326 323 29583 4 7560 109 323 4 6833 33 5
527 4 14426 3 24021 7453 7 2410 65300 4538 16 149 10 236 14 3 455892 1547 1380 5
3431 29 5361 2247 12702 1380 14 48 58 2752 85 5
17 3431 2386 9456 1120 35 33 29 6724 5780 8 3544 18472 5323 10 2693 8 589 1444 1411 3431 5
1210 6 3 4 3 2345 489 18 42274 202 154 5
17 104 1029 6589 14 3510 5947 31 13667 49 14510 13667 35 17905 4 13319 4 7120 4 11446 4 8 5461 3896 33 3803 5
81 3431 4 55 6 7432 202 7 12702 1380 31 3825 24 13667 49 11446 496 97 190 54 5947 8887 35 4 590 33 5
40497 4 13319 49 7120 569 70 1162 7671 48 89 8 207 65 9 26129 809 71 34 26 1049 5
659 1213 192 2235 4 3 1273 19372 6599 4764 27824 14 864 851 1691 8579 317 666 24 14343 1829 6 38845 1569 1735 10 3 30201 8 6451 16200 7 184463 5
7219 4 3 2345 148 12702 7081 4722 8128 8 142 3972 117 667 4 150 68894 2713 492 4 102542 9496 4 8279 4 6271 4 683 2430 4 3901 613 4 98 5415 4 5420 1763 4 1219 566 4 12915 4 8 4768 1447 2240 35 1053 4 502 33 5
23209 2062 240 13 32 4213 4 1783 4 8 1935 2345 3101 650 16 3456 14 12702 864 1028 35 40353 4 2391 109 40353 4 278548 4 323 28724 4 1422 109 40353 4 217970 4 323 12090 4 590 109 58618 323 14879 4 6833 109 49455 323 6520 4 280 109 323 41708 21856 4 590 33 5
12502 4 726 7 1442 2520 71 4552 261 2486 7 785 2345 11423 2543 6 864 28767 6 26 1621 2409 5
2625 2062 27 2704 6 1800 3 5373 43826 2520 35 126069 4 6794 4 6794 4 9280 4 323 15152 4 2560 109 87438 323 22329 4 7560 109 12283 32330 4 2560 109 1604 4 176225 4 20936 4 38179 4 323 20175 4 6833 109 229326 323 29583 4 7560 33 24 10503 57 19 83 4538 6 6298 40 773 522 4 133 21 3109 7 4624 31660 8 270 60401 2953 35 78658 323 10141 4 280 109 18150 323 6794 4 502 109 74521 323 7914 4 2076 109 19959 4 21836 4 32061 4 24067 4 323 17555 4 2076 109 323 4 6833 33 5
26666 4 3 7787 14 1994 24220 19393 10 43826 2520 16 32 533 492 13 16 1940 4218 24 9934 10 117 523 18626 35 12283 32330 4 7560 109 2910 18150 4 15960 4 323 6794 4 2076 109 98456 12283 32330 4 7560 109 323 4 6833 33 5
81 1407 4 7995 3 282 197 7 19393 14 9 1506 16 32 27708 565 5
12502 4 17938 161185 543 2520 19 253831 27964 29 45 1273 21 9 2104 6 3 996 544 5
10351 161185 543 6599 539 270 60401 2953 35 187305 33 4 47 16 9 2953 2854 5533 19 2410 2000 13 4552 206 83538 8 2025 66413 5
17 187305 29 45 4964 177 1509 10 12538 19372 544 35 14879 4 1422 33 5
1113 3 187305 1506 29 4861 1695 1783 14 12538 19372 544 4 23 29 346 26966 35 74521 323 7914 4 2076 33 5
17 8958 7 3 187305 1506 5473 15 19393 197 10 2379 5
273 133 236 4 2025 13602 4624 27964 35 33 69676 5018 1589 24 15829 4 36859 4 4 8 35 4164 33 16 424 14 50 6928 10 1749 129294 19 83 41154 6 4498 6804 2506 35 479 4473 15829 12283 32330 4 4164 33 5
17 1325 1884 148 32 8 83 4624 27964 16 50 1175 6 16201 10023 589 4483 7 4624 1943 6 4498 391 27708 35 556277 4 153421 4 323 219629 4 6833 109 12825 4 744 33 5
17 71 11076 384 3 19547 2104 7 3 8587 123192 544 35 4 1422 33 5
931 9063 132 11580 1260 14 16797 3 33192 7 187305 5
17 3316 7 46 542 4 3847 4 16 6 8245 32 31936 5373 5533 47 187305 36 475 21 6 25450 50 2981 19393 5
17 543 270 60401 2953 35 33 6298 40 15487 6 261 4764 12702 2345 7662 8 785 11423 4 9834 39987 3 426 7564 1896 7 5947 15 864 2280 4 1315 4 8 2589 25 9 14343 7862 5
659 5441 3 15487 7 1273 5373 284 4 46 542 220 12702 864 628 3883 24 8 677 6682 19372 8 56018 543 2520 35 17905 4 95033 4 4 125917 4 8 33 538 19372 773 1415 10 1043 7 8958 4 12398 4 9512 4 48581 4 352 163 3 11963 8 34326 1291 5
273 1262 9124 25 628 35 4 3401 33 4 2858 13091 25017 18 59 5913 5
17 939 7 46 542 16 4393 21 3177 5
8941 341 8814 5152 43826 6854 8 3 2673 7 43826 6 4764 1444 851 8 7120 8599 5
8941 459 51354 3 601 17592 4 1691 9 18423 2370 14 19372 773 2520 8 108368 15 3 1506 1273 10 46 542 5
8941 503 5181 8 29528 28579 946 8 19816 8599 538 19372 773 1170 5
193592 31 392 10 8941 500 4 486 19 8249 14 454 601 5
17 5373 43826 8 11249 4538 31 1940 220 10 1678 3685 8 891 3547 35 126069 12283 32330 4 2560 109 18150 323 6794 4 502 109 2552 323 23235 4 2560 109 2552 323 20630 4 359 109 4 40900 4 7914 4 323 4 6833 33 4 8 27 45 4964 6 6298 1308 773 5
7448 4 40 7362 8 3961 31 3691 3677 10 3 1444 386 4 982 10 2949 35 12702 33 864 9962 5
659 270 3 2345 3101 650 4 307 11884 7 3648 8 1443 27 45 1589 35 40900 4 37702 139721 4 323 40900 4 2560 109 26425 323 235198 4 590 109 549358 4 2560 109 22926 323 10141 4 2076 109 140245 4 368842 4 323 4 590 109 61870 4 744 33 5
54522 192 4538 16 4116 14 189 1296 8 15204 6 333 1445 3 1812 2129 7 12702 864 5
1249 9 2345 535 1141 10 3184 1812 8 28508 2193 13 31 841 6 49019 4 538 65300 4538 16 107 297 3 104 1783 4309 14 3096 10900 8958 1547 6 90 745 133 21 1444 7120 35 79701 4 502 109 79701 4 359 109 323 4 109 323 4 33 109 1444 12045 7120 35 323 4 590 33 109 8 337 678 4527 5947 35 7744 4 274 109 7744 323 18409 4 359 33 5
8 35 2391 33 27 1589 307 2520 15 3 216 100402 538 43826 4538 6 6298 10900 665 10 4759 1444 12045 7120 21 9 10900 8958 7 371991 202 18 3439 19 9 267 543 14618 35 323 4 2391 33 4 182735 202 18 3439 19 5392 421 2855 35 323 4 744 33 4 8 208646 202 18 27279 19 5775 10900 17241 35 323 4 590 33 5
7219 4 40 2062 27 2704 6 12042 3 221 7 1444 7120 745 24 538 32542 992 6 4764 3 338 301 13038 8 3455 9 10900 489 7 4554 202 14 7120 8599 35 4 4 323 4 2804 33 5
158 2186 13 92 3115 7 1444 7120 71 26 2655 19 568 8958 8 11040 24 538 192 6599 4 70 1162 694 10 3 1444 650 86 1176 4900 207 4 89 4 8 59080 5
10526 4 79701 35 502 33 170 13 6512 3 996 267 2062 4 43826 4538 31 3691 3677 10 3 757 857 35 79701 4 502 33 5
8616 4 79701 25810 43826 4538 543 15 18982 23763 27708 35 124913 33 6 4764 1444 7120 3115 4 9 1177 10 47 2086 84 65300 4538 31 3691 3677 5
17 543 49894 5533 1589 24 79701 3455 3 489 7 10900 16 55 6 1614 202 4 47 16 146 568 58 808 5
527 4 79701 1282 538 1117 267 2193 1547 6 2833 4 6249 4 855 4 1923 4 8 281 2000 10 3 426 162 5
17 83 43826 4538 42 220 14 1444 2345 5
81 267 7 2571 2353 7 1444 650 8 1746 4 7744 35 274 33 1589 9 9273 8668 5737 543 2505 3975 1506 4 47 3455 202 8958 10 7678 5868 543 15 9 2965 542 7 178 301 1564 35 7744 4 274 33 5
7744 8 18409 35 359 33 454 4723 5373 164751 1506 19 4253 337 678 100402 6 2769 261 3667 317 5
17 49894 303777 4964 5870 10900 8958 35 202 33 35 7744 323 18409 4 359 33 5
81 267 7 2345 2357 4 24087 4 47153 4 8 75656 35 280 33 12630 8 2069 3 4759 125535 1217 24 10503 22190 197 3695 19 9 84 27647 14555 13 29152 234324 3457 8 10620 3457 35 24087 12283 32330 4 280 33 5
1700 1506 3639 16277 3 2505 8 791 7 1149 25 20947 3851 1444 2345 745 3883 25407 25 2489 1543 5
2625 2062 27 4964 13 5373 43826 4910 3855 3982 522 10 117 3609 35 7744 323 18409 4 359 109 12283 32330 4 7560 109 556277 12283 32330 4 6833 109 2552 323 20630 4 359 109 1604 4 280 109 323 4 6833 33 5
273 3099 4 2552 4 43693 4 622 4 16530 4 8 23235 35 911 33 3677 3 119 71966 992 35 316500 33 1506 18166 37566 10 48480 189 3 32542 992 1646 8 50 96734 35 2552 12283 32330 4 911 33 5
17 2164 1506 661 13 18 48 1783 8 5050 10 21853 1444 569 58 316500 1506 538 794 8 3768 5
12825 4 4 8 14879 35 280 33 1589 9 5373 1506 6 1877 3 3235 5842 1562 6885 24 538 37566 6 25450 54861 4859 8 54861 19393 7 187305 5
145 1506 22308 120 83 1506 4723 10 3 402 3673 15 27143 7578 14 9356 65179 4478 992 35 12825 12283 32330 4 280 33 5
10052 4 7744 35 359 33 4723 1506 6 4764 2869 284 11040 5
659 1088 32 187305 1506 11076 4 1506 19393 42 30512 21 375055 96734 3298 4 18229 7 3 54861 4859 4 8 3 10135 1646 7 23869 637 4859 5
17 9345 522 4964 13 1506 1877 48 7608 58 49894 1506 8 1510 5775 1324 596 1506 35 7744 4 359 33 5
7219 4 3 1506 1273 24 126069 12283 3462 5
35 2560 33 5775 3 6825 13544 5018 4 22190 33855 2854 532 992 4 4 8 12893 470 37582 5018 6 4855 470 21853 544 163 912 7 1574 8 5344 628 35 126069 12283 32330 4 2560 33 5
81 46 1065 4 5373 6599 31 1109 9 3982 601 352 10 3 401 426 35 229326 323 29583 4 7560 33 5
9049 4 79701 35 502 33 25810 9 2714 1092 124913 31660 47 16 4723 6 1649 179777 12988 14 10900 7 3 3115 7 1444 7120 35 79701 4 502 33 4 50 773 16 146 333 58 3 4482 12807 71966 31660 8 4759 124913 31660 5
6832 3 216 100402 10 46 542 4 58618 8 14879 35 6833 33 1273 32 12516 1217 24 10503 282 2520 6 4764 2345 27824 10 12702 1380 35 58618 323 14879 4 6833 33 5
1700 542 4964 13 3 1273 12516 1506 35 11771 4 187305 1635 439493 1635 33 18 48 5050 58 837 2520 19 10900 8958 7 202 5
17379 4 104 7 996 1547 1131 1967 15 883 2190 337 678 5947 49 4759 9856 1380 5
2622 2849 3054 16 9992 65 3 33574 29 9 284994 4462 14 11249 2345 27824 8 14 261 1330 7 143 5947 144 26 5650 103 864 28767 35 96437 4 26425 4 323 26425 20 4 2076 33 5
527 4 10900 544 31 477 1812 106 43 3972 3292 4046 4 64042 4 8 13746 49 75186 628 5
12502 4 3 42101 650 383 2338 1923 912 35 323 478769 4 3495 33 5
1249 4092 71 650 8 4855 1812 544 4 141 138 2096 4046 4 121392 4 8 13746 317 4 38542 746 42101 16 32 1783 1217 14 7678 5947 5
144420 8 10711 14 1444 1380 163 3 12702 1264 5697 2537 25 3 6537 1541 3898 47 1871 1783 3648 2151 5373 43826 27964 5
8616 4 3 1273 1506 10 46 542 10556 8 187305 35 33 4 47 16 149 526 6 4538 10 3 12702 9962 2505 4 6 2285 581 2069 2345 19372 8958 5
84630 773 16 153 677 19 307 6682 19372 2520 8 767 1131 5
19372 543 2520 355 1070 12911 16 58994 623 58 11065 4 10900 544 343 628 19372 544 5
55706 4538 31 543 15 2854 25 6200 13 4434 9796 83735 76 57 7 307 13228 3354 3597 5
145 162 220 179 19372 543 4538 21 12388 2520 35 11771 4 95033 4 260953 4 125917 4 8 33 14 5998 2172 8 9901 4768 2520 7 46302 28579 8599 5
7219 4 192 4538 231 523 2854 12251 13 31 973 7 2414 10 3 267 7 2345 19372 5
59605 2770 42 197 10 28579 34141 30864 538 3 7071 90457 198400 35 370143 4 590 33 4 9 1509 8 17852 628 21615 109896 4 6 1800 3 19372 8 56018 543 2520 10 7678 12702 864 2345 5
95033 8 125917 55706 8 56018 3472 35 95033 33 5533 64360 628 76 1576 55692 108791 35 4 12051 4 4 323 5878 4 5810 33 5
3194 7 3 67 108791 16 2714 285 3 96345 38020 49 90 83 5964 38020 16 943 5
29507 3472 4309 31 300 7156 6 83 17241 4538 10 970 7 8783 954 5
79 2086 84 46302 2714 421 3472 31660 220 14 628 19372 16 125917 35 15383 4 318051 8 66571 40013 13963 33 5
17 125917 31660 13863 95033 2936 13 125917 2527 32 30771 12911 3394 5533 24 4768 8 2527 278468 1016 7 17169 19918 6 9635 14 1268 2770 5
12502 4 125917 16 6943 14 13896 58994 34141 23394 19 2489 5835 35 94768 323 61979 4 2773 33 5
1471 19372 5533 616 1589 24 32988 35 359 33 16 35 32988 4 359 33 5
17 421 2855 42 3455 24 3 14203 31660 231 7106 718 6 1297 8958 10 7995 5036 5
17 35749 1217 35 223803 33 6 421 3472 25828 2179 19 9 928 197 7 8 40 2442 1427 7005 5
17 3472 16 9168 24 95453 3 928 197 76 1731 108791 35 20024 4 106060 4 323 13320 4 502 33 5
17 689 1884 148 95033 8 16 13 3 172 12134 97 46302 19918 4 47 1929 46302 2855 4 8417 3 4991 12134 9 2714 14 290 3936 4 47 1929 9 2981 5
79 206 2155 6 7568 3472 561 16 37578 3 92098 3472 5
17 95033 8 14067 105 3803 231 25017 628 6 47971 6526 30153 2855 24 538 928 628 8417 2527 928 628 14 189 875 8 37578 3 3472 35 382003 4 13141 4 323 4243 4 359 33 5
260953 260953 48426 26327 38124 82124 119818 35 260953 33 19102 72 10104 3 92098 3472 6 3 928 628 24 14448 18831 34141 5835 285 97 67 8780 5835 816 5
17 31660 59 2527 9 172930 95453 5018 13 48940 95033 5533 8 16 1940 3677 10 5471 30951 35 382003 12283 32330 4 359 33 5
66 1665 14 2744 24 538 48426 2842 960 6 5548 289 14087 9 38105 52396 2537 2069 20115 5
26666 4 3 34141 19 3 5591 3320 35 232 6 188745 33 19 3 1070 12911 22 290 38105 16 220 21 9 2714 38105 5
208 3 2870 34141 340 34 240 9 17281 964 3070 4 93 2714 16 2828 4 8 3 31660 5211 5
145 542 4 658 4 12966 3 231 7 260953 4 47 18 1589 6 1213 3 9705 7 3 5533 35 20237 4 54733 4 323 278548 4 3952 33 4 6 30174 3 1341 857 5
18027 4 142 1484 3303 6 25450 3 2714 14 9 34141 12911 121 23 5211 18831 5835 21 831 21 23 3831 13 70 1652 5835 2537 5697 5
260953 19102 46 24 14448 18831 34141 5835 285 97 67 8780 5835 816 5
66 153 16502 3 34141 10 3 507 7 57524 8 3 197 7 5835 13 1929 3 5591 3320 19 3 1341 12911 8 110458 32 5210 188745 14 13 3320 5
8616 4 260953 3831 3 282 2714 14 290 34141 8 13220 47 34141 6 2714 24 9901 40 5210 9421 2770 35 4 359 33 5
78180 543 187305 1506 145 2124 6274 2377 3136 3 10 970 7 50 17592 8 283578 5
98586 249 842 143 3 77565 2981 3334 3 6 3 543 19372 7928 3 187305 6 2705 1812 15987 3898 148 29132 8 55906 5
66 51835 628 538 523 1427 7005 24 7470 9 270 60401 197 4 47 4286 320 7 3 928 9796 197 13 15480 9 10 9 2419 904 5
78180 543 187305 283578 98586 249 5
78180 543 187305 283578 5
66 59 1708 9 8942 7787 13 2527 9 54861 4859 6 2338 3 3076 6 3 928 628 5
17 4650 142 5339 9 54861 4859 35 17905 4 27728 4 395088 4 70865 1625 4 49 33 14 3 187305 154 3 928 650 4 47 16502 270 83735 486 3 4859 3076 5
11394 542 1282 13 70865 1625 4859 35 33 16 2239 9 4203 74 1414 35 18409 4 15669 4 323 14879 4 1095 33 5
4749 3 27728 54861 4 3 9013 5036 76 9 568 61638 904 13 1618 6819 48 3982 522 677 6 83 64431 35 18409 323 14879 4 1422 109 14879 323 14879 4 1095 33 5
12502 4 3 16 3677 6 13014 187305 21 3 54861 4859 5
1249 3 187305 2818 1481 6 197 19547 19393 4 187305 19393 383 26 3455 8255 5
273 19547 187305 10900 8958 4 19393 13 144 26 30512 539 1936 96734 3298 8 54861 4859 19393 133 21 3 7 3 54861 5
364 1273 2155 6 1913 3 282 3298 8 65 538 3 54861 4859 16 7132 31660 5
527 4 46 5018 16 89 12725 8 12134 6698 5
8616 3 6905 7 46 1273 5373 1506 16 6 231 3 47081 12483 7 187305 19 3033 221 7 270 83735 8 19547 187305 19393 6 5313 5944 19372 5
17 30512 19372 31660 16 4241 2042 1298 5
14015 13602 8942 31660 17 16 12072 24 50 3703 7407 6 272 551954 8 325 244038 8 50 785 231 10 5373 5
931 9063 132 9 11580 1026 14 6330 3 33192 7 187305 5
4749 3 6682 1906 4624 31660 4 47 2527 3601 4385 11709 6 3001 537 2506 4 3497 11709 7 11264 4385 25 13602 31527 5
17 71 59 25450 2506 11076 10 8587 123192 544 5
273 946 4 23 71 8255 25450 187305 19393 3298 8 8 187305 27 4861 1783 10 12538 1678 864 891 544 5
17173 3 10777 8 11105 7 290 4 3 67 42 2164 10 3 1273 1506 4 11771 4 5
81 3 4 3 187305 3348 6145 2854 8 11963 10104 125 6145 96734 27708 5
145 1506 18 1589 6 4498 3 3298 8 19393 19 8355 19372 3768 5
9207 60401 411135 19372 81 19372 544 4 187305 16502 9 1687 13 77180 3 3053 148 67 3597 5
201398 3 3053 16 9 210979 5979 565 4 47 71 26 10455 25 50 9460 565 24 7285 209754 123462 5
527 4 4231 14 9 6943 10 9796 904 16 477 10072 16269 14 5238 231 5
364 2104 16 15987 3 9796 904 76 9 568 15209 2419 904 8 153 4231 14 3 19547 5
949 276 2505 7 15987 4 3 187305 71 149 384 3 19547 24 538 19130 1247 7410 10 2419 904 4 226 64431 5
17 19547 71 26 1867 21 9 3109 7 307 9796 266 4 226 270 83735 5
17 689 3644 7 187305 16 21853 9 19372 4859 24 538 928 628 25 67 3597 35 273290 4 33 4 242 4 35 4 18013 33 444563 98236 58508 56012 5
17 733 7 19372 7410 16 6 3434 9 14392 13 17425 928 628 8 2690 70 266 7 3 216 1427 15 3 216 487 125 32838 3 3033 14561 148 3 8 290 7 3 67 3597 35 19966 4 8862 33 5
3690 19966 2464 3 2059 60401 15750 9 12329 3053 7 249 15 3 1432 397 21 166 21 3 2366 397 4 8 3 31479 3053 71 26 43420 21 3177 53 35 249 33 17 19547 16 119017 3267 6 32838 3 3053 4 11771 4 3 3457 148 3 67 8690 3647 8 5
17 234324 4385 7 3 3053 16 4 114 5
17 3235 3053 16 59 3 3033 341 12715 4 1441 6 37863 35 341 33 5
12502 4 3 565 71 26 27394 21 35 341 33 1249 3597 71 3691 26 6564 180305 4 136896 3 19547 1535 565 16 666 5
8616 4 9 197 7 23394 13 1170 37863 13422 16 304 14 290 397 5
17 380 24656 16 35 459 33 114 3298 16 9 1936 96734 35 3768 1936 33 3112 24 3 5
446326 35 459 33 71 26 10455 24 3 8176 114170 123462 8 912 35 4 3401 33 5
17 421 4859 71 26 1465 21 35 503 33 114 4 8862 16 7154 538 928 628 5
520 54861 7410 11856 35 94604 4 33 539 395088 4 70865 1625 4859 35 33 8 64431 35 42408 323 2550 4 744 33 35 5
35 500 33 35 700 33 4 3995 33 5
216015 19393 10 3 54861 7410 144 26 30512 14 3235 31392 8958 5
395088 54861 53 35 500 33 141156 1625 4859 54861 53 35 708 33 54861 53 35 700 33 40497 4 120 4859 11856 35 94604 4 33 12404 16170 2106 1215 71 26 220 21 3 54861 4859 5
2018 192 7410 4 3 201026 4859 71 4434 3 5907 197 25 3 9796 904 76 9 272 61638 2419 904 2875 4 47 16 206 14 3364 3 1812 108140 1322 148 3 9796 8 3354 5036 35 18409 12283 32330 4 1095 33 5
10526 4 3 27728 54861 16 9 856 267 7 35 353339 323 14879 4 1095 33 13 3 27728 54861 19 9 1936 96734 3298 12134 3 216 54861 19 3 19393 35 3298 109 33 5
17 54861 59 37662 7521 6 3 14 1087 19393 5
527 4 3 54861 16 34 333 58 3 54861 10 614 35 14879 323 14879 4 1095 33 5
17 169 1033 16 13 3 221 7 62230 19393 6654 1506 3394 10119 5
17 395088 54861 29 48 62230 19393 677 6 3 54861 5
17 54861 6274 2121 28579 4166 5
7219 4 3 54861 16 21652 35 11771 4 34 3 6706 1247 7 67 83735 33 163 1087 19393 35 4 3401 33 5
8561 1131 59 1282 3 231 7 54861 4859 10 3 187305 1506 16 3206 8 4783 35 18150 323 6794 4 502 109 18150 12283 32330 4 2076 109 98456 12283 32330 4 7560 109 323 4 6833 33 5
81 46 4974 4 3 54861 4859 16 220 14 108140 3898 148 1427 7005 8 13987 10 46 542 5
33194 7 8 187305 98586 341 14103 3 9384 6589 35 16200 33 7 17938 8 187305 5
67704 650 98586 341 5
67704 650 5
14983 4141 131804 5
17 733 7 3 4141 16 6 1000 9 1193 7 11709 4623 70 537 5743 69046 35 155329 33 7 678 17 12134 3 2395 1332 650 4 47 14027 12244 9424 31527 7 4385 4 114 11856 11102 14305 8 14305 3001 565 4385 5
17 871 142 26 3112 39386 4 8 16 1618 4939 21 14305 115998 17 1193 1646 9424 142 26 92443 538 446326 35 704 33 14 3 46302 30557 565 35 15829 4 36859 4 323 12929 4 3952 33 5
35 704 33 114 8258 35 33 2464 3 2842 7 9 1966 6951 47985 12510 6 9600 13300 8 2464 3 187157 5514 35 11771 4 3 5514 7 5188 44398 6 3 1884 148 67 4135 155329 33 5
72312 15441 2464 20814 221 8 11856 2464 20814 678 5
1526 19393 142 26 197 39386 10 9067 19 3 565 5
139052 2113 5
17 3644 7 8557 16 6 5548 3 5188 7 31527 5
17 650 6293 3 22462 3 5188 7 290 28451 5
81 3 2007 2020 4 3 34298 2113 5
17 3316 7 3 1506 16 6 4498 9 2104 13 1708 189 9 272 2463 7 8958 8 3 1175 6 26 48015 6 9 3707 565 197 5
631 1506 8958 10 970 7 9796 5897 71 26 2069 24 1723 3 221 7 270 83735 4 32 5050 1506 13 16 115 6 2338 9796 5897 340 34 4202 3968 1308 565 3074 166 5
81 614 4 133 2520 3520 25 9796 5195 628 72 10104 8 9 10220 7 83538 2763 5
8616 4 3 6905 7 3 17120 1506 16 6 231 3 47081 12483 7 187305 19 9 3033 221 7 270 83735 8 19547 187305 19393 6 5313 32 5944 653 7 10900 8958 10 5208 27708 544 5
480677 4141 116738 3394 5
17 54048 4141 18683 61 788 6594 13 112 34 7857 6 155329 4 95 13 3 37839 1193 147589 9 272 5084 7 206 6594 7880 6 155329 5
901 884 4 276485 20973 8 8515 3394 4 31 2828 154 3 54048 4141 5
79 8515 7787 29 45 220 35 20237 12283 32330 4 3952 33 6 8916 1223 148 589 4483 13 432 312 10 1029 4 114 1602 3394 148 67 11709 16 97 7262 92 43 432 9 1370 58 230 221 7 6594 10 1029 5
81 6951 11709 7 67 523 9998 4 4 4 3 8515 71 26 7154 538 446326 35 782 33 5
35 782 33 5743 69046 87721 5
81 3 4644 962 10 3 767 2124 4 3 3897 2179 123 22 9 4385 91415 3 565 4385 5
81 678 6 128 3 6 4859 3577 4 46 2007 4385 383 26 1842 285 23 1170 449 408 6 276485 4385 11856 35 20237 12283 32330 4 3952 33 5
17 629 6 587 46 6 162 3577 16 10371 55 4783 206 589 2146 4647 95 13 4 141 508 6951 59393 4 57 49 48 4647 816 14 4831 5447 5
4141 16943 8 289595 5
156923 4262 4 47 539 8 17904 4262 4 31 220 21 4624 4262 10 3 5
17 3802 4 825 6 3 17764 3802 10 3 1906 37566 4 16 220 6 147596 523 11709 6 1000 84 11709 5
17 423 3802 4244 9 13602 3897 76 67 1172 538 9 423 13300 12330 3082 504225 35 115998 249 33 4 114 504225 16 9 14644 1023 8057 423 13300 8 2464 3897 4385 5
38826 4385 60091 10655 19 3 13300 13 3 3897 36 26 423 5
17 423 397 16 3112 14027 486 3 3897 5
17 91059 3802 8731 67 11709 19 9 14644 91059 13300 35 43756 33 5
273 946 4 21 1595 10 98586 459 4 67 11709 35 35 341 249 33 35 249 6494 33 35 500 6494 33 35 459 249 33 33 8 35 35 249 249 33 35 341 6494 33 35 708 6494 33 35 503 249 33 33 31 225566 76 35 35 341 249 33 35 249 6494 33 35 503 249 33 33 8 35 35 249 249 33 35 341 6494 33 35 500 6494 33 35 459 249 33 33 54 110 423 8 68126 5
15829 12283 3462 5
35 4164 33 1273 8 9 3235 3897 4385 4 54 110 423 8 68126 4 7 4 114 14305 2464 565 4385 5
43756 16 3054 197 6 249 35 15829 12283 32330 4 4164 33 5
3802 98586 459 5
3802 5
213753 5
213753 5708 17389 6951 893 10 1678 31527 4 47 11899 111 8225 637 7 533 104296 5
81 3 4 17904 3880 6 8743 3 871 7 187305 19393 8 30110 12338 14 333 773 5
66 38557 57 49 48 6594 19 9 13300 35 10441 33 5
17 17904 3802 520394 3 116795 2770 7 3 13602 28451 24 8748 91 25 249 6 6494 8 1797 22206 4 19 9 125444 13300 10441 35 196 98586 503 33 5
213753 98586 503 5
213753 5
68797 628 2137 659 5441 3 77403 8 3961 7 3 2345 19372 4910 4 46 542 220 12702 864 628 3883 24 3 3431 2386 9456 1120 35 33 3 14343 1829 8195 173 416 8 2693 1444 10 3431 5
17 542 5536 4286 75723 12702 1380 13695 24 3 154 5
1302 3 75723 6544 1200 4 85554 42 1035 1681 4 14 9 1070 489 7 136866 202 5
145 272 462 489 25 1678 14343 2367 142 26 12315 6 3 33574 4 3 104 646 14343 1829 4 5750 1339 1534 5
17 19026 848 1822 6 4697 855 9908 628 4 3519 317 4 864 10777 4 8 864 2345 3101 628 5
2625 1380 39 48 58 57 2345 35 3 1391 489 18 836 5947 14 57 864 33 154 1678 864 16200 5
8616 4 3 1308 100402 848 628 14 6517 3082 56507 745 35 11771 4 161917 3082 42916 14510 2345 745 109 112657 3082 21770 2345 745 33 65 6535 57 2345 15778 21 9 837 267 5
6297 15 2516 9464 8 628 5681 4 864 13987 8 40 7592 13 42 1798 4279 6 3 10900 3354 7 518 42 1658 24 1339 1822 5
20498 341 61685 3 11245 10809 7 58994 7005 8 28579 11612 14 3 3979 542 5036 5
6165 7 70 184463 10637 4 76733 202 42 2828 24 3 885 98 5
2330 3 271 583 85 4 104 173 1444 29 694 2833 8 932 2089 35 46367 202 33 4 14913 8 784 2089 35 42323 202 33 4 3977 2089 35 39972 202 33 4 8 346 1378 433 2089 35 15416 202 33 5
81 9067 19 3 292 1330 8 726 534 4 57726 202 7 1380 42 2852 10 1615 3431 5
7443 5601 35 61813 202 33 8 394 5601 35 71658 202 33 4 47 42 6401 232 6 2029 386 24648 4 11824 104 540 1031 683 5
81 104 745 35 211607 202 33 4 3 98 1252 1105 8 2033 6090 6 3823 3 706 5
20498 249 5
56360 40056 5
143284 29091 42343 22827 29091 149183 395172 42343 314235 99460 20498 341 5
4369 13987 8 40 46986 4015 5
337439 7337 1079 4 58994 4336 49 11245 6652 84181 23394 15791 7 98 635 10 886 1721 1829 35 76733 202 33 109 25504 35 16622 202 33 109 325 98 35 1403 202 33 15791 7 173 1444 8 2033 249 53 4876 2089 35 39972 202 33 109 341 53 9524 28171 35 6494 202 33 109 459 53 5348 4550 6350 2089 35 7170 202 33 109 503 53 154873 35 5696 202 33 109 500 53 5126 1605 2089 35 5853 202 33 109 708 53 5126 60153 2089 35 3921 202 33 109 700 53 46179 8 784 2089 35 42323 202 33 109 704 53 3317 4387 2089 35 11431 202 33 109 782 53 3852 4387 2089 35 4611 202 33 109 183 53 13849 8 932 2089 35 46367 202 33 109 407 53 3966 1378 433 2089 35 15416 202 33 109 403 53 4465 2089 35 6494 202 33 109 698 53 2386 727 8 1096 1605 2089 35 6494 202 33 109 685 53 4106 2089 35 9102 202 33 109 409 53 10724 2089 35 3921 202 33 109 697 53 3966 1784 2089 35 5853 202 33 109 800 53 3966 1283 2089 35 7627 202 33 109 630 53 3966 23571 2089 35 6766 202 33 109 947 53 118 3540 726 35 6494 202 33 109 302 53 18350 2089 35 12679 202 33 4369 2737 362 35 57726 202 33 109 1055 35 44331 202 33 109 294 35 36606 202 33 109 752 35 12604 202 33 109 5325 1620 35 5853 202 33 2859 1829 1721 1829 35 115217 202 33 109 25504 35 72808 202 33 109 325 98 35 57000 202 33 15791 7 4513 540 1031 3260 386 19372 1325 35 6766 202 33 109 5369 35 61813 202 33 109 62331 35 71658 202 33 109 412410 35 15416 202 33 11772 8 1746 1513 913 1708 1105 8 358 2033 35 211607 202 33 109 98 1708 1105 8 540 3469 6090 2033 35 14828 202 33 109 540 1708 1105 8 6090 2033 35 9610 202 33 12702 9856 1264 264450 35 45827 202 33 109 35199 35 82236 202 33 109 492124 35 42274 202 33 3966 173 66473 21 346 173 10 12702 1333 35 68641 202 33 109 34 346 35 37906 202 33 4369 2430 17245 53 109 78010 53 109 1153 53 109 2029 44398 53 35 4746 195517 109 21639 53 195517 16 52 21 7 27264 5
2076 33 913 455 683 17245 53 109 5806 53 109 1153 53 109 2029 44398 53 35 4746 195517 33 5444 455 683 1058 17245 53 109 5806 53 109 1153 53 109 2029 44398 53 35 4746 195517 33 5444 455 683 5514 35 33 17245 53 109 1153 53 109 2029 44398 53 35 202 33 62723 884 11861 17245 53 109 1153 53 109 2029 44398 53 35 64 33 37442 23394 68797 27824 720 2345 2273 35 115892 202 33 109 2345 2273 35 42274 202 33 19310 4 3 108 346 12702 5310 14 4795 173 416 42 264450 35 45827 202 33 4 35199 35 82236 202 33 4 8 492124 35 42274 202 33 5
17 414 564 923 35 33 35 4 2076 33 15103 264450 35 30870 4 3270 4 8 2589 33 21 9 1264 10 47 9 540 6930 10744 8 4278 9 84 2033 103 12699 23 6 3 98 22 3 194 7 3 944 566 5
17 98 1618 1708 1182 5415 137 1739 270819 2310 5
1471 12702 1264 4939 24 3 52950 16 25643 4 3270 4 8 2589 35 492124 33 4 10 47 9 540 6930 156611 32 1806 2033 8 153 4278 8 6866 3 2033 22 50 209 552 14 3 944 566 5
21602 2096 97 891 8 6721 2310 31 6401 21 35199 35 3270 8 2589 33 1380 5
6876 4 8412 2693 1380 7253 6 138 13 31 533 8 4185 528 10 2430 35 11771 4 3 8412 1380 10 46 542 39 32 596 871 7 2429 98720 99 195517 33 5
17 3883 628 2573 13 3 676 1058 45136 2151 12702 92443 54859 174 195517 5
17 1153 455 683 24 3 98 8 540 4814 147 864 18 80676 99 195517 8 99 195517 4 3995 5
40497 4 596 540 455 683 5514 18 21 272 21 105254 202 5
17 1153 11861 7 7941 2033 884 18 52 57951 85 35 3235 4 1054 85 33 5
659 1415 3 77144 148 3 40345 628 4 14673 1870 16676 42 677 148 3 9022 58818 8 1070 12911 2151 48426 2842 2279 6 44732 3 3898 35 20498 459 33 5
766 1665 3455 17281 964 522 19 30936 926 7 22 248 500 202 2936 3 12911 35 11771 4 1330 8 1746 1513 33 4 47 18 9 9281 7 3 55833 19379 4 11771 4 93 1322 18 6453 148 3 1843 12911 35 9796 12911 33 8 3 4848 12911 35 3354 12911 33 5
20498 459 5
82911 1870 8 48426 2842 960 522 14 4253 745 5
4369 13987 188745 68797 2273 35 202 33 1792 326959 1721 1829 111615 70223 32121 3860 98 34302 15791 7 173 1444 408478 4876 2089 15416 5126 60153 2089 20568 46179 8 784 2089 35322 13849 8 932 2089 27462 3966 1378 433 2089 21977 18350 2089 23382 11772 8 1746 1513 913 1708 1105 8 358 2033 137458 913 1708 1105 8 540 3469 6090 2033 14828 5444 3469 1708 1105 8 6090 2033 9190 12702 1264 408478 264450 65364 35199 58138 492124 32720 3966 173 2693 408478 720 82716 3227 59947 4369 2430 35 4746 195517 33 408478 11102 3352 31326 31326 6117 3670 95921 35 202 33 11102 605 9102 94081 11431 6117 2628 147701 294633 35 64 33 408478 11102 500 38964 98260 14828 27789 6117 302 35781 273 946 4 297 3 4253 745 35 112657 3082 21770 33 4 885 98 1656 39 9 568 13300 7 29060 5947 35 111615 202 13300 33 677 6 8058 35 32121 202 33 8 325 1656 35 34302 202 33 5
26666 4 10 173 1444 8 2033 2125 92018 5
249 4 708 4 700 4 183 4 407 4 8 302 35 20498 341 33 4 5947 2273 10 115892 202 7 1380 5
17 628 661 13 88422 202 5947 2273 10 1615 8 1372 3431 5
22212 4 137458 202 7 3 5947 2273 65 3 98 1252 3 1105 8 18 1479 14 2033 1746 125 4028 341 202 2273 65 540 706 1252 3 1105 8 1254 3 2089 792 5
2018 3 12702 5310 4 3 13300 7 5947 18 568 10 264450 35 65364 202 33 58 10 35199 35 58138 202 33 8 492124 35 32720 202 33 5
40497 4 480 3 864 18 5361 5780 21 346 2693 4 3 7662 7 9 2345 2096 12702 35 59947 202 33 18 798 58 13 10 211081 2693 35 82716 202 33 5
7219 4 480 3 864 871 8641 575 99 195517 4 3 2345 27824 18 69768 400 568 58 13 14 1380 5794 148 500 8 575 99 195517 49 287 58 500 99 195517 5
527 4 65 3 540 1031 683 8641 2628 202 4 3 2345 9980 853 6 147701 202 5
40497 4 2345 5897 42 2537 1547 6 3 7941 1315 566 5
20498 459 61685 3 11245 522 7 3 2858 2376 5
13385 1415 14 19372 5753 477 231 11856 13091 2858 25017 31660 6 12042 9124 2442 19 3 6951 12540 7 3 928 8 32044 628 5036 5
35 3401 33 454 1091 13 94145 25017 2279 52396 3 19547 66413 89 8 48517 35 4 3401 33 5
8616 4 9 89401 94145 2858 25017 1217 18 220 6 5548 1506 773 10 46 542 5
55706 773 71 26 12354 24 8116 3 221 7 9109 4218 1427 6200 35 1359 23261 109 149183 33 4 3 221 7 9109 4218 6200 13 112 34 7857 6 3 1427 35 1359 21541 109 99460 33 4 8 3 221 7 6200 13 42 883 14414 6234 6 3 1427 35 2915 23261 109 314235 33 49 13 42 52692 21 1427 6200 35 2915 21541 109 395172 33 35 338617 323 4 280 33 5
17 179 3036 10301 9 6498 40056 35 20498 249 33 4 47 71 3855 1170 7081 220 14 46302 19372 133 21 8958 4 12398 4 9512 4 48581 4 8 352 163 3 102187 11963 35 57736 33 35 145000 4 4 323 4 280 109 2552 4 590 33 5
659 8612 3 1506 773 4 19372 773 1415 71 26 3455 21 1298 35 183 33 35 407 33 35 403 33 35 698 33 35 685 33 6297 15 3 996 1170 4 3 508 1308 596 773 1846 35 2567 33 16 1273 35 409 33 114 15441 2464 3 221 7 9022 773 1170 8 49380 68806 3 211736 773 1415 5
17 2567 1079 16 109 3 85612 10655 60091 19 3 7362 7 3 1308 8557 1170 5
17 19372 16676 42 30812 24 2858 13091 5018 5
81 290 13091 5867 4 4 95033 4 4 125917 4 8 42 6227 14 1506 928 5
17 2279 13091 18 153 220 6 8612 3 1506 7 290 5018 5
17 4644 18 153 37195 6 3 161 13091 285 70 31080 42 2870 5
17 64112 177751 35 10255 8 11107 240 2755 8 2655 522 4 3995 33 14 3 1570 2520 42 220 6 25767 1506 773 10 970 7 218 1170 53 8958 35 446326 35 183 33 33 4 12398 35 446326 35 407 33 33 4 9512 35 446326 35 403 33 33 4 48581 35 446326 35 698 33 33 4 8 57736 35 446326 35 685 33 33 5
79 34326 1291 2567 35 446326 35 409 33 33 18 59 10978 14 290 19372 1506 6 3001 1308 773 5
20498 503 842 3 2858 13091 17241 773 5
40497 4 3 7071 90457 198400 4 9 1695 1783 8 17852 628 21615 109896 4 18 25810 6 1800 179 19372 4538 21 12388 2520 5
766 1570 19372 2520 3439 22 248 1614 202 8958 2936 125917 5
17 18 3 104 5050 10 970 7 8958 871 35 307500 202 33 4 3 104 1029 837 1415 7 1506 773 5
81 970 7 1308 773 1415 2567 4 35 33 4041 1391 979 24 4 95033 4 4 8 125917 5
22212 4 18 3 282 1506 14 48975 14510 2345 6200 35 9512 3082 202 33 125 2828 282 22 7678 2345 8599 35 8958 3082 307500 202 33 4 9365 19372 33375 14 93 2345 6200 35 12398 3082 511063 202 33 8 7995 2345 745 35 48581 3082 544521 202 33 5
7219 4 18 59 3 282 303777 10 970 7 7138 2915 19372 35 57736 3082 33 5
20498 503 5
2858 13091 17241 773 5
55706 1506 90025 35 202 33 42112 35 202 33 126073 35 202 33 478640 35 202 33 57736 2567 35496 1506 307500 35 249 33 511063 35 249 33 364606 544521 35 249 33 35 249 33 35 249 33 79528 1506 95033 318850 304090 35 341 33 307500 35 341 33 35 341 33 35 341 33 35 459 33 458852 35 459 33 311607 35 341 33 512493 35 459 33 35 459 33 35 459 33 125917 448036 320277 35 459 33 35 341 33 35 249 33 353037 35 341 33 11394 162 33697 1217 35 58618 323 14879 4 6833 33 275344 388755 202 39168 24 96068 19233 150054 33631 20014 35 249 33 35 459 33 352829 773 5791 109 17 6636 2770 3001 3 282 773 1170 5
11218 4 58618 8 14879 35 6833 33 220 12516 1217 6 2882 2345 19372 5
35 58618 323 14879 4 6833 33 5
20498 503 842 13 3 1273 39 2069 713 24 96068 202 35 8958 33 4 19233 202 35 12398 33 4 150054 202 35 48581 33 4 33631 202 35 57736 33 4 8 20014 202 35 2567 33 5
273 104 7 3 773 1170 4 3 542 3455 48 16672 522 58 155 3 767 162 5
145 542 12966 307 536044 13 71 26 3677 65 538 95033 4 125917 4 4 4 8 35 9 5373 1217 33 6 4764 2345 27824 5
81 970 7 8958 4 35 307500 202 33 8 35 202 33 31 3 67 282 19372 8 56018 543 2520 10 7678 864 5947 5
7219 4 1708 3 1391 1308 773 14555 1846 35 33 2016 8958 4 12398 4 9512 4 8 57736 5
40497 4 19 3 5694 7 4 47 18 1589 24 3 4888 8 6227 496 9 17315 4462 4 70 2520 31 2093 5913 2151 24903 49 1283 1586 5
13751 6 3 12388 2520 35 11771 4 4 4 95033 4 8 125917 33 8 767 162 4 1708 202 568 19372 8958 5
54776 383 1384 3 92616 148 1283 7732 1442 3648 8 9 217449 5373 42101 1506 5
18027 4 57 144 1865 289 3 3070 10 11427 8958 3455 24 16 973 3 304 900 666 6 1800 9 84 1506 677 6 538 10793 558 19372 8 56018 543 2520 19 4861 3279 7 231 4 8853 8 5681 5
10351 601 71 1101 15 1572 2516 1443 19 2801 49 9160 31054 6 10792 231 24 864 2582 5
223651 11249 2345 27824 1708 3 18356 1729 8 284994 317 666 6 3009 785 5947 2875 8 6 5339 3206 3101 5310 103 5947 4722 5
1113 3 1273 19372 4538 27 4861 1783 14 261 10900 7 2345 7662 10 12702 1380 2096 173 2693 416 4 90 19372 4538 8 40 10887 42 34 12354 10 46 542 5
7219 4 742 32 54861 4859 18 220 10 3 543 19372 8365 10 46 542 4 83 54861 19393 8 83 187305 3351 142 59 26 30512 538 3 216 1217 5
11649 96734 27708 3803 71 26 220 6 4855 10900 49 67818 3320 544 6 421 270 284 5
145 542 1091 13 3 1273 5373 5018 71 4530 98 1656 10 261 1729 7 2345 27824 4 8 9834 2790 3 89 8 900 666 6 3473 9 1396 197 6 35851 1368 5947 297 1162 5