81 46 1381 4 80 1379 9 3093 1217 14 8116 3 181810 11140 10 41748 6905 49569 64374 23114 35 33 13 29152 9 499320 1936 5018 14 88292 27728 7410 5
81 1243 4 80 1379 9 5018 13 132 3 181810 11140 48 4116 21 421 270 284 53 23 29408 3 5043 41748 6905 1712 392 1087 16275 5
134 8916 129 565 6 9 1427 7 31276 4 8 58752 49569 7026 5
17 499320 1936 1217 16 543 15 3 92248 2106 375055 5018 8 23 6655 9 13808 66590 1217 6 384 3 632 181810 1496 486 3 181810 11140 5
23620 25 767 499320 4309 4 114 3 96734 738 6 26 528 385 8 13655 35 90 400 2537 33 3 2007 12329 4 129 1217 6955 3 871 7 3 12329 538 9 1043 35 33 8 3 96734 35 33 22 3 216 89 3096 3 66413 7 3 632 181810 1496 5
17 867 16 6 25450 3 19393 8 133 13 3 12329 106921 3 1494 3157 5
134 197 3 2007 871 8 153 4472 23 285 290 534 26920 6 3 632 181810 534 5
81 46 1065 4 80 7673 1954 143 3 19393 8 3130 6 4568 8 80 2148 3 23462 7 3 66590 499320 1936 31660 5
349 3 83 881 4 129 534 66590 41748 6905 27964 9239 9 66590 543 1217 95 13 3 12510 1973 10 3 6905 904 1487 9 181810 11140 7 100 632 181810 1496 5
134 93198 27241 3 5018 8409 9 28579 946 7 9 521 2155 2104 7 3 1366 22853 1330 565 6 474 313 10 3977 7 780 8 31223 5
17 10554 650 12956 10 46 162 35471 6 3 104 5005 46333 7112 2520 3677 10 1407 496 3 49474 5309 601 352 5
34809 1165 41748 38020 27708 16 9 25336 601 352 19 32 3844 2137 7 2104 13538 8 4309 2209 10 3 6854 35 14 32 20071 196 4 14 946 4 51710 323 4 911 109 93012 323 76765 4 2076 109 323 4 1422 109 4 274 109 4 4 323 302962 4 280 109 4 4 369389 4 323 4 6833 109 4 36859 4 323 139866 4 1515 33 5
17 104 1029 5141 7 41748 38020 27708 16 13 7 4213 35 49 181810 19547 33 2506 4 13563 138 2506 13 71 34 26 2069 1918 10 70 25927 35 19 5375 3070 16 22 248 57 11572 33 24 184 2104 5
50850 4213 2506 31 461813 5
1301 4 523 4309 27 45 1273 6 2705 57 19547 2104 4 133 13 7 8116 3 463238 16691 7 3 6905 7410 5
19506 4 32 27708 5018 13 2697 6 9 59347 2104 16 3 18751 27708 565 4 114 57 38020 16 30512 1441 6 10023 12453 15 3 461 5
81 1407 421 3891 477 384 23 572 6 10807 133 13885 4 8 51 4535 9 8593 5018 543 15 32 7112 284 488 6 54812 3 1079 7 133 537 6645 5
966 1296 25810 17852 46333 7112 2520 133 21 181810 543 4538 14 3510 46 3351 7 544 35 275700 4 515477 4 323 4 590 33 5
81 3 5114 7 49569 421 6589 35 105796 33 812 1131 27 45 1589 6 49075 4213 2506 5
4 1604 4 4 8 503775 35 5981 33 2209 9 543 15 3 596 5157 4859 6 26077 3 1332 2757 7 4213 1496 4 4213 112968 1496 8 4213 266 538 27728 5979 5
221624 4 4 8 35 3401 33 1109 9 24656 14 13342 1188 416 2016 3 352 596 1070 89 8 3 137214 10220 10 3 1175 7 290 1578 6 3383 426 15841 26899 10 50 209 642 5
8 35 2804 33 1282 9 534 43241 27964 14 1913 70 19547 112968 21431 1496 1477 19 19 93 22111 21 166 21 22111 5
77149 4 126027 4 8 35 502 33 1109 19 2489 11124 5157 8808 1571 13 3 181810 11963 71 26 92443 10 395088 89 10 3 1646 7 3 105796 5
4 531698 4 8 35 359 33 4400 4213 27964 14 41748 6905 1506 6457 544 47 1002 10 89 395088 10 3 1646 7 3 105796 5
8 35 33 1252 9 5018 543 15 29404 3 234324 3457 16 1273 14 7470 9 166 5146 181810 197 10 41748 6905 27708 14 9 1427 7 58752 49569 7026 5
35 9770 33 1273 6 1667 3 35 33 27708 1217 114 3 459997 1622 8 4783 912 31 28980 6661 14 9 181810 19547 2104 10 5
8 35 33 2209 9 41748 6905 2104 7 3 181810 815 14 49569 7026 13449 3 1494 41748 6905 565 76 32 3267 108140 5979 565 9375 3 114170 5131 5
8 35 33 1282 9 3093 5018 14 8116 3 41748 6905 565 10 3 267 7 9 13377 164 904 538 3 2568 3457 5
12586 4910 14 18751 106385 42 2209 24 4 117675 4 8 35 1515 33 4 543 15 3 3695 7 160269 2854 293438 5
371760 4 90686 4 8 35 7782 33 1252 32 31660 6 9239 9 1217 6 25450 3 19393 7 9 4859 13 15103 9 59744 10 3 534 96734 904 95 13 3 12510 1973 10 3 6905 904 1487 21 408 21 537 6 3 181810 11140 5
238 166 21 4 4 4 11879 4 8 35 280 33 4400 3 1212 7 11700 160269 1496 6 55759 8090 8 5422 9 1654 916 7 160269 534 424 21 9 8087 534 8669 67 523 4309 5
115877 3062 286 1384 9 614 60401 27708 565 21 35 249 33 114 16 3 27708 12911 4 16 9 3656 28905 4 16 3 6905 4859 4 31 3 15728 37863 7410 4 8 31 3 8864 37863 7410 5
2569 3 3656 28905 16 220 6 6786 3 6905 2770 5
17 27708 565 2209 10 446326 35 249 33 16 9 115615 27708 565 92 53 4114 33 3 6905 4859 18365 35 14937 33 16 115615 4 25547 33 3 15728 37863 7410 366039 35 14937 33 31 115615 4 8 31883 33 3 8864 37863 7410 40834 35 14937 33 31 5
3062 286 1384 3 197 7 23862 6905 2770 7 16079 266 4 17 2770 31 6 26 677 538 3 15728 2677 13 273290 16 333 58 49 3628 10 871 6 309581 5
81 46 1065 4 92 3 197 29 9 3033 35 19547 397 7 3 565 392 10 446326 35 249 33 33 153 87 16 9 16079 397 14937 1910 133 13 14 70 16079 94604 5
355 32 27708 565 29 32 19547 397 23 16 2665 53 92 14937 1910 16 32 19547 397 153 18365 35 14937 1910 33 71 26 677 6 3 6905 22 329 83 16079 397 4 8 16 333 58 49 3628 6 23 5
79 397 14937 1910 16 19547 92 8 97 92 23 16 16079 8 114 16 3 197 7 2770 13 31 1734 58 4 49 3628 6 4 18365 35 14937 1910 33 5
134 140 13 9 16079 397 14937 16 181810 19547 35 49 4213 33 92 18365 35 14937 33 16 9 8355 5606 7 3 197 7 23862 2770 5
81 46 267 80 140 13 18365 35 14937 33 16 9 181810 19547 397 14 3 27708 565 392 10 446326 35 249 33 5
8616 4 9 397 14937 1910 16 181810 19547 92 23 16 16079 8 4 14 120 16079 14937 4 14359 5
79 397 14937 16 181810 19547 92 8 97 92 23 16 16079 8 35 341 33 114 16 3 197 7 266 13 31 333 58 49 3628 6 18365 35 14937 1910 33 4 11771 4 3 23862 871 333 58 49 3628 6 18365 35 14937 1910 33 16 18365 35 14937 1910 33 1010 5
622 27708 565 71 27 117 181810 19547 266 5
3265 181810 19547 397 16 32 23862 6905 871 13 3443 10 3 11763 7 3 197 7 16079 266 5
17 197 7 181810 19547 266 44931 114 68806 3 11763 7 3 197 7 16079 266 5
3062 286 1384 3 463238 27708 565 35 459 33 17 2059 60401 16 9 481 96734 13 2228 6 4498 35 2285 33 523 181810 19547 2506 7 3 27708 565 35 249 33 5
119017 4 46 770 13 9 397 14937 16 19547 14 3 565 92 23 53300 35 14937 33 72 3 16079 197 4 92 8 97 92 14 120 16079 94604 5
208 3 27708 565 392 10 446326 35 249 33 16 115615 4 153 3 565 392 10 446326 35 459 33 16 59 115615 4 121 35 14937 33 16 9 463238 5794 115615 4859 5
145 770 13 80 71 384 181810 19547 266 7 9 115615 27708 565 24 12538 9 115615 463238 27708 565 5
11346 13 46 565 142 27 461813 2104 5
92248 2106 375055 35 92248 4 4 177462 4 323 63066 4 3401 109 92248 323 4 7780 33 16 57 7 3 104 974 6599 6 4855 33770 3180 5208 7 3 156894 565 35 503 33 17 5018 1389 14 7601 32 60029 7 14937 24 5726 3 156894 565 35 503 33 24 9 22285 565 7 3 916 19 9 375055 96734 6117 6494 5
17 1043 91945 528 2770 7 14937 4 8 665 10 9 8295 2104 10 745 65 29404 3 74 1043 97 340 34 5
17 96734 16 43420 6 4498 3 243 1760 363 189 4 3 1494 6905 4859 8 3 1043 396 5
134 71 962 3 375055 565 21 32 27708 565 35 500 33 6832 3 5018 6 4855 3 565 392 10 446326 35 500 33 80 27 13 134 27 13 3 4859 35 14937 33 16 9696 115615 92 3 196094 40056 16 1432 26918 17682 49 4 266340 4 144 581 3 15728 49 4 266340 4 144 581 3 15728 35 708 33 527 4 10 46 267 144 26 528 385 8 23 71 13655 35 1484 2537 33 3 3157 7 3 1494 12329 5
8135 4413 659 1213 46 59896 4 46 1381 1708 9 3093 1217 14 12538 3 41748 6905 49569 7026 565 538 9 313286 88292 27728 7410 543 15 9 1936 4859 27708 1217 5
145 1381 754 3 508 4117 53 2778 6297 15 3 644 13 3 87625 27708 565 29 9 2665 2104 97 92 3 12329 16 3092 115615 4 80 28669 3 230 2763 14 3 499320 1936 4859 14 3 18751 565 150 8864 8 15728 12453 5
2778 22465 4 80 1379 3 689 665 15 3 266 7 3 1936 7410 7556 13 87 6848 9 2104 7 3 1494 565 19 8355 16036 12715 47 16 2665 5
2778 1301 4 80 1919 9 13808 66590 31660 14 8116 3 1936 4859 5
134 2148 3 23462 7 3 66590 5018 8 3 489 7 23462 7 3 19393 4 8 5
2778 81 1243 4 80 1379 9 1185 7 3 216 31660 276 15728 12453 5
2778 2927 4 80 28669 3 7285 2370 19471 15 49569 7026 8 8409 3 88292 27728 49569 470 7410 14 28206 524 3 313286 88292 27728 7410 2104 1217 16 1622 5
2778 134 28669 3 1494 565 2016 3 8258 12911 5018 14 3 5385 7 27728 12453 72 3 88292 27728 7410 10 3 5
2778 134 1379 9 5018 13 132 3 181810 11140 48 4116 21 421 270 284 13896 3 5043 41748 6905 1712 392 1087 16275 35 323 4 7782 33 5
2778 5583 4 80 93198 27241 3 5018 8409 9 28579 946 7 9 521 2155 2104 7 3 1366 22853 1330 565 5
4220 7 3 1381 17 8254 7 46 1381 16 4393 21 3177 5
17 161 8941 1708 3 58752 49569 7026 3695 8 3 24656 7 3 5
8941 459 6274 9 421 270 5018 13 9286 15 9409 9 463238 1910 392 2190 16275 5
42626 31 3012 3511 24 3 421 2557 72 3 181810 815 13 3434 9 2190 421 352 114 3 5310 71 26 3467 5
8941 503 6274 3 1936 4859 499320 27708 5018 47 6955 3 871 7 3 12329 538 9 1043 35 33 8 3 96734 35 33 22 3 216 89 3096 3 66413 7 3 632 181810 1496 5
8941 500 9270 3 23462 7 3 66590 499320 1936 31660 5
8941 708 52491 3 5018 8409 9 28579 946 7 9 521 2155 2104 7 3 1366 22853 1330 565 6 474 313 10 3977 7 780 8 31223 5
8941 700 10761 8 15682 426 162 5
659 132 3 1381 48 6733 4 3 241 2911 69617 31 1942 10 3 40491 5
49569 7026 3062 2567 26 9 31276 197 4 226 3 164 904 4 14484 7 31276 197 7 684 5
79 222742 49569 2614 16 9 9149 7 2106 5794 6951 23394 2106 35 9424 33 4 12404 3 49569 1215 35 323 4 7560 33 5
17 49569 2614 71 26 3380 24 9 1332 29540 446 30864 31 3 684 4 114 290 2452 35 2106 35 4114 33 4 2106 35 72539 33 33 95627 16 10921 24 3 4195 13300 5
17 40056 18020 3 6942 7 3 2614 53 14 290 4 3 326 29 10 290 2606 35 2106 35 4114 33 4 2106 35 72539 33 33 3 13300 7 201 25 164 2106 35 4114 33 6 164 2106 35 72539 33 10 1954 11856 1959 5
53798 249 79 58752 49569 2614 35 12283 32330 4 1515 33 16 9 503 35 700 33 114 53 2778 2567 16 9 31276 197 7 684 4 109 2778 79 16 3 197 7 1945 5
273 290 2106 2567 4 79 35 2106 33 79 16 3 14510 3435 197 7 50464 1945 22 164 2106 2567 5
4109 637 7 156324 80 142 159 109 2778 16 3 197 7 50464 164 652 9906 4 47 16 9 23232 33498 7 2567 98236 79 109 2778 16 9 21431 3275 4195 40056 4 114 2464 3 13300 2442 19 3 4195 25 164 2106 35 4114 33 6 164 2106 35 72539 33 163 32 652 9 35 11856 33 79 35 2106 35 4114 33 33 4 5
53798 341 79 49569 29507 27300 16 9 1808 35 704 33 114 53 2778 31770 16 9 58752 49569 2614 35 700 33 2778 16 9 470 4859 4 41941 6 290 164 9 521 871 5
17 49569 955 7 3 421 650 10 35 704 33 16 20 6 26 15251 92 17 1264 35 534 33 2464 3 13300 1415 2442 19 3 15778 7 32 652 9 35 9424 33 25 164 5
17 3893 7 3 4195 40056 14 3 58752 49569 2614 71 26 1867 21 3062 286 60121 3 2137 58508 5547 35 33 35 9424 33 56012 24 479931 21 3177 79 534 16 20 6 26 325 19547 92 14 290 9424 6494 23 77180 3 15327 17315 8265 7 3 4756 4859 163 3 1215 13 3 586 7 3 650 16 3601 8 71 34 26 1406 87471 4 11771 4 23 21220 3 150851 588 15327 27708 1396 114 16 3 4756 4859 22 3 164 5
88292 27728 49569 470 4859 17 41748 6905 27708 565 14 49569 7026 16 962 21 3177 5
17 565 9286 7 470 7410 35 103415 24 33 8 2899 22 3 2007 164 252212 35 6494 33 47 35 21 166 21 3 684 454 5054 24 3 650 33 16 5892 6 26 2112 23232 5
3194 7 3 470 7410 14305 16 805 6 301777 4 19 3201 72 3 6835 652 4073 8 5
1655 107 15 4 80 36 1384 97 21431 5310 5
81 3 267 65 70 49569 7026 31 14 120 21431 1264 3 23033 28668 1003 26518 6 40 2980 12404 3194 470 4859 16 4808 15 3 684 8 1945 7 70 3 83 470 7410 4 16 392 24 3 2770 95 13 3 596 470 4859 10 3 21431 2344 71 26 1867 21 114 16 9 40056 19 3893 35 782 33 12404 35 183 33 8 25421 13 24 35 782 33 23 3177 13 35 407 33 81 3 267 14 70 5
3316 7 290 470 4859 16 7170 5
23179 24656 41748 6905 27708 16 1477 19 3 565 7 48480 307 7410 8255 5
79 7608 17315 404 18 392 24 181810 35 37464 33 109 43057 33 8 35 8716 4 7003 33 5
81 3 837 6905 267 4 32 30392 16 4939 21 9 534 5547 1910 114 9 392 470 4859 35 269343 33 12726 50 3033 5
81 3 1065 7 181810 4 10 41748 6905 27708 80 1384 307 7410 114 3 8355 14 9 392 4859 16 523 25 3 8355 7 3 1652 7410 35 4 8716 4 7003 33 5
53798 459 79 41748 6905 49569 2614 16 9 35 403 33 114 53 2778 31770 16 9 58752 49569 2614 35 700 33 2778 16 9 60401 4859 446 5937 31 220 6 7673 3 523 470 6680 5
309045 249 17 41748 6905 532 565 16 6 384 9 534 8258 1910 13 53300 5
659 542 3 5248 7 181810 1496 80 8270 74 1667 3 6682 1217 5
8616 4 392 9 9424 60401 6117 6494 80 1384 3 463238 35 49 521 5794 33 470 4859 4520 5
17 181810 197 71 26 4939 21 35 4 8716 4 7003 33 35 698 33 133 13 17 181810 815 16 4939 21 3 1973 7 163 4520 21 3177 134 1384 3 2795 7553 678 14 9424 83735 14937 8 11348 4 3 15728 14937 11348 770 13 94604 348130 14 70 5
134 27 13 79 9149 38326 6 14937 16 20 6 26518 10 3 2586 92 87 16 9 9149 7 1432 1051 10 133 13 10 129708 6494 8 3062 26 9 33498 7 5
17 105487 28905 6 22 16 3 197 7 70 3 8249 10 47 90 9149 10 137325 6 14937 5
53798 503 3062 26 9 33498 7 5
79 60401 10 16 20 6 26 42959 9 181810 397 7 92 87 16 93 133 13 14937 11102 14937 1910 109 53652 9 2325 181810 397 7 92 87 16 93 133 13 14937 11102 11102 14937 1910 109 75850 9 3656 181810 397 7 92 14937 1910 16 9 181810 397 8 4 10 1243 4 3 105487 28905 6 22 14937 1910 340 34 3576 83735 11348 11102 6494 5
53798 500 79 534 5547 1910 16 20 6 26 16 9 181810 534 35 49 181810 19547 33 92 87 16 93 534 5547 133 13 4520 35 5547 33 11102 4520 35 5547 1910 33 4 8 7521 14 2325 49 3656 181810 1496 5
3062 26 3 234324 12715 10 8 879 26 3 4434 4939 21 145 16 9 4756 4859 35 49 9 3092 1723 4859 33 14 3 10 3 1065 13 92 5547 8 31 133 13 4520 35 5547 33 11102 4520 35 33 4 153 35 5547 33 11102 35 33 5
53798 708 79 534 5547 1910 16 20 6 26 632 181810 19547 35 49 9 632 181810 534 33 92 23 53300 3 4859 13 16 4 309045 341 238 16 9 4756 4859 4 23 16 530 13 9 632 181810 534 16 181810 19547 4 44 7 593 3 48281 16 34 1359 5
17 565 16 143 6 49075 10 678 6 3855 9 181810 815 114 5547 16 9 632 181810 534 35 708 33 5
17 421 270 5018 9286 15 9409 9 463238 1910 8 3 12510 5310 5547 1910 35 1910 33 392 2190 13063 8 34411 16275 13 7857 6 3 181810 815 35 323 4 7782 33 5
42626 35471 6 3012 3511 24 3 421 2557 72 3 181810 815 13 3434 9 2190 421 352 114 3 5310 71 26 3467 5
17 19547 13 42540 6 13 19 8355 3457 6 3 42648 397 5
17 5018 16 962 21 3177 53 3062 7673 3 13063 8 34411 805 16275 21 3177 35 685 33 38396 13 192 16275 31 9 107447 392 21 35 196 98586 249 33 98586 249 5
29507 270 5018 53 16275 34520 5
3062 7673 3 19547 13 42540 6 3 2104 7 3 565 35 409 33 35 1910 42540 19 3 42648 397 33 1441 6 291899 700 17 565 35 409 33 27394 996 16 16079 532071 249 5
35 697 33 341 5
35 800 33 17 19547 1570 4756 16 392 24 238 166 21 4 3 19547 391 4756 3062 286 3001 3 565 996 10 3 916 7 9 88292 27728 4859 27708 19 27728 12453 4 13563 4 134 36 13014 3 40056 538 3 12453 4939 10 35 183 33 35 630 33 1301 4 80 27 13 21869 3 26325 8 39915 24 14 290 6825 80 27 114 16 3 2106 13672 4 153 16 4939 21 3177 114 8 16 21 3177
88292 27728 27708 565 24656 12097 3 508 88292 27728 5979 565 35 947 33 45056 3 17617 83735 19 5937 4 13 16 4 6494 14 70 3 1494 565 35 947 33 71 26 29418 21 35 302 33 11346 13 46 565 142 27 461813 2104 8 5
100766 24 6219 1910 3 197 7 70 2506 7 3 565 35 302 33 5
29668 7410 1217 4752 35 7622 33 8 5978 8 35 6962 33 1384 3 1936 4859 35 1004 33 114 3 19393 11856 8 31 1432 5
7977 4 3 15 14937 3 27708 565 35 985 33 29 9 2665 2104 121 3 30512 4859 35 1004 33 16 3092 115615 35 4 274 33 92 6117 6494 5
11346 59 13 114 8 35 1135 33 10873 5
42296 955 7 11791 704 208 3 1936 96734 7952 6 4568 24 9 1654 4230 4 153 80 142 1100 13 14937 1910 35 4 33 8 28825 1910 35 4 33 4 47 31 3 2506 7 3 27708 565 3130 6 3 197 6219 1910 7 70 2506 7 3 1494 27708 565 35 302 33 4 13 16 4 35 889 33 114 58508 9 109 6219 1910 56012 16 3 3457 4939 21 22027 80 7673 1954 143 3 19393 8 144 3130 6 4568 6 581 3 955 35 889 33 5
17 689 665 15 3 266 7 3 1936 7410 167849 782 3062 286 4753 13 249 33 3 32776 197 6219 1910 7 70 2506 7 3 1494 27708 565 35 302 33 16 34 3435 8 3 21574 2106 1215 2609 4 13 16 4 87 6848 9 397 133 13 35 605 33 341 33 17 19393 8 31 89 11264 4 11771 4 133 13 35 1239 33 1301 35 1173 33 114 14937 1910 1910 6219 1910 16 3 2104 7 3 1494 565 35 302 33 19 3 8355 16036 12715 47 16 2665 4 11771 4 35 1227 33 8 35 1403 33 33813 6172 74184 79 134 59 236 3 508 5
291899 183 1716 3 7417 7 3 167849 996 87 4447 1432 91755 8 133 13 35 306 33 33813 6172 74184 79
17 30037 4644 12097 3 508 30037 4644 14 1913 3 397 64399 1910 1910 3082 53 35 1078 33 114 8 12099 5
8135 665 15 3 23462 7 3 13808 66590 5018 167849 407 23462 7 3 66590 5018 208 35 2131 33 153 35 2511 33 33813 6172 74184 79 12604 5
4733 3394 7 3 19393 3062 286 5339 3 19393 7 3 31660 35 1078 33 21 3177 53 35 2723 33 659 3489 3 23462 7 3 1282 4644 4 24 3 955 8 24 3 912 35 2131 33 80 144 27 35 1596 33 12116 5
349 3 489 7 3 23462 3062 286 2148 3 508 1906 665 5
291899 403 38396 13 14 9 9149 58508 32812 56012 3 508 30037 15728 2609 35 2592 33 114 28579 19348 58508 56012 8 58508 56012 44931 35 2919 33 1301 35 2918 33 33813 291899 403 273 23 3177 47 24 3 216 167849 114577 10 35 274 33 14359 35 2918 33 5
999 35 2723 33 8 35 33 80 27 238 3 665 4 8 14 80 128 92 8033 35 6494 4 249 1362 44931 35 3128 33 49 4 266340 4 8033 5
458 4 3 489 7 23462 14 36 26 1221 24 3 508 7488 145 2697 6 3 508 4774 53 3 282 489 7 3 23462 6 4568 16 4939 21 35 716 33 114 1249 3082 6117 249 80 27 1716 122289 35 3128 33 8 35 1596 33 3 99252 4416 2882 16 3439 65 3082 3082 249 18830 3082 3082 8 5
5583 80 128 35 3356 33 8566 5
77918 276 15728 122289 4109 3 122289 7 3 15728 2125 80 142 159 8 3 30037 31660 343 6 26 21 3177 53 23380 6 3 19393
145 946 6274 9 521 2155 2104 7 3 1366 22853 1330 565 6 474 313 10 3977 7 780 8 31223 35 196 4 221624 12283 32330 4 3401 14 41748 6905 49569 421 10 3540 17241 33 5
6547 10 3 6218 31 1967 10 3 2215 2589 7 780 4 21876 4 12426 4 4703 5
238 9 665 7 3 2125 7 3 10155 2241 3 313 1276 31 3684 3509 6 687 486 40 4949 5
9106 16 9 964 1236 5
81 1243 4 3 552 713 8 3 1174 31 523 25 1031 6 1031 5
79 1881 20521 106 568 552 22129 852 9 2807 7 3 1030 470 5
134 1919 9 95531 6905 24656 538 3 1273 5018 19 3 733 7 2790 189 3 552 8 3 1030 470 5
17 565 16 16036 232 6 47 9 3235 1058 7 31223 71 26 10155 3 313 1366 5
66 16 533 6 1963 13 290 2443 383 26 6234 6 1954 57 7 3 4949 8 3 1366 2168 383 34 26 8641 5
20216 13 9 1366 7344 55 780 8 31223 22 1087 1561 4114 2448 486 2515 4 9 552 1291 14 290 1514 14305 71 26 4939 21 3177 114 16 3 552 7 1514 6 497 254 4114 8 652 11856 486 9 392 2515 8 4 16 3 3235 552 488 6 10605 24 9 1514 6 497 254 4114 5
17 552 5018 30509 3 46025 14 3 1945 7 3 7635 8 23 16 4939 21 3177 35 2913 33 66 16 2794 6 10861 13 10 129 267 80 220 4114 8 72539 21 3 9149 148 67 2458 1561 35 684 33 13 1415 3 13300 7 32 497 15 9 2190 28711 5280 5
81 970 7 49569 7026 80 10992 3 498 164 4114 4681 1301 4 24 48480 3 552 538 446326 35 2913 33 16 3467 32 19547 652 5
1301 67 512 1636 53 9 470 16 11222 8 4 3 284 22 89 2503 6 9 84 164 72539 2567 19 13300 503100 35 4114 4 33 5
3062 286 1384 8 5
1301 4 9990 8 3 181810 815 14 11226 266 16 1595 10 98586 341 47 2464 3 22853 358 13 144 189 26 1460 8 4213 5
17 181810 815 2228 3 85239 6 293 19 67 1568 544 53 9 33 3 156894 7 3 5130 470 89 7 9 313 1366 8 4 8862 33 3 2807 7 3 230 3534 7 3 10155 2241 6 14907 5
145 16 34 9 1906 10808 5
66 4589 3 1881 148 8808 8 3 5093 7 13896 3 4949 47 45130 6 598 8 6 4697 31223 486 307 1561 329 168 5
17 12510 871 7 3 60401 8 3 1730 1264 14 16 21 3177 53 98586 341 5
499320 181810 815 53 313 22853 111 1366 497 5
13224 249 35 4591 182963 33 13224 341 35 4591 2412 33 13224 459 35 4591 1426 33 13224 503 35 4591 1461 33 13224 500 35 4591 71152 33 81 98586 459 80 240 3 313 22853 16275 14 421 363 72 3 181810 815 5
42626 35471 6 3012 3511 24 3 421 2557 72 3 181810 815 13 3434 9 2190 421 352 114 3 5310 71 26 3467 5
999 8116 3 3033 3457 6 3 42648 397 538 446326 35 409 33 80 27 13 13224 459 35 4591 1426 33 11922 3 3212 5
98586 459 5
1258 22853 16275 14 421 363 72 3 181810 815 5
966 19630 544 3972 3 27708 7 2489 6680 49 11130 8808 477 236 6 26 6955 8255 5
17 104 1029 5141 7 41748 38020 27708 16 13 7 4213 35 49 181810 19547 33 2506 4 13563 138 2506 13 71 34 26 2069 1918 10 70 25927 35 19 5375 3070 16 22 248 57 11572 33 24 184 2104 5
5104 4213 2506 31 461813 5
81 46 1065 4 65 2957 19 2489 8808 4 23 16 477 5892 13 3 3703 3238 7 3 8808 16 424 9 139061 5
145 1381 4605 9 3093 1217 538 9 66590 5018 14 8116 3 181810 11140 10 13 5775 9 499320 1936 5018 14 88292 27728 7410 5973 6 9 1427 7 31276 4 8 58752 49569 7026 5
622 1653 19 83 6599 10 3 857 16 13 3 96734 35 33 2228 6 384 3 632 181810 1496 5
1563 534 66590 41748 6905 27964 9239 9 66590 543 1217 95 13 3 12510 1973 10 3 6905 904 1487 9 181810 11140 7 100 632 181810 1496 5
79 13925 16 13 3 46333 10119 16 853 5
134 2209 3 23462 912 8 43420 3 2882 489 7 23462 7 23394 8 12510 6 3 499320 1936 5018 5
17 3619 14392 10 46 108140 284 16 32 27708 565 14 47 3 1622 8 4213 1215 7 9 3033 18 10455 538 3 4512 66590 5018 5
134 2436 3 23462 7 3 66590 499320 1936 31660 5
134 59 1109 3 12911 5018 14 7285 3 8864 12453 13 1377 3 665 9317 6 3 96505 8 23 44931 12453 5
134 59 1273 9 421 270 5018 14 3 41748 6905 27708 13 2228 6 5339 3 5043 733 148 3 11130 8808 5
134 93198 24637 3 5018 8409 9 28579 946 7 9 521 2155 2104 7 3 1366 22853 1330 565 5
17 1366 22853 1330 565 11851 10 117 10554 5771 5
134 1109 46 565 10 3 5114 7 2489 6680 1506 13 1141 76 1250 67 3351 7 6680 4 47 31 220 10 421 2557 2106 13885 5
355 39048 129 2489 6680 1506 80 5892 13 3 421 16275 3001 3 568 3008 352 14 3 421 2557 5
631 80 4517 3 5248 7 83 6599 4 10 46 1381 80 1967 15 138 22853 3394 544 13 868 3 996 2981 7 421 352 114 3 5310 71 26 3467 5
81 970 7 426 162 4 87 4447 9 221 7 2235 203 6 1213 5
364 2794 2911 1236 16 13 7 6005 3 375055 5018 14 3 114170 5131 5
7219 4 3 689 426 733 16 6 2780 46 5533 6 223 3695 10 970 6 1377 3 5248 7 9 2665 30445 397 35 323 4 33 5
622 2794 34130 1236 51 26 6 336 9 1739 521 3275 5867 8 8612 3 3074 7 3 499320 2104 1273 10 46 1381 5
74184 79 5
431207 7 198724 8 167849 782 9 33 1532 4 879 286 2148 13 3 196094 40056 8913 2442 19 3 1936 4859 35 1135 33 16 9696 1432 17682 14 120 1432 8 4 11771 4 80 2148 13 14 70 8 35 33 659 2148 13 4 24 3 86681 35 4 274 33 4 23 16 1622 8 4783 6 2148 13 35 33 134 27 999 3 86681 18830 4 47 2609 14 120 6117 6494 24 3 1215 35 1239 33 121 458 4 8913 6117 6494 47 770 13 3 1936 4859 35 1135 33 16 3092 115615 8 4 12146 4 29 9 2665 8355 397 4939 1298 21 14937 1910 35 4 33 8 28825 1910 35 4 33 5
8862 33 999 3 9696 142843 955 35 33 14 120 8 120 60401 14 3 4859 80 27 35 33 86237 10 35 33 14937 14937 1910 6219 1910 35 14937 1910 16 57 7 50464 2506 133 13 33 8 80 4498 81219 189 1612 7 46 15728 24 80 128 35 33 25421 59 13 25 35 33 4 427 8 23 3177 18830 47 770 13 3 9149 16 32776 5
81 1069 7 46 8 427 76 1250 13 24 3 78520 35 1239 33 25 35 33 23 3177 35 33 1655 35 33 80 142 7336 13 35 33 8 114 16 9 7553 2123 7 3 9149 47 4 3700 4 142 26 34 2665 5
17 60401 16 59 9 7553 2123 7 3 9149 5
8258 33 60121 24 3 13808 7 6 3 197 4 13563 4 35 33 8 240 13 35 33 1655 35 33 80 27 18830 114 3 60401 15728 16 1804 10 6825 8057 1065 5
12502 113454 3 84 12911 35 33 114 24 3 21574 1215 35 605 33 6494 11102 11102 249 5
273 84 12911 80 27 8 3475 81 1069 7 13 47 9270 35 33 5
5547 33 17 73 1092 16 6 2148 3 15728 35 33 1655 35 33 80 128 35 33 999 3 632 142843 955 80 27 35 196 341066 40962 10 4 274 33 6494 14 120 47 4 10 1069 7 3 955 35 33 4 14359 8 1249 120 395088 4859 16 425736 11065 15 120 32776 9824 197 4 80 71 7336 13 61418 47 1929 3082 47 24 35 33 2697 6 35 33 81219 189 487 7 3 15728 35 33 24 8 10 1069 35 33 80 1435 4498 35 33 145 4 24 35 1239 33 4 14 9424 129708 2697 6 35 33 5
5583 4 14 120 14937 1910 6219 1910 23 14359 145 15728 1954 2464 3 1622 8 4783 1215 13 3 397 14937 1910 16 3 3033 397 7 3 4859 15 3 197 6219 1910 5
163387 4 46 397 16 2665 8 29 9 8355 12715 297 70 537 7553 2980 5
167849 16 4861 5
291899 183 17 1622 8 4783 912 14 3 266 6 3 266 7 3 4859 31 21 3177 53 35 33 114 16 3 114170 4859 14 3 565 35 985 33 4939 14 4 14937 35 4114 33 6494 4 4 14937 35 72539 33 6494 21 277268 3 74 14392 10 35 33 24 8 3 169 57 24 10 1069 7 3 20036 142213 912 80 26136 18830 35 33 999 3 1444 7 3 499320 1936 4859 23 3177 13 35 33 3763 4 92 23 16 34 3 267 4 153 71 34 26 3 19547 397 121 3 4859 16 48 58 50 871 65 81 1069 7 46 4 3 2838 35 33 16 3628 6 35 33 18830 8 17 73 2838 71 26 3380 21 35 33 114 3082 249 8 25421 13 10 3 73 2838 4 24 3 955 7 4 8258 3082 8 3 40056 31 7 3 508 2981 114 153219 16 3 40056 178521 6 79 8 119884 16 3 271223 6 3 5606 5
1249 46 40056 16 23 3177 13 358571 6494 5
17 40056 29 3 216 2981 4 13563 4 81 1069 7 13 3 60401 35 33 29 3 508 2981 35 33 114 8 17 2981 35 33 671 19 3 8864 35 33 1752 14359 35 306 33 5
167849 407 81 1069 7 35 1078 33 23 3177 35 33 999 3 28988 35 196 3 28988 35 178526 33 8 35 181123 33 10 4 274 33 80 71 7336 13 1635 114 5
134 59 27 1301 4 10 1069 7 291899 35 183 33 4 25 35 33 14 80 4498 49 4 266340 4 35 33 114 35 33 6832 3 15728 1635 24880 35 6494 4 249 33 4 6117 6494 14 8 3082 4 35 6494 4 249 33 4 3 15728 35 33 71 26 1842 6 3 508 57 35 33 999 167849 114577 10 35 274 33 92 47 16 3267 6 35 2511 33 5
167849 16 4861 5
