10095 19 22405 35682 34954 35 67173 33 240 3498 13 10 614 705 76 108 692 53 35 249 33 855 9038 109 35 341 33 4440 4166 109 8 4 35 459 33 22960 8 66577 14141 5
145 1381 6274 9 5018 8 32 2693 14 3 9674 7 3 66577 4327 8278 7 826 19 67173 5
17 5018 31875 49474 5309 4538 14 3 7379 7 66577 4327 8278 8 3 983 4590 24204 14 3 2807 7 488124 8 3 21946 7 454 317 4116 14 23512 5
56564 1502 24 81854 31 370551 6 4498 2000 13 4 10 786 4 31 1198 6 3 303777 13 51835 3 498 49668 5483 10 678 6 7367 66577 17388 5
2491 9 66577 4327 16 7947 4 993 31 4209 14 7112 983 2303 5937 4 47 4697 317 1547 6 3 10291 8 566 7 3 168 7 3 8278 4 8 185 59 6 1128 2915 23261 8 488124 24 30435 49668 12453 5
138188 4 3 66851 303777 29 1595 32 8958 7 72 6709 202 109 8417 3 26653 303777 29 32 8958 7 9046 202 5
17 601 1534 29 45 2173 10 3672 19 23512 7 3 511 7 6307 25518 22 3 2857 2106 1841 10 13107 4 9 13604 16 4071 8 2870 22 3 688 5
17 22405 35682 34954 35 67173 33 16 9 182 7 12911 134529 8278 13 74 11851 154 4217 4 8 2239 1667 9 3601 1531 276 30794 5
95597 3498 6197 1224 54 3 731 7 288 190 4 343 2203 24 32 731 7 67 49 108 85 8 3130 6 595 137 4217 8 17881 5
158 31 10236 34 24 9 837 18381 44 24 9 15565 73555 7 3498 53 23270 10 855 11455 109 23270 10 4440 109 8 5973 2108 8 22960 3074 35 421269 12283 32330 4 2391 33 5
17622 85 251 7613 18 1109 6 26 9 2022 4217 4576 104 477 2442 19 2091 5663 10009 4 9 1292 7 855 4590 8 3 3612 7 7034 26281 2030 35 138820 4 6801 33 5
1718 4 3 6805 7 7613 8278 16 107 4218 21 9 197 7 1029 18189 8278 4 19 32 1221 16316 7 4 14 946 4 52 10 329 7459 212 10 3 101 35 22405 4 502 33 5
17 3498 7 67173 7702 25 57 693 6 3 161 4 44 10 614 4 43 705 76 108 692 53 35 249 33 855 9038 109 35 341 33 4440 4166 109 8 4 35 459 33 22960 8 66577 14141 5
65651 2113 240 117 3497 7 66577 14141 47 3 197696 39007 2430 4721 35 76463 24880 33 28724 8 59352 35 359 33 51835 10 307 5835 4 57 7 47 110 66577 5690 133 21 881 35895 4 373 5292 4 49 636 20622 5
145 1381 6274 9 5018 14 3 9674 7 3 66577 4327 8278 8 23 7301 15 3 6062 4355 7 22960 8 66577 14141 4 19 9 2190 5983 15 138 13 31 3498 7 9 1799 7 5600 49 7 8188 25 3 2867 1566 5
17 1273 284 2527 128930 22723 60688 628 4 446 281150 4 10 3 267 7 4327 8278 4 240 1798 27057 5897 5
17 5018 31875 49474 5309 4538 14 3 9674 7 17388 8278 4 3847 4 9 4108 1254 49474 133951 3673 35 49894 33 51835 3 49668 12949 7 2119 12473 111 133 5897 8 12244 32 715 7302 9 49668 5483 16 6401 21 9 4576 5
2758 993 31 153 9490 24 983 2303 7112 2210 19 3 3316 189 7 9863 49668 317 4116 14 23512 8 7 2790 488124 5
17 317 30118 7 3 488124 2939 3 23512 6 5998 4697 576 4116 14 3 5479 7 3 2119 2106 586 7 12473 8 57868 14141 21 166 5
17 66851 303777 29 1595 32 8958 7 72 6709 202 109 3 26653 32 8958 7 9046 202 5
17 284 16 1001 4071 22 3 511 7 6307 25518 22 3 2857 2106 1841 10 13107 4 10 678 6 27241 23 111 9 2726 7 826 5
2843 3074 3003 26858 3 2129 7 746 1715 16 10 1010 9 964 601 813 14 117 8477 9565 4 133 21 10381 4 23142 4 8 81319 5
17 2726 7 523 20368 6268 544 4 121 290 6443 142 9239 523 4402 6 17566 3 2129 7 746 652 5
26858 143 6 3001 746 7759 1715 14 3 3644 7 7112 10711 6880 1918 192 523 9565 4 8 2464 9 964 53935 1236 35 29688 12283 32330 4 502 33 5
17 236 6 1445 746 3074 12932 10 854 4246 19 3 3316 7 19841 2097 5
81 854 4246 4 3 2376 16 2828 10 67 1959 53 3 87930 8 5479 7 746 10969 10 854 19348 4 8 3 4355 8 3003 7 746 3074 35 23551 4 24067 4 7914 4 323 10141 4 590 33 5
64656 3 3003 7 746 3074 4 67 5066 7 1217 31 558 53 20565 7100 4 47 3899 6 10775 4327 2000 25 3 392 1973 9149 8 6 868 133 2000 19 125444 1534 5897 4 8 164 904 13 3899 6 28669 11245 2520 6 4517 307 746 14141 5
966 601 768 6 1445 15924 3074 27 45 115 10 3 73 265 85 5
520 6599 231 32 2634 858 7 57868 5897 111 47 3 498 3074 16 677 5
17 7362 7 133 6599 4 658 4 16 1574 6 3 197 7 15924 14141 305379 4939 8 340 34 2430 6 83 23961 537 15924 14141 5
1516 6599 3581 24 3 164 904 1506 31 35 33794 323 28587 4 274 33 8 35 67049 4 33794 4 323 28587 4 280 33 5
81 133 745 4 70 64441 25 3 1966 164 904 31 1109 15924 14141 5
17 346 30046 7 133 6599 16 3 1842 1175 6 9109 30174 57868 1715 8 14141 5
622 2627 857 7 2673 14 746 3074 8593 8 4355 4538 16 97905 5309 35 4247 4 30477 4 323 4 280 33 5
4 208340 4 8 35 590 33 8850 9 70624 52301 1217 14 3 2376 35 24 770 7 6372 3967 33 7 746 1945 10 32960 7748 882 11952 5
81 1654 4 3 4888 8850 9 3093 8593 8 2376 1217 4 47 8635 15 3 2854 7 9 1506 7 1966 746 3074 10 32 32601 4230 5
79 2496 558 652 4355 100402 16 3322 6 2258 3 29406 1945 8 6 2705 1945 5
145 1217 4 658 4 7301 7046 15 746 4327 5
3763 4 93 843 7 11455 19 6034 496 3 1566 16 351 76 1250 5
7219 4 57868 14141 31 1658 19 64441 25 3 6453 9149 7 29406 1945 35 636 17388 33 19 2201 6 1966 2520 5
81 8 35 590 33 4 9 213849 3074 2376 284 14 7748 882 16 1273 5
17 3726 7 746 3074 16 3439 19 32601 2854 27964 5
39007 16 4939 21 9 19810 5195 10 9 9149 7 993 49 1715 8 16 3380 24 770 7 26406 49569 28043 35 354604 33 5
17 284 16 488 6 7367 8 30174 746 3074 111 9 125444 33498 7 1966 14141 5
432786 25 1966 14141 31 6401 21 31575 4 44 133 9 983 2818 454 777 24 9 746 10 678 6 9109 3434 3 2129 7 3 23949 5
238 300 21 66577 4327 8278 31 1477 4 9 265 6599 543 15 20565 7100 4538 27 45 1273 5
81 27485 8 35 590 33 4 32 1217 543 15 90977 151262 173723 16 4939 14 3 9674 8 28917 7 14408 5897 5
81 69680 4 44092 4 6690 4 8 40931 35 2560 33 4 3 4888 5357 3 1668 69480 2354 8 7764 4355 27964 6 2705 66577 4327 8278 5
349 57 881 4 46 5018 340 34 1871 120 40360 2354 14 3 8179 4650 109 15 3 83 4 4327 8278 71 26 7947 97 65 3 4650 16 2852 10 9 2190 352 3634 6 3 2354 5
4 12639 4 8 35 280 33 8 4 12639 4 8 35 2560 33 4 27 3322 40360 10363 8 2953 2854 27964 6 2705 3 66577 4327 8278 7 212 19 7613 5
158 27 1967 15 67 4327 8278 53 881 35895 8 636 20622 5
238 3297 268 10 46 1381 4 129 5018 22394 25 767 6599 106 3 522 3455 24 9 3501 303777 543 15 9 2953 2854 31660 35 79022 5
9 32542 992 33 31 73859 9490 24 7112 2210 13 1128 488124 8 44732 454 3606 317 5
29712 23518 983 4590 23682 3 4102 7 3 5114 35 1604 4 165828 4 25990 4 323 12035 4 280 33 24 150 2005 49668 8 83 8466 5158 53 89 7 168 4 9 983 142 97 1636 22 9 1654 89 7 3 168 109 11861 4 23 142 97 73 9 1087 4385 7 89 109 10291 4 23 142 97 1636 9 1087 221 7 400 147 122 109 8 9149 4 523 5771 142 4722 10 9 1087 9149 35 32883 4 23469 4 323 56751 4 2076 33 5
238 1282 24 32883 12283 3462 5
35 2076 33 4 80 144 12681 148 76360 8 983 4590 5
3763 4 3 4888 8850 3 508 24648 53 3 9469 76360 16 3 556 197 7 628 1502 24 521 8 4731 10363 109 3 32412 76360 7301 15 51423 317 48044 10978 25 3 17120 7 307 628 11039 35 1325 42179 33 32 533 843 7 5369 5114 14484 10 1715 2828 496 3 1566 109 9 983 16 4 1016 4 32 13488 164 7 2745 7 518 14 5968 8 2333 4 47 16 10978 25 3 5114 8 9 19379 52 143 3 6453 5114 14209 6 2193 7 518 5
81 46 1381 80 231 3 49474 133951 3673 6 2705 9 1990 7 3 5369 5114 4 13 1547 6 856 2215 1715 1658 21 4327 8278 4 8 7112 501730 2210 13 9239 3 983 4590 24204 6 1033 15 49668 12453 10 678 6 1128 488124 8 4498 454 317 4116 14 3 50055 5
17 983 1506 29 45 962 24 538 29712 148118 35 28975 33 5
17 2370 28975 18 1254 24 8290 35 9615 33 8 29 45 3322 6 1506 57052 2571 9254 5
1796 2370 5066 7 28975 31 53 52579 4 47 71 26 2828 10 3 131 8 71 26 52090 109 4 13 4301 3 164 7 3 131 35 192 31 317727 8 7410 446 871 142 337 4808 15 3 983 33 109 8 41184 4 47 3001 9 586 7 652 40986 5
79 7039 131 16 18213 137 9 507 7 5771 21 9 665 7 1678 1945 110 2828 496 3 131 5
17 4599 68806 3 2007 983 109 8417 4 112 35 9 4 2567 33 6154 3 983 3979 25 3 5577 7 3 652 9 10 983 4681 17 7039 131 16 2638 24 1463 2007 131 148581 4 1102 148581 4 8 4726 164 148581 35 69113 4 1278 33 5
17 2007 131 148581 4301 3 2007 1799 7 3 1566 4 50 6034 4 40 827 4 40 2763 4 4703 5
622 1102 71506 4 1016 4 5181 3 1102 15 9 17939 1022 24 3 5577 7 32 652 10 9 2190 983 5
187 383 26 14644 14 290 17939 59 3 14510 1102 7 3 83 1945 5
190123 4 23 16 537 6 164 13 9 17939 2106 2576 871 16 1359 54 18976 32 652 9 92 4 8 97 92 4 3 652 29 3 1102 7 363 3 17939 1359 49 4 3 17939 18 277 1359 103 18976 9 8 3 652 340 34 27 3 1102 7 363 23 2915 5
81 133 9 267 4 9 4726 164 71506 383 26 54023 5
1563 1217 2818 13 9 2370 652 3695 26 4939 6 3001 8 1033 15 4327 8278 5
238 32 946 4 9 17939 133 21 4 142 26 4939 7 3364 3 983 1547 6 3 4327 4576 881 35895 5
145 1141 254 21 241 21 3 49668 12949 163 11537 31 6401 24 3 49894 232 6 3 5195 4939 14 133 9 843 7 4327 4576 5
66 16 533 6 1963 13 4 125 3 49894 51835 9 507 7 49668 12949 21 523 40986 7 3 216 4327 4576 35 171463 5
21045 368223 33 4 3 7112 2204 16 488 6 4517 13 133 9 9149 2464 9 2665 15778 7 9 4327 4576 109 13 16 4 9 2665 3606 715 5
1471 1217 543 15 3 983 4590 7787 29 45 3322 10 4 4693 44873 4 8 43095 35 502 33 6 7367 8 3383 15924 14141 10 9 8179 1566 5
55856 4 80 27 4939 32 1217 8 1589 3648 6 270 3 650 1595 10 98586 249 5
79 1586 6825 226 9 7337 64795 15974 1325 5114 317 25 3 2119 24 770 7 81854 5
435 13 4 9 40476 13821 25067 11245 2000 25 3 26119 5300 5
17 49894 303777 51835 3 49668 12949 538 11245 2000 8 12244 993 14 179 15924 128799 53 21045 2922 111 3 56673 35 23265 33 4 36496 368223 35 40740 33 4 21045 143084 3974 35 33 8 21045 143084 6144 35 285269 33 5
17 49894 303777 1708 5369 5114 317 24 770 7 133 993 13 4459 89 24 89 3 498 7764 5
42609 9109 290 57868 1799 16 3 689 2419 7 129 284 10 678 6 581 23512 19 5050 1562 576 52 70 3 57868 16111 2828 24 3 826 4 21 166 21 317 133 21 10291 8 11861 47 16 4116 14 3726 40 14141 5
2758 576 59 185 23512 6 1445 3 2119 2106 1531 24 10407 8 4936 120 893 10 40 14141 121 3 353 7 40 953 5
1655 46 397 7 1069 2915 23261 49 165644 5464 31 964 544 106 43 3972 125382 576 47 240 9 537 57868 1799 47 10 644 299 1106 5
5104 4 80 27 93198 14580 3 15778 7 523 5066 7 565 19 3 19348 7 993 4209 24 3 49894 303777 5
17 104 5005 31 53 2778 27041 39620 488124 4 13 31 2915 23261 1547 6 57 20878 49668 5483 141804 21 32 15924 1799 65 3 7764 16 1966 109 2778 54147 488124 148 21045 143084 3974 8 21045 143084 6144 47 31 12473 19 825 11245 2000 109 2778 43012 488124 463 6 814 30415 10 3 4327 7 3 2119 5
3763 4 10 3 267 7 9 814 10810 154 3 15924 7764 4 9 1685 303777 133 21 3 49894 303777 49 461 2209 10 3 1547 162 51 3156 46 21 67 9022 8278 4 44 25 9 3606 397 7 1069 23 16 1547 6 3 216 715 5
176834 7 3 4355 650 98586 249 5
176834 7 3 4355 650 5
17 983 4590 24204 142 26 4116 10 2790 133 488124 995 3 2177 7 8398 8 30435 49668 12453 15 3 9149 7 1945 35 993 33 5
12502 4 80 27 4939 8 5054 67 68434 226 3 98427 10351 303777 35 33 8 3 15575 98427 10351 303777 35 33 5
66 16 973 33311 13 24 10534 303777 80 1153 3 284 13 16 488 6 13720 39620 993 35 27041 33 8 13 18506 3 3033 2800 10 3 9674 5
145 102033 16 1272 6 581 3 8104 9674 7 15924 14141 4 2767 43 31 5
17 4 1016 4 16 1272 6 581 3 104 4007 8 7608 3606 317 14 3 3346 3490 109 3847 4 23 383 26 488 6 4007 5464 1547 6 39620 488124 35 27041 33 4 745 7 488124 148 8 285269 35 54147 33 8 814 4327 10810 35 43012 33 742 46 2818 14618 15 9 902 9149 7 993 4209 24 3 49894 303777 8 153 3117 9 1927 902 2800 10 3 19372 650 5
81 1243 6 46 4 80 27 6234 6 3 102033 3 1780 7 1691 454 3606 317 52 3 11861 7 3 4327 4576 35 140785 14471 33 8 50 10291 10 523 4736 7 3 168 35 14471 33 5
7337 3310 81 678 6 5603 4327 628 4 80 2780 32 60688 35 98586 341 33 6 3 2119 2106 8223 5
17 16 32 5775 4 3866 726 284 13 1708 9 1332 4249 1746 14 4654 2172 3866 3782 1454 4 897 6852 14 897 352 2642 4 3866 15721 30864 14 3327 628 2137 8 83 2333 5
66 1038 32 5775 775 15721 8 9 128930 22723 60688 14 4327 3538 532 5
17 2354 59 1388 4879 8 5368 33583 13693 35 1221 5368 247 4680 25 341 222 55 6 307 190 4808 15 3 1219 7927 33 8 16 1332 19 9 288037 3866 11924 6 9 5274 35 3866 1079 55 6 183 15441 33 5
2758 9 2354 624 19 9 532 1512 109 742 10 644 4 80 220 3 4926 35 4926 33 5
16 9 3374 4926 1691 9319 8 8690 4440 14 3 17177 2971 109918 35 33 5
60688 98586 53652 60688 5
81 678 6 333 5306 3 22960 2826 7 57868 12473 4 80 3331 8540 35 6219 4 12662 4 20721 33 2770 16277 25 3 60688 10363 22 3 216 89 21 3 57868 7764 16 427 254 5
17 8540 2770 31 18652 10 9 8836 114 15 3 20045 22723 35 14937 22723 33 3 89 9575 35 1577 33 16 2236 8 15 3 14042 22723 35 11348 22723 33 16 2236 3 871 7 35 6219 4 12662 4 20721 33 5
17 2770 5559 19 3 60688 21 1595 10 194896 5
459 8 708 35 9 33 4 31 3 101247 486 3 459 38629 35 14937 4 11348 4 64399 33 10 3 1079 7 1356 4 1362 5
931 2770 42 30557 10 216571 2770 10 3 1079 1356 4 1362 6 852 286 6 2780 3 1273 11245 2000 14 3 7764 9674 5
35 9 33 21045 6522 85170 3042 916 8 35 8862 33 7764 2424 4539 98586 459 5
35 9 33 21045 6522 85170 3042 916 8 35 8862 33 7764 2424 4539 5
13166 6 3 7998 2123 3601 24 129 209 6728 80 86 34 1415 83 2770 133 21 28321 8 827 5
17 2412 517 16 3 11348 871 4 3 1426 517 16 3 64399 871 8 3 1461 517 16 3 14937 871 5
238 4964 10 194896 5
35 9 33 4 10 3 267 7 4327 8278 4 5300 240 9062 11245 2000 8 22960 5897 5
66 16 530 4 3244 4 143 3 166502 7 3 138135 5276 2190 73055 25 9 11245 397 7 1069 4 10 970 7 272 10291 4 4568 4930 4 4703 5
2758 6200 3001 3 5897 7 3 4327 8278 5
35 9 33 21045 35895 3042 916 8 35 8862 33 7764 2424 4539 98586 503 5
35 9 33 21045 35895 3042 916 8 35 8862 33 7764 2424 4539 5
35 9 33 21045 143084 6144 3042 916 8 35 8862 33 7764 2424 4539 98586 500 5
35 9 33 21045 143084 6144 3042 916 8 35 8862 33 7764 2424 4539 5
35 9 33 21045 143084 3974 3042 916 8 35 8862 33 7764 2424 4539 98586 708 5
35 9 33 21045 143084 3974 3042 916 8 35 8862 33 7764 2424 4539 5
81 194896 5
459 8 708 35 8862 33 4 9 2424 4539 7 3 4327 5897 7 290 7764 16 1595 10 678 6 185 3 7067 6 1445 333 189 3 8179 7764 8 3 4644 962 10 3 2942 5
17 15721 29 45 22823 10 678 6 5306 50 827 15 3 2119 2106 636 5
66 16 973 6 1963 13 742 3 2424 11996 240 3 12473 44643 19 3 243 881 4 70 3 12473 71 26 2828 19 189 1280 5
17 284 1131 10 189 745 5
49366 21946 17 5300 31 370551 10 678 6 10775 11245 2000 4116 14 19372 5
134 961 6 5357 46 1217 106 23 16 1940 220 14 3 9674 7 746 17388 5
17 6854 12966 90 1131 47 2148 3 7362 7 3 5018 35 49148 4 6833 33 4 7744 4 4 323 4 6833 5
134 59 220 11245 2000 133 21 3 596 8 3 48517 6 6786 523 5066 7 49474 5309 27964 10 678 6 5339 3 1603 104 21106 19 129 738 5
81 1654 4 3 508 2000 31 7154 53 2778 17 29139 33939 19241 35 70233 33 4 47 16 3455 25 3 596 7 3 6474 871 7 290 3905 5
2778 17 37388 29139 3389 35 61890 33 4 59 424 21 3 210979 1153 4 47 16 9 11245 1415 7 3 7060 7 9 11264 11036 5
2778 17 252185 35 80437 33 4 47 16 9 1415 7 143 300 9 197 7 1051 16 1724 61 5
66 16 57 7 307 145935 7 9 13300 3201 4 6293 143 300 3 1051 4099 25 3 1153 35 230 871 33 5
2778 17 3260 499202 35 28249 33 4 47 842 143 146 13422 49 88145 6848 25 3 596 35 1153 4 49 230 871 33 5
79 799 2029 44398 6154 13 3 628 266 3130 6 26 177 408 6 3 1153 4 8417 9 272 2029 44398 6154 13 3 628 266 31 1724 61 72 9 528 1079 7 2770 5
2778 17 233819 116894 35 80008 33 4 47 16 3 16364 4385 7 3 138135 72 3 89 26262 5
17 80008 16 1547 6 3 138135 97727 4 10291 8 89 2778 17 16266 24271 35 33 4 47 16 3 221 7 400 13 3 97727 871 7 3 3905 14269 3 4568 411289 5
766 192 2000 31 43420 14 290 35 6219 4 12662 4 8 20721 33 3905 5
81 1243 6 46 4 80 59 43420 3 297 133 5300 4 47 4 658 4 29 34 2436 6 26 4279 14 19372 5
6876 317 15 3 11245 2419 21946 142 26 170 10 4 24098 4 4 8 163251 35 502 33 5
49894 303777 17 161 1092 54 3 2000 21946 18 6 8612 47 49474 5309 27964 18 104 6943 14 129 5060 5
81 129 767 162 80 2828 1665 7 523 3501 8176 49474 5309 27964 10 678 6 8612 40 773 19 129 209 922 2576 5
66 16 973 6617 143 80 4939 3 922 2576 14 3 928 8 2279 5
659 112 13 4 32 2516 50055 44643 89299 3 179 57868 12473 13 80 4517 5
273 290 7764 80 4939 9 628 197 220 14 3 928 5
81 46 2124 80 4556 67 13538 4 3 66851 19372 8 3 26653 19372 3 1884 148 3 67 110 13 3 66851 19372 2828 3 19372 24 427 3 7764 1627 628 25 3 10363 1942 15 3 8223 7 3 2234 37 39 44643 3 12473 4 8417 3 26653 19372 253 3 628 25 3 10363 1942 15 9 2119 2106 8223 154 9 784 5448 5
81 678 6 2705 4327 8278 4 80 12354 108 536044 543 15 49474 5309 27964 53 133951 9861 4 132114 120540 8 175314 9861 5
134 1967 129 1164 15 192 108 3531 106 43 27 45 220 3639 10 767 1131 15 32960 1442 35 14879 4 6794 4 323 14879 4 274 33 4 35 378448 4 2804 33 4 6340 4 4065 4 6972 4 323 13187 4 2560 5
33962 522 27 1595 333 19372 3800 14 3 32542 992 4 8417 3 83 536044 240 9 3254 928 5
273 48 317 52 3 522 4 3 8365 4 4703 5
80 1919 2043 3 508 162 35 323 7002 5486 4 2560 33 5
17 20498 249 842 3 773 7 3 108 4309 10 970 7 8958 8 3768 5
17 108 4309 42 3559 19 3 216 928 628 197 19 9 1646 3628 6 71766 49668 12949 5
238 80 71 196 4 3 130820 842 3 333 19372 19 32 3768 287 58 249 202 5
273 46 1033 80 961 6 5357 3 130820 14 3 19372 7 3 12473 4 742 23 661 9 928 650 7066 58 3 83 4309 5
20498 249 5
13385 4631 7 3 108 4309 5
133951 992 175314 2642 132114 120540 90025 202 146329 202 405436 202 96368 202 7923 202 33596 202 17 7067 71 1963 13 70 3 4309 240 177 206 522 72 5180 202 5
145 16 463 189 6 9 632 11245 28917 7 3 57868 12473 8 6 3 644 13 3 8557 18 2828 538 9 252389 7 3 928 100402 35 302 202 7 1081 33 5
13166 6 3 236 14 8958 10 3 19372 650 10 678 6 1262 165644 5464 8 2915 23261 4 80 3476 6 5357 3 32542 992 1217 10 8684 6 3 461 4 427 76 5139 3 773 522 3455 10 3 6232 5
3807 25017 18 2828 19 67 2770 7 3 11856 13091 35 5878 4 7416 33 5
17 66851 8365 805 286 6 2401 3 282 49474 5309 31660 14 129 5060 8 6 6075 3 15778 7 3 165644 5464 35 27041 4 54147 4 43012 33 5
6297 15 3 66851 522 4 80 5054 32 26653 303777 538 11207 35 7202 4 277538 4 323 42408 4 3578 33 5
17 928 7 3 26653 303777 979 3 216 650 21 3 66851 57 5
332 74 4 3 57868 12473 42 44643 10 678 6 5603 4719 628 25 3 15721 109 192 44643 12473 42 2828 24 9 50055 37 16 32 2516 52 3 4327 8278 2442 6 7613 5
145 1092 1601 764 7 4719 628 5036 10 3 916 7 35 135980 4 397206 4 411289 4 64399 22723 33 5
2927 4 80 53608 3 4719 628 5036 10 49668 12949 290 7 47 5592 67 1577 5
17 11245 2000 962 10 3 1381 42 16277 140492 5
17 665 7 46 1092 16 9 105 46 35 4 4 4 4 4 4 4 7702 4 4 4 4 4 4 4 4 4 4 33 5
766 42 10921 21 40740 4 23265 4 4 285269 4 460335 232 6 3 57868 66577 12473 2209 10 8941 10873 5
766 7673 3 928 100402 7 3 26653 303777 19 9 676 1646 7 71766 40986 5
273 3 19372 80 197 3 1586 14533 13 35168 628 25 3 10363 6 4697 2131 5036 147 169 8 1109 49668 12949 7 67 1577 14 3 19372 4 19 57 169 7 20220 140492 5
3194 169 3 303777 5708 57 715 7 57 7 3 508 3351 53 2778 40740 35 3629 33 36496 368223 109 2778 23265 35 3629 33 21045 111 56673 109 2778 35 3629 33 21045 143084 3974 109 2778 285269 35 3629 33 21045 143084 6144 109 2778 460335 9 25976 7764 81 678 6 8612 3 773 7 3 32542 992 80 2828 32 5867 10 129 5676 5
20498 249 576 3 773 8 8958 7 3 32542 992 109 133 522 42 3439 154 66851 8365 24 3726 57 7 3 4888 37 2828 189 1966 35 460335 33 8 57868 12473 35 33 5
81 1654 4 23 16 537 6 196 13 3 32542 992 576 550 2915 21541 8 67 2915 23261 61 7 57 4746 5036 5
17 3979 8958 16 72 6709 202 5
145 665 4088 3 1414 7 3 32542 992 5
17 1519 12430 650 7 3 49894 992 18 115 538 3 4462 35 323 4 2560 33 4 32 526 5483 162 14 3 2376 650 4 628 8586 8 2319 109 3 98586 704 842 3 49894 19393 5
66 16 973 1963 13 3 96734 197 6 9 770 13 3 221 7 4438 10746 16 4 16945 16 630 35 4 4 4703 5 33
8 3 221 7 3597 16 500 35 460335 4 4 285269 4 40740 4 23265 33 4 3 98586 700 842 3 49894 2106 2981 5
17 83 19393 133 21 4 43076 42 220 6 57534 3 31660 14 3 928 7 3 32542 992 35 323 17806 4 4164 33 5
49894 2642 98586 700 5
49894 2642 5
49894 19393 98586 704 5
49894 19393 5
17 1033 14 3 1414 7 28975 72 83 4309 7 1330 133 21 3 11772 37612 53798 19389 35 33 21103 4 2804 3443 10 3 5139 13 28975 16 32 141281 1506 14 14618 72 9 9149 7 993 5
145 2419 16 6943 14 3 9149 7 993 1252 24 3 49894 5
17 9149 7 993 16 220 6 1506 893 10 2119 14141 8 4517 4327 8278 109 10 28975 133 893 31 962 10 970 7 8 2763 8417 10 8 83 4309 7 1330 4 43 31 962 10 970 7 3 1896 7 3 993 792 4 32 1217 48 1812 58 28975 35 4 245593 4 4 323 355072 4 502 33 5
238 20 103 4 80 27 4939 67 205865 4 8 4 47 189 1506 893 10 2119 14141 8 1128 3 488124 5464 5
17 74 57 1131 21 2025 21 537 276 1691 120 843 7 49668 317 4 125 3 4991 4 4 59 1708 49668 317 133 21 11861 8 566 7 168 5
527 4 12443 3 57868 12473 7066 58 5
134 51 7593 3 7067 13 80 7673 133 2210 10 678 6 2821 3 165644 5464 35 27041 4 54147 4 43012 33 13 80 27 93198 14580 19 3 49894 5
81 46 2124 4 80 4301 3 7112 2210 47 3 8 3 5937 539 5
17 10958 7 290 2204 16 6227 538 28975 115596 5
17 9796 7 189 5937 16 3 9149 7 993 4209 24 3 49894 24 48975 3 2119 2106 5690 5
3194 715 7 3 9149 16 691 6 3 2210 47 1033 232 6 40 10958 10 28975 5
131722 1945 238 4556 103 4 129 2210 1033 72 9 9149 7 993 4209 24 3 49894 95 74 80 27 6 7673 133 5066 7 993 10 28975 115596 74 5
103336 249 18506 3 197 7 1945 35 993 33 7 518 5
2018 133 1945 4 8 31 103438 8 31 5913 14 2911 1809 35 79022 5
6 14936 9 4444 8 4219 3 676 11861 7 3 4327 4576 33 5
17 461 35 23265 4 40740 4 285269 4 4 8 460335 33 31 138 2828 24 3 2119 8 7947 24 3 49894 303777 21 4327 8278 109 3 1726 31 3 57116 7 3 2125 7 4327 4576 5
35 249 33 114 3 9575 12911 770 3 89 7 3 15778 7 3 715 5
8 983 1216 317727 81 46 100561 80 4301 3 10958 7 3 2210 6 1506 3 893 10 3 2119 2106 14141 8 3 57868 12473 5
66 16 537 6 7673 3 4736 7 3 168 7 518 24 770 7 9 161523 133 21 3 57 54023 24 12329 71506 341 5
81 46 267 4 80 27 4939 108 4736 53 657 4 1361 4 8 1486 19 2755 2770 4 3 23394 47 7673 91 110 53 109988 8 67 34082 13 7673 9 49668 2801 14 48975 4736 7 3 168 8 9421 4 9 12911 13 2696 3 566 7 168 232 6 3 49668 2801 5
35 341 33 273 3 8347 7 49913 4 80 210 97 9 33498 7 3 983 6325 150 138 14 3 4576 5
527 4 23 16 1144 1369 6 1233 61 13 825 27 45 4939 59 14 3 83 8278 5
35 459 33 35 503 33 35 500 33 35 708 33 35 700 33 17 12911 2567 4 13 16 1029 6 70 3 4 5181 3 498 983 4 3 9421 12911 7 3 12329 17939 35 2567 33 5181 3 566 7 168 496 47 3 2119 12134 32 57868 7764 4 125 3 5547 12911 7 35 2567 33 5181 3 11861 89 7 3 57868 7764 5
79 34520 7 4726 164 148581 14 90 7 3 767 16 107 2209 4 47 2228 286 6 2565 3 9842 7 90 12251 5
81 1654 4 879 2106 9000 13 3 49894 303777 12244 3 9149 7 993 58508 460335 4 460335 4 4 4 4 4 460335 4 460335 56012 4 47 42540 6 9 4327 4576 7 2125 8 9 11861 7 179 1577 5
81 46 267 4 189 8 337 40 2576 2770 6 1359 5
1354 8 31 7488 95 43 462 326529 2770 4 3 1884 148 91 110 3 508 53 3 74 17939 17242 7302 32 715 133 21 32 16 4209 25 3 49894 95 13 14 290 663 715 4 50 871 16 1359 8417 22 3 74 15778 7 9 14510 715 35 171463 5
9 460335 715 49 9 10810 148 67 993 33 4 50 871 893 6 2915 5
66 6008 9013 89299 3 15778 7 290 715 4209 24 3 49894 10 32 2210 2106 2576 2770 109 17242 65 9 9149 7 993 16 4218 1016 7 57 715 22 89 95 23 16 59 488 6 13720 39620 488124 47 71 34 112 5
527 4 3 17939 4063 3 871 1359 285 3 74 715 34 3628 6 32 8 6154 9 983 7 4327 4576 13 16 427 254 5
17 17939 4 1016 4 110458 3 11861 7 3 498 4576 5
35 704 33 35 782 33 35 183 33 81 1243 6 46 4 879 2106 107 1384 3 508 9149 53 58508 460335 4 460335 4 4 4 4 4 460335 4 4 4 460335 4 460335 4 460335 56012 4 47 42540 6 32 4576 19 9 814 23537 10 3 1559 5
81 46 267 4 3 219703 2204 110458 67 523 3606 993 1547 6 3 67 5
1655 3 23512 397 7 1069 4 46 16 32 3768 106 67 49 48 19348 19 9 814 10810 10 3 1559 144 26 1384 21 9 837 3606 715 35 43012 33 5
659 1262 46 165644 4 80 27 5607 3 17939 6 879 23 1970 9 49668 37863 148 67 49 48 2458 8278 5
81 1654 4 92 3 49668 3457 16 287 58 9 1087 8515 4 3 67 19348 31 1109 176 7 3 216 3606 715 5
35 407 33 17 17561 27 45 5054 496 16574 4 32 1566 14 3 726 8 5932 7 3 9104 17241 8 532 5979 7 501730 2210 5
115561 148 3 290678 49894 303777 8 501730 2210 27 45 5054 24 770 7 3 77709 16574 35 115267 33 11924 5
115267 16 9 197 7 29894 10292 10 3 16574 54861 4926 14 3 17177 2971 109918 4 47 1708 4309 14 3 43241 19 3 2210 5
81 678 6 2565 143 3 2210 31 220 8 143 43 71 26 7141 14 23512 4 80 581 9 267 542 5662 21 1595 10 98586 782 5
79 9149 7 40740 993 16 4209 24 3 32542 992 4 47 770 13 32 57868 7764 16 11142 5
17 814 10810 10 3 1559 7 3 9149 4 3 1426 715 460335 4 3117 3 32542 992 6 3030 9 165644 106 67 9022 57868 12473 35 29574 8 40347 33 31 4218 1016 7 9 837 3606 715 35 32 57868 3074 33 5
145 843 7 165644 16 5259 24 15339 3 9149 6 3 501730 2210 5
17 298450 2204 31427 97 57 7764 4 3 2204 2696 3 11861 89 35 3082 409 2106 33 4 8 3 2204 2696 3 566 7 168 10 47 3 7764 2659 5
3194 40740 715 16 691 6 3 2210 47 337 40 2576 2770 232 6 40 10958 5
355 3 9149 10816 32 51053 210 52 3 57868 7764 16 4209 8 115 558 6 23512 5
10555 267 5662 98586 782 5
10555 267 5662 5
79 13604 7 46 284 16 1001 4071 10 9 688 1994 109 23512 27 115 558 9 882 787 22 3 688 19 9 61889 13 4507 70 3 5937 7 3 284 133 21 3 5536 8 2210 4 4703 5
7525 3 284 16 488 6 3968 3 628 5954 25 57 2119 22 9 89 95 23512 8 18862 132 1562 11537 7 57 693 22 9 89 5
16024 9 784 5448 10816 4 3 60688 16 2207 25 3 693 2106 8223 8 3 210 52 3 9892 16 3205 14 426 14184 5
208 9 84 9892 2899 4 23512 36 254 9 15721 15 3 2119 2106 8223 8 52978 3 284 5
81 678 6 8612 3 8958 7 3 49894 303777 4 80 2828 32 5867 2096 57 2119 5
20498 341 4 576 3 773 7 3 26653 49894 303777 72 48 58 3765 49668 12949 6401 5
20498 341 5
123 517 773 8 8958 7 3 32542 992 5
460335 123 517 6498 40056 460335 90585 341 700 19765 123 517 522 90025 202 96368 202 31008 6401 782 17 628 7857 6 3 2119 37 2828 3 57868 12473 154 9 1562 9892 5
81 3856 4 80 39 407 2915 23261 8 67 83 488124 61 7 71766 49668 12949 5
66 16 533 6 1963 13 133 9 665 16 1547 6 3 26653 303777 13 47 29 45 3559 19 12473 44643 24 23512 5
81 3 688 1994 80 27 6453 14 3 26653 49894 303777 9 1734 773 4 7 593 4 19 32 8958 401 6 9046 202 35 196 20498 459 33 5
145 665 29 45 3455 24 3 49894 303777 7100 521 2119 2106 12473 19 5897 7 4327 8278 44643 24 23512 5
134 31 107 6625 628 25 83 521 826 4 47 31 14448 110 24637 24 23512 4 10 678 6 1088 9 1978 928 628 197 13 36 1297 3 773 7 3 695 49894 303777 5
81 1243 6 46 4 658 4 23 16 533 6 210 3 17085 8 83 3606 10 7566 463 6 3 7112 2210 35 8 33 5
20498 459 5
231425 773 8 8958 7 3 32542 992 5
40740 285269 23265 460335 231425 6498 40056 40740 409 6494 6494 6494 6494 285269 6494 704 6494 249 6494 6494 6494 697 6494 6494 23265 6494 6494 249 782 6494 460335 700 249 249 341 72095 231425 522 90025 202 96368 202 31008 6401 698 81 678 6 8612 3 773 7 3 2210 80 2828 9 169 5867 5
65588 503 8 500 4 3244 4 576 3 522 7 3 3726 10 3 688 7 179 523 826 10 179 1562 11537 5
17 7112 501730 2210 27 1658 67 4327 8278 7 2125 23265 14 57 2119 35 20498 503 33 8 67 7 2125 23265 8 40740 4 3995 4 14 184 2119 35 98586 500 33 5
17 83 826 155 34 240 120 4327 8278 154 3 9892 5
3062 286 1101 15 3 4576 7 2125 40740 5
145 18 3 665 7 9 9149 7 550 49668 12949 6401 21 40740 24 3 49474 133951 3673 5
17 4576 5592 14 550 1577 5
66 16 1435 4116 6 1963 13 3 49894 303777 7947 57 39620 715 6401 21 32 135756 14 3 74 2119 5
2758 9 165644 18 30118 24 3 10351 536044 5
20498 503 5
11391 7 179 1562 9892 19147 3129 49894 303777 10351 303777 1503 7399 42503 12563 6517 6517 6517 6517 6517 23265 409 341 409 2106 341 409 2106 6494 6494 6494 6494 6494 6494 6494 6494 6494 6494 6494 6494 6494 285269 249 6494 6494 6494 6494 6494 6494 6494 6494 40740 6494 6494 6494 6494 6494 6494 6494 6494 6494 20498 500 5
11391 7 179 1562 9892 19147 5729 49894 303777 10351 303777 1503 7399 42503 12563 6517 6517 6517 6517 6517 23265 782 249 782 2106 6494 6494 249 782 2106 6494 6494 6494 6494 6494 6494 6494 6494 6494 6494 6494 285269 6494 6494 6494 6494 6494 6494 6494 6494 6494 40740 700 249 700 2106 6494 6494 249 700 2106 6494 6494
81 46 1381 80 27 2209 32 1217 6 7367 66577 4327 8278 10 212 19 22405 35682 34954 5
134 27 3322 9 20565 7100 5533 8 677 3 773 7 523 536044 5
49474 133951 9861 27 1595 9 1927 333 773 154 66851 4327 4576 4355 5
134 27 5054 32 26653 4355 284 4 47 51835 49668 12949 111 179 3351 7 4327 8278 5
2758 19372 522 27 45 161 9490 24 7112 501730 2210 13 31 1479 14 35 4114 33 7995 6281 7 4327 8278 109 35 25547 33 21025 49668 4015 8 83 317 4116 14 3 50055 109 8 35 31883 33 2790 488124 24 7623 49668 12453 4 3 522 240 21 3 17561 2821 165644 5464 8 1297 3 1277 7 3 9674 5
17 4176 6232 522 27 3544 3 6192 7 133 32 1217 10 521 267 2062 5
273 46 1033 4 80 27 4071 3 3726 284 22 3 511 7 6307 419803 22 3 2857 2106 1841 4 114 80 31 6625 628 25 9 528 197 7 826 5
17 380 6905 4 658 4 16 6 4534 9 556 5114 2303 1566 35 12283 32330 4 502 33 4 47 144 26 488 6 7367 2119 2106 57868 14141 8 40 3117 35 171463 5
1945 2828 496 3 1566 24 3 2119 49 83 1481 33 5