145 1381 5181 3 7254 7 9 4731 414 543 10 137750 5
145 447 1388 9 485 2726 7 917 15601 1225 7 162 4 21 23 754 537 6 598 3377 1265 538 35184 1146 14 13 3644 5
17 16783 144 26 2350 19 3 3465 7 84 5
214 16 3 1033 524 9 84 2370 17592 14 3 3465 7 9 593 15 2516 1443 496 9 333181 10 9 4731 3719 14 75182 5
6459 3 3465 7 9 26983 49 1620 4 23 16 1622 6 132 13693 7 3 773 7 3 10764 3569 6 1491 3 284 65 3 221 7 1481 7 3 2673 8527 5
81 678 6 1877 3 3074 7 133 10306 4 543 89 507 31 220 5
17 2793 3455 31 10637 6 28669 9 11245 1506 4 21 408 6 1851 21 537 5
17 75182 864 7 3 2132 12482 1376 154112 1495 430 10 54258 35 3926 33 16 1001 15 3 74 4141 5
17 6905 7 3 74 4141 16 6 1849 52 3 231 7 4731 3648 8 40 2333 6 1626 61 75182 1380 5
1471 733 16 6 4417 3 4166 2442 19 3 231 7 3206 6372 31054 8 40 6607 7254 5
187 16 34 146 317 22 46 1129 52 33192 13 86 25453 3 1444 7 9 3656 11924 19 3 5536 8 3 96370 5
17 1236 3443 10 143 6 2703 84 1225 7 8409 8 97098 9339 4 47 23 16 449 163 146 2898 16910 4 3136 47 31 3 11023 6 422 286 305 25 3 17087 3377 13 97 2228 3 2043 7 1735 4 1548 8 10722 15 6321 62167 5
187 31 117 2246 8 1938 37 1123 6 27 333 1225 7 15206 138 84 1543 7 317 4 10 1654 14 3 726 7 1897 4884 15 3677 49474 5309 5
6506 6 20011 4 2069 2064 7434 8 391 71861 148 2642 4 23 16 107 16079 6 909 2854 9339 276 3 236 7 2215 4132 4 21 3 619 71 132 231 7 192 32055 1714 93 935 114 43 31 5
145 842 3 6942 25 9 17087 917 9190 6 9 7039 917 15601 5
145 337 16 115 537 59 24 3 726 7 51650 7 4731 9254 133 21 1660 96647 35 126252 4 280 33 5
145 30730 16 1146 163 3 4005 7 35 24 29317 23144 29317 1192 33 8 23 18 531 10 359 8 1942 163 3 232579 35 367092 12283 32330 4 2076 33 5
145 30730 16 12072 24 9 31462 2981 1465 10 3298 5527 8 23 4088 2489 2791 133 21 3 13154 114857 79443 109 79443 8 3 216 405 13154 5
1660 96647 35236 19 3 1506 5
81 3 10764 3 28508 5298 49 32442 3248 31 1146 4 8 3 13154 16 4514 15 3 3023 5
17 13154 29 825 7410 21 35951 21235 49 1246 20961 44 43 31 220 6 909 4731 9254 5
17 34316 7 917 15601 35 4 6793 4 323 38851 4 280 33 10556 7732 1442 4538 4 76475 11081 4 53082 4 13119 7557 4 8 3 8586 1537 9 51423 5536 3682 7 2854 5
17 3109 7 909 6 4884 7 2516 1443 8 7732 1442 15 4731 9254 1148 19 137750 3648 10310 3 231 7 9 11245 1560 16 32 3419 152 6 5237 1812 7429 6 619 2274 10 91 5
49474 1442 16 9 1897 13 1900 19 3 1746 7 1416 1443 13 31 3682 7 13196 10777 13 80 5004 19 1442 10 746 3074 53 2030 33959 4 14618 4 2854 8 565 12538 4 297 461 5
145 29 420 6 3 11030 7 3184 270 3648 14 27275 4 8090 8 1715 10 9 2726 7 692 5
17 4731 9254 27 45 93 5694 6 13 19 3 2673 7 43826 6 117 5158 7 3 1212 7 2088 4731 11207 4 133 21 601 4 856 3174 4 8 2505 891 5
10052 4 3 2383 1058 7 317 27790 25 1323 18502 8 40 2246 20783 1010 6 9796 10 14431 14 3 21946 7 10292 2505 25 3 5138 7 523 3497 7 43826 49 50 9926 692 5
145 1217 16 260397 496 32055 726 10 12214 7203 4 90 6200 7 47 31 1443 14431 8 27163 8103 3673 4844 35 10435 4 362955 4 298297 4 323 249240 4 1095 33 5
7557 198400 16 9 7557 2673 10764 13 2527 3 216 1639 21 6 7265 19 40 1481 5
66 11841 25 3 2376 7 3 2981 7 3 1351 3323 13154 7 4 531 10 261 359 24 29317 23144 163 232579 4 4435 12578 10 678 6 1000 9 7557 2673 10764 5
66 16 12072 24 110 481 1586 4 23 29 9 31462 2981 1465 10 3298 5527 8 23 4088 2489 2791 5
659 1294 16 15 1185 8642 5
364 7 3 603 77699 7 16 3 3279 19 47 9 1845 71 30887 50 726 4 1746 891 1443 4 8 11032 14431 7 96370 35 12586 2622 4478 33 35 323 4 280 33 19 5536 4 95 13 2038 71 26 1146 6 2490 3 738 8 41154 7 290 4689 35 196 98586 249 33 5
8431 7 32 526 4731 131 30730 19 76475 5536 16069 98586 249 5
8431 7 32 526 4731 131 30730 19 76475 5536 16069 8 317 3975 10 521 89 5
16 220 14 12430 4 2172 8 2093 5507 7557 4731 9254 24 117 23668 180 3 131 5
26886 2572 6 523 692 71 26 1601 19 46 4462 4 133 21 75182 4 4731 6176 4 8 29182 4 10373 461 5
7219 4 110 9 481 1586 4462 4 23 7928 799 470 726 8 2228 4654 180 3 131 6 4569 6 3 726 7 84 2000 5
240034 14 9 917 4884 240034 16 32 22904 14 89013 5811 25243 37515 12586 392039 66 16 9 1586 1560 14 2172 4884 8 3377 1265 543 15 526 1351 8 1589 10 93994 5
66 16 1254 6 162 15 523 5536 5331 11109 53974 35 12826 56620 4 744 33 4 19 3 6905 6 185 13367 1000 8 2093 3009 695 2854 2126 5
240034 16 1254 6 6872 3 589 7 2505 14 3 1323 5
1738 74 1185 18 845 10 750 1422 8 6 1294 3 498 1185 16 7013 5
240034 1001 29 72 4884 998 137 2809 1265 10 20074 378 4 150 3926 47 16 3 3144 151 10 2809 4884 35 196 20498 249 33 5
20498 249 5
12418 7 220 3648 19 40 15421 5
44120 62856 145 1586 1708 9 2912 15 47 3 5440 2106 668 71 1088 4731 9254 13 71 26 9703 4 2198 4 2870 4 10637 4 8 2069 137 221224 6292 5
17 4919 1586 16 1465 10 85466 4 8 3 45268 4650 11924 35 97349 33 16 1465 10 17177 5
93994 93994 16 9 204820 78608 2030 1254 14 3377 726 58007 14 23 2228 7132 2095 6 1000 4650 1819 6 909 3 333181 7132 5
19526 1694 71 59 3009 70 1481 14 3 7132 4 19 9 177 1509 26744 284 848 5
53974 66 16 9 137750 526 1351 101035 5536 891 284 35 33 5
66 16 220 6 197 8 95 13 71 6143 6 9 5536 5
66 16 32 526 1351 4462 220 6 1000 9 96370 1084 125 1572 22 3 216 89 40 209 2247 2104 14 30909 6831 5
66 16 825 6 240034 8 2228 3 27649 6 197 55 1570 2854 8391 57052 1146 8 18864 19283 14 290 1323 5
114857 13154 17 114857 79443 16 9 5607 3668 2433 13154 4 6 909 9 4731 131 5
66 2228 3 589 55 6 9 4801 7 2667 15441 4 16619 84994 55 6 31274 98236 31274 98236 31274 15441 8 83 4621 2000 5
66 16 336 10 4898 8 16803 2067 5
56974 10764 66 16 32 526 1351 1219 284 14 7557 4731 131 10764 5
66 2228 2489 30909 1481 6 10074 1088 9 4731 1566 4 8 6 12248 19 290 83 10 521 89 5
864 17 864 35 73239 61852 68132 101658 37515 12586 5531 33 35 153492 4 232306 4 534047 4 323 16144 221078 4 359 33 16 9 1028 3323 13 29152 161822 4731 10711 105 3668 2433 8 19 3 2854 891 2912 240034 5
1708 9 1773 1079 7 3648 35 90 149 10 726 33 13 4552 4731 2854 9254 8 40272 932 35 144551 4 2624 4 75525 4 170755 4 323 14363 4 590 109 57826 323 100770 4 2076 33 5
2758 3648 31 1816 5775 19 9 2854 891 284 543 15 3 3377 5
66 16 277 220 24 764 7 13367 8 619 1857 5
56974 1219 10764 56974 16 32 1219 284 13 2527 9 16803 54861 8 23 16 543 15 252653 35 153492 12283 32330 4 359 33 5
66 16 4154 24 3 283 711 160457 8 9 5440 668 5
145 3201 16 2161 6 1297 3 194 4650 791 4 363 23 2538 6 12248 19 3 1219 284 137 32 2069 97349 5
66 16 57 7 3 104 974 23033 298 19 2429 575 202 8684 297 16803 23033 5
273 3 726 7 46 864 23 144 26 1744 13 16803 16 12072 21 32 1219 284 1254 25 3 1431 21 4 460471 4 8 23 7162 3 65320 14 290 4650 15 6589 8 5342 25 909 24 83 1481 10 9 177 1955 152 5
56974 624 24 4768 4 19 3 6808 4650 4492 4 95 13 3 284 2556 51 1374 3 4650 2106 18580 6 6694 120 5937 8 23 16 59 424 6 26 177 4959 19 65320 22 3 89 7 27396 5342 8 41412 5
659 1000 9 4731 593 3 508 1959 31 6 26 1303 61 35 6639 323 8765 4 2560 33 53 9610 5
73633 5536 66 16 1622 6 27 9 3377 10764 6 7933 3 9339 7 240034 4 8 23 16 44291 6 60251 53974 21 3 4768 5536 2869 10 3 10764 5
134 51 236 6 231 3 35 4 359 33 24716 3201 47 1038 3 7579 7 53974 5
16803 7579 5342 14 31 558 15 3 405 1295 7 24716 6020 5
2491 3 3359 29 45 11341 4 23 144 26 295007 163 3 8339 3359 284 5
5583 3 10764 383 26 574 538 3 4183 353 5
364 7 3 8152 7 16 3 516 4462 14 53974 14431 25 347187 53 4 47 71 26 10644 25 3 139 2078 7 3 10764 24 21811 2158 53 10 9 9160 5
17 41244 2078 340 34 27 32 8509 909 532 24 4768 4 95 945 19 909 6 3 10764 71 337 70 3 19393 5
66 16 3475 3448 6 197 55 909 20746 5
17 12226 5181 143 6 112 46 5
73633 3 333181 131 19 349 3 5838 2078 31 3 5342 666 14 7579 7 3 10764 5
66 16 44291 6 8915 3 10764 15 9 83977 1185 7 16803 4 121 68677 5207 477 27 30107 667 19 8 50 77144 5
18 1589 6 336 15 3 1668 19130 71404 6684 8 146 7 3 3323 8 17219 220 10 3 333181 31 543 15 3298 5527 4 95 10 678 6 6694 23 15 16803 23 16 1272 6 6694 3 80166 6684 4 47 29 3 1622 11207 6 23096 138 7693 5
17 5342 666 6 6694 80166 15 16803 31 10 40 405 5838 2078 4 43 71 26 11341 6 3 6264 19 3 7579 13125 215 35 171463 5
56974 53 538092 17098 128 6694 78502 1332 33 5
435 441 4514 78502 4 3 3359 144 26 99431 538 3 6264 5
659 353 3 10764 4 3 4183 78502 144 26 2167 19 6808 65320 5
208 87 31 34 120 30107 667 4 3 10764 144 353 5
145 13173 70 3 1622 77144 6 3 333181 57 24 57 5
208 46 16 3 74 89 16 336 15 3 1416 4 8 92 87 16 34 120 333181 277 1146 4 153 3 30730 51 1882 3 3465 7 57 4 1855 3 317 2888 1298 53 2778 118 642 610 1356 1362 53 184741 3333 5
17699 13 36 26 392 6 3 642 5
23476 3 13228 610 14 3 642 5
2778 1356 1362 53 5
45047 81825 14 46 642 5
12966 9 4768 4 95 63 86 100 1048 2707 2191 63 4535 9 2190 5
2778 12261 33944 1356 1362 53 14937 4 11348 25927 5
66 16 3 13228 11572 397 14 3 642 5
35499 383 26 14644 14 14510 7132 48947 15 1806 3248 5
10974 3 4768 57 71 26 2404 24 5232 3 2707 629 5
2778 1356 1362 53 170604 59952 35 11911 1213 33 5
145 1213 16 958 9 31259 9546 13 2228 3 1541 6 8916 3 1079 7 6145 13 71 909 3 10764 5
81 104 745 23 144 26 203 6 24 5232 2707 4 95 13 70 4507 71 909 23 5
2778 1356 326256 1362 53 5527 3911 35 6494 33 5
10129 10764 3911 6 26 220 14 909 5
208 3911 326256 16 34 110 220 24 83 2673 4 5232 3 23476 629 770 6031 3 4768 5
2778 53 8664 49 36905 5
89969 149 10 3 9345 967 5
659 26 203 2915 24 5232 2707 5
2778 53 11911 1213 5
145 16 3 1213 19573 47 2067 36 909 3 10764 4 8 23 144 159 76 1250 90 14048 13 31 2994 268 5
659 353 23 86 26 203 21 5
2778 2420 63 3073 6 1611 32 1806 642 6 309272 164 35 33 88
1356 3227 1362 53 145 16 220 6 17325 3 3340 1146 642 6 32 1806 164 4 92 87 16 9 1321 1146 164 6 47 3 7751 844 6 1611 3 642 4 8 153 3 610 63 144 26 1465 5
208 87 31 34 120 684 153 24 21811 93 23 5534 6 1000 57 5
17 19393 13 31 1272 6 1000 57 31 53 2778 490 610 1356 1362 53 184741 3333 5
3701 610 5
17 508 19393 144 26 6212 95 13 268 15 9 84 4650 71 26 1146 15 3 10764 4 37 36 26 3 74 4650 6 909 3 164 53 2778 490 1541 74 610 1356 2954 1362 53 184741 3333 5
17 610 6 26 220 14 3 164 1541 5
2778 490 1541 73 610 1356 40044 1362 53 184741 3333 5
17 21191 6 26 220 14 3 1558 1541 5
2778 81297 53 184741 3333 5
40044 81297 1146 5
2778 39054 1356 1362 53 184741 3333 5
39054 4650 1146 5
458 107 80 27 9 642 4 9 164 8 9 4650 5
473 46 1334 4 3 10764 71 26 574 5
66 71 26 10644 25 120 13154 5
931 19393 71 26 5607 22 120 89 24 15206 3 3359 2852 10 3 32036 7 5
5743 6034 76 28848 8 27396 6034 10 31 3 2370 884 14 3 1444 7 3 333181 5
17 74 670 6 112 16 6 474 3 1646 7 3 1620 5
273 46 3 4183 9528 3189 8 3 13228 221 144 26 220 5
17 642 142 27 3 3235 1646 7 3 7132 4 106 92 23 16 197 6 9 1978 1646 23 51 20220 19 83 3248 10 7132 7927 5
23620 3648 976 31 35 4 4 430375 4 323 6639 4 2560 33 53 2778 13828 35 33 16 220 6 337 3 10620 7 1069 8 3 23761 7 3 2741 5
2778 19982 35 33 53 473 46 1712 3 523 6034 10 3 642 71 26 918 5
2778 107461 35 33 53 145 16 57 7 3 104 533 3648 109 46 4462 893 2093 3 827 4 10235 8 1646 7 6034 5
2778 33382 35 33 53 145 4462 6268 523 2370 6034 105 31958 4 23287 4 34537 4 33846 4 120148 4 8 461 5
2778 12555 35 33 53 473 46 4462 3 4650 71 1075 4 653 4 6754 124 49 14936 3 3467 857 5
6832 46 4462 28 49 82 71 59 337 3 2763 6 2190 10422 4 150 3 2125 7 16194 13 36 26 220 6 345 3 506 35 196 98586 341 33 5
13154 8 2370 3648 5965 8 22443 14 12430 4884 10 3 98586 341 5
13154 8 2370 3648 5965 8 22443 14 12430 4884 10 3 4731 9254 5
355 120 7 3 996 3648 16 1085 4 523 22443 36 1230 22 3 2245 7 3 2789 55 2801 10 47 3 4650 71 132 2190 13613 10 3 1146 6034 5
17 22443 558 10 3 3648 5965 31 53 2778 903 53 2569 3 1541 71 132 9 6652 8 20904 3 65320 8 4019 7 6034 4 8 7673 3 652 2828 24 4768 65 32 30909 10564 23 5
2778 68132 53 81 46 16540 3 4650 71 197 2215 2763 7 3 5811 10 3 333181 4 133 21 827 4 10235 4 1646 4 49 141 92 3 5811 16 1943 4 12113 4 92 23 16 4343 4 4703 5
273 90 2370 6034 28 71 197 1117 2003 133 21 2858 7268 4 353 8 194 1089 4 7673 289 23 16 49 34 18337 4 8 50 7709 4 297 461 16 5
17 3297 6652 7 3 891 7 3023 3648 14 589 10 333181 31 34 3 1441 7 46 3024 5
2778 23022 53 66 2228 13866 3 10777 2442 19 3 9855 2869 30730 5
11566 523 9855 5331 13 852 48 7025 29182 7 6034 4 11231 14 3 3644 7 46 864 43 31 34 4279 5
2778 177229 53 3194 5811 142 59 27 523 28024 4 47 1000 48 7025 10711 8 23 16 59 220 14 27929 7 13119 496 3 333181 5
17 589 7 1812 333181 2179 25 2370 6034 8 3 89 23 1141 6 1332 23 36 5524 15 3 4650 1175 6 231 3 3648 391785 5
53801 3 84 333181 19 2491 3 7751 29 3 240034 1586 8 3 3648 699 4 50 7410 71 26 220 1752 76 3 333181 5
273 46 593 80 4514 240034 15 3 216 10764 7 4 8 153 80 1888 3 197 2852 15 3 3023 1491 19 3 32174 2852 10 3 10764 5
17 1959 6 1626 61 46 31 21 3177 53 2778 17299 249 53 4817 15 3 197 5
2778 17299 341 53 33606 10 3 6887 3 240034 433 1213 4 14 946 2158 53 49 2158 53 5
2778 17299 459 53 79 50441 2031 1464 10 3 72518 5
1301 7978 15 5987 6 2078 5
2778 17299 503 53 659 17547 6034 4 9 9160 144 26 1085 4 47 86 26 3 57 848 10 3 13154 49 3 4768 9160 7 3 1219 284 5
17 1541 144 10024 10 19 41244 604 49 2510 7 3 593 10 47 3 10768 18 304 4 8 153 82 144 17547 23 24 13896 3 1321 10768 304 6 240034 4 8 153 82 144 1518 3 916 5
435 46 82 86 408 3 9160 5
145 144 26 617 97 480 14 3 689 10768 7 3 197 4 8 480 14 290 5811 304 6 3 333181 5
2778 17299 500 53 5583 3 144 7978 369 15 3 11686 4 8 153 7978 15 46361 21365 4 95 13 3 5811 13 18 4836 142 27 909 6 3 14644 240034 2912 35 196 98586 459 33 5
3154 6027 6 1000 9 4731 593 19 10 3 98586 459 5
3154 6027 6 1000 9 4731 593 19 10 3 5
187 16 149 146 162 6 26 617 52 3 5979 7 7732 1442 4 8 3 726 7 13344 8 3782 4081 5
187 16 9 485 236 7 27964 8 1586 1547 6 46 533 352 7 2505 5
214 16 32 533 1033 14 3 3998 6 4884 13 2907 3 542 7 138 4538 8 83 7429 3136 16001 1443 13 86 26 3682 7 14618 7521 6 3 746 2032 35 323 4 2804 33 5
21809 7 538 7557 4731 9254 10 4819 4884 2778 17 2246 142 7916 19 619 15 9 287 3142 1625 4 8 619 71 2401 32 1570 2854 447 8 3434 3672 19 83 619 5
2778 17 593 71 26 979 117 400 276 441 6 26 1146 369 8 369 5
2778 7396 71 1000 35184 232 6 40 4418 8 19 3 2000 43 756 105 5
2778 17 593 71 1000 45268 6034 13 24457 3 3074 7 9 21411 284 19 7732 1442 5
2778 22485 9254 27 825 3648 21 3 917 9190 14 2172 4 3975 8 2589 7 84 2505 24 538 24119 4 13366 4 60618 4 2300 4 854 648 8 83 3648 5
2778 66 11290 3 231 7 34739 6 2907 3 1995 7 84 4525 10 3 352 7 1416 8 7986 1443 5
17 2516 284 593 4286 3 508 15355 15130 8 220312 35 1422 33 4 4296 8 391048 35 1422 33 9148 249 62000 53 2778 2505 3310 11924 2778 40044 11924 2778 25149 1084 2778 196615 2869 2505 3310 11924 17 2505 3310 11924 3466 143 3 2516 8 2505 5318 12248 19 3 447 6 12874 2505 76 3 2505 1084 5
66 1038 2000 6 4530 1149 10 8398 40 2505 10 9 916 6943 14 14618 24 3 1416 5
40044 11924 17 4650 11924 16 3 176 7 3 447 13 50050 19 3 4650 5
66 25803 3 4650 14 317 1272 6 4855 9 565 5
66 6852 7951 8 4853 50 14618 5
25149 1084 17 2505 1084 9286 7 2190 3077 7 2505 52 90 13836 9962 5
79 2505 1084 22394 25 9 628 1084 10 13 3 2505 1084 1038 189 10023 2505 8 19232 2505 5
17 2505 4312 71 3576 117 523 3351 7 2505 671 19 3 650 7 9583 2505 76 3 2505 1084 5
196615 2869 17 42101 2869 2527 614 954 7 42101 6 1033 25 3 9339 7 3 2505 1084 8 1823 7951 47 31 34 277 12067 4216 4 44 71 26 48044 25 3 2505 1084 5
196615 5331 31 3682 7 8524 14618 4 34 100 17315 14618 5
16816 4 43 2601 3 6269 7 28338 2333 7 1416 1190 5
17 2190 3497 7 42101 7262 24 523 42101 5331 7702 4 4808 15 307 2193 4 150 3 2505 8593 5310 4723 24 3 2516 284 5
17 593 15 2516 1443 6274 117 18309 52 2505 891 53 2778 156114 2505 2778 91081 2505 2778 37612 2505 2778 9524 1065 49 131 2505 2778 187739 2778 201601 2505 2778 133662 2505 2778 100572 49 51423 2505 2778 2386 2505 2778 5444 2505 2778 86829 2505 2778 13406 2505 2778 88899 2505 9148 341 53 26858 3 2516 1443 53 2778 40373 2333 5
2778 37280 14 726 2516 1443 5
2778 10725 14 589 4 5714 4 8 22296 1396 2757 5
2778 22418 1212 6 231 2516 1443 5
2778 20257 8 84 2333 5
9148 459 53 14441 14 149815 53 2778 133804 6 7951 5
9450 18743 4 1301 5
9450 326529 5
9450 548754 4 175915 5
9450 33982 21323 5
9450 84181 1945 5
2778 14897 14441 5
2778 149815 19 14441 5
9148 503 53 62000 6 83 2333 53 2778 7337 4242 5
2778 80440 8783 5
2778 73239 2520 5
2778 133951 2642 5
9148 500 53 349 517 544 53 2778 151922 544 5
2778 130069 1273 5
2778 31549 84 2505 5
2778 30978 8 9464 5
2778 15631 8557 5
2778 118 3677 601 5
2778 79923 5
2778 98527 5
17 231 7 2088 11207 1406 72 3 85 8 3 48 95 19 3 19095 7 2064 5
1655 13 1129 3 152 2505 16 10644 29 1406 106 10 23376 87 31 8375 1543 7 317 13 624 10 117 16292 105 2942 4 854 8 117 48 5
17 337 16 95 533 13 84 5197 7 619 4535 6 1046 3 3377 103 43 198 6 9 1845 109 46 20521 3 236 14 48 4567 7269 13 2729 192 619 4 2998 8 2364 6 2707 4731 9254 8 598 192 84 4884 7 11455 8 84 2520 7 909 6 2505 35 196 98586 503 33 5
62191 52 3 2639 2424 6 3 593 7 2516 1443 10 3 98586 503 5
62191 52 3 2639 2424 6 3 593 7 2516 1443 10 3 7557 4731 131 1146 5
17 332904 14 3 3465 7 1783 6728 8 1586 14 2516 1443 1224 24 3003 143 6 231 2516 1443 3648 8 153 24 7623 3 3564 2505 6 4855 521 544 5
2758 7112 1443 383 26 9935 7 10363 4 129876 4 8 27964 13 132 4007 1866 543 15 954 8 13 231 7112 917 909 18193 6 1046 14 2505 5
145 16 3439 24 538 19791 64152 4 301928 4 55069 35 102924 323 38409 4 744 109 183087 4 15429 4 39173 4 323 15429 4 280 4 35 32878 4 911 109 183087 4 15429 4 39173 4 15429 4 323 39173 4 590 33 4 160431 1894 7 5287 57363 35 12283 32330 4 2773 109 32496 12283 32330 4 911 33 2125 4 628 891 4 19526 62167 35 298957 4 4 86050 4 9039 4 323 466864 4 274 33 4 14479 14431 4 2205 6 6404 1543 7 3186 628 4 855 4 14954 8 48 5
766 46 71 26 6103 24 538 1476 101658 350914 35 51538 33 5
66 16 1622 6 3972 1296 10 307 3186 3547 133 21 5395 4 1586 4654 4 1845 619 4 601 600 10 992 6358 8 9 668 7 10323 8 7557 5968 7 333181 8 4884 825 6 138 3509 10 46 1381 5
66 16 533 21 166 6 27 909 6 272 1952 1052 4 7132 8116 8 51538 416 5
81 46 74 4141 7 726 3 284 2828 13693 7 1617 7 605 1481 37 2167 3 7557 4731 131 5
17 5036 42 16277 25 3 2854 284 8 153 43 42 848 10 3 35 61427 323 519473 4 274 33 17315 1506 21 9 1427 7 160269 6589 220 6 12262 89 507 232 463 6 13043 8 7357 1506 53 35 249 33 17 10764 220 14 2279 39 21 1219 284 16803 13299 4 19 6728 13 18 1254 19 9 5447 2168 7 697 32557 290 4 19 9 5447 1952 7 54881 62778 4 8308 762 4 39479 7 704 98236 120805 51691 117980 51716 8 9 171758 904 52 6052 13336 5
17 137750 1586 220 6 1000 3 17315 1506 16 35 137750 382860 315892 8 89 507 7537 33 35 137750 2563 33 5
145 4462 12244 11245 2376 24 770 7 8 74 8 169 7592 6 1657 9 21431 4859 10 678 6 4764 3 3074 7 9 1978 221 7 1481 6288 3 50773 1952 10 51716 5
931 507 1379 272 10291 4 93 4599 1153 8 48517 4 8 2489 50906 5
17 20498 341 628 4 31 3380 10 3 508 8836 35 196 98586 500 33 53 20498 341 5
11292 7 4650 4 50773 94 21717 8 521 1952 13422 2870 10 9 7557 4731 131 593 5
40044 50773 21717 35 202 33 130190 35 202 33 15075 50773 35 51716 33 130190 35 51716 33 249 10548 6494 322449 6494 341 13112 7013 535659 88594 459 25861 6769 492202 8750 503 685 9610 89539 500 697 341 59730 708 38637 3921 228555 700 49048 9102 704 56293 5061 387104 782 50198 7259 399055 183 56123 9862 264052 407 59561 3921 251676 403 61084 8016 468342 698 68348 9193 116910 685 51357 7259 247797 409 67882 7923 113786 697 69796 9862 800 65255 7170 630 65364 7627 273931 947 58654 9610 405113 302 74009 8370 1004 94669 9862 382868 985 86624 7259 117540 1135 86814 7923 889 95435 7259 282858 605 102211 6448 9897 2897 507 1494 4859 10 98586 500 5
2897 507 1494 4859 10 5
435 15826 3 11245 3074 16 1622 6 159 3 74 1884 21 1595 10 3 508 1233 35 196 98586 708 33 53 53517 89 507 4859 8 30 74 98586 708 5
53517 89 507 4859 8 30 74 5
145 1884 1929 3 29540 7 50 4 47 29 249 83713 397 8 266 35 196 98586 700 33 5
89 507 4859 58808 8 98586 700 5
89 507 4859 58808 8 5
659 3030 46 9892 4 5036 7 302 1481 4175 42 351 114 1614 202 8 302 202 31 203 6 3030 3 10900 35 196 98586 704 33 53 83713 8 2770 98586 704 5
83713 8 2770 5
1210 6 3 225419 3455 25 3 7410 8 3 7553 10900 2520 4 47 42 543 15 3 225419 9421 35 117473 33 38003 35 249 33 3082 4 23970 35 249 33 3082 4 8 23970 35 341 33 3082 4 3 1506 3109 35 33 42 4939 19 46 14392 53 35 341 33 1655 3 628 1252 10 98586 782 3 4859 10900 3331 14 1135 5036 4 3 37106 4859 16 5822 10 1426 8 3 12510 1877 21 3177 35 196 98586 183 33 53 15060 38 35 33 4859 8557 98586 782 5
15060 38 35 33 4859 8557 5
231105 1506 249 46061 10900 98586 183 5
231105 1506 249 46061 10900 5
17 98586 407 6274 3 5551 628 14 3 37106 4859 8 628 14 4859 10900 59 7154 3 35 37388 29139 3389 96368 33 53 15060 38 35 33 4859 8557 35 249 33 98586 407 5
15060 38 35 33 4859 8557 35 249 33 5
1655 3 628 1252 10 194896 5
407 8 403 4859 10900 3331 14 1135 5036 10 1426 37106 4859 16 2209 10 1426 8 3 12510 1877 35 196 98586 698 33 53 15060 38 35 33 4859 8557 35 341 33 98586 403 5
15060 38 35 33 4859 8557 35 341 33 5
231105 1506 341 46061 10900 98586 698 5
231105 1506 341 46061 10900 5
17 98586 685 6274 3 5551 628 14 3 37106 4859 8 3 628 14 4859 10900 7154 3 35 37388 29139 3389 96368 33 215 53 89969 10900 7154 3 35 37388 29139 3389 96368 33 98586 685 5
89969 10900 7154 3 35 37388 29139 3389 96368 33 5
17 74 1092 10 2172 32 2516 284 593 10 9 4731 131 16 6 1849 3 523 3648 558 14 46 3644 8 143 3 216 4859 71 26 3577 220 276 7470 5464 22 3 1129 7 589 192 4884 5
17 689 5093 170 18 6 3270 9109 4 106 4731 9254 39 544 9708 6 48 58 605 2791 49 619 3380 24 40 35184 35 196 98586 409 33 5
15493 114 87 31 307 619 19 40 35184 427 3 593 7 98586 409 5
15493 114 87 31 307 619 19 40 35184 427 3 593 7 2516 1443 538 8776 14 3 1506 5
187 16 59 496 3 333181 9 593 1888 6 3 240034 2912 47 16 4514 15 3 216 56974 10764 5
81 46 2912 960 3893 42 1146 47 42 10644 25 3 593 35 196 98586 697 33 5
41381 7 2279 17592 14 3 17315 35 137750 2563 33 98586 697 5
41381 7 2279 17592 14 3 17315 35 137750 2563 33 5
17 2520 10 35 249 33 8 35 341 33 27 45 3677 6 4764 3 3074 10 970 7 50773 10764 1952 7 3 221 7 30909 909 6 3 4731 7557 593 4 17 98586 704 42540 6 3 4859 14 83713 38003 35 249 33 4 23970 35 162236 33 4 17 74 1506 35 33 14 1135 5036 842 1153 5464 180 500 202 35 46 10900 1464 10 98586 407 33 4 14 3 169 1506 35 33 6274 1153 5464 180 704 202 5
145 1381 29528 3 7254 7 9 333181 2572 6 4819 4731 10711 8 3 37890 7 3186 2505 10 3 916 7 481 526 2516 284 4884 5
79 20260 18 1303 61 24 770 7 137750 3648 13 532 3 10777 7 3 6034 1146 5
66 18 6252 24 3 236 2548 24 523 601 600 7 307 16783 6 542 3 21717 7 481 3648 6 197 55 1897 4884 5
81 1654 23 29 45 1595 143 3 2673 7 10 2190 692 7 542 10 3685 29 277 115 964 1531 5
79 206 946 7 2673 7 192 3648 16 3 726 7 9 2516 284 593 19 3 3316 7 2279 8 97067 17315 2520 7 3074 65 3 10764 29 9 272 6885 7 1617 4209 24 909 7 619 37 142 3073 6 159 3 695 4884 5
17 1506 5708 32 5944 6127 1043 1877 5