2204 543 46333 5171 35 39148 33 29 597 853 1164 8 3238 72 308 85 5
520 1296 27 2704 6 1800 32 2204 543 1506 7 3 869 200 6 3617 3 3074 7 706 8 581 421 270 14 5148 7 951 12251 5
527 4 2235 816 3136 3 1746 8 7254 7 133 9 1506 4 463 6 3 10119 7 706 4 229 317 4 1496 4 8 95 15 5
145 1381 36 4301 9 3093 6358 6 1506 3 869 200 24 22565 869 2204 4 1474 2204 8 3469 2204 5
3194 2125 7 3469 2204 29 9 523 683 1264 8 2854 5018 5
79 13604 284 14 2640 869 200 20260 8 6942 16 59 2209 6 5441 3 38256 8 19898 7 3 1273 7112 2204 543 7732 869 200 284 6358 5
17 229 4208 4527 24 3 178 4841 1152 504 29 4532 3 131 121 359 5
966 495 4 521 1558 683 8703 35 32784 33 8 3572 905 27 1183 964 1174 21 9 665 7 1152 2788 10079 49 1152 3273 24418 5
520 141 2967 4 133 21 5025 7217 8 3614 3969 35 31271 4 274 109 546 323 3027 4 274 33 5
2216 87432 2082 13 10 3 271 64 4 229 1938 180 3 131 27 277 1465 124 56 49381 174 973 7 1124 8 929 56 49916 174 973 7 455 35 410232 4 36355 4 323 169342 4 274 33 5
17 504 29 5436 8967 68 2106 2872 10 1510 292 3695 5
134 27 39 9 1650 1606 7 3 5770 292 1506 4 3164 14787 20 5
81 280 4 7500 4040 845 67 6169 15 2204 543 17241 6 542 3 5171 8 1368 3 229 504 35 17240 4 280 109 17836 323 17345 4 280 33 5
2204 543 46333 5171 35 39148 33 16 3 46333 542 7 3160 18213 21 12713 1443 7 16001 27319 2210 35 12825 4 1278 33 5
39148 16 9 50425 1761 8552 1217 6 3 542 7 292 1443 35 4 2076 33 5
66 29 45 3677 6 601 692 133 21 3273 4946 4 869 200 20260 4 386 14130 4 8 69324 5
239 2106 310 29 1589 3665 10 3 271 306 85 5
17 2267 726 7 3 869 200 16 177 533 14 3 389 310 5
527 4 893 10 3 869 951 7787 142 27 9 1370 969 15 3 200 5
8616 4 3 4139 2904 1981 1167 239 2106 74 5148 1883 323 2482 8 9345 2912 543 15 1474 20260 8 17241 718 10 2076 5
17 4251 733 7 3 5148 9345 2912 16 6 13014 9 131050 8391 1566 14 224 5148 601 5
17 1739 733 16 6 1088 32 526 8 1832 1883 323 2482 9345 1566 13 71 581 270 8 394 14 11065 951 7787 5148 5
659 2769 46 733 4 80 236 6 1088 32 5148 9345 2912 24 12430 32 33855 20260 284 543 15 7112 2210 5
81 1407 4 90 1296 27 277 1589 2204 543 20260 1443 7 3 869 200 10 271 85 35 79666 4 1422 109 88967 4 280 109 6794 4 6794 4 23551 4 38179 4 323 37971 4 911 33 5
527 4 87 31 149 67 9705 10 298 2106 5238 20260 1443 13 236 6 26 4605 5
931 31 53 35 249 33 17 20260 7 200 316 10 3 683 10554 650 5
81 614 4 706 132 683 1866 137 3592 2376 7 1678 317 10 47 3 229 2001 16 32 533 317 1351 5
527 4 312 162 29 45 617 52 3 21717 7 133 317 10 3 421 650 7 12865 706 5
8616 4 143 6 24457 3 10554 650 7 12865 706 543 15 229 317 16 57 346 1236 5
35 341 33 17 2854 7787 7 12865 706 5
81 3 241 1407 7 5224 4 290 3469 36 595 6 1849 6 1297 40 8474 5
4067 1297 8 25450 40 5310 543 15 683 462 5
5328 16 2006 6 494 317 1543 13 27 632 31392 326 5
8616 4 3 31392 1175 8557 7 3 1678 317 1543 16 9 629 565 5
1145 6 1746 8 5507 3 2854 7787 7 12865 706 16 184 1236 5
659 1213 192 2235 4 80 4400 3 25147 1506 7 3 869 200 15344 5
66 1038 1989 4 706 4 229 317 4 951 12251 8 83 3587 5
134 231 9 523 2204 6 3001 290 2125 7 13612 5
17 3898 297 3 2210 31 23417 538 3 2204 14478 5
134 4301 10 3856 3 1746 7 3 869 2204 4 3469 8 229 2204 4 47 842 143 200 316 16 220 10 3 10554 650 5
134 542 3 683 1264 8 2854 31660 7 12865 706 8 83 3351 7 706 5
5583 4 80 1746 8 5507 57 284 6 24457 3 521 869 200 4 11771 4 27143 2204 7748 8786 73239 5898 35 33 4 8 8612 3 79320 7 3 284 1746 137 90 2911 9224 5
17 939 7 3 1381 16 4393 21 3177 5
8941 341 15682 1547 162 5
8941 459 5181 3 284 1746 4 150 3 25147 1506 4 2204 14478 4 2204 1746 4 8 284 6358 5
8941 503 5181 284 7254 4 150 2204 7254 8 3 3469 2854 31660 5
8941 500 5181 3 2673 8 8557 7 3 284 8 16131 814 1423 8365 5
5583 4 80 1823 7951 6 194 46 1381 5
17 601 7 869 200 20260 11359 25 3 74 7732 869 200 2203 24 3 3210 18474 1642 5
966 1296 27 6229 10605 177 1783 162 5
931 768 31 8520 10 307 692 53 2204 543 869 200 1506 4 3469 951 5310 4 200 951 12251 4 4703 5
17 1547 162 16 5764 1298 5
27143 2204 8 7732 869 200 27143 2210 71 26 381 21 1586 2210 19 7112 3074 4 13 16 4 43 31 9 3109 7 1586 2210 8 7112 1443 5
27143 2210 27 45 3639 3677 6 117 30951 4 133 21 421 270 1443 35 6794 4 2773 33 4 259257 35 23551 4 6794 4 323 6794 4 744 33 4 1605 2614 891 35 6794 4 7914 4 323 6794 4 274 33 4 8 2849 1474 35 23222 4 6794 4 6794 4 32867 4 323 36981 4 744 33 5
17 7732 869 200 11359 25 7731 2106 1812 33855 284 35 7731 4 3824 33 4 47 65230 13 9 1474 284 16 59 9 1812 33855 284 5
19850 42211 27 45 2173 76 7623 7112 2204 543 718 6 3 7732 869 200 5
273 946 4 3 3210 18474 1642 220 7112 2210 6 1088 3 74 7732 869 200 10 3 131 35 5967 4 7731 4 79666 4 323 8582 4 2773 33 4 47 2042 13746 46204 4 360411 4 14510 30445 4 14510 1783 8 8509 3 17241 6 26 2211 6 3 521 200 5
79666 59 1589 32 2204 543 1506 7 3 869 200 35 79666 4 1422 33 5
81 30 1506 4 307 3674 2210 1186 6 1234 24 1727 8 1423 869 4 29197 40 1866 15 5897 43 18386 10 271 869 5690 5
2249 3 2210 71 1849 25 8 2647 6 2627 200 3074 4 43 477 2435 40 5310 4 557 83 2210 6 337 40 3074 10 786 5
238 9 665 4 360 112 34 3769 124 76 9 3449 30445 4 21 2655 24 2029 292 5
81 3 411 2661 4 3 14600 869 1557 1060 6 12280 6445 50 869 360 21 50560 133 21 403 8 1016 6 858 91 21 163344 35 17240 4 280 33 5
2382 363 46 5262 337 4 14600 3252 3 6 1800 32 2204 543 1506 7 3 200 6 960 3 867 5
17 1665 1556 13 92 3 869 1557 1842 50 484 76783 215 146 4 4634 51 26 488 6 9239 5310 13 51 132 91 2411 1763 22 3 3329 7 1308 200 3961 5
8616 4 65 3 1557 350 588 19 3 42554 10 1278 4 23 18 488 6 159 1959 6 4444 46 11877 5
2758 162 10 12430 8 9375 5238 869 20260 284 16 2409 6 129 601 10 3 1065 13 40 522 581 3349 13593 718 5
527 4 34 70 1806 162 6409 3 2190 1102 7 229 317 15 706 5
81 46 1381 4 80 1746 9 1474 2204 8 3469 2204 4 8 1273 3 12510 12865 683 1264 5
11272 951 1264 81 1474 4 9 951 1264 16 9 125444 197 7 954 14 363 951 1866 5
622 3469 2527 951 1264 6 4530 10 363 25439 683 1866 8 8547 3 3305 6681 7 951 5
17379 4 3 951 1264 9698 539 2911 2376 4 12865 2376 4 11427 951 4 2826 508 4 1153 67512 4 8 48 5
7744 1273 951 1264 543 15 4624 5979 1746 35 7744 4 1278 33 5
7277 1273 951 1264 10 32 7732 1405 2890 869 200 19 32542 2854 2210 35 7277 4 1422 33 5
20928 12283 3462 5
1273 2832 2854 10 9 331234 10169 7787 24 18982 23763 27708 31660 35 20928 4 6794 4 323 15152 4 502 33 5
20986 8 6793 1273 3 3196 4402 543 7039 1365 31660 35 20986 323 6793 4 502 33 5
1203 1806 162 956 2911 2376 1264 5
527 4 287 162 29 45 617 10 12865 2376 1264 8 83 5310 5
81 46 1381 4 80 34 97 1384 3 951 5310 7 12865 706 4 44 59 159 76 1250 3 951 5310 7 5266 706 8 4050 706 5
2904 200 951 7787 239 2106 869 200 16 149 32 2627 200 5
966 951 7787 31 34 3 216 21 138 7 83 378 5
187 16 146 3548 10 21531 8 386 52 289 239 144 5357 395 2822 49 34 5
12756 1423 16 9 3848 946 5
81 1474 4 814 1423 16 3 1407 7 1423 2375 13 27 45 8074 25 9 296 328 19 3 4701 7 1727 8639 2375 119 22 9 268 1294 6 462 6 3 4574 5
66 16 9 916 7 4435 951 5
151834 4 23 16 3267 6 1727 9 2366 1058 7 3 1124 5
364 1069 52 814 1423 16 13 1749 814 1423 6654 3 3241 7 3 869 200 8 2238 200 8465 35 2895 323 25376 4 3952 33 5
2895 8 25376 170 13 10 3 267 7 5973 814 1423 4 3 200 16 5099 2651 8 6955 5
527 4 10 1749 21301 814 1423 4 3 200 16 34 5099 2651 8 16392 814 1423 36 3475 2498 292 3241 5
8 16981 4400 3 1322 148 1474 504 1793 8 504 35 32863 323 16981 4 911 33 5
158 494 13 480 706 27 956 52 4773 4 43 36 3130 6 1080 1005 3 869 15 881 6 1368 91 110 3 73 68 6 948 10 3 200 5
659 2123 814 1423 2939 1368 173 5732 1022 24 9 396 182 7 706 4 9834 2790 3 14318 7 229 504 8 16097 229 553 5
17 169 1069 16 13 1749 814 1423 36 34 22289 3 8465 7 3 869 200 4 44 623 36 185 6 9227 3 869 200 5
8 220 1801 56018 2376 8 715 542 6 5518 3 969 7 814 1423 12453 15 3 8465 7 1308 200 1419 543 15 628 25 13549 378 25 591 7622 6 591 1422 35 323 4 744 33 5
146183 522 240 13 3 1308 200 8465 7 3 378 1749 814 1423 16 1731 58 13 10 378 7719 814 1423 5
37750 12283 3462 5
220 715 542 6 12262 3 2397 2507 869 200 35 37750 4 6793 4 323 58269 4 502 33 8 170 93 660 6 240 13 1749 814 1423 2238 869 484 8465 5
349 3 8101 4 814 1423 142 1128 869 484 8465 5
17 296 1069 16 13 1749 814 1423 49 15180 814 1423 12453 29 5344 969 15 3 3241 7 3 200 5
51132 8 13184 197 55 9 18423 1506 47 14103 3 969 7 15180 814 1423 3012 15 3 8465 7 869 484 2309 35 51132 323 13184 4 1095 33 5
1700 1506 6154 13 3 8465 7 869 360 142 474 49 1128 4808 15 3 871 7 1506 317 19393 8 292 146090 23394 5
145 2124 5181 3 1746 7 3 284 5
1532 4 80 3617 3 25147 1506 7 3 869 200 4 47 5181 3 3587 10 3 869 200 8 40 11455 5
6297 15 3 25147 1506 4 80 8850 3 2204 14478 4 47 842 3 19372 8 14181 1322 297 523 2210 5
17 1746 7 1441 2210 16 153 2042 4 150 3469 2204 4 869 2204 8 1474 2204 5
5583 4 80 4301 3 1746 7 3 699 6358 5
93432 1506 7 3 869 200 17 25147 1506 7 129 7732 869 200 16 1595 10 98586 249 5
238 71 26 381 4 3 3587 10 3 869 200 539 869 4 3469 4 951 7787 4 736 8 1005 2353 4 229 317 4 8 95 15 5
1210 6 8176 229 3695 4 92 87 16 93 200 951 4 3 869 484 5473 97 15 3 869 12865 4 21 1595 10 3 260 15610 517 7 98586 249 5
81 83 1299 4 3 869 484 9696 5473 15 9 2888 136 2106 426 780 3154 4911 5
527 4 3 869 484 36 5524 15 50 1605 8 796 10 3 869 200 5
4067 736 8 1005 2353 36 2258 10534 869 360 137 3 1557 2353 7100 284 4 21 1595 15 3 243 487 7 98586 249 5
2904 200 25147 1506 98586 249 5
2904 200 25147 1506 5
5214 5310 539 12865 2376 1264 8 2911 2376 1264 5
16528 2376 1264 1561 2353 543 15 3 951 3583 8 484 4 8 12865 2376 1264 1561 2353 543 15 3 871 4398 7 3 2888 291 5
17379 2130 4 706 15564 3 871 7 3 2888 291 3348 137 229 317 4 150 1678 3351 7 229 316 4 2888 136 9712 4 869 601 576 4 4703 5
527 4 4398 7 3 426 871 7 2888 291 4263 485 4046 5
238 1595 10 98586 249 4 290 1990 7 229 317 2319 869 12865 142 27 9 210 3768 109 7521 4 290 3469 26704 3 229 317 36 27 32 15564 3768 5
7219 4 706 2854 8 6942 16 3 629 6 3469 3074 20260 5
4067 8612 40 683 5310 543 15 3851 951 959 4 47 7928 91 6 1811 48 683 791 5
18027 4 706 5515 1849 25 67 5158 4 11771 4 2911 2376 4 12865 2376 4 21 1595 10 3 83 67 15610 1583 10 98586 249 5
1655 3 996 2898 80 71 196 13 3 25147 1506 6008 25903 3 1746 1446 7 3 33855 678 20260 284 5
14471 14478 17 33855 678 20260 284 4278 24 11455 297 523 2210 5
1738 14478 16 1595 10 98586 341 5
766 2210 71 26 3868 76 67 5835 53 89969 14471 8 35103 14471 5
89969 14471 34427 9 2370 224 4859 5
35103 14471 42540 6 32 9299 10 3 521 131 4 17905 4 869 4 229 317 4 3469 4 4703 5
14471 14478 14 33855 678 20260 284 98586 341 5
14471 14478 14 33855 678 20260 284 5
89969 14471 71 26 381 21 9 25033 2204 5
66 16 34 1272 6 27 70 3 2763 962 10 8941 8334 5
187 31 108 89969 17561 10 129 284 5
15094 14471 16 220 6 5507 3469 2353 4 7100 4859 14 475 2890 8 11065 2890 5
139052 14471 16 220 6 8612 3 10900 8958 7 290 3956 14471 54 3 869 4660 5
100641 14471 16 220 6 8743 3 1958 871 7 290 11272 14471 6 50 1477 3956 17561 5
35103 2204 29 70 3 27411 7 9 1966 2204 4 11771 4 10075 4 25310 199261 4 214906 8 5735 1534 5
66 16 220 6 24457 3 164 8 3074 7 9 521 9299 5
81 129 284 4 1441 2204 4286 3469 2204 4 869 2204 8 1474 2204 5
238 3 610 14359 4 3469 2204 2464 32 3469 4 869 2204 2464 9 869 8 1474 2204 2464 9 843 7 229 317 5
17379 4 706 71 26 3868 76 16805 706 8 11397 706 5
105269 706 71 26 454 3868 76 5266 706 8 4050 706 5
38222 706 254 40 2353 14027 5226 7 869 12865 8 484 4695 5
43076 706 132 379925 1866 22 248 10 176 15 3 1625 7 2238 8 5412 10 3 951 4050 14 9 392 869 5
81101 706 254 40 2353 24 8357 15 229 317 4 869 484 8 2826 4 951 3583 8 83 317 5
81101 3469 2204 71 26 454 3868 76 12865 3469 2204 4 2911 3469 2204 4 5266 3469 2204 8 4050 3469 2204 5
35103 2210 238 962 996 4 87 31 108 3351 7 1441 2210 10 32 284 53 3469 2204 4 869 2204 8 1474 2204 5
145 2124 36 581 9 48 3297 6652 14 290 2125 7 91 5
11272 2204 3194 3469 16 3380 24 9 20224 2204 5
622 3469 2204 29 13987 53 780 1058 4 3469 2125 35 1957 3469 4 14439 3469 4 4703 5
33 4 1477 869 858 5
3194 1477 869 16 32 5811 4 47 4286 9 869 2204 7334 4 221 7 370 869 4 736 484 4 1874 207 4 4703 5
17 3469 2204 1084 1427 29 179 11933 3597 53 12865 3469 2204 4 2911 3469 2204 4 5266 3469 2204 8 4050 3469 2204 5
3194 11933 2204 29 856 13987 5
273 946 4 3 12865 3469 2204 29 57 17807 53 1477 1474 858 5
17 1477 1474 16 59 32 5811 4 47 4286 3 1474 2204 7334 4 7539 1846 4 1958 871 4 4703 5
332 290 1092 4 523 3351 7 706 6153 2353 19 523 683 5310 5
273 12865 706 4 3 869 484 337 36 26 2655 538 3 317 1252 24 3 1474 2204 4 8 153 3 869 13 16 230 6 705 36 26 888 61 8 3 869 13 16 230 6 828 36 26 1398 10 5
17 780 13324 5514 16 961 24 3 1646 7 3 484 2123 5
273 2911 706 4 3 869 484 337 36 26 2655 538 2911 2376 6599 4 133 21 9273 517 29540 5
273 5266 706 4 23 36 14027 5339 9 265 1989 6 736 8 153 14027 5339 9 265 1989 6 1005 5
273 4050 706 4 3 869 586 484 628 36 26 10637 5
17 869 13 672 12375 36 26 1398 10 8 3 869 13 11073 12375 10 3 271 566 36 26 888 5
966 706 4535 3 3634 1315 6 4498 1370 44 16439 1212 5
659 24457 133 4008 4 80 4939 3 4435 706 5
17 951 954 14 3 4435 3469 31 100 1954 3 3634 7 138 7 3 1685 3469 4 3847 80 112 34 4301 91 322 5
7219 4 23 16 533 6 1963 13 706 2371 144 26 1206 22 9 4203 653 154 3 951 650 5
273 1570 706 4 3 780 6422 14 7 3 370 869 200 871 109 14 4689 706 4 3 780 6422 14 7 3 370 869 200 871 5
2904 2204 3194 869 16 3380 24 9 20224 2204 5
17 13987 7 9 869 2204 539 3 676 10144 455 4 12865 317 19348 8 869 2125 5
5640 10144 455 18020 3 498 221 7 1989 13 71 26 3637 5
17 12865 317 9149 144 26 125259 6 3855 3 871 9149 7 3 2888 291 5
527 4 3 12865 871 16 177 841 6 7673 106 7 9 1773 1079 7 2193 4 17905 4 5514 4 386 1496 4 27461 1496 4 4703 5
659 21095 3 284 1746 4 80 3322 3 586 628 7 12865 871 14 3 869 2204 5
349 290 168 4 3 27461 534 4 386 534 8 136 317 36 337 9 312 4 2406 3 869 12865 871 6 337 5
145 17914 19 3 893 7 3 2755 869 200 5
3956 2204 3194 843 7 229 317 16 3380 24 9 20224 2204 5
17 1474 2204 7121 3 12865 871 337 7 70 1989 8 754 869 49766 7736 14031 5
81 32 2755 869 200 4 290 229 1956 51 26 14369 15 90 1989 8 25415 15 83 1989 5
8616 4 80 1753 9 8684 17807 14 3 1474 2204 47 29 9 523 871 14 290 869 5
134 59 1753 32 3768 17807 14 3 1474 2204 5
70797 13 3 12865 871 7 9 869 2204 16 8 3 210 3768 16 3649 4 153 3 12865 871 4209 25 3 1474 2204 3082 1635 3649 5
3649 16 9 201026 3201 19 1153 871 3628 6 3 8684 17807 8 2029 44398 3628 6 3 3768 17807 5
1210 6 498 869 360 4 3 1474 2204 71 49075 8 3354 3 2655 49766 7 290 869 14 3 161 168 5
13812 6358 14 17 284 699 6358 7 16 1595 10 98586 459 5
187 31 67 5066 7 1481 10 3 284 4 7751 8 1151 5
20235 71 197 3 284 19393 137 3 9654 8 353 3 20260 650 5
2834 71 1069 3 200 317 133 21 869 484 2826 4 951 3583 4 218 678 4667 4 869 4660 1564 4 49 3469 1382 1989 4 137 3 4650 11924 5
766 951 2353 4 4660 8 83 628 31 7545 10 9 5536 5
17 3349 517 10 98586 503 68806 3 628 3154 8 3 15610 517 68806 3 2634 5577 678 297 3 2210 10 3 2353 20260 284 5
17 5685 68806 3 1441 2210 8 3 55154 68806 3 4859 2210 21 962 10 8941 9073 5
931 2210 31 16683 37665 8 19395 6 24457 3 699 7 3 521 869 200 5
5898 699 6358 14 98586 459 5
5898 699 6358 14 5
75250 7 7732 200 8 521 200 8465 98586 503 5
75250 7 7732 200 8 521 200 8465 5
145 2124 5181 3 7254 7 543 15 129 6358 6684 2994 415 5
17 9339 539 683 5310 8 2854 27964 5
13166 6 904 16018 4 80 97 962 57 843 7 683 1264 7 2911 2376 706 8 3 2854 7787 7 12865 2376 706 5
5214 1264 7254 17 4097 7254 7 290 843 7 2204 16 1812 8 5471 5
659 1176 904 4 80 1101 15 97 57 843 7 3469 2204 4 3 16528 11272 14471 5
949 14 2911 706 4 87 31 2489 2911 2376 5310 543 15 3 869 951 484 8 951 3583 586 4 133 21 9273 517 6027 4 1324 596 4 4703 5
17 1324 596 1217 16 2086 1906 4 3847 80 36 4556 23 10 3856 5
17 1324 596 1396 71 26 3868 76 3 1906 596 1396 8 1812 596 1396 5
17 66413 7 9 521 89 596 4286 3 498 869 484 5
273 946 4 3 521 89 596 871 7 9 114182 596 16 3 596 7 3 498 484 8 3 2157 484 7 3 172 179 951 222 5
17 1906 1324 596 1396 71 26 962 21 3177 53 35 249 33 8488 65 3 484 16 996 596 5
35 341 33 30735 65 3 484 16 1298 596 5
38396 13 32 3469 16 5479 9 114182 596 5
134 7673 3 498 484 21 3280 4 8 3 114182 596 871 21 4 8 3 951 31660 71 26 4939 21 3177 53 18743 35 3280 6117 33 45770 8488 109 85904 30735 109 20590 1324 596 1396 71 26 962 21 3177 53 35 249 33 8488 65 3 1157 4251 1324 596 1287 137 3 1157 1739 1324 596 25 124 260 4 11771 4 3931 3807 5
35 341 33 30735 65 3 1641 4251 1324 596 1287 137 3 1641 1739 1324 596 25 35749 4 11771 4 10293 3807 5
52543 1324 14407 539 114182 596 4 18618 596 8 20415 596 5
32722 1324 14407 539 28009 596 4 91220 596 4 3602 168 596 8 99752 168 596 5
8616 4 9 1906 1324 596 4286 700 16691 4 8 9 1812 1324 596 4286 403 16691 5
38396 13 32 3469 16 5479 9 114182 596 8 28009 596 5
134 7673 3 498 114182 596 871 21 4 3 28009 596 871 21 4 3 114182 596 871 22 3 2157 89 7 3 767 951 168 21 4 8 3 28009 596 871 22 3 2157 89 7 3 767 951 168 21 5
17 951 31660 14 3 168 3109 71 26 4939 21 3177 53 18743 35 6117 8039 6117 8039 6117 8039 11102 33 45770 8488 109 85904 18743 35 11102 8039 11102 8039 11102 8039 6117 33 45770 30735 109 10548 5
11272 2854 8 6942 17 706 2854 31660 16 57 7 3 104 533 2193 10 9409 3 1442 8 20260 2463 7 3 3469 2204 5
187 31 117 27964 14 2911 2376 5310 4 150 34989 238487 35 37566 33 4 133951 3673 35 130820 33 4 8 461 5
527 4 312 162 29 45 617 15 83 683 5310 5
81 46 1381 4 80 3617 3 2854 27964 14 12865 5
70797 13 87 31 9424 12586 110575 11272 17561 5
13166 6 3 16018 7 2505 8 89 4 93 3469 71 1364 792 19 70 3 1989 8 229 317 5
17379 4 290 3469 2204 36 27 9 1477 869 2844 4 8 1989 10 13 869 2844 5
134 7673 3 1477 869 2844 14 3469 2204 4114 21 58508 4 4 4 56012 5
10052 4 80 7673 3 1477 1474 2844 14 3469 2204 4114 21 58508 4 4 4 56012 5
81 290 168 7 3 20260 650 4 3 1474 2204 18365 36 3855 9 2655 49766 14 290 869 2204 2106 53 5
7219 4 3469 2204 4114 1705 9 1958 871 14 290 1477 1474 2204 18365 53 5
17 1958 871 16 148 6494 8 249 5
208 1958 3082 6494 4 153 3469 2204 340 34 1958 3 1474 2204 22 70 5
208 1958 3082 249 4 153 3469 2204 8703 3 1474 2204 2112 5
81 3 4141 4 80 4753 13 3 3469 2204 4114 8703 70 1477 1474 2210 2112 4 11771 4 35 249 33 332 18368 249 4 3 2655 49766 7 3 869 2204 2106 14 3469 2204 4114 35 103415 21 33 71 26 43420 24 3 5806 7 70 1477 1474 2204 2655 49766 27704 24 40 17509 35 1958 871 33 5
86853 53 35 341 33 1210 6 3 2655 49766 7 3 869 484 4 3469 2204 4114 71 1835 70 3 1477 1989 76 21565 678 4 8 132 683 1866 543 15 3 1835 665 5
208 3469 2204 4114 97 844 6 3537 57 869 8 3 2655 49766 7 3 14573 869 16 1432 4 23 36 6661 1266 70 3 558 455 6 736 3 14573 869 5
208 3469 2204 4114 51 105 6 3537 10 2489 1989 6 15809 3 552 4 23 71 5339 9 265 14573 1989 19 9 1432 2655 49766 6 3537 10 8 8149 50 455 232 6 3 1646 7 3 2655 49766 5
435 3 2353 7100 4660 4 3469 2204 4114 110458 3 2755 49766 35 8912 33 7 3 1477 1989 4 34298 3 10900 8958 7 290 1474 2204 10 3 73 18368 4 8 153 35412 40 1958 871 5
17 10900 8958 16 4939 21 3 1308 10900 3768 35 27891 33 7 3 1474 2204 5
86853 53 35 459 33 17 1477 1474 2210 144 26 21072 16771 76 21565 678 543 15 40 10900 8958 5
17 1958 871 7 3469 2204 4114 71 26 5210 21 3177 53 474 3 1958 871 7 3 260 218 1474 2204 24 500 202 4 503 202 4 459 202 4 341 202 4 249 202 3995 109 4472 3 1958 871 7 3 2245 218 1474 2210 24 500 202 4 503 202 4 459 202 4 341 202 4 249 202 3995 5
86853 53 35 503 33 17 4859 7577 68806 3 827 7 3 1474 2204 18365 10 3 996 16771 665 5
145 5018 16 177 1906 106 10900 3768 10 523 4736 29 3 216 1102 15 3 1958 871 5
81 1407 4 80 71 7673 32 157430 2916 6 13655 3 89 2916 4 8 3 1958 871 36 26 5210 21 3177 53 35 500 33 2569 4 16 3 157430 2916 5
134 71 23335 32 3206 871 14 23 4 17905 4 6909 5
435 11141 7 3 1958 871 4 3 3469 2204 2854 16 1681 22 18368 28825 5
17299 24 1092 4 3 3469 2204 36 2769 3 12865 2854 650 3639 5
145 2124 5181 3 2673 7 10 3 521 869 200 1566 5
1563 1325 3644 16 6 960 3 30730 2106 522 5
208 3 20260 665 16 206 4 80 36 231 23 21 32 9345 2912 14 951 12251 5148 5
2569 4 80 5339 814 1423 21 3 6016 2673 54 74 7285 3 7732 869 200 5662 5
49474 869 200 5662 134 159 3 260 575 1989 7 3 4139 2904 1981 21 129 542 6034 5
70797 13 87 31 302 5066 7 229 317 5
81 678 6 24457 3 521 200 1315 4 3 676 221 7 706 4 3469 3201 4 2007 200 2770 3201 4 8 706 780 3201 31 351 25 3 521 200 11245 628 5
17 221 7 706 16 2429 341 99 5
520 7 3 346 21365 19393 31 1595 10 20498 249 5
20498 249 5
4067 3201 4015 5
11272 2125 8187 19766 1931 30782 10206 10660 67599 7 207 35 37812 33 22785 7 1250 221 118304 202 23013 202 7257 202 6766 202 6909 202 7257 202 22785 7 200 871 125475 202 290754 202 95958 202 80954 202 80182 202 202 332 3 1431 7 290 951 168 4 87 31 2752 549 14 706 6 7309 15 6584 2353 5
435 3 475 2890 4 150479 71 254 2353 22 120 89 154 1966 951 465 5
13166 6 3 16018 7 8116 326 8 89 37863 4 80 71 97 24457 3 678 650 2429 5
1563 1264 16 21 3177 53 22 3 74 1092 10 9 168 4 500 202 706 36 3789 10 3 475 2890 109 22 290 508 1092 13 68806 249 13063 4 706 36 3789 10 3 11065 2890 5
17 15094 14471 36 49075 3 484 13 7928 3 612 221 7 2353 6 26 5913 22 290 1092 5
17 20260 650 16 5998 2434 24 3 284 5413 5
659 26 488 6 6786 3 20260 522 19 3 521 200 4 80 873 6 231 3 521 200 3905 5
527 4 1821 2137 7 869 12865 317 16 177 841 5
659 21095 284 1746 8 7254 4 80 220 3 200 12865 8 386 12865 586 628 21 3 346 12865 317 1351 4 8 220 3 11245 628 7 1570 1989 12865 21 3 5369 12865 317 5
2249 129 284 220 32 16939 3905 623 58 3 521 4867 5300 4 23 16 13794 6 6786 262000 3583 133 21 484 337 5
8616 4 80 5339 161861 3583 4 200 8465 4 21 3 9008 5
17 200 8465 16 7154 538 3 276162 69958 17129 9897 35 33 1217 35 52908 323 3203 4 3824 33 5
17 6363 16 21 3177 53 35 708 33 16 3 200 8465 5
16 3 157430 2916 5
1210 6 3 6682 552 891 4689 2106 4284 4 80 159 3 871 59709 14 24880 16 3 149091 462 489 4 59 424 21 3 11065 33757 462 489 5
8 68806 3 596 462 489 5
17 462 489 7 3 168 71 26 3455 21 3177 53 35 700 33 119711 16 3 869 484 7 3 168 5
17 1519 200 8465 16 43420 137 3 16036 596 7 1570 1989 8465 5
2569 4 3 2059 16 3 200 871 7 290 869 4 47 16 7154 137 3 676 869 3242 27704 24 3 869 2157 484 5
17 6363 16 21 3177 53 35 704 33 12099 5
8557 8 2673 81 678 6 10158 3 7362 7 3 33855 678 20260 284 4 80 27 2173 179 600 7 8365 5
364 182 16 1254 6 6786 3 27647 7 3 7732 200 8 3 521 200 5
17 83 108 182 8365 31 6 12262 8 4764 3 1896 7 523 292 5771 8 951 12251 15 3 869 200 5
49474 869 200 8557 659 8612 3 20260 1102 7 3 7732 869 200 4 80 17229 9 7838 869 951 650 35 11078 7716 951 222 33 5
17 5867 665 16 1595 10 98586 503 5
134 231 12470 2106 1247 1129 85612 6 13012 3 27647 148 3 7732 200 8 3 521 200 35 11628 323 4 4973 33 5
17 6363 16 21 3177 53 35 782 33 4 12662 16 3 1193 17521 85612 5
6219 16 3 8465 7 3 521 200 4 8 12662 16 3 8465 7 3 7732 200 5
8 16 3 230 871 7 6219 8 12662 3995 5
8 16 3 2029 44398 7 6219 8 12662 3995 5
5132 16 3 230 871 3802 4 342147 770 4 8 184605 16 9 1940 220 2155 66271 14 12470 2106 17521 5
17 7154 17521 85612 16 3628 6 4 47 842 13 3 7732 200 8 521 200 27 177 825 10777 5
8616 4 23 71 1485 21 3 9345 2912 7 951 12251 5148 5
7219 4 3 8465 7 3 7732 200 16 1927 287 58 13 7 3 521 200 5
145 16 106 3 11245 628 16 220 1016 7 3 521 200 5300 5
8061 7787 5148 5867 134 4400 3 8465 337 10 523 292 912 35 1966 4 27236 8 504 33 8 10 814 1423 912 5
444150 7 32 310 16 2239 12072 24 32 193009 489 7 292 561 4 114 561 16 11142 22 32 13907 489 5
81 3 267 7 32 27236 310 4 3 871 7 869 36 7081 26 32278 5
659 1626 61 46 20260 4 80 474 3 869 484 2123 8265 24 7257 202 5
3958 504 16 2239 12072 24 229 1938 49 1124 3453 1373 9 528 176 7 40 871 5
81 3 267 7 32 292 504 4 3 871 7 869 36 7081 26 18226 5
659 1626 61 46 20260 4 80 4472 3 869 484 2123 8265 24 7257 202 5
17 5867 665 16 1595 10 98586 500 5
238 71 26 381 4 3 523 292 912 27 312 969 15 200 8465 10 3 498 200 1566 5
17 969 7 292 1215 15 3 8465 35 93 814 1423 33 98586 500 5
17 969 7 292 1215 15 3 8465 35 93 814 1423 33 5
1145 144 80 542 3 969 7 3 28620 7787 14 239 2106 2375 200 8465 88
73239 16 9 206 1414 5
81 3 20260 2912 4 80 71 16699 37412 3 498 951 3583 8 153 5518 3 969 15 239 2106 2375 200 8465 5
17 28620 1264 16 1254 21 3177 5
81 290 860 4 97 183 202 7 706 36 1005 814 5
4067 13 71 1005 814 36 26 197 10 2379 5
17 869 3242 7 290 678 4406 24 706 1749 814 1005 36 26 5998 853 24 575 202 5
435 3 814 566 4 706 5998 112 9 4435 951 11269 7 28620 61791 5
273 946 4 92 32 3469 358 6 1005 6219 3242 10 9067 19 3 1494 951 1264 4 28 49 82 36 1005 206683 3242 22 3 216 484 5
70797 13 3 814 566 16 409 222 4 54 409 222 4 706 236 6 5998 474 9 4435 736 678 5
17 678 484 16 55 183 202 7 793 2106 2157 484 6 1377 59335 5
17 5867 665 16 1595 10 98586 708 5
238 80 71 196 4 92 814 1423 16 7262 4 292 27236 8 292 504 36 474 200 8465 10152 5
17 969 7 292 1215 15 3 8465 35 852 814 1423 33 98586 708 5
17 969 7 292 1215 15 3 8465 35 852 814 1423 33 5
17 42749 10 98586 700 3001 108 292 912 53 1966 4 27236 8 504 4 25 203 6 243 5
238 80 71 196 4 814 1423 29 485 969 15 200 8465 5
349 596 4 200 8465 18 853 24 302 202 5
12502 4 289 814 1423 3012 71 26 88267 738 4959 5139 24 3 869 1557 5
17 969 7 814 1423 15 3 8465 10 523 292 912 98586 700 5
17 969 7 814 1423 15 3 8465 10 523 292 912 5
17 7732 869 200 16 1621 9 2165 5890 10 3 1474 9962 5
66 2228 286 6 960 3 19898 7 3 1307 19 3033 470 5
17 33855 678 20260 284 16 3 2669 7 3 7732 869 200 5
145 1381 29 1658 67 629 667 4 13563 4 13 229 317 20260 8 3 2854 7787 7 12865 706 31 2409 6 3 7732 869 200 5
134 27 1273 32 7112 2204 543 3093 6358 4 4 47 1141 1653 7 3 7112 4 16001 5158 7 7112 2204 718 5
81 1654 4 3 6358 29 3 508 3093 2000 53 35 249 33 66 18506 229 317 6 3 869 200 25147 1506 5
17 650 7 229 317 8 21717 29 45 6227 137 3 11455 297 869 2210 4 1474 2204 8 3469 2210 5
2249 3 634 869 200 16 3604 24 4867 706 4 3 11397 8 1783 231 7 869 12865 217 10 3 229 317 16 177 533 14 869 200 20260 5
35 341 33 66 18506 3 2854 7787 14 12865 706 5
45353 706 71 8743 40 1958 111 523 1474 2210 543 15 3 4822 489 5
5602 2854 8 6942 4 4867 706 71 2258 3 104 3206 1474 2210 5
8616 4 200 316 71 26 597 24 3 12865 3469 137 3 1474 2204 4 8 1599 26 23417 24 40 683 14141 5
659 5441 3 2911 19898 7 3 1273 6358 8 6 1485 21 32 9345 2912 14 951 7787 5148 4 9 13604 7254 7 3 6684 14 3 7732 869 200 18 9168 5
11391 25 4176 13604 22015 27 1595 13 53 35 249 33 17 7732 869 200 29 3 54161 10777 7 3 521 869 200 5
1700 8465 23070 31 177 825 109 3847 4 3 7732 869 200 71 1485 21 32 5148 9345 2912 5
35 341 33 17 27236 7 3 310 8 3 292 504 29 312 1102 15 8465 5
208 814 1423 16 805 4 3 1896 36 26 2086 2185 5
35 459 33 12756 1423 36 27 9 485 969 15 8465 10 3 634 869 200 5
81 83 1299 4 129 8365 270 3 74 1069 10 8941 7170 5
66 144 26 1744 13 21 129 5867 5662 16 17721 543 15 634 869 200 4015 4 192 7951 112 34 4202 2780 6 83 378 869 553 5
6077 4 1708 3 770 14 534 3891 6 4764 3 8867 7 951 12251 12408 8 159 12510 14328 5
66 36 3847 27 485 2673 871 5
81 426 601 4 80 149 27 146 162 6 112 10 1087 5158 4 133 21 3469 2854 6942 4 3469 11455 4 8 3469 10381 5