1052 12586 2622 4478 35 33 31 1509 3648 13 185 286 10 129 1562 3738 8 2854 1715 5
1203 1481 8 1586 31 2638 1967 10 2038 37890 8 182 1131 4 44 3 8953 13 1052 86 582 198 454 5
520 308 6599 231 51423 3377 6 1297 3 5615 8 4650 4485 10 75182 24 1153 7 7732 1442 8 2505 891 4538 5
81 46 162 4 80 1800 9 4644 6 2769 3 6582 7 523 75182 1443 4 8 6 371 63794 6 9010 8 1682 10 3 5536 7 24 1153 7 5
145 6582 86 3279 3 37890 7 2854 1714 8 2505 25 3 14431 7 3 12586 2622 4478 5
7219 4 3 51423 9088 7 5536 4910 51 852 6 384 7608 317 1003 5
1052 2854 891 1443 31 3648 13 2246 8 31633 31 220 6 231 121 3 73 1352 5
81 40 261 43 1252 2000 25243 97 14 2038 3975 4 44 43 27 8736 6 371 286 9 1773 11455 148 619 8 2246 4 8 9 197 7 3648 6 3279 3 2854 5
1718 104 7 852 286 6 432 1735 4 506 4 13366 4 7387 4 65712 4 8 11197 5
10087 4 2505 891 3648 27 45 220 6 1297 75182 1715 35 39524 323 80920 4 280 33 5
17 7204 10 917 9190 8 337925 3531 31 2571 129 4102 52 166971 24 1153 7 3 10113 7 63794 10 3377 1735 8 506 5
81 3 51423 3377 4081 31 488 6 968 10 970 7 3 216 13538 8 6 432 317 5
145 1708 9 568 1698 10 3 917 8 3475 9 333 4650 791 5
1192 3136 51423 3377 14 75182 29 1252 9 1773 2726 7 3174 4 44 104 7 91 26518 10 3 231 7 14 2505 8593 8 51423 9088 7 13538 5
17 104 1029 6300 7 255822 10 1416 1897 16 3 3142 8 10023 34520 7 9 2457 179740 7 9 9962 35 43168 4 4164 33 5
622 255822 4286 3893 105 3597 4 13987 4 1682 4 8 8783 148581 6 17544 3 9962 3380 5
79 4 10 614 970 4 16 9 197 7 8783 954 47 142 26 220 6 44732 49 13977 317 52 13538 49 1682 72 3 255822 4 6 581 84 317 49 6 32 2007 9513 5
41262 4 4 8 516296 35 1422 33 1929 32 20071 7 51423 3377 4 3 231 7 91169 4 8 14 75182 5
66 10761 13 3 206 1746 7 91169 86 185 10 75182 8090 105 1783 270 14 2505 1444 8 909 5
12283 3462 5
35 502 33 59 15682 143 51423 3377 86 26 220 10 75182 4 8 5181 3648 13 86 26 1589 6 270 5114 4 70951 4 2995 8 25147 23955 5
81 18150 4 12959 4 5316 4 8 35 502 33 4 23 16 1273 9 650 19 179 4290 6 1297 2854 63251 5
81 9 74 967 4 9 5114 2303 51423 317 394 16 1589 5
332 3 169 1092 317 45679 16 3677 14 3024 909 5
53519 3 6249 2854 3695 16 220 6 532 3 2505 3154 10 2854 1715 4 8 1435 3 42136 5303 16 10637 10 678 6 581 9 6943 396975 5
81 231281 4 389928 4 8 459189 35 359 33 4 23 16 962 3 6358 7 9 134748 75182 284 538 91169 14 7039 42179 5
17 1131 35 4 4 65640 4 323 5003 4 359 109 323 65640 4 911 33 20071 51423 3377 8 50 231 14 3377 2854 4 8 8850 9 1506 6 1800 51423 416 14 2854 3377 2126 5
128395 1589 9 6684 14 68391 63251 538 35 165409 323 233448 4 911 33 8 9 83043 6358 10 128395 35 4 33 5
17 1131 35 12283 32330 4 359 109 4 70077 4 4 32746 4 323 4 274 33 582 9 284 6 581 2246 19 9464 52 3 11455 148 619 8 2854 1714 5
10087 4 3 1217 10 192354 4 98310 4 8 35 502 33 10744 32 255822 19 3 2030 1635 62875 8 47069 3 6582 496 32 75182 2912 6 371 63794 14 3 9339 5
435 13 4 9 41748 2204 6358 16 3677 72 3 75182 284 8 9 14618 2869 1708 31633 19 7112 4284 14 40 8090 5
1504 3 768 6 2780 51423 3377 10 75182 4 9 3014 16 170 65 80 690 6 11032 8 371 63794 6 317 976 3 14431 7 5
187 29 45 146 2105 6 132 255822 8 5536 7100 121 3 1818 2106 5
17 689 3644 7 1296 10 46 352 29 45 6 371 63794 6 5536 101035 2520 5
1203 7 3174 8850 9 197 7 191244 954 883 6 112 3 7100 49 6 44732 32 255822 13 2464 3 5536 5
273 946 4 10 6793 4 20083 4 8 6794 35 744 33 4 3 4888 8850 9 191244 5018 6 1088 301928 25 628 10 101035 14431 5
81 1604 8 35 359 33 4 3 4888 581 9 5018 6 10775 32 255822 25 628 10 9 5536 8 6 868 3 16277 255822 19 9 1321 1853 9962 255822 5
81 35 744 33 8 8 35 911 33 4 9 4435 3685 5018 16 1273 6 21731 628 1806 10 101035 14431 6 4 24 1153 7 3 317 3455 25 3377 3497 2376 5
17 162 35 4 301436 4 57539 4 34792 4 323 47680 4 744 33 10823 436323 4 9 1586 284 6 542 63794 297 5536 6160 538 5
17 5018 1273 40372 12244 396 25 6160 4 8 153 132 51423 385535 148 192 19 3 3644 7 2172 9 84 346 255822 5
10087 4 10 12459 8 3716 35 274 33 4 23 16 1273 9 5018 6 7532 3 317 25 9 5536 76 32 255822 4 10 3612 7 6160 8 5536 91169 5
659 2769 46 733 4 3 4888 581 9 2137 7 954 6 44732 3 91169 15 3 2546 4 8 153 6 2705 1427 63230 8 1682 10 32 255822 5
81 8 35 359 33 4 3 4888 8850 9 197 7 954 6 7532 9 5536 76 32 255822 5
659 2769 9 568 63919 8 51423 6455 4 3 1217 16 2247 24 1153 7 385535 7 970 76 301928 13538 5
17 162 80 27 170 2211 6 129 1217 10 3 6854 16 2921 10 622 4 4 8 35 744 33 4 47 5181 9 5018 6 4434 9 101035 5536 76 32 255822 538 1906 8783 26325 5998 5
527 4 3 3979 15987 86 3520 7 25070 5
79 1339 52 4 14431 8 4309 14 255822 8 5536 385535 142 26 170 10 24652 8075 4 24081 4 8 49753 35 280 33 5
1563 4413 7301 10 46 5114 5
17 733 80 3997 16 6 11922 3 51423 6582 7 3 317 1806 10 3 14431 7 523 8 5146 75182 1265 5
17 1212 7 133 6582 86 582 9063 105 2262 695 2505 37890 5
7219 4 3 1046 7 4097 2854 1943 86 26 2093 15251 463 6 3 51423 9088 7 9010 8 1682 7 14431 5
1563 1217 142 26 7346 10 67 4290 53 2778 26148 4 32 255822 14 75182 10711 16 1589 5
2778 20379 4 80 132 9 7100 148 3 255822 3597 8 2763 4 8 101035 14431 7 75182 1052 1443 5
17 628 25 3 14431 86 26 7213 8 3205 21 255822 9584 5
81 46 1092 4 80 4498 9 1029 6684 14 628 3975 148 523 75182 1443 5
7219 4 3 5536 16 392 19 63794 4 47 1708 3 9063 7 51423 3377 5
145 1181 16 4393 21 3177 53 8941 341 842 3 689 1746 7 3 255822 6 1506 3 2505 10292 10 32 75182 284 5
435 13 4 8941 459 5181 9 1506 6 371 63794 6 9010 8 1682 10 3 5536 7 9 96370 5
8941 503 1708 9 4644 6 4434 3 628 25 3 5536 76 255822 1427 9584 8 11630 5
8941 500 842 9 267 542 72 9 96370 21 9 89342 8 3 7254 1056 5
5583 4 8941 708 5181 3 7951 8 454 162 5
187 27 45 117 768 10 3 73 85 6 2780 51423 3377 10 75182 10711 5
527 4 104 526 1351 13 1938 1001 231 133 21 240034 35 323 2346 4 1095 33 4 9 26288 35 9 26288 4 359 33 4 52645 35 52645 4 274 33 4 18003 4 31 2638 1967 14 2038 3975 8 1481 6292 8 9229 43 112 34 159 3 9063 7 917 9190 2112 5
81 678 6 371 63794 8 6 852 28969 8 317 3975 10 23 16 1272 9 1029 13488 6684 6 868 9010 8 1682 10 3 101035 5536 19 40 2677 5
81 46 2124 4 80 8850 32 255822 13 86 26 3 1204 397 6 2769 46 733 5
435 13 4 480 3 14431 51 26 5775 496 3 255822 4 317 3975 148 51 26 537 5
10526 4 9 1906 1046 86 26 3677 72 3 255822 2981 8 3 1427 9584 8 11630 6 4498 628 52 1682 148 2246 4 31633 8 2854 1714 5
98586 249 14103 46 867 5
21 3 13488 1029 6684 14 317 3975 98586 249 5
21 3 13488 1029 6684 14 317 3975 5
17 16764 148 2210 10 32 75182 284 35 2246 8 619 33 31 3380 52 68 4282 83 68 5
10526 4 3 2854 1714 10 32 75182 2912 1618 27 2763 105 2557 4 7429 4 18003 4 8 43 86 26 11737 21 32 71628 49 34520 7 9 43442 5
17 21773 7 9 21773 864 35 33 16 57 7 3 104 974 220 10 3 51423 3377 14 46 3644 35 43341 323 26779 4 359 109 203298 4 245590 4 96231 4 323 41490 4 359 109 235430 12283 32330 4 744 33 5
18484 4 16 9 19867 14 6293 68 8 1682 133 21 37 1853 37 5
659 2769 3 733 7 63919 4 3 255822 80 1088 10 46 162 16 543 10 5
527 4 16 34 9 1332 628 3975 2104 121 50 19867 8 2763 31 177 1574 5
134 236 6 2975 3 255822 6 1384 1597 223083 1682 148 9010 10 5
17 2030 3112 14 3 255822 16 57363 35 165409 323 233448 4 911 33 21 340 4 121 3 733 80 3997 16 6 581 32 13488 2505 2981 5
17 231 7 83 7693 133 21 301928 51 59 26 537 4 44 3 6652 8783 8 1427 8 1682 12453 7 46 2030 51 59 132 48 841 3 6582 7 523 5536 6090 7 3 5
7219 4 57363 16 1001 57 7 3 104 220 7693 10 3 51423 3377 5
17 4159 80 8850 16 4 9 52301 1698 7 3938 8 1682 10 3 284 4 114 3 13538 14471 8 43442 31 3 689 13488 23623 7 9010 4 8 43965 8 4016 31 3 689 13488 1682 5
134 27 220 3 1586 299114 25 3 4080 430 6 1088 3 255822 1746 5
194896 5
341 8 459 240 32 946 7 3 52301 1698 7 3 255822 5
139385 7 3 4159 7 3 255822 1427 2981 98586 341 5
139385 7 3 4159 7 3 255822 1427 2981 5
139385 7 3 4159 7 3 255822 2763 2981 98586 459 5
139385 7 3 4159 7 3 255822 2763 2981 5
81 10028 4 80 142 20071 13 32 14471 86 26 883 9 28299 35 9 23732 49 9 12016 33 49 9 923 5
520 4279 600 31 9 511 35 47 16 9 197 7 2246 33 4 9 35103 35 9 197 7 2246 8 619 418 10 2190 667 33 49 9 138754 35 9 197 7 68 418 671 33 5
79 16 9 43442 4 47 16 10676 10 35 2854 1943 1618 1252 24 2246 49 9 162 182 33 8 6395 35 1735 4209 24 9 1323 49 9 162 182 33 5
187 31 523 10676 2854 1714 133 21 5489 4 130069 4 3283 35 7956 4 10725 4 30014 49 21755 33 4 92022 4 21602 4 127330 4 4703 5
9049 4 3597 29756 8 26850 371 270 14 2204 22015 8 3320 7 3024 7429 8 2204 2108 4 3995 5
659 1506 1682 148 2210 10 3 255822 80 27 574 25 3 955 1853 25 5
527 4 80 27 666 6 28038 46 4102 10 678 6 13488 46 7488 148 2210 5
8616 4 80 142 384 11933 1682 6 3001 13 9 2510 10465 9 1323 8 50 43655 35 33 4 9 1385 9 1441 4 9 696 184 696 4 49 9 696 9 182 5
145 73 7488 16 59 10676 95 13 9 2510 9 1385 4 9 1323 9 1441 4 8 9 2510 9 1441 5
349 3 83 881 4 6 1506 2204 8 3024 2108 8 7429 80 27 4939 3 25 6988 4016 4 121 3 9962 7 3 6988 5890 25 16 97 6034 25 3 1427 43442 5
134 27 617 46 14 3 216 1033 58 14 7488 1853 4 21 23 18 2921 996 5
17 162328 7 31 488 6 1506 13 9 2854 90 667 4 3995 5
17 71628 7 2520 13 9 1441 90 667 5
92908 4 8 132 9557 148 667 6 1506 1682 7 148 667 5
5583 4 83 4279 11630 132 9557 148 2210 8 40 22015 35 33 4 8 3 667 13 32 8557 16 52 35 33 5
7219 4 6 384 825 1735 2093 80 27 59 848 3 955 148 2854 1714 5
1516 2763 25 86 59 26 220 6 132 9557 148 3597 10 3 255822 4 133 21 2557 4 115 4 2108 4 4703 5
35 164308 323 2624 4 359 33 5
1203 2854 891 1443 231 6 581 270 6 3009 5269 4 1323 600 4 8 2089 14 2038 37890 4 31633 8557 8 4440 148 1481 5
931 628 31 1618 7545 10 9 5536 538 9 101035 1506 5
659 371 63794 6 9010 8 1682 4 10 46 2124 80 4301 3 7100 148 3597 8 11630 10 3 255822 1273 10 8941 341 19 3 12510 6160 10 3 5536 5
273 129 3644 4 80 27 1589 9 1586 10 17177 1013 4 47 1131 21 9 25018 6 3279 3 4650 11924 5
2228 286 6 868 32 255822 19 5536 6160 25 523 5146 1052 8 1000 255822 9584 7 3597 8 2763 25 628 3455 25 3 6160 5
187 31 179 4290 285 80 11922 3 1332 5536 8 255822 15987 35 98586 503 33 5
1532 7 70 4 3 255822 5342 31 5910 10 2900 5
134 27 220 3 31127 467707 14 17177 21 3 387674 19 3 204544 5
20379 4 3 4650 142 10807 57 49 48 96370 14431 10 1052 25 47 628 31 3455 4 8 2388 3 255822 19 3 628 10 70 3 14431 5
17 7100 16 1303 61 26918 5998 5
622 2516 2388 25407 3 255822 3597 8 2763 4 121 23 5473 1695 15 3 5536 1746 8 23 51 26 572 6 4498 9 6943 11356 577 202 5314 4644 14 255822 8 5536 7100 5
56464 14 255822 628 21946 98586 503 5
56464 14 255822 628 21946 5
273 9 333 1698 4 40372 5275 3 4650 6 868 70 255822 3597 4 153 628 2763 8 1435 3 11630 14 1427 3898 5
2491 70 5536 9557 27 45 1303 61 4 16 488 6 7456 3597 8 2763 9584 25 3 5
238 4216 1321 4 3 7100 16 38944 53 17 2516 2401 3 6160 10 3 5536 8 3 10 3 255822 14 3 7100 4 44 50 2634 8593 16 1254 5998 10 678 6 10775 3 255822 628 9109 5
17 508 199158 240 143 3 7100 16 1303 61 480 3 2516 29 3112 3 243 3893 10 3 255822 8 3 5536 5
134 231 3 66271 7 101035 38029 121 23 16 9 3501 2030 6 4301 1682 10 14431 8 29 385 153168 14 129 3644 5
75106 255822 3597 3062 3298 26 32 255822 1427 4 3116 3082 58508 91869 4 96133 4 4 99460 56012 9 197 7 6160 10 9 5536 2482 3112 24 3 2516 4 8 546510 3 197 7 1325 629 13987 10 1870 5
134 142 4753 13 70 6160 29 1325 629 13987 4939 10 3 5536 185455 5
10974 4 3 2892 197 7 13987 10 3 1870 51 26 220 21 3 1325 629 5
17 2113 205326 3298 31 16277 25 3 10255 3979 25 8 90 8783 12453 72 1870 13987 392 24 3 2516 5
145 867 16 1595 10 446326 35 249 33 4 114 8 1335 14 3 101035 1375 1611 8 3394 4262 4 3995 35 249 33 17 255822 2030 21651 13 290 1570 7880 6 3298 29 32 2665 7379 10 678 6 1088 50 134244 5
145 7379 71 34 26 2457 19 120 83 1427 3099 10 3 255822 5
134 27 43420 46 871 538 3 5536 7379 2482 4 47 16 2665 10 4 8 70 1325 629 13987 10 5
473 46 5139 4 3 7379 7 9 1427 1570 205326 142 26 3455 25 446326 35 341 33 4 114 503100 2610 14 3 101035 13808 3802 35 341 33 9073 5
75106 255822 628 2763 7337 2763 371 317 52 9 2190 2419 13 9317 6 9 1427 1570 53 273 3099 4 3 955 610 14 9 1427 28299 5
81 970 7 3 255822 2030 4 80 142 4753 13 628 2763 31 138 446 1079 16 3 628 2125 5
1249 43 31 220 6 4301 2763 7 2113 4 24 40 2129 43 144 26 7545 10 3 5536 21 1870 13987 5
527 4 9 955 86 28020 57 49 48 13987 4808 15 3 5536 1746 5
273 946 4 9 185455 86 90942 3 610 7 9 696 883 10 9 837 1870 17807 610 4 49 10 67 13987 74 610 8 21191 5
3062 26 9 955 7 518 14 2113 10 1427 3298 4 8 3 197 7 13987 10 47 868 3280 4 3112 24 3 2516 5
134 142 2975 3 614 14392 35 249 33 6 4498 3280 35 205326 33 21 23 16 962 10 446326 35 459 33 4 114 2610 14 3 871 7 1325 629 13987 25 1870 10 1427 1570 205326 35 459 33 9102 5
75106 255822 5811 2763 68132 2763 4301 1682 148 2113 7 3597 10 3 255822 35 21 14 3099 311 3607 36492 33 5
3062 2636 8 3298 26 67 255822 3597 5823 19 5536 2482 95 13 8 4 114 8 31 5536 6160 5
622 5811 955 1708 9 197 7 1427 2113 269343 3298 13 27 9 1322 19 32 1570 95531 2636 24 1153 7 955 1127 35 95531 33 5
659 26 5050 4 10 57363 8 301928 23 2696 3 134244 14 138 2113 269343 13 2388 1127 35 95531 33 5
134 142 4498 1127 35 95531 33 21 23 16 962 10 446326 35 503 33 35 503 33 81 446326 35 503 33 4 2610 14 3 665 7 3 1375 1611 10 6160 4 8 31 90 8783 12453 72 4 8 392 24 3 2516 5
17 12453 8 42 4939 1321 10 3 1092 14 255822 3597 7100 24 1153 7 446326 35 341 33 5
5583 4 80 51 105 6 13 8 142 26 2207 25 3 6363 92 3 7100 14 955 1127 2818 23 5
17 3979 197 25 3 1315 1708 3 7379 7 1427 2113 13 9317 6 3298 4 21 23 29 45 2921 10 8941 9610 5
80304 3 14478 7100 565 40692 8 5811 2763 31 18213 10 9 52301 2981 496 32 255822 4 24 1153 7 837 8 2489 14181 1682 5
238 4216 103 4 5536 6090 86 26 2475 1144 523 95 13 129 1217 144 26 6633 385 6 11922 3 7100 3639 5
7219 4 87 86 26 5771 10 47 90 3597 49 2763 71 34 26 5823 106 7 40 272 34088 653 4 4808 15 3 5536 185455 5
8616 4 2016 3 7100 4644 3509 10 767 199158 4 9 628 6580 565 20521 2867 46 5114 53 3062 2636 8 3298 26 67 255822 3597 5823 19 3 5536 4 8 3298 9 282394 7 2636 5
8616 4 3298 2636 5
145 1215 144 26 5291 480 3 1427 7100 1092 16 1318 35 196 8941 9610 33 4 10 678 6 5313 6580 10 3 255822 628 5
10974 4 2113 10 1427 3298 250 34 26 9 71628 49 4159 7 2113 10 2636 5
238 9 8867 4 3 7100 1303 61 24 3 2516 51 26 1171 5
81 46 2124 4 80 581 67 912 6 1262 46 565 5
17173 446326 35 249 33 4 879 3 2113 26 10 1427 3298 8 2113 10 1427 2636 4 114 8 5
17 508 912 31 1622 8 4783 6 5313 7488 3298 2636 10 3 7100 53 249 5
17 197 7 6160 5
17 8783 12453 317202 5
17 74 1215 14264 13 2113 10 3 282394 19004 70 628 2763 25 3 362682 4 8 59 13 70 1325 9526 25 3 6160 31 220 6 1088 3 2665 7379 14 3 212 4 3475 1749 5811 2763 7 3 3178 6 26 220 10 3 282394 9584 5
349 3 83 881 4 3 169 1215 14264 13 2113 10 1427 3298 16 9 33498 7 2113 10 1427 2636 4 8 43 31 3455 24 4159 4 34520 49 71628 7 3 362682 5
33813 3062 95531 2636 8 269343 3298 67 1427 2113 4 114 3298 2636 4 8 8 26 1325 629 13987 7 3 6160 267937 8 186582 4 3995 5
17 74 1215 16 1622 6 852 14181 7 2763 8 5553 7 2113 25 273684 6 5
3062 286 9000 13 3116 4681 1210 6 446326 35 341 33 4 5
3062 1127 26 32 5811 955 446 1079 16 2636 5
1301 3298 16 59 1079 14 1127 121 3298 2636 8 3 13808 7 5606 269343 3298 10 58508 27320 35 2636 33 56012 142 26 43420 5
17 216 2685 16 7716 92 2636 16 9962 7 955 1127 5
349 3 83 881 4 879 3280 26 9 628 955 446 9962 16 2636 8 3 197 7 13987 5823 14 3280 4 5
1249 267937 2567 153 3 955 142 26 8563 6 3298 25 362682 2636 5
8616 4 80 142 140 13 6034 10 1427 3298 31 59 6034 10 1427 2636 8 2763 10 2636 31 59 1379 10 4854 208 153 5
208 46 16 3 267 4 153 71 34 26 43420 8 3 9513 3298 2636 6392 5
17 169 1215 2228 6 1377 13 3298 2636 5
81 678 6 5441 1215 341 4 879 286 9000 13 3116 4681 1210 6 446326 35 249 33 4 8 4 95 13 106 37863 317202 16 3 216 49 48 16269 58 1010 8 3475 3298 2636 5
208 317202 358571 153 4 44 121 12453 14 3 3394 8 31 5
1301 5
8616 4 23 16 1622 1215 341 6 11922 3298 2636 5 17 767 7268 4301 3 1746 14 5536 8 255822 7100 5
527 4 46 1746 16 3 1625 6 1800 9 4644 6 4434 3 5536 628 25 6 255822 1427 8 955 9584 5
81 46 2124 4 80 4753 13 3 7100 29 45 1303 61 8 80 1800 32 31660 6 4434 628 25 3 14431 6 3 255822 5
17 5018 16 9935 7 67 1959 13 383 26 3677 72 70 14431 5
26148 4 3 2113 14 70 3597 5823 31 43420 19 40 12510 628 2763 5
1301 43 31 7545 76 3 255822 5
20379 4 5811 2763 14 70 2113 170 31 24717 25 3 5536 6 3 255822 1427 9584 5
931 67 4290 31 1622 6 1377 13 1079 2770 14 5811 2763 31 7545 10 3 255822 103 43 31 43420 25 3 5536 4 10 678 6 1262 12890 544 10 3 255822 5
659 26 5050 4 238487 249 5181 46 4644 10 5719 5
134 27 2262 3 66271 7 5
35 249 33 8 35 341 33 10 1583 459 8 503 6 13 12453 8 6160 14 3 3394 8 13808 4262 5524 15 3 5536 10 231 5
238487 249 56464 14 5536 8 255822 15987 14 70 5536 5547 58508 2482 56012 112 14 70 255822 1427 3298 5823 10 3 255822 112 168704 2113 14 10 112 168704 3 7379 27320 35 205326 33 8940 1427 3099 205326 14 3298 10 3 255822 14 70 628 955 3280 7 1427 3298 112 168704 955 871 3280 35 205326 33 8940 628 955 871 6 205326 10 3 255822 194 14 194 14 194 14 14 70 255822 1427 3298 5823 10 3 255822 112 14 70 1427 3099 205326 10 3298 112 14 70 5811 955 1127 7 1427 3298 112 168704 955 2770 14 70 5811 955 3099 10 112 8940 5811 955 871 6 205326 10 3 255822 194 14 194 14 194 14 194 14 194 14
134 27 3677 72 9 521 2854 891 284 1589 10 767 1131 35 302329 5350 4 34483 4 186457 4 4 323 409083 4 5
280 33 5
81 46 2124 4 80 132 9 1574 89342 946 6 4301 129 522 53 37354 6090 7 231 6 27 3371 7 6160 8 764 7 10255 4 95 13 9 272 1058 7 628 8 1746 15421 51 16574 629 266 10 129 5230 5
81 678 6 1297 3 2043 8 3003 4 10 46 2124 80 231 9 396 197 7 6160 3136 6 3 4279 9010 8 1682 10 129 14431 5
3062 286 1384 3 508 6160 7 9 96370 5536 14 129 946 53 40044 35 4 610 4 21191 4 2125 33 109 35103 35 242315 4 610 33 109 6020 35 4 33 109 35 4 242315 4 610 33 109 227204 35 4 33 109 35 4 33 109 81 3 6160 7 996 4 3 12279 13987 1335 14 3 1325 9526 5
13309 8 31 563 9526 6 40044 10 6160 872 4 227204 8 109 242315 16 563 629 6 35103 10 4 8 16 59 563 629 6 10 227204 8 5
5583 4 3 17807 2125 10 40044 29 883 871 6494 49 249 6 12681 148 619 8 2246 4 3995 5
16268 148 3597 10 3 255822 8 6160 10 3 946 5536 31 1303 61 232 6 5
35 249 33 8 35 341 33 53 2778 273 1427 28299 4 3 7100 16 1303 61 19 1870 40044 5
23732 8783 12453 3082 35 33 4 95 13 2113 29 7379 53 2778 17 7100 14 1427 12016 16 16939 3 1427 23732 4 44 3082 35 33 5
2778 273 3597 35103 8 138754 4 8 31 3435 4 8 3062 286 1384 6034 2763 4 4 4 4 8 5
17 7100 14 192 1682 31 3 508 53 2778 11138 4589 6160 25 3597 35103 4 40044 4 8 1355 6160 6 1506 3 7488 7 518 53 141304 3082 35103 40044 5
273 9 392 2510 4 35 33 16 43420 21 3177 53 2778 17 7100 14 955 16 825 6 3 767 57 4 44 2571 1870 227204 24 4 95 13 51239 3082 35103 40044 5
273 9 392 1323 4 35 33 16 43420 21 3177 53 2778 68132 2763 8 31 3455 2093 25 3 767 15568 53 2778 11138 738 32 26730 6300 7 1870 40044 4 35 40044 33 3082 4 121 3 1870 16 220 1429 10 3 7488 5
16 488 6 7367 5998 192 5771 6 581 26730 1726 14 3 6160 5
17 7488 16 1435 2118 24 3 508 6363 53 2491 3 7100 16 1318 4 3 26325 7 996 31 6740 76 5339 59758 5317 8 3677 496 238487 249 6 4434 3 5536 76 3 255822 5
41381 1056 1563 1217 16 2638 2247 24 67 17177 65192 14 909 6 5536 628 317 8 255822 891 5
22012 5536 909 4 3 29894 16 17177 3374 35 1560 5
1910 33 4 44 3 7739 6 6143 6 3 5536 2622 4478 31 5910 1321 154 3 447 6885 89 5
273 129 8365 4 80 220 3 3379 14 53974 4 44 83 523 7739 86 26 5910 4808 15 3 5536 891 1443 6 26 10644 5
349 3 83 881 4 10 678 6 3009 3 2981 8 628 80 220 31127 467707 14 17177 8 3 204544 5
766 3 447 19266 10 132 231 7 192 65192 10 40 104 799 653 884 5
98586 500 14103 10 5719 3 6358 7 5
118561 9419 7254 2981 7 98586 500 5
118561 9419 7254 2981 7 5
29 97349 13 33183 3 4650 791 8 5536 7100 538 9 25018 5
26148 4 3 255822 112485 14533 13173 3 255822 5342 25 18879 8 3 26011 1714 25 1052 35 98586 708 33 5
435 13 4 3 4650 16 1272 6 197 55 3 909 6 96370 14431 10 3 96370 79416 12327 35 98586 700 33 53 28331 4 3911 4 5536 4650 8 81297 4 8 5536 610 31 6640 5
9049 4 3 96370 29 9 610 14 50 7379 10 13 383 26 2665 10 678 6 3030 9 4007 628 21946 21 4216 10 58486 459 8 503 5
81 3 296 1092 4 3 255822 3597 8 2763 31 5823 14 290 2854 891 284 5536 10 3 75106 12327 5
2569 4 3 255822 75106 53189 21722 3 18423 1056 962 10 8941 459 5
17 4650 16 805 6 112 192 8255 4 44 23 16 3448 6 11922 3 7100 19 3 508 678 53 40372 1427 4 35833 628 2763 4 8 1435 5811 2763 5
6832 46 678 4 3 5811 955 7100 16 2538 121 70 11612 8 30951 27 45 1321 4939 10 3 1427 7100 1092 53 2778 17 1427 7100 5483 2228 3 4650 6 5339 32 255822 1427 8 57 49 48 5536 6160 6 1626 61 9 1427 7100 5
98586 704 842 32 946 52 3 7100 7 1427 23732 5
9656 12453 72 3 6160 142 26 1252 10 678 6 28764 1870 10255 9584 13 112 34 868 3 1427 5
81 46 1868 80 142 59 196 3 1870 3547 220 6 1088 3 134244 14 3 6034 9584 5
931 3547 86 26 1406 24 3 4650 10 678 6 581 9 333 7100 27708 5
5583 4 14 131115 8 284 7381 1809 80 27 848 9 2942 352 19 3 3979 59758 25692 14 3 7100 5
6722 7100 5483 35 7100 3236 33 98586 704 5
6722 7100 5483 35 7100 3236 33 5
2778 17 628 955 7100 5483 2228 6 868 628 2763 14 1427 10 3 767 1092 5
17 4650 142 5339 9 1427 277 5823 8 9 628 955 5
1301 4 23 71 26 3112 3 1870 3547 13 868 3 955 10 231 5
98586 782 842 32 946 7 3 628 955 7100 5483 10 678 6 868 3 74 610 7 9 1323 5
7337 955 7100 5483 35 7100 3236 33 98586 782 5
7337 955 7100 5483 35 7100 3236 33 5
2778 17 5811 955 7100 5483 12726 13 3 9962 8 1079 3597 27 45 1321 5823 14 3 5811 955 7 518 5
2569 3 4650 13220 9 9962 1427 8 32 5811 955 496 46 1427 5
435 13 4 3 1079 1427 7 3 955 16 3467 25 3 255822 14478 7 3597 805 5
17 5483 842 3 6160 5823 14 189 9962 8 1079 3597 4 8 2228 3 4650 6 539 1117 6160 8 59758 12453 13 144 26 220 6 6143 192 6160 232 6 446326 35 503 33 5
98586 183 14103 32 946 14 3 7100 7 955 14 9 511 5
17 5483 59 842 3 3979 59758 25692 14 3 7100 14 131115 8 447 7381 1809 5
68132 955 7100 5483 35 7100 3236 33 98586 183 5
68132 955 7100 5483 35 7100 3236 33 5
255822 5342 3394 98586 708 5
255822 5342 3394 5
12586 891 284 5536 9937 50441 98586 700 5
12586 891 284 5536 9937 50441 5
2491 3 27 45 1318 4 3 67598 56464 12244 3 3656 59758 19510 8 8323 3 238487 249 72 70 14431 8 3 255822 6 4434 3 5536 628 76 255822 1427 8 955 9584 5
98586 407 842 32 15315 7 299114 54 3 15987 7 129 946 5
134 142 196 3 221 7 9584 24717 10 3 6722 84057 35 3784 619 4 6332 2246 4 503 5601 4 4703 5
33 4 3 134244 7 3 2246 16277 10 3 3099 9160 4 8 3 1079 9584 14 3 5811 2763 5823 10 3 19419 12327 5
139385 7 299114 2113 16540 54 3 15987 25 3 14431 76 98586 407 5
139385 7 299114 2113 16540 54 3 15987 25 3 14431 76 255822 9584 5
81 3 73 1352 4 87 29 45 9 938 474 10 3 231 7 2854 891 1443 14 3738 8 2505 37890 356 3 917 5
187 27 45 6599 6 371 63794 6 1735 8 2038 10 46 352 4 8 6 1297 3 1481 791 5
527 4 9 3014 16 170 65 80 690 6 11032 8 371 63794 6 317 976 3 14431 7 5
81 46 162 4 80 27 1273 9 1506 14 3 5536 6582 7 192 1443 538 5
17 1217 962 16 38944 53 26148 4 32 2516 754 3 3320 148 3597 8 2763 10 3 255822 19 3 12510 6160 8 13987 10 3 5536 5
435 13 4 32 6062 4644 16 3677 6 4434 3 628 25 3 5536 76 255822 1427 8 955 9584 5
17 9063 7 129 1581 28020 13 3 767 1966 628 31 392 19 63794 4 110 2442 19 255822 13538 5
10526 4 3 84 4250 3279 3 909 6 3 2038 8 3 317 3975 148 3 220 5