65769 7 58676 33336 35 171548 33 10 3 165 246 7084 7132 29 811 9 84 628 5954 6 26 9490 8 32 1251 6 1297 43132 4590 15 3 7132 5
145 84 628 5954 1388 1251 14 9 3254 9674 8 1070 31660 6 12042 1773 1724 17424 5
1692 489 7 628 2137 7 171548 1443 29 59 811 9 1236 15 143 6 10775 317 25 2025 1324 171548 628 5954 10 521 89 6 1297 43132 4590 976 9 532 787 5
1504 3 644 13 17315 8 131804 4309 31 3 104 5050 4309 7 3241 2376 4 695 421 363 27964 71 34 2585 3 59557 811 24 138 4309 5
20370 11775 5447 49474 5309 35 43826 33 4538 27 45 13787 4400 21 785 15190 14 192 6599 4 658 4759 43826 4538 112 34 293 19 11065 11039 7 2025 1324 628 5
145 1381 2209 9 3093 2673 7 3 5954 4242 27964 14 628 6 772 2411 421 363 5702 7 426 43132 4590 2333 10 326 1443 5
659 2148 13 3 1273 4309 31 4213 8 3682 7 3510 938 3318 7 628 19 4203 8958 8 496 1574 1714 7 2900 8 46333 326 4 179 523 8365 19 523 912 35 3 6885 912 7 3188 4465 8 193563 4465 4 9990 3 1646 7 2900 4 8 9901 3 773 7 14510 33855 3472 19 1510 421 3472 27964 33 42 2173 5
17 27964 2994 10 46 1381 270 1866 976 3 532 2940 1533 14119 132 3696 1866 6 1297 11040 7 3 426 3782 7132 5
17 884 7 5842 326 284 1553 5524 1918 3 1175 7 8152 8 11040 38439 6 9109 1877 796 4 2020 8 537 33556 5
17 11249 7787 16 1001 5050 385 6 1377 294807 202 11040 7 498 5842 284 5
75 4 3 6004 10 326 284 31 95 272 13 2536 174 709 10 1174 31 2335 15 17424 8 32162 4 47 1819 14 100 28544 202 7 89 10 7132 884 35 4681 9082 16906 163 944 720 5
1376 33 5
17 498 5842 284 4 47 5473 1918 3 8958 10 11249 7 6885 4 2020 8 14673 142 34 26 488 6 422 1315 1695 5314 163 5435 6 26 2042 10 426 3293 7132 10 3 916 7 4980 1543 6582 4 1376 499320 200 2434 386 4 5146 2020 4703 5
17 5842 326 284 29 6 8744 6 3383 3 35577 7 5937 10 3 426 7132 125 3096 3 11040 7 7132 1315 5
17 11040 7 426 7132 23106 15 3 1175 7 4262 6 7367 8 8172 111 57868 3074 7 3 326 1443 6 1368 33876 6179 5
79 4599 4246 7 7132 244 19393 133 21 10291 4 33583 8 4141 17016 4 8 2411 14010 6 4262 543 15 4695 10 3 8179 19393 36 26 11597 10 7132 1315 4 10 1243 6 3 11249 7787 5
17379 4 326 1443 31 1254 6 11849 9 1491 7 77503 33556 19 6062 1720 8 532 27964 5
81 267 7 9 2022 3109 7 33556 6062 1720 1443 71 3303 3979 10 9 1773 1724 21367 5818 1267 7 834 35 5
923 4 1095 33 5
81 30759 993 4 3057 89 16 22 104 577 53930 8 3475 4 6062 532 1593 1141 72 3 421 363 650 19 93 746 4653 10 3 14808 5
273 241 1043 3241 4 4262 1618 27 385 89 6 336 29182 8 7253 6 9 2505 1084 4 6 132 3696 1866 35 1453 4 274 33 5
527 4 87 31 400 10 148 138 67 19277 10 47 746 4653 16 1272 44 46 477 2659 65 87 16 9482 317 558 6 270 40 421 5
17 1773 352 43132 4590 2333 35 114 9 37063 1364 10 2673 1315 4 543 15 9 46986 1069 7 421 363 8 3 7059 7 3 2333 3893 10 3 1566 496 9 3583 7 89 8 904 4 3 33959 7 40 2677 8 3 13808 7 40 1799 10 3 401 426 71 26 4939 35 220578 4 3401 33 33 3316 6 3189 3 317 13262 10 13 565 9962 4 114 746 4653 16 1272 496 814 1070 89 6 1368 33876 6179 35 1453 4 274 33 5
718 4 2247 24 272 1952 4440 3151 4 29 45 1940 4357 21 57 7 104 533 3648 14 521 89 1773 352 3726 8 43132 4590 10 326 284 5
17 272 5907 489 7 718 29 8509 3 386 6 3968 1056 7 3 7039 3074 7 3 5842 284 5
238 32 20621 4 718 16 6 133489 543 3726 96 32 13756 9015 16 6 15131 35 116395 4 3454 4 323 4 280 33 5
17 777 7 750 685 4 1095 19152 2653 61 13 92 628 39 45 8179 4 3 19152 86 27 45 5144 5
79 221 7 8650 2867 3 19152 31 1590 463 6 3 1292 7 43132 4590 2693 35 88345 4 590 33 5
473 3 5932 7 4 3 386 107 29 3 7453 7 3726 7132 244 19393 10 521 89 5
527 4 92 4919 317 10 3 272 1952 628 5954 71 34 26 16277 4 153 23 16 34 537 14 4262 6 132 3696 1866 5
16436 4 17315 11129 133 21 326 3154 2376 4 14673 2376 4 164 37582 4 4703 5
31 220 10 326 1443 5
17 59557 1183 24 17315 11129 754 91 18559 14 521 89 43132 4590 2333 5
2953 2854 27964 4 133 21 4 49474 133951 9861 35 49894 33 35 354092 211328 4 79554 458458 4 516469 4 323 348130 463610 4 2391 33 8 421 2855 35 32166 33 35 22413 4 4 445320 4 238715 4 323 168714 4 359 109 4 4 323 143659 4 590 109 4 4 36240 4 323 76899 4 1278 109 4 4 57614 4 323 529 4 3578 109 4 445320 4 323 34074 4 590 33 4 31 110 13787 4400 14 695 10900 7 326 284 3241 543 15 628 10 32 33065 566 7 89 5
31587 2953 2854 4538 133 21 49894 8 32166 31 1254 6 162 19 9 1574 1058 7 558 7545 628 5036 5
158 132 2489 10989 7 628 6 1088 9 1506 103 363 7736 5
29507 2855 436 3982 10 17241 7 326 1443 543 15 628 35 22413 12283 32330 4 359 109 12283 32330 4 590 109 12283 32330 4 1278 109 12283 32330 4 3578 109 12283 32330 4 590 33 5
29507 2855 71 162 19 11065 628 4351 166 21 19 33770 628 8 3 522 7 421 2855 71 26 11737 24 4092 4 47 754 91 32 5043 1414 14 326 1443 5
527 4 3 221 7 5036 25 9 171548 6774 54 3 5932 7 329 171548 10 3 2673 5
273 946 4 10 9 889 1390 566 9 837 171548 5708 5036 14 9 837 96734 22 306 5036 147 169 44 87 36 26 5036 10 9 9617 566 92 3 284 4286 67 5
473 3 1574 46333 89 8 2900 558 10 1416 1714 4 46 71 2123 3 1646 7 3 421 2855 1148 538 1510 2953 2854 27964 5
12502 4 23 142 26 572 6 7933 9 938 421 3472 10 9 1574 1416 2900 276 1373 317 5
364 7 3 15055 4309 6 3383 938 1058 7 628 16 6 6 32 3206 653 5
145 1217 16 34 3206 14 628 106 3 7039 3074 7 3 326 284 16 34 3577 3380 10 628 4 47 142 141 5906 3 1653 7 538 272 1952 628 5
98586 249 14103 3 13925 7 628 5
8455 347 7 3 1233 16 171548 628 22 306 5036 147 169 35 3848 171548 628 489 33 4 125 3 243 347 16 1185 7 3 216 628 22 6766 5036 147 169 35 3848 133489 628 489 33 5
17 1056 2914 24 171548 31 372 65 23 16 5
17 372 1056 7 3 628 142 26 9737 10 363 89 1568 1866 5
12502 4 32 31660 47 71 231 70 628 266 25 3 16 533 6 11569 3 7039 3074 7 3 326 1443 8 6 7367 993 5
112810 7 7039 3074 8593 24 9 171548 22 306 5036 147 98586 249 5
112810 7 7039 3074 8593 24 9 171548 22 306 5036 147 169 6288 6766 5036 147 169 5
79 84 5018 424 21 628 5954 4242 71 10775 317 25 272 1952 628 11039 25004 10554 496 12453 7 1574 1714 8 89 35 124162 323 277453 4 1515 33 5
79 421 3472 16 1148 25 628 5954 10 1574 2900 538 4787 6 3489 13 3 665 3455 16 21 206 21 13 7 4759 11775 5447 27964 35 124162 323 277453 4 1515 33 5
81 46 1381 4 80 1379 32 2673 7 3 5954 4242 31660 14 628 6 772 2411 421 363 5702 7 426 43132 4590 2333 10 326 1443 10 9 1574 2900 8 19 1574 46333 326 5
7337 5954 4242 29 616 45 4723 21 9 5533 6 12262 8 542 3 628 11039 7 523 326 1443 14 2505 4089 8 14 6330 90 7 3 1547 2235 5
273 5918 3 313 7 3 3980 2372 10211 4 9413 4 43507 4 31845 4 323 6794 4 7560 1254 9 326 313 284 543 15 5954 628 4242 4 47 16 2638 9935 7 3 7112 3293 11289 4 3 6986 8 3 10764 5
81 3 284 4 3 65714 14533 21 9 38212 148 3 1510 326 7132 8 3 6986 18 220 8 3 7112 3293 11289 6 2301 49 526 3 326 18 6227 21 166 5
81 1243 4 2016 9 326 7132 2673 10 47 764 7 10363 31 4071 15 3 326 7132 992 6 14448 4697 11039 7 2088 628 14 10534 43132 4590 8 284 891 4 4 7560 1273 9 84 628 5447 8 8586 1217 4 543 15 3 4102 7 532 7896 4 14 3364 9149 7 628 11039 25 10363 5
81 1243 4 32 2673 7 3 1273 1217 14 14426 628 4242 8090 133 21 67818 538 19630 326 7132 628 11039 16 2209 5
7744 4 7277 4 23551 4 8 31845 35 7560 33 1254 9 7539 303777 21 9 3109 7 9 19396 543 303777 35 26729 33 8 9 689 3472 303777 35 91365 33 5
145 303777 71 3383 7116 628 11039 3883 25 326 7132 2367 8 16 220 21 9 421 270 284 13 18888 3 628 11039 6 5257 1442 5
43558 8 35 7560 33 2209 9 4102 14 3 4213 325 4250 8 5447 7 326 3568 628 226 5
1858 7 1219 15 4719 15721 628 11039 12276 4 18888 3568 628 76 40 8524 23623 8 3847 84735 40 4250 5702 5
7277 4 7744 4 31845 4 8 35 7560 33 2203 9 421 891 284 10 9 916 7 954 8 5897 6 1877 3 326 6885 180 3 3782 7132 284 5
17 2334 31 2209 10 32 2093 3055 152 13 71 26 2404 24 189 746 10969 8 4081 5
564 4 4 11163 4 8 7914 35 280 33 4 2209 9 5018 14 97098 7116 628 11039 14 391 5195 4089 5
17 5018 2527 3 1246 2635 2912 8 34315 9 391 5195 7 3 3293 7132 284 10 3 165 246 5
145 542 59 2209 9 11856 104903 543 67818 1217 220 14 19841 15587 35 23949 33 993 10 3 628 11039 5
236585 4 4 8 11163 35 2560 33 4 4605 67 2235 10 3 20319 7 3 3782 7132 718 47 31 3 1175 6 47772 3 22667 7 230 628 11039 14 391 43132 4590 109 21 166 21 3 1175 6 7367 15587 8 30174 133 993 25 137723 5146 7116 326 284 10291 13693 5
145 542 962 308 34032 10 3 352 7 7112 628 2376 14 521 89 9674 7 15587 993 25 326 284 10291 628 3883 538 32 1806 59566 10291 3726 992 35 33 4 47 16 9 20202 14 426 110771 1443 5
44092 8 90670 35 280 33 2042 9 46017 695 284 53 32 33855 67818 10472 600 7 31270 10363 4 47 31 5146 70 180 5842 326 3201 2642 6 1657 11039 7 628 22 7116 4 8 9 31392 1506 14 7678 10363 2770 496 2190 30229 5
17 284 16 1816 695 53 628 1277 16 8179 695 4 21 9 445498 6 3 2854 8090 109 51283 57078 3 14478 7 18679 109 8 2527 695 2854 7 9 31392 1506 14 290 15721 5
1471 542 1273 32 19337 9674 284 35 58664 33 6358 14 2410 43898 2693 35 54403 33 47 36 1333 21 9 17846 19 83 313 1170 5
145 58664 6358 9286 7 108 325 1942 10 3782 4846 4 628 175501 4 8 885 284 35 54403 326145 33 5
273 19841 23949 4 628 5954 4242 1217 18 220 15 3 173 103720 2391 628 197 10 678 6 12262 3 5702 7 3 108 5937 10 54403 35 31513 4 9701 4 1320 4 323 7129 4 2560 33 5
81 46 542 4 628 5954 4242 1217 14 993 9674 10 326 1443 18 4400 5
17 2673 7 46 1217 15 628 29 299 45 4400 103 8 3847 3 689 4413 7 46 542 16 6 1379 32 2673 7 3 5954 4242 27964 14 628 6 772 2411 421 363 5702 7 426 43132 4590 2333 10 326 1443 5
2625 8365 31 2828 6 43238 13 129 1273 4309 31 4213 8 3682 7 3510 938 3318 7 628 496 1574 1714 7 2900 5
17 27964 71 4764 993 496 4203 89 95 13 23 71 26 220 10 521 89 43132 4590 2673 10 326 1443 5
81 46 2124 4 32 20071 7 27998 601 15 31392 27964 13 31 110 220 10 3 326 284 16 2994 5
9277 16 15 521 89 10900 27964 4 40 48450 8 40 2673 10 272 1952 171548 628 11039 5
17379 4 5394 17315 4538 133 21 326 3154 2376 4 9512 2376 4 177374 2376 4703 35 88345 4 590 33 581 9 5314 152 6 4764 3 3241 7 9 326 284 5
527 4 10 9 521 89 7132 4246 5662 4 23 142 34 26 537 6 2585 3 89 14608 7 2506 1252 24 192 2520 5
20370 11775 5447 7 628 17112 2854 4538 1849 25 6200 5
158 79117 3 1322 148 5559 628 8 3 164 7 284 6 4764 426 684 7 3 284 543 15 84 29132 5
158 28669 9 83538 25 84 628 13 36 26 10436 6 104 7 3 565 904 5
273 946 4 10 9 26335 9674 2673 4 9 197 7 18157 134258 71 26 220 21 928 628 6 1649 9 284 6 63058 18157 1735 5
29507 2855 27 45 220 14 43132 4590 538 628 5
17 34141 7 3 421 2855 31 1146 22554 538 3851 628 4 7995 1568 13987 35 13284 33 8 40 34082 297 307 13693 25 5
81 98586 341 4 13987 79 4 2636 8 3298 31 1658 21 1568 5
17 48 533 43 31 14 19372 4 3 48 2402 43 31 6 3 6808 7 3 3472 5
17 2785 25 3 6808 7 9 421 3472 6 3 2690 18020 3 19372 7 3 715 114 2690 1392 3 19372 5
17 542 2173 24 12283 3462 5
35 590 33 1287 57 1092 454 8 2527 9 1111 7 14586 421 2855 35 23333 4893 33 6 4764 3 7039 284 3241 5
59268 7 9 421 3472 98586 341 5
59268 7 9 421 3472 5
355 9796 6 4759 2953 2854 27964 16 9 628 5954 4 23 29 6 26 7545 35 17905 4 10 9 5536 33 103 32 31660 16 3677 5
145 16 617 6 1377 16335 5681 7 928 5036 4 21 1595 10 98586 459 5
81 267 7 628 5954 4 23 142 26 537 6 1392 628 4 44 23 142 34 26 5238 6 198 137 1650 7545 628 10 678 6 4764 9 665 10 3 89 558 14 363 9 421 5
17 1506 1146 14 11065 628 14448 1995 10 1646 363 23 2784 6 1392 10 558 2900 276 1373 317 5
74994 5447 27964 14 628 11039 98586 459 5
74994 5447 27964 14 628 11039 5
22195 5954 4242 7 628 1249 3855 11065 11039 7 628 4 1866 27 6 26 115 103 9 84 197 7 628 8144 35 196 98586 503 33 5
470655 133 21 4 10620 4 35713 326 4 33583 7060 4703 4 383 26 8179 25 2489 6 10792 43132 4590 5
12502 4 9 84 1217 16 666 6 3383 133 9 1650 1058 7 628 5
22195 5954 5447 98586 503 5
22195 5954 5447 5
222742 628 5954 4242 222742 628 5954 4242 27964 293 19 628 25 160269 6589 446 1730 13300 3201 340 34 337 65 6916 10 89 5
145 36 34 26 4116 10 628 11039 19 4102 15171 114 3 628 7470 650 37169 72 89 35 17905 4 3 13300 3201 7 3 628 7511 72 89 49 9 84 2981 10 3 628 1464 33 5
7337 15709 4242 16 9 2086 84 857 7 542 5
66 16 4116 10 1443 133 21 4 23966 1258 35 18685 4 1320 4 4 323 11879 4 911 33 4 229 3726 35 7914 4 359 33 4 6499 313 35 61870 4 359 33 18003 4 47 3855 938 3318 7 628 10 814 566 7 89 4 825 6 5
2855 8 277453 2042 2855 10 124162 8 277453 35 1515 33 4 47 16 57 7 3 10386 1131 10 3 352 7 1650 628 5954 4242 5
17 3472 25828 31660 10744 9 421 3472 24 15854 3 9632 628 5954 97 480 5
187 16 93 236 7 16925 3 628 21 10 1510 421 2855 5
17 3472 1010 2609 4783 4015 10 50 2690 6 1995 3 3472 8 6 132 19372 1866 7 9632 628 5
3194 38105 10 9 421 3472 4286 9 960 14 32 17807 4 8 3 4386 6 1667 54 3 38105 5473 1918 3 3115 7 3 960 5
3194 14613 4286 9 1427 10900 5
79 19372 565 16 10455 21 9 507 7 133 1665 22 290 38105 25 6808 6 14613 5
79 421 3472 19601 24 11065 3780 7 2690 8 3394 7 34082 8 960 13987 22 290 38105 5
79 191244 16 666 6 5339 3 17807 6 26 2870 22 290 38105 5
17 104 1029 191244 16 3 317 1811 35 5828 33 4 47 16 9 1415 7 379492 326 7 290 17807 35 124162 323 277453 4 1515 33 5
17 221 7 5036 35 33 6 26 220 22 290 38105 6 26 19593 103 17444 3 317 1811 16 2118 538 3 4787 35 196 161 2124 33 5
3062 187671 8 26 3 67 171548 13693 19 67 1391 5828 7154 54 2045 6200 22 9 38105 5
3062 3082 5828 35 187671 33 115998 5828 35 33 6494 26 3 1884 148 317 2309 4 153 392 9 13228 3 4787 5415 13 187671 16 3 4007 1414 14 3 2714 19 13300 249 115998 92 5036 27 45 381 22 46 38105 8 6117 5
622 31660 14 14087 9 38105 14305 16 21 3177 5
33382 60401 35 6219 53 3298 33 25 13693 25 290 170258 628 5
273 70 928 6200 113845 19346 4783 4015 10 14613 38105 35 14305 33 8862 5
43786 9424 4 3 4444 13 3908 3 221 7 6200 381 5
128951 208 9424 4 153 190760 168704 5828 14 290 96734 8 879 187671 8 26 67 13987 19 1391 116533 5
25547 5
208 5828 35 187671 33 115998 5828 35 33 6117 4 153 2323 14305 19 32 2634 38105 13 19918 15 187671 31883 5
504204 70 5982 7 3 2714 19 4783 4015 5
187 31 307 5310 13 31 220 6 1368 3 1646 7 3472 25 587 61 7 16275 21 2921 10 124162 8 277453 35 1515 33 5
2778 45664 17 837 104 533 2419 7 421 2855 16 6 2714 9 38105 5
17 7362 7 13896 32 17807 6 2714 9 38105 18020 3 8958 7 3 421 3472 5
81381 133 21 119335 1291 8 317 1811 31 220 14 13896 13987 35 124162 323 277453 4 1515 33 5
17 13571 7 133 17807 3394 1415 16 1927 48 4093 10 628 5954 4242 58 10 1510 628 5954 4242 106 7 3 68822 7 16335 928 628 6 3 27964 5
8 277453 1273 9 6680 424 21 4787 47 5415 17281 3 216 421 14 5954 4242 21 13 19 1510 11775 5447 27964 35 124162 323 277453 4 1515 33 5
17 4787 684 13 19 13300 249 115998 4 3 1359 1153 7 9 6951 12911 7 1079 1883 36 34 5697 25 3 1221 1153 54 9424 1216 11537 24 48 58 53 145 4787 16 4116 106 23 2609 1359 5226 7 3 3201 7470 3 2770 4 8 5473 97 15 3 1079 7 2770 4 221 7 11537 8 13228 1493 5
79 13925 7 46 1217 110 95 614 16 13 23 16 48 1772 58 3201 6325 16275 35 323 46580 4 280 33 5
109982 628 5954 4242 17379 4 628 11039 337 72 89 4 47 36058 3 77590 7 3 1148 1506 6 132 426 1866 5
1203 7 521 89 2333 31 7039 4 79022 5
4446 21431 628 5954 4242 27964 10 8941 4 12713 628 5954 4242 27964 27 6 293 19 628 25 160269 6589 446 1730 13300 3201 340 337 65 6916 10 89 6 26 488 6 132 4279 19372 8 10900 1866 21 1595 10 98586 500 5
4849 7 834 8748 40 5842 10211 15 8 123 4 986 8 2157 7 34591 4 8 30725 884 10 1070 6 33556 132 326 284 9 177 7039 284 5
350717 7 628 4242 27964 14264 13 3 317 16277 25 628 16 5050 14 3 498 983 5
81 46 2124 4 80 36 1588 628 4242 4538 13 31 110 18778 14 3 12713 628 5954 5
65179 31660 14 12713 5954 98586 500 5
65179 31660 14 12713 5954 5
581 9 11065 5954 7 89 35492 628 52 7132 1219 19393 5
17 66508 7 628 7928 4262 6 196 9 15315 7 3 1799 7 3 326 284 10 521 89 5
12502 4 171548 628 29 9 1730 13300 3201 13 893 65 6916 10 89 5
527 4 463 6 50 11065 8 7039 2020 650 92 171548 628 16 14549 76 9 21431 3201 24 2029 4309 4723 10 89 507 2376 133 21 6375 2826 8 50906 4 23 51 93 902 3250 3 5551 1799 7 3 326 1443 10 521 89 5
81 83 1299 4 6 10775 7034 317 25 171548 628 4 12713 628 5954 4242 27964 144 26 3677 5
214 16 523 25 83 11245 23033 13 293 19 17087 8 1574 5036 7 326 1443 628 35 120347 323 48068 4 590 109 33490 4 4 323 133721 4 2560 109 213599 4 4 323 4 744 33 5
2801 2855 538 2801 3472 16 120 421 3472 13 2527 16275 8 6866 9 9343 2801 7 9584 5
17 31660 6866 17009 22 329 38105 13 36 4331 893 5
66 6268 4 7162 4 17106 8 104478 12678 2855 5
79 337 9674 31660 33855 9343 2801 35 33 29 45 1273 10 8 35 359 33 47 29 45 220 10 6062 9674 7 337 8 58225 3 3472 6 3 498 489 7 337 5
16 9 96734 481 8 9513 481 31660 47 754 23 2538 14 1481 6 5507 276 8951 9 139061 2505 7 10777 7 628 5954 5
65179 27450 65179 13963 35 152620 33 16 32 31660 13 58225 6 893 10 3 628 5954 276 4951 1481 6 2882 3 1646 7 9 9343 2801 6 293 19 3 4102 15171 10 3 628 5954 35 323 46580 4 280 33 5
66 5998 31427 3 489 7 337 7 628 11039 6 8744 6 3 337 7 628 5
66 1561 9584 7 251459 7 10291 4015 22 329 38105 5
187 31 307 23299 7 152620 4808 1918 3 152482 220 5
2778 6626 20437 53 66 2527 9 27728 17208 152482 2778 6626 53 66 2527 32 276162 22213 17129 9897 35 33 2778 6626 53 66 2527 32 152482 5
238 3 9584 31 59 337 17009 4 43 36 371 32 5590 65 9 337 10 3 17807 1427 4015 22 13 38105 31 7947 4 47 6154 59 9 537 4102 15171 5
33962 132064 36 26 2209 6 240 13 33855 19962 7 3472 71 51283 1849 3 2571 912 7 3 326 284 8 6 132 7736 4279 6 192 912 5
134 19491 9 6885 337 6 24457 2571 1219 1215 5
134 494 13 9345 132064 270 129 1581 13 628 5954 4242 31660 12124 385 3167 6 4855 565 7 4242 272 1952 628 6 270 1866 10 521 89 5
81 678 6 5441 3 28389 7 715 5954 4242 27964 14 43132 4590 10 326 1443 4 80 220 29182 7 9 326 284 25 9 3188 2897 7773 96647 35 33 5
16 9 10534 326 284 30730 13 12134 2088 31399 30759 20260 7 3293 326 21188 538 9 89 1092 21 396 21 341 35 71920 4 4 323 4 590 33 5
17 10534 1315 7 3 754 23 6943 14 726 8 2279 7 1720 8 532 4538 14 326 1443 5
16 220 6 1746 3 326 284 21188 47 71 26 5910 76 5
17 22 4800 490 430 9286 7 9 33521 19 67 13821 22894 4 4623 583 16294 83923 29474 8 67 157131 83923 29474 35 33 35 71920 12283 32330 4 590 33 5
134 220 9 418332 1217 10 678 6 132 3 5867 408 6 9 521 131 5662 5
134 220 67 58676 33336 35 33 53 25 40067 10986 10625 35 168776 33 8 25 903 6554 5
1354 31 35492 19 9 9410 5413 21 1595 10 98586 708 8 34171 22 9 628 489 7 306 5036 147 169 5
20498 249 842 3 19393 3455 25 290 171548 5
7337 3154 10 9345 17721 98586 708 5
7337 3154 10 9345 17721 5
20498 249 5
470655 5559 24 67 5
10918 79 33583 29091 9149 498 42343 9149 498 16266 9149 498 12555 498 10918 2636 33583 10918 3298 33583 10918 79 498 10918 2636 498 10918 3298 498 29091 9149 33583 42343 9149 33583 16266 9149 33583 19465 7 337 7 10291 35 33 39272 10918 79 33583 29091 9149 498 10918 2636 33583 10918 3298 33583 10918 79 498 10918 2636 498 10918 3298 498 29091 9149 33583 19465 7 337 7 10291 35 33 39272 2897 66508 7928 13693 25 2489 6 26 189749 14518 21 9 60401 58508 273290 4 309581 4 232256 4 56012 4 114 9424 16 221 7 676 19393 5559 24 70 4071 5
134 7673 9 60401 35 6219 4 3298 33 4 114 6219 16 9 60401 7 9424 171548 13693 8 3298 16 33770 1427 7237 1799 7 326 284 5
17 60401 71 26 5910 76 3 5954 4242 31660 6 2705 993 10 3 326 284 543 15 11710 8 4695 7 3 13693 5
527 4 308 2062 27 1595 13 1484 791 3063 3881 4 95 13 34 70 628 71 26 5910 76 3 5954 4242 31660 22 521 89 35 20928 4 4 4 4 323 11420 4 6833 33 5
145 542 2048 13 3 2800 7 3 84888 171548 628 86 26 92443 24 9 95531 83550 3201 4623 67 1966 23033 4 125 3 3321 16771 171548 628 3177 9 1966 3201 35 20928 12283 32330 4 6833 33 5
17 522 7 9 2854 650 27 6 26 12354 15 90 1625 6 6786 3 7362 7 3 27964 5
74994 2854 27964 231 3 508 8557 6589 5
32044 5018 81 46 5018 7 8557 4 9 197 7 6951 5036 31 370 61 25 928 650 21 32 1216 8557 197 5
622 1216 197 16 220 6 960 3 7362 7 3 31660 15 19041 5036 5
66 16 2239 220 65 87 31 15123 5036 10 928 6200 35 323 46580 4 280 33 5
2858 13091 5018 81 46 5018 7 8557 4 928 197 16 3868 76 9273 31080 5
17 928 16 3629 9273 400 538 290 197 21 32 203358 1216 197 5
17 380 665 16 596 773 7 3 31660 14 290 197 5
66 16 4116 65 928 5036 31 1574 35 323 46580 4 280 33 5
200228 960 153 1649 81 46 5018 7 8557 4 9 5907 16 220 14 2279 103 23 16 220 14 928 3 1506 5
17 8958 16 51283 3353 5
1949 4 3 31660 16 2870 15 5036 23 29 299 381 103 5
66 754 177 1783 231 7 928 5036 14 2279 5
17 12433 7 46 1217 16 13 87 16 93 9373 148 928 8 2279 89 35 323 46580 4 280 33 5
2625 19393 71 26 4939 6 1415 3 773 7 32 31660 5
18484 87 31 108 692 7 773 13 80 31 2274 10 5447 628 53 143 5050 16 3 19372 4 143 2025 3 31660 1002 35 59557 33 8 143 11076 2900 1714 31 25810 24 3 31660 5
17 508 266 371 32 90 25817 1056 52 3 773 1170 13 27 45 1109 14 628 5447 5
90025 1415 81 326 1443 4 1966 628 31 48 1029 58 993 5
17369 35 133 21 837 517 6 922 15172 33 128 3505 10 9 177 814 89 35 53930 33 5
364 7 3 104 1029 1170 7 773 7 9 2854 31660 16 8958 5
75 4 3 8958 1415 97 6880 32 1783 1415 65 3 3597 6 26 7947 31 10 3 216 5514 4 47 16 34 3 267 10 129 9962 7 542 5
208 9330 202 7 9584 31 1966 8 341 202 94 31 15172 4 153 120 13730 303777 71 2769 9330 202 8958 24 100 17460 290 9632 3099 21 1966 5
79 523 8557 1415 29 6 26 220 13 71 8612 3 31660 5226 7 3 18503 10 3597 5
48208 8168 4 2042 24 6334 10 8256 4 16 9 48 3206 1415 6 3001 3 773 7 5954 536044 35 323 2550 4 590 33 5
66 179052 3 8958 24 13 7 3 808 58818 47 16 48 7243 10 129 9962 7 2673 5
17 287724 19114 16 4939 10 446326 35 249 33 35 323 2550 4 590 33 5
35 249 33 114 4 8 31 8958 8 808 8958 35 4 7202 4 4 323 2550 4 590 33 3995 5
208 9 303777 16 535 4007 4 153 5
208 3 8958 12909 19 808 303777 4 153 5
17 231 7 48208 4015 36 26 115 10973 24 32 946 5
79 6498 40056 14 9 21411 303777 4 47 51835 9 1695 32165 19372 565 4 16 1595 10 20498 341 5
20498 341 5
56360 40056 14 287724 13571 5
143284 1427 79 2636 5640 3188 1427 79 51241 403 8807 2636 302 306 575 5640 52477 2913 1317 8958 16 4 47 16 34 9 206 8593 7 3 773 7 3 303777 106 716 202 7 1427 2636 16 34 9109 6401 5
48208 4015 1929 9 333 8593 21 1595 1298 5
19466 8958 16 7154 538 446326 35 341 33 4 114 4 3298 16 6498 40056 4 6517 16 221 7 3597 8 15441 16 676 221 7 9584 5
35 341 33 81 129 946 4 12502 4 48208 4015 49258 27964 13 3303 6 10366 30174 2976 1427 1016 7 5429 189 3 1045 8 2976 1427 4351 5
29756 89 29756 89 16 3 89 35 1577 33 1272 14 3 31660 6 336 5
17 200228 960 153 1649 5018 7 1506 8557 340 34 27 9 530 8960 148 3 928 8 2279 16200 7 32 31660 5
79 84 5907 16 2870 74 4 153 3 1506 16 3559 4 95 8557 89 9286 7 189 2279 89 8 928 89 21 12859 10 98586 700 5
29756 89 35 2279 89 8 928 89 33 14 200228 960 153 1649 98586 700 5
29756 89 35 2279 89 8 928 89 33 14 200228 960 153 1649 5
15060 470 35 18163 465 33 18163 465 36 220 21 32 8557 1415 7 3 27964 220 14 628 4242 5
3265 13336 7 39479 4071 14 249 1390 16108 57 26968 1390 5
9955 6321 416 133 21 47 3383 938 1058 7 628 886 40 834 543 15 39479 465 14 2900 9573 35 12283 32330 4 590 33 5
45899 38 81 46 5867 4 80 1101 15 2279 3 1175 7 5954 4242 6 8744 6 2571 912 7 326 1443 5
79 2953 2854 31660 29 6 5515 4219 50 2198 2505 6 948 4279 10 7678 3 3074 7 9 7039 284 5
145 16 9 177 533 2419 14 3 31660 10 678 6 12874 3 7039 3074 7 326 1443 5
81 46 5867 4 80 27 48653 7039 3074 24 2571 6885 1215 5
134 4209 628 19 3349 108 4141 15172 10 1678 6885 912 5
81 678 6 24457 4102 15171 10 3 284 4 3188 4465 35 3280 33 8 193563 4465 35 4625 33 31 1406 22 1685 20587 5
1796 4141 15172 31 2042 22 1685 12634 5
17 20260 16 336 14 52 3356 549 19 628 5036 4209 5
17 88637 7 19393 1595 10 20498 249 31 4393 10 9 1843 5
766 88637 4 10291 4 489 7 337 7 10291 8 10620 1884 148 4141 79 109746 7 189 14 9 402831 31 4393 21 1595 10 20498 459 5
3194 7 3 10255 16 25407 10921 6 26 1966 49 4942 5
79 84 4848 1013 1427 16 304 54 10167 19372 7 290 1843 5
20498 459 5
4220 7 5036 21 928 628 5
2897 110718 110718 17 628 5954 4242 6684 26516 7179 12811 35 205532 33 35 323 46580 4 280 33 16 25810 14 4149 8365 962 322 5
65179 13963 35 19 202103 120540 303777 21 14613 34141 33 8 14510 33855 3472 35 19 70256 152482 33 31 220 6 5441 3 1175 7 33855 3472 6 8744 6 2571 1566 5
98586 704 14103 3 773 7 189 2855 35 33855 8 14510 33855 33 15 3 216 197 7 628 543 15 287724 4015 5
17 287724 4015 7 33855 3472 16 15 1723 4695 21 3 1506 10989 48 628 141 377 3 6885 912 31 5515 2571 5
145 6154 13 3 3472 16 2854 3 1506 24 19708 6 84 912 4 47 16 34 537 19 1510 11775 5447 27964 5
949 3 5954 4242 31660 276 3 1175 6 8744 732 31942 10 48975 3 993 5
145 17208 2854 955 7 5954 4242 31660 754 23 177 12818 10 2673 7 326 284 4 114 1219 912 893 177 477 5
48208 4015 3331 98586 704 5
48208 4015 3331 5
98586 782 842 9 4631 10 970 7 39479 465 7 33855 8 14510 33855 3472 31660 5
98586 183 842 8557 89 35 10 1577 33 7 189 27964 5
51925 33855 27964 535 22308 33855 31660 10 970 7 66413 89 8 2900 5702 5
145 5867 842 13 33855 3472 3439 333 8958 22 3329 7 150945 8 2900 5
134 27 220 3 200228 960 153 1649 1217 14 1506 8557 4 95 150945 9286 7 189 928 8 2279 4 47 754 2279 89 287 58 96 18 217 10 192 8365 5
15060 470 10 18163 465 98586 782 5
15060 470 10 18163 465 5
29756 89 10 50773 1577 98586 183 5
29756 89 10 50773 1577 5
45899 2453 81 46 5867 4 1239 18996 6390 6 12555 35 140079 33 15172 31 2042 22 1685 20587 5
10918 79 6 12555 4 10918 2636 6 12555 8 10918 3298 6 12555 15172 290 19 577 4942 173186 31 2042 5
766 83 2193 133 21 6885 35 3280 33 8 35 4625 33 1413 4599 1411 3 5867 5
17 20260 16 336 14 52 32 1390 6 3855 628 5036 5
17 928 628 16 4209 538 825 1170 21 10 45899 38 5
766 5066 7 140079 15172 31 40345 21 837 1427 226 146099 14 46302 19372 5
81 46 5867 4 16344 1215 840 4599 1411 3 5867 5
238 19 45899 38 4 80 2870 522 7 189 33855 8 14510 33855 3472 5
79 287724 4015 3331 14 46 5867 16 12859 10 98586 407 4 114 8958 653 16 4185 4599 10 12122 10934 14 33855 31660 5
238 3 5954 16 34 12713 10 46 5867 4 14510 33855 3472 2828 4185 166 677 6 12713 628 5954 10 45899 11488 48208 4015 3331 7 33855 8 14510 33855 2855 98586 407 5
48208 4015 3331 7 33855 8 14510 33855 2855 5
1113 6885 912 10 46 5867 31 1206 4599 4 108 523 3351 7 15172 35 277616 4 8862 19440 8 8258 19440 33 31 40345 10 9 837 1427 5
4749 11775 5447 27964 4 9 628 5954 4242 31660 340 34 27 909 6 928 628 22 480 4 95 3 33855 31660 866 6 26 19708 166 6 523 3351 7 15172 2209 6 23 21 9 837 1427 10 9 5954 5
17 14510 33855 31660 59 866 6 26 4149 333 58 13 10 45899 38 106 13422 10 628 3201 16 34 21 3718 21 13 10 45899 38 4 114 6885 912 31 2571 5
1949 4 3 773 7 3 14510 33855 31660 16 34 21 206 21 10 45899 38 106 523 4942 3351 31 2209 10 9 5954 1016 7 10 9 11775 4 95 3 31660 86 34 8744 166 6 2705 3 523 5066 7 15172 40345 21 9 837 1427 5
11649 6 45899 38 4 3 33855 31660 16 48 5050 58 3 14510 33855 31660 22 3 3329 7 150945 8 2900 3212 21 1595 10 194896 5
403 8 698 5
15060 470 10 18163 465 98586 403 5
15060 470 10 18163 465 5
29756 89 10 1577 98586 698 5
29756 89 10 1577 5
45899 6054 81 46 5867 4 80 3601 3 1646 7 3472 35 10 65430 33 6 196 50 1102 15 3 8958 7 19372 5
273 3 3644 7 19798 4 80 3476 14510 33855 3472 14 46 5867 5
134 4400 179 745 7 9990 2900 6 100484 2900 35 2900 7 1491 1416 33 4 605 9273 65430 4 575 9273 65430 8 2628 9273 65430 5
17 773 10809 7 3 31660 14 290 2900 16018 31 1954 3 216 4 125 3 100484 2900 773 16 333 54 6327 9273 5036 21 1595 10 98586 685 5
48208 4015 3331 14 31660 19 3601 2900 98586 685 5
48208 4015 3331 14 31660 19 3601 2900 5
17 773 11393 14 605 4 575 4 8 2628 9273 65 3 1646 7 3472 1852 40 3235 9806 2900 21 1595 10 98586 409 11292 7 9584 10961 98586 409 5
11292 7 9584 6288 3472 1646 6288 287724 4015 14 3472 1646 7 575 11856 65430 65 3 14510 33855 3472 31660 18 2870 14 45899 6054 5
145 5867 2247 129 2685 13 628 5954 4242 27964 71 8744 6 798 2900 16275 276 1373 146 8958 5
473 3 221 7 628 5036 14 9 3848 326 284 7318 48 58 341 99 496 889 18398 566 4 3 27964 13 650 628 27 6 26 488 6 650 3 628 10 1574 2900 276 146 25000 3 31392 8958 5
17 1175 7 32 31660 6 2123 2900 231 59 2939 10 443 3 59557 5702 7 521 89 2333 5
81 46 5867 4 80 27 220 9 396 628 197 6 2148 13 3 5954 4242 31660 71 25450 3 72076 148 2900 5702 8 8958 5
17 969 7 46 955 7 5954 4242 31660 36 26 8745 65 3 221 7 628 5036 16 10 3 678 7 1267 7 5036 35 323 46580 4 280 33 5
45899 11986 81 46 5867 4 80 677 3 773 7 14510 33855 3472 19 1510 421 3472 27964 133 21 8 558 10 35 1999 12283 32330 4 280 33 5
134 3476 14510 33855 3472 35 100484 2900 33 106 25 61648 38 8 2453 80 259 13 33855 27964 31 287 4213 10 970 7 2900 8 150945 4 95 80 155 34 256 6 255 3472 22 9 13925 14 19708 6 893 13 1510 628 4242 31 34 3682 7 5
98586 697 14103 773 4631 543 15 150945 4 1646 7 3472 8 8958 5
17 3472 31660 2537 22308 461 141 65 3 150945 7 3472 4286 189 2279 4141 8 928 4141 125 336 89 7 8 27964 16 3 89 1272 6 100 1088 3 1506 5
13385 4631 7 108 27964 543 15 150945 4 8958 8 98586 697 5
13385 4631 7 108 27964 543 15 150945 4 8958 8 2900 3212 5
3472 31660 16 59 170 333 10 970 7 3961 10 2900 21 1595 10 98586 697 5
134 220 13963 1646 21 9 1415 7 2900 6570 220 24 3 31660 106 23 16 3 97 96734 558 14 70 27964 163 542 5
17 8958 1415 7 3472 16 170 6 26 1927 798 58 13 7 8 5
66 142 26 106 7 3 644 13 3472 16 32 72 56619 1185 7 3 3472 35 124162 323 277453 4 1515 33 5
208 3 221 7 5036 16 853 153 3472 142 141 2710 55 19 3 8958 7 3 83 421 3472 27964 35 124162 323 277453 4 1515 33 5
7448 3 773 7 3472 16 170 6 270 129 1273 5018 7 7062 938 1058 7 628 496 1574 2900 6570 8 59557 1272 24 43132 4590 2333 5
17 230308 7 532 3710 31 277 28490 19 317 14 4262 6 650 5
373378 317 16 3 629 6 26 1408 10 589 9 485 421 270 284 5
17 3394 7 317 6 26 2209 10 3 532 787 16 351 19 19145 28618 8 361 5
17 161 4141 7 601 15 352 36 26 1967 15 2333 114 317 16 16277 25 628 3883 4 95 13 36472 8 53163 317 86 26 2209 6 185 4262 132 3 243 421 22 3 243 89 5
473 272 10291 628 11039 663 25 70 72 3 284 4 25418 7034 317 10 1574 89 16 9 334 1236 10 589 3 43132 4590 2673 5
527 4 463 6 50 11065 8 7039 2020 650 4 171548 628 36 34 26 4116 92 23 16 14549 76 9 21431 3201 24 2029 4309 4723 10 89 507 2376 21 23 51 93 902 3250 3 5551 1799 7 3 326 1443 10 521 89 5
214 16 523 25 83 11245 23033 13 293 19 1574 5036 7 326 1443 7545 628 5
81 46 1381 4 80 2209 9 3093 5018 7 25418 317 25 3 11065 11039 7 171548 628 19 4203 8958 8 3752 496 46333 8026 7 2900 8 5447 89 5
29261 7132 8501 307 2235 6 1510 628 4242 27964 4 87 6848 9 528 221 7 16691 7 29132 19393 47 754 3 928 7 9 12391 31660 9 177 841 2485 5
17 2571 164 7 7132 754 512 141 1734 5
1471 334 1236 6 9 1773 2430 6192 7 3 1510 2953 2854 27964 16 13 23 16 177 572 6 2565 3 27964 421 363 650 5
527 4 3 27964 2209 10 46 1381 19491 17208 2854 4309 4 47 8744 6 2571 1215 10 9796 19393 4 363 23 12818 10 7039 1443 105 5842 30988 5
81 1243 4 43 8245 421 2855 446 421 650 71 26 2921 10 9 2215 5662 5
145 51 185 6 1088 1493 10 3 27964 421 72 89 8 2729 9 3528 6192 7 2953 2854 27964 5
81 46 1381 4 80 1967 15 3 14555 543 421 363 650 19 93 1506 317 5
145 250 2123 3 2673 7 46 31660 10 50 498 6170 5
273 946 4 46 31660 16 1574 6 4112 346 2720 1583 49 265 1568 266 7 7132 5
208 3 1506 317 16 558 4 3 1046 904 7 3 31660 71 26 2537 1842 3847 9285 55 3 31660 5
17 426 601 144 1101 15 1225 6 807 1506 317 4 95 13 3 31660 71 26 12010 14 9 3528 231 8 3254 1866 5
81 1243 4 46 1381 5473 15 4787 10 3 628 5954 4242 27964 6227 10 70 7 3 179 8365 5
527 4 680 13 46 4787 2609 1359 5226 7 3 3201 7470 3 2770 4 23 97 6409 3 4787 148 3 67 191244 4859 2770 22 9 14613 5
527 4 23 340 34 3250 3 1308 8958 7 3 689 3472 5
17 8958 36 595 6 39092 92 883 4102 15171 49 13703 628 20293 5
12502 4 83 6804 6680 35 16275 4 637 7410 4 4703 33 71 26 6227 10 426 2062 6 1760 148 3 3472 1646 8 3 1308 8958 7 3 628 5954 4242 31660 163 4102 15171 27152 628 5036 5
1192 15 5146 5954 5447 71 26 9 785 4159 7 3 5018 2209 10 46 1381 5
145 71 26 9 1509 2673 7 528 2430 1443 105 5842 30988 538 24903 5954 5447 48737 105 181062 22336 5
1471 177 5238 8 4116 4159 86 26 4907 90 1225 6 421686 49 28764 788 628 35 628 19 1268 628 3547 4 3629 3547 4 49 11177 3547 33 10 171548 5954 5
9251 628 16 5438 8 120 31660 144 26 5394 6 3383 46 628 14 120 5238 231 10 521 131 2333 5
5583 4 46 542 5169 19 10534 3726 7 3 7132 538 5
527 4 46 542 11296 3 4440 3881 103 3 628 16 5910 25 3 76 3 5954 4242 31660 5
12502 4 184 537 426 162 16 6 960 3 1273 5954 4242 27964 10 3 1892 7 3063 3881 5
249 33630 1213 53 411159 19526 4 67909 37548 31179 4 18789 4 47525 4 3021 5