81 46 1381 4 80 2780 49474 133951 3673 35 49894 33 3559 19 77250 147461 77918 35 124913 33 14 3 565 7 3822 164835 5
24892 2333 7 124913 6 49474 133951 9861 35 49894 33 928 27 97 45 220 6 384 19547 17509 7 3 992 5
143643 10 46 1381 16 13 23 59 1141 361 7 3206 992 151438 8 2589 7410 7 3 61279 5
17 124913 31660 76451 70 3 23394 4 8 12146 992 17509 8 992 19393 5
16816 4 46 1381 754 231 7 124913 6 25450 3 221 7 10746 4 9796 8 4438 23791 4 3 2125 7 2589 7410 4703 5
145 1381 7301 15 48480 3 17509 4 2589 4859 4 8 151438 7 32 49894 9168 14 3822 164835 5
52141 29182 2209 10 46 1381 842 13 4 21 677 6 83 49894 543 263556 21 166 21 186564 22190 263556 4 3 1273 31465 12134 333 10 70 5266 912 5
65179 3822 263556 345 32 533 604 10 4966 2088 317 25 2088 4440 4875 5
81 8 199132 35 911 33 4 3 4888 27 1273 19547 445498 5310 14 2170 7148 7 46302 5300 25 9 4440 4875 5
12283 3462 5
27 1589 35 4 4 323 199132 4 502 33 112968 1207 267 5483 162 14 2170 7148 7 33770 628 7084 137 9 4440 3822 5
7597 33855 263556 27 45 1282 538 4011 8116 3648 133 21 49894 4 8 3 10 411 1818 139815 66 29 45 217 13 192 4309 31 282 9760 14 108140 8 1812 4875 5
49474 133951 3673 29 59 45 1273 14 108140 3822 164835 35 236610 4 232169 4 453396 4 323 30907 4 744 33 5
17 30046 7 192 4309 16 13 3 1221 17509 142 338 705 6 325 244038 154 928 5
1730 5447 33855 108140 31465 543 15 9 30037 32542 992 35 33 538 9 5607 10534 30037 2854 35 33 31660 16 1273 10 19959 12283 3462 5
35 33 5
65179 421 9464 31465 35 446663 33 19 3 3109 7 31276 18722 1070 35 195464 33 13720 8 12329 2662 32542 992 35 33 16 2042 10 19959 12283 3462 5
35 33 5
81 189 7 192 3174 23 16 1595 13 3070 10 773 16 10 3329 7 853 10119 5
659 4417 46 10119 4 19959 12283 3462 5
35 33 4 19959 8 10141 35 280 33 4 19959 4 38851 4 78 4 22926 8 6793 35 2560 33 4 19959 4 38851 8 10141 35 33 4 19959 4 38851 4 10141 8 6793 35 33 1273 90 7 3848 3497 7 49894 543 263556 5
1504 7 10119 544 4 49894 840 21 57 7 282 3648 14 3 565 7 164835 35 535022 4 4 223289 4 323 4 2076 109 537216 4 334523 4 323 4 109 19959 323 10141 4 280 109 19959 12283 32330 4 109 19959 12283 32330 4 109 19959 12283 32330 4 2560 109 19959 12283 32330 4 4 4 33 5
527 4 106 1510 928 27964 3303 10 117 745 4 87 16 9 308 2826 6 1649 49894 19 461011 27708 27964 14 523 2333 35 79701 4 502 109 40990 4 323 4 590 33 5
124913 29 45 32 1576 3677 10 3 352 7 46333 1442 5
1949 4 23 20783 1010 21 110 10436 6 9 2726 7 27708 544 5
54480 27964 31 59 1408 10 3 928 7 49474 133951 9861 35 49894 33 40990 12283 3462 5
35 590 33 4 1604 8 1604 35 2560 33 4 14879 8 7914 35 280 33 4 14879 8 7744 35 2076 33 4 2397 35 274 33 4 6705 4 4 8 35 590 33 5
22212 4 2333 7 124913 6 49894 928 10 192 1131 27 97 45 220 6 384 19547 17509 7 9 392 992 5
75 4 87 16 59 9 236 14 3 3206 151438 8 2589 7410 7 3 61279 5
17 124913 31660 76451 70 3 23394 4 8 12146 3682 7 48480 992 17509 8 992 19393 35 142 26 23394 33 5
238 9 665 4 80 71 132 231 7 124913 6 25450 70 19393 7 9 992 4 79022 5
3 221 7 10746 4 9796 8 4438 23791 4 3 2125 7 2589 7410 4703 5
16816 4 46 1381 7301 15 48480 3 17509 4 2589 4859 4 8 151438 7 32 49894 9168 14 3822 164835 5
198361 133951 9861 35 33 220 10 6705 12283 3462 5
35 590 33 14 3822 10900 538 5373 8 23299 7 124913 2527 97 14 2059 27708 5
7219 4 322 10119 2742 177 272 106 7 231 7 95 117 27708 27964 8 2742 896 2063 106 7 231 7 176633 20257 35 19895 33 5
527 4 3 19260 115 10 46 1381 72 1806 162 71 26 381 21 48480 3 17509 4 2589 4859 4 8 151438 7 32 49894 543 3822 31465 5
2680 58869 23763 27708 35 1376 115423 39173 4 106380 4 323 36763 4 2560 33 71 26 220 6 4498 9 32542 992 151438 4 151438 7 49894 1506 220 10 46 1381 16 961 538 928 31660 2994 10 268 7268 10 46 1381 5
17 521 10752 7 3 1273 31465 16 50 773 13 93475 4892 49894 35 19959 12283 32330 4 4 4 33 543 8 186564 22190 35 535022 12283 32330 4 2076 109 537216 12283 32330 4 33 263556 558 10 3 6854 5
17 1698 7 3 1381 16 21 3177 53 8941 341 15682 3 565 404 979 24 3 1273 284 1506 10 8941 459 5
273 773 8557 4 3 20260 542 16 1303 61 47 16 5169 10 8941 503 5
5583 4774 7 3 1381 16 6755 10 8941 500 5
79 1506 7 2088 7084 284 16 13075 10 98586 249 5
15060 7 2088 7084 284 98586 249 5
15060 7 2088 7084 284 5
69164 1070 7 3822 323 25310 3822 71 26 3380 21 35 537216 4 334523 4 323 4 33 35 249 33 2569 64943 8 161185 4 72539 31 4385 8 6336 17509 7 211736 3822 18722 1070 5
134 4753 9 46302 4440 284 4 47 51 132 3 2376 1906 4 377 23 71 26 2262 6 120 4440 284 10 614 5
17 11584 12171 94604 35 9424 33 4 14 3822 8 25310 3822 31 2682 25 9 197 7 1216 4 74926 5146 35 33 100402 16007 7 58508 56012 8 192 31 19361 1216 5
145 44931 3 1215 35 341 33 35 459 33 114 5132 1356 454403 1362 2464 3 8265 3802 8 35 503 33 17 3822 3354 71 26 3380 21 35 500 33 2569 5547 35 9424 33 13228 597 3905 35 9424 33 16 15998 3905 8 35 9424 33 16 5266 6825 5892 6 26 201026 19 48517 8 126851 19 628 5
17 13228 8 15998 3905 71 26 3380 21 35 708 33 35 700 33 17 2485 7 3 31465 16 6 2882 3 11584 9149 35 9424 115998 11856 33 543 15 3822 9892 60401 4 11348 35 9424 33 3082 1356 11348 35 9424 33 4 11348 35 9424 115998 249 33 4 242 4 11348 35 9424 115998 15441 1635 249 33 1362 3116 4 114 15441 16 678 7 31465 8 11856 16 421 2800 5
17 3768 16054 35 9424 33 71 26 1867 21 53 35 704 33 1249 201027 35 9424 33 16 535 1432 8 2464 3 44676 326 7 3 1884 3905 4 3112 21 470 4859 1016 7 16054 35 9424 33 5
17 6905 7 32 33855 31660 16 6 337 3 31465 17509 95 13 201027 35 9424 33 16 42726 8 6229 1842 6 4568 5
5898 1506 14 3 1273 31465 10 46 1381 16 9 41748 9419 49894 4 114 3 992 16 3559 14 30512 871 19 231 7 124913 5
5898 1506 14 3 1273 31465 9286 7 32 49894 114 70 50 23791 3559 19 124913 5
16528 9063 7 3 1381 31 22319 25 50 16580 8 773 522 5
124913 29 45 32 1576 3677 10 3 352 7 46333 1442 5
1949 4 23 20783 1010 21 110 10436 6 9 2726 7 27708 544 5
124913 16 59 1408 10 3 928 7 49474 133951 9861 35 49894 33 5
145 2124 74 1708 9 2941 867 15 124913 8 49894 14 3 3279 7 3 7067 10 508 67 199158 5
1301 4 3 124913 1506 7 32309 8 35 911 33 21 1273 14 3822 164835 2994 10 161 100561 5
49474 133951 9861 49474 133951 9861 35 49894 33 4 31 7732 2520 7 3 746 2032 5
2843 2032 16 3682 7 19708 6 2571 5771 8 19601 1003 10 3 4007 5114 5
49894 1131 15 20260 7 3 746 2032 5
332 40 2370 653 49894 17244 7 32 28508 992 7 23791 8 64156 5
244271 31 3 4867 5606 7 32 49894 5
244271 11566 29132 25 83 23791 8 1657 32 3354 24 4471 40 123016 5
244271 3030 9 16036 5806 15 70 7 40 29132 8 153 3 665 1287 137 9 2589 4859 6 1657 32 3354 5
439493 31 4393 76 10746 5
187 16 32 9796 9419 4 32 3354 9419 8 1484 57 49 48 4438 10746 5
17 4438 10746 31 3 6808 7 3 49894 13 12134 3 2755 110278 7 3 992 5
79 992 16 624 76 674 65 23 16 392 19 9 197 7 29132 8 3 3354 9419 5708 3 13228 665 5
107327 7 23791 142 26 523 5
10052 4 2589 4859 7 523 23791 142 26 523 35 1618 43 31 3 216 33 5
12266 7 49894 16 1272 6 10792 3 3656 6214 7 9 992 5
12266 32542 2642 6165 7 307 4309 7 928 3 49894 4 119 71966 16 3 104 1029 57 5
622 49894 16 3559 24 9 197 7 628 13 9286 7 29132 8 9 13228 3354 5
17 928 1959 31 53 249 5
8839 10 3 29132 8 230 55906 341 5
168704 3 665 24 16036 5806 7 29132 8 2674 137 3 2589 7410 459 5
29451 3 665 19 13228 665 503 5
168704 8 4219 5188 871 543 15 4631 5
41701 1959 341 8 459 285 70 928 266 31 1318 708 5
100641 17509 10 3 3206 2586 6 25450 5188 5
41701 285 5944 5188 871 16 170 17 119 71966 5018 4 4 323 5860 4 5981 16 9 66590 2125 11141 14 2059 13652 8 142 159 32 2422 241 89 6 1649 9 992 5
81 46 1381 4 80 1919 3 231 7 124913 21 9 928 31660 5
19437 7410 3194 7 3 23791 2442 19 9 2589 4859 13 4278 15 3 9796 5
17 9796 7 9 61279 16 3 16036 5806 7 50 29132 5
79 206 2589 4859 16 3 4859 5
17 4859 35 782 33 9013 3 9796 6 3 1079 1356 6494 4 249 1362 4 8 392 21 53 35 782 33 9073 5
77250 147461 77918 124913 1824 323 146080 4 3401 4 8310 33953 4 4 4 9884 4 323 22246 4 274 16 9 1193 543 1046 31660 8 16 3581 24 1375 6662 7 5086 25999 8 2577 18510 5
81 46 1381 4 124913 16 220 6 1649 49894 6 26 220 21 9 3822 31465 5
124913 17220 3 3672 6681 8 8323 23 6 3685 27708 544 5
17 10498 1122 1667 9 125444 197 7 954 5
124913 110458 3 10498 543 15 9 5188 4859 8 3831 9 18982 19 9 206 2104 5
17 18982 19 3 282 5188 16 3112 21 2510 5
766 83 10498 153 1849 25 46 282 18982 5
720 67 10498 31 216 8 149 290 19601 3 13987 7 83 13 36 185 6 1297 40 5188 5
124913 1506 79 77250 147461 16 9 1193 7 2113 4 114 4 290 57 12467 3 4338 4 27 4413 10 90 2000 14 3 565 5
3701 837 18982 71 26 9 537 2104 4 4939 24 50 827 4 7 3 565 5
142410 398 377 3 565 904 8 8743 40 2785 543 15 12467 25 83 10498 5
3194 18982 16 14027 6 9 1087 827 10 3 565 904 5
17 221 7 17020 10 3 565 904 16 3628 6 3 221 7 5937 87 31 6 25450 5
208 4 8 3001 827 8 28321 60401 4 9 18982 7212 50 827 232 6 3 113695 6582 14392 14 2215 1627 392 21 53 35 183 33 65221 7 3 18982 16 43420 25 50 498 28321 35 14027 33 8 3 28321 7 3 282 18982 10 50 2621 4 150 67 160269 23394 5
364 7 3 67 160269 23394 1141 361 7 3 4410 7 3 28321 60401 12510 6 23 2106 767 28321 4 125 3 83 57 1141 361 7 3 4410 12510 6 3 28321 7 3 282 18982 5
17 37839 4 2239 4 16 9 4599 1824 323 146080 4 3401 5
1396 7 3 28321 60401 16 53 35 407 33 2569 4 8 31 67 6951 91755 12510 6 855 8 11797 3074 7 18982 5
273 3 565 392 4 9 1193 7 10498 35 180 33 31 14027 5
1301 43 805 1324 10 3 565 904 10 1046 7 32 19547 49 401 19547 2104 5
17 10498 595 6 398 10721 43 1018 3 13228 827 4 11771 4 391 282 2104 5
124913 866 6 26 9 333 5018 7 928 49894 21 677 6 3 1510 4309 5
124913 340 34 100 1649 57 992 4 623 4 4160 9 992 7 2642 5
124913 3497 9 221 7 49894 8 70 17509 6 16084 6951 2770 8 4160 290 57 5
124913 9670 5188 290 992 2106 5
17 992 19 3 282 5188 16 3112 6 26 3 2510 992 35 3 391 282 33 5
145 992 4160 3 461 6 4219 792 21152 40 897 3768 49 5188 5
3194 61279 4286 9 827 8 28321 5
17 827 42540 6 3 2059 7 9 61279 5
17 28321 16 220 6 4219 8 532 3 827 35 2059 33 5
208 9 1654 61279 16 300 305 25 3 391 282 827 4 153 23 36 1849 11141 7 50 2059 25 9 61279 47 16 2211 6 3 391 282 5
2569 4 3 10498 31 3 1570 2642 34 3 23791 5
17 221 7 23791 10 3 992 15103 3 15209 7 3 234682 5
16816 4 2737 7 3 992 10 3 565 234682 16 2875 4939 24 3 2371 7 290 61279 10 9 992 5
187 142 26 9 221 7 204858 8 244038 10 3 565 234682 5
142410 23763 180 10 3 234682 4 18298 40 827 21 381 25 282 827 170 24 40 5737 10498 5
5583 4 9 18982 36 1018 3 19547 827 5
355 43 1018 13 397 4 23 36 595 6 398 1537 3 391 5
1516 10498 36 1003 1849 46 8 8743 40 2371 14031 1537 46 5
145 14264 13 9 205 7 10498 2278 3 352 5
12266 7 3 992 5211 4 92 46 30392 5188 16 5944 4 34169 6 1018 3 391 19547 2371 4 3 827 7 3 23791 31 480 369 24218 8 3 23763 65810 5
187 31 221 7 2506 14 9 521 221 49894 5
81 124913 4 23 16 5799 13 3 992 36 299 26518 6 2915 204858 5
273 2104 5569 4 124913 1141 15 67 346 4309 4 13563 4 5633 8 12732 5
19727 16 3 48015 1046 14 204858 8 244038 5
145 8887 19 9 1978 1193 1324 72 3 1519 565 904 5
42898 16 3 23462 15 9 1654 204858 49 244038 5
1301 4 5633 2179 6 5518 23 14 9 169 89 5
19346 154 12732 16 19 8692 1952 58 10 5633 5
145 16 617 24 9 1731 1092 1646 8 59 351 361 13 87 227 9575 26 94329 6 9 537 5
145 176 16 32 1243 6 1494 124913 8 8179 24 32 255197 2916 5
238 220 10 46 1381 4 46 255197 2916 2179 19 249 8 17094 125 1324 1537 19547 827 4 79022 5
427 1731 1959 5
148528 9 992 23763 145 601 7301 180 928 49894 19 124913 5
659 112 46 4 9 1193 7 2642 383 26 9168 5
2569 4 290 49894 4 21 147 3 17509 7 3 992 6435 4 16 1804 21 9 18982 10 565 904 5
14689 4 9 302 2642 1193 1131 166 5
124913 5552 16 3192 24 46 1193 8 5
145 1444 16 226 3 151438 7 3 23763 284 5
12266 3 23763 7 32542 2642 17 928 650 16 21 3177 53 2778 76033 72 3 928 628 8 410 3 5806 7 3 992 5464 4 14 290 992 5
2778 659 128 3 282 992 10 3 565 904 4 6786 70 7 3 5464 5
2778 208 120 992 29 1049 3 3033 3768 13228 4 410 50 17509 8 4083 3 447 5
2778 58080 4 336 124913 6 4219 827 8 28321 83735 7 290 992 5
2778 41701 25 1092 249 5
208 3 1272 5188 3439 24 9 18982 4 7237 13 9 2104 29 3455 4 153 46 18982 893 25 110 9 1323 4231 2104 6 9 2510 10 797 7 49894 5
3253 86787 16 9 1812 565 19 9 528 221 7 532 23394 5
49894 29 4861 6 26 3419 3648 14 3 565 5
17 1273 2104 16 6 13014 8 1649 49894 6 4764 3 3822 164 5
17 928 628 15995 7 1356 1362 5
79 992 18 9168 47 220 192 2770 21 29132 6 3 992 5
3673 5188 4 392 10 35 403 33 18 2118 6 26 3 1153 2842 7 5464 14 3 1519 928 197 4 114 3768 16 4939 6 26 3 2236 5167 7191 3 992 2655 5167 5
35 403 33 79 992 16 16 5100 28796 480 23 29 943 90 8355 3212 14 773 5
17 5702 220 18 3 11245 13571 424 21 3 2489 17521 225419 8 16 392 21 53 35 698 33 145 14555 129895 4 25 5580 4 3 992 5188 3868 24 3 2842 7 3 1153 62379 24 290 3354 5
238 3 992 2742 48 5050 4 3 3979 871 6599 57 5
238 3915 415 4 9 41748 9419 49894 16 220 14 3822 31465 5
124913 16 220 6 1649 3 19393 7 3 992 5
3194 7 3 19393 4 11771 4 2059 4 151438 4 2589 4859 4703 5
42 3559 19 124913 21 3915 415 13 124913 4160 3 992 21 9 1081 5
631 201 14 9 71488 3323 4 23 16 5892 13 49894 74 3395 21 32 7751 6 581 1714 35 11771 4 47 96734 16 6 26 30512 33 6 124913 47 3395 21 9 2510 14 1323 49894 2854 3 164835 565 5
71488 3323 14 3 565 16 1252 10 98586 341 5
81 3 71488 3323 4 6517 8 2990 3001 221 7 10498 8 221 7 4438 30864 3995 5
187 16 9 5514 7 21846 6 1026 992 300477 5
71488 3323 14 1273 31465 98586 341 5
71488 3323 14 1273 31465 5
273 3 29182 4 871 7 6517 16 197 22 605 8 871 7 2990 19 500 5
17 28321 2193 31 9193 14 3 96746 4599 4 341 14 3 11797 4599 4 8 341 14 3 855 4599 5
11292 7 61652 8 35512 3768 31 197 22 11226 8 4 3995 5
273 29756 7 3 773 7 3 1273 31465 4 20260 6200 31 2209 10 46 2124 5
901 523 10602 31 220 10 192 6200 5
17 1940 220 3822 28410 323 64130 4 911 16 220 14 29182 5
17 284 2589 4859 7 46 9817 678 3822 1506 16 53 35 685 33 145 3822 27 284 43807 22 7853 8 27529 196049 5
659 14076 3 1102 7 15 3 31465 773 4 108140 3822 2520 19 3 508 31 2042 5
35 409 33 81 3 6200 4 3 3822 9796 5300 31 3467 21 5
19348 441 4568 1153 5
17 40380 3822 5266 16 18213 21 1812 924 201026 6589 19 4568 1153 8 1216 6 3 3822 9796 5
66 16 1744 13 3 5167 3768 489 35 49 4 42322 96368 19465 35 324303 33 33 16 3 380 960 14 4440 773 8557 4 8 13 3 31465 3354 5266 48517 16 1752 1547 6 3 5167 3768 489 2151 3 20036 3768 4859 35 17 5266 16 5892 6 27 9 201026 13300 15183 4859 5 33 5
980 4108 4 3 13300 7 324303 16 1547 6 228001 22 3 31465 3354 5
75250 19 83 32542 992 543 263556 273 10602 19 83 32542 992 543 263556 558 10 3 6854 4 263556 1273 10 19959 12283 3462 5
35 4 4 33 4 11771 4 19959 12283 3462 5
35 33 4 19959 12283 3462 5
35 33 8 19959 12283 3462 5
35 33 42 17229 486 19 1273 31465 6 8612 324303 163 825 912 2994 996 8 3979 3331 16 1595 10 98586 459 5
73239 1002 55 6 3 397 65 80 1271 577 5167 5464 22 3 3354 7 3 31465 5
17 324303 29 45 12354 21 577 3868 24 676 12171 691 154 3 20260 5
63040 10777 7 49894 543 263556 31 1595 10 98586 88566 189197 35 324303 33 10961 98586 75850 189197 35 324303 33 6288 228001 35 10 97692 33 773 14 49894 543 263556 5
155737 10961 98586 503 5
155737 6288 61652 53 23462 773 14 49894 543 263556 5
66 16 381 25 98586 459 13 3 1273 31465 93475 263556 1273 10 6854 4 4 8 22 70 5266 912 5
1655 98586 503 4 23 16 454 1091 13 3 1273 31465 137325 333 13 83 49894 543 263556 5
75250 19 186564 22190 263556 273 10602 19 186564 22190 263556 558 10 3 6854 4 97970 21 2994 10 535022 12283 3462 5
35 2076 33 8 186564 22190 31465 3559 19 37566 7 537216 12283 3462 5
35 33 17229 486 19 1273 31465 6 8612 324303 163 825 912 2994 996 8 3979 3331 16 1595 10 98586 500 5
73239 1002 55 6 3 397 65 80 1271 577 5167 5464 22 3 3354 7 3 31465 5
17 324303 29 45 12354 577 3868 24 676 12171 691 154 3 20260 5
63040 10777 7 49894 543 263556 31 1595 10 98586 61418 189197 35 324303 33 10961 98586 99264 189197 35 324303 33 6288 228001 35 10 97692 33 773 14 523 263556 5
155737 10961 98586 708 5
155737 6288 61652 53 23462 773 14 523 263556 5
66 16 381 25 98586 500 13 3 1273 31465 93475 189 97970 8 37566 3559 22 70 5266 912 5
1655 98586 708 4 23 16 454 1091 13 3 1273 31465 137325 333 13 83 186564 22190 263556 5
145 1381 1273 32 49894 543 31465 3559 19 124913 5
238 677 6 83 49894 543 263556 21 166 21 186564 22190 263556 3 1273 31465 12134 333 10 70 5266 912 5
52832 7 3 1381 71 26 6755 21 53 2778 2971 7 9 2854 5018 14 27708 7 992 151438 7 49894 2778 10555 7 124913 3559 49894 10 3822 164835 2778 145 1181 35994 9 152 14 426 1131 22565 83 2129 3581 27964 14 928 7 49894 543 279746 5
2778 145 1181 35994 9 152 14 426 1131 22565 58869 16206 4 13 59 71 26 220 53347 27708 7 49894 151438 4 14 928 7 49894 543 279746 5
2778 145 1181 59 35994 9 152 14 426 1131 22565 124913 8 83 2129 3581 27964 14 928 7 49894 14 83 5238 2333 138 71 26 27394 883 21 32 27708 49 21 9 19372 565 5