65517 27708 4538 3520 25 2063 23462 10 1812 2104 904 5
187739 543 23763 1442 16 32 4213 2155 6 19816 27708 4538 5
81 46 1381 4 18982 23763 27708 1217 16 25810 14 333 8 4213 50502 2354 17241 5
30147 7 49985 2165 35260 10 84119 84422 2842 23725 166 7 47 16 2118 538 7628 15817 3201 4859 8 4279 28401 12251 16 351 21 3 4859 5
17 39811 4211 7353 4 23725 166 22690 8 72178 4879 7 3 23725 166 31 351 21 3 9796 23394 5
17 31660 19 108 9796 23394 16 153 25810 6 128 30512 2770 7 9796 19393 6 128 13228 46087 8 50713 11081 2770 5
1692 11081 49985 36417 727 10 84119 84422 799 61638 6294 133 21 23725 10406 29 4200 146 1164 106 7 3 2177 7 20319 7 272 1952 50502 2438 35 552480 323 269786 4 3952 33 5
81 133 6294 4 11081 7 3 49985 36417 727 16 6804 7671 24 39177 8960 7 35260 25 40 3178 7010 25222 19 3 84119 9132 5533 35 20492 4 3824 33 5
79 515 7 162 16 149 201 15 10 3 352 7 3 2831 24024 7 4790 10 293499 50502 6294 35 28528 12283 32330 4 274 33 5
29261 10777 7 3 4211 10 9 293499 31 3275 24 3 284 19393 105 72178 4879 4 23725 166 22690 4 67 61638 4211 7353 4 6404 50713 225222 857 8 3 10291 7 3677 46087 857 35 96592 323 343096 4 1515 33 5
766 192 19393 31 1547 10 133 9 1812 152 95 13 23 16 177 841 6 4764 30512 19393 14 13228 5842 10777 35 343096 4 3952 109 4583 323 16365 4 359 109 4 5810 33 5
23620 27708 4538 71 26 4723 6 384 6943 96734 16691 14 30392 2354 773 35 4 44283 4 323 4 1515 33 5
23620 3351 7 27964 31 220 6 4498 282 558 2770 7 90 6905 4859 496 9 4939 9962 35 4 4 323 44283 4 1515 33 5
54480 31660 543 4011 8116 3648 105 34989 238487 35 37566 33 4 49474 133951 3673 35 49894 33 4 203349 255197 8 77250 147461 77918 35 124913 33 31 177 4116 4538 6 4764 30512 284 96734 16691 6 128 333 21 166 21 13228 2354 10777 35 4693 11776 4 502 109 146080 323 9048 4 2804 109 323 4 911 109 96592 4 51179 4 4 4693 4 323 4 1095 109 387801 4 51710 4 323 4 744 33 5
124913 16 32 13991 46333 203173 5533 47 18 3581 24 3 855 3074 7 5086 25999 8 2577 18510 5
66 32629 9 1193 7 10498 13 2546 137 3 565 234682 19 392 107136 5
17 107136 7 3 1570 10498 31 5210 232 6 3 3851 282 827 14 3 18982 1010 8 3 2621 282 827 22 290 43241 5
1354 3 18982 282 8 3 2621 282 31 10978 232 6 9 4650 4939 5188 4859 5
17 1627 7 290 18982 6661 37169 6 32 19547 49 401 19547 2104 5
17 773 7 124913 16 34 1553 1768 24 3 1646 8 7 3 565 4 8 71 26518 6 3 19547 2104 10 117 544 114 104 19816 4309 3303 6 26518 5
66 71 4 3475 4 26 2875 3677 6 523 27708 544 5
7219 4 124913 29 90 9063 72 83 825 27708 4538 133 21 37566 4 13563 3 508 35 33953 4 4 4 9884 4 323 22246 4 274 33 5
35 249 33 124913 16 2538 6 5507 8 87 31 2121 19393 6 8743 5
35 341 33 81 124913 4 329 18982 9547 50 209 767 282 871 21 166 21 3 2621 282 109 3475 4 23 29 9 48 1783 2900 7453 58 3 322385 35 459 33 124913 16 48 4213 10 5714 3 7139 7 3 23763 35 135655 4 502 33 4 121 70 3 10498 231 3 317 1547 6 3 104 1408 18982 10 678 6 1297 792 4 8417 10 37566 4 3 1734 2506 31 14386 8 97 3 206 1603 31 3205 109 3475 4 10 37566 3 1193 37169 180 9 33498 7 3 282 2113 5
35 503 33 124913 16 18089 3254 58 90 83 27708 31660 5
1516 27708 31660 105 37566 29 3639 6227 14 96734 27708 7 23725 166 376910 35 96592 12283 32330 4 1095 33 44 3639 17241 9 124913 31660 14 825 2673 16 1144 84 5
13385 7 120 48480 31660 5473 15 4213 17241 7 3 565 5
81 46 1381 4 46087 8 50713 11081 7 49985 2165 35260 10 84119 84422 2842 23725 166 7 16 30512 19 32 4213 18982 23763 27708 5533 5
17 118559 7 3 19816 1506 7 3 5188 4859 16 2209 10 8941 341 5
81 8941 459 4 22 74 3 2370 13538 7 124913 31 2921 153 3 565 16 18213 10 133 9 152 13 3 5188 4859 16 9 4859 7 108 9796 19393 8 71 26 11828 10 3 124913 31660 5
11391 8 2898 31 2209 10 8941 503 5
5583 4 3 14615 2932 1230 10 8941 500 5
79 2842 293499 7 7 25328 6738 4801 16 1109 5
30398 28401 24 93841 785 18417 4 9097 30835 4 116955 8 3327 170225 28401 12251 31 11828 5
39168 4211 7353 8 1842 116955 170225 28401 10 3 293499 3434 9 632 11455 4 33480 9 7628 15817 3201 4859 14 3 4790 12072 24 32 36417 4879 44828 4 8 9 15817 12041 4050 342543 35 96592 4 911 109 96592 4 63429 4 323 343096 4 3401 109 96592 12283 32330 4 1095 33 5
81 3 1892 7 32 3293 857 7168 3677 8690 6 3 11924 4 3 4211 3201 4859 71 26 1867 21 4 35 249 33 114 35 5132 33 16 3 3201 4859 14 3 4790 4 16 3 15171 12041 4050 4 16 35908 2106 4599 3868 24 4 16 3 49985 3042 60401 7 3 4790 19 536 5132 4 16 3 2979 1783 2199 8 16 3 10620 148 3 3677 3293 857 8 3 67 61638 3042 60401 5
622 3293 857 7 7060 9920 8 3 38451 10291 45928 15 9 3753 50713 9124 857 16 5892 6 1333 8690 6 3 11924 5
17 1050 857 16 3847 392 24 109 35 341 33 238 3 36417 4879 8 3 15171 4050 5524 15 3 857 8 3 28401 6589 4 43 36 59 27 825 5937 19 3 30717 1603 2239 17693 10 4141 5
8616 109 35 459 33 35 503 33 114 243785 8 31 3 4024 164 1172 4 8 31 521 8 341908 8 31 19221 1172 7 44828 8 342543 3995 5
17 536 8 4050 1760 42584 43781 24 3 4211 31 109 35 500 33 8 35 708 33 114 8 2464 4 3995 4 3 596 4050 8 536 637 463 6 262229 8 16323 3 596 536 7 9 4211 19 886 141233 134 19684 35 459 33 8 35 503 33 10 35 500 33 8 35 708 33 4 4643 970 55 6 3 27728 10 30717 5937 8 26459 3 4024 1172 8 3 225419 7 15112 8 59021 15 3 67 1612 7 3 3979 42584 508 3 4644 3322 10 96592 12283 3462 5
35 3401 33 5
273 9 392 3293 857 4 80 4855 14 8 243785 5
17 50713 11081 8 46087 11081 31 153 1867 21 109 35 700 33 35 704 33 17 4141 14608 4 3 3979 30717 498 23322 468 3 3677 857 16 1867 21 35 782 33 84660 2376 7 11081 13571 16 392 10 96592 12283 3462 5
35 3401 33 8 6526 5259 14 49913 7 46 162 5
77250 23763 27708 35 124913 33 18 74 1589 24 146080 8 1824 10 3401 35 1824 323 146080 4 1278 33 5
66 16 9 23763 1442 543 31660 6 384 9 2104 6 32 27708 565 10 9 1046 904 5
124913 16 3581 24 3 3074 7 2577 789 4 5086 36171 8 17355 7 117 11903 35 93012 4 100183 4 323 149116 4 359 109 4 4 323 23674 4 1095 33 5
18087 124913 31660 17 2370 124913 31660 2899 24 9 182 7 6951 10498 35 2506 33 8 153 6950 14 24 18298 5197 5
17 5188 2770 7 70 3 10498 31 12354 24 3 5188 4859 6 26 30512 5
622 140746 650 6 1297 192 1026 2506 16 197 10 4327 5
17 282 2104 13 32 1570 29 3439 95 300 16 226 3 325 282 35 64943 4 282 33 8 3 282 2104 3455 95 300 24 120 18982 10 3 1193 16 424 21 3 391 282 35 366039 4 282 33 5
81 329 43241 4 290 18982 16 3353 24 508 3 67 282 2770 35 64943 4 282 323 366039 4 282 33 5
435 1913 323 3 18982 7212 50 28321 8 2371 538 3 508 67 42584 53 35 183 33 35 407 33 2569 16 3 28321 4 16 3 827 7 3 211736 18982 7 43241 4 28324 16 9 6951 221 148 35 6494 4 249 33 4 8 267846 31 2854 2193 1618 3082 267846 3082 341 5
17 28321 4219 14392 10 446326 35 183 33 29 108 346 5937 53 35 249 33 17 74 6825 35 33 16 3876 6 21 35052 4 4050 4 49 66 2520 3 9980 7 3 18982 6 595 10 3 216 2586 23 29 45 4132 5
35 341 33 17 169 6825 35 33 16 3876 6 21 2900 8 16 9 27728 7830 1537 3 282 827 562 170 24 3 392 18982 5
35 459 33 17 296 6825 35 33 16 9 27728 7830 1537 3 282 827 170 24 120 18982 5
17 508 4644 71 26 220 14 9375 3 124913 31660 35 9048 4 911 33 5
35 249 33 504204 3 23763 24 31370 9 6951 827 10 3 565 234682 6 290 18982 5
35 341 33 139052 3 5188 4859 14 290 18982 5
35 459 33 273 290 1570 18982 4 6786 3 18982 2106 5188 871 19 50 64943 4 282 5
208 3 498 871 16 333 58 3 64943 4 282 871 4 153 197 46 871 21 3 64943 4 282 5
35 503 33 73674 3 18982 13 29 3 282 5188 871 10 3 1519 1193 14 498 2020 8 6786 19 70 3 767 5197 92 3 871 16 568 4 2705 23 21 366039 4 282 5
35 500 33 19346 3 107136 8 2371 7 70 3 10498 538 5
35 183 33 8 35 407 33 5
35 708 33 41701 1959 285 9 5964 38020 16 943 35 17905 4 3235 221 7 61652 49 9 10581 206 5188 871 33 5
23179 17241 30398 11081 10 799 61638 163402 133 21 293499 5473 15 2354 19393 133 21 39811 4211 7353 35 33 4 23725 166 22690 35 183315 33 4 72178 4879 35 87928 33 5
12502 4 14 3 27708 31660 4211 11081 16 351 21 3 4859 5
1210 6 3 23763 1217 3322 10 1379 27708 565 4 827 7 329 18982 16 3380 10 108 61638 25927 284 114 329 96734 16 3380 21 9 11572 8 3 5662 16 2209 21 109 273 329 96734 4 7335 35 9 782 98236 782 40056 33 2770 31 14027 4209 8 6234 6 7335 10498 8 10 46 67 61638 40056 329 18982 16 1658 19 2838 2916 35 4114 35 249 782 33 4 72539 35 249 782 33 33 5
22705 166 22690 35 183315 33 109 39811 4211 7353 35 33 109 218583 4879 35 87928 33 109 81 9 23763 35 4114 4 72539 33 25947 18982 36 4939 19 108 9796 19393 21 25927 8 9 12510 5188 871 5
145 676 5662 3664 3497 9 179 61638 11572 284 21 5188 871 16 3380 486 3 740 11572 5
17 4859 47 16 9 4859 7 3 108 9796 19393 31 7154 8 3380 21 109 35 403 33 435 9409 5188 871 14 70 3 10498 4 3 1570 2106 282 2104 35 170561 4 282 35 11856 33 33 16 43420 5
2569 9424 38510 9 1654 96734 297 3 108 9796 19393 8 11856 16 3 43241 221 5
208 3 5188 871 22 9 1654 18982 16 2069 677 19 3 767 43241 4 170561 4 282 35 11856 33 871 16 3353 21 109 35 698 33 17 282 2104 3455 95 300 24 120 18982 10 3 1519 1193 16 35 297226 4 282 35 11856 33 33 8 47 16 2118 21 109 35 685 33 458 10 329 43241 9 18982 29 9 170561 4 282 35 11856 33 871 58169 19 9 197 7 108 282 19393 3439 95 300 5
435 1913 170561 4 282 35 11856 33 8 297226 4 282 35 11856 33 3 18982 7212 3 28321 8 3 827 35 3380 19 108 9796 19393 33 19 67 508 42584 109 35 409 33 35 697 33 81 3 1379 1506 96734 2770 36 26 3353 486 19 3353 827 8 28321 5
81 446326 35 697 33 16 3 28321 24220 2916 11109 2042 6 159 361 7 3 17236 523 1079 7 523 19393 5
523536 3 282 871 14 290 18982 10 3 767 43241 8 3 47081 871 10 3 1519 23763 4 31660 6197 137325 1537 3 30392 2104 5
17 31660 16 14256 65 70 3 10498 10 3 23763 27 21171 6 3 30392 2104 35 4693 11776 4 502 33 5
34194 19393 2209 10 135655 35 502 33 8 96592 12283 3462 5
35 3401 33 31 220 14 3 1379 162 5
77918 16 8118 2828 14 67 5188 7410 4 50713 11081 8 46087 11081 5
63040 7 23763 1537 30392 871 16 45651 2209 10 98586 249 54 3 7088 4 6660 8 11794 43241 3995 5
238 3 3644 7 3 1379 162 16 6 384 61 3 391 282 197 7 19393 19 287 66413 89 95 13 3 31660 71 26 220 10 521 89 27663 650 4 221 7 43241 16 5973 496 22200 19 568 28321 5564 1646 5
204398 23623 7 23462 7 23763 53 35 9 33 54 3 7088 43241 4 98586 249 5
204398 23623 7 23462 7 23763 53 35 9 33 54 3 7088 43241 4 35 8862 33 54 3 6660 43241 8 35 8258 33 54 3 11794 43241 5
17 2770 7 50713 11081 6197 474 19 43241 5
435 90 43241 4 5188 2770 35 50713 11081 2770 33 31 170 6 92327 14 104 7 3 10498 22 30392 871 5
130190 7 50713 11081 19 43241 14 90 10498 19 2838 2916 98586 341 5
130190 7 50713 11081 19 43241 14 90 10498 19 2838 2916 35 4114 4 72539 33 5
6567 7 391 282 871 7 50713 11081 10 4 8 7269 31 1595 10 194896 5
5
332 3 14186 43241 4 70 3 10498 26518 6 30392 50713 11081 35 45538 2106 33 19 3 30512 871 7 9796 96734 3109 35 1595 10 3 915 436751 35 87928 33 4 226342 35 33 4 183852 35 183315 33 33 5
659 3434 3 18550 7 3 1273 31660 4 50713 11081 871 18 7154 538 446326 35 700 33 19 3 30512 197 7 19393 5
17 23066 49 3768 16 170 6 26 287 153 249 202 5
6567 7 391 282 871 7 50713 11081 10 904 19 43241 98586 459 5
6567 7 391 282 871 7 50713 11081 10 904 19 43241 5
6567 7 391 282 871 7 50713 11081 10 904 19 43241 98586 503 5
6567 7 391 282 871 7 50713 11081 10 904 19 43241 5
6567 7 3 391 282 871 7 50713 11081 10 904 19 43241 98586 500 5
6567 7 3 391 282 871 7 50713 11081 10 904 19 43241 5
17 5188 2770 35 46087 11081 2770 33 31 170 6 92327 6 30392 871 54 3 15534 43241 5
130190 7 46087 11081 19 43241 14 90 10498 19 2838 2916 98586 708 5
130190 7 46087 11081 19 43241 14 90 10498 19 2838 2916 35 4114 4 72539 33 5
6567 7 391 282 871 7 46087 11081 10 4 8 7269 31 1595 10 194896 5
5
81 46 267 4 3 10498 137325 6 3 47081 2104 35 13540 2106 33 54 3 14186 61652 19 30392 96734 2770 35 1595 10 3 915 31844 35 87928 33 4 91565 35 33 4 142172 35 183315 33 33 5
17 3768 49 23066 16 59 287 58 249 202 10 46 267 5
6567 7 3 391 282 871 7 46087 11081 10 904 19 43241 98586 700 5
6567 7 3 391 282 871 7 46087 11081 10 904 19 43241 5
6567 7 3 391 282 871 7 46087 11081 10 904 19 43241 98586 704 5
6567 7 3 391 282 871 7 46087 11081 10 904 19 43241 5
6567 7 3 391 282 871 7 46087 11081 10 904 19 43241 98586 782 5
6567 7 3 391 282 871 7 46087 11081 10 904 19 43241 5
17 1783 124913 1217 16 3677 6 2258 3 30512 197 7 9796 96734 16691 6 4498 3 13228 871 7 46087 8 50713 11081 2770 7 9 23725 166 376910 5
33630 2376 47405 13 3 23763 31660 71 26 3639 6227 14 96734 27708 7 1812 163402 5
17 1273 1217 16 170 6 26 146 2025 8 89 12725 95 13 46 2125 7 27708 5533 71 26 6227 10 521 89 27663 650 5
17 1379 522 36 26 282 3055 65 43 1230 10 3 6854 5