79 3093 5373 27708 31660 10503 46333 1442 4538 16 2209 6 4855 3 4948 3150 3583 10900 565 5
81 46 1381 4 80 71 128 8 9 1842 421 1870 4 47 14359 13 3 221 7 8557 6680 133 21 1030 11036 4 109138 683 4 6306 13483 4 8 25014 3150 3583 31 1842 19 93 317 637 137 5354 197 3695 35 246637 33 5018 5
77250 23763 27708 35 124913 33 31660 543 15 3 6951 391 27708 16 20241 76 3 992 928 5
17 124913 31660 16 220 14 31560 542 10 678 6 3413 3 2007 2770 4 8 153 3 119 71966 32542 992 35 33 16 220 14 392 8958 6 170 3 1506 5
157 46 1842 317 16 220 6 916 9 19372 1396 197 4 47 16 4357 21 32 3206 9796 96734 6 928 1506 5
17 257195 1506 16 3455 6 1877 4948 3150 3583 5
17 954 1589 24 246637 2376 240 3 282 10900 8958 92 9 267 2388 120 57 7 3 954 5
17 64134 7 46 5373 27708 31660 16 538 954 1589 24 246637 14 32 5811 13 2388 120 57 7 3 954 8 3 1506 14 57 13 340 34 868 120 7 91 5
17 7362 7 129 27708 31660 18 14580 24 8365 9901 3 1510 8248 1506 5018 5
273 3 5867 4 4948 3150 6163 7 239 154 3 566 42 3467 4 8 14 3 25017 4 3 3093 5373 27708 31660 16 5314 5
315892 796 2520 27 45 220 14 117 85 6 581 533 14408 11598 76 3 4948 3150 1044 10 117 3 676 474 10 12910 35 44427 4 6794 4 23551 4 12283 32330 4 1422 33 5
68607 10900 16 3 1625 14 9 3186 421 109 4948 3150 3583 10900 35 33 16 9 3186 2376 6 132 3186 14753 14 232 6 3 1806 4948 3150 3583 628 10 3 426 35 47153 4 1604 4 323 22803 4 280 33 5
473 3 3742 4 4430 8 2267 561 7 3 310 8 3 11902 3070 7 3 108222 959 8 882 1639 4 2571 7 3568 2066 8 7332 7 3568 4102 4 1807 27 32 33913 796 14 3 4948 3977 4 47 16 59 1538 48 8 48 2091 1223 10 3 3977 200 35 323 4 590 109 98456 323 2397 4 744 33 5
12502 4 4007 36 26 7 485 7444 14 683 2981 4 27708 13324 7 905 8 891 421 4 4703 5
81 3 7732 1442 9962 4 46333 1442 35 60567 33 16 9 4185 84 3936 7 27964 4 150 13991 8116 4 22190 8116 4 5354 197 4 7732 32542 992 8 58702 8116 5
18648 2333 7 192 27964 27 4861 13 43 31 177 4116 10 1407 6 4855 521 131 544 65 112968 2506 31 572 6 4498 5
458 117 523 10900 1506 30134 27 45 3677 4 133 21 46279 42146 5018 4 14510 182439 56018 4 7732 32542 992 4 27728 172930 5018 4 2516 791 7678 4 8248 10900 1506 8 5354 197 3695 4 8 3109 10900 5018 35 4 502 109 4 4 323 37972 4 590 109 6793 323 6794 4 911 33 5
1113 19079 2062 8 3394 2520 27 2994 3 492 7 2520 3394 4 23 16 149 2336 6 140 47 1506 13604 71 7427 4498 3 282 31392 773 297 6645 5
17 1029 1653 7 5354 197 3695 35 246637 33 8 7732 32542 992 35 49894 33 16 13 43 112 34 236 120 1117 317 52 628 105 13300 10 4015 49 5365 7 4333 10 22190 197 3695 35 128378 4 347779 4 323 4 3578 33 5
246637 29 2436 6 26 177 1783 10 117 5238 2333 5
527 4 10 246637 4 3 112968 7787 14 3 6652 7 32 3768 16 177 1906 35 25683 323 311462 4 2773 33 4 3 954 4209 24 246637 31 477 11323 8 27 799 19372 433234 5
458 246637 71 34 1877 14 272 8958 5
49894 16 1109 3 104 1509 303777 14 799 19372 3768 713 8 53562 5
75 49894 29 67 3081 13753 65 3677 6 528 628 544 5
17 2505 7 49894 16 4044 10 40 6294 8 17509 35 20986 4 4 323 7914 4 3495 109 323 176413 4 1278 33 5
77250 23763 27708 35 124913 33 31660 16 9 391 27708 13991 31660 109 23 71 25450 70 5066 7 1812 544 5
458 3 3109 7 246637 4 124913 8 49894 16 177 1375 14 40 20036 2000 5
364 3848 1217 16 6 231 3 124913 1217 6 25450 3 151438 2981 8 19393 7 49894 14 21025 3 164751 1506 5
246637 1217 16 220 21 9 337482 4462 14 3 164751 1506 35 55642 4 16530 4 323 2552 4 1515 109 164647 4 6186 109 6794 323 4 6760 33 5
246637 1708 4116 4538 6 1128 11177 8 12689 13987 25 9 528 5536 19 9 515 7 13987 5
49894 29 3 1175 6 1217 120 1812 4859 8 22576 9 206 53562 5
12502 4 46 542 1141 3 9063 7 3 129910 4774 8 31875 3 10503 246637 4 124913 8 49894 35 257195 164751 33 6 1800 3 1506 5
17 7362 7 1273 3093 5373 10900 5018 18 14580 19 8365 13 677 3 1510 8248 1506 5018 8 1273 3 5373 10900 5018 5
17 5867 665 842 13 10900 871 8 2755 871 31 177 85846 5
145 5018 29 29610 7444 14 5
36387 197 3695 2042 24 164647 10 6186 16 9 17315 4462 6 293 19 64042 4 75211 8 4046 7 317 35 10141 4 12825 4 323 28410 4 1278 33 5
17 6952 7 3 5018 16 543 15 3 9513 13 19 329 5811 90 317 35 628 4 2505 33 71 26 2442 5
45646 12072 24 3 216 317 31 152895 10 1069 7 3 558 317 5
17 7488 4209 10 46 152 16 3 17315 1625 14 3 5354 197 3695 5
3735 284 622 317 284 71 26 381 21 9 179 2567 3082 58508 15850 4 4625 4 9485 4 18365 56012 4 114 15850 16 9 31276 197 7 6034 4 226 3 7242 4 4625 16 9 31276 197 7 13987 4 9485 3082 4 5849 16 9 9962 7 17807 9 4 8 18365 53 15850 98236 4625 129708 9485 16 9 676 4859 133 13 18365 35 14937 4 9 33 5849 4 14 329 9 4625 4 14937 15850 4 226 32 317 4859 5
81 19372 544 4 32 317 284 16 59 381 21 9 421 1870 8500 13 8 4 114 3298 16 9 197 7 1215 13987 8 2482 16 9 197 7 421 13987 35 33761 4 6793 4 323 17555 4 1422 109 10141 323 70027 4 502 33 5
7488 3062 2567 3082 58508 15850 4 4625 4 9485 4 18365 56012 26 32 317 284 53 329 8 12244 9 7488 89185 35 3280 33 15 15850 4 47 16 4939 21 3177 35 3454 4 31845 4 15152 4 12283 32330 4 359 33 53 7977 4 89185 35 3280 33 16 32 61826 7488 14 120 7104 61826 3597 7 89185 35 3280 33 31 226 9421 9383 2757 10 4681 208 3280 3082 4625 4 3 72846 9383 197 16 226 25222 5
17 234 7 70 61826 3597 7 7488 89185 35 3280 33 15 15850 16 103415 24 35 3280 33 4 49 10 814 4 5
60029 7 2757 3062 8 5
17 9421 798 60029 7 6219 35 103415 24 33 8 3 9421 4416 60029 7 6219 35 103415 24 33 31 4939 10 3 508 10869 35 323 4 1422 109 6794 4 1095 109 6794 4 22803 4 10141 12283 32330 4 359 109 19959 4 744 33 53 35 249 33 35 341 33 35 6219 33 16 3 197 7 70 6034 25 15850 47 71 26 1523 6401 21 3893 7 6219 11700 3 197 7 13987 7104 35 6219 33 16 3 197 7 70 6034 7 15850 47 71 2285 26 3893 7 6219 538 3 197 7 17807 7104 17 9421 11763 35 14283 642 33 7 197 6219 16 4939 21 53 35 459 33 17 197 174172 35 6219 33 16 3 197 7 6034 47 71 34 26 1523 6401 6 6219 538 3 197 7 13987 3280 97 5
29507 954 10978 25 9 421 1870 71 26 220 14 4284 7118 84 6034 5
18027 4 7100 50 6652 6 57 7 3 421 954 71 270 3 19372 7 9 84 5811 5
473 329 197 4 80 71 5004 32 8958 7 60029 7 197 6219 8 3280 10 2567 4 49 10 814 4 8958 7 6219 4 4939 21 53 35 503 33 7259 5
24634 7 13987 3062 2567 3082 58508 15850 4 4625 4 9485 4 18365 56012 4 3 2807 7 1215 17807 3298 770 9 33498 6383 3 508 1215 35 10141 4 34874 4 323 6794 4 744 33 53 35 249 33 89185 35 3280 33 3082 89185 35 3298 33 35 341 33 187 16 93 33498 7 4 47 6383 89185 35 3280 33 3082 89185 35 3298 33 17 650 7 1913 9 1731 197 7 13987 58 3 1494 57 19 3 216 19372 7453 21 3 1494 197 16 226 17807 2807 5
337439 2807 16 57 7 3 104 533 13538 10 246637 5
79 2807 16 3 3456 176 7 32 317 284 35 1547 6 9 33498 7 13987 33 47 71 29155 70 6034 32728 24 3 1494 317 284 5
17924 16 3 13632 7 70 5397 4 103415 21 53 75968 35 3298 33 35096 35 3298 33 4 114 35096 35 3298 33 16 3 2807 7 2567 35 105812 4 4 323 36941 26425 4 911 33 5
4036 2567 4 1215 13987 3298 8 421 13987 4 14 9 392 197 7 1215 13987 109 80 71 7673 9 1432 642 35 4 273035 4 323 4 2391 33 5
17 1432 642 4286 70 6034 10 15850 4 47 71 26 6401 276 32 3768 76 9022 3597 4939 24 89185 35 2482 33 543 97 15 317 10 3 89185 35 3280 33 5
45993 7 19210 1471 533 492 10 628 2376 16 11533 77144 148 13987 5
3062 32 317 284 2567 3082 58508 15850 4 4625 4 9485 4 18365 56012 4 4625 3082 200471 8 3 70306 148 2482 8 3298 16 4939 35 55642 4 16530 4 323 2552 4 1515 109 20928 4 7744 4 77844 4 323 7914 4 274 33 53 35 500 33 208 11856 3082 249 80 140 13 2482 5473 4120 15 3298 4 8 92 11856 11102 249 4 80 140 13 2482 5473 6009 35 10 9 2463 11856 33 15 4854 17 85612 11856 21636 3 5514 7 70 3893 7 3 7242 4 47 71 26 3577 6401 6 4483 7 3 24065 4 11700 13987 3298 8 36 26 226 3 2463 7 3 19210 5
17 18982 23763 27708 35 124913 33 31660 16 32 13991 46333 31660 1282 24 1824 8 146080 10 3401 5
66 16 9 90693 1046 31660 543 15 3 20260 7 3 855 3074 7 3814 496 9 12690 5
17 2007 4528 7 3 18982 23763 4102 18 6 45651 24457 3 22176 8 10774 17895 7 9 5086 12690 4 19 3 3316 7 11533 5897 13 10485 3 1175 7 3814 6 2546 280289 4 8 6 3453 337 2586 19 9 42769 10 32 19547 7566 5
1655 46 2007 6905 4 3 4102 8736 76 9 1906 8 4213 27708 31660 5
81 124913 31660 4 2113 4 3876 6 21 10498 4 31 6067 137 1046 904 5
21257 6 3 827 7 10498 496 3 1046 904 31 543 15 3 855 6249 9980 7 2113 6 17515 3 1028 7 83 2113 5
17 893 6 9 18982 496 3 23763 31 3475 7900 24 3 791 4 49 2505 4 7 50 4338 5
17 1046 3074 7 9 18982 16 3847 1768 24 13 7 83 10498 496 3 23763 5
17 8867 7 17241 46 855 3074 16 13 3 1046 650 16 133 13 10498 462 1189 1321 1408 3248 10 3 1046 904 5
60284 4 3 28321 35 8033 33 8 827 35 14937 33 7 290 18982 36 26 1406 24 3 18982 282 871 35 216566 33 8 391 282 871 35 207387 33 5
1824 8 5501 35 2804 33 1282 3 35052 7789 5018 4 8 2042 35052 2059 35 19966 33 76 3 2370 4219 1396 6 1128 3 18982 1952 65 18982 39740 31 4231 9 528 352 538 3 35052 2059 212239 238 9 665 4 3 10498 31 876 76 9 333 1046 352 6 4498 9 333 16079 2104 538 9 48 4213 5018 5
17 18982 2106 84 28321 8 827 31 3353 24 3 508 14392 53 35 708 33 35 700 33 35 9575 1635 249 33 4 107136 7 18982 4114 22 61652 72539 4 35 9575 1635 249 33 4 2371 7 18982 4114 22 61652 68806 3 35052 2059 85612 7 28321 4 8 267846 60121 10750 85612 5
8 31 6951 1051 30985 5146 10 1356 6494 4 249 1362 47 60121 25131 1175 14 542 5
49474 32542 992 35 49894 33 16 9 84 7732 1442 718 19 614 2673 8 485 785 4 47 16 9935 7 9 528 221 7 8460 2469 35 66687 4 87047 4 13115 4 323 31845 4 502 33 5
66 1388 964 270 10 970 7 9974 4 48975 4 8 60347 628 5
66 59 2939 6 29155 5897 297 9796 628 4 2818 265 7417 4 8 25903 9 272 2463 7 11249 8958 5
931 10777 132 32542 992 718 9 2475 3982 2155 4462 14 4355 4 19372 4 8 11249 10 3 352 7 1617 4 10 970 7 8958 4 61338 4 53562 4 7362 4 8 3961 5
49894 1618 9286 7 32 9796 9419 4 4438 9419 8 32 3354 9419 5
17 23791 31 3380 24 32442 3157 10 98586 249 5
622 49894 4286 177 1906 8 1695 28508 17253 226 23791 35 34874 4 32883 4 46727 4 323 3454 4 280 33 5
17 23791 3380 24 32442 10 98586 249 31 3797 6 290 83 24 16036 3151 72 47 5300 71 1042 5
17 9796 9419 16 3380 24 8393 8 37662 21 9 16445 5
3194 61279 7121 2489 29132 25 83 23791 4 2936 3 23791 10 3 9796 9419 4 10 5084 6 40 2205 17509 8 153 12244 9 837 3354 10 9067 19 32 30110 4859 5
622 30110 4859 71 26 7 9 27728 49 108140 916 4808 15 2333 5
12266 9 992 9286 7 13999 17509 7 3 992 538 9 523 2854 31660 5
49894 10 46 162 16 3559 19 3 108 12391 8 57 35126 2854 31660 5
622 49894 2981 98586 249 5
622 49894 2981 5
81 46 162 4 3 119 71966 19 4050 35 5629 33 18 220 6 1649 3 5036 5
17 5629 19 4050 16 3 104 7081 3322 49894 928 31660 35 63801 323 113211 4 911 33 5
17 21365 7 16 962 21 3177 10 98586 341 5
2569 80 2780 9 5629 19 9 4438 9419 10 47 3 32542 23791 159 19799 4859 14 7532 8 35 704 33 79 27728 4859 16 220 10 3 3354 9419 6 7532 6 128 2770 19 9 3010 1079 5
157 87 16 3 2567 4859 7 7532 4859 2770 25 6494 6 249 4 13 16 6 140 4 35 782 33 114 9796 3 89051 23394 7 35 210711 4 24087 4 18685 4 323 7744 4 274 33 5
5629 2854 31660 543 15 124913 31660 16 220 6 1649 3 2854 31660 7 32542 992 10 46 1381 5
71674 7 5629 32542 992 98586 341 5
71674 7 5629 32542 992 5
98586 341 842 13 4 40372 4 90 5397 71 26 10978 25 3 2289 628 543 15 39406 8 4279 2193 71 5998 26 3455 25 3851 628 5
1301 16 3559 6 1849 10 678 6 1877 3 1617 796 5
81 3 271 1208 4 1678 10900 4538 27 45 1273 14 1617 5
527 290 5018 22576 2968 10900 1175 14 21101 10900 5
273 3 8587 4093 10900 4 290 5018 149 71 34 2875 5507 10900 5
81 1654 4 125 3 1547 132064 31 13746 49 3 4279 7951 31 35078 4 3 544 51 343 48 4093 5
246637 71 2875 14076 3 7444 7 523 13987 10 3 2505 6635 284 8 10 3 2807 7 2505 6635 904 5
527 4 23 16 477 19146 65 23 16 220 6 293 19 13746 628 5
81 678 6 21095 49894 2981 8 1297 50 28859 7924 1175 4 246637 16 220 6 1333 21 3 146827 2052 7 49894 8 3361 2505 25 3 1494 2505 1084 5
124913 31660 71 25450 3 2981 8 19393 7 49894 5
9069 4 3 61628 5018 29 333 10777 58 837 49894 49 124913 31660 49 246637 5
458 80 8850 9 3093 46333 1442 5373 31660 14 10900 7 4948 3150 3583 5
246637 16 220 6 3361 3 954 5
17 954 31 220 21 32 1494 2505 1084 6 1752 582 10900 394 4 65 40 1493 8 270 8922 9 64310 6680 5
133951 992 4 5775 19 124913 31660 16036 17120 31660 4 47 16 220 6 1877 3 267 13 71 34 26 36680 24 246637 543 23989 954 5
145 542 220 3 257195 4 47 16 12072 24 206 928 773 4 9 272 23462 489 4 265 22960 46333 1959 4 2069 10900 8958 4 8 3 1175 6 3383 108140 544 5
17 19393 7 3 5629 992 31 30512 24 124913 31660 24 1959 21 3177 35 22627 4 590 33 53 35 249 33 11292 7 3 4438 9419 17 614 544 5357 97 57 4438 9419 8 4093 544 5357 67 10746 5
35 341 33 11292 7 2367 10 4438 10746 659 1368 11303 1994 13 51 899 9 1606 6 1128 3768 2770 49 72 2854 5
35 459 33 12586 489 35 33 659 1368 72 2854 489 4 47 51 321 6 3768 33789 4 3 19440 18 148 6909 8 249 6 960 3 992 5
35 503 33 43076 85612 35 33 659 1368 72 2854 489 4 46 51 321 6 3768 33789 4 1635 3082 15483 16 3322 6 960 3 992 5
35 500 33 19437 4859 145 542 2757 3 2589 4859 6 3 4859 5
35 708 33 7 18982 23763 17 15441 10498 31 1601 232 6 3 542 6269 8 10119 5
19241 8 107136 10 15209 5547 31 197 14027 14 290 18982 5
35 700 33 206671 1657 3 2007 2059 8 9124 7 3 992 17 2007 992 2205 17509 8 2007 34710 7 3 4438 10746 4 21 166 21 3354 9419 31 2118 24 6951 23394 19 6158 3201 5
35 704 33 84181 928 6200 8 1341 2770 84181 2770 8 1341 3354 2770 7 3 928 6200 9796 3 5629 992 5
35 782 33 132080 3 3354 871 7 3 992 35 183 33 41701 25 35 704 33 6 35 782 33 285 3 992 16 21171 17 996 992 2854 650 16 2239 2173 19 9 928 946 22 9 89 285 70 3 928 6200 31 1681 4 47 16 226 9 2854 4165 5
2625 2854 12104 383 26 3629 285 3 992 16 21171 5
35 407 33 132080 3 5188 2770 17 5188 2770 31 677 19 3 3656 19547 12329 2770 7 3 10498 4 8 3 10498 13655 3 161 18982 1046 1952 232 6 3 2900 7 3 1570 19547 12911 5
35 403 33 29451 3 19547 871 7 3 10498 35 216566 33 19 3 391 19547 871 35 207387 33 208 3 498 5188 871 16 333 58 3 767 5188 871 4 3 498 164 16 197 21 216566 8 3 19547 2104 7 10498 16 677 19 3 391 2104 5
208 3 498 5188 871 16 333 58 3 391 2104 4 3 498 164 16 197 21 207387 5
35 698 33 19346 3 28321 8 827 7 290 18982 17 4219 5018 16 1595 10 5
35 708 33 8 35 700 33 5
35 685 33 13541 3 14152 912 208 3 1994 221 7 43241 16 34 1049 4 35 704 33 8270 26 3629 5
273 1572 9 10900 1506 14 10 239 4 80 979 3 996 1506 21279 4 21 23 16 962 10 3 161 100561 5
238 9 6182 15987 4 156936 4018 850 4 124913 8 246637 5099 2490 6 46 4102 4 8 3 12510 10602 25 297 3 4309 31 2994 10 3 9149 35 3462 4 136041 4 323 26425 4 911 33 5
27760 7 17241 543 15 257195 29 1595 10 98586 459 5
84630 7 543 15 257195 98586 459 5
84630 7 543 15 257195 5
20692 2505 1084 8 46544 284 6905 81 101035 5536 4 9 2505 1084 18 3192 24 1494 2505 5
1210 6 3 1806 601 7063 8 40 33192 10 3 593 7 601 4 80 36 138083 219 72 3 726 1566 14 3 4203 10 46 1381 35 331395 4 45374 4 323 9516 7894 22916 4 911 33 5
53684 421 1870 1210 6 3 601 6905 4 23 16 3456 6 5339 4203 13987 14 3 5358 7 9 421 1870 5
187 27 117 2193 14 15998 19 35 22926 323 7744 4 359 33 5
8616 3467 13987 383 772 83538 8 4 77403 8 19898 4 58753 8 11040 4 18550 8 38256 5
16 7900 24 2193 133 21 1193 676 4 3777 4 109138 683 4 4948 13483 4 6306 3150 3583 4 1030 11036 4 109138 683 4 6306 13483 4 25014 3150 3583 8 95 15 4 3 17241 7 47 16 841 137 46333 4309 1363 35 6794 323 23551 4 359 33 5
187 31 17003 2193 5818 4948 3150 3583 4 1595 10 98586 503 5
54267 2193 7 98586 503 5
54267 2193 7 5
134 231 3 5018 7 3 56018 7 3610 5937 2376 6 21095 3 3184 17521 2193 5818 4948 3150 3583 6 3 2976 526465 2916 4 10 678 6 5199 41748 106 7 5420 23394 5
81 46 1381 4 13436 35 2636 4 3298 4 5132 4 38 4 4659 4 2990 4 6517 4 1127 4 4625 4 1883 4 2567 4 3116 33 7 3 17003 2193 13 142 2498 3 27 45 3467 106 43 31 1109 3 48 533 1603 5
273 3 5867 4 3 4948 3150 3583 628 7 239 25 3401 6 280 42 3467 5
20692 628 7 4948 3150 3583 10 3 421 1870 31 1595 10 20498 249 4 114 1215 13987 31 2636 4 3298 4 5132 4 38 4 7799 3082 35 4659 1635 2990 33 4 6517 4 1127 4 4625 4 1883 4 2567 4 3116 47 60121 3 561 5514 35 202 33 5
458 3 380 197 1883 3082 58508 2636 4 3298 4 5132 4 38 4 7799 4 6517 4 1127 4 4625 4 1883 4 2567 4 3116 56012 5
20498 249 5
20692 628 7 4948 3150 3583 25 3401 6 280 5
5458 2782 2636 35 202 33 3298 35 202 33 5132 35 202 33 38 35 202 33 7799 35 202 33 6517 35 202 33 1127 35 202 33 4625 35 202 33 1883 35 202 33 2567 35 202 33 3116 35 202 33 249 3401 254297 12793 16978 13000 5347 5696 55274 57951 39972 20559 341 3495 322206 16978 15155 15095 3921 9525 20014 20568 20559 13387 459 2773 304517 21633 16801 18821 9371 5700 15905 11940 9371 23013 503 2804 23166 15520 13000 10548 94081 32443 14710 5347 17471 500 2391 28954 16482 13964 11940 68955 12099 9371 16482 21633 708 1515 28616 30273 10873 9525 7627 17513 8792 33631 22130 700 1278 12099 15406 13112 46405 9190 28265 13387 13856 28265 704 1422 57951 30273 20585 18821 8016 35186 24990 33631 30102 782 1095 20585 13134 3921 3127 46541 13964 64985 183 911 68926 13076 15406 11088 7627 50613 30102 9102 59772 31913 407 744 23166 20568 16071 84690 5061 47789 10548 8825 32443 35428 403 502 33267 22130 18063 9102 7170 80855 16395 13299 27391 68955 698 359 50053 21852 7627 9525 4611 50053 19233 17789 31163 33267 685 274 24170 36760 17471 12018 7013 38123 14200 24990 8825 68955 409 280 29358 16395 19050 6769 7259 54519 8825 9862 38964 28570 11346 53 17 628 10 20498 249 624 25 887 239 40013 133877 4 2158 53 5
29507 1870 355 3 421 1870 16 9490 24 246637 4 3 17807 2770 10 421 1870 31 962 24 628 5
64933 17807 16 6 197 90 6797 266 35 189009 33 10 9 2190 11065 17807 871 1079 8 6797 3 17807 1079 76 90 20587 4 8 231 3 523 12171 49 269410 6 3001 290 12634 2106 17807 2770 5
35 6794 323 23551 4 359 33 79 5373 67818 31660 3 52301 11856 770 67818 31660 16 220 6 3 11065 628 10 46 1381 5
145 31660 10556 3 9063 7 3 52301 67818 5018 8 11856 770 67818 5018 8 54527 3 7562 33192 35 6794 323 23551 4 359 33 5
17 2370 554 16 6 128 90 2007 317 24 1770 15 3 52301 67818 5018 4 153 24107 24 538 11856 770 67818 5018 10 678 6 4498 3 272 1277 67818 522 5
17 522 31 3455 24 46 31660 13571 4 1595 10 20498 341 5
20498 341 5
628 7 4948 3150 3583 25 3401 6 280 5
2782 2636 3298 5132 38 7799 6517 1127 4625 1883 2567 3116 3401 249 249 249 341 341 249 249 459 249 459 341 3495 249 341 341 341 341 249 341 341 249 341 249 2773 249 341 341 249 249 249 249 341 249 459 341 2804 249 341 341 341 341 341 341 341 249 341 249 2391 341 341 341 249 341 341 459 249 249 341 341 1515 341 341 341 249 249 249 249 341 249 459 341 1278 341 341 341 459 341 341 249 341 249 249 341 1422 341 341 341 341 459 249 341 341 249 459 341 1095 341 341 341 459 341 341 249 341 249 249 459 911 459 459 341 459 341 341 249 459 341 459 459 744 459 459 341 459 341 341 249 249 341 459 459 502 459 459 249 459 459 249 341 341 459 459 459 359 459 459 249 459 249 249 341 341 459 459 459 274 459 341 341 459 459 249 341 341 459 249 459 280 459 459 341 459 459 249 341 249 341 459 459 13112 5
337439 2807 8 1396 3310 337439 2807 19610 3 6647 1215 13987 25 421 1870 5
8616 80 12262 3 3455 2807 1215 17807 14 421 954 7 3 421 17807 5
157 68 535 761 6 128 2121 1215 13987 7 3 2807 665 5
337439 2807 31660 543 15 246637 2638 1038 17807 2807 15 40056 8 8783 1315 4 8 25828 17807 2807 31660 4 4703 5
931 27964 112 34 11435 219 72 3 31108 7 2505 10 3 628 9962 8 3 6928 5
16816 80 142 231 90 191244 2505 47 36 21095 3 2807 650 24 17444 37582 7 17807 3238 5
622 17807 3238 2807 31660 543 15 246637 16 220 6 1128 3 13987 35 9437 323 643 4 1278 33 5
1210 6 17807 2807 31660 4 3 13987 10 20498 341 31 1842 5
1301 3 2669 13987 31 30512 8 3 5266 8 12689 6034 31 6131 6 128 3 2807 197 4 58508 2636 4 7799 4 6517 4 4625 4 3116 56012 5
214 16 6 140 4 421 13987 58508 2636 4 7799 4 6517 4 4625 4 3116 56012 422 3 19372 1175 7 13987 58508 2636 4 3298 4 5132 4 38 4 7799 4 6517 4 1127 4 4625 4 1883 4 2567 4 3116 56012 5
332 3 216 89 4 58508 2636 4 7799 4 6517 4 4625 4 3116 56012 31 3 1622 13987 14 3 421 284 5
1301 80 142 23063 3 12689 13987 58508 3298 4 5132 4 38 4 1127 4 1883 4 2567 56012 10 20498 341 8 128 3 2807 13987 58508 2636 4 7799 4 6517 4 4625 4 3116 56012 5
168704 3 3354 871 8 470655 7 17 221 7 30864 10 9796 9419 8 3354 9419 31 69334 232 6 9 2190 565 5
1210 6 15826 4 80 128 3 221 7 30864 10 3 9796 9419 21 218 5
214 16 6 140 4 80 9796 3 58508 2636 4 7799 4 6517 4 4625 4 3116 56012 5
17 3354 7 290 5447 1513 18 43420 24 35 183 33 16 3 3354 7 1513 38 109 16 2059 15 2205 25 72539 6 4114 109 16 9796 6 1513 4114 25 1513 72539 109 16 9124 15 1513 4114 5
134 2780 9 8586 6 3 60816 14 290 1513 10 9 4438 9419 4 35 407 33 3062 11856 26 3 221 7 3 3354 9419 4 153 35 403 33 4 1341 871 7 3 3354 1513 11856 8 4 3768 7 3 3354 1513 5
17 380 221 7 30864 10 3 4438 9419 16 288 24 13571 5
17 30188 3768 871 16 1091 24 12684 3 13571 5
134 2401 30188 3768 871 7 12540 47 16 24 12684 9901 928 5
17 2007 16036 2770 7 103524 4 181918 8 40056 323 9124 2770 7 4 280701 31 6951 1051 5
157 3 3206 871 16 170 61 24 12684 928 5
17 83 96734 2770 31 197 10 5629 31660 53 3082 9193 4 3082 28940 4 3082 28419 4 4050 85612 3082 10355 8 2854 1952 871 16 33783 5
435 928 4 3 1215 17807 2770 7 58508 2636 4 7799 4 6517 4 4625 4 3116 56012 31 4357 21 3 9796 7 257195 8 3 7736 7 290 733 31 3455 5
81 41946 6 2854 5036 4 80 231 257195 6 650 12684 992 2854 8 20260 5867 163 1566 14 9863 2854 3768 11963 4 1595 21 98586 500 5
96368 11963 7 257195 98586 500 5
96368 11963 7 257195 5
2927 4 80 231 3 19114 4859 7 6 128 3 58753 665 148 3 2755 871 8 3 10900 871 5
75250 7 10900 5464 148 10900 665 8 83 4309 16 1595 10 20498 459 25 3401 6 280 5
81 20498 459 4 23 16 177 3081 13 46 10900 665 16 48 7608 58 3 8248 1506 5018 5
66 29 45 24637 13 3 9796 12911 5018 7 257195 16 1783 5
12502 4 232 6 3 342 7 70 11335 7 2689 7 2831 7 3 68 2106 7476 7 239 4 80 142 231 3 1273 257195 1506 6 1877 4948 3150 3583 8 132 3696 3977 1330 1866 5
20498 459 5
29451 148 3 2755 871 8 10900 871 25 3401 6 280 5
5458 2782 220485 6844 1506 22827 871 35 16830 33 70189 871 35 16830 33 51253 871 35 16830 33 53139 3768 35 202 33 53139 3768 35 202 33 249 3401 341 3495 459 2773 503 2804 500 2391 708 1515 700 1278 704 1422 782 1095 183 911 407 744 403 502 698 359 685 274 409 280
7028 3150 3583 10900 16 7 485 7444 10 683 2981 4 27708 13324 7 905 8 891 1866 5
81 46 601 4 9 3093 5373 27708 31660 35 257195 33 18 1273 17938 246637 4 124913 8 4309 5
17 246637 16 220 10 2505 2807 6 5339 3 6943 9796 2193 109 124913 16 220 6 25450 3 19393 8 2981 7 5629 32542 992 5
659 13014 3 3656 257195 1506 14 4948 3150 3583 10900 4 3 1273 31660 543 15 46333 1442 4538 18 74 220 6 1649 8 960 3 3851 4948 3150 3583 628 5
999 9901 257195 8 8248 1506 5018 4 46 542 11080 13 3 1273 257195 29 333 3241 8 2104 2168 58 3 83 8248 1506 5018 5
17 522 59 240 13 3 8958 7 3150 3583 10900 14 4948 71 26 2069 24 7285 3 124913 76 3 5629 32542 992 5
17 124913 71 25450 3 2981 7 3 5629 32542 992 8 1128 3 96734 1994 7 3 5629 32542 992 5
5583 4 3 84 4948 3150 3583 628 18 219399 76 3 257195 1217 6 1877 5
17 257195 1217 16 48 1783 10 12538 3 4948 3150 3583 10900 565 5