13166 6 50 1175 6 3383 108140 544 4 7732 32542 2642 31 3677 10 307 692 7 1897 5
527 4 3 746 3893 31 2051 6 51788 3 2505 1206 10 138 2642 4 121 133 2505 16 27368 3380 24 40 5595 8 3 7562 28579 17509 5
81 308 3142 4102 2376 4 137 3 5018 4 23 29 4964 9 1509 17592 14 25418 2505 25 32542 2642 5
527 4 4808 15 3 9937 220 49 3 221 7 3 32542 992 23394 4 3 221 7 3142 13538 8 24658 7 954 16277 25 3 992 71 132 3 650 7 2505 8 2854 21946 2784 5
8616 4 46 1381 6145 3 2673 7 3 1217 6 16277 1842 2505 25 3 3142 42179 16277 24 25 3 32542 992 5
8616 4 1691 9 396 221 7 3142 13538 8 954 14 3 380 4650 4 276 1373 3 1175 6 1445 3 650 2198 24 3 992 5
17 3003 7 9 4122 4 292 49 1784 650 71 26 3455 137 3 542 7 3 23394 694 10 3 650 5
238 117 521 131 544 3972 9 272 10119 653 10 40 30951 8 3 3003 7 3 650 2742 177 572 5
79 48 1375 2155 6 132 23 12319 16 137 8524 49 44895 8593 4 47 21636 3 255823 7488 297 3 23394 5
49474 1442 35 43826 33 4538 27 45 1273 21 32 2155 6 3001 2505 7 521 131 1443 276 3 11240 7 9 48 3297 542 52 3 2215 4860 7 3 650 5
43826 12966 90 3547 7 8593 4 14 946 4 3 857 4 114 7732 32542 2642 35 49894 33 31 13792 4 2957 19 19232 4 28579 49 11933 8524 2505 5
81 3 73 265 85 4 307 42211 27 1595 3 2168 7 3 49894 6 3001 3 104 523 2215 1443 35 219700 4 4 4 5549 4 323 3651 4 911 109 323 27183 4 3495 109 324856 12283 32330 4 502 33 5
49894 27 9 17315 4859 13 14209 3 9796 8 3354 23394 7 9 284 5
273 46 1033 43 31 1109 1509 46333 3648 10 2953 2854 35 4 274 33 5
527 4 13 15565 2856 49894 76 9 92750 35 14556 4 5567 4 323 409083 4 2773 109 307842 323 311462 4 4164 33 106 93 5230 71 26 6586 6 91 14 421 363 65 10 1315 5
49894 9439 2770 25 3 928 2757 1252 6 91 8 8468 40 6904 4 44 317 52 3 2020 4860 16 203 2825 5
8616 4 87 16 90 19232 2505 572 6 26 16277 4 47 4 92 16277 4 71 11804 32 7112 2953 10 50 7787 6 2565 50 7951 5
12502 4 4309 6 10775 8 3001 2505 25 49894 31 1622 5
17 16277 2505 71 26 1867 137 8524 954 4 1749 3 2505 7 3 565 76 50 521 5114 5
966 1296 27 45 5355 3 2505 21946 25 49894 5
23620 41154 27 45 2209 14 1396 21946 5
520 4309 10775 954 137 3 2376 7 3 992 2981 35 79022 5
17509 4 151438 4 30110 4859 4 4703 5
33 4 125 461 10775 954 15826 3 628 197 220 6 1649 3 992 5
273 946 3 5533 35 7906 323 4 1422 33 25067 302117 954 25 3 17509 7 1321 3559 325 10753 32542 2642 5
17 4888 240 3 19898 7 3 5533 14 9 485 2726 7 565 30951 5
187 31 59 4309 13 231 189 4 3 992 2981 8 3 628 197 6 10775 3 954 5
187 31 108 5310 220 6 10775 2505 25 9 1321 3559 49894 5
17 74 57 9286 10 3 46547 7 2505 76 3 992 4 47 340 34 236 6 26 1332 49 4007 5
5602 3 928 650 8 2016 3 83538 2168 7 3 49894 4 23 16 537 6 3521 8 2705 3 13746 2505 5
145 5533 16 226 2505 543 133951 9861 35 307842 4 311462 4 323 4 3728 33 5
17 169 57 9286 10 3 928 7 3 538 3467 928 2757 5
5602 46 4644 4 3 12340 954 220 10 3 74 928 7 3 36 26 16456 6 343 4547 19 3 3467 928 2757 5
17 296 57 9286 10 3 2505 21946 1752 25 3 992 2981 5
145 16 2422 1812 2638 463 6 3 523 38060 7 3 2642 8 3 523 30110 7410 13 71 26 1109 35 25683 323 311462 4 3401 109 307842 323 311462 4 4164 33 5
81 308 85 4 9 84 1217 14 25418 2505 25 32542 2642 4 543 15 3142 4102 2376 35 165047 33 35 284466 323 139895 4 2391 33 18 1273 5
17 165047 16 9 4386 7 3677 16063 2925 1273 14 3 2376 7 10032 628 5
4 324856 4 35419 4 8 18232 35 744 33 12966 50 231 14 3 21946 8 8593 7 2505 3564 24 32542 2642 538 9 5018 226 35 3142 4102 7732 32542 2642 33 5
10087 4 324856 8 67844 35 280 33 3677 3 5018 10 3 2358 5292 650 8 16277 3 650 3074 137 954 8 2376 7 4102 276594 5
349 3 83 881 4 10 324856 4 67844 4 8 10558 35 274 33 3 216 5018 18 3677 6 14431 14 523 30951 5
1504 441 1595 485 785 6 3001 10 9 5238 8 1369 152 3 2505 2198 24 32542 2642 4 3 5018 29 1024 47175 5
17578 15 3 9937 3677 10 3 5018 4 141 9 32542 992 19 265 23394 71 343 26352 5
81 46 267 4 3 1574 47175 16 1022 24 3 650 7 1396 21946 8 1444 7 4102 72178 4 47 31 543 15 165047 5
527 4 46 46333 9705 71 26 4417 24 4538 7 2790 3 10119 7 3 4102 72178 8 137 3 1414 7 1444 27964 8 77497 7 6943 4102 276594 14 3 2673 10 1475 35 67844 4 590 33 5
22012 3 2807 4538 4 43 1741 6 1128 3 8466 10119 7 3 25147 72178 4 9863 9 72178 13 24276 3 3456 8 16 2538 6 1445 5
349 3 83 881 4 3 1414 7 27964 8 77497 14 7470 3 3142 13538 29408 3 282 31660 8 24204 14 32 2673 10 1475 5
81 614 4 4538 14 2790 3 10119 7 3 4102 276594 71 26 3677 6 3 3142 5114 49 6 3 4102 72178 1010 5
273 946 4 4 185137 4 8 4 911 8 40353 8 37971 4 744 12966 3 231 7 20878 871 47246 35 33 4 47 16 9 5533 3682 7 2790 3 551954 7 628 11518 5
1471 177 2794 5533 14 2790 3 4102 72178 543 15 3 3142 5114 18 2209 24 290226 8 35 280 33 5
17 4888 8850 6 231 3 2505 7 3 4650 6 1000 3012 15 13987 7 3 3142 5114 5
931 3012 4 226 2923 26325 35 17807 19210 26325 33 4 31 220 154 3 2020 7 3142 13538 8 4102 72178 1444 6 4643 97 3 3142 13538 46544 6 91 5
1471 1712 6 1128 3 10119 7 3 4102 72178 16 6 5004 3 4102 7 5005 1822 6 5005 3142 13538 35 4 102553 4 137910 4 249744 4 323 4 1422 33 5
79 3142 4102 35 6219 4 12662 33 16 1109 5005 92 4 97 92 4 106174 35 12662 4 5828 33 4 114 106174 35 12662 4 5828 33 35 3 270 33 16 3 221 7 6034 10 5828 47 4286 3 13987 10 12662 8 16 9 8355 270 1252 21 9 12911 24 3 4650 5
1471 177 2794 5533 14 2790 10119 16 543 15 3 4102 7 3241 1273 24 56490 35 3728 33 5
4749 83 4309 7 2807 4 3 3241 5018 4763 6 1000 32 1291 14 13538 4 7237 143 146 3 4528 7 3 4102 5473 15 3 197 7 6034 5
6832 46 1291 4 57 71 4753 9 8515 22 47 70 3 3142 13538 19 798 2770 31 2207 5
81 67844 8 18232 35 590 33 80 8850 9 84 5018 14 2790 3 10119 7 3 4102 72178 4 226 10712 543 15 6034 27647 35 33 4 47 4763 6 2323 600 7 825 6034 24 3890 57 5
8616 4 46 542 3899 6 1649 9 32542 992 6 1849 9 2358 5292 650 8 2780 3 5018 6 10775 44895 8 11427 2505 25 3 32542 992 5
527 4 23 16 2161 6 2780 3 1217 6 3 3142 42179 16277 25 3 32542 992 137 3 5018 5
29383 46 152 4 1370 47175 8 1277 6 3 5018 5
238 23 36 26 381 4 3 2505 16277 25 3 992 71 26 43628 8 61628 276 2406 3 637 7 3 2215 3074 7 3 650 2198 24 3 992 5
145 43628 2505 71 26 220 14 589 2516 1443 49 2854 6589 10 9 146 2538 8 20945 152 5
81 3 161 2124 3 2370 13538 7 165047 4783 14 3 3003 7 3 522 7 46 1381 31 4721 5
2927 4 22 58486 459 8 503 3 8 6599 31 2921 5
332 8941 500 9 267 542 16 617 8 1435 3 7951 31 2682 15 8941 708 5
145 177 814 1165 16 2638 543 15 3 19471 8 23874 3509 15 284466 8 139895 35 2391 33 5
47390 4102 2376 16 9 857 7 16063 47 18 1619 10 3 261 44287 35 139895 4 6186 33 5
1738 689 15565 16 2505 8593 24 770 7 9 35 4102 33 72178 1618 2209 10 3 916 7 517 45546 35 49 236142 45546 33 5
81 165047 4 3 2007 628 31 2209 21 9 3142 5114 5
79 3142 5114 16 9 94001 35 5828 4 2990 4 38 33 4 114 5828 16 9 197 7 3893 226 6034 4 2990 16 9 197 7 3893 226 13987 8 38 5828 98236 2990 16 226 32 14318 7488 5
208 35 19440 4 15441 33 38 4 57 130 13 3 5811 19440 29 3 17807 15441 5
79 3142 5114 16 1618 2209 21 9 2858 1870 114 3 6034 31 10255 53039 4 3 13987 31 11107 53039 8 87 16 9 2858 10 1843 19440 8 4848 15441 92 8 97 92 35 19440 4 15441 33 38 5
20498 249 842 32 946 7 3142 5114 5
20498 249 5
59268 7 3142 5114 5
9 8862 8258 5547 16054 18365 249 14937 14937 14937 341 14937 459 14937 14937 14937 14937 14937 503 14937 14937 14937 14937 500 14937 4036 9 197 7 6034 79 5828 25 9 3142 5114 35 5828 4 2990 4 38 33 4 3 197 7 13987 47 31 1029 6 70 138 6034 16 18549 5
10052 4 14 9 197 2636 2990 4 16 3 197 7 6034 13 27 70 3 13987 25 2636 5
214 16 6 140 3082 58508 15441 79 35 19440 4 15441 33 38 56012 8 3082 58508 19440 2636 35 19440 4 15441 33 38 56012 5
999 538 133 118559 4262 4 3 5141 7 3142 4102 16 4939 21 9 1808 133 13 3082 2636 8 3082 79 4 114 79 16 226 3 3525 8 2636 3 4528 7 3 4102 5
273 946 4 25 3 3142 5114 7 20498 249 4 23 71 26 381 13 3 1808 16 9 3142 4102 19 3525 58508 459 4 503 56012 8 4528 58508 8862 4 5547 4 18365 56012 5
17 197 7 3142 13538 71 26 1433 24 3 7553 678 133 13 14 120 67 3142 13538 35 22446 4 43225 33 8 35 48548 4 48685 33 4 35 22446 4 43225 33 35 48548 4 48685 33 92 8 97 92 22446 48548 35 266340 4 48685 43225 33 5
17 197 7 13538 1433 24 14819 9 1332 72178 35 28735 323 59424 4 3728 33 4 3 95 226 4102 72178 5
17 4102 72178 3455 25 9 3142 5114 35 5828 4 2990 4 38 33 16 103415 24 5
98586 249 6274 3 517 45546 35 284466 323 139895 4 2391 33 7 3 4102 72178 11359 25 3 3142 5114 7 20498 5696 3194 38105 10 3 517 45546 2464 9 3142 4102 5
17 6034 31 1595 976 924 4925 2682 79000 90 4102 30864 8 3 13987 976 8248 4925 2682 996 90 4102 30864 5
17 4925 31 5146 10 133 9 152 13 3 3525 7 9 4102 16 76632 24 6625 70 6034 25 3 4102 38105 6 3 72178 4 8 50 4528 16 76632 24 2598 70 13987 25 3 4102 38105 6 3 72178 5
17 17460 71 59 26 2921 24 538 3 19471 7 5811 4102 8 17807 4102 5
4036 32 5811 19440 4 19440 16 3 5811 4102 35 4 33 4 8 4 14 32 17807 15441 4 16 3 17807 4102 35 4 33 5
1301 4 3 17460 7 5534 21 1667 53 14 290 5811 19440 3 3142 4102 19440 16 10921 19440 8 14 17807 15441 3 3142 4102 16 10921 185780 41085 72178 11359 25 3 3142 5114 98586 249 5
41085 72178 11359 25 3 3142 5114 5
17 74 176 7 3 2370 110626 35 139895 4 6186 33 15 4102 276594 130 13 9 4102 72178 16 9 1332 72178 10 47 14 120 16084 197 3 8 31 392 24 3082 35 4 35 33 33 8 3082 35 35 33 4 33 4 114 6219 3082 58508 35 79 4 2636 33 3298 56012 8 12662 3082 58508 35 79 4 2636 33 3298 56012 5
81 46 2124 4 3 1959 6 10775 2505 25 1321 3559 32542 2642 4 2994 10 324856 12283 3462 5
35 274 33 4 36 26 10028 2209 5
17 2981 7 3 32542 992 42540 6 9 156936 4 448659 4 4120 3797 19 9424 29132 8 15441 55906 35 10 46 162 15441 3082 249 33 5
238 3177 4 3 1959 7 3 5018 31 10028 2209 5
13088 25 3 650 9 3890 628 197 10 678 6 1649 3 49894 5
66 16 4939 21 53 6219 3082 1356 1362 15441 98236 9424 16 3 221 7 23394 109 6 4114 3082 249 4 4 15441 8 72539 3082 249 4 4 9424 115998 249 31 3 9796 23394 8 408099 6 4114 3082 249 4 4 15441 16 3 3354 12911 5
145 3354 12911 144 27 9 424 13300 3201 4 14 946 9 1966 3201 5
100766 3 2981 7 3 41748 10746 32542 992 35 19 9424 9796 23394 109 18398 4438 10746 8 2990 55906 33 4 8 1649 23 5
30870 9 12643 5536 5
659 10775 2505 25 3 992 4 9 12643 5536 29 45 4209 2016 3 9962 11612 7 3 9796 23394 5
145 12643 5536 36 26 220 6 3270 8 8647 3 3559 32542 992 8 6 4498 3 3354 12911 35 10023 7488 297 23394 33 464 6 3817 3 2505 7520 24 23 5
17 5536 16 4939 21 53 12662 3082 1356 1362 53 12662 29 97 3893 4209 19 3 3644 7 2505 21946 109 9421 2464 3 1564 221 35 446326 35 249 33 33 8 9424 3 23394 221 5
3194 9796 12911 29 8355 8 99252 2770 4 47 15103 3 9962 1079 7 290 12911 5
17 3033 8 3235 2770 31 83735 13 31 3995 4939 21 53 446747 3082 58508 4 4 4 56012 8 106174 3082 58508 4 235348 4 4 56012 17 60401 7799 15103 3 221 7 20587 13 36 26 4209 14 290 12911 4 148 3 3033 8 3235 2770 53 7799 3082 1356 1362 109 72539 3082 249 4 4 9424 115998 249 16816 4 3 13422 12634 7 290 12911 4 47 98697 3 12643 628 197 4 16 3380 24 3 508 6635 53 93654 3082 58508 4 271244 4 4 56012 114 14 72539 3082 249 4 4 9424 115998 249 5
17 2770 7 290 12911 220 6 3855 3 12643 5536 71 26 3380 24 53 66 86 26 6453 13 3 221 7 2757 9421 13 36 26 4209 5473 15 3 221 7 628 7 290 12911 5
458 9421 71 26 4939 21 53 35 249 33 503 5
33630 3 12643 5536 12662 6 3 1050 10 678 6 4498 3 3354 12911 20721 3082 1356 1362 47 144 27 3 216 13300 3201 5
273 946 4 6 9 1966 3201 4 23 16 537 6 10158 3 1050 83538 137 3 4631 7 3 13300 23033 8 5
208 8 34457 35 14937 4 64399 33 3082 35 14937 33 249 115998 2567 35 64399 33 3001 272 5464 4 153 4 119 6 1092 249 5
425782 3 23394 35 11107 33 7 3 40056 15850 3082 1356 12662 4 20721 1362 9421 76 33770 20587 5
238 3 628 1109 24 46 5018 27 11065 2770 4 3 333 5114 6 3001 192 628 16 3 117 5794 5114 5
30870 9 3142 5114 2858 1870 6 30174 10 20587 35 33 3 9424 6034 23394 4 7601 9 46302 1322 148 6034 8 13987 35 14318 33 114 32 5811 29 49 34 32 17807 5
202369 3 3142 4102 8 1088 3 517 45546 5
46974 90 31660 10 678 6 4498 3 954 197 9935 7 954 7 3 2125 53 208 1301 273 946 4 3 2927 63476 31660 35 284466 323 139895 4 2391 33 49 3 15000 487303 31660 35 323 20819 4 911 33 5
1498 3 542 7 9 2215 650 4 3 2376 7 9 33498 7 23394 694 142 26 1272 5
81 46 267 4 4599 871 71 26 6234 6 90 23394 8 7702 3 83 4 3847 1147 6 2258 3 44895 3074 7 3 650 21 2209 10 67844 4 91525 4 8 324856 35 274 33 5
145 542 71 26 7679 24 3 5018 19720 1959 459 8 708 13 17544 23 5
5410 3298 3 197 7 70 3 12911 16705 13 16 2161 6 26 43606 4 10 46 267 4 1959 459 8 708 71 26 393863 21 53 459 1210 6 3 296 1092 9 12643 5536 1356 2567 1362 383 26 1148 5
659 23335 9 4599 871 6 9 33498 3298 7 23394 112 53 92 72539 3298 153 3082 72846 109 14 11856 3082 249 4 4 109 114 72846 708 1210 6 3 2320 1092 9 3142 5114 35 5828 4 2990 4 38 33 383 26 1146 4 10 46 267 132 2990 3082 4 114 53 3082 58508 2990 109 72539 3298 16054 4114 358571 72539 56012
81 46 2124 4 3 5018 4 10712 543 15 6034 27647 4 2994 10 67844 8 18232 35 590 33 8 67844 8 18232 35 6833 33 4 36 26 10028 2209 5
17 5018 16 3677 25 3 3142 5114 5
66 16 543 15 3 10712 7 825 6034 4 13563 3 3780 7 133 6034 24 9 837 3890 7 91 5
19499 4 3 629 9299 322 16 3 5141 7 27647 5
273 50 6300 4 9 2059 16 1146 14 290 17807 7 3 3142 5114 4 47 4763 6 3001 3 17807 2106 16301 4 8 3 27647 16 2118 25 3 17509 7 3 13987 5
238 3 2981 7 3 4102 72178 16 10978 25 3 5249 7 13987 7 6034 4 23 16 230 13 3 10712 7 825 6034 36 5313 22 9 1087 2463 35 47 36 5524 15 3 2190 6234 17509 33 9 4410 7 3 1494 2981 125 1691 9 1087 2463 7 54039 5
81 3 939 7 46 2124 4 879 35 5828 4 2990 4 38 33 26 9 3142 5114 25 47 9 1842 3142 5114 383 26 1601 5
66 16 5892 13 6 290 17807 15441 2990 16 6234 9 2059 337612 133 13 6494 337612 249 5
2758 2059 71 26 554 21 9365 3 7444 7 3 17807 25 6494 35 93 16301 33 6 249 35 6474 16301 33 5
17 2059 144 26 4939 24 3 4650 543 15 3 51423 6885 7 3 17807 4 79022 5
543 15 50 3238 6 3 1506 3380 24 3 3142 5114 5
17 27647 148 67 6034 19440 4 18398 5828 36 59 26 1867 24 9 521 221 148 6494 35 2112 42456 33 8 249 35 2112 34392 33 4 95 4939 53 114 4 35 19440 4 18398 4 15441 33 3082 337612 4 92 35 19440 4 15441 33 38 35 18398 4 15441 33 38 109 6494 4 2631 5
214 16 4 3 27647 148 67 6034 19440 8 18398 16 392 24 3 16036 5806 7 3 17509 7 13987 10 47 189 6034 1648 19 290 83 35 189 27 91 49 189 112 34 27 91 33 5
1655 3 27647 40056 23 16 537 6 1088 32 31660 13 754 18679 7 825 6034 4 95 13 67 6034 71 26 10 3 216 182 97 92 43 27 9 1087 2463 7 27647 5
24106 4 23 16 1282 3 231 7 9 27647 1291 4 8 9 3235 221 7 825 3893 4 189 4939 24 3 4650 5
901 6034 19440 4 18398 5828 36 26 1109 825 8 3475 31 338 6 948 10 3 216 182 92 8 97 92 88569 35 4114 4 72539 33 5
17 221 16 100 57 48 2138 1712 14 3 4650 53 23 45453 13 290 182 71 3576 22 104 3893 5
81 67844 8 18232 35 590 33 32 31660 18 1273 8 23 36 26 1109 10 46 162 5
3062 26 3 197 7 70 18679 7 6034 9168 25 5828 24 3 1217 5
81 3 1842 3142 5114 290 197 8913 36 26 1109 21 32 5811 8 133 5811 36 27 3 13987 7 2990 47 31 1029 6 70 6034 10 6003 214 16 4 3 13987 7 8913 36 26 138 10 58508 8913 56012 4 114 3 3802 7 118559 16 3677 25 38 5
12502 4 24 3 5018 3 1842 3142 5114 35 117219 4 116 4 157010 33 16 133 13 53 117219 3082 109 116 3082 58508 58508 8913 56012 56012 109 8 35 8913 4 15441 33 157010 92 4 8 97 92 4 15441 58508 8913 56012 5
238 267 542 3 2358 5292 650 18 3112 5
81 324856 8 35 274 33 3 8593 32542 7 3 5292 650 18 2994 8 50 522 36 26 1109 10 46 162 5
364 9688 14 46 267 542 9965 6 3 644 13 10 3 386 3 221 7 1149 16 1731 8 3 2505 52 3 650 144 26 1198 6 287 5867 4262 10 133 9 1906 8 8524 916 4 95 13 43 1445 3 9842 4860 7 192 1443 5
187 31 307 1896 1601 24 3 20754 10 3 5292 650 5
17 6905 322 16 6 240 3 1217 21 9 84 2155 6 259 3 3074 7 3 2358 5292 650 15826 3 1951 7 3 23394 15 3 5292 6885 109 658 4 538 3142 5114 1842 24 1217 5
133951 8593 17 18423 2520 14 3 2358 5292 650 852 17444 3 5292 6885 24 1513 22690 35 3280 33 7 103860 10869 3380 24 14392 53 109 114 26269 109 40620 3354 26269 109 352700 119 5268 109 815 5268 109 596 4047 2847 109 14919 85612 5
145 14392 4589 103860 1682 13 1618 321 6 9 103860 6635 7 841 19816 28579 2104 5
2758 16 3 267 7 3 3720 2106 1506 35 3720 4 7155 33 1109 21 57 7 3 104 1332 10 3 5292 3695 5
214 1506 2818 9 964 46333 900 4 47 12424 50 231 10 26653 532 8 7852 1443 5
659 4498 9 5536 14 3 928 8 25017 4 3 3720 2106 15060 18 220 5
17 17365 5257 1215 14 3 5292 650 18 4939 21 53 2778 40834 3082 21328 35 26741 33 2778 40620 3082 8825 35 26741 33 2778 3082 33264 2778 352700 3082 412993 35 33 2778 3082 35 33 2778 11348 3082 1635 2778 2778 3280 3082 35 33 7337 14 3 1943 8 3 5292 12002 42 4939 21 53 2778 5132 3082 35 33 2778 8033 3082 439404 75910 2106 5514 7 3 5611 2778 7799 3082 215663 35 26741 33 2778 1883 3082 527042 35 26741 33 2778 2990 3082 35 33 2778 19440 3082 35 26741 33 2778 51364 3082 35 33 2778 51364 3082 3082 35 33 5
8616 4 3 23394 42 9833 21 53 40834 3082 196049 704 202 4 40620 3082 196049 459 202 4 3082 196049 302 202 4 352700 3082 196049 306 202 4 3082 196049 306 202 8 4 21 1282 10 4796 35 8054 33 5
5408 523 2770 42 3112 14 290 12911 4 3979 10 14747 628 2757 5
17 5292 6885 35 3280 33 18 7154 137 3 3720 2106 1506 5
17 8593 7 3 2358 5292 650 137 49894 18 1804 10 324856 8 35 274 33 5
17 32542 992 220 35471 6 9 179777 4 448659 8 4120 3797 19 6517 3082 708 29132 8 2990 3082 249 3354 4 114 3 221 7 23791 10 3 4438 9419 18 3112 21 698 35 355568 1635 249 33 4 21 1273 10 261829 35 3728 33 8 9327 35 6104 33 5
238 292078 2589 4859 4 3 10024 4859 18 3112 8 3 992 18 3559 137 119 71966 31660 5
238 29132 7 3 992 4 3 9796 26269 35 40834 33 4 3 3354 26269 35 40620 33 4 3 14919 85612 35 33 4 3 815 5268 35 33 4 3 119 5268 35 352700 33 8 3 596 4047 2847 42 1109 109 8 21 3354 4 3 5292 6885 35 3280 33 18 1109 3619 10 53 5
17 508 4644 18 3322 6 39775 3 9796 628 103 538 91 10 3 992 2981 53 35 9 33 81 678 6 1297 23462 7 3 49894 928 650 4 3 40937 12634 1356 6494 4 249 1362 18 1842 6 1356 6766 4 9193 1362 35 323 4 1422 109 323 16321 4 744 33 5
35 8862 33 17 628 42 48871 137 3 508 6363 53 535288 3082 35 20936 115998 33 126 35 115998 33 8 20936 3082 1635 35 249 115998 535288 33 109 114 535288 16 3 48871 871 4 20936 16 3 871 6 39775 4 8 31 3033 8 3235 12911 2770 4 3995 5
35 8258 33 8 42 43420 21 3177 53 3082 35 115998 33 8 3082 35 115998 33 5
659 4498 9 3890 197 7 3 650 6 26 3 928 197 4 10 324856 12283 3462 5
35 502 33 23 16 1282 90 4538 6 1088 396 8 441529 928 2757 4 5714 3 2168 7 83538 7 3 992 5
2018 192 4 3 6635 9424 3082 35 33 341 98236 35 18365 98236 35 249 115998 18365 33 33 29 45 8074 25 4015 352 8 29 45 220 10 46 162 6 13012 9 6943 1646 14 3 928 197 5
3690 9424 16 3 1646 7 3 5907 4 64399 16 3 8815 653 4 16054 16 3 3768 180 3 596 8 18365 16 3 1193 5084 5
55177 64399 10 1818 202 35 64399 3082 33 4 18365 10 5853 8 16054 10 459 202 4 9424 3082 83532 5
66 16 533 6 12680 13 3 871 16054 16 34 3 3235 3768 230 14 3 992 5
17 508 4644 29 45 3322 6 1088 101542 2757 53 35 249 33 273 290 12911 7 3 992 4 1564 4623 3 3235 8 3 3033 2770 27 45 3467 5
35 341 33 17 1315 397 7 3 650 35 79022 5
3 104 3890 23394 10 3 628 197 33 29 45 3112 8 304 6 3 928 197 5
35 459 33 17 1652 3893 27 45 14027 3467 4 19 3 3644 7 3145 3 1646 9424 7 3 928 197 5
273 3 928 650 83532 628 31 220 5
622 3768 7 9330 18 3677 14 3 12984 6885 5
81 3 25017 650 70 628 13 42 34 381 10 3 928 650 42 220 4 13 16 5
17 928 661 522 8 71 26 1109 5944 6 3001 3 650 5
20498 341 240 11245 317 7 3 3768 3455 10 3 928 650 8 25017 5
2249 3 733 7 11807 650 2505 2198 24 3 32542 992 4 80 3476 9 928 8 25017 650 6 5576 3 3235 2168 7 83538 7 3 992 5
12502 4 80 1303 61 3 25017 650 19 9 5907 7 628 21 3592 5
20498 341 5
12266 8 25017 522 5
12266 106449 7337 197 83532 40782 3768 169688 37642 3768 9897 3768 115831 3260 44398 3768 12099 5
114717 7 2505 24 3 5018 435 9 6943 928 650 4 3 5018 71 26 3677 5
6832 67 628 147 12911 8 67 47 522 10 9 12643 5536 19 4640 1564 4 32 5940 1084 4 19 93688 954 18 3455 5
273 3 1396 21946 3 31660 384 18029 35 323 20819 4 911 33 18 220 5
622 946 7 192 954 16 1595 6 1667 53 5
238 3915 4 65 3 221 7 628 147 12911 49 20587 31 853 454 1056 31 16277 25 3 49894 109 658 4 46 2125 7 2376 16 34 535 537 5
20498 459 3 221 7 16277 3142 13538 8 954 14 1087 38060 7 628 147 12911 8 20587 71 26 6453 5
11346 13 14 503 628 147 12911 8 20587 7 4 3 221 7 3142 13538 16277 18 1370 58 24132 5
1949 1963 13 3 6372 2376 7 9 45546 7 46 7060 16 34 16079 5
81 7488 6 3 197 7 954 4 1963 13 503 628 147 12911 8 20587 7 4 3 221 7 954 3455 4 369 4 16 177 272 4 363 23 841 6 231 5
11346 59 13 1723 3 221 7 9796 23394 8 3354 7 3 32542 992 59 6654 3 221 7 16277 3142 13538 8 954 5
20498 459 5
11292 7 3142 13538 8 954 4 35 13538 4 954 33 4 3455 14 3 12631 12911 628 9937 8 5
7337 147 12911 341 459 503 341 459 503 81 20498 459 3088 13 141 538 97 67 628 147 12911 8 12634 3 221 7 3142 13538 8 954 16 272 4 3847 363 3 650 7 2505 21946 1908 5
114717 7 2505 538 1842 3142 42179 25 1217 83571 9 3142 5114 4 23 16 537 6 10992 13 3 221 7 3142 13538 8 954 16 7900 24 3 221 7 6034 5828 4 3 221 7 13987 2990 8 3 3201 7 3 14318 38 35 67844 4 590 33 5
2018 192 19393 4 3615 4 3 221 7 6034 29 9 568 238 2994 4 32 1217 3682 7 2790 3 551954 7 3142 42179 2790 3 221 7 6034 16 3 5
17 2673 7 3 17592 2779 2543 2505 7 3 51423 6885 7 3 13987 7 3 3142 5114 4 10 83 1299 23 16 1622 6 2258 9 2059 14 290 17807 7 3 3142 5114 4 47 2464 50 3238 10 3 650 2376 5
17 7488 7 3 23394 3238 220 10 17241 3 32542 992 4 1273 24 324856 8 35 274 33 4 18 1109 5
11346 13 14 3 6885 3280 16 3 104 533 12911 8 3 815 5268 287 4279 12911 5
6297 15 3 16301 7 3 23394 220 10 3 32542 1506 23 16 537 6 3855 32 3267 3238 6 3 13987 8 2780 3 1217 6 1128 3 3142 5114 16277 25 3 49894 24 3 5018 5
8616 4 80 3677 3 508 197 7 17509 53 8 5
3194 17807 4209 24 3 650 597 3 12911 2059 7 12510 32542 992 5
54522 9 3235 2123 7 6034 147 182 3082 183 8 11264 3 8515 29156 4 23 71 26 381 10 20498 503 3 221 7 6034 4 7 3142 13538 8 7 954 3455 25 3 3142 5114 16277 25 3 32542 992 4 538 341 628 147 23394 8 341 20587 5
20498 503 5
11292 7 6034 4 3142 13538 8 954 14 3 10887 16277 25 3 32542 992 19 67 628 147 12911 8 67 20587 5
249 4640 93688 32953 10355 4937 43316 52259 9193 4271 76722 71917 8642 4012 82551 84714 7853 3128 48295 45866 5853 1403 27293 35627 7257 1135 15861 11589 6822 630 2879 9686 6766 698 1135 2715 6909 407 800 4452 5
134865 44895 2505 7 3 5292 650 538 1842 3142 5114 238 2994 10 8941 459 2124 4 23 18 537 6 12262 4 24 3 5018 4 9 33498 7 23394 2198 24 3 32542 992 4 3847 9863 3 44895 148 3 23394 5
81 324856 8 67844 35 280 33 3 6885 3074 3280 8 3354 26269 40620 14 10887 202 7 3 14919 85612 18 3455 24 3 5018 5
81 46 2124 4 46 216 3074 36 26 1091 109 658 4 24 538 1842 25147 276594 24 3 1217 5
238 23 36 26 6453 4 141 54 3 650 7 2790 3 10119 7 3 3142 5114 23 36 149 26 537 6 10992 3 44895 3074 7 3 5292 650 2198 24 3 32542 992 5
17 650 7 15826 3 17521 148 9 33498 7 23394 1547 24 3 32542 992 2179 22 7623 4599 2770 15 3 23394 47 31 34 10637 154 3 650 7 589 3 12643 628 1084 14 3 1315 7 3 32542 992 35 8941 459 33 5
81 20498 500 4 3 197 7 3677 2770 71 26 6453 5
77408 42 2173 6 5292 6885 3280 8 3354 26269 40620 4 14 10887 7 14919 85612 35 3033 4 3235 8 596 31 6453 10 3 73 517 7 20498 500 33 5
20498 500 5
39042 2770 3677 154 3 16676 650 7 3 23394 33498 2198 24 3 32542 992 5
9897 40834 35 26741 33 500 352700 35 33 35 33 9897 40782 37642 33264 550306 81 20498 708 4 3 3142 5114 35 5828 4 2990 4 38 33 16277 24 3 5018 14 3 1322 148 3 6885 3280 8 3 3354 26269 40620 7623 9 3033 14919 85612 16 2209 5
81 3 3142 5114 5828 31 3 9022 1315 266 7 3 32542 2642 8 2990 3 23394 10 409 20587 5
11346 13 3 3142 5114 6034 27 265 10777 10 1029 5
527 4 23 71 26 381 3 7566 7 67 600 7 6034 4 3 74 14484 7 6034 47 3 5292 6885 16 10 3 12634 3280 1356 500 1362 8 9 182 10 47 3 6885 16 10 3 12634 3280 1356 708 1362 5
20498 708 5
47390 5114 16277 24 3 5018 14 3 1322 148 6885 3280 8 3354 26269 40620 7623 3 3033 14919 85612 40620 698 58565 163524 6494 14937 14937 697 14937 14937 2131 14937 14937 2879 14937 14937 4640 14937 14937 1614 14937 14937 8708 14937 14937 14715 14937 14937 17404 14937 14937 19560 14937 14937 7288 14937 14937 24541 14937 14937 22691 14937 14937 26372 14937 14937 29675 14937 14937 81 3 98586 341 57 71 10992 3 4102 72178 11359 25 9 3142 4102 25 3 20498 708 4 47 18 3455 24 5018 14 3 1322 148 3 5292 6885 3280 8 3 3354 26269 40620 7623 9 3033 14919 85612 276 2790 3 10119 5
66 16 6453 10 3 72178 4 21 14580 10 3 3142 5114 4 3 7566 7 67 9022 600 53 3 74 5630 3 2654 5292 6885 3280 19 3 612 3354 26269 2770 40620 8 3 169 5630 3 1391 5292 6885 3280 19 3 2654 3354 26269 2770 40620 5
145 3074 10260 3 1322 148 3 23394 2198 24 3 32542 992 4 47 4784 3 2755 3074 7 3 5292 650 5
93432 72178 3455 14 3 1322 148 6885 3280 8 26269 98586 341 5
93432 72178 3455 14 3 1322 148 6885 3280 8 26269 3354 40620 7623 3 3033 14919 85612 276 2807 7 10119 5
81 20498 700 4 3 3142 5114 1842 24 3 1217 35 3082 8 3082 341 33 3455 14 3 1322 148 5292 6885 3280 8 3354 26269 40620 4 7623 9 3033 14919 85612 4 71 26 6453 5
17 3979 3142 5114 29 34 2209 3 216 6034 49 13987 5
45646 49 13987 19 192 2000 4 79022 5
8639 4 71 26 2207 276 8466 637 7 25147 72178 35 284466 323 139895 4 2391 33 5
134 71 1963 10 3 1842 3142 5114 3 5248 7 9 396 182 7 6034 35 58508 6494 56012 8 58508 697 56012 33 3192 24 3 6885 7 1370 871 3280 1356 708 1362 8 9 182 7 6034 35 58508 2131 4 2879 56012 8 58508 29675 56012 33 3192 24 3 6885 7 2846 871 3280 1356 500 1362 5
20498 700 5
47390 76360 1842 24 3 1217 35 3082 8 3082 341 33 3455 14 3 1322 148 6885 3280 8 3354 26269 40620 7623 9 3033 14919 85612 54 3 6381 7 8639 6034 8 13987 5
58565 163524 697 14937 14937 2131 2879 14937 29675 14937 14937 6494 14937 14937 17 98586 459 6274 3 25147 72178 1842 24 3 1217 538 3082 8 3082 341 3455 14 3 1322 148 6885 3280 8 3354 26269 40620 7623 9 3033 14919 85612 4 25 3 3142 5114 1595 10 20498 700 5
8077 4 1963 3 7566 7 600 7 6034 21 381 10 3 5114 8 3 1494 4102 72178 5
49316 25147 218583 35 98586 459 5
49316 25147 218583 35 3082 8 3082 341 33 3455 14 3 1322 148 6885 3280 8 3354 26269 40620 7623 3 3033 14919 85612 5
18134 3 98586 503 6274 9 1842 25147 72178 35 3082 8 3082 341 33 3455 14 3 1322 148 6885 3280 8 3354 26269 40620 7623 32 596 14919 85612 8 98586 500 3 3267 1842 4102 72178 5
5583 4 98586 708 6274 9 1842 25147 72178 35 3082 8 3082 341 33 3455 14 3 1322 148 6885 3280 8 3354 26269 40620 7623 9 3235 14919 85612 8 98586 700 3 3267 1842 25147 72178 5
25421 13 4 21 6 3 8355 14919 337 4 3 893 14 3 3235 8 596 2770 1379 4 3 7566 7 600 47 240 3 1322 148 3 6885 8 3 26269 7 3354 5
10526 4 10 3 650 7 3142 5114 2807 4 8 4831 1444 7 3 1842 276594 4 3 1322 148 23394 18 10955 5
41085 72178 3455 14 3 1322 148 6885 3280 8 3354 98586 503 5
41085 72178 3455 14 3 1322 148 6885 3280 8 3354 26269 40620 7623 32 596 14919 85612 276 2807 7 10119 5
49316 4102 72178 35 98586 500 5
49316 4102 72178 35 3082 8 3082 341 33 3455 14 3 1322 148 6885 3280 8 3 3354 26269 40620 7623 32 596 14919 85612 5
93432 72178 3455 14 3 1322 148 6885 3280 8 3 3354 98586 708 5
93432 72178 3455 14 3 1322 148 6885 3280 8 3 3354 26269 40620 7623 9 3235 14919 85612 276 2807 7 3 10119 5
49316 4102 72178 35 98586 700 5
49316 4102 72178 35 3082 8 3082 341 33 3455 14 3 1322 148 6885 3280 8 3 3354 26269 40620 7623 9 3235 14919 85612 5
473 3 197 7 1842 3142 13538 8 3 18283 23 16 59 537 6 10775 954 13 240 3 44895 3074 7 3 650 2198 24 3 32542 992 5
81 98586 704 9 14132 7 3 6885 3074 3280 6 10887 7 202 10 3 14919 85612 8 9 197 7 954 3455 25 3 1494 72178 8 3 1842 71 26 6453 5
11346 13 4 3 14919 85612 10887 899 10887 10 5292 6885 13 31 4669 10 3 3455 197 7 954 5
14 302 202 10 3 14919 85612 4 3 954 4459 9 5292 6885 10 3 12634 7 3280 1356 500 1362 8 3280 1356 708 1362 5
17 596 35 6127 33 14919 85612 3619 10 9 5292 6885 148 3280 1356 708 1362 8 3280 1356 700 1362 5
5583 4 9 337 7 202 10 3 14919 85612 3619 10 9 6885 148 3280 1356 700 1362 8 3280 1356 704 1362 5
39007 7 6885 3280 6 10887 7 202 10 3 14919 85612 98586 704 5
39007 7 6885 3280 6 10887 7 202 10 3 14919 85612 5
1949 10 3 14132 1595 10 98586 704 3 1842 2757 7 16277 954 71 26 6453 5
11346 13 4 21 10 3 1494 197 7 954 4 3 3074 7 3 650 71 26 6453 5
10526 4 3 221 7 954 16 2537 1731 4 47 522 10 9 146 10973 8 2538 2376 7 3 650 3074 2198 24 3 32542 992 5
966 19630 544 3972 9 272 10119 10 50 9962 8 3 3003 192 6589 71 26 177 1812 5
622 2155 16 6 542 91 137 8524 23623 7 899 8 1102 5
49474 1442 4538 27 45 1273 6 46 194 4 297 91 4 7732 32542 2642 1335 61 5
81 308 85 4 117 2062 27 1595 3 1175 6 231 32542 2642 14 523 2333 5
158 31 3682 7 5630 3 23394 694 10 9 650 25 9 197 7 628 5
527 4 312 49 93 317 16 1252 6 1445 143 522 42 3439 5
81 46 5662 4 9863 206 522 538 32542 2642 4 44 19 7934 6 2565 3 522 4 307 5310 14 25418 3 2505 2198 24 32542 2642 2061 4 297 91 4 3 5018 5
527 4 46 1217 16 16134 7 2957 19 32542 2642 19 117 23394 5
7219 4 141 32542 992 19 9 265 23394 4 4808 15 3 653 7 3856 12956 4 3 221 7 1682 16277 25 3 32542 992 71 26 26167 5
8616 4 46 542 1827 6 1649 9 32542 992 6 1849 3 650 7 2358 5292 3786 8 2780 3 5018 6 10775 11427 8 44895 3003 7 3 32542 992 5
527 4 80 3677 4538 6 1128 10119 10 3 4102 72178 8 10 3 3142 5114 1146 24 3 5018 5
29383 153 4 1370 47175 8 1277 7 3 5018 4 9834 25418 9 48 4279 2505 8 1369 6 12262 5
527 4 87 18 93 637 10 1175 6 1445 3 650 2198 24 3 992 5
949 7623 3 1217 14 9 3142 5114 2807 4 23 18 537 6 1445 3 650 2198 24 3 32542 992 5
66 18 6453 14 3 13422 202 10 3 14919 85612 3 1322 148 3 6885 3280 8 3 3354 26269 40620 137 9 396 221 7 954 8 3142 13538 5
17 1175 6 1128 4 55741 8 76249 3 2505 16277 25 3 32542 992 16 4279 106 23 6274 6 3 44629 2505 1369 6 1445 5
238 9 426 162 4 23 16 2161 6 2780 83 6599 6 1128 3 3142 5114 8 4102 72178 4 14 946 4 3 67818 7 3142 13538 5
9049 4 23 16 2161 6 5576 3 1175 7 32542 2642 6 581 3 44895 3074 7 83 1784 6589 5
249 766 517 50185 10 46 1381 42 2682 538 3 1586 35 330003 4 1515 33 5
341 17 221 7 423 266 14 3 650 16 149 32 526 813 4 8417 3 221 7 628 147 12911 144 26 385 6 3189 70 3 3142 5114 4 3847 7138 3 637 7 40 8593 49 3 3465 7 3629 6034 5
459 81 521 3142 42179 4 23 16 477 6453 9 146 1978 221 7 6034 58 13987 5
503 64656 3 1277 49 2129 7 3 650 5