49474 1442 4538 1827 22 48 6661 46254 746 33959 2338 3 24204 7 41748 4336 19372 5
17379 4 32 3994 1058 7 10444 41748 4336 628 16 666 6 916 9 41748 4336 303777 5
17 3465 7 133 93927 16 1618 1908 8 20558 5
79 798 470 152 6 4498 41748 4336 93927 14 231 19 133 4538 16 6 231 13703 156029 86876 5
134 8850 18166 4336 19210 76 3 4336 2020 650 6 2882 3 2489 1359 7005 14 290 3099 392 156029 41748 4336 86876 5
1796 11245 1277 532 2520 543 15 3 162 7 144943 8 186529 31 1273 5
17 4336 6325 17250 35 5547 203210 33 1506 1122 20178 19210 3898 297 70 7005 5
17 4336 17250 35 9421 203210 33 1506 600 7005 76 9906 6 1368 7924 25 126851 7005 5
17 175314 992 4336 6325 17250 35 73135 203210 33 1506 224694 2464 4336 19210 538 15327 2744 2763 6 4417 3 628 349622 565 5
11391 7 67 8365 4 2498 111909 14 1583 10 741 8 4701 111909 14 16802 4 240 13 35 249 33 3 73135 203210 1506 104 2875 10834 3 41748 4336 37582 565 19 86876 1252 24 97 52 218 571 147 3099 8 13 35 341 33 3 9421 203210 1506 16 282 92 87 31 4631 3898 297 3 7005 5
659 5806 55 4 65797 538 4336 19210 6 4498 41748 4336 93927 16 9 3982 152 6 1128 3 470 7 628 2137 14 426 2333 19 8355 22609 10 3 1277 7 3 522 5
4036 3 10119 7 746 1862 4 307 7732 1442 1443 1827 22 46254 746 33959 4 150 2498 10900 8 4701 42101 4 27 57 670 10 1029 53 158 48 6661 2338 3 24204 7 41748 4336 19372 58 13 7 837 4336 19372 121 57 3099 142 20513 48 58 57 33959 22 3 216 89 5
17379 4 32 3994 1058 7 41748 4336 628 16 666 6 916 9 41748 4336 303777 5
7219 4 3 628 1277 1752 6654 3 773 7 2953 2854 4538 5
85564 10444 628 25 189 1149 8 528 4803 71 26 1908 8 20558 5
134 4729 1225 6 4498 22 799 470 5314 41748 4336 93927 14 231 19 25646 4538 5
231425 83315 416 581 9 770 14 12157 1678 5066 7 8090 6 9 528 182 7 68 4 8 17460 16 57 7 3 689 83315 8090 5
1113 41748 4336 628 71 26 3455 25 9 83315 394 22 177 799 470 35 89 8 3329 33 4 83315 571 31 3691 3559 8 2239 112 34 27 3 10612 666 6 10366 3030 3 998 2485 5
7219 4 90 571 142 1122 6153 6951 6904 21 9 770 6 3207 1369 207 5
12502 4 5918 3 1277 7 3 522 4406 24 571 16 57 7 3 603 2235 10 83315 5
79 3982 1217 6 3096 3 1277 7 156029 86876 16 6 4556 14006 4 47 4589 1855 307 571 6 162 15 290 2485 4 8 153 62490 40 522 6 4498 9 48 5314 665 5
17 22340 51375 1264 4 1045 505 4 16 7716 97 92 3 221 7 571 16 528 385 5
66 16 543 15 3 19232 9513 13 70 571 27 3 216 13300 7 363 32 3768 5
208 3 221 7 571 16 287 58 9 1087 4000 221 4 3 19415 1102 7 3 13703 6904 16 964 4 8 5429 6904 392 24 523 571 4351 5708 1024 1277 522 5
527 4 6625 628 25 9 528 221 7 571 16 460 2784 463 6 3 272 470 35 89 8 3329 33 5
81 1069 7 46 4 307 5242 11245 4538 35 144943 323 186529 4 5282 109 138156 4 43925 4 152604 4 323 194329 4 6833 109 4 13587 4 4 323 4 590 109 83738 4 12825 4 269236 4 450881 4 323 4 280 33 27 45 1273 14 9863 5314 522 25 86876 1252 24 9 3971 7 83315 571 5
527 4 192 4538 1122 3383 3 565 7 21853 9 837 1359 4336 14 290 837 10921 3099 5
22067 8 35 590 33 4729 3 809 148 1149 8 83315 571 35 196986 33 14 41748 4336 1973 111909 5
158 170 13 3 1277 7 156029 86876 16 825 6 3 111909 1277 7 1149 5
527 4 43 155 34 2258 143 117 83315 571 31 666 6 4498 5870 1277 5
659 3 282 7 129 2505 4 3 565 7 41748 4336 37582 29 34 45 2875 10455 5
12502 4 129 3316 322 16 6 2258 3 282 152 6 2882 2489 1359 7005 14 290 3099 25 41748 4336 86876 1252 24 9 3971 7 83315 571 5
17 3316 16 6 1128 3 470 7 2172 10444 41748 4336 93927 14 426 2333 19 8355 22609 10 3 1277 7 3 522 5
41748 4336 37582 25 156029 86876 71 26 381 21 32 32601 41748 4336 19372 565 5
901 1940 220 4309 14 41748 4336 19372 31 3 46302 16301 35 85943 33 5018 8 3 4336 3109 49 4336 326 197 35 16907 33 5018 35 4 4 323 4 590 33 5
17 85943 5018 132414 3 41748 4336 37582 565 76 307 1216 46302 4336 37582 544 4 57 14 290 4336 10 3 197 7 1026 7005 5
17 380 7005 14 290 3099 31 2118 24 62490 3 7736 25 70 46302 251459 5
527 4 46 5018 340 34 1384 19210 297 1026 7005 5
17 16907 5018 10915 290 2665 33498 7 7005 10 3 197 7 1026 7005 21 32 7408 4336 8 6409 9 84 837 4336 37582 565 4 11771 4 21853 290 771 7 3 326 197 7 3 1026 4336 197 5
1113 3 16907 5018 1141 4336 19210 76 1250 4 9 528 221 7 3597 29 6 26 5169 19 65 3 221 7 1026 7005 16 528 5
16561 255 4 3 16907 5018 71 2093 3520 25 3 349622 7 272 61638 86876 5
64411 6 1213 192 9705 4 80 8850 65797 18166 4336 19210 76 3 4336 2020 650 5
81 1654 4 80 8850 108 11245 1277 532 2520 543 15 3 1506 7 144943 8 186529 35 5282 33 35 17250 33 4 9 6682 32601 837 4336 19372 31660 53 2778 4336 6325 17250 35 5547 203210 33 1506 17 5547 203210 1506 4 47 16 32 7254 7 3 16907 5018 4 1122 1141 3 19210 3898 297 70 1026 7005 76 1250 5
2778 36018 17250 35 9421 203210 33 1506 17 9421 203210 1506 600 1026 7005 76 9906 4 8 153 8118 2082 3 684 7 3 67 7005 496 290 1808 4 9834 5470 7924 25 126851 7005 5
2778 175314 992 4336 6325 17250 35 73135 203210 33 1506 17 73135 203210 1506 16323 3 15327 2744 2763 7 3 1730 3201 72 1026 7005 21 9 175314 992 8 102333 3 4919 272 61638 1730 3201 24 538 3 1247 7 3 15327 23033 7 3 1026 7005 5
659 8612 3 7362 7 3 1273 2520 14 41748 4336 37582 4 80 2173 67 8365 538 83103 83315 81 57 4 83315 571 42 15105 19 188539 3 6654 35 7992 33 7 1583 10 9 741 4 8 10 3 83 43 42 15105 19 188539 3 7113 7 20567 7846 5
17 522 661 13 4 19 41748 4336 86876 1252 24 9 3971 7 83315 571 4 10 104 745 4 3 73135 203210 1506 5487 3 41748 4336 37582 565 48 2875 58 3 83 2520 5
527 4 92 87 42 4631 3898 297 3 1026 7005 4 3 9421 203210 1506 18 3 104 1783 5
17 8254 7 46 1181 16 4393 21 3177 5
81 8941 341 4 80 1165 3 1494 1506 4 47 16 3 1625 7 129 542 5
8941 459 18506 67 7 3 1273 41748 4336 37582 2520 53 5547 203210 8 9421 203210 5
8941 503 5181 3 231 7 3 8265 167005 35 45301 33 31660 6 44732 3 522 671 19 3 19393 7 3 1506 5
17 30046 7 3 5547 203210 1506 16 2994 8 3 73135 203210 1506 16 2209 21 3 2104 10 8941 500 5
8941 708 5181 3 9345 1746 8 6274 3 522 3455 24 7623 3 1045 505 1264 4 3 1494 17250 1506 4 8 3 1273 2520 6 2755 156029 86876 5
8941 700 4241 18506 1547 162 15 1277 532 10 83315 8 1708 90 3519 1943 15 3 8365 2173 5
5583 4 8941 704 15682 3 11414 7 3 1273 2520 4 4853 3 601 4117 10 3695 4 15682 3 5940 7 3 601 4 266 61 3 9705 7 3 1273 2520 4 8 2048 307 426 601 8249 5
1563 162 16 543 15 3 6682 1506 35 144943 323 186529 4 5282 33 4 47 16 1827 22 112664 3 4000 244 164 7 9 2119 392 3 9758 7 307 23512 5
3062 38 26 3 197 7 826 4 4520 26 3 197 7 244 164 3351 4 8 9273 26 3 197 7 23512 5
214 72539 16 3 1359 164 7 2119 4114 16 103415 21 5
17 1359 164 7 2119 4114 16 1221 21 35 249 33 114 68806 3 221 7 400 13 50055 11856 2058 2119 4114 6 26 10 164 316821 81 129 601 4 9584 8 83315 571 31 3 5934 7 826 38 8 23512 9896 17 164 35 1359 49 2915 33 7 9 1654 4336 14 32 3099 71 26 1109 21 3 244 164 7 9 2119 5
349 3 1625 7 46 4 3 17250 1506 71 26 1752 220 6 2882 3 164 7 9 1654 4336 14 290 3099 5
3062 60121 289 9 1654 4336 16 1359 35 33 49 2915 35 33 14 3099 4114 4 8 879 26 3 221 7 400 13 3051 11856 65054 3099 4114 19 35 33 49 276 35 33 3 4336 5
11649 6 6363 35 249 33 4 289 3 4336 16 1359 14 3099 4114 71 26 1221 538 35 341 33 16561 255 4 3 17250 1506 16 32 7254 7 3 85943 5018 5
238 962 10 8941 341 4 3 684 7 523 7005 14 290 3099 383 26 1221 8118 538 523 17250 2520 5
145 16 6943 14 41748 4336 37582 97 10 3 3638 267 13 7005 31 19361 1216 5
527 4 90 7005 142 3817 8650 52 83 7005 5
273 3099 4 10 3 2498 111909 5867 962 10 8941 12775 4 23312 4 9621 4 8 2181 31 3684 25310 1359 4 23312 8 3104 31 3691 25310 1359 4 8 6514 49 3104 142 26 2915 65 2181 16 1359 5
659 159 1653 7 46 7726 4 80 2262 3 17250 1506 95 13 23 1141 4336 19210 76 1250 6 8255 2882 2489 1359 7005 14 290 3099 392 41748 4336 86876 5
4336 6325 17250 35 5547 203210 33 1506 238 9 74 1092 4 80 1101 15 3 9513 13 7005 5524 15 290 83 5
659 20053 3 19210 3898 297 1026 7005 4 80 4556 3 4102 7 4336 5
3062 4520 26 3 197 7 1026 7005 5
79 4336 2464 9 33498 7 4520 5
273 946 4 10 3 2498 111909 5867 4 3 67 7005 58508 9621 4 2181 56012 8 58508 9621 4 6944 56012 5124 67 523 5066 7 9621 53 57 16 18089 6438 125 3 83 16 632 5
3062 60121 13 16 3 1359 4336 14 3099 4114 4 8 879 26 3 221 7 400 13 3051 11856 65054 3099 4114 19 4336 4 47 71 26 1752 7154 25 3 156029 86876 5
1563 733 16 6 2882 3 197 7 1359 7005 4 11771 4 3 2489 1359 7005 14 290 3099 4 392 3 197 7 41748 4336 86876 5
11649 6 13 7 3 17250 1506 4 3 1359 4336 14 3099 4114 16 3 57 13 25903 3 3235 7662 392 3 86876 14 3099 4114 53 35 459 33 12502 4 3 5547 203210 1506 16 32 7254 7 3 16907 5018 5
66 16 44174 13 7005 71 26 10978 25 4520 5
134 107 4301 3 37582 7 3 59833 46025 10 6363 35 459 33 14 290 3099 10 38 5
999 120540 167849 4 80 27 35 503 33 81 3 17250 1506 4 290 50055 2106 102546 4 47 31 226 3768 713 4 31 2914 10 6498 40056 4 114 45453 143 338 50055 11856 36 6318 9 2119 6 26 10 164 14305 65 3 2119 16 958 10 164 72539 5
81 3 5547 203210 1506 4 2464 3 13300 13 3051 11856 48692 4336 65 3 1359 4336 16 5
17 1051 7 400 13 3051 11856 65054 3099 4114 19 523 7005 65 16 3 1359 4336 31 5146 232 6 9 3201 4 11771 4 134 4753 13 4 392 3 1359 4336 4 290 3051 2106 7453 6 132 3 4007 4398 16 78189 1216 7 13 7 83 571 4 11771 4 35 500 33 3062 26 3 2543 13300 13 32 3099 2682 22 6951 29 1359 4336 4 11771 4 35 708 33 23620 7005 110 1359 14 3099 4114 31 19361 4302 993 5
1655 3 382 7 676 13300 4 80 27 35 700 33 5583 4 24 39548 5
35 500 33 35 700 33 76 446326 35 503 33 4 80 71 2882 3 59833 46025 10 6363 35 459 33 538 35 704 33 9073 5
36018 17250 35 9421 203210 33 1506 66 16 2239 759 13 92 67 7005 31 825 49 3634 4 43 31 3092 31270 5
3062 286 1384 32 6555 4701 111909 2485 19 179 1026 7005 4 27 2460 4 342 6 2242 4 256 6 2242 4 8 93 4701 7 4157 5
66 16 3081 13 3 74 67 7005 31 3092 31270 4 21 31 3 73 67 4 106 925 37 29 277 2460 32 1534 35 105 32 887 2803 33 51 34 338 342 6 2242 369 4 8 925 37 29 93 4701 7 4157 51 59 26 1848 6 256 6 2242 5
527 4 3 179 7005 31 34 95 2239 31270 5
5104 4 2812 3 1216 9513 7 3 17250 1506 2305 3 6325 9513 7 3 5547 203210 1506 71 3577 20053 3 3898 297 192 179 7005 5
81 1069 7 46 4 80 8850 16839 1026 7005 76 9906 8 153 21853 3 684 7 3 67 7005 496 290 1808 8118 538 1216 2520 4 290 7 47 71 26 381 21 9 67 4336 1185 7 3 5547 203210 1506 4 10 678 6 1368 7924 25 126851 7005 5
17 2409 565 19 3 9421 203210 1506 16 143 6 1808 3 1026 7005 5
3062 26 3 1730 92541 7 7005 9 8 8862 5
17 19547 14952 5195 2567 16 3 57 13 53300 3 5806 7 3 1730 7 70 4336 1563 8365 4964 13 104 4336 9906 3576 18861 49 7005 5
81 644 4 3 14952 5195 962 996 14 3 179 4701 7005 16 3 19547 57 14 3510 3 4701 111909 5867 4 21 962 10 8941 12793 5
17 3272 297 3 17250 4 5547 203210 4 8 9421 203210 2520 31 12859 10 98586 249 5
41748 4336 37582 2520 53 35 9 33 17250 4 35 8862 33 5547 203210 4 8 35 8258 33 9421 203210 98586 249 5
41748 4336 37582 2520 53 35 9 33 17250 4 35 8862 33 5547 203210 4 8 35 8258 33 9421 203210 5
3062 286 159 3 5547 203210 1506 21 32 946 106 3 9421 203210 1506 71 26 1109 6 17244 7 307 67 4336 5547 203210 2520 5
3062 3001 3 59833 13300 10 6363 35 459 33 4 47 770 11649 6 3 1217 14 3 17250 1506 4 80 231 32 14505 543 31660 6 4498 3 3235 7662 2082 7 1506 19393 8 4 19 3 46025 7 1359 7005 21 35855 23394 5
134 153 6899 21 3177 53 35 249 33 459 202369 3 2007 2082 7 114393 23394 5
35 341 33 15441 1092 53 32605 3 3235 7662 2082 7 19393 8 24 538 3 498 1879 7 53 35 459 33 16054 1092 53 32605 3 230 2770 7 538 446326 35 704 33 19 3 498 2082 7 19393 8 5
35 503 33 98928 3030 1959 35 341 33 8 35 459 33 285 3 7662 14 70 86876 26518 5
332 46 397 4 3 19 3 3235 16 3 1359 4336 14 3099 4114 5
1249 70 9584 31 65054 8610 4 25 446326 35 700 33 4 80 27 659 1262 3 4568 10291 565 10 1092 35 341 33 4 16 1221 538 381096 42146 5
11346 13 92 3051 11856 65054 97 9 1087 3099 19 4336 57 89 8 155 34 111478 120 83 9584 4 14 11856 2106 3768 489 40056 4 8 5515 496 61652 5
12502 4 6 2882 9 3051 2106 3768 489 40056 4 22 248 67 86876 7 13 3051 383 26 3883 5
51811 13 87 16 32 20371 565 10 3 74 1092 7 3 45301 31660 962 10 8941 503 53 143 6 504204 3 2082 7 114393 23394 5
3062 26 3 164 7 3 4336 10 4336 14 3099 4114 5
364 537 8 20945 152 6 504204 3 2082 16 6 23335 35 782 33 47 16 3 3235 7662 2882 7 8 47 16 3244 220 10 3 5547 203210 1506 5
145 16 3267 6 21853 9 61638 1730 3201 14 290 3099 72 3 1026 7005 5
2249 3 4336 684 31 46302 5794 4 3 1730 3201 2818 3 46025 7 523 15568 7 2770 5
273 70 44 3 8855 4 3 10023 8593 7 3 1730 3201 16 50252 25 329 5138 5
332 3 5238 653 4 23 16 215 1908 8 440 2784 6 5603 9 4783 221 7 5036 25 571 6 36307 2882 3 272 61638 1730 3201 5
145 770 13 3 5547 203210 1506 71 2093 3520 25 3 349622 7 272 61638 86876 5
659 4417 46 565 4 23 16 333 6 3001 3 3201 48 224694 4 8 6 26920 3 4919 1730 3201 25 9 31276 221 7 5036 24 538 3 15327 2744 2763 7 3 1730 3201 5
659 19012 129 2898 4 80 74 4753 13 70 1026 7005 31 17281 1216 5
214 16 4 3 2112 614 1730 3201 10 446326 35 782 33 71 26 92443 21 32 1216 3201 72 1026 7005 53 35 183 33 190123 4 46 1906 9513 7 8784 3 19210 3898 297 1026 7005 16 15048 10 104 745 4 21 80 2921 22 3 1431 7 8941 459 5
187 27 45 307 2105 14 91415 272 61638 1730 23033 5
28306 8 7914 35 6973 33 4 14 946 4 4605 46 565 24 91415 32 9424 61638 1730 3201 21 3 1247 7 161861 6825 23033 4 114 3 3898 297 6951 23394 31 3380 24 9 9295 3472 5
2569 80 3001 4336 19210 21 9 175314 992 8 475 46 2262 5547 203210 1506 3 175314 992 5547 203210 35 73135 203210 33 1506 5
98586 341 842 32 946 175314 992 14 129 2498 111909 5867 5
17 12510 26920 1247 7 3 1730 3201 16 59268 175314 992 14 2498 111909 5867 98586 341 5
59268 175314 992 14 2498 111909 5867 5
1249 3 221 7 86876 14 57 3099 16 34 4783 14 2854 9 175314 992 4 10 3 73135 203210 1506 4 70 9584 31 5892 6 432 32 8639 175314 992 4 47 16 2198 25 3 86876 14 70 9584 5
145 16 4203 106 3 3898 297 1026 7005 31 1216 7 9584 5
134 1088 3 992 2981 7 1026 7005 538 3 5274 31660 35 4 293319 4 323 4 1515 33 4 47 16 543 15 19379 2279 5
659 960 289 67 7005 8 31 78189 1216 392 9 33498 7 83 7005 4 80 49075 3 15327 5730 317 7 192 67 7005 4 24 538 3 3235 7662 2082 15 86876 14 70 9584 5
1716 3 2744 9513 4 3177 9 3201 19 3964 7 2558 3628 6 4 114 15441 16 3 5907 1646 5
1113 80 159 3 188745 14 10505 3 55833 19379 13 67 7005 31 78189 6325 21 6909 4 23 16 973 15606 13 92 3 188745 16 249 4 70 7005 31 2118 6 26 39062 1216 7 290 83 4 8 3 60029 1264 7 3 73135 203210 1506 16 3 216 21 446326 35 183 33 5
15814 4 3 73135 203210 1506 16 3267 6 3 5547 203210 1506 92 3 188745 16 6494 4 47 770 13 3 992 2981 16 9 1332 3181 29540 4 8 3 13075 26920 1247 7 3 1730 3201 16 3 2614 1396 14 446326 35 782 33 5
81 10028 4 80 1273 67 2520 4 5547 203210 8 9421 203210 4 14 21853 2489 1359 7005 14 290 3099 392 156029 41748 4336 86876 5
7219 4 80 2262 3 5547 203210 1506 6 1000 3 73135 203210 1506 4 538 3 175314 992 6 26920 3 1730 3201 72 3 1026 7005 5
72294 111909 14 1583 10 741 659 1000 9 74 960 2883 14 3 1273 2520 4623 2755 86876 3455 25 3 83103 83315 394 4 80 467 83315 571 6 1125 90 741 1583 8 30600 4459 3 2163 2106 6654 35 7992 33 4209 24 290 517 8 153 1221 3 1359 6654 14 290 517 15 3 1625 7 3 3455 41748 4336 86876 5
659 21095 3 2485 4 80 666 2141 10 47 3 1583 5124 530 6654 5
1249 212 3054 27 32 9383 653 7 6249 726 4 2141 1465 14 91 1618 27 9961 12004 62714 4 9022 2163 11546 4 8 568 5084 7 1583 58 83 3351 7 2141 5
17 3316 16 6 333 3823 3 1164 7 212 5
12502 4 212 2106 2141 8 15955 10085 31 7081 220 10 2498 2376 35 139872 4 13505 4 323 142638 4 744 109 6779 4 2076 33 5
134 3847 3476 67 1480 212 2106 2141 4 1113 80 31 10 977 503 35 4096 14 814 33 8 3849 74172 8 9 1426 11471 500 35 1911 14 814 33 4 21 3 11557 6 26 65054 5
238 3 1351 7 3 11557 80 220 3 69630 5
631 3 1765 3516 6654 35 11771 4 9621 4 1417 4 3104 4 2116 4 17708 4 8 13542 33 8 3 1547 2498 2757 31 3054 220 10 74962 8116 601 35 139872 4 590 109 139872 12283 32330 4 744 109 4 4 4 323 4 274 33 4 80 220 2752 6654 21 3 1026 7005 10 678 6 581 48 4073 14 3 571 8 9834 4552 286 6 3030 9 48 15344 542 15 41748 4336 37582 5
17 6654 42 351 25 3 308904 70704 35011 35 26936 4 4164 33 5
622 946 2485 9796 2424 16 1595 10 98586 459 5
208 2477 7 3 2888 6654 18 1195 4 3 3051 86 1970 7887 5
59268 2485 9796 2424 35 10778 25 1494 1480 33 98586 459 5
59268 2485 9796 2424 35 10778 25 1494 1480 33 5
1108 27 523 20400 65 19841 23125 5098 4 95 67 68 142 26 1768 7196 24 3 216 517 5
145 770 13 4 14 3 2498 7005 6 26 5314 4 43 144 26 10 7041 19 3 614 4499 7 528 4803 5
17 1045 505 1264 104 38925 4784 3 614 4499 92 3 221 7 571 16 528 385 5
12502 4 80 3455 1459 1639 24 441 290 517 65054 306 400 8 153 427 3 1045 505 5
214 16 4 3 104 477 65054 4336 14 9 517 18 220 21 3 1459 2029 14 13 517 5
273 3 4096 741 4 80 467 290 7 306 571 6 111478 290 517 57 89 4 47 11085 13 290 3051 65054 3 1332 197 7 1583 5
273 3 1911 741 4 3 571 42 34 4108 3467 4 95 3 306 86876 14 329 517 42 1252 24 16084 571 4 8 265 4 92 120 4 7 91 65054 70 3 1583 5
145 16 9 48 7025 983 121 23 16 34 9 206 867 6 6153 9 177 528 2485 6 9 83315 394 106 9 528 2485 7952 6 14834 3051 6255 49 141 899 571 6 1262 3 2485 5
134 2173 3 1911 2485 10 46 152 1122 6 5518 3 1896 7 16084 3051 7924 15 3 1506 522 5
7219 4 742 129 1273 2520 71 3383 9 517 110 65054 48 58 480 24 9 3051 4 6 4697 5886 21 1940 21 537 22 9 3601 470 4 23 16 149 282 6 1262 46 983 141 377 9 3051 142 15564 9 517 7196 22 523 400 5
12502 4 10 129 8365 4 70 3 86876 14 9 517 42 3455 25 523 571 5
145 770 13 10 6363 35 341 33 8 10 6363 35 459 33 31 883 6494 49 249 5
17 111909 26831 7 3 2498 7005 31 1595 10 20498 249 4 8 83 4015 52 3 93927 31 1595 10 20498 341 5
20498 249 5
111909 26831 7 2498 7005 8 7887 5
72294 4336 5
10 1911 5
10 4096 5640 9182 52122 59206 80504 29618 71917 33522 70363 114882 40440 55992 43202 34132 34560 52477 85605 23312 29901 65734 97274 86965 11671 50525 72701 203916 24946 35938 68569 50529 51292 4728 57444 39634 34397 13143 63585 18203 15861 23973 35627 22896 4636 7432 21770 5640 35 2936 7887 33 452973 20498 341 5
8168 14 2498 111909 5867 5
1911 4096 5640 720 5
7 571 4271 306 7432 720 5
7 1583 6756 4937 21239 720 5
7 86876 122710 34455 311576 5
93 5
7 5291 7005 147 111909 35151 18940 39940 311576 5
93 5
7 86876 147 517 306 306 306 659 2258 3 1102 7 3 221 7 571 147 517 15 8958 4 80 14027 2714 3 571 37 65054 9 1654 517 76 1678 1051 7 600 7 3628 1646 8 1221 3 5314 2498 7005 14 290 517 392 3 86876 496 290 182 5
134 155 46 14 218 523 182 9059 53 459 35 2752 600 33 4 500 35 288 600 33 4 183 35 108 600 33 4 409 35 67 600 33 4 8 306 35 57 182 33 5
1249 189 3 37582 665 8 3 1459 2029 14 9 517 71 26 4357 21 9 46302 60401 4 3 773 8557 7 3 1273 2520 16 3 596 1906 7100 85612 4 11771 4 3 596 5084 7 4007 7005 148 3 1459 2029 8 3 37582 665 14 70 1583 5
17 596 433234 14 290 182 1646 42 3455 19 3 1045 505 1264 4 3 17250 4 9421 203210 4 8 5547 203210 2520 4 8 3 73135 203210 11933 1506 7 3 5547 203210 1506 5
238 1595 10 98586 503 4 14 3 4096 741 4 3 11245 2520 3439 333 49 5870 8958 58 3 1045 505 1264 65 3 182 1646 18 459 4 500 4 49 183 5
238 1595 10 98586 500 4 14 3 1911 741 4 3 11245 2520 3439 333 8958 65 3 182 1646 18 459 49 500 4 8 67 7 91 3439 333 49 5870 8958 65 3 182 1646 18 183 5
145 770 13 2752 571 22 104 14 290 517 51 26 9 4203 221 5
7219 4 3 73135 203210 1506 5562 22308 3 5547 203210 1506 5
145 770 13 9 2198 175314 992 16 1783 14 91415 3 272 61638 1730 3201 72 2752 2498 7005 25 9 31276 221 7 86876 5
1113 3 17250 4 9421 203210 4 8 73135 203210 2520 39 3664 3 216 596 8958 14 108 571 147 517 4 3 73135 203210 1506 39 2537 333 8958 35 1370 58 1818 202 33 14 218 49 48 571 147 517 5
81 83 1299 4 3 73135 203210 1506 71 104 2875 3383 3 41748 4336 37582 565 19 86876 1252 24 97 52 218 83315 571 147 3099 5
364 23694 665 16 13 3 596 433234 7 3 17250 8 9421 203210 2520 1413 6008 6057 21 3 182 1646 853 14 3 4096 2485 125 43 5668 14 3 1911 57 5
145 86 26 106 192 67 2520 31 48 3538 6 3 1896 7 16084 3051 7924 5
9897 2498 111909 8958 14 1113 80 31 10 977 741 98586 503 5
9897 2498 111909 8958 14 1113 80 31 10 977 741 5
9897 2498 111909 8958 14 3849 74172 8 9 1426 11471 741 98586 500 5
9897 2498 111909 8958 14 3849 74172 8 9 1426 11471 741 5
157175 111909 14 16802 81 3 169 5867 4 4701 111909 14 16802 4 80 1434 280577 16802 15 3 3089 34319 1547 6 3 58127 9611 4075 5
134 369 220 3 83103 83315 394 8 467 571 6 44732 3 6555 7113 7 3 20567 8264 8 153 5339 3206 1603 25 179 4701 7005 53 27 93 4701 7 4157 4 256 6 2242 4 342 6 2242 4 2460 5
3194 20567 18 65054 24 218 16084 571 5
17 111909 26831 7 3 4701 7005 31 1595 10 20498 459 4 8 83 4015 52 3 100402 31 1595 10 20498 503 5
20498 459 5
111909 26831 7 4701 7005 5
157175 4336 39272 5491 93 4701 7 4157 12930 6 2242 6927 6 2242 206193 5491 2460 22585 5640 20498 503 5
8168 14 4701 111909 5867 5
720 5
7 571 9521 720 5
7 16802 280577 720 5
7 86876 311576 5
93 5
7 5291 7005 147 111909 34517 311576 5
93 5
7 86876 147 20567 500 134 25407 6234 5314 7005 6 290 20567 8 220 91 21 3 1459 1639 5
17 773 7 3 1273 2520 18 5559 10 3 216 152 21 10 3 2498 111909 5867 5
238 1595 10 98586 708 4 70 3 11245 2520 21 166 21 3 1045 505 1264 2828 166 463 6 3 17635 7 3 2485 5
26666 23694 16 13 3 9421 203210 1506 39 3 1391 8958 4 979 24 3 73135 203210 1506 5
17 7156 773 7 3 9421 203210 1506 16 6586 6 3 644 13 3 179 4701 7005 27 9 3848 15565 4 21 2921 10 8941 9073 5
9897 433234 14 4701 111909 98586 708 5
9897 433234 14 4701 111909 5
251681 8 1277 532 251681 16 32 20388 8 4213 1217 6 4149 8090 13 31 841 14 3149 44 2086 1369 14 4092 5
473 3 308 2840 7 83315 7176 133 21 5140 39990 8 3 4102 7 83315 29 45 3639 3677 10 1678 692 7 1416 1897 601 4 150 1375 2030 5447 35 9611 4 1127 18256 4 4 323 36355 4 274 33 8 1416 3309 35 94147 323 26265 4 274 33 5
2249 87 16 93 3489 13 70 571 31 10581 12532 6 1332 3 998 8090 4 5918 3 1277 7 3 522 16 57 7 3 603 2235 10 83315 5
79 1906 1264 16 995 5128 3122 6 21943 571 8 7625 1781 6 799 773 1603 5
81 1243 4 307 6599 14547 1189 4213 1277 532 27 45 3677 5
273 946 4 5140 39990 26081 1708 9 169198 284 6 5548 3 7415 653 7 9 7862 3051 4 8 446850 7928 202400 6 10844 9 2137 7 8090 19 424 4007 4411 76 40 8090 6 1415 9 3051 2106 773 5998 5
1549 4 83315 394 1296 27 59 12956 5242 11245 5310 14 5918 3 1277 7 83315 628 3455 25 13703 6904 5
9611 12283 3462 5
35 274 33 4964 13 4 538 32 6062 9124 13760 31660 4 5140 39990 26081 71 26 220 2875 14 9 2726 7 1375 2030 111909 8090 5
71924 4 38929 4 8 35 274 33 12956 307 4309 14 6098 47 9584 144 128 48 7005 4 8 143 6 539 7005 4046 317 65 928 536044 5
83738 12283 3462 5
35 280 33 2209 9 1506 14 8255 21853 3 1359 4336 7 290 41748 10921 3099 4 3 5077 7 290 3051 4 8 3 5093 7 290 813 5
14879 4 4 8 55593 35 2560 33 253 9 421 514625 1217 6 21853 3 4007 1647 14 9 2485 13 71 27 9 25328 221 7 537 4411 5
138156 12283 3462 5
35 6833 33 4729 3 231 7 34 97 156029 86876 44 59 571 56505 1493 3247 6 2882 3 1359 4336 14 290 837 10921 3099 5
43925 4 194329 4 152561 4 37448 4 8 332733 35 7560 33 3677 1277 532 4538 6 3 9674 7 83315 8090 1109 6 26 11303 24 9 83315 394 5
158 661 13 3 8958 7 19841 11303 8090 86 26 2069 24 10503 173005 14753 24 83315 571 19 2516 14753 5
187 29 59 45 90 601 15 3 565 7 41748 4336 37582 4 3 1101 7 46 1381 5
22067 8 35 590 33 4400 66619 361525 809 14 41748 4336 1973 111909 8 170 13 538 3 1045 505 1264 6 3855 57 111909 197 25 307 5886 71 13720 61 13703 14753 7 196986 6 90 3525 5
527 4 43 155 34 1647 3 813 7 143 117 83315 571 31 666 6 4498 1277 5870 6 13 7 2516 5
21067 8 55593 35 6833 33 2209 9 421 514625 1217 6 93259 3465 13 34427 3 85943 5018 5
158 661 13 4 19 40 1217 4 697 571 147 3099 31 4783 6 2769 1277 5870 6 3 614 4499 7 9 528 1567 5
72294 10900 1108 4 24 2129 4 71 26 10147 1768 24 6854 4 719 4 1597 1450 4 4703 5
67577 143 80 31 1768 16 32 533 601 2586 10 7732 1442 21 23 16 2475 10436 6 117 454 2333 4 150 26281 80431 34326 35 3027 4 120404 4 38179 4 323 130673 4 6833 33 8 13642 932 7 212 19 4440 8278 35 67844 4 100562 4 323 9630 4 6833 33 5
966 1296 27 3847 8520 15 46 601 352 5
139872 12283 3462 5
35 744 33 4729 3 3238 7 1678 2000 14 2498 2376 8 6401 3 3305 24612 7 5317 10 3 7439 9962 7 212 2106 15955 10085 538 3 23604 992 7 327162 35 2603 33 2854 6358 5
12283 3462 5
35 274 33 18213 3 11356 9674 7 8489 10 719 21 9 41748 4336 19372 2485 5
139872 35 590 33 10637 3 10777 7 5317 19 272 809 156029 2498 86876 5
404896 12283 3462 5
35 2560 33 155 32 5867 15 2498 2376 7 1087 3333 10 7439 2942 5
2552 4 6793 4 3838 4 8 80846 35 6833 33 2042 9 11065 8593 4 226 3 59744 4 14 746 7992 10 5022 2376 601 8 9168 9 11245 1506 9708 23 6 1735 8 6 9 33770 197 7 7992 5
79 5018 14 7995 7992 10 152511 4332 24 538 8489 899 21946 18 1273 24 6793 8 23551 35 7560 33 5
157175 42101 81 298 2106 917 9190 2877 4 68 1270 15421 7 40 1678 19630 4485 133 21 2598 1561 4 5922 10 1715 4 8 2381 6 855 4368 416 4 133 21 3089 8 134865 133 317 25 3 938 3318 7 10534 3353 2942 16 533 14 21853 3 4084 7 1561 4 1715 4 8 729 4 8 16 7 485 871 6 10150 8 6868 1443 5
1604 8 35 590 33 1589 9 5018 14 19841 206093 855 993 4 133 21 325 10818 4 24 3726 1567 14141 15066 2151 3089 5
63801 12283 3462 5
35 2560 33 4729 289 8 143 284936 3531 86 26 220 6 4764 6555 4695 22 3 414 15696 590 10 4139 5
23551 4 6793 4 8 10558 35 2560 33 1273 538 9 42413 27708 5533 14 7995 4321 834 25 855 992 416 10 970 7 1234 167005 5
134 1967 15 83315 8090 10104 3 24204 7 41748 4336 111909 4 47 770 13 32 3099 71 27 57 49 48 1359 4336 35 2106 33 5
17 108 11245 1277 532 2520 80 1273 14 3 41748 4336 37582 565 12874 4336 19210 76 3 4336 2020 650 5
622 14505 543 31660 16 220 6 2882 3 2489 1359 7005 14 290 3099 21 166 21 3 3235 7662 2082 7 3 1506 19393 5
901 8365 538 83103 83315 394 661 13 67 7 3 2520 661 3982 773 53 10 104 745 4 3 175314 992 4336 6325 17250 35 73135 203210 33 1506 104 2875 5487 3 86876 1252 24 52 218 83315 571 147 3099 5
17 4336 17250 35 9421 203210 33 1506 18 3 104 1783 65 87 42 4631 3898 297 1026 7005 5
901 1940 220 4309 14 41748 4336 19372 31 3 46302 16301 5018 8 3 4336 3109 49 4336 326 197 5018 35 12283 32330 4 590 33 4 47 31 3 5934 7 3 17250 1506 8 3 5547 203210 1506 10 46 601 5
17 17250 1506 1122 132414 3 41748 4336 37582 565 76 307 1216 46302 4336 37582 544 4 57 14 290 4336 10 3 197 7 1026 7005 4 8 380 7005 14 290 3099 31 2118 24 62490 3 7736 25 70 46302 251459 5
79 964 16018 7 46 5018 16 13 43 112 34 159 76 1250 120 19210 297 1026 7005 5
1249 41748 4336 8090 477 27 117 1026 7005 4 92 80 1122 12874 19210 3898 297 70 1026 7005 76 3 4336 2020 650 4 21 340 3 5547 203210 1506 4 80 142 128 628 2757 19 9 528 221 7 3597 8 265 5036 147 1427 5
145 770 13 3 5547 203210 1506 71 2093 3520 25 3 349622 7 272 61638 86876 4 47 754 3 2854 650 841 5
12502 4 3 5547 203210 1506 12134 6698 14 272 61638 628 2757 5
659 1213 192 9705 4 80 1273 67 6599 13 65797 231 4336 19210 5
81 3 74 1217 4 3 9421 203210 1506 16 220 6 182 1026 7005 76 9906 5
17 684 7 3 67 7005 496 290 1808 31 153 1221 8118 10 678 6 1368 7924 25 126851 7005 5
17 2409 565 16 143 6 4517 4631 3898 297 1026 7005 5
208 3 7005 31 31270 4 3 19547 14952 5195 144 26 3 57 13 53300 3 5806 7 3 1730 7 70 4336 9906 5
17 1033 14 46 16 2921 10 3856 10 74184 79 5
81 3 169 1217 4 3 4919 272 61638 1730 3201 72 1026 7005 16 3380 48 224694 6 4552 23 6 26 92443 25 9 31276 221 7 86876 5
17 73135 203210 1506 16323 3 2763 21 9 175314 992 4 8259 3 1730 3201 6 26 92443 538 3 1247 7 3 15327 23033 7 3 1026 7005 5
2249 3 19210 3898 297 1026 7005 31 1216 7 9584 4 3 992 16 2198 25 3 86876 14 70 9584 5
17 19629 7 192 67 6599 16 1595 24 3 9345 522 5
41748 4336 111909 16 2409 14 117 4538 4 17905 4 2498 10900 4 4701 42101 4 4923 2376 4 8 2942 4 1973 4 719 4 8 1196 51423 79833 5
17 111909 1277 1752 6654 3 773 7 192 4538 5
61743 10444 86876 25 189 1149 8 528 4803 71 26 1908 8 20558 5
17 1273 2520 4552 2489 1359 7005 6 26 2875 1221 538 3 86876 1252 24 3971 7 83315 571 5
145 1217 6 9863 41748 4336 93927 19 1277 6511 13 7 1603 3455 25 3 614 4499 7 528 4803 49 25 746 1149 16 9 3982 152 6 1128 3 470 7 628 2137 14 426 2333 19 8355 22609 10 3 1277 7 3 522 5
1563 162 16 32 5633 7 3 746 66413 492 5
1563 3982 522 581 12650 14 454 542 6 4417 3 9705 7 129 1379 162 5
273 57 670 4 290 3051 144 4336 22 248 67 9584 106 9 3051 2106 3768 489 40056 71 34 26 1221 19 97 57 111909 4 21 3915 10 8941 503 5
145 5702 142 4472 3 6928 7 83315 3999 5
81 129 601 4 329 3099 18 6234 32 3628 221 7 571 5
527 4 14 1906 9584 4 265 35 57 49 67 33 571 142 26 4783 4 95 427 76 1250 3 4166 7 9584 144 454 1128 111909 569 5
81 1069 7 192 14048 4 80 342 6 6298 129 601 768 10 307 1225 5
1532 4 129 8365 42 2173 15 108 396 14431 4 907 3 67 2141 5
81 426 162 80 36 5576 3 1102 7 538 528 93927 15 3 522 5
1471 537 2586 16 3 1746 7 32 1783 7787 14 5998 7995 3 4166 7 9584 133 21 538 3 89 666 14 7019 32 3099 5
1516 317 4 133 21 571 56505 1493 3247 4 47 27 1595 32 3070 616 35 138156 12283 32330 4 6833 33 4 8 12890 7 741 192852 8 2163 5303 14 7439 111909 8090 4 16 59 533 14 3 4336 2020 650 8 973 4907 5
81 3 1739 4 80 342 6 2975 129 162 6 83 41748 4336 37582 544 4 133 21 1450 9096 4355 4 47 16 554 6 1075 48 19962 5886 297 68 5
119314 7005 34 97 25 156029 86876 44 59 25 149193 2038 416 16 59 32 2794 2586 14 426 162 5
74184 79 5
33813 7 19547 4336 14952 5195 3062 26 3 1730 13300 3201 72 9424 7005 4 4 80965 3 9424 61638 60401 5
1716 3 1215 13 7005 31 31270 4 3 1730 3201 72 70 7005 1141 3 508 916 53 114 14819 9 4336 1808 5
17 19547 14952 5195 16 3 57 13 53300 3 41171 35 323 243891 4 13466 33 4 47 1170 3 1884 148 67 13300 23033 72 3 216 715 904 4 148 8 53 35 33 114 15 3 243 487 16 3 1730 92541 7 70 7005 5
1249 16 9 6825 7 4 114 3 243 487 7 3 14392 16 3 1730 92541 7 4336 1808 5
8616 4 446326 35 33 2742 1249 16 1216 7 3 14952 5195 4 29404 3 41171 16 3267 6 29404 3 5806 7 3 1730 7 70 4336 9906 53 208 80 20053 3 14952 5195 21 32 176487 29540 4 114 7005 31 3380 24 4 8 3 2059 7 290 2452 16 6234 3 1730 92541 7 3 67 7005 3380 24 3 67 7 3 2452 4 3 5806 7 3 1730 7 70 4336 9906 71 26 42726 24 1913 3 3033 2059 2170 7100 7 3 29540 5
145 2104 71 26 3439 24 538 3 42518 31660 35 25651 4 9749 33 5
249 2158 53 5
341 273 9 3297 4716 7 46 4 196 74184 79 5
459 145 1092 16 2994 10 48 3856 10 8941 500 5
503 2158 53 5
500 2158 53 5
708 2158 53 5
700 54912 53 5
704 2158 53 5
782 2158 53 5
183 54912 53 5