1210 6 2820 2106 35 7780 33 421 363 3695 4 1442 16 3 74 8 104 533 4141 10 3 421 363 650 5
473 3 13901 7 317 1714 558 6 224 1788 4 23 16 1621 13750 6 5576 3 785 8 2235 7 538 2204 543 1443 6 270 3 1442 4141 7 10554 5
145 601 16285 439 1788 12988 7 538 2204 543 270 1443 8 3 6680 14 1746 8 726 7 40 5043 7112 1586 2210 5
17 542 3322 32 129910 1217 538 1101 600 6 3855 9 4176 197 7 1746 6680 7 5043 2210 5
66 153 979 9 153398 1217 538 26918 10032 3294 6 27241 8 6298 3 6680 5
145 44895 601 29 4209 2665 11598 76 1788 12988 7 3 1746 8 231 7 2204 543 270 1443 5
17 14324 2038 2376 7 44895 628 420 6 3 1581 8 25017 7 1746 6680 22 108 926 5
17 2334 1556 3 104 12818 6680 14 2204 543 270 1443 25 3 194 1481 397 1069 5
17 1746 6680 71 26 220 34 97 6 3929 7112 2204 284 1746 44 59 284 8557 5
238 3 224 1566 2742 48 5431 4 10774 8 2651 3 3206 3510 7 317 8 363 1065 7 23 29 343 9 9022 2669 16472 7 224 1788 5
17 7453 14 2582 6 259 40 136 4 50 4666 4 8 3 224 1566 8 132 3696 1866 4 71 2537 2498 224 12693 8 1028 5
187 16 32 1723 10119 8 34316 7 5257 8 2832 317 10 2979 8 5146 10711 5
16991 31 5515 1147 2765 14 11065 4 18356 8 7117 33855 6599 6 9583 4 237071 8 26704 317 14 224 1442 19 9 1069 6 9409 9 593 7 652 5
2859 317 1443 35 58077 33 2925 2061 21 52081 3648 6 581 1788 19 1369 909 6 2832 317 8 6 270 8 6298 40 317 5447 1715 109 658 4 58077 21 9 2029 1363 2673 27 574 6 8491 121 3 14086 5
66 16 217 35 323 422642 4 359 109 62670 4 50395 4 273952 4 323 186420 4 1515 33 13 58077 10 104 5337 27 918 15 6 32632 1443 4 8 90 7 3 629 7410 27 11831 19 3 656 5909 1443 4 14 946 4 3 45549 8 224 1442 35 47441 33 1443 13 35747 501 61756 4 62049 6 210 113166 317 6 646 891 35 32496 4 274 33 5
15970 2062 15 58077 27 2203 9 1079 7 2036 8 4005 14 1572 1443 14 1788 4 44 192 4005 1553 732 6 1800 5394 8 7112 1443 6 772 2627 2235 5
17 11030 7 3 7112 1586 2204 4 21 9 4102 8 9 718 4 29 45 255 21585 21 57 7 3 2506 14 2790 317 29765 544 1861 24 4892 224 5337 35 323 294241 4 2773 109 28803 323 5363 4 1515 33 8 2640 224 1788 1442 1534 14 421 363 10 3 48 5775 8 5146 1566 7 3 1052 5
527 4 87 29 45 632 1907 13 87 16 9 3245 23656 7 133 162 10 3 6854 13 576 15 521 1481 2036 15 2190 897 2210 35 323 4 2391 4 157451 18078 33 5
1329 146 1531 1464 6 27 45 115 6 1213 46 1907 121 5
364 7 3 2193 6737 6 3 1292 7 2108 10 1481 23996 10 317 1443 35 9756 33 16 463 6 3 2916 13 9756 31 477 1589 8 4400 25 32 35596 23996 623 58 143 43 270 1570 1481 4 40 10777 4 13885 8 1945 35 4 4 323 4 590 33 5
46106 8 83447 35 744 33 2653 61 13 57 7 3 4867 667 13 738 6 26 4605 24 58500 1296 16 9 504 7 1832 16301 5
966 9756 1296 59 2847 13 189 2911 8 746 2193 144 26 1109 10 3 9756 1746 8 726 650 35 171463 5
205027 4 12216 4 323 5740 4 1278 109 111388 4 359 109 67657 4 502 33 5
81 7533 3 1322 148 4650 5323 8 421 270 1443 35 58500 33 8599 4 4456 8 29634 35 911 33 170 61 13 146 767 601 1967 15 289 1481 42 694 10 726 276 3 3297 5139 7 3 2463 7 40 1951 15 284 1746 2000 5
13945 4 79022 5
224 1788 4 10 46 601 5114 4 144 27 40 2036 1109 8 26 488 6 1951 2204 1746 2000 5
12502 1788 18075 8 2036 15 2204 543 270 144 26 4729 10 678 6 1746 8 1800 270 1443 13 36 26 2404 24 8 24812 14 91 5
145 601 3899 6 5576 3 77699 7 2204 543 1443 14 2640 3 1442 4141 7 421 363 8 4569 6 9 333 3003 7 1481 1879 8 3212 7 12430 8 1572 7112 1586 2210 25 224 1788 5138 5
17 601 3322 9 44895 5018 25 3 284 3023 5138 19 32 120414 628 2376 1217 4 3475 4 3 8599 51 19012 2204 270 284 1296 6 1101 15 667 7 498 3238 8 16301 6 224 1788 35 46106 323 83447 4 744 33 5
145 1381 74 16285 3 18423 31495 14 2640 501 1442 1715 4 47 4589 317 5447 8 1065 363 4 8 3 236 14 12430 2204 543 270 1443 13 31 3682 7 5985 8 19708 6 1788 421 363 738 5
66 59 5152 3 6854 15 1586 2210 8 50 785 14 2640 1788 1442 1715 5
17 601 3322 9 44895 1217 6 2769 50 3899 24 538 32 2204 11924 13604 21 9 4462 6 185 1788 6 1445 3 2204 4102 5
55648 42 4209 137 1101 182 2995 8 897 13218 3294 5
6297 15 9 10190 2038 2376 538 44895 628 2376 1586 4 4 9 197 7 1746 6680 18 4209 25 1101 182 2334 8 1091 19 3294 5
17 1746 6680 29 108 926 4 16007 9 48450 61338 10075 14 2640 501 1442 1715 5
17 5983 7 46 2204 284 1746 1506 16 32 7112 8 501 17768 284 47 71 26 220 34 97 6 3929 2204 270 284 1746 4 44 59 3 8557 7 3 7112 270 1443 5
17 421 363 650 30553 421 363 16 3 104 533 176 7 9 646 739 2106 417 5
527 4 23 16 59 3 104 3558 2485 43 453 10 40 15978 6532 5
79 221 7 9934 27 1550 6 3 857 7 3003 3 2129 8 3 650 7 421 363 4 364 7 3 104 7581 16 2820 2106 35 7780 33 162 15 3 84 1897 7 891 1866 5
2820 35 7780 33 1273 9 8942 421 363 650 47 3177 1442 1746 1414 16200 5
81 30 3695 4 28 684 13 421 3891 1266 9 528 7468 7 40 89 25550 3 35596 1566 6 2705 84 11884 13 475 14 84 1945 10 3 1442 4141 5
81 3 1746 4141 43 13507 4 49 19 40 33647 4 1746 8 1800 537 4884 7 652 14 3510 5771 114 9 421 16 666 5
81 3 1414 4141 4 43 5339 25 138 558 4884 7 1945 6 772 8 4855 32 1658 565 5
17 1442 4141 26849 15854 3 1566 4 883 30795 49 14448 35 302731 323 58173 4 2804 33 5
66 16 2186 13 3 270 14 3 1442 4141 16 7 1654 3238 8 1568 4 106 3 1442 4141 16 3 74 3610 4141 4 47 35424 3 1046 14 2726 4 5674 4 49 912 13 475 14 1866 5
81 3 1442 4141 4 3 1566 16 5422 8 565 692 4 21 166 21 2322 4 31 1658 5
6459 3 7379 7 544 49 2322 4 3 1442 4141 59 4589 19372 7 3 1251 49 565 25 3 224 1566 5
17 1442 4141 4 658 4 29 477 45 11296 10 58500 1746 8 726 5
16991 1442 1715 2355 1788 31 646 2582 37 31 1479 14 2832 421 363 10 32 3688 5
12502 4 40 1866 31 1568 8 27 8745 746 4 229 8 35596 969 5
473 3 1723 5681 7 18405 5146 317 4 2582 3520 25 317 29765 4 907 32 72 14899 7 11177 317 35 241766 323 4 911 109 79439 4 3578 109 93363 4 153033 4 323 4 2391 33 5
238 9 665 4 646 1788 31 1538 1723 10119 4 7139 8 4046 10 5447 317 14 363 1866 5
4428 1788 1122 71 34 9439 8255 6 70 7 3 317 558 6 91 5
158 27 6 5339 8 153 132 1065 7 96 16 3467 5
337570 35 6801 33 40831 46 11075 19 3 5385 7 891 317 1443 35 96115 33 5
78 3092 975 13 3 5983 7 32 501 270 284 144 2435 25 9720 4279 317 6 8547 11177 317 5
78 4933 4 8717 3 317 29765 6 47 2582 31 8004 16 1842 4 120 1117 317 115 558 24 32 891 317 1443 71 34 26 230 6 26 220 2875 35 337570 4 6801 4 157451 22991 33 5
2820 2106 35 7780 33 1442 4141 2818 1788 6 1626 61 9 221 7 2669 1715 10 678 6 2705 2322 4 544 8 738 4 47 475 14 1866 5
17 629 1715 1303 61 10 3 1442 4141 31 317 3310 137 1566 15854 4 317 34326 8 1065 363 5
931 2669 1715 31 4939 21 5309 31873 10 46 1381 5
9207 14 501 1442 1715 16 3456 14 91 6 333 4685 19 3 1576 7039 8 10774 1566 5
81 678 14 1788 6 1445 40 2634 8 6404 224 1566 8 6 2242 6 5300 8 2633 4209 25 138 10711 4 43 236 9 284 13 16 3682 7 1691 9 3010 1079 7 4279 317 5
1113 291 27 312 532 72 6404 993 4 317 3310 1534 71 1128 49369 8 474 3 40708 7 426 8953 5
3735 34326 10 501 1442 1715 4589 317 20973 8 14348 5
3735 34326 3395 21 9 2726 167388 24 4463 61 11177 317 8 14348 317 137 16301 9464 14 40 77590 5
5583 4 1065 363 16 27098 6 501 1442 1715 5
113166 317 16 454 9490 6 3764 3 7 317 8 6 371 2677 8 3003 5
129829 31 629 7410 10 1065 363 1534 4 10 47 15041 185 581 6607 12406 15 317 133 21 3 2677 7 628 4 3 12406 14 9 1654 1990 7 317 8 3 1809 14 9713 9 1654 593 7 652 5
91355 2322 8 544 10 3 1442 4141 5669 3 4141 67 8 108 1715 5
27143 2210 27143 2210 4 49 1586 2210 4 31 1586 9010 13 1626 61 90 197 7 884 15 3223 7 9 4650 49 184 447 19 90 2463 7 2744 49 10075 4 8 10 682 95 4 8245 90 2505 49 8593 7 3 4650 2106 1446 49 18075 35 79439 4 3578 4 157451 1078 33 5
631 34 4202 21 7112 21 9 746 2204 4 1586 2210 71 1849 25 11455 19 3 4650 4 8 35851 9386 3 4650 2106 738 35 2158 53 33 5
81 7732 1442 601 4 2204 543 1443 718 29 45 6463 21 9 84 24204 14 221303 4 12430 4 8 9375 1586 1443 35 2158 53 33 5
17 785 4117 7 7112 2210 6 58500 27 45 962 21 3994 10 3 271 8 259933 24 117 1296 616 35 23222 323 23551 4 280 33 5
66 16 975 13 7112 2210 2763 71 10792 2374 421 363 4 95 43 27 714 10 32 1723 221 7 58500 2333 35 23222 323 23551 4 280 33 5
966 2532 27 45 115 6 1800 7112 2204 543 421 270 1443 5
34417 539 32 2204 543 1923 244 969 421 270 1443 35 338617 323 482683 4 280 33 109 32 7112 2204 14 3377 229 317 6 270 421 363 35 7277 323 19366 4 911 33 109 3 2204 543 11446 650 14 141794 19278 35 18150 4 28410 4 36260 4 323 14879 4 590 33 1746 8 726 7 2204 543 12045 284 6 6298 224 1442 35 1604 4 39524 4 14721 4 323 14721 4 280 33 4 8 25147 23955 8 726 7 32 2204 543 58500 14 80362 10567 35 23222 323 23551 4 280 33 5
527 4 680 3 7204 10 3531 10 117 692 4 104 7 3 7112 2204 1443 4 21 217 4 31 883 25147 2520 4 30134 4 49 163 726 5
238 3 1101 7 317 1443 601 7511 25 7998 6 15978 8 19019 667 4 44895 601 4309 343 1576 4116 35 10038 4 2773 33 5
3735 1443 1296 2186 72 9 1352 251 14 3 236 6 231 44895 6599 6 9372 3 1940 220 11427 6599 35 323 146031 4 3578 33 4 44 58500 601 18 3884 21 8758 310807 4 8 48 3604 24 161921 58 9756 601 10 614 35 46106 323 83447 4 744 4 157451 4554 33 5
187 16 9 475 14 5750 44895 601 8 538 32 52413 1217 10 58500 4107 35 46106 323 83447 4 744 109 10038 4 2773 33 5
12502 4 46 542 3322 9 44895 1217 10 32 1186 6 27 1370 526 8 9 48 15344 3003 7 12430 8 538 2204 284 6 772 1788 2235 8 3212 10 2640 40 1442 1715 10 421 363 5
659 2705 96 1788 256 25 32 7112 2204 543 284 4 3 601 18 1303 61 10 3 508 9149 53 249 5
27372 1165 6 1445 3 18423 3519 4 718 726 8 601 15943 5
9508 7 32 2204 284 11924 13604 21 9 100631 4462 6 185 1788 1445 3 4102 8 718 5
1796 1101 182 2995 6 8647 8 4697 1788 4678 8 2036 15 2235 4 738 4 8 6680 7 40 5043 2210 5
9277 182 2376 6 3855 8380 8 2007 1746 6680 1506 5
30964 13218 3294 19 646 1788 6 454 4656 8 27241 501 6680 14 2204 284 1746 5
258004 7 3 380 1746 6680 25 32 501 2106 5138 5
81 678 6 10792 1788 3003 7 3 13538 7 1586 2210 4 9 23095 100631 13604 18 1254 6 5441 3 689 13987 7 32 2204 35 196 9 5907 4650 11924 10 98586 249 5 33 5
81 678 6 5576 8 7265 39696 52 3 11924 1746 8 50 5114 30134 71 1079 25 18240 6 523 843 7 2520 22 1678 926 4 171463 5
1389 105 4 37662 105 4 1131 105 4 35 323 55356 4 1515 33 5
17 100631 13604 1342 21 9 6016 4462 6 6298 1788 3003 4 623 58 21 9 4462 14 7998 7254 5
79 5907 4650 11924 7 2204 2247 9088 8 2854 98586 249 5
79 5907 4650 11924 7 2204 2247 9088 8 2854 5
9277 600 17 5060 7 3 1101 182 42 6 1445 3 2235 8 738 10 2640 501 1442 1715 4 8 48 8447 8647 40 4678 15 96 270 43 51 105 3 2204 6 582 5
17 689 952 467 14 3 1101 600 42 53 249 5
472 31 3 2235 7 298 2106 501 1442 1715 10 40 421 363 650 88
208 1586 2210 71 345 9 176 4 96 51 26 167 5043 1586 2204 109 96 31 167 18075 49 1879 14 1586 2210 6 270 167 1442 1534 88
1796 1101 182 2995 42 2173 19 9 676 7 1078 224 1788 37 42 4157 176 89 501 15436 8 115973 35 36862 2622 1642 33 4884 5
9007 7 3 1101 182 3587 31 392 10 20498 249 5
20498 249 5
15748 3892 7 1101 600 5
9277 182 35 79500 33 11292 7 3587 2622 653 7697 2106 200 9082 39777 40673 7248 379 402 2865 249 700 503 341 249 341 500 341 704 708 341 341 341 503 459 697 500 183 249 503 500 249 708 5640 1078 409 403 503 704 700 249 409 202 2879 3128 698 605 889 459 2879 15748 42 25 523 386 10569 4 104 7 91 42 22 2832 8 15978 926 5
3194 1986 456 19 9 2941 404 15 3 15943 8 8808 4 3 15856 8 922 954 14 3 2898 8 3 6016 7 3 2204 100631 1506 5
766 1101 182 4820 253 52 32 1390 6 1332 5
17 2995 42 4667 2236 14 628 2376 8 857 2562 351 5
17 5018 7 39857 44895 2376 35 33 35 6806 4 1422 33 18 220 6 29298 1547 8380 10 3 2942 628 3883 154 3 2898 5
145 18 979 24 9 121285 650 13 16502 3898 148 3 8380 8 3 2677 25 3 2942 10 3 20395 5
17 1101 182 2898 42 51517 8 677 19 3 857 2562 351 24 9 5297 37 1342 21 32 14536 6 9929 3 18550 7 3 1101 182 542 5
65253 10 3 916 7 66619 172545 11040 2376 35 23852 4 2773 33 18 3439 137 3 231 7 67 601 2050 21 1687 26692 19 9 1069 6 11367 3 66619 23125 809 297 26692 5
26918 10032 3294 26918 10032 3294 42 220 6 454 6298 8 27241 3 8599 4209 137 1101 182 2995 8 1811 5016 7726 76 3 4678 8 15943 14 133 8599 5
303316 952 1252 3 501 19 3 1065 7 532 4 21 166 21 1691 3 2177 14 1788 6 101923 40 4411 49 4556 454 4279 317 13 142 34 27 45 1669 10 3 1101 600 5
17 5907 18 2682 25 3 116430 35 1743 12811 12417 15633 33 695 5536 5
2330 9 3674 890 941 42 115 6 14027 3467 646 1788 8 67564 3294 42 3639 1681 5
17 3892 7 3 605 3587 16 2209 10 20498 341 5
20498 341 5
15748 3892 10 3294 5
720 5
93394 35 71488 610 33 44777 933 1646 35 24 1032 33 249 3543 4792 14897 3328 3602 341 26103 7009 7 8857 32522 7766 459 1607 3328 577 503 479 14897 3328 2591 500 7496 1640 8660 3826 6332 35 439 33 708 1844 1476 3328 700 3533 1640 3735 3826 704 2602 22140 3328 782 3059 9082 11772 6239 2536 183 311 14897 3328 22638 407 4804 4792 3328 577 403 4542 7009 7 2407 22585 698 1237 8061 3328 2591 685 4076 20518 3291 6239 2536 409 3837 1640 2859 3826 75646 697 1358 1640 8660 3826 11226 800 134249 2355 2971 3328 6417 630 1014 3450 186 15028 947 1072 1640 3956 3826 302 2579 1931 6239 2536 1004 8220 903 6239 7 923 1992 985 1968 9872 323 4478 3328 17648 1135 358964 7009 7 4207 16109 4027 889 59361 3328 1410 605 13015 33360 5929 3328 39970 1203 7 3 3587 838 10 6127 8 528 2508 10 3 318 352 5
36029 5592 148 1814 8 2628 13063 8 42 2173 10 3 7984 7 3 71469 5
44813 9339 42 20424 2236 8 51517 54209 14 2376 5
13166 6 3 272 3583 7 4719 628 3455 25 3 3294 3 44895 2376 1586 18 4723 6 21867 3 628 5
17 121285 7 2677 1217 4 47 16 825 6 3 39857 44895 2376 35 33 18 3322 14 3 26918 10032 1008 2376 5
766 20395 42 30557 76 42346 5835 25 3 1101 182 542 4 21 166 21 76 3340 2627 5835 14 2376 5
273 9 48 3297 52413 25147 2376 4 32434 42 1787 25 3 11146 6 2705 4499 4 31458 4 8 23363 137 2043 8 97080 7 20395 35 70169 323 3027 4 1095 33 5
39652 11146 31 1252 21 6 14076 3 2677 496 3 243 42179 5
21164 2334 25 1101 600 5602 3 2007 5633 7 3 1101 182 542 4 3 7379 7 1788 12988 7 2204 543 1443 2640 1442 1715 2939 2258 1788 6680 14 5043 1586 2210 5
238 962 10 3 767 2124 4 32 129910 2376 4644 538 39857 44895 2376 35 33 35 6806 4 1422 33 18 3322 6 2705 8380 13 2061 25 4719 628 35 2942 33 25 1101 600 5
1532 678 8380 13 1547 6 32 5043 2204 284 31 1658 21 53 3279 7 231 4 119223 4 224393 4 5646 4 2854 4 53163 270 4 51423 270 4 41722 8 5
1796 169 678 8380 543 15 3 74 678 8380 42 52162 21 53 48450 4 61338 4 8 10075 5
17 2020 7 3 169 678 8380 42 543 15 189 3 5114 7 3 34130 628 8 3 4279 9756 6854 15 284 1746 5
92647 19 6200 7 1494 36757 8 1547 511392 31 5419 76 3472 6294 4 21 12859 10 20498 459 5
20498 459 5
382928 2376 7 1101 182 628 19 5907 2640 660 35 1821 32060 33 5
158976 158976 9965 6 3 3525 6 47 9 284 71 26 220 24 50 1481 6 2769 40 1446 19 7362 4 3961 8 7908 10 9 14644 5114 7 231 35 27216 407 4 37336 15 158976 35 2804 33 33 5
66 16 2186 13 841 6 231 1586 29118 3 4650 2106 89 4 3117 2731 8 5362 4 8 39328 454 231 7 3 1586 35 30179 323 59117 4 3578 33 5
12502 4 23 16 93 2116 13 48450 1547 13987 47 539 119223 4 224393 4 8 3279 7 231 4 42 6085 24 3587 21 9 104 533 38020 14 12430 32 2204 543 284 5
55315 1919 13 3 284 383 26 4650 17768 10 50 2765 5
145 770 13 3 284 7186 3 4279 10777 7 53856 47 16 32 533 2485 7 48450 1746 35 30179 323 181733 4 2773 33 5
13166 6 3 2129 7 739 2106 4125 8 8090 4 3 284 383 26 7 3279 7 231 5
364 13612 677 3 48450 19 143 9 746 897 2481 51 26 488 6 4530 8 2653 61 13 79 897 2481 10 9 746 916 51 259 167 5303 4 51 27 2198 96 6 255 850 8 96 34 6 255 850 5
38 743 34 823 3 4207 1586 29 3 1175 6 159 13 317 35 33 5
17 2204 144 581 317 10 9 1906 916 44 34 10 9 1812 916 35 33 5
158976 2818 119223 10 2204 543 1443 35 4 2391 33 4 10 47 317 16 9490 232 6 3 4650 2106 317 5447 3225 8 2108 5
17 317 4500 16 10 7488 6 3 5114 7 3 3688 8 3 2190 3212 7 3 4650 5
15748 2186 13 17 334 3366 115 16 1356 13 1362 3 1586 5440 5589 96 3 954 31 35 34 646 1788 33 35 33 5
16991 701 6 27 954 180 3 5114 7 3 3688 7 96 63 256 6 1046 4 143 63 256 6 1046 4 143 63 231 23 4 8 23 460 738 6 26 12695 76 3 5114 7 3 3688 1356 1362 5
1210 6 3 3587 4 23 16 533 13 3 1481 71 532 3 284 14 773 4091 5
273 946 4 1481 144 26 488 6 1865 8 532 3 1058 4 3351 8 1543 7 317 43 256 5
2859 144 26 488 6 7673 96 28 844 8 143 146 532 7 317 28 36 128 35 33 5
350717 350717 9965 6 3 284 2106 7453 110 488 6 1849 9 4650 2106 13885 8 6662 72 89 8 8744 6 3 2571 738 7 3 4650 35 323 4 2391 4 157451 19711 33 8 16 57 7 3 12818 2000 7 897 2204 35 323 4 2391 33 5
20418 6 3 893 10 40 1566 16 57 7 3 1586 2204 13987 35 85014 323 13187 4 3401 33 5
1210 6 3 3587 4 179 13987 42 1547 6 3 61338 1746 47 539 5646 4 53163 270 4 2854 4 8 51423 270 5
931 13987 185 6 474 3 653 7 16301 8 523804 7 317 4 19 3 3206 51423 8 53163 270 5
1210 6 1788 4 32 2204 144 26 488 6 8744 6 2571 983 8 1570 501 2106 317 5447 3225 137 2854 8 5646 5
16816 4 3 1994 55 7 9 4650 2106 3892 383 26 2190 6 1570 4650 2106 738 8 386 4814 5
66 16 533 14 3 284 6 1849 496 1010 35 2854 33 49 137 4650 9464 35 5646 33 5
364 739 2048 13 3 284 383 27 9 1835 7 6928 496 1010 6 4643 21 166 21 6 1800 35 33 5
17 629 6 1377 3 61338 16 13 3 2204 1853 177 1798 96 3 501 16 580 14 8 96 2981 49 6170 28 49 82 51 105 6 27 35 33 5
1203 3587 1282 13 3 485 768 31 666 10 678 6 989 3 2204 8 6 6298 50 2854 7453 5
79 739 10 4216 1994 55 3 2204 16 114 3 162 51 26 5
15748 59 6085 3 236 14 53163 270 8 51423 270 21 117 42 5555 7 3 323781 7 40 317 1443 6 13977 317 10 3 243 5114 8 243 2677 5
15748 2186 13 1586 2210 144 958 1107 63 3 5114 4 12406 7 114 3 317 31 663 25 35 33 8 236 6 26 71179 10 678 6 650 8 1445 3 653 7 3238 3 152 6 1297 16 6 1445 3 1375 2030 35 33 5
37404 37404 9965 6 3 5131 13 2210 71 3270 15 40 209 276 3 236 14 746 4199 4 141 377 4199 51 1484 26 17133 35 4 3495 33 5
17 224 1566 12375 6268 5300 8 2633 13 796 1788 1164 35 88413 323 31562 4 3578 109 13320 323 4 1278 33 5
7313 16001 16 3 629 2763 7 9 1586 2204 35 13187 4 4 323 85014 4 2804 109 85014 323 13187 4 3401 33 5
9277 182 522 1282 13 6680 14 10075 16739 67 629 13987 53 41722 8 5
1210 6 3 3587 4 192 31 4116 13987 7 2210 270 5
17 41722 17807 16 6085 21 3 1175 6 3030 3 8090 30600 8 86091 5
273 946 4 43 422 63 3353 19 317 25 6404 224 1566 13 16 17389 35 33 4 49 63 197 55 6 336 3026 4 49 2767 4 8 65 38 252 10 3 657 4 87 36 26 449 6 436 22 35 33 5
1210 6 3 1101 182 3587 4 2210 144 26 18356 5
158 144 27 3 1175 6 132 4442 10 427 1945 49 2099 317 76 4650 2106 1164 5
273 946 4 57 13612 1282 208 63 31 823 8 63 259 37 167 8973 16 4 38 9000 96 63 71 112 16 6 6865 76 40 317 4312 4 8 100 422 6457 8 65 90 317 893 4 23 22417 55 6 63 5
35 33 5
367 197 91 243 8 336 91 10 3 3519 5
38 1153 21 317 16 2571 4 23 51 1790 23 55 8 807 23 6 63 35 33 5
81 1243 6 3 1746 6680 4 3587 1867 40 2036 15 3 614 604 7 3 1586 2204 5
16991 51 3156 32 7112 2204 21 9 2112 17846 35 33 4462 13 4088 501 1442 1534 623 58 10 120 152 6 2323 35 33 3 1788 5
17 689 1033 2921 24 3 3587 18 3 20945 2129 7 117 891 1866 47 2818 746 11573 5
364 1364 1356 52 2210 1362 16 421 363 383 26 543 15 954 5
367 27 9 197 7 954 4 8 95 8 95 4 70 5473 15 3 5903 7 3 954 63 197 55 5
20379 4 38 219 13 9 515 7 421 363 16 20945 35 33 5
16991 2186 13 43 132 9 421 25 90 15225 13 1586 679 9575 27 46 7112 14802 35 33 5
21164 2334 25 1101 600 1282 13 885 6 1572 5043 1586 2210 25 3 1788 5138 16 48450 4 61338 8 10075 5
12502 4 3 1101 7 2204 1746 144 581 32 2204 543 317 270 1566 10 47 1788 71 454 8744 4 532 4 989 8 8035 232 6 40 1654 738 5
17 2007 1746 6680 14 5043 2210 42 454 12956 8 24637 538 605 453 6 453 3294 21 962 10 8941 9073 5
238 10 3 1101 182 2995 4 3 100631 13604 18 220 6 5441 3 689 13987 7 32 2204 8 10792 501 2106 3003 7 3 13538 7 1586 2210 5
17 689 952 220 10 1101 600 42 3629 6 3 1570 1788 4 44 48 2190 952 3136 3 108 1746 6680 4209 10 1101 600 42 467 10 3 1008 5
273 946 4 3 52498 42 467 13 9939 63 27 1586 2210 6 270 167 1442 1715 4 133 21 317 3310 4 20973 4 237071 8 9088 4 96 51 26 167 6680 88
1145 51 167 6680 5697 25 138 1282 24 3 1101 600 88 35135 7 3 1008 2376 671 19 3467 1821 36757 16 2209 10 3 508 7268 5
20498 503 842 3 2156 7 523 13987 1658 24 6725 14 3 108 1746 6680 543 15 3 1008 628 5
17 522 240 13 48450 35 9046 202 33 16 1109 3 104 1568 4 979 24 61338 35 7432 202 33 8 10075 35 4640 202 33 5
98586 341 16323 3 380 4 24637 4 1788 1746 6680 14 5043 1586 2210 5
20498 503 5
79 10028 7 1008 628 2376 5
81381 5640 2156 337439 67440 10 139196 5640 2156 158976 9046 202 35 33 119223 6263 202 35 33 4636 202 35 33 224393 2715 202 35 33 1054 202 35 33 117556 35 84 17807 33 3313 202 35 33 716 202 35 33 79818 7 231 3128 202 35 33 2592 202 35 33 350717 7432 202 35 33 53192 4271 202 35 33 2879 202 35 33 373378 270 3706 202 35 33 3132 202 35 33 12586 3313 202 35 33 2592 202 35 33 160431 270 2511 202 35 33 1227 202 35 33 37404 4640 202 35 33 219108 2628 202 35 33 2879 202 35 33 3132 202 35 33 1227 202 35 33 16991 1746 6680 14 5043 1586 2210 98586 341 5
16991 1746 6680 14 5043 1586 2210 5
158976 1655 3 1101 182 542 4 108 13987 6737 6 48450 2061 109 3279 7 231 4 119223 8 224393 5
931 13987 1342 21 3 2007 8380 14 1008 628 2376 5
238 1595 10 20498 503 4 3 2334 4 658 4 1282 13 117556 18 184 533 17807 47 18 1547 6 3 48450 1746 8 3475 18 304 6 3 380 24637 1746 6680 21 1595 10 20498 503 5
98586 459 1708 32 946 1506 7 2038 2376 538 6 14076 3 4117 25 523 3587 5
1135 61 7 605 3587 3915 667 1547 6 48450 5
17 1322 148 13987 71 26 381 6 9 1087 3525 24 7533 3 10291 7 523 1547 13987 49 667 929 24 3 216 13612 5
966 39098 71 26 381 10 46 1506 5
17 1506 842 13 3664 70 13987 31 2442 19 57 184 5
17 632 370539 7 13987 2048 13 3587 31 488 6 7265 3 236 14 48450 1746 19 2457 3003 8 11598 5
622 946 7 628 2376 10 11047 48450 6680 538 98586 459 5
622 946 7 628 2376 10 11047 48450 6680 538 5
119223 1210 6 3587 4 3 689 6905 7 119223 16 6 1657 317 7 1481 2108 5
17 565 19 498 284 16 13 23 16 34 29302 4 23 16 958 8942 284 13 3880 496 3 136 35 7496 33 5
458 4 3587 4172 13 22558 4 23 144 26 135881 4 21 312 8942 21 537 35 4542 33 8 9559 146 5524 15 2113 35 1844 33 5
17 4102 7 897 2481 16 166 3055 24 646 1788 5
15748 734 3 785 7 441 3 1586 2210 6 1333 21 40 897 2481 10 40 317 4231 8 5447 5
17 1081 397 7 46 843 7 7112 2204 13 63 31 1525 52 16 160 897 2481 5
66 7574 228 3 104 7034 317 8 1089 61 70 3 11177 57 35 4542 33 5
17 604 7 32 2204 543 897 2481 383 5524 15 1570 1788 4 1691 9 897 394 6 1481 10 9067 6 40 13885 4 2108 8 738 5
145 1038 3 2125 7 2765 32 501 844 8 143 3 501 844 6 26 7748 10 523 42179 5
66 2106 9 897 2481 4 95 23 144 27 897 152 6 4552 143 3 284 144 3270 14 63 35 1844 33 5
23 4235 9575 343 9 6738 6 317 8186 6 228 35 3837 33 5
224393 5898 4654 31 1848 6 259 3 2190 317 4360 7 1788 106 317 3212 337 72 89 8 72 523 667 5
966 3587 4172 3 236 7 441 532 72 40 2190 317 3212 8 4650 3892 5
55315 1919 13 3 48 532 72 3 284 4 3 48 338 1788 31 201 6 231 3 284 5
92 63 86 10807 4 13 86 26 4116 317 13 12896 76 3 284 14 160 421 363 35 1607 33 5
224393 6268 3 6928 7 317 3310 8 5447 5
16991 31 805 6 371 6881 6 3 284 8 71 337 8 22113 40 317 9962 8 317 10809 5
273 946 4 66 2106 34 100 9 1740 1046 44 3 1081 507 7 6881 13 63 71 371 4 8 3030 3 6950 4 1141 61 3 8507 4 8 1379 23 6 63 14 3 593 7 652 35 311 33 5
79 515 7 1443 298 852 13 1356 133741 1362 44 43 112 34 852 1087 346 6300 337 5
57 380 670 51 26 284 6928 47 2228 1481 6 337 35 1014 33 5
66 738 6 26 1369 6 3434 8 852 68 6 337 35 2579 33 5
117556 117556 16 3 1175 6 423 124 8 1012 2853 317 6 3 3206 653 8 1058 14 4213 5447 5
1203 3587 6148 3 565 7 317 29765 5
18169 31 5515 22147 19 317 48 58 43 71 2285 51788 35 28803 323 5363 4 1515 33 5
15748 15349 3 236 6 1128 317 1252 6 91 24 32 2204 6 9 70305 4 18637 8 3206 1058 22 3206 12634 5
17 284 144 34 97 581 4279 317 4 44 19 849 7 4279 317 35 1968 33 5
134 233 9575 256 215 146 5
66 29 6 2127 32 3206 1058 7 317 22 3206 12634 35 2579 33 5
238 3 3583 7 317 16 5256 15 3 2064 4 80 236 6 1128 6 449 18637 35 1358 33 5
134 256 6 26 488 6 8948 124 8 6 423 124 6 3 8548 3033 317 38 27 6 650 35 1968 33 5
17 2204 144 581 57 197 7 317 13 2228 9 746 6 23352 4 106 329 2032 29 523 1646 19 523 1175 7 5447 326 35 1014 33 5
66 18 59 170 13 117556 16 3092 1888 6 3 421 363 650 5
659 132 2411 421 4 1788 236 97 265 629 16705 7 317 13 16 10793 9490 8 558 5
28353 4 3 2204 144 34 1379 215 117 421 266 10 57 197 7 317 5
208 63 256 6 132 1866 177 1003 4 63 256 3033 1058 7 317 4 10793 9490 4 95 13 63 71 7978 15 35 311 33 5
63 236 97 9 265 629 16705 14 421 363 47 770 138 317 383 26 535 10793 558 3735 144 26 2209 10 177 25033 916 5
17529 7 89 68 1379 215 117 421 266 10 57 197 7 317 5
35 1014 33 5
117556 16 2442 19 3 1277 7 317 5
1210 6 3 3587 9 2107 629 2220 7 224 16 18637 4 894 48 58 13 3006 55 798 1277 5
35 1607 33 109 63 233 9575 256 6 26 5568 19 48 58 9 1087 1051 7 60140 7 317 35 1014 33 5
79818 7 231 16991 31 19171 1481 463 6 1562 89 12453 4 3847 4 1848 6 1266 146 89 10 538 1416 543 1443 5
2625 3587 929 3 236 7 441 9 1906 8 31319 11924 106 23 754 3 1081 11455 19 3 433 146 2538 5
14689 4 3 48 2538 3 48 63 5547 105 6 231 23 35 1844 33 5
367 236 6 132 46 1356 2204 284 1362 1906 4 8 48 31319 35 8220 33 5
4428 1788 31 48 6 9 284 13 2697 91 1003 6 3 317 43 256 19 3033 1959 5
3701 4093 3803 31 338 6 19525 91 25 538 3 2204 284 5
273 946 4 63 100 256 6 7978 4 7978 4 8 7978 4 8 3458 4 13 2106 96 38 256 5
14260 48 58 503 926 36 4056 68 123 5
458 894 63 1746 4 3235 16 503 926 35 1844 33 5
17 284 5968 236 6 422 512 1906 141 23 1356 3 284 1362 29 2410 718 468 23 35 1358 33 5
16991 4535 32 4650 11924 13 16 34 215 3208 8 20846 4 483 1101 15 629 667 35 1072 33 5
17 629 2916 7 3 4650 11924 16 6 474 3 1952 7 317 5447 7 1788 5
15633 2043 4 13 2106 2409 35 1072 33 5
350717 9277 600 2334 1658 13 179 13987 31 1547 6 61338 47 31 2854 4 5646 4 53163 270 8 51423 270 5
931 13987 42 1091 24 1008 2334 35 196 20498 503 33 5
53192 16 6085 48 533 58 2854 4 10 47 1788 42 48 2006 6 581 4650 9464 6 3 284 58 441 3 284 1849 52 40 3225 10 3 3519 35 196 8941 1298 33 5
373378 270 16 6085 48 533 58 51423 270 5
81 1243 6 46 4 1788 4535 6 231 1375 2030 6 5603 317 4 623 58 7995 3206 35042 14 317 4231 5
53192 53192 16 1109 3 104 533 17807 10 61338 1746 5
15748 1867 40 18075 7 441 3 1175 6 989 3 284 24 995 9464 4 3726 8 25498 3 317 5447 650 5
367 27 6 371 9464 6 3 284 6 474 3 16301 7 317 35 4804 33 5
17 2204 144 27 3 1175 6 422 1328 8 25498 8 3096 3 20973 35 7496 33 5
15748 6085 5646 21 32 7392 650 7 11367 317 597 5
17 498 284 16 34 7392 35 311 33 5
40044 144 26 488 6 1107 3 2204 13 13 2106 34 96 38 256 4 49 13 2106 34 96 38 467 14 35 311 33 5
17 83 670 6 185 24107 3 284 16 13 23 71 252 119 6 228 8 140 4743 63 128 96 63 701 88 35 1844 33 5
208 20973 8 14348 42 7392 8 7112 4 80 71 231 3 9464 6 1297 35880 35 1358 33 5
1210 6 3 3587 4 3 5646 7787 29 6 26 177 1906 8 9802 4 9069 4 646 2582 31 1848 6 4264 6 9 1812 7787 5
3 9464 7787 29 6 26 21 1906 8 9802 21 537 35 4076 33 5
92 63 255 10 9 1882 4 142 26 183 94 7 317 16 399 4279 4 153 63 71 18368 9 2031 100 15 3 4279 57 6 140 46 16 4279 35 1358 33 5
527 4 57 13612 1867 13 1691 9464 51 26 4116 92 97 63 31 34 3900 13 3 284 71 371 63 96 63 256 35 479 33 5
145 14359 13 3 5646 650 36 2285 8 1599 343 2538 8 287 3545 21 3 4650 2106 1493 1537 3 284 7453 2238 5
12586 12586 16 3 7453 7 3 284 6 1297 1010 24 15705 1788 317 5447 42821 8 317 13885 276 3 9464 25 3 4650 5
17 2854 7787 2818 89 6 1849 52 32 1570 501 137 586 4 9892 8 23275 5
2330 89 4 3 284 10744 3 501 3892 8 1599 343 48 20945 5
15748 6148 13 3 2854 7787 29 6 26 20945 8 1216 5
16991 230 13 3 2204 18 488 4 14 9 814 125 4 1664 3 2826 7 317 38 743 4906 55 5
458 4 23 86 460 4764 96 38 18 201 6 436 14 15 9 1562 49 15043 1625 5
35 311 33 5
17 2204 16 3682 7 2854 52 63 4 8 54 96 63 54 4 8 26605 50 1070 6 13 35 2579 33 5
10 32 5043 131 4 3 284 51 26 20945 5
72 89 4 23 51 259 1954 96 1835 7 317 63 31 54 35 2579 33 5
17 2204 144 26 488 6 1849 96 160 3212 31 8 96 399 5669 160 2108 8 23 2742 20945 35 3837 33 5
17 2204 36 958 1088 50 209 3003 7 96 23 29 6 112 4 137 580 22 96 63 958 112 35 7496 33 5
355 63 255 1087 1299 124 4 23 1853 96 23 770 106 23 19601 25 63 9 221 7 400 103 35 311 33 5
3227 4 34168 3 3225 16 9 206 152 7 2854 35 1968 33 5
373378 270 373378 270 9965 6 3 7453 6 581 317 10 3 243 5114 14 3 243 4650 5
966 3587 929 3 236 14 284 6 13977 317 10 3 243 5114 4 623 58 317 13 100 868 3 1046 35042 5
273 946 4 57 646 501 4216 13 129 551 317 416 39 4834 848 10 23 4 95 120 1181 13 39 3 1740 4834 10 23 51 26 5998 255 850 5
804 13 1630 13 894 13 29 4834 564 3915 51 59 252 137 4 59 23 1630 22 13 89 87 42 9 515 7 8651 201 180 4834 610 289 23 51 26 9 741 13 16 2112 10447 6 833 49 100 9 312 29379 19 3 4834 610 5
9069 4 96 1788 256 16 9 48 2410 1046 8 7673 2419 13 36 5603 317 13 2388 3 5114 5
17 498 1443 112 34 852 63 6 112 13 1356 53163 270 1362 4 95 1356 96 80 236 1362 16 3 19081 7 10472 1954 96 63 31 580 14 8 153 587 3 284 6 2127 23 10 3 243 5114 35 479 33 5
16991 236 9 48 12630 1181 3394 650 106 92 63 27 35042 4 87 16 535 3 2600 13 3 741 1010 16 34 43269 4 23 16 100 9 1740 13 1487 3915 35 7496 33 5
1210 6 90 3587 4 3 5114 7 317 71 2285 26 2069 24 4282 48 52 3 125993 993 7 317 49 317 3519 5
273 946 4 1788 170 13 24 4282 3 317 1543 36 185 91 6 6646 3 1277 7 317 333 5
38 849 51 105 6 196 3 5114 13 3 1990 7 317 16 110 351 25 4 95 13 38 71 972 289 38 1648 289 23 16 4185 2209 49 34 35 7496 33 5
373378 270 71 59 26 2069 24 4282 3 586 7 317 4 14 3099 4 143 3 1740 49 317 29 45 9490 8 220 103 4 8 143 501 115 1065 7 13 317 5
66 2106 52 3 1175 6 255 9 1740 10 3 5114 35 3059 33 5
2631 63 36 132 3 1171 421 35 1014 33 5
160431 270 160431 270 9965 6 3 1443 7453 6 23335 2677 6 3 317 19 3 5681 7 32 255822 5
160431 270 18 34 6085 21 533 21 53163 270 21 3587 6148 3 2235 694 10 1691 51423 2038 5
134 259 4 57 1740 10 57 2030 770 57 670 8 184 2030 770 184 670 5
3062 140 4 96 3150 770 88
81 160 5114 4 1214 770 2251 1807 35 311 33 5
17 2204 144 1262 102822 35 1844 33 5
17 51423 7 317 71 2285 26 2069 24 4282 48 52 3 125993 32434 5
7313 2209 19 317 16 57 670 4 3003 96 23 770 4 16 184 35 3543 33 5
520 3587 59 6085 3 236 14 1375 2030 5447 4 10 47 3 284 16 3682 7 146856 1375 2030 11557 76 125444 2038 5835 5
17 284 3847 1853 96 3 4650 770 5
17 1175 6 7673 3 1375 2030 4 96 23 16 8 96 38 256 3 284 6 112 14 228 16 177 4116 35 4804 33 5
622 5043 2204 71 26 1148 10 133 9 4230 13 23 16 2130 167 2030 8 1343 1954 96 63 701 35 8220 33 5
37404 9277 182 2376 1658 67 13987 6737 6 10075 53 41722 8 5
17 1008 2334 581 1370 11598 8 3413 3 67 13987 5
238 1595 10 20498 503 5
219108 219108 16 3 7453 6 132 17389 8456 276 1481 4653 5
273 946 4 1788 51 852 3 2210 6 650 317 14448 10 3 3519 4 7995 317 13 250 26 7 518 6 3 501 8 2099 6 3 501 2106 1164 15 96 16 533 5
273 946 4 3 1046 4859 15 3 9160 16 682 5998 4 15854 8 4231 276 9796 849 5
35 311 33 5
364 501 84280 13 38 86 252 76 3 387 290 168 4 8 38 86 4 92 38 2401 4 786 15 3 4462 8 38 140 4 1718 4 38 743 982 2274 10 1913 52 5761 833 4 8 38 255 90 18683 10 8 23 1287 305 5
157 54 9 89 4 38 250 198 119 879 2106 140 67 465 268 8 196 96 23 20830 35 4542 33 5
16991 477 27 89 12453 463 6 3 2129 8 3 7444 7 40 4125 5
66 16 1848 13 43 31 488 6 1266 241 465 5447 8 363 1065 7 317 4 3475 4 11065 8 16001 16 9 206 867 35 2579 33 5
17 2210 2705 1137 13 86 26 1568 10 1324 167 224 850 5
95 63 71 259 512 177 261 10 3 4165 35 1968 33 5
9069 4 32 2204 13 14010 3 964 893 7 317 4 982 317 13 16 84 4 8 6468 47 317 13 29 45 220 49 47 317 16 3187 220 8 153 23 4869 2080 13 8 4219 13 35 4542 33 5
208 3 284 86 2647 6 3 337 4 3458 4 23 36 26 177 4116 35 1607 33 5
472 1788 256 16 57 197 7 6680 13 16 535 87 10 3 3519 4 105 422 32 2117 15 96 46 136 16 682 4 49 210 70 316 15 46 1654 2125 7 224 35 7496 33 5
520 2370 17389 7410 42 6085 21 4116 24 1788 4 133 21 4 121285 8 5791 5
16991 51 105 6 27 90 1835 7 10028 6 852 9 2411 9015 15 317 35 3837 33 109 8 3747 1783 10028 13 16 89 3934 35 479 33 8 19610 14006 7 317 5
38 9000 94793 4 38 1153 8547 39855 4 63 43691 324 218 523 6169 70 2297 63 3 216 670 35 1968 33 5
121285 4859 71 1823 317 25 2489 1543 76 57 254 47 16 3 1175 6 1790 2489 1543 52 3 216 492 35 7496 33 8 581 5039 7 3 16301 8 28389 7 317 4 79022 5
21238 148 316 13 16 5327 8 317 13 63 259 35 3837 33 5
66 71 59 474 3 871 7 317 4 21 2921 24 57 501 13 21 300 21 63 259 4 329 3024 86 26 533 5
38 112 34 259 143 3 284 71 128 180 23 92 3 317 100 663 55 276 3 19372 5
208 3 1351 7 628 71 30174 249 16 1568 4 341 16 533 4 459 16 34 533 4 34 1539 1568 449 105 13 35 1607 33 5
48891 7410 4552 1788 6 34960 40 317 1046 8 650 4 47 1708 90 1175 6 34960 92 63 21072 34 201 6 1125 894 1248 35 3543 33 109 8 2939 1788 6 1176 89 14 83 15978 1715 4 21 2921 24 1788 13 472 51 26 4116 14 228 16 125305 242 36 1176 9 515 7 89 4 900 8 536 35 1844 33 4 34960 3 317 4 13 51 1176 160 89 35 1358 33 5
16 3 7453 6 1333 10 9959 7 426 1446 95 13 50 1541 2106 8808 31 943 35 85014 323 13187 4 3401 33 5
273 946 4 3587 1867 40 738 14 21 1175 6 5998 7902 1945 13 31 9992 6 91 4 133 21 5447 317 10 5985 6 40 1446 4 363 4284 14 652 4 10541 4325 6 4279 1481 4 4703 5
1210 6 9 221 7 1788 4 3 6868 2419 250 26 4116 35 2579 33 4 38 5547 140 1691 6868 15 3 1547 6169 35 1072 33 4 8 3 2204 16 201 6 9425 228 19 1117 317 13 38 250 384 4116 35 3543 33 5
28353 4 3 18356 1586 2210 31 34 97 1691 416 10 317 5447 4 44 418 487 24 487 19 1788 21 9 897 2481 5
364 13612 230 13 3 2204 16 201 6 9425 228 19 1117 317 13 38 250 384 4116 4 32 2204 47 16 958 418 19 63 4 34 97 995 63 317 44 59 2297 63 96 3 16301 7 3 317 16 8 143 63 250 231 13 35 3543 33 5
66 18 2655 13 1599 3 284 36 343 32 2481 6 1233 61 2003 14 63 35 59361 33 5
14 946 92 63 5547 1374 177 4108 52 3 439 4 44 43 142 59 140 2649 4 63 259 87 2106 32 2794 1181 10 7488 6 184 402 151 35 1072 33 5
66 16 533 13 3 5669 317 144 26 10793 558 44 144 26 558 19 32 969 399 339 3 739 10 3 373 105 9 12429 15 3 373 35 1014 33 5
1113 5669 317 25 32 4325 4859 18 6085 21 4116 4 1788 31 1848 6 256 6 26 4527 215 3684 5
364 501 15349 13 4 38 1838 9575 256 449 14987 61 15 160 2424 329 218 549 6 140 13 3 317 16 87 8 38 1838 9575 256 6 958 198 580 14 23 2632 5
38 219 23 51 26 449 92 63 51 15413 15 9 8355 1562 1625 4 2254 1429 1562 6 196 289 3 284 39 3353 35 1237 33 5
145 14359 9 623 26918 1442 7 214906 16 666 10 32 2204 543 284 5
9 4650 144 5669 8 59 26 4527 24 3 317 284 35 1014 33 5
66 16 2186 24 356931 4 12849 4 8 10377 498477 35 280 33 13 1481 144 26 488 6 1951 3 58500 1746 650 5
12502 4 3 1746 6680 7 7112 2204 543 270 1443 144 1384 1788 12988 10 678 6 1800 9 284 13 16 4116 14 91 5
3879 18460 4 11737 8 24717 61 3 2005 11557 3883 25 1101 600 8 3294 10 3 73 2124 4 46 2124 15682 629 601 2334 5
17 689 3115 7 3 601 16 3 1581 7 9 197 7 1746 6680 6 3929 1746 8 726 7 3 7112 1586 2210 25 3 224 1788 5138 5
17 1746 6680 21 1595 10 98586 341 16 9 3109 7 11598 25 96 3 224 1788 256 25 5043 1586 2210 8 3 726 7 3 9756 6854 5
17 1746 1506 2464 9 52301 653 7 1481 18075 7 32 5043 1586 2204 8 3 653 7 3 284 2106 1442 5
158976 1746 1210 6 224 1788 4 48450 16 3 104 533 38020 14 32 5043 1586 2204 5
81 3 1273 2204 1746 6680 4 48450 29 179 871 304 13987 47 31 119223 4 224393 4 117556 4 8 3279 7 231 5
17 4279 692 2994 10 3 4759 501 317 284 2062 7 48450 1746 31 1574 2638 6 3 3279 7 231 8 871 304 5287 7 628 2151 31319 11924 133 21 45268 4 174882 4 49 70670 317 5287 35 5189 4 4 323 32241 4 2773 109 2432 323 5189 4 3401 33 5
17 48450 6680 1273 322 29 2262 3 2000 7 4759 48450 1746 4740 10 3 3279 7 231 6 119223 4 224393 8 117556 5
119223 1210 6 224 1788 4 3 74 8 1325 23264 17807 10 48450 1746 16 3 119223 5
526170 35 1515 33 4 16502 13 119223 16 6252 24 3 4355 7 4650 2106 738 4 8 3899 6 772 138 738 47 31 338 6 665 10 9 12404 1322 19 3 4650 5
117084 8 14204 35 5810 33 8 18246 35 5810 33 2186 13 421 3891 19 523 11797 9698 4535 523 2757 7 317 5
17 871 8 28389 7 317 71 34 26 12354 2875 276 2016 37 2527 13 317 5
17 2334 1919 13 119223 2228 1788 6 3009 8 76646 317 14 2190 5060 543 15 40 1570 30951 4 4125 8 13885 5
224393 17 224393 17807 2228 501 6 17743 532 72 3 2204 2106 3225 8 1945 92 43 3073 5
31440 6 3 5385 7 891 317 1443 35 96115 33 4 337570 35 6801 33 2653 61 13 32 96115 144 34 26 6227 2191 3 2582 14 1288 23 16 2161 31 3559 6 8612 8 3847 532 3 96115 623 58 26 3275 24 23 5
364 7 8 107907 2106 35 2773 33 62997 6680 14 12430 31054 4 10023 532 4 956 189 3 284 5447 7 10023 4650 1945 8 3 532 13 1481 27 15 3 5447 7 40 1945 24 3 284 5
1053 8 28182 35 5981 33 4964 13 1788 71 3009 317 6 90 3525 24 6573 3 1414 7 317 1543 8 506 5
1563 2334 1919 13 1788 256 6 27 532 72 40 317 10809 4 133 21 1543 4 3351 8 9339 5
17 2334 59 15616 13 1788 383 26 488 6 132 893 15 40 532 6680 106 40 317 3212 337 72 89 8 337 19 523 667 5
117556 17 117556 17807 16 3 1175 6 16895 317 15183 6 9 70305 4 18637 8 3206 1058 22 32 3206 12634 5
17 362177 7 5146 8 73929 317 29 1146 32 1566 10 47 1788 31 45906 6 1266 48 89 6 2705 317 7 40 518 5
337570 35 6801 4 9421 22991 33 2186 13 8717 3 317 29765 6 47 2582 31 8004 16 1842 4 120 1117 317 115 558 24 32 96115 71 34 26 230 6 26 220 2875 5
15814 4 8 107907 35 2773 33 2797 13 3 287 1481 31 11473 24 6647 317 4 3 48 43 36 26 488 6 11166 40 2485 11076 5
66 16 3456 6 16895 3 317 15183 13 956 3 1481 19029 25 9 87239 8 11797 397 7 1069 19 4974 6 3 1081 197 7 317 2209 6 3 1481 5
16991 975 13 117556 11657 3 421 363 650 106 9 396 197 7 317 16 2538 8 10825 14 91 6 23352 8 132 1065 7 23 4 3847 4 1723 3 1308 1277 7 317 5
79818 7 231 1210 6 2346 35 5981 33 4 3279 7 231 29 6 112 19 284 3893 13 31 488 6 1128 4166 10 538 3 284 5
1655 3 2334 4 1788 929 3 667 1547 6 17635 4 26606 8 5
1210 6 646 1788 4 17635 86 474 3 231 7 3 284 19 1369 108506 8 31319 11924 5
113063 71 1128 89 8 900 666 6 1811 909 6 317 2151 1906 49 3033 1959 6 384 1647 25 3 284 5
71 474 3 3961 7 317 650 2151 66129 317 5287 8 3688 5
350717 1746 350717 18 1658 21 57 7 3 104 533 1028 2916 14 58500 2333 35 4890 323 18304 4 1278 33 5
81 2346 2106 35 5981 33 23264 1506 4 61338 16 57 7 3 4650 6680 13 3859 871 10 317 1443 5
1210 6 224 1788 4 61338 9286 7 179 533 13987 53 5646 4 53163 270 4 2854 4 8 51423 270 5
8 107907 35 2773 33 59 1384 61338 21 57 7 3 62997 6680 7 12430 31054 5
622 2204 543 270 284 144 26 488 6 8744 6 3 1566 10 47 3 501 1131 5
12502 4 3 5646 8 2854 17807 51 3316 6 2647 6 3 1364 19 143 317 16 666 8 524 5
17 53163 270 8 51423 270 13987 51 3316 6 2647 6 3 1364 7 143 166 3 284 71 2647 6 3 4046 7 501 317 5
53192 1210 6 224 1788 4 3 104 533 17807 10 61338 1746 16 5646 5
17 4102 7 5646 16 825 6 3 10023 16301 9464 1217 10 3 542 7 317 45679 35 86383 323 15130 4 3728 33 5
40044 2106 10023 16301 9464 16 220 6 108329 19510 8 59 6 1000 8 24107 4650 10809 35 4 2773 109 111342 323 48803 4 1422 109 5014 323 77757 4 744 109 7277 323 19366 4 911 33 5
17 5646 17807 7928 1788 6 1649 3 284 24 995 10023 9464 10 678 6 474 50 53562 5
145 16 3439 24 6197 589 32 1570 4650 2106 3892 5
17 224 1788 4172 13 3 5646 650 144 26 7392 4 8259 3 284 6 1849 8 3847 1297 3 1277 7 317 1252 5
1113 87 16 9 1364 7 1723 11797 4710 15 1481 10 3 5646 650 4 3 2334 1919 13 1788 31 2006 6 581 9464 6 3 284 8 112 34 196 3 5646 650 21 9 4710 92 23 2939 3 2204 6 1088 9 48 4279 4650 3892 5
659 4417 3 1723 11797 19029 4 3 5646 7787 29 6 26 177 1906 8 9802 5
238 1788 343 48 2570 10 5646 3 284 4 3 650 36 343 48 18637 8 287 89 12725 5
12586 12586 71 1297 3 61338 137 15705 8 3726 4650 2106 317 5447 3225 276 4951 4650 2106 10023 9464 15 19696 317 5
145 19610 3 470 4 89 8 11797 6885 666 21 10 10023 16301 9464 1217 5
17 2854 17807 9965 6 3 7453 7 3 284 6 1297 50 317 5447 1534 24 95298 15705 8 3726 501 2106 317 5447 42821 8 317 13885 5
17 733 7 2854 16 14 284 6 8744 6 3 4650 2106 738 8 2108 8610 5
1210 6 1788 4 3 2854 17807 16 287 964 8 12818 58 3 5646 17807 5
16991 1240 34 6 27 1589 1958 6 879 2210 1849 40 317 5447 42821 4 44 43 112 6468 13 396975 24 1586 2210 36 159 89 8 71 26 2069 6197 5
373378 9207 17 733 7 53163 270 16 6 1128 3 25070 7 317 8 474 50 16301 232 6 3 4650 2106 5114 5
17 4102 7 3 53163 270 17807 16 351 25 67 6599 10 3 6854 53 57 16 3 5114 2303 45679 35 46910 33 1217 4 47 104428 5114 2303 317 27098 6 3 4650 2106 498 2215 2737 4 2354 4 2673 8 35596 5114 35 604 4 1534 4 2457 650 33 35 529 323 1053 4 1278 109 4 4 323 4 911 109 169348 4 744 33 109 8 3 83 16 3 32960 8116 7112 1566 35 260475 33 1217 4 47 53079 5114 2303 5146 8090 35 37341 4 3733 4 211437 4 4 323 6355 4 1095 109 127124 323 307893 4 744 33 5
160431 9207 364 7 3 2235 7 317 5447 16 6 7532 5146 12226 76 246953 10920 317 5
160431 270 8887 19 3 5681 7 4279 255822 5
70592 6599 6 51423 270 31 2942 121285 4 59 259 21 2942 19372 49 5890 20331 4 3 650 7 26177 8 31370 1375 2030 11557 6 125444 5835 543 15 40 2038 35 2389 323 191333 4 3578 109 231493 4 1422 33 5
17112 2854 4538 31 1940 220 14 5998 25418 51423 317 10 2942 121285 4 21 5764 24 231493 35 1422 33 5
1210 6 1788 4 51423 270 16 533 4 44 23 16 3 248 12818 17807 677 19 5646 4 2854 8 53163 270 5
16991 42 2303 7 3 236 21 166 21 3 2235 7 51423 270 5
37404 1746 7313 16001 16 57 7 3 9062 2000 7 32 7112 2204 35 22493 323 189596 4 744 109 85014 323 13187 4 3401 33 5
85014 8 13187 35 3401 33 7673 10075 21 3 7453 7 2210 6 3270 276 3 1821 4653 7 4092 49 461 4 8 27 90 843 7 532 72 40 1945 8 2634 164 35 157451 18066 33 5
17 10075 7 32 2204 2818 34 97 16001 5577 4 44 59 16001 1446 35 7914 4 2804 33 5
1655 3 2334 4 1788 6085 3 28389 7 32 10075 4859 21 9 152 6 1128 40 317 19029 4 12146 4 8259 91 6 1101 15 40 45903 8 460921 4125 5
12811 7 1788 1310 2048 67 533 871 304 13987 6 10075 53 41722 8 5
219108 17 17389 17807 16 3 7453 7 2210 6 18386 40 1566 8 2647 23 30600 8 86091 35 323 4 744 109 85014 323 13187 4 3401 33 5
622 2204 144 26 488 6 57052 2401 47 1945 6 24160 8 10 96 19348 4 10 1070 6 3 164 7 50 1566 35 7914 4 2804 33 5
17 3309 7 68 78772 19 40 13734 10 9 17389 152 1146 9 84 4 5114 2303 2877 7 11455 5
14471 1443 144 26 488 6 1445 3 498 983 8 1333 15 13 3003 35 323 4 744 33 5
55315 25 3 501 2995 8 3294 1556 13 3 41722 17807 18 6085 48 12818 58 5
16 3 7453 7 2210 6 9386 3 1923 893 8 7902 237772 3225 24 427 3 3159 114 3206 35 85014 323 13187 4 3401 33 5
17 2204 340 34 236 10023 6881 25 3 4650 4 44 1446 13 31 197 6242 10 3 1746 49 392 6 3 2204 22 336 89 5
473 192 1446 197 4 3 2204 16 1479 14 5261 143 8 65 6 7902 237772 650 14 3 4650 35 7914 4 2804 33 5
1655 3 2334 4 1788 6085 21 9 152 6 6298 11742 13521 7 317 8 3847 6 1297 4650 2106 4590 7 2475 4116 317 5
145 11742 13521 340 34 1871 1481 6 17815 70 8090 12067 8 6 4112 70 993 35 79439 4 3578 33 5
273 946 4 317 16 35851 15261 6 581 25803 4 5772 8 4284 6 1481 2151 3 4650 31054 4 8 25692 16 35851 3643 6 1128 3 32421 7 317 5
66 16 2186 13 32 6607 3003 7 1481 12988 8 3212 14 7112 2204 543 270 8 3 2442 284 1746 8 726 1708 9 1864 1625 14 9370 3 726 8 2673 7 2204 543 1443 5
12502 4 46 601 29 5422 1788 2036 7118 3 1746 7 5043 1586 2210 6 270 40 1442 1715 21 4939 24 2820 2106 35 7780 33 421 363 3695 5
145 542 29 2203 8 94425 24637 9 197 7 1746 6680 14 5043 7112 2210 5
17 1746 6680 2061 137 32 129910 1217 543 15 3844 44895 628 4209 25 9 4176 542 538 108 1101 600 8 454 24637 19 9 8617 542 538 26918 10032 3294 19 605 224 1788 5
17 23419 4 79022 5
224 1788 10 46 5114 4 1867 40 2036 19 15344 15041 543 15 40 791 3136 3 2129 7 421 363 10 40 3547 7 1407 5
158 2994 8 4939 96 31 40 5043 2204 543 270 1443 10 9 2005 4 7772 8 166 2186 4230 5
107935 24 3 629 13538 25 3 2204 726 6854 4 3 1746 6680 10978 25 3 1788 397 7 1069 31 454 52162 21 284 2106 48450 4 61338 8 10075 5
66 16 7587 13 3 26451 7453 6 772 192 6680 3443 15 3 653 7 284 1442 5
145 601 29 115 9 221 7 533 4117 4 47 539 53 2778 14333 8 5620 7 104 12818 2204 284 1746 6680 543 15 35 196 98586 341 33 25 3 224 1788 5138 538 44895 601 4309 10 3 628 2137 5
2778 8900 3003 7 4650 3212 543 15 3 2005 44895 628 4209 137 1101 600 8 3294 4 3847 1691 9 1864 1084 14 9370 3 726 8 2333 7 2204 543 270 1443 5
2778 27449 5940 14 9370 2204 270 1443 10 189 601 8 1407 5
17 94425 24637 1746 6680 10260 3 52301 653 7 1443 1442 1272 10 2640 421 363 8 3 678 7 3 57649 25 1788 397 7 2036 5
66 842 13 48450 16 3 4867 8 104 12818 6680 4 979 24 61338 5
37404 2818 1391 653 7 284 1442 4 44 16 3 248 12818 16408 5
17 6680 71 59 1485 21 32 8557 4462 10 2204 284 1746 5
2778 27344 11598 76 3 2129 7 421 363 4 2235 8 544 13 1788 31 1001 1538 10 40 421 363 650 2778 63973 6 3 498 1077 15 3 2627 2235 10 421 363 4 3 11240 4 19898 8 4650 7012 7 5726 746 38460 19 7112 2210 5
55315 25 3 601 27 9 221 7 533 5940 5
158 3817 13 1481 1772 7968 1537 538 7112 1443 6 2323 20945 4398 27 1413 6057 72 1208 680 7204 10 718 726 5
158976 4 21 3 104 2370 1746 38020 4 840 21 3 104 12818 2419 7 3 5043 1586 2204 5
37404 4 21 3 104 3558 2419 7 32 2204 4 16 1109 21 248 12818 5
17 18029 14 2204 284 4654 16 13 3 1906 4 24812 8 26736 29302 1586 2210 31 96 224 1788 256 5
1858 7 4740 15 601 768 10 1572 177 5242 2204 543 270 1443 10 3 6232 4 9756 1296 144 2647 6 3 1481 3212 8 1800 3 1443 6 772 3 18075 7 1481 5
81 1243 4 119223 840 3 260 5702 14 2204 270 1443 5
12502 4 2204 543 270 1443 383 26 488 6 8744 6 1570 2106 421 363 1566 8 26 29302 6 40 2665 738 8 2190 5114 5
17 1793 13 501 1867 15 3 637 7 532 72 3 2204 418 14 91 1871 2204 5968 6 12874 5883 532 2000 6 772 1788 3368 14 224393 5
17 426 2673 7 1586 2210 10 2640 501 1442 1715 86 2475 337 1788 3225 5
145 16 9 22189 11455 148 3 1788 8 1586 2210 5
66 71 26 21312 13 32 501 2106 1442 604 36 34 26 6667 49 2445 24 1586 2210 4 106 3 2204 16 11315 24 3 501 8 16 9 176 7 3 501 2106 421 363 650 5
349 3 83 881 4 1788 112 34 1230 6 27 556 1493 10 25403 1586 2210 8 1417 13 1586 2210 86 159 72 90 7 40 1442 4125 8 2123 40 5663 726 4 3847 3979 10 4484 6 3292 8815 15 1586 2210 5
17 1273 1746 6680 1186 6 1128 3 317 29765 8 22108 1788 19 29302 2765 14 11065 4 7117 35713 8 7117 33855 6599 6 9583 4 114729 8 26704 317 14 224 1442 19 9 1069 6 9409 9 593 7 652 5
238 9 665 4 23 29 785 6 6298 3 711 2106 7453 6 259 1010 4 50 6528 8 50 224 1566 8 4552 1788 6 1297 1277 7 11598 10 421 363 13 36 321 6 2832 1653 5