145 542 12966 9 84 1217 14 12538 3 565 7 16001 1627 7 13344 10 10711 13 3576 189 17087 8 7039 8681 5
17 3644 7 46 601 16 6 581 1401 13344 9 498318 16480 496 32 5344 68391 47 4286 189 21431 8 1324 9010 5
17 1589 2104 2527 72846 2854 8 9 32542 992 17686 6 4855 2785 1330 544 5
17 31660 2209 9270 6 26 1783 10 10150 11952 114 391 317 16 558 5
17 1952 7 3 10051 71 26 197 2543 6 3 66413 7 3 16480 4 47 1708 9 485 1653 10 530330 2333 5
17 2104 16 4071 10 189 22485 21267 35 78733 33 14 2538 43971 8 6266 2279 1715 4 8 15 9 521 1401 10051 14 9345 25017 5
17 31660 16 677 19 12 9101 10150 31660 5
11391 240 13 3 1273 2104 29 9 206 7332 489 43420 22 9 12404 1952 5
23985 1330 16 57 7 3 629 3893 7 16001 1401 13344 5
1249 3 5385 7 1401 13370 7176 119 10 3 12345 4 3 689 1787 24 104 1296 10 4327 1330 16 3 726 32 31660 3682 7 1691 498318 60240 5
17 1441 18 3868 76 67 1687 601 692 4 543 15 3 2125 7 1566 317 47 16 220 24 3 1401 10051 35 1376 21944 4 3290 4 223740 4 323 107920 4 1515 33 5
17 74 1217 2527 391 2505 7 3 1566 4 2677 13 22 290 1129 4 3 10051 29 1332 317 52 50 2737 4 1627 5615 4 8681 8 1341 5
145 5121 1117 544 1547 6 90997 5
6297 15 9 206 90997 5533 4 3 10051 71 2258 6621 50 827 19 2201 6 3 2571 1566 35 1618 4 9 21365 904 3298 16 4723 6 4301 70 537 38060 7 10051 109 64076 3 10150 1141 254 10 9 39811 68391 4 3298 16 3868 10 341 53 3 8681 904 88202 4 8 3 481 904 33 5
86859 10 71 26 3439 137 9 1773 2726 7 27964 35 133 21 231017 109795 280906 157 67598 35 8756 323 4 3952 33 4 7670 280906 543 15 35 4 280 33 4 18982 13720 90997 35 4 2284 4 180392 4 323 174195 4 2391 33 8 461 33 8 240544 1443 35 9410 35 103858 323 517834 4 7560 33 4 2741 2642 4 1566 17482 8 95 15 33 5
238 57 71 44732 4 23 16 537 6 259 10 2379 92 3 733 16 44818 4 47 754 46 9 2170 1026 14 7732 32542 2642 35 439493 33 5
17 169 1217 2527 325 317 19696 24 1079 10363 35 22209 35 2552 323 2552 4 2076 33 4 10855 35 4 4 323 109611 4 1095 33 33 4 20393 10363 35 65684 4 9669 4 92394 4 323 97766 4 744 33 49 854 3369 35 65113 323 69199 4 359 33 5
13148 25 3 644 13 87 16 93 3489 7 23462 4 57 7 3 689 667 47 738 6 26 10455 24 1638 16 3 7379 8 20786 7 325 244038 5
81 104 745 4 46 1217 340 3489 23462 5
8616 4 80 3769 6 231 391 317 496 46 542 5
2330 3 73 1208 4 117 42211 5169 19 3 2785 1330 565 5
19850 3351 7 2506 42 1273 53 320058 4 785 3547 4 93880 49 543 15 7732 1442 35 43826 33 5
7132 543 4309 3972 3 48947 7 9 7132 72 3 3298 904 5
81 678 6 4498 9 7716 2785 4 70 7132 2469 35 49 7132 266 33 383 3475 26 848 10 5
364 7 3 104 1029 320058 27964 10 4327 1330 16 35 19 50 23299 4 8 1910 33 35 87196 323 52926 4 3952 109 27386 323 87196 4 2804 33 5
22418 3547 1506 3298 54 9 785 4859 53 8681 31 381 21 42261 9010 125 3 1341 16 381 21 32 4153 1055 5
17 68391 16 4357 21 32 5325 7242 4 47 1131 1537 29404 50 785 536 4 3847 2684 3 1324 9299 35 3 1401 10051 33 6 3 733 35 87196 323 52926 4 3952 33 5
2018 93880 4309 4 3 104 220 31 2052 47246 8 3 11104 29540 35 323 4 3952 33 5
17 11104 29540 16 9168 543 15 18679 7 66619 5185 266 496 5
6832 9 59272 31660 133 21 280617 4 79 1910 35 454678 323 10283 4 6760 33 49 2482 1910 35 383045 4 3578 33 4 3 19838 49 19547 11023 31 43420 35 323 15619 4 5282 33 5
19847 601 10 4327 1330 6655 3 231 7 7732 2854 4538 5
72846 2854 29 45 220 10 280326 4 3462 4 8 35 2076 33 6 2769 4327 1330 10 7039 10711 5
17 4888 2123 3 221 7 684 25 3 684 904 4 3847 2790 3 1646 7 72846 1870 8 15066 4 3 66413 89 109 658 4 23462 16 34 5053 5
24984 24 5086 25999 4 18982 23763 27708 35 124913 33 16 59 1940 220 10 4327 1330 35 28760 4 911 33 5
3194 18982 25 3 904 7 2104 1260 3804 6 2769 3 733 83568 4 8 11657 50 791 54 329 84 43241 4 543 15 50 16480 586 8 15 3 791 7 83 4863 10498 5
1471 1940 12631 4327 1330 5018 16 22190 8783 35 4 3578 33 5
878 44 34 248 4 32542 2642 42 220 6 2769 536860 60240 35 4 12825 4 323 10262 4 6833 109 82194 323 2389 4 2804 33 5
1113 117 7 192 43826 4309 240 3982 522 4 100 9 265 958 1341 3 20786 7 7039 8681 4 8 141 287 2121 5507 3 1273 4327 1330 2104 10 521 2279 10711 14 9345 25017 5
79 179777 32542 992 16 488 6 4434 103860 7410 35 261829 4 6104 33 5
145 2419 71 26 220 10 10651 19 35126 2854 10 678 6 4855 3 2785 1330 565 4 392 2543 2505 7 3 1566 5
273 46 2190 267 4 72846 2854 35 4296 323 391048 4 1422 33 18 220 19 3 508 4859 13 129284 3 1277 7 9 164 652 53 35 249 33 114 4625 16 3 197 7 2506 4 2567 16 3 197 7 684 8 79 16 3 197 7 1945 5
17 470 4 49 333 20 4 3 5157 14 9 498318 16480 16 392 92 3 1401 10051 7318 3 733 5
81 83 1299 4 3 1273 2104 5036 290 164 4 652 8 665 25 3 68391 21 32 4919 13300 3201 47 2939 10 17444 3 5157 96734 5
273 2025 23462 4 3 2104 754 454 231 7 9 511151 32542 992 5
8616 3 1273 4 2104 1618 384 9 498318 16480 25 3 74 265 129759 5
17 4327 17686 16 6227 10 78733 14 2007 2279 8 4213 43971 4 8 54 7759 12404 522 4 15 9 521 1401 10051 53 25 5955 58276 35 1295 4 7782 33 5
145 542 21722 5158 25 2489 601 692 5
79 2941 4300 7 498 7063 10 192 692 16 1273 79000 5
302636 20786 7 1401 13344 10 7039 10711 50781 16369 19 1324 8681 16 9 3558 2485 5
81 678 6 4855 46 565 4 9 528 221 7 27964 538 189 325 8 391 2505 42 1273 24 1296 5
19886 97 325 317 52 3 418 1566 54171 4 10 104 745 4 3 9573 7 9 35713 1217 4 133 21 48378 49 28321 543 4309 5
231063 4309 13012 119017 3 10051 12 16480 35 59452 4 5981 109 323 76139 4 911 33 5
19886 3 5551 25927 7 3 10051 8 7 3 8681 4 3 2785 17686 71 1122 13012 3 3457 22 290 89 3099 4 8 24 1994 9 798 2123 6 46 12911 4 3 10051 71 398 15 498318 60240 35 220997 4 4 238837 4 323 180304 4 6760 33 5
28321 543 4309 1384 3 37984 536 7 3 10051 8 7 3 5426 4218 1324 8681 4 8 231 46 628 10 16480 2020 35 10206 4 4 323 42441 4 744 33 5
17 104 220 28321 543 5018 16 37515 2897 38751 4 2042 119 10 2773 35 2284 4 180392 4 323 174195 4 2773 33 5
364 7 3 603 667 19 35713 4309 16 13 43 236 9 206 240544 284 47 71 1657 5050 827 25927 14 120 325 8681 5
19847 2062 231 854 3369 6 128 1566 317 8 6 2882 3 14130 7 3 1279 5
273 946 4 9 837 2741 71 26 220 6 883 7367 16207 8 1566 21042 4 49 543 15 32 31660 133 21 3 2146 543 9898 289139 35 2552 323 2420 4 2560 33 4 6 7367 8 30174 1324 8681 5
21847 3369 581 71775 3309 4 363 5719 7059 146 2538 35 323 4 280 33 5
1471 2125 7 15721 2042 15 3 200 10 3 73 1352 16 3 380723 35 298061 33 2741 35 519 323 23703 4 502 33 4 9 5373 148 10855 1079 10363 8 3501 854 3369 5
14689 4 10202 20786 27964 543 15 325 317 7 32 1566 19 9 4185 528 1058 7 8681 4145 15 13896 3 10202 47 16 104 338 6 25995 19 3 10051 5
145 1264 16 658 572 6 5507 15 521 1401 13344 4 121 3 3394 650 1010 16 1441 6 117 952 133 21 53 249 5
3072 70 3 8681 3577 21916 88
1554 46 3 5426 10202 88
1554 46 3 104 1778 10202 88
472 92 87 31 341 49 2489 8681 2157 22 3 216 89 88
17173 9 391 8593 7 3 7039 1566 16 558 4 90 7 3 104 220 10150 27964 4145 15 10887 7 3 785 857 5018 5
21436 539 2190 5771 65 14 946 189 3 1341 8 3 10051 31 1324 35 67300 323 54792 4 1422 109 18150 4 280 33 4 49 3 231 7 52348 7410 10 678 6 2112 5199 3 325 244038 35 2552 323 63513 4 3824 33 5
3754 231 32 5775 8593 7 3 68391 35 323 6794 4 7560 33 49 19816 6599 35 69678 4 6794 4 323 121157 4 911 33 6 2769 498318 60240 5
364 7 3 689 667 13 15817 42211 305 1537 15282 4327 1330 27964 16 3 66413 89 5
26502 4 307 2062 8245 3 231 7 43826 4 121 117 4309 26518 3254 4 31 2538 6 5507 8 1657 10 90 745 48 12404 522 5
23985 1330 19 7732 1442 4538 187 31 117 7732 1442 4538 220 14 12538 2785 1330 5
2018 192 4 22190 8783 18 3 74 6 26 220 35 4 3578 109 463243 4 2773 109 48511 4 3401 33 5
80440 8783 16 485 14 17087 125024 4 44 5708 2325 522 10 7039 10711 5
1949 4 22190 43420 60240 31 34 19547 5
34989 27964 35 727 33 979 2341 35 283222 323 1072 4 2773 33 5
13166 6 40 2190 4 727 31 485 22 1913 391 19547 60240 5
527 4 43 112 34 2430 166 19 1695 1812 10711 4 8 1913 9 206 5188 4859 14 3 4327 1330 565 16 623 841 5
22510 4309 2061 4 47 220 3501 27964 133 3 785 3547 4 671 19 43826 4538 35 133 21 727 33 4 14 3096 3 2104 35 4 1515 33 5
527 4 3 2785 1330 773 16 149 2325 463 6 3 9705 3511 24 3 785 857 1506 220 10 3 542 5
124913 59 574 6 26 220 14 7759 498318 10051 10150 35 1824 4 590 109 4 280 33 5
527 4 3 522 31 43420 3827 8 31 1695 6325 15 3 3157 7 3 8681 5
439493 27 45 220 6 4855 3 2785 1330 565 14 1401 13344 5
2625 3351 7 32542 992 12174 42 1273 10 3 73 341 1208 35 281799 4 2560 33 5
19847 2062 3617 538 439493 671 19 1117 4538 133 21 22190 8783 49 4624 27964 14 3096 189 3 11040 4 928 400 8 3 23462 713 7 3 1273 2785 12174 5
186564 22190 11379 42 59 220 6 2769 9 498318 10150 35 4 4 34616 4 11782 4 323 4 1095 33 5
81 46 542 4 3 22190 8783 14533 16 543 15 9 197 7 17417 5
17 49894 16 220 92 9 2143 17417 35 198 105487 33 16 13097 4 8 110458 3 2143 10620 5
527 4 3 8681 25 46 542 31 1109 535 1966 6 3 10051 12 689 22723 1055 4 8 105 70 22190 8783 6599 4 3 17686 16 2051 6 1018 19547 60240 5
364 7 3 104 2794 6599 35 47 59 754 3 1441 7 46 542 33 16 35126 2854 35 80191 33 5
80191 2228 9 1401 10051 6 8744 50 16480 4 93 935 143 1812 8 30217 50 418 1566 16 5
17 733 7 120 10051 3725 10 9 80191 31660 16 6 14391 50 5157 5
8616 4 24 3629 16764 4 3 10051 71 1849 52 50 16480 10 521 89 4 100 105 120 882 11733 4 3 629 14 70 16001 7732 9010 5
17 23874 18 10 644 8074 25 3 542 7 2578 2854 35 173642 323 45114 4 3824 33 4 8 18 3677 6 29280 543 15 3 24204 2209 10 98586 249 5
98586 249 5
53456 7 35126 2854 14 1401 13344 5
145 542 2527 9 2086 84 80191 31660 226 72846 2854 4 47 18 2042 119 10 4540 35 18246 4 4540 33 5
364 7 3 11414 7 72846 2854 16 13 16 340 1871 120 767 317 52 3 1566 5
7219 4 54 10472 9 5157 4859 4 3 10051 3831 3 19547 2785 24 1010 35 3831 3 3235 23862 5157 33 5
931 9063 12131 1296 4 47 574 6 18774 542 46 2125 7 32601 2854 5
364 7 3 74 2062 13 29 6227 72846 2854 10 10051 10150 220 9 2086 1906 5157 4859 35 446326 249 33 5
249 18 6234 6 3 733 164 4 79524 14 4978 164 8 6494 14 120 83 684 35 9356 323 4 1422 33 5
1113 3 522 42 3982 35 3 10051 1599 21171 6 3 2104 33 4 3 66413 400 42 272 5
72846 2854 543 10051 10150 18 6464 2069 10 280326 12283 3462 5
35 2076 33 4 44 149 72 577 928 61652 31 1272 6 1649 3 72846 1870 35 3 40056 1382 72846 2770 33 5
81 521 10711 4 3 68391 7 9 1401 10051 142 3576 117 523 8681 5
145 2238 3 1058 7 72846 2770 666 6 26 7545 4 47 10 786 15578 76 272 66413 400 5
208 3 1566 16 23069 528 4 3 164 904 7 8294 142 26 95 23604 4 23 51 59 159 241 4736 7 89 6 5576 23 8814 5
214 16 524 90 2062 873 6 7801 72846 2854 19 83 770 7 43826 4 10 678 6 474 3 66413 773 5
80440 8783 18 220 671 19 72846 2854 10 4 4 8 35 590 33 8 4 165826 4 4 8 3462 35 2076 33 5
81 189 2062 4 742 1812 10711 31 2572 4 3 27964 42 34 2870 14 1324 8681 5
81 70 22190 8783 543 2785 12174 4 3 22190 23394 13 31 6234 6 3 164 8 537 1945 7 3 10051 159 9 31276 221 7 2770 5
145 955 754 22190 8783 6943 6 26 220 10 3109 19 189 3321 35126 2854 4538 21 166 21 439493 35 186564 22190 33 5
349 3 83 881 4 3510 528 2757 7 164 652 9906 16 18637 19 32542 2642 4 47 71 26 3639 220 6 1392 8 49075 72846 2770 35 18150 4 28044 4 323 30412 4 744 33 5
527 4 46 542 2527 90 34130 2770 14 3 5157 4859 35 28107 14 850 1627 4
17 32542 72846 12071 1217 16 6943 6 26 220 10 6573 79022 5
13370 1982 35 4 4 4 323 4 2076 33 4 44 59 10 83 601 692 133 21 5171 35 415761 4 1278 33 5
5955 13344 10 78733 254688 13344 4 289 43 31 3601 49 1401 4 29 535 5208 9 1236 4 907 6 84 4 48890 8954 5
84630 192 13344 10 78733 142 9635 14 1117 3212 7 904 4 89 8 207 5
81 3 656 341 1208 4 763 24 3 11030 7 333 897 3149 4 1678 4442 811 3 1677 2211 6 13344 5
364 7 91 16 3 864 35 54584 4 16720 4 323 4 744 33 4 9 481 24903 20260 1566 5
17 867 7 9 13370 6684 18 59 12956 24 189 1216 1296 35 133 21 15485 10231 47 1589 10 3495 4 9 7941 1586 1940 220 10 13370 9809 133 21 281345 35 10231 4 2804 33 4 49 2712 114485 47 1589 78174 10 744 4 32 526 1351 1586 1465 10 17177 35 114485 323 4 502 33 33 8 1283 9010 133 21 1668 4 19 50 59529 36787 13608 47 29 107 1049 3 10303 1185 35 10928 323 2346 4 280 33 5
81976 20260 29 45 220 10 932 4 4731 2279 4 386 8 2815 5
187 31 189 9063 8 202835 7 538 4731 1401 13344 5
238 1432 266 4 57 71 858 3 304285 7 3 7254 35 93 48 89 702 15 1994 1117 927 1443 33 4 3 1647 6 3 34587 231 565 35 2489 1296 71 3030 8365 15 3 216 17229 10051 33 8 3 853 5663 6928 35 48890 2849 71 107 26 6724 694 10 3 2279 4141 4 276 3 1417 7 6086 33 35 323 4 590 109 323 4 274 33 5
527 4 87 31 59 90 26966 47 236 6 26 1109 5
17 75186 1851 8593 17242 5369 544 133 21 3 3612 7 5266 10 2236 628 2757 5
19850 2193 11193 19 3 10051 10 521 10711 4 133 21 3 12911 14919 85612 4 3 818 775 10 10051 12 10184 1022 24 19393 47 31 572 6 25767 35 133 21 818 775 4 4879 8 461 33 4 326 653 4 15721 12276 8 95 15 5
931 4556 3272 148 3 17229 5662 8 3 521 131 5
1471 2916 47 59 3390 16 3 89 351 6 49075 3 2785 1330 27964 5
81 7039 10711 4 1137 2659 4185 2025 4 3847 3 4327 1330 27964 383 26518 3665 5
878 44 34 248 4 46254 1401 13344 54171 615 1117 89 10 678 6 1800 8 1297 3 19648 7 3 78733 11952 4 47 144 26 351 76 1250 4 907 65 1525 52 3 1212 7 120 20260 1586 35 15776 4 3824 33 5
13148 25 39811 415722 23623 47 31 1940 220 10 3 6854 4 100 9 265 1296 958 5507 1401 13344 8 960 40 2785 1330 27964 10 78733 35 7744 8 7744 4 7560 33 5
81 46 542 4 78733 16 220 14 2875 47772 3 43241 650 8 3 380 16480 7 3 18213 10051 5
17 78733 14533 340 11193 10 120 152 19 3 773 7 3 16480 17686 5
98586 341 5
33962 17592 5
98586 459 5
26010 6358 5
17 162 694 10 3 8365 2209 10 46 1381 16 543 15 307 4860 53 2778 13385 5
17 1586 1465 738 6 162 21 2025 21 537 4 95 4888 27 351 70 3 1170 35 6 3 282 7 40 2505 33 6 6298 21 146 21 537 3 31660 3323 5
2778 91234 5
17 1586 738 6 26 21 31793 21 537 4 3847 32 5811 25243 5979 24204 18 220 5
2778 53562 5
17 1586 144 26 2093 5913 15 1678 1219 1443 5
17 8365 42 2173 232 6 3 24204 2209 10 98586 341 5
81 3 74 1092 4 78733 17241 8 1746 16 2828 10 5
17 10051 16 74 18213 10 249904 4 153 15218 10 361545 5
361545 35 22485 21267 84630 19389 33 16 9 2029 3359 6170 7081 220 10 78733 2333 5
17 532 284 16 6227 10 415722 4 9 1940 220 1586 19 2190 2000 14 32542 2642 29389 5
17173 3 542 3212 4 3 341 726 2333 236 6 26 5775 76 9 837 447 5
145 16 3439 137 3 10768 2209 10 98586 459 5
79 21365 3359 16 220 6 532 3 1627 7 70 13344 25 3 1279 5
17 628 16 691 3866 6 3 1401 13344 4 54 3 532 284 22462 3 60240 5
17 522 31 52090 543 15 3 12276 597 25 189 5979 10711 5
24347 2981 7 3 1401 10051 1113 3 3644 7 46 1181 16 6 1379 9 84 10202 20786 31660 6943 14 10150 8090 10 4000 7039 10711 4 3 3316 7 3 8365 2209 10 46 1381 16 6 532 9 2190 1401 10051 5
16 9 14510 13370 2912 1601 24 32 178 136 1013 5955 58276 5
66 29 3 2215 2981 2209 10 98586 503 5
66 2000 341 8252 815 8667 8 341 80277 521 8667 5
98586 503 5
35 203 33 8 50 17746 2981 10 25927 35 243 33 5
84630 3 162 1566 3188 418 10711 3576 8681 7 1678 12483 8 9059 5
273 17635 4 3 39811 4731 1566 1146 14 46 5867 4286 341 3597 7 8681 53 8393 8 33846 5
931 658 71 26 2262 6 120 2125 7 93880 915 5
17 68391 16 197 55 10 415722 24 1691 9 21365 2942 3359 5
17 21365 16 197 55 21 9 14478 7 67 926 53 3 6034 15 3 74 653 8 3 19393 15 3 169 5
17 6034 31 2824 19 1356 11102 2125 6117 1362 8 31 979 24 40 19393 5
17 537 3351 7 6034 31 35 98586 500 33 53 2778 103709 17 68391 1010 71 26 34171 322 5
66 29 21 19393 50 89 3101 35 92325 33 4 8 3 7 3 904 5
2778 302636 17 8681 31 4939 24 3 508 13987 53 4327 35 2125 7 4327 53 9 1906 4327 10 90 2586 4939 24 3 28321 96734 4 9 6951 4327 543 15 3 7060 7 3 28321 96734 4
2778 9551 17 1341 4 47 16 381 21 9 1685 10202 4 3975 3 216 13987 5
2778 44594 13148 25 10202 19393 47 31 8563 24 3 10051 9299 4 9 10051 5811 29 1117 13987 962 10 8941 5
98586 500 5
79 700 15441 98236 704 15441 68391 19 9 10051 4 700 3601 8681 4 249 7039 10202 8 9 1341 5
98586 500 6274 3 1279 18652 10 415722 35 203 33 8 3 521 2279 1566 220 10 3 8365 35 243 33 4 22 523 89 9584 5
84630 3 10051 238 2209 10 98586 341 4 3 74 4141 10 3 9345 17592 7 46 542 16 6 1506 3 78733 1279 5
17 10051 2981 16 3 104 533 9299 7 3 542 4 3847 23 2818 32 853 1164 5
81 678 6 4498 9 13911 4 2538 6 231 1506 4 2190 7417 42 115 5
117624 17 10051 4278 10 9 68391 19 17087 8 7039 8681 5
1738 1204 21365 4 50 28321 8 3 7039 19393 7 3 8681 8 7 3 733 31 6227 10 21365 5342 4 19 1821 1322 6 3 521 1566 5
13148 46 317 4 3 508 7417 42 115 53 83249 249 766 7039 19393 31 424 22 290 89 6205 4 150 3 169738 827 8 3 28321 7 3 10051 4 7 3 8681 8 7 3 1341 5
83249 341 17 10051 29 9 28321 568 58 3 28321 7 3 1341 4 9 1029 1065 1215 13 41321 23462 5
83249 459 17 10051 16 39440 10 32 4000 418 904 5
17 4978 9674 16 3439 10 17229 1566 543 15 3 3457 25 3 3053 7 9 4731 17267 13 1038 3 10051 2981 4 6 3 3053 7 9 4731 17267 13 1038 3 10202 5
81 521 10711 4 4978 16 7947 883 24 10855 49 22209 10363 4 49 24 54132 4 480 3 10051 6614 10564 3 10202 5
83249 503 17 10051 16 14510 8 16 39440 10 9 39811 904 5
145 9513 71 26 2093 848 10 3 532 24204 8 78865 76 3 521 1566 4 21 3 64340 7 3 43420 60240 5473 15 3 3101 7 3 4731 1566 5
40140 1723 3 8515 148 341 9545 89 5036 14264 3 521 10051 29 2479 7 6 1018 120 341 4863 16480 266 19 3 7039 19393 12557 24 3 31660 5
84630 3 10051 10 78733 2625 3077 7 1586 27 45 220 6 1000 3 10051 10 361545 5
1532 4 3 10051 18 18213 10 249904 4 9 52678 1586 220 10 9 1773 2726 7 3685 8090 5
17 52678 1506 18 15218 1752 6 361545 6170 35 98586 708 33 5
79 1586 13154 105 25042 19754 49 35240 21267 16 220 6 336 8 11689 76 3 78733 1279 5
98586 708 5
8 3619 52678 1506 5
84630 3 10051 10 415722 13148 3 1029 13987 10978 25 3 10202 1427 4 9 10051 9299 29 2190 21365 19393 6943 14 46 542 53 35 3 3033 3457 22 47 3 10051 144 353 427 20786 421 33 4 39869 35 3 2854 489 7 3 72846 4859 33 4 2168 35 3 221 7 8681 446 122495 1097 3 164 33 4 1649 35 9 4331 47 2228 5633
111660 415722 19 78733 98586 459 6274 9 20224 2673 5
81 678 6 5507 46 4 3 2662 148 415722 8 361545 16 9168 10 5
187 31 307 4309 6943 6 2769 46 5
364 7 91 16 2172 9 2457 4926 2151 415722 96835 5
527 4 10074 32542 992 24804 71 34 26 4071 10 9 2190 4926 5
1471 5018 16 6 475 415722 2869 1752 25 3 864 1088 4 44 46 5121 12911 773 667 4 4808 15 3 2911 21365 7 3 1110 220 5
273 46 542 4 3 341 1687 10711 31 14904 24 363 231 7 9 4731 2205 5
415722 3395 21 32 27026 4 2294 16480 628 35 169738 25927 22 290 89 5907 33 6 9 6051 5
435 628 16 597 4 3 447 50050 19 361545 8 7212 3 1069 5
17 341 5979 48737 432 3 216 21365 3359 4 47 5708 32 3267 9345 1279 2209 10 98586 700 5
1249 3 220200 6358 16 4731 4 3 2205 16 44676 4 19 93 5940 72 3 773 7 3 17686 5
98586 700 5
415722 4 8 231017 4434 61826 5
17 2785 1330 31660 1273 24 46 1381 1141 3 161 1092 10 46 2190 601 857 4 24 8409 9 84 2104 543 15 72846 2854 35 18246 323 71990 4 3824 33 8 32542 2642 13 71 26 4357 21 9 396975 24204 5
145 2104 18 277 3677 19 1028 10 6573 13370 91778 35 12283 32330 4 2076 33 4 44 50 6928 2228 286 6 231 23 10 1401 10051 10150 4 10 678 6 4498 498318 60240 10 7039 10711 5
64785 3 16480 17686 31660 17 565 29 45 66421 40916 21 3177 5
3062 79 26 32 6157 7 39811 169738 25927 4 19 114751 3 1204 827 8 122484 3 194 827 7 3 1401 10051 5
17 15987 7 3 16480 7 3 10051 16 962 21 53 35 341 33 3062 3 2757 7 266 234134 35 9575 33 4 11956 35 9575 33 4 242 4 349 35 9575 33 3001 3 9424 8681 2852 10 3 68391 22 1129 224603 4036 3 353 21365 114751 4 7138 8681 8 3145 3 733 18015 6 1913 3116 35 79 35 114751 4 122484 33 4 9575 33 125 12404 189 42584 53 35 459 33 35 503 33 17 565 27394 996 71 26 10455 19 72846 2854 8 32542 2642 5
332 120 392 89 9575 4 3 1401 10051 16 10 32 23449 164 93300 8 71 2401 297 523 537 426 684 5
17 67 912 27394 10 446326 459 8 446326 503 71 26 3380 496 3 16480 17686 6358 1273 10 98586 704 5
17 1215 1867 10 446326 459 770 13 3 1401 10051 25903 3 1341 35 3 31660 137325 33 5
145 1215 16 18213 24 226872 1050 32542 992 4 47 16 9 306 302 459 537731 35 106153 33 5
306 23791 31 220 15 3 74 4438 9419 8 302 23791 15 3 169 4438 9419 4 21 4176 1665 661 13 46 21365 16 6943 8 1708 9 206 15987 7 46 108140 565 5
226872 1050 7121 21 9796 3 9421 60401 47 4286 3 498 827 7 3 10051 4 3 89 5907 9575 8 3 40056 7 72846 2770 5
66 55906 9 459 5606 60401 47 2609 3 169738 2770 8 3 89 5
17 17509 7 226872 1050 32542 992 31 3353 54 290 1092 4 538 3 8744 4859 4 47 7121 21 9796 3 169738 25927 7 3 733 5
435 8744 4859 16 3677 4 9 459 871 3354 60401 16 3455 35 14937 4 11348 4 9575 33 25 3 226872 1050 32542 992 5
208 9 4978 2273 49 3 3235 221 7 1959 29 45 1049 276 3145 3 733 4 3 17509 7 226872 1050 32542 992 31 8 9 84 391 43241 16 574 5
3194 164 29 6234 9 72846 871 13 129284 3 1215 1867 10 446326 503 5
72846 2770 31 3353 22 290 1092 7 3 43241 4 8 581 317 52 3 4978 164 5
72846 2770 31 43420 21 962 10 3 508 2124 8 31 691 119 21 9796 6 226872 1050 54 290 43241 5
74900 72846 2854 72846 2854 16 6227 7521 6 280326 12283 3462 5
35 2076 33 4 44 7581 9932 31 115 6 3 1566 1506 8 6 3 871 4859 5
17 1566 17173 3 93880 1506 2209 10 98586 782 4 22 290 89 6205 4 3 10051 16 381 21 3 1055 7 9 169738 284 3868 76 503 3248 35 33 5
98586 704 5
319602 17686 2981 5
98586 782 5
93880 1506 7 3 1279 22 120 89 3099 5
17 10620 16 9168 148 3 517 3192 24 3 10051 8 3 1341 8 3 517 3192 24 3 10051 8 3 5426 10202 5
18 7154 6 26 53 35 500 33 114 35 708 33 8 35 700 33 35 4 33 31 3 169738 25927 7 1055 7 3 10051 4 35 4 500604 33 31 3 169738 25927 7 3 1341 8 35 4 54254 33 3 169738 25927 7 3 5426 10202 5
81 678 6 1128 3 221 7 684 4 704 38451 3248 31 4939 21 10 98586 782 35 29574 4 40347 10693 33 5
9049 4 9 5719 4331 8 9 2168 96734 31 4939 5
17 5719 58508 6494 4 249 56012 18020 289 3 2168 96734 16 351 49 34 76 5139 5
208 14 946 4 8 4 3 164 6300 36 3576 317 52 3 341 5426 8681 35 21 2400 6 249 10202 4 197 24 4768 33 5
332 120 392 89 9575 4 3 164 7 3 284 71 26 2112 4939 24 3 508 14392 53 35 704 33 114 35 782 33 325775 16 3 38451 642 47 4286 3 10620 8 52879 16 3 642 47 4286 3 1341 5
4036 3 644 13 3 10051 16 14510 4 9 197 7 459 1945 16 4939 6 26 4605 8 22 290 89 6205 53 398 850 4 786 203 8 786 243 5
17 5157 4859 17 5157 4859 129284 3 421 650 4 12752 9 1846 14 290 652 351 22 9 392 164 5
17 197 7 684 18 30209 76 503 3351 53 14803 246 16407 35 65 3 10051 29 9 799 2177 6 25995 19 32 10202 33 4 14510 1460 246 102782 35 65 3 10051 29 9 272 2177 6 25995 19 32 10202 33 4 458115 490 83488 35 65 3 10051 1049 3 733 33 8 20264 490 85364 35 65 3 10051 8984 19 32 10202 33 5
17 5385 7 6724 36294 10 3 67818 650 5
17 5157 4859 16 1954 21 3 57 1273 24 280326 53 35 183 33 114 9424 16 3 1092 221 8 112 3 3457 6 3 5426 10202 5
32573 72846 2770 72846 2770 31 7545 10 9 40056 19 10255 13 1250 14 3 684 3 10051 3191 137 4 8 11107 13 1250 14 1945 2828 24 3 10051 5
17 928 650 958 9965 6 6574 8 18298 3 2770 7 46 1870 5
17 871 16 1618 543 15 189 3 5157 4859 8 3 3235 5157 14 70 3 767 1945 13 71 26 351 22 3 3979 164 53 35 407 33 114 40527 16 3 164 22 89 6205 9575 4 22 16 3 652 351 22 9575 4 24880 16 3 5157 4859 7154 10 446326 183 4 16 3 3235 72846 871 7154 14 427 70 537 1945 10 3 84 164 22 3 89 6205 9575 1635 249 8 9 4911 2916 5
527 4 14 129 2190 267 4 9 16364 1217 29 9 48 12818 1102 35 3254 23462 4 798 66413 400 33 4 3847 10 129 542 80 36 231 3 508 871 4859 53 35 403 33 10873 5
74900 3 16480 17686 17 1273 16480 17686 16 1219 232 6 3 3154 6027 2209 10 98586 183 5
98586 183 5
319602 17686 31660 3154 6027 5
1354 226872 1050 8 72846 2770 1870 31 74 5
1498 120 43241 4 22 290 89 3099 4 3 31660 22462 3 164 72846 871 5
435 46 4 3 30759 164 16 43420 8 30209 5
17 67818 650 1141 76 1250 3 2168 96734 8 139327 3 164 10 57 7 3 503 3351 53 16407 4 102782 4 83488 49 85364 5
208 3 84 164 16 9 16407 4 3 10051 71 8047 337 12602 8 398 1537 3 1341 5
10974 4 3 10051 383 883 786 203 49 243 10 678 6 1262 3 10202 5
81 189 745 4 3 3340 43420 72846 871 16 13792 10 72846 1870 8 220 6 8744 226872 1050 5
208 3 10051 80222 8 3 31660 29 1049 3 73 43241 4 9 84 43241 2899 5
208 3 31660 29 1049 3 73 43241 25 13 2190 55978 4 3 72846 1870 16 543 15 3 2770 1252 24 226872 1050 14 290 1808 5
17 31660 1002 10 46 152 14 9 221 7 129759 2203 22 3 1431 5
208 3 31660 29 1049 3 55978 2123 8 3 1341 29 34 45 1049 4 13 770 3 16480 17686 29 34 170 120 498318 16480 6 3 733 5
17 24220 650 1038 2279 14 523 91755 220 10 3 1444 7 3 1273 16480 17686 133 21 3 3235 221 7 129759 4 3 3235 221 7 61652 4 3 221 7 1959 496 290 43241 4 3 164865 2916 4 3 2168 8 141 3 184630 4438 9419 2981 7 3 226872 1050 5
238 230 4 3 773 7 3 16480 17686 2209 996 5473 15 3 21365 7 3 1416 220 14 20260 5
81 46 267 4 70 1665 42 6227 15 9 12665 6437 19 32 6015 17924 341 48124 83923 22 3921 62778 19 83559 191530 4 699 15 4898 9398 1219 284 5
435 9 2941 366788 4141 4 80 27 3112 6 231 3 508 91755 10 129 8365 53 2778 106153 21365 14 226872 1050 53 306 302 459 5
2778 5
27684 798 2770 5708 60240 19 9 568 2463 7 164865 5
10941 2770 1657 30813 522 5
2778 5
2778 3082 1410 5
2778 3082 577 5
2778 3082 577 5
8616 4 80 197 3 3235 221 7 129759 6 1410 4 3 3235 221 7 61652 6 577 8 3 3235 221 7 1959 14 290 55978 6 577 5
238 2209 996 4 3 306 302 459 184630 2527 3 2029 31660 14 928 5
17 31660 773 18 8871 10 415722 4 44 3 1277 7 3 2104 25 236040 11455 35 191671 33 397 7 1069 18 4400 10 78733 8 154 1665 19 3 521 10051 5
27311 10 415722 13148 3 83013 962 996 4 543 15 3 2215 122289 25 3 521 1566 4 80 1384 3 2430 249 15441 3082 577 5
5955 8681 31 4939 21 8393 19 9 23348 7 605 8 3601 8681 31 4939 21 20085 19 9 7 575 5
17 1401 10051 29 9 23348 7 56879 4 16 197 6 577 8 3 2143 10620 35 33 16 197 6 5
273 11367 3 773 7 3 16480 17686 4 503 2279 11952 31 1273 5
2954 5662 249 17 74 5662 2870 2527 3 508 83735 53 10051 827 10051 1952 109 1341 827 109 1341 1952 109 10202 827 109 10202 1952 5
238 57 71 196 4 189 3 1341 8 3 7039 10202 31 1324 15 365074 22723 19 1952 249 5
17 10051 71 658 398 3254 4 441 9 1952 7 459 15 189 38629 5
8616 4 23 71 4417 3 10202 8 23 71 1018 3 1341 5
145 5662 6274 9 3848 325 244038 565 14 27964 543 15 785 3547 5
98586 270149 4286 3 60240 7 3 1279 6034 54 3 10303 43241 4 47 6274 3 74 7716 10051 16480 5
238 57 71 196 4 3 10051 2179 25 25927 35 577 4 2591 33 4 8 2503 1537 243 5
1354 3 1341 8 3 10202 59 398 1537 243 4 44 22 9 7066 2202 5
17 10051 7318 102782 243 54 353 5
66 893 50 1627 2586 4 8 21 831 21 3 3457 25 3 10202 1487 568 58 4 23 3191 76 16407 5
3879 9 1952 568 58 3 1341 4 23 831 7318 83488 5
17 89 253 6 1018 3 733 35 150 3 415722 3331 1823 33 18 29874 139815 98586 407 5
2954 5662 249 35 9 33 109 2954 5662 341 35 8862 33 109 2954 5662 459 35 8258 33 5
2954 5662 341 17 169 5662 2870 4063 3 827 83735 25 3 9010 2209 10 3 74 960 5662 4 44 76561 3 1952 60401 15 3 10202 4 95 13 23 99436 3 16480 7 3 10051 5
238 10 3 767 267 4 3 10051 7318 3 1341 54 100 503 61652 4 441 9 825 3074 5
66 11371 102782 25 3 353 8 893 50 2785 21 831 21 23 11371 10 16407 5
1738 16480 16 2209 10 98586 444164 5
17 10051 19102 3 9632 10202 8 3639 7318 3 7066 1324 1341 5
17 89 5559 10 46 267 18 27462 139815 5
2954 5662 459 17 296 5662 2527 3 83735 25 3 169 5662 4 44 3859 9 17087 10202 22 35 1992 109 1317 33 169738 25927 5
17 10051 7318 3 1341 10 500 61652 19 3 16480 2209 10 98586 5
238 962 1321 4 3 10051 11371 102782 121 3 1431 5
435 3145 16407 4 23 2503 40966 14 9 197 7 89 9584 4 54 47 23 893 369 50 1627 2586 4 103 3145 3 380 83488 5
17 10051 19102 189 8681 35 3601 8 7039 33 4 8 153 7318 733 5
17 66413 89 16 34041 139815 5
2954 5662 503 145 5662 12966 9 48 1812 1279 5
17 68391 4286 700 17087 8 341 7039 8681 21 2209 10 98586 698 5
17 1341 16 3601 4 3 10051 29 9 60401 1952 4 8 3 341 7039 8681 27 3 7434 5
435 9053 3 2980 7 3 1279 4 3 1401 8681 398 14106 15 3 216 16480 5
17 665 25 98586 403 16 3455 54 341 129759 4 22 3 6184 43241 5
17 66413 89 16 58008 139815 98586 403 5
2954 5662 503 5
98586 698 5
14983 164 10 3 521 1566 8 50 415722 3267 5
27311 10 78733 8 10 3 521 1566 14803 2279 18 57 7 3 83013 7 46 542 5
27311 2785 1330 27964 10 521 10711 21651 1117 162 1967 15 12538 313 667 4 6728 44588 4 1586 5464 8 537 1397 13 142 1230 5
6832 78733 22516 70 192 667 5
527 4 329 542 144 1384 22 90 397 9375 3 18423 601 10 1407 5
8616 4 80 368 961 6 5507 3 960 5662 503 76 9 521 5867 5
3265 1279 9299 18 3991 5559 4 10 678 6 4498 3 282 537 14843 148 3 4731 1506 8 3 521 1566 5
527 4 87 27 535 45 148 521 8 4731 1566 4 47 1230 463 6 3 75186 2129 7 3 9365 650 4 3 14919 85612 4 5368 326 926 8 95 15 5
931 3272 1927 1951 3 521 60240 4 3847 3 628 597 25 3 1273 2104 16 76 307 1172 13 2024 10167 2057 103 2027 3 10051 1627 5
81 98586 698 23 16 2209 3 2007 164 7 3 521 418 1566 8 50 415722 3267 5
17 353 827 7 3 10051 16 35 1551 109 575 33 8 3 1341 827 35 2824 19 9 396 1426 5685 33 16 35 3784 109 35085 33 5
17 10051 16 25243 148 217196 8 365074 5
17 7039 8681 31 9168 538 341 13344 2278 19 9 1381 25994 4 9 17721 47 7928 40 9892 24 12 10855 30336 15721 4 47 10989 14 8681 306 35979 996 3 4505 35 98586 685 33 5
98586 685 5
220 21 1401 8681 5
17 14448 336 9 1627 447 47 7928 91 6 398 11995 119 8 6242 15 9 1071 517 4 148 3 10202 8 3 2378 5
15575 3 8681 4 65 40 22209 12276 31 798 58 2591 4 43 31 21655 6 737 8 6 4435 40 1627 2586 5
17 3457 5130 24 16 5559 24 4 543 15 3 5300 597 25 3 5761 135168 6726 15 3 8667 7 3 13370 2912 5
17 871 7 3 3457 5130 16 5559 538 3 96734 4 47 129284 46 3457 543 15 3 221 7 6339 46699 5
16 4939 976 12 9101 1586 4 4 8 23 16790 4808 15 3 6885 7 3 10051 8 15 3 11375 775 5
622 2007 58091 16 115 24 9365 96734 3619 25 9 249 15441 1627 5
435 46 4141 4 9409 3 4385 7 3 1519 16480 16 4185 1369 4 21 3 871 71 26 3868 24 3 249 15441 58091 871 10 678 6 384 3 5130 3457 10 4846 5
17 1589 16480 17686 16 677 6 3 9101 2104 25 5955 59529 4 3 2551 5
17 1273 2104 5708 9 837 7716 19547 16480 4 125 35 47 16 543 15 3 7039 2801 31660 33 5708 12911 60240 5
8616 4 14 9901 3 341 2785 1330 27964 4 32 596 3457 8 89 702 738 6 26 7154 5
32195 46 4 3 508 628 18 2236 72 9 507 7 302 3524 35 20498 249 33 5
20498 249 5
3524 14 5662 503 5
18941 221 2897 702 35 10 1577 33 49239 35 10 4846 33 249 1078 341 1227 459 2511 503 1078 500 2723 708 575 700 2919 704 1596 782 2592 183 716 407 2723 403 1814 698 2723 685 2131 409 2919 697 2592 800 3356 630 1596 947 1078 302 2131 81 3 267 7 4 3 6127 89 1266 6 1018 3 1341 16 59830 2106 8417 3 4385 7 3 16480 16 143696 15441 4 3979 32 596 28321 7 5
81 3 267 7 3 1273 31660 4 3 4385 7 3 16480 16 112681 185780 17 1952 7 3 10051 16 2337 197 22 5853 4 8 3 89 702 6 1018 3 1341 16 45827 139815 17 10051 16 1324 19 9 521 1952 7 43117 5
17 1884 148 192 27964 16 7 24018 2106 10 3 3153 7 3 1273 31660 4 742 23 5130 19 716 35979 48 58 50 8973 5
17 89 1884 16 11142 106 3 1273 31660 1131 24 1994 9 1952 2337 4 103 958 17444 3 16480 5
17 3457 1884 1464 106 13220 695 297 3 282 325 16480 6645 5
97610 4 9 84 2785 1330 31660 29 45 1273 10 46 1381 5
17 31660 29 9 206 23462 5514 4 15663 10 22173 10 10711 19 2489 17087 8 7039 8681 5
17 23462 489 142 26 2069 24 1597 24220 3 19393 2209 22 3 1431 7 8941 500 5
17 60240 170 24 3 1273 31660 31 1955 4 21 43 4108 159 76 5139 3 93880 2193 5208 24 3 10202 20786 565 5
364 7 3 603 9063 7 46 7254 16 13 3 10051 71 26 3275 22 120 13228 1952 35 6614 23862 33 5
17 1273 2785 17686 3639 5259 325 244038 8 21171 4 141 10 1812 10711 133 21 3 57 2209 10 76912 503 5
364 7 3 2846 26966 7 538 46 2104 25885 25 3 9513 13 3 10051 8501 391 2505 22 120 89 9149 4 9513 47 16 841 6 5507 10 521 162 7269 5
6832 78733 17241 17592 133 21 3 57 962 10 46 542 1708 6266 8 2538 2279 5615 5
2625 4525 36 26 8089 10 3 401 426 53 249 5
188396 32 16001 14533 13 36 581 264301 5615 5
60224 3 1277 7 3 4731 3967 10 678 6 474 3 653 7 11455 5
59132 83 1812 11952 1967 15 7039 8681 14 454 25017 5
81 678 6 12042 3 66413 89 4 80 142 1384 9375 3 16480 17686 2209 10 98586 183 10 32 10292 284 5
4036 9 333 227620 2463 8 9 568 3961 10 74917 884 4 80 1100 6 4498 9 333 1308 773 5