47259 4394 31 57 7 3 2670 244 544 14 68 882 10 3 1572 131 5
11239 7 68 31 4277 329 64 19 9 4771 1222 10 3 131 5
34540 36928 23888 4 12672 4 8877 4 16006 4 6536 957 4394 31 104 533 4771 4394 8 192 31 177 1029 8185 10 2308 5
81 46 1381 4 9 542 15 4771 4394 6708 18 5054 24 538 7732 5587 284 5
134 3455 3 19372 8958 19 7732 5587 284 397452 202 5
17 665 7 3 542 18 677 19 3 522 7 3 767 825 2062 217 4740 15 4771 4394 6708 5
17 4771 4394 100402 42 1745 25 9 4771 4394 688 2106 5536 538 2119 2106 576 5
187 31 9 221 7 83 4771 4394 47 144 1236 3 24315 8 6013 7 229650 7018 5
19769 7 3 1678 9452 8 6294 7 3 4771 3001 9 528 385 182 8 9 10119 7 544 6 2112 4679 3 3107 8 1175 7 2274 7018 5
97073 8 3961 10 3510 192 912 31 48 10793 3564 65 4400 21 89051 1822 5
17 177 2129 7 3 408 111210 8 12329 5595 148 3 9452 2475 694 14359 13 97 137 9 31270 3003 7 290 565 16 23 537 6 19285 8 3156 4394 7 3 4771 5
47259 4394 27 90 6347 133 21 818 4550 1678 5792 4 8 3783 7953 27 616 853 50 552 2193 12850 5
8616 4 1267 7 68 31 4277 329 64 19 9 4771 1222 10 3 131 35 4 4 323 116319 4 274 33 5
48948 35 12806 33 4 5418 36928 23888 1222 35 34942 33 4 12672 4 8877 4 6536 957 4394 31 3 104 533 4771 4394 47 31 177 1029 8185 10 3 131 35 4 2158 53 35 73 10644 53 630 375 280 33 33 5
48948 16 32 11448 1222 4 1022 10 104 745 24 53879 226 114128 16006 5
17 75970 1618 2707 3 636 24 21294 137 3 10888 5
158 1724 25 3 2007 2737 10 3 10888 6 83 1172 7 3 636 2151 3 1327 5954 4 3 71546 284 4 2151 3 39257 49 24 1821 4159 6 83 9452 16006 10823 10 3 746 636 10 67 4290 5
17 74 967 8887 65 32 1570 37 16 3509 6 75970 25 32 11448 267 7 16006 2742 5359 35 482391 4206 33 4 8 3 169 16 65 3 5359 1570 10823 3 1222 35 16006 33 35 341163 4 370775 4 4 323 4 1515 33 5
12806 16 9 346 899 7 3346 8 365 1857 8 7427 4 19050 99 84 745 8 6448 99 1546 25 16006 2273 10 502 35 1309 1885 7 19827 7 318 4 502 109 414 1059 4220 4 274 33 5
34942 16 9 1222 164 12072 24 64218 16018 13 16 34 1816 38640 5
17 64218 16018 16 1618 189 8174 8 2442 19 32 15924 15672 1070 7 3 10888 6 33402 10498 49 6025 35 228014 323 4 911 33 5
162355 4 826 19 34942 791 37083 7 6821 35 155034 33 8 13564 4 8510 7 32 4967 7 51400 5
187 142 59 26 58341 35 35230 4 2804 33 5
1210 6 3 414 1059 4220 35 7495 33 628 16 170 3784 99 826 37 27 34942 8 329 64 7170 99 8954 2644 106 7 34942 10 3 131 35 323 4 502 33 5
106240 16 32 13559 49 4206 7 3 10888 104 7081 1022 24 9 6748 49 2517 5
106240 71 59 26 1022 24 31430 31146 49 83 563 9963 5
81 70 745 4 3 10888 818 98537 3189 19 92129 4 71079 4 8 83 21493 8 71 34 4859 3577 5
145 770 7526 71 34 1018 3 1327 8 3 2469 7 3 636 2875 5
1210 6 3 414 1059 4220 35 7495 33 628 4 329 64 26920 7259 99 8954 2644 106 7 12672 35 2865 7197 6927 14 3 6758 4 359 33 5
39102 16 9 5418 1222 12072 24 30037 687 7 85145 8 45437 5
1498 32 8877 497 4 3 8694 7 3 79741 14188 17639 4 2406 3 39257 6 4330 8 2790 3 3154 7 818 76 8 61 7 3 10888 5
198361 8877 3498 3684 899 73991 4 13949 10451 4 1842 1534 926 8 309 8 162 41606 5
39102 29 9 2086 799 20612 489 677 6 83 5418 4394 5
7495 2082 13 1992 99 68 1001 3520 25 8877 5
39102 16 3 104 1029 5418 1222 297 212 35 2158 53 35 73 10644 53 630 375 280 33 33 5
23042 957 16 9 1222 7 28482 2052 561 10 17363 7 3 6536 5
145 561 142 321 6 73560 4 47 16 3 3598 7 9545 6948 8 28878 1281 3 10888 5
17 2383 1045 7 1325 6536 8873 31 153250 7 3 6536 4 10978 25 112938 2469 5
23042 957 4 3 104 1029 899 7 82575 365 10 315 8 3 169 104 1029 10 303 4 16 1479 14 5061 99 1546 1857 4672 35 2158 53 35 73 10644 53 630 375 280 33 33 5
66 16 537 6 1297 3 129936 6536 4859 24 261 6708 4 333 953 8 1667 55 5
17 3206 7254 7 192 4309 4 47 31 95 533 10 3 261 6708 7 4771 4 34 97 11657 3 1251 14 953 7 4771 1222 44 59 29 32 1102 15 17073 1546 25 46 1222 5
49474 5587 284 35 86698 33 16 9 84 7732 1442 35 43826 33 5533 47 16 1431 6 8342 137 3 15923 900 7 117 50068 1296 35 7906 323 487844 4 744 33 5
999 17241 90 36997 1806 10 1375 5587 284 49 24 11123 25 192 36997 4 1408 2333 27 110 2173 10 43826 6854 5
55706 16 297 192 8 87 27 45 90 3982 2062 10 46 4386 7 86698 5
17173 784 6708 21 32 2673 9962 14 4 87 31 307 2062 105 35 5567 4 62674 4 98054 4 323 16144 4 744 109 48519 4 4 4 323 215280 4 280 109 205031 323 124864 4 911 109 293353 4 448926 4 323 217266 4 502 109 293353 4 448926 4 4 323 217266 4 744 109 448926 4 293353 4 4 323 217266 4 744 33 10 86698 6854 5
49474 5587 1443 35 86698 33 71 26 4939 21 13488 49 39408 46333 1443 1589 538 2377 4 9648 4 8 5937 4 16277 25 3 5587 284 5
1203 86698 3316 22 12538 1812 46333 49 3685 544 4 133 21 5195 4355 4 19372 4 11037 4 8 27708 5
17 86698 29 45 3192 15 3 1625 7 3 418 4860 7 3 1375 5587 284 170 10 3 746 636 35 125404 323 4 911 33 5
17 7207 5587 284 35 48817 33 16 9 1441 7 485 601 518 106 7 50 1509 317 5447 5615 109 10 1654 4 3003 3 5146 2129 7 50 2900 4 7117 9903 8 50675 532 12251 25 32 32056 5138 4 8 589 46333 2520 975 6 333 4855 117 1897 8 3685 544 35 100183 4 502 33 5
47259 1222 6708 2151 3656 9088 7 3 4771 4394 628 16 32 533 19372 565 5
157 4 86698 71 581 32 2155 4 4213 152 14 12538 4771 1222 6708 544 5
81 46 1381 4 9 19079 542 15 4771 4394 6708 18 5054 24 538 7732 5587 1443 5
17 4771 4394 100402 42 1745 24 538 2119 2106 576 25 9 4771 4394 688 2106 5536 5
17 542 3899 59 6 581 2953 2854 543 421 270 284 14 6737 6 3 1448 10 40 6708 1866 5
7337 1351 81 678 6 3030 3 601 217 10 46 21292 4 3 2119 2106 351 25 49436 47259 19769 1841 25 6816 7 2308 18 220 5
17 100402 42 1745 538 192 576 5
17 542 848 53634 826 2100 25 2726 7 10551 4394 8 2918 2267 5269 5
17 826 42 6401 21 441 16006 4 34942 4 12672 4 8877 4 6536 957 4394 49 34 3485 5
48948 1222 42 4277 10 575 826 4 34942 1222 42 4277 10 5246 826 4 12672 1222 42 4277 10 1054 826 4 8877 1222 42 4277 10 3132 826 8 6536 957 1222 42 4277 10 2131 826 5
81 100402 80 27 577 68 37 27 2267 2000 5
766 5036 27 2918 2000 5
931 2000 31 35 10625 5448 33 53 3344 7 13564 4 636 4879 4 36380 15 4771 4 4938 4 15 48936 4 24660 10 4771 4 775 15 4771 4 114419 4 1864 15 10551 19222 4 7953 7 7814 4 35 22498 33 4 394415 35 24197 33 4 35 332268 33 4 178302 35 91280 33 4 45952 35 33 4 4 264495 341 4659 4 247469 35 127243 33 4 203048 4 247469 35 81718 33 4 105296 35 676 1635 1821 33 4 77967 676 4 89320 120083 4 5009 35 41640 33 4 39869 499297 35 328878 33 4 4 36614 7875 4 17597 35 13284 33 4 1327 79280 17336 35 468221 33 4 33936 35 56856 33 4 7875 4 4 76044 153408 35 315671 33 4 31732 35 9273 33 4 16173 35 70881 33 4 676 7619 4 4 67889 8303 5
52593 1665 7 290 2119 42 2236 24 32 4157 6790 5
11394 2062 187 27 45 307 2062 217 4740 15 4771 1222 6708 565 538 7732 32542 992 8 7732 5587 284 6294 21 14 83 3606 6708 544 5
931 2062 27 3677 523 6294 6 3 1678 4771 4394 6708 565 538 40 1678 100402 35 4 26485 4 323 4 1422 109 12283 32330 4 744 109 4 4 4 67346 4 323 4 359 109 26425 4 126069 4 235986 4 4 323 4794 4 2391 109 48519 323 4 274 109 48519 4 4 323 215280 4 590 109 48519 4 4 323 4 590 109 48519 12283 32330 4 280 109 43980 4 46503 4 60526 4 323 10262 4 280 109 936 4 2250 4 1522 4 323 1014 4 911 109 12035 4 35419 4 323 337810 4 911 33 5
26425 12283 32330 4 220 48015 56018 32542 992 35 33 538 3606 8 179533 317 6 4764 2374 23888 16006 22 3 89 7 5287 22 9 6353 2033 13 16 7156 6 7018 2175 35 26425 12283 32330 4 2391 33 5
17 9796 5897 42 3192 24 1004 9022 19393 47 42 3868 76 108 600 53 9908 23394 4 4266 3498 4 8 179533 2334 5
17 3354 7 3 1252 32 2882 7 3 7662 7 2374 23888 16006 5
17 4888 25810 9 73322 2858 25017 4644 6 1649 3 32542 2642 5
17 4888 217 2429 108646 202 6708 8958 35 26425 12283 32330 4 2391 33 5
48519 12283 32330 4 220 156936 4 8 48015 56018 32542 2642 14 6708 7 16006 35 48519 4 4 12283 32330 4 590 33 5
158 220 2918 2000 14 3 6708 8 217 2429 129848 202 6708 8958 14 8 5180 202 6708 8958 14 19 69972 31660 8 67 4438 9419 5
12283 32330 4 220 4 29507 13963 124065 4 9207 58540 33484 8 4018 850 133951 9861 14 30174 72795 6536 8873 5
17 1325 733 7 40 542 18 6 1800 2953 2854 2520 13 30174 72795 6536 8873 232 6 290772 3351 8 6 6786 307 2953 2854 4309 10 46 2854 2485 5
17 282 470438 1506 170 39 9 822 57 61 8958 7 121683 202 19 4018 850 133951 9861 35 12283 32330 4 1422 33 5
12283 32330 4 220 3 19 57 4438 9419 8 43 220 5629 928 31660 14 6708 7 34942 1222 35 12283 32330 4 744 33 5
158 220 1239 2000 14 3 6708 5
17 4888 217 2429 1818 202 6708 8958 5
12283 32330 4 220 3 19 57 8 67 4438 10746 8 43 220 5629 19 4050 21 3 928 31660 14 6708 7 34942 1222 35 12283 32330 4 359 33 5
17 4888 25810 9 73322 2858 25017 4644 6 1649 3 32542 2642 5
17 4888 42 3455 110840 202 6708 8958 538 3 19 67 4438 10746 21 3 282 665 5
158 220 3157 2000 14 3 6708 5
48519 8 220 156936 32542 2642 14 6708 7 34942 35 48519 323 4 274 33 5
158 220 2918 2000 14 3 6708 8 217 2429 8708 202 6708 8958 14 19 69972 31660 8 67 4438 9419 5
48519 12283 32330 4 220 156936 4 131804 4 8 2854 60401 32542 2642 14 6708 7 34942 8 12672 4394 35 48519 12283 32330 4 280 33 5
158 220 2918 2000 14 3 6708 8 217 2429 347801 202 6708 8958 14 131804 32542 992 21 3 282 665 5
936 12283 32330 4 220 3 19 57 8 67 4438 10746 8 43 220 5629 19 4050 21 3 928 31660 14 7678 668 3564 12672 297 826 19 10551 2668 35 936 12283 32330 4 911 33 5
158 2828 4624 27964 6 1046 14 19547 4438 9419 64152 4 16069 4 8 928 19393 14 3 32542 992 5
17 4888 217 32 102187 35 347345 4 1422 33 8958 5514 7 132544 202 14 3 12672 1222 6708 5
43980 12283 32330 4 220 108 523 7732 32542 2642 6 30174 523 10674 7 8877 8 3 6943 532 1170 6 4417 23 5
931 32542 2642 42 4018 850 119 71966 32542 992 35 156936 32542 992 33 4 81156 32542 992 8 70865 1625 4859 32542 992 35 33 5
17 8958 7 3 3559 64152 18 2870 24 111790 84 2757 7 628 6 9 1146 204398 40044 58007 35 97349 33 5
158 3455 282 8958 665 35 1818 202 33 538 3 70865 1625 4859 992 35 43980 12283 32330 4 280 33 5
48519 12283 32330 4 220 90 32542 2642 6294 35 1595 20498 249 21 53 19 5629 35 57 8 67 4438 9419 33 4 19 69972 35 57 8 67 4438 9419 33 4 529396 4 4 4 33 14 6708 7 4771 4394 35 48519 4 4 12283 32330 4 590 33 5
158 220 2918 2000 14 3 6708 8 217 2429 386502 202 6708 8958 14 131804 32542 992 21 3 282 665 5
20498 249 5
17 282 19372 433234 7 3 767 2062 538 32542 2642 5
37354 9757 6874 41403 12266 31660 55706 8958 35 202 33 23620 37354 26425 12283 3462 5
35 2391 33 48948 19 57 4438 9419 325296 12283 3462 5
35 744 33 34942 19 57 4438 9419 5629 293638 12283 3462 5
35 359 33 34942 19 67 4438 10746 5629 19 4050 254606 936 12283 3462 5
35 911 33 106240 19 67 4438 10746 5629 19 4050 132544 35 102187 8958 5514 33 43980 12283 3462 5
35 280 33 39102 130820 70865 1625 4859 5629 293638 12283 3462 5
35 1422 33 23042 8873 130820 4018 850 359297 48519 8 35 274 33 34942 19 67 4438 10746 69972 290743 48519 12283 3462 5
35 280 33 34942 8 12672 529396 347801 86698 349253 48519 4 4 12283 3462 5
35 590 33 48948 19 67 4438 10746 69972 18191 37354 48519 4 4 12283 3462 5
35 590 33 47259 1222 35 16006 4 34942 4 12672 4 8877 4 6536 957 4394 49 34 3485 33 19 57 4438 9419 331270 19 67 4438 9419 418162 19 57 4438 9419 69972 19 67 4438 9419 69972 392803 529396 386502 412366 463836 250250 48519 12283 32330 4 220 32 86698 2981 35 1595 20498 249 33 14 6708 7 34942 8 12672 4394 35 48519 12283 32330 4 280 33 5
158 220 2918 2000 14 3 6708 8 217 2429 349253 202 6708 8958 14 86698 5
187 27 45 307 2062 217 4740 15 4771 4394 6708 538 7732 32542 992 8 7732 5587 284 6294 21 43628 10 20498 249 5
931 2062 27 3677 523 32542 2642 6294 6 3 1678 4771 4394 6708 565 8 3439 272 19372 433234 538 40 1678 100402 5
349 3 83 881 4 1821 4631 7 3 522 16 2784 5
2249 4 3 523 628 197 42 220 24 192 2062 5
458 4 192 32542 2642 42 677 538 3 216 628 197 47 9286 7 3 2918 2000 5
77231 7 4771 1222 538 7732 5587 284 17 7732 5587 284 29 45 3192 15 3 1625 7 3 418 4860 7 3 1375 5587 284 170 10 3 746 636 5
152889 8 9452 1547 19 3 1375 5587 284 10 3 636 31 3 193733 32194 4 3 5475 17483 4 3 34353 30864 4 3 36461 8 3 68970 5
79 885 8982 15510 3 7410 7 3 2442 6948 4 3 8982 4 3 21682 8 3 2469 340 34 4447 10 3 5587 284 5
17 5587 284 4 2151 50 856 2469 4 12443 3 563 35 6404 33 2469 20973 137 3 636 8 137280 138 35 401643 323 4 1422 33 5
901 523 3394 4309 31 25810 14 5060 7 3145 9 2104 10 523 3351 7 544 21 11084 6 7732 5587 1443 9842 15 3 1625 7 3 1375 5587 284 5
17 2366 3394 7787 16 220 14 544 133 21 5195 4355 4 23949 9674 4 1416 8 992 313 8 89 507 2376 5
17 459177 3394 7787 4 15 3 83 881 4 16 982 220 14 544 133 21 64676 8 27708 4 1416 8 992 313 8 3768 9674 35 4693 5567 323 16144 4 1515 33 5
931 39844 4309 13 31 220 10 7732 5587 1443 8814 32281 3 12251 170 10 3 1375 5587 284 13 3 746 636 22576 5
332 3 740 967 7 46 542 4 32 7732 5587 284 1506 18 220 14 3 4771 1222 6708 5
17 75785 1959 7 86698 1506 220 14 46 3644 31 4 17299 249 53 33382 3 28961 1193 8 2258 3 19140 8515 5
273 46 542 19140 8515 16 5853 5
17299 341 53 168335 30347 35 84 33 14 290 28961 5
17299 459 53 132080 3 24612 297 28961 2469 8 2227 3 21180 446 97794 31 287 58 3 19140 8515 8 2258 3 221 7 21180 54 19140 5
17299 503 53 208 34 1377 13 2900 1193 16 4599 4 462 6 1092 341 5
17299 500 53 425782 3 392 2770 5
17 28961 2770 31 1966 4 4 12672 4 16006 4 8877 4 6536 957 3597 22 3 31660 5
273 7470 30347 7 3 21180 4 3 28961 2469 31 33128 5
81 46 542 4 290 28961 29 2918 28961 2469 5
81 83 1299 4 2918 2000 42 220 21 2918 28961 2469 5
622 946 7 3 7470 30347 7 21180 47 220 10 86698 1506 1595 10 98586 249 5
622 946 7 3 7470 30347 7 21180 14 12672 1427 98586 249 5
622 946 7 3 7470 30347 7 21180 14 12672 1427 5
273 9365 24612 7 4209 28961 2469 4 489805 1506 18 220 5
43034 11129 7 3 1092 459 47 18 220 10 3 7732 5587 284 543 1506 31660 71 26 381 10 98586 341 5
3690 4 6517 16 1051 7 928 5897 4 66349 35 9424 33 16 1806 28961 4 263120 16 84 29289 4 127035 16 767 24612 4 165438 16 380 24612 4 16 1221 1427 4 235468 16 13228 1427 4 5132 16 19140 8515 35 16 3628 6 5853 14 46 542 33 4 9424 16 928 5195 1291 5
108449 7 3 1092 459 98586 341 5
108449 7 3 1092 459 5
17 1092 500 7 3 7732 5587 284 543 1506 18 220 14 3 19372 7 3 960 5897 5
17 13571 1056 7 46 1092 31 825 6 3 13571 1056 7 3 1092 459 5
931 13571 1056 71 26 381 10 98586 459 5
108449 7 3 1092 500 98586 459 5
108449 7 3 1092 500 5
43034 46333 667 52 3 2673 7 3 86698 6294 71 26 170 10 4693 5567 8 487844 35 1422 33 8 4693 5567 8 16144 35 1515 4 1422 33 5
17 773 7 86698 18 12354 24 3 508 1170 5
55706 8958 81 46 542 4 80 220 3 19372 433234 21 773 1170 35 4 280 109 18246 4 1278 33 53 35 249 33 35 341 33 114 6517 16 3 197 7 628 1822 6 26 6401 35 3 960 197 33 4 9424 6517 4 73367 16 3 1427 7 3 6500 9424 4 8 30174 35 9424 33 2696 3 19372 7 9424 24 86698 5
81 11856 13091 2858 25017 4 1081 628 31 14027 3868 6 11856 19361 4302 8 2429 3628 1646 108791 5
17 19372 31660 3559 8 2870 11856 400 5
81 290 267 4 57 7 3 31080 16 351 21 960 628 8 3 1652 31080 31 304 6 916 928 628 5
8616 11856 523 960 522 4447 14 290 928 960 21365 35 342975 4 4874 4 323 209535 4 744 109 323 4 502 109 4 280 33 5
17 596 7 192 522 1929 3 960 8958 7 3 31660 5
208 32 86698 19601 3 928 197 7 9 565 4 23 754 83538 6 13 565 5
458 4 46 2125 86698 1929 825 665 14 39040 960 2757 59 5
75 4 92 32 86698 2179 6 57468 3 928 197 4 50 83538 2179 6 4472 8 50 773 142 34 26 2069 14 39040 960 2757 35 4 280 33 5
17 11856 13091 2858 25017 5018 842 143 206 83538 71 26 115 538 86698 6294 35 323 4 1422 33 5
81 46 542 4 125 5750 3 19372 4644 4 73322 2858 25017 5018 18 220 6 2882 3 773 7 3 220 86698 5
273 960 522 6 26 48 4321 4 11856 13091 2858 25017 35 73322 14 129 267 33 16 220 297 3 1296 5
66 53300 3 9124 2442 19 3 6951 12540 7 3 928 35 342975 12283 32330 4 744 33 5
17 1081 628 18 14027 3868 6 183 19361 4302 8 2429 3628 1646 108791 5
2249 3 1081 100402 4286 34516 2119 628 8 577 2267 628 4 290 13091 18 6 17244 7 2592 5036 5
2018 192 2592 5036 4 1239 42 351 25 9065 25 826 125 3 1652 183 5036 42 7 2267 8954 5
17 19372 31660 3559 8 2870 183 400 5
81 290 267 4 57 7 3 31080 16 351 21 960 628 8 3 1652 31080 31 304 6 916 928 628 5
8616 183 523 960 522 4447 14 290 928 960 21365 5
17 596 7 192 183 522 1929 3 960 8958 7 3 31660 35 342975 12283 32330 4 744 109 48519 4 4 12283 32330 4 590 33 5
17 19372 8958 3455 24 7732 5587 284 2981 14 4771 4394 16 2209 10 20498 341 5
17 1870 842 19372 433234 14 290 4771 4394 8 596 2770 24 129 767 542 8 46 542 5
20498 341 5
9897 7 19372 433234 14 290 1222 5
37354 41403 55706 8958 35 202 33 48948 34942 106240 39102 23042 957 25976 9897 1563 767 542 19 35 57 4438 9419 33 417362 256465 477573 331270 19 35 67 4438 10746 33 427919 293638 395677 256465 418162 19 69972 35 57 4438 9419 33 427919 504123 315592 464946 316408 19 69972 35 67 4438 10746 33 293638 349659 293638 395677 263040 477573 392803 529396 459585 349659 395677 464946 201955 386502 464946 349253 412366 359358 316408 463836 427919 293638 417362 263040 316408 250250 145 542 86698 293638 396678 524739 395677 464946 397452 1655 20498 341 4 23 71 26 381 2093 13 4 3 282 665 14 16006 18 3455 538 19 69972 35 67 4438 10746 33 8 86698 35 1818 202 33 5
273 34942 35 396678 202 33 8 12672 35 524739 202 33 4 3 282 522 42 3455 538 86698 5
273 8877 4 3 282 665 18 3455 538 529396 4 19 69972 35 67 4438 10746 33 4 19 5629 35 67 4438 10746 33 8 86698 35 395677 202 33 5
273 6536 957 4 3 282 665 18 3455 538 529396 4 19 69972 35 67 4438 10746 33 4 19 5629 35 67 4438 10746 33 8 86698 35 464946 202 33 5
81 46 542 4 3 282 665 14 3 596 19372 8958 18 3455 538 86698 2981 21 381 10 3 216 1870 5
17 169 282 665 14 3 19372 8958 18 3455 538 529396 5
17 296 282 665 14 3 19372 8958 18 3455 538 19 69972 35 67 4438 10746 33 5
17 19372 8958 3800 7 19 5629 35 67 4438 10746 33 8 19 69972 35 57 4438 9419 33 42 825 8 2211 6 13 7 5
17 74 3316 7 46 542 18 6 1800 9 13752 284 557 6 48 1783 9573 7 3 86698 8 95 6 2379 3 601 7 4771 1222 5
17 169 6905 18 6 231 10 9 521 131 784 19372 284 8 95 6 240 3 7362 7 46 49474 5309 857 10 46 565 9962 5
145 1381 6274 9 19079 542 14 3 20319 7 3 4771 4394 6708 538 7732 5587 284 5
187 27 45 307 2062 217 4740 15 4771 4394 6708 538 7732 5587 284 6294 5
931 2062 27 3677 523 6294 6 3 1678 4771 4394 6708 565 538 40 1678 100402 5
2249 7 3 523 100402 220 24 3 2062 4 3 1821 4631 7 3 522 18 2784 5
458 4 46 7732 5587 284 18 677 19 129 767 542 15 32542 2642 538 3 216 100402 47 9286 7 3 2918 2000 5
238 3 4774 4 3 508 522 71 26 43628 109 2778 17 282 522 14 3 596 19372 8958 42 3455 538 86698 14 3 4771 1222 6708 565 5
2778 145 19372 8958 16 1695 5314 14 133 9 565 106 97 9 265 5036 42 141804 24 3 284 5
2778 145 284 16 3682 7 5750 3 19372 650 19 9 206 773 6 185 3 2516 125 5261 3 2267 8 2119 5269 5
157 4 23 18 3455 13 7732 5587 284 2981 86 26 3639 220 6 185 6708 7 4771 1222 5
458 4 46 2981 71 26 7141 21 2854 543 421 270 284 14 6737 6 3 1448 10 40 6708 1866 5