38691 30865 43463 35 39148 33 16 9 3093 31660 7880 6 3 614 38691 30865 319328 35 143030 33 6684 5
901 2190 2000 7 39148 31 53 3 2071 7 8090 148 67 5066 7 21846 4 13563 144074 8 110222 4 8 3 7254 7 9 3013 534 6 532 3 221 7 290 843 7 34148 154 3 4231 650 5
81 1243 4 39148 340 34 8245 3 1444 29540 1618 4723 24 8176 143030 27964 5
1858 4 3 1046 16 2828 538 9 164 904 5633 1217 5
145 1381 2062 3 773 7 39148 10 3 5114 7 3 47984 86973 23179 35 73397 33 4 9 8176 338900 89463 565 5
17 522 31 677 19 3 522 7 67 166 424 143030 27964 53 33880 8 5
39148 842 333 773 58 33880 8 10 460 329 73397 2870 3099 5
10087 4 3 38691 30865 43463 35 39148 33 29 45 2042 10 4 16205 4 8 60804 35 2560 33 538 4 21 32 2673 946 4 3 89463 7 1960 45817 5
473 2201 6 143030 4 3 84 31660 1038 67 964 4117 53 17 231 7 9 164 904 8593 1016 7 3 4759 29540 8593 4 8 9 24065 7 3 34148 1193 76 24940 8 110222 21846 5
66 29 45 1595 10 12283 3462 5
35 2560 33 13 39148 71 2703 544 1547 19 7039 1443 5
17 1341 7 3 1379 1181 16 6 1379 9 3297 6652 7 3 31660 4 8 6 3413 13 39148 16 5870 19 166 2203 34148 27964 65 3677 6 9 2029 4482 5
1563 522 240 13 10 104 73397 2870 745 4 39148 93475 3 3112 4249 27964 5
38691 30865 319328 35 143030 33 88899 191244 18 2925 1589 6 4855 338900 89463 544 35 31150 4 744 109 230641 323 4 911 4 590 33 5
17 31660 16 3581 24 3 37138 1534 7 21846 10 3 2129 8 4 48 4108 4 24 3 102104 4543 220 24 90 21846 2502 14 6393 11023 25 514 1543 6 3 13047 35 33495 4 42392 4 4 323 4 4540 33 5
81 143030 4 7732 21846 1088 2506 24 4149 80828 5643 10 9 2112 3797 29540 424 21 1444 29540 5
17 30864 7 3 29540 4 3298 4 31 5937 14 21025 2506 7 3 338900 89463 565 5
17 12029 7 3 29540 4 4659 4 1816 6143 3 30864 5
6832 3 1444 29540 4 3 1494 338900 565 71 26 1842 6 9 1046 7 3 3033 11023 10 46 29540 5
87402 398 137 8781 30864 7623 9 160269 421 534 13 754 231 7 102104 9790 8 191244 317 5
17 102104 9790 22620 3 5961 2505 7 3 1277 7 138 2506 3 21846 27 170 121 3 353 7 3 31660 5
17 191244 317 4286 59 2505 52 3 1277 7 3 2506 4 483 191244 317 16 565 6325 8 23 16 1252 24 90 1351 83 58 3 21846 5
79 1332 6652 7 143030 88899 191244 71 26 170 10 230641 8 35 911 33 5
17 74 143030 31660 1589 18 38691 5898 35 14289 33 35 230641 4 4 323 4 3495 33 5
66 18 2870 538 3 47984 86973 23179 35 73397 33 35 1104 323 178463 4 2773 33 5
145 8176 328942 572 565 29 45 13787 220 21 9 4482 14 2279 27708 27964 5
38691 5898 2436 13 3 17592 18 3982 4 44 23 59 661 90 26966 53 50 773 7952 6 4472 21 3 1646 7 3 73397 3099 2238 35 230641 323 4 590 33 5
435 14289 4 87 42 2532 6 1297 50 773 13 665 10 67 8176 143030 27964 53 38691 30865 5898 35 33880 33 35 230641 323 185047 4 2773 33 8 38691 5898 35 33 35 323 248904 4 1515 33 5
931 67 27964 27 45 3467 6 3030 3 4631 10 3 1379 1181 5
238 277 3915 4 39148 1038 84 2000 19 2201 6 2029 143030 27964 5
931 31 3 231 7 9 164 904 8593 35 2895 323 13213 4 7155 109 4296 323 391048 4 590 33 4 8 3 24065 76 6 5066 7 21846 5
17 337 7 3 8593 4426 84 8953 7 2673 4 105 23 18 1595 19 3 1960 45817 89463 5
26786 4 3 867 16 6 5357 9 48 6633 8593 677 19 3 4759 29540 4 125 1947 3 2177 7 6707 544 3054 1804 19 42749 5
9537 4 10 3 1379 1181 4 80 5441 13 39148 71 293 19 3 73397 565 4 47 16 3615 3380 19 42749 5
473 42749 57 29 6 293 3 1332 151438 7 3 565 109 19 3 164 904 63 97 162 19 3 12956 176 7 3 151438 5
12502 4 39148 16 287 89 12725 5
238 20 103 4 143030 10556 102104 9790 8 191244 317 5
81 39148 1016 4 21846 231 102104 49 191244 317 5
81 678 6 2907 5633 4 47 16 10139 6 1262 26283 35 230641 323 4 911 33 4 39148 2527 19856 21846 35 144074 33 13 71 8339 14 187739 49 14 102104 5
332 3 216 89 39148 2527 59 51533 21846 35 380953 33 13 97 8245 102104 5
81 46 152 4 80 159 84 6575 25 3 2062 7 7207 1296 35 4 4 323 4 3495 109 4 230641 4 323 4 2391 109 12283 32330 4 1095 109 1409 4 1515 4 1422 4 359 4 590 33 5
187 31 4 297 461 4 67 4427 2000 7 90 34148 2502 53 17 5248 7 523 4125 2442 6 523 8090 8 3 45128 7 3 1698 24 1821 4440 297 21846 5
17 1056 7 3 342446 36 26 2921 10 454 7268 5
17 234925 21846 3130 6 474 3 88145 7 3 1046 5
17 110222 21846 3130 6 1128 23 5
12502 4 3 1760 7 3 1046 16 617 137 3 1760 7 9 1193 4 538 9 825 364819 14130 58 521 21846 5
17 1653 7 46 14130 16 13 23 9704 3 221 7 19393 666 24 3 31660 6 8114 3 1046 5
81 644 4 39148 2527 798 221 7 19393 58 3 3848 1603 1379 10 143030 27964 5
6459 4 39148 19393 31 623 523 58 3 1029 1603 220 10 143030 27964 5
17 1379 1181 1038 9 814 6652 7 3 1193 14130 5
79 48 2262 1250 71 26 170 10 4 16205 4 8 60804 35 6833 4 25877 5
459 33 5
1210 19 230641 8 35 911 33 4 3 689 1033 6 231 73397 21 9 4482 16 50 17635 4 1749 6 1101 3 542 10 3 773 7 3 27964 5
17 231 7 73397 14 2279 39148 16 1827 6 46 216 3644 53 659 3030 9 19393 542 4 8 9 4631 7 39148 773 19 67 166 2203 143030 27964 53 33880 8 5
81 1243 4 3 1381 6274 3 71488 10570 7 39148 3803 4 19 3 3316 6 10792 3 231 7 39148 6 2274 3550 5
66 16 51053 6 1963 4 13 33880 8 31 6148 21 177 206 27964 5
81 644 4 43 31 7081 220 6 1800 48 20603 1185 7 143030 27964 6 4855 83 544 523 25 73397 5
622 2755 1165 7 3 13613 8 2333 7 143030 71 26 170 10 29222 45997 8 337158 35 2560 33 5
1471 308 2826 9286 10 3 3109 7 143030 27964 19 83 27964 5
187 16 9 528 221 7 192 5373 27964 4 47 690 6 14775 3 282 2000 7 3 2164 1494 27964 5
81 3 5114 7 3 73397 565 4 65 2957 19 528 9584 143030 16 1618 381676 19 9 6943 325 1046 31660 35 4 2773 33 5
143030 29 59 45 2164 4 297 461 4 19 34989 27964 6 4855 3 797 13797 565 35 79230 4 419778 4 14817 4 323 4 7560 33 4 19 80440 8783 6 14 143030 19393 7039 9384 35 27078 4 177808 4 323 15429 4 7560 33 4 19 7337 12811 14 25149 3975 19647 35 4 15011 4 323 90898 4 6833 33 4 19 174871 12231 14 11856 3033 15573 3472 544 35 4 479939 4 380071 4 323 30412 4 2560 33 8 17657 163267 23179 35 15152 4 7277 4 323 13115 4 2076 33 4 19 133951 9861 14 2419 3394 35 50130 4 254566 4 323 375486 4 2560 33 4 8 19 45425 12231 14 3 73397 19 89 3909 35 323 31150 4 590 33 5
17 1273 38691 30865 43463 31660 16 34 9 20603 31660 4 8 23 16 2812 9 161982 7 143030 19 83 27964 5
39148 16 9 614 34148 31660 13 142 26 3677 6 4855 9 3010 2137 7 544 4 150 84 1603 5
238 23 36 26 1595 4 3 522 3455 31 3982 5
355 39148 16 3677 6 73397 4 23 25903 522 13 10 117 267 31 333 58 138 7 8 33880 5
81 1243 4 39148 7952 6 26 3254 5
17 939 7 3 1381 16 5419 21 3177 53 8941 341 4 5181 3 689 39148 2000 5
8941 459 4853 143 73397 16 3380 8 143 16 5487 24 3 31660 5
8941 503 2062 4 10 3 5114 7 73397 4 3 1951 7 39148 19393 15 3 31660 773 5
8941 500 6274 9 19079 542 297 4 33880 8 39148 5
8992 4 8941 708 6880 90 4774 5
17 614 143030 88899 191244 16 962 21 3 36858 7 108 3803 53 2104 1444 4 102104 4219 4 8 219256 1945 35 230641 323 4 911 33 5
17 74 4644 4 2104 1444 4 7162 3 1046 14 2506 13 16 1303 61 24 290 34148 5
17 169 4644 4 102104 1870 4219 4 7162 3 18298 7 3 102104 1870 9451 5
17 73 4644 4 219256 1945 4 16 1827 6 5507 32108 110278 4 92 87 31 120 4 13 71 34 26 2828 24 9 837 34148 5
39148 3177 9 1144 825 1488 5
79 614 1069 16 2209 10 98586 249 5
17 2104 1444 16 6227 24 3 12231 1092 4644 53 3194 34148 7880 6 3 35 2374 33 25152 7 498 4231 21846 1141 9 1092 5
79022 23 3859 9 84 6825 6 50 135150 2104 5
17 102104 4219 16 2828 24 138 21846 13 4 54 427 3 73 1046 1092 4 27 1318 21025 40 2506 5
2196 2506 47 1018 9 1087 2463 7 1277 31 1109 1408 4 13 16 4 6943 14 102104 18298 5
145 1277 16 12354 9901 3 470 4 4 7 3 2104 9168 19 32 596 470 7154 72 1408 2506 47 27 45 170 24 3 31660 10 767 61652 5
261833 1945 31 848 10 98586 249 21 32 15486 4644 5
39148 71488 3323 6652 53 689 14808 98586 249 5
39148 71488 3323 6652 53 689 14808 5
39148 3859 6 3 108 143030 3803 9 740 57 4 3 1193 14130 5
2491 32 34148 29 1318 9 1046 4 23 142 7767 84 21846 5
17 221 7 21846 6 26 7791 16 7154 232 6 3 1606 49 1028 7 3 34148 35 20264 35 33 8 19192 35 33 3803 10 98586 249 33 5
8992 4 3 34148 16 2207 25 3 1193 5
355 2374 21846 27 1681 32 43241 4 1193 16 3353 5
145 18298 16 1303 61 24 3 45308 4644 5
145 19094 3 25152 14130 4 25421 13 10 46 1488 4 3 21846 162 5
622 34148 340 34 236 6 2024 13 3 939 2002 21025 40 2506 4 10 678 6 3030 3 1652 3803 5
145 16 982 10139 65 2957 19 544 114 2506 71 5697 10 4385 5
17 1444 7 7877 2506 16 34 5894 124 24 1767 14 3 1444 7 3 902 1603 5
6459 4 3 1193 14130 16 1254 6 723 3 21846 8 23 144 26 9888 6 162 280289 5
143030 27964 817 3 102104 4543 317 10 3 4 95 226 4 102104 1870 5
4752 3 3322 565 8593 4 3 102104 1870 7 39148 16 32 125993 1870 47 2609 317 52 684 8 1945 5
17 9526 7 3 1870 31 684 4 8 3 628 31 9906 652 13300 5
931 13300 2770 36 26 220 24 3 21846 6 14027 2401 47 652 6 3030 65 43 3773 6 3 35 629 33 164 5
17 102104 1870 1488 16 3380 10 98586 341 5
39148 102104 1870 2981 98586 341 5
39148 102104 1870 2981 5
17 5167 72846 2464 9 164 4 28825 32 652 8 9 13300 871 5
2196 138 684 1321 2448 24 3 21846 31 9526 7 3 102104 1870 8 97 138 1945 958 2828 22 9 164 27 32 2606 87 5
17 102104 1870 16 3435 4 8 23 16 6197 2756 232 6 3 317 1252 24 6275 6950 5
79 3297 6652 7 290 39148 4644 16 392 1298 4 508 3 1488 7 98586 249 5
22026 1444 3194 89 32 34148 941 3 4644 12231 1092 976 3 689 39148 14808 4 3 34148 29408 32 652 5
145 3394 5473 15 3 843 7 34148 35 158400 49 234925 33 13 941 3 4644 8 4 59 4 15 3 317 558 35 102104 1870 4 191244 33 5
16024 3 317 370 10 3 102104 1870 16 220 4 3 13300 7 13896 3 652 14 32 34148 2598 3 164 16 4939 24 446326 35 249 33 4 35 249 33 114 16 3 13300 871 7 3 652 22 164 8 16 3 221 7 1945 558 5
349 3 83 881 4 92 3 34148 2527 3 191244 317 4 3 13300 7 13896 32 652 4 4 16 4939 232 6 90 13300 3201 10978 25 90 843 7 9 139061 2505 15 3 565 5
17 12231 1092 4644 16 1595 10 98586 459 5
208 3 34148 16 9 158400 4 23 2527 3 317 3345 10 3 102104 1870 8 6 5339 3 161 652 5
2196 65 87 16 34 317 558 10 3 102104 1870 4 79022 3 498 164 29 299 45 2448 103 24 184 34148 4 158400 21846 231 3 191244 317 5
39148 71488 3323 6652 53 1046 1092 4644 98586 459 5
39148 71488 3323 6652 53 1046 1092 4644 5
208 3 34148 16 9 234925 4 23 71 231 189 4 3 102104 1870 4 8 3 191244 317 6 5339 50 161 652 5
659 28207 47 57 36 8245 4 3 4644 34427 9 421 534 53 208 3 73 317 220 18 3 102104 57 35 33 4 49 3 498 164 16 3 2007 164 35 33 53 35 341 33 208 3 73 317 220 18 3 191244 57 35 33 53 35 459 33 114 16 9 6951 221 4209 25 32 6158 3201 4 5
17 970 8 31 4650 4939 19393 5
17 12171 8 4459 3995 3 231 7 3 102104 35 446326 35 249 33 33 49 3 191244 317 5
17 1043 43577 16 3 221 7 1959 13 32 34148 383 3030 10 678 6 1088 9 2104 5
7977 4 46 650 1141 254 1252 13 3 102104 1870 29 558 317 4 2631 3 34148 2527 1752 5
273 544 114 43577 16 34 424 16270 4 23 16 1622 6 2882 23 5
79 1906 152 6 112 23 4 16 6 159 3 221 7 1959 220 6 1088 3 282 95 300 2104 5
25421 13 285 9 74 2104 16 170 4 87 16 93 317 558 10 3 102104 1870 8 3 21846 71 97 8245 3 191244 5
470655 8 71 26 220 14 14980 3 231 7 191244 317 4 79022 5
3 5633 489 4 7 144074 1046 5
25421 13 9 346 1884 148 39148 8 83 2029 143030 31660 16 3 152 10 47 3 102104 1870 16 220 5
17 2029 143030 27964 7801 102104 8 191244 317 6 4498 3 13300 7 1463 9 84 5606 6 9 2104 163 1444 5
81 39148 4 14 1463 32 5606 6 9 2104 4 3 102104 317 49 3 191244 317 71 26 220 4 44 34 189 5
81 39148 3 102104 1870 4286 1752 3 13300 14 427 1866 6 13014 2506 5
432498 4219 355 32 34148 10816 589 9 2104 4 23 71 4219 3 102104 1870 19 3 317 7 3 684 2448 8 3 1945 2828 10 192 684 5
17 2038 7 3 1870 7880 6 14510 2448 684 840 6057 5
238 23 18 2653 61 996 4 3 102104 1870 16 97 3353 24 1408 21846 4 79022 5
21846 13 27 170 9 2104 47 470 16 1298 3 1153 35 4 10 98586 249 33 5
355 32 34148 6392 6 384 9 2104 1298 4 23 16 1109 9325 8 23 16 100 14386 5
2382 18298 3 102104 1870 4 9 1408 34148 7212 3 871 7 4 47 16 9 1324 596 5
17 221 7 5036 14106 694 10 3 13571 7 16 4939 24 3 96734 5
145 4644 16 1144 9802 4 21 71 26 381 10 98586 503 5
17 4644 7212 59 3 282 95 300 2104 65 1622 5
1113 23 16 34 1595 10 3 6652 4 3 871 7 16 6 5
39148 71488 3323 6652 53 1153 4219 4644 98586 503 5
39148 71488 3323 6652 53 1153 4219 4644 5
17 5167 2464 3 858 7 5036 220 6 13012 3 1324 596 5
17 4644 14 18298 3 102104 1870 16 21 3177 53 14 290 164 2448 125 589 9 2104 4 9 1408 34148 76561 3 2038 7 3 102104 1870 1723 3 13300 7 3 1945 2828 5
17 13300 7 3 14735 1945 4 7880 6 2448 684 4 16 5668 5
145 18298 650 16 1303 61 538 446326 35 503 33 4 47 16 543 15 42584 35 12826 54771 323 230641 4 2804 109 230641 323 4 911 33 5
35 503 33 114 2567 16 3 2104 1148 24 3 1408 34148 4 16 3 13300 871 7 13896 3 652 28825 22 164 2464 3 1945 220 24 3 34148 6 1088 3 2104 31 1945 4 59 558 10 3 102104 1870 14 164 72846 4 44 13 27 34 45 220 24 3 34148 4 2464 3 684 2448 24 3 34148 125 23 18 589 3 2104 4681 34910 4 3 1043 16 3 1277 2442 6 3 2104 1148 24 3 34148 4 35 500 33 446326 35 500 33 214647 3 1277 6234 6 9 2104 5
3690 4 16 3 470 7 3 282 95 300 2104 4 8 27 45 277 4939 5
98586 500 842 3 102104 4219 4644 5
66 2527 5
35 503 33 8 35 500 33 5
66 59 3859 84 684 1945 7302 3 34148 29 2448 684 5913 1945 13 42 34 3345 10 3 1870 5
39148 71488 3323 6652 53 102104 4219 4644 98586 500 5
39148 71488 3323 6652 53 102104 4219 4644 5
17 5167 2464 3 221 7 1945 2828 24 3 34148 5
25152 14130 4644 145 4644 34427 9 7787 14 14980 5633 8 12732 5
81 9 74 967 4 480 32 34148 29 1681 3 1444 7 9 2104 23 16 2207 25 3 1193 7 2374 21846 5
17578 15 289 3 34148 29 6338 49 34 4 23 54334 3 4644 19192 35 34148 33 49 3 4644 20264 35 34148 33 5
35 6172 517 782 8 517 407 10 98586 249 33 5
931 3803 2258 3 843 8 221 7 21846 6 26 7791 5
81 9 169 967 4 480 3 1081 1193 7 2374 21846 29 45 9490 4 3 9530 221 7 21846 31 7791 538 3 4644 45308 35 33 35 517 697 10 98586 249 33 5
931 108 3803 432 3 508 1029 197 7 23394 35 18303 33 4 59245 4 221 7 144074 6 26 7791 5
31524 4 221 7 110222 6 26 7791 5
24235 4 221 7 9325 144074 121 3 73 1408 57 5
48120 4 221 7 1408 144074 121 3 73 1408 110222 5
82998 4 498 221 7 2374 110222 5
9788 4 498 221 7 2374 144074 5
19192 98586 708 842 3 19192 35 34148 33 5
39148 71488 3323 6652 53 1028 267 98586 708 5
39148 71488 3323 6652 53 1028 267 5
79 1408 158400 8947 9 234925 8 55390 6 4568 3 4444 48120 5
79 1408 234925 2238 3 4444 48120 4 55390 3 4444 24235 8 8947 9 234925 49 9 158400 4808 15 3 221 7 110222 277 2374 8 3 221 7 1408 144074 6074 24 48120 5
20264 98586 700 842 3 20264 35 34148 33 5
39148 71488 3323 6652 53 1606 267 98586 700 5
39148 71488 3323 6652 53 1606 267 5
622 9325 158400 2980 1010 6 4472 3 4444 7 2374 110222 5
349 3 83 881 4 32 9325 234925 74 36730 10 57 3 4444 7 9325 234925 24235 8 153 4 8947 144074 232 6 3 871 7 24235 4 538 3 4859 53 5
34910 4 3 4644 4 93 935 47 843 7 34148 23 29 45 3677 6 4 22462 8 214647 3 1884 148 8 5
208 46 11036 16 1370 58 3 489 7 110222 10 3 2374 34148 1193 4 9 84 158400 16 7791 5
45308 98586 704 2464 3 4644 7 7705 5
4248 9 74 2104 29 45 170 4 9 234925 16 531 22 329 4165 5
145 16 982 4116 14 138 544 10 47 1913 16079 2506 16 176 7 3 565 5
2491 46 4141 3006 4 3 1193 16 3353 232 6 3 2770 7 59245 8 31524 5
39148 71488 3323 6652 53 7705 8 98586 704 5
39148 71488 3323 6652 53 7705 8 5
7117 14980 5633 8 12732 81 39148 4 3 102104 1870 4286 9 13300 3201 7 1945 6 3030 22 290 164 5
17 110222 7952 6 132 46 3201 26518 1537 9 837 652 5
81 2906 4 3 144074 3130 6 1724 3 13300 72 523 1945 5
273 3099 4 9 234925 142 1753 84 1945 13 1321 42 34 1379 10 3 102104 1870 5
14689 4 3 2506 1252 24 110222 31 34 964 53 43 100 4619 2506 13 42 74 1669 24 144074 5
158 31 6943 1016 14 49919 8 5714 3 1046 76 3982 692 7 3 2104 904 5
144074 4 3350 4 31 6943 6 6075 84 2506 4 44 43 71 2093 15212 3 1046 300 25 192 3982 692 5
17 1193 14130 2532 6 11572 234925 8 158400 6482 10 678 6 2384 3 1046 27411 7 3 144074 32776 76 3982 7400 5
17 2370 152 7 11422 8635 15 3 7091 115 24 1408 21846 53 43 535 7767 32 34148 25 3 83 843 5
273 3099 4 92 144074 31 15663 4 43 3130 6 343 19808 4 8 3 221 7 110222 3130 6 474 5
2491 3 110222 27 6338 4 43 7767 84 144074 5
145 2939 6 1262 13 144074 15212 792 215 146 4 106 3 110222 185 6 26518 3 1046 1537 6943 7400 5
81 614 4 9 799 221 7 110222 16 385 6 112 3 162 5
81 1243 4 9 272 221 7 91 71 321 3 1046 6 26283 5
214 16 524 3 7787 6 7767 84 110222 16 1722 24 3 221 7 91 277 2374 5
6459 4 40 221 16 59 5210 538 3 1153 8 3 282 95 300 2104 4 47 16 9 5354 37582 7 3 31660 23462 5
144074 4 10 2906 4 31 7791 7302 9 158400 14345 8 4 59 4 65 43 31 34 488 6 384 206 385 2506 5
81 46 73 267 4 3 5633 16 2385 8 23 16 6640 6 11804 23 5
17 3225 7 3 1193 14130 16790 25 565 6 565 5
622 2794 946 71 26 170 10 12283 3462 5
35 2560 33 114 4 54 1913 9 136586 2104 4 110222 8 144074 7916 6 1297 23 21 146 21 537 5
4649 15 4 3 31660 13721 6 184 2104 4 170 24 144074 4 7138 26283 5
98586 782 842 9 4631 7 2374 34148 1193 125722 4 154 9 336 7 11226 61652 4 14 108 523 544 53 17 1960 45817 89463 4 98586 782 35 9 33 5
81 46 565 3 21846 27 6 384 9 9149 7 2770 35 33770 9906 7 593 8 1952 33 14 32 6062 532 2354 13 10942 9 1960 4 3 2506 142 27 523 9059 8 40 4385 16 34 32776 16270 4 23 16 197 154 3 5577 89 5
81 3 1233 3 21846 31 1913 19348 25 183 6 302 9906 7 2770 5
59268 7 1193 7039 6942 14 108 523 544 98586 782 5
59268 7 1193 7039 6942 14 108 523 544 5
98586 782 35 8862 33 842 32 3099 7 3 73397 4 4 47 29 3801 1628 5
98586 782 842 9 8176 34989 53298 35 7220 33 565 226 49474 34148 4 3 3210 18474 4543 35 236871 4 3824 33 5
81 46 565 3 21846 383 1800 32 6635 3472 232 6 9 3142 16359 35 459 6264 970 8 459 970 33 4 105 10 3 1960 565 4 3 537 2506 27 9 12911 1646 8 46 1646 16 34 32776 16270 5
81 3 1233 3 21846 353 589 1906 6635 2855 4 19 459 6 500 30864 4 8 268 3 1646 7 2855 2179 6 1995 53 183 6 302 30864 5
81 70 7 3 6200 4 3 31660 7117 33426 4 11264 3 1646 7 3 1193 8 3 1322 297 3 221 7 110222 8 144074 4 232 6 3 5093 7 1913 16672 2506 5
81 3 1960 24543 565 4 2411 814 90863 7 3 1193 71 26 6453 5
931 90863 31 106 3 144074 12678 1408 8 9325 4736 5
81 3 73397 267 4 3 1193 340 34 134295 44 1016 842 9 528 3330 10 3 144074 221 5
145 3330 16 463 6 3 144074 1606 15 1913 2506 4 8 40 221 16 853 10 678 6 1075 3 27959 6825 7 3 1046 5
5583 4 10 3 7220 565 4 23 16 2086 1369 22 74 6 384 9 2104 4 3847 3 1081 1193 840 396 10 678 6 1262 32 5420 88145 7 3 1046 5
2491 3 498 2104 29 45 2069 4 3 5093 6 384 32 2155 2238 5
332 46 397 4 3 1193 7 144074 2742 1978 4 1723 3 88145 7 3 1046 5
145 4176 2124 1056 3 73397 164 904 8593 8 3 191244 4859 13 36 26 220 10 3 508 9345 7268 5
79 164 16 3380 24 9 1808 7 1628 53 3835 264 8 3770 264 5
622 2007 164 16 9 1808 19 32 31936 5167 21 9 74 6825 4 8 9 264 21 3 169 57 5
145 2464 3 2007 983 53 110 15 9 264 103 2598 120 83 57 5
2382 32 34148 2179 4231 4 23 16 14027 6234 6 57 7 3 2007 684 5
622 652 16 3380 24 9 264 6 1030 6 5
12502 4 3 197 7 1945 16 3 197 7 1628 7 3 73397 3099 5
980 86853 4 46 6300 86 26 21 3177 53 114 2464 3 31936 5167 220 6 7673 3 2007 684 4 8 9485 16 3 197 7 3 1628 13 32 34148 29 277 2448 5
88304 7410 31 59 4939 14 12538 3 565 53 26420 960 53 35 708 33 16347 4859 53 35 700 33 117393 4859 53 35 704 33 114 191244 4859 53 35 782 33 3690 5547 16 9 4859 13 1929 3 3457 148 67 1628 5
31 3 1628 47 31 10 3298 44 34 10 9485 4 8 523106 16 3 8668 8781 191244 53 14 9 392 264 4 8 9 197 7 1628 109 523106 2696 3 264 7 3 197 5426 6 3 392 57 5
17 733 960 16 9 4859 13 4003 289 70 1628 27 45 2448 5
17 470 4859 16 3 3457 2278 24 9 1378 5
17 4726 4859 1929 3 3979 164 54 7623 32 652 5
17 191244 4859 4 4 16 3 43655 7 3 3457 148 67 1628 4 929 6 9 326 7 2636 35 32 4650 4939 96734 33 5
6832 46 4859 4 3 13300 7 13896 3 652 14 32 34148 2598 3 164 71 26 4939 21 3 13300 7 13896 9 264 297 3 196602 1628 5
980 4352 53 35 183 33 81 39148 4 3 102104 1870 9451 14 9 1087 164 97 4286 9 265 1628 6 5339 5
12502 4 65 32 34148 2527 23 4 23 16 338 13 70 1628 10 3 1870 27 277 45 2448 5
1858 7 44028 3 1046 4 23 16 2086 1369 10 3 73397 6 539 9 13760 7787 538 3 5426 35 34 2448 33 264 6 3 498 57 5
79 825 1217 71 26 170 10 12288 35 2804 33 5
145 13760 7787 16 6227 24 3 4726 4859 5
1249 9 13760 115 24 3 4726 4859 16 34 32 652 351 24 3 21846 44 9 4177 4 3 102104 1870 2038 16 34 1768 24 23 5
145 2228 5470 3 1243 7 84 317 6 3 102104 1870 24 2767 899 523 6 9 191244 1414 351 24 32 34148 5
273 946 4 10 9 21411 73397 3099 7 218 1628 4 3 102104 1870 142 436 105 20498 249 5
622 34148 86 3030 9 1046 105 3 57 1595 10 20498 341 5
17 4195 25 164 4 16 617 13896 3 264 249 5
238 46 264 29 45 2448 4 3 4726 4859 1929 3 5426 264 34 2448 53 503 4 47 522 10 3 164 5
75 3 652 1479 14 13 4195 16 249 4 34 503 5
5583 4 3 34148 144 4219 3 1870 232 6 3 508 858 7 9557 53 4 8 4 10 678 6 1332 3 4165 5
20498 249 5
432498 1870 946 5
15057 35 164 33 50256 35 652 4 13300 33 20498 341 5
2519 1444 946 5
12231 1092 12418 7 1945 136936 1628 9457 164 6494 1356 1362 1356 249 1362 35 33 249 1356 341 1362 1356 162236 1362 35 162236 33 341 1356 228353 1362 1356 235011 1362 35 228353 33 459 1356 1362 1356 1362 35 247139 33 503 1356 1362 1356 1362 35 382120 33
145 2124 2062 3 4650 4939 19393 4 8 3 10113 7 9 282 2104 35126 21 9 4644 6 1297 3 522 5
470655 542 53 8 17 96734 35 446326 35 341 33 33 2464 3 13300 13 9 234925 34148 29408 22 248 57 652 538 3 187739 65 589 9 2104 13 2818 43577 1046 1959 5
79 6943 1079 7 2770 6 542 16 53 4 392 13 9 234925 144 231 22 248 480 3 191244 6 26 1109 21 133 5
17 169 96734 35 446326 35 341 33 33 2464 3 15327 13300 7 4149 54850 191244 4073 5
12502 4 9 6943 1079 7 2770 6 542 16 53 5
17 1102 7 192 19393 4 14 290 871 7 8 4 18 18460 24 7623 3 31660 6 3 508 35 4 3401 33 9584 53 35 33 4 4 4 35 33 4 4 4 4 4 8 5
17 3099 610 6154 3 221 7 1628 4 171463 5
29 2879 1628 5
273 290 3099 4 9 11775 7 577 1216 11233 16 2828 5
79 837 5577 10744 55 6 6176 4 114 73367 16 3 221 7 1628 10 3 73397 3099 5
273 290 5577 4 3 3768 16 4939 21 3 1884 148 3 4385 7 3 2104 3439 8 3 4385 7 3 19838 537 1378 35 30392 33 14 3 3099 5
17 3768 16 220 21 773 1415 5
81 1243 4 6 4498 9 380 37582 7 3 31660 773 4 5464 663 25 11233 7880 6 3 216 11775 31 7074 8 1867 21 9 2156 7 3 19547 3457 4 35 407 33 114 16 3 3457 7 3 282 1378 170 10 5577 4114 8 9424 3 221 7 5577 1303 61 10 3 11775 5
6459 3 3768 4 23 16 2794 6 1415 3 3457 7 3 282 2104 170 10 3 1332 11775 4 8 3 13300 7 1913 9 2104 7 46 1277 5
14689 4 65 9 73397 3099 29 34 9 528 221 7 1628 4 3 282 2104 170 16 3 19547 2104 5
8616 10 46 542 7 19393 3 1415 7 3 282 2104 170 16 1867 21 3 13300 7 1913 3 19547 3457 35 3 19838 1378 14 3 3099 33 5
66 16 537 6 4498 9 614 20071 7 3 1102 7 3 19393 24 8810 3 522 72 3 523 9584 14 290 197 7 96734 2770 5
17 596 3768 16 1595 10 98586 183 8 3 596 13300 7 1913 3 19547 2104 10 98586 407 5
470655 8 542 53 596 3768 98586 183 5
470655 8 542 53 596 3768 5
35 8 33 5
137927 7 1913 3 19547 871 14 523 16691 7 8 98586 407 5
137927 7 1913 3 19547 871 14 523 16691 7 8 5
35 8 33 5
238 23 71 26 381 10 192 915 4 3 31660 7952 6 72 9239 3 102104 14 106 144074 112 34 231 3684 3 187739 5
238 2238 4 46 136976 7952 6 8491 8 3 31660 773 11657 5
273 8 4 3 773 16 206 141 19 5
208 16 17465 853 3 773 7952 6 1297 5
75 1978 2770 7 321 6 32 5420 88145 7 3 1046 5
66 16 533 6 3088 143 3 871 7 18020 3 1102 7 53 92 3 871 7 16 799 4 3 13300 7 538 3 191244 36 26 799 14 460 120 871 7 5
81 2906 4 272 2770 7 2164 19 272 2770 7 71 474 2537 3 13300 7 538 3 191244 5
273 4 3 31660 16 287 1768 24 523 2770 7 58 10 3 267 7 49 5
17 73397 191244 16 177 5314 5
7977 4 46 142 26 34 3 267 14 83 544 5
8616 4 65 3 191244 16 1024 4 23 51 26 4203 6 5867 19 799 2770 7 4 33480 3 231 7 3 102104 5
75 4 10 614 4 3 871 7 144 26 272 385 6 3489 9 4203 231 7 3 191244 5
81 1665 1303 61 24 3 4888 15 523 544 4 2770 798 58 10355 866 6 13003 3 31660 773 5
1249 3 969 7 5473 15 3 871 7 71 26 1109 21 9 4203 4768 871 14 9 614 3644 5
238 9 1396 7 11815 4 49 408 6 52445 86 26 220 65 3 191244 16 5314 385 8 408 6 10355 2631 5
470655 542 53 2636 17 3644 7 3 161 8365 16 6 542 3 1951 7 96734 2636 10 3 39148 773 5
273 290 871 7 2636 4 80 336 3 31660 14 3 216 11952 4 8 912 962 10 3 8 8365 35 8941 12018 33 5
17 522 7 3 8365 31 1595 10 20498 459 5
158 539 3 13300 7 1913 3 19547 871 4 8 3 596 3768 5
17 73 2606 4 2824 21 130820 4 4286 3 665 65 3 5426 558 264 16 1752 3112 4 276 682 9 160269 429 5
66 71 26 6453 13 3 282 2770 14 2636 31 10 3 1079 25 500 6 700 5
8124 2770 132 3 1046 343 215 15212 4 8 568 1603 321 3 31660 1537 8225 23462 5
20498 459 5
394789 2636 542 9345 522 5
17 282 522 31 1465 10 6636 5
35 4 8 33 5
137927 7 1913 19547 871 96368 35 202 33 6494 144821 6494 69979 28940 34517 40181 7257 40891 44890 46135 46307 46135 45184 47925 46135 45184 44973 38604 49912 130820 6494 86061 10873 5
470655 542 53 17 3644 7 3 161 8365 16 6 542 3 1951 7 96734 10 39148 773 5
273 290 871 7 4 80 336 3 31660 14 3 216 11952 4 8 912 962 10 3 8 8365 35 8941 12018 33 5
1249 3 969 7 7568 3 221 7 5036 6 13012 3 1153 871 35 33 16 333 1595 15 1978 9584 4 3 9345 542 18 59 1303 61 15 307 1978 9584 53 4 4 4 8 5
17 9345 522 31 1595 10 20498 503 5
33916 7 14 3 5867 31 351 22652 6 3 221 7 1628 7 3 73397 3099 35 73367 33 5
158 539 3 13300 7 1913 3 19547 871 4 8 3 596 3768 5
17 4416 176 7 3 1870 4286 3 7074 522 14 3 7877 9584 8 3 798 176 4 3 7074 522 7 3 1978 1603 5
20498 503 5
394789 542 9345 522 5
17 282 522 31 1465 10 6636 5
35 4 8 33 5
137927 7 1913 19547 871 96368 35 202 33 34231 43411 51271 41345 51586 42475 43849 42475 50743 39565 51586 41345 51271 40904 51271 40904 49912 40904 49912 40904 38418 9584 94081 5061 94081 28419 94081 34437 94081 35158 94081 26178 94081 31165 94081 34992 94081 37446 94081 38298 94081 42359 238 23 71 26 381 4 15 7877 9584 3 522 3130 6 1297 19 2201 6 3 231 7 9 16364 596 35 267 33 5
145 16 106 3 2807 7 3 221 7 5036 2238 3 23462 1952 7 3 596 871 1189 3 282 2104 170 4 363 3 1046 6 343 287 15212 5
527 4 10 814 9584 3 773 16 460 8639 8610 7 3 871 5
349 3 83 881 4 7568 3 221 7 5036 29 9 1370 969 65 3 31660 16 3677 6 1978 9584 4 21 71 26 381 10 20498 503 5
804 4 3 773 7 3 31660 16790 4808 15 3 871 7 5
8124 2770 7 132 3 1046 343 215 51533 4 8 568 1603 321 3 31660 1537 32 23069 18227 1046 5
238 3 5867 842 4 538 9 1324 596 1574 24 2939 6 532 3 31660 773 5
81 104 1029 5771 4 71 26 197 6 4 47 16 3267 6 231 9 16364 1324 596 5
75 10 745 114 3 31660 16 230 6 336 14 9 241 566 4 3 221 7 5036 142 26 177 528 5
66 2659 13 3 23462 7 1537 3 282 2104 142 26 215 2063 4 363 3 1046 2742 18227 5
81 138 745 4 23 16 3448 6 197 9 871 14 47 5415 13 3 489 7 23462 14 16 34 1768 24 3 89 3 31660 16 699 4 79022 5
24 3 221 7 5036 3883 5
282 95 300 2104 35126 282 95 300 2104 35126 9286 15 4740 3 1046 180 3 282 2104 170 95 300 5
17 42211 1303 61 24 230641 35 33880 33 8 35 33 240 13 3 773 7 34148 27964 11657 24 3 12732 7 3 282 95 300 2104 5
39148 1038 59 4 32 31936 4644 6 474 3 12732 7 3 282 95 300 2104 5
56464 6 5507 3 282 95 300 2104 35126 17 282 95 300 2104 35126 71 132 3 1046 6 128 3624 463 6 136976 5
659 1368 46 4 3 35126 4644 29 45 9888 6 3 31660 14130 53 74 87 16 93 35126 125 3 221 7 5036 16 798 58 5
2491 13 3 221 7 5036 7318 46 871 4 3 35126 16 4527 97 24 3 12609 9426 7 3 73 170 2506 5
145 32618 13 3 35126 16 163 532 4 121 23 16 3275 24 3 1046 1010 4 7138 136976 5
273 329 34148 13 7212 3 102104 19 9 1277 7 2104 35 446326 35 500 33 33 1298 249 4 9 4444 16 853 5
355 46 4444 15471 9 4650 2106 4939 8515 35 7799 33 4 23 16 14936 6 6494 8 3 102104 16 3353 19 3 282 95 300 2104 5
6459 4 3 4444 16 14936 6 6494 120 89 13 32 34148 3831 9 2104 19 1277 3628 6 249 5
11391 79 197 7 1665 4 2161 6 542 3 1212 7 3 282 95 300 2104 35126 8 3 1951 7 7799 4 42 2828 163 3 216 11952 8 912 277 962 10 767 8365 5
33916 7 7799 31 351 22652 6 3 221 7 1628 7 3 73397 3099 35 73367 33 5
17 522 31 1595 10 20498 500 5
41221 91 19 3 522 1595 10 20498 503 4 23 71 26 6453 13 3 35126 19 3 282 2104 11657 3 773 7 3 31660 15 1978 9584 5
349 7877 9584 4 427 9 31276 871 14 35 33 4 29 3 216 969 10 3 773 7 3 1046 58 538 282 2104 35126 5
23620 2770 7 3 96734 7799 112 34 1194 6 27 9 530 969 72 3 773 5
20498 500 5
282 95 300 2104 35126 9345 522 5
17 282 522 31 1465 10 6636 5
35 8 33 5
137927 7 1913 19547 871 96368 35 202 33 50743 40914 50743 39565 50743 39565 50743 40914 43849 39565 50743 40914 43849 39565 50743 39565 50743 39565 52481 40914 38418 9584 94081 55131 94081 55973 94081 54089 94081 52127 94081 54982 94081 54089 94081 54982 94081 55131 94081 54982 94081 60675
81 46 2124 4 39148 16 677 19 33880 35 230641 323 185047 4 2773 33 8 35 323 248904 4 1515 33 27964 5
17 4631 16 617 538 67564 523 73397 9584 4 150 137408 8 45689 1603 5
17 542 29 45 617 538 3 1351 3323 1252 24 35 1422 33 5
39148 16 6227 150 3 282 95 300 2104 35126 962 103 5
17 96734 2770 14 33880 8 31 138 1282 24 3 6854 5
931 2770 31 1595 10 20498 708 4 114 770 13 3 96734 16 34 1379 10 3 31660 4 269343 16 3 221 7 3893 10 3 1026 858 4 16 3 1378 4385 1601 24 3 8668 8781 191244 4 16 3 1378 4385 7 3 282 95 300 2104 4 8 73367 16 3 221 7 1628 5
17 1870 59 1038 3 42584 220 6 197 3 2980 4 8 4 7 5
34910 4 23 383 26 20 13 2527 184 96734 6 8114 3 102104 4219 13 16 34 848 10 3 1870 53 3 102104 16 3353 538 3 43241 282 2104 4 44 329 605 61652 3 102104 16 3353 538 3 282 95 300 2104 5
20498 708 5
394789 2770 220 10 3 8365 5
394789 871 39148 7799 2636 708 52445 5853 33880 249 249 341 341 15441 183 73367 6909 28107 10355 6909 269343 302 302 17 96734 2770 14 39148 4 59 848 10 20498 708 4 31 138 3455 10 3 4176 542 5
13385 4631 9069 4 9 74 6681 7 518 16 3 31660 773 5
1301 4 80 1101 15 143 206 3 522 31 4 8 3 31660 3225 486 3 4231 650 4 1672 1164 6 3 26283 565 5
79 197 7 8365 27 45 617 6 6786 39148 19 33880 8 10 970 7 773 5
75250 7 3 27964 522 1210 19 3 6854 35 4 3495 33 4 23 16 424 13 14289 340 34 3030 166 72 2628 1628 5
33880 8 71 2585 146 1978 544 5
81 129 4631 4 80 74 873 73397 9584 1731 58 1410 1628 4 8 3 522 31 1595 10 20498 700 5
81 9 169 1092 4 80 873 141 1978 9584 55 6 23061 1628 8 3 522 31 1595 10 20498 704 5
20498 700 29 45 3455 19 23697 7 11226 3804 4 8 20498 704 19 23697 7 577 3804 5
20498 700 5
39148 4 33880 8 773 4631 4 3 522 31 3 596 7 11226 1216 11233 5
17 11107 842 3 282 2104 170 8 3 10291 7 1913 23 35 13300 33 4 3 1207 2104 4 3 596 2104 8 3 48871 3768 35 446326 35 407 33 33 4 3 8200 4 3 2029 44398 4 8 3 522 7 3 960 5
58499 238487 3487 24793 29139 56985 402280 5
47667 5
28825 960 35 33 35 33 39148 5
35 31852 33 35 33 35 5 33
39148 10961 33880 33880 5
35 35789 33 35 33 35 5 33
39148 10961 5
35 354585 33 35 33 35 5 33
33880 10961 35 59377 33 39148 59377 5
35 33 58549 35 33 56683 35 5 33
39148 10961 33880 33880 59377 5
35 414131 33 30632 35 33 56683 35 5 33
39148 10961 59377 5
35 33 58549 35 33 56683 35 5 33
33880 10961 35 33 39148 5
35 33 35 224967 33 35 5 33
39148 10961 33880 33880 5
35 33 35 481958 33 463700 35 33 39148 10961 5
35 33 35 137281 33 35 33 33880 10961 35 33 35 10533 33 39148 10533 5
35 33 92120 35 33 9348 35 5 33
39148 10961 33880 33880 10533 5
35 229926 33 393453 35 351563 33 92557 35 5 33
39148 10961 10533 5
35 224967 33 139286 35 369849 33 8716 326663 35 33 33880 10961 35 46706 33 39148 46706 5
35 33 82551 35 39515 33 46706 35 5 33
39148 10961 33880 33880 46706 5
35 33 52259 35 33 29191 35 5 33
39148 10961 46706 5
35 7257 33 82551 35 33 92536 427990 35 33 33880 10961 35 56773 33 39148 56773 5
35 33 64273 35 354585 33 56773 35 5 33
39148 10961 33880 33880 56773 5
35 33 57072 35 33 70117 35 5 33
39148 10961 56773 5
35 33 50077 35 33 70117 35 33 33880 10961 35 33 39148 5
35 10355 33 5
35 383482 33 35 5 33
39148 10961 33880 33880 5
35 33 5
35 48651 33 35 5 33
39148 10961 5
35 33 5
35 33 199206 35 33 33880 10961 35 33 39148 5
35 259451 33 35 33 35 5 33
39148 10961 33880 33880 5
35 258710 33 35 33 35 5 33
39148 10961 5
35 156369 33 35 33 35 33 33880 10961 35 123538 33 39148 123538 5
35 33 146708 35 33 123538 35 5 33
39148 10961 33880 33880 123538 5
35 33 423626 35 33 141051 35 33 39148 10961 123538 5
35 33 130893 35 291465 33 123538 35 33 33880 10961 35 33 39148 5
35 33 35 379970 33 35 5 33
39148 10961 33880 33880 5
35 33 5
35 33 35 33 39148 10961 5
35 33 35 33 35 33 33880 10961 35 68706 33 39148 68706 5
35 33 72095 35 33 77484 35 5 33
39148 10961 33880 33880 68706 5
35 258710 33 87377 35 33 86096 35 5 33
39148 10961 141795 68706 5
35 156369 33 72095 35 33 64702 35 33 33880 10961 35 33 39148 5
35 33 35 169688 33 35 5 33
39148 10961 33880 33880 5
35 33 35 33 35 33 39148 10961 5
35 33 35 259824 33 35 33 33880 10961 35 33 35 33 39148 5
35 33 35 33 35 5 33
39148 10961 33880 33880 5
35 268886 33 35 527777 33 35 5 33
39148 10961 5
35 304303 33 35 33 35 33 33880 10961 35 449843 33 39148 449843 5
35 290900 33 35 54982 33 355645 35 5 33
39148 10961 33880 33880 449843 5
35 545362 33 35 258914 33 35 33 39148 10961 449843 5
35 36499 33 35 33 35 33 33880 10961 35 33 39148 5
35 33 35 158270 33 35 5 33
39148 10961 33880 33880 5
35 33 35 33 79 35 5 33
39148 10961 5
35 33 35 33 35 5 33
33880 10961 35 33 39148 5
35 33 542889 5
35 33 35 5 33
39148 10961 33880 33880 5
35 289795 33 35 33 35 5 33
39148 10961 5
35 258710 33 35 33 35 33 33880 10961 35 33 39148 5
35 33 35 458349 33 35 5 33
39148 10961 33880 33880 5
35 309054 33 35 33 35 5 33
39148 10961 5
35 229925 33 35 33 140933 35 33 33880 10961 35 33 39148 5
35 33 35 33 35 5 33
39148 10961 33880 33880 5
35 33 35 265584 33 35 33 39148 10961 5
35 33 35 33 177982 35 33 33880 10961 35 33 35 33 39148 5
35 137281 33 35 33 35 5 33
39148 10961 33880 33880 5
35 69246 33 35 33 35 5 33
39148 10961 5
35 230752 33 35 33 297535 35 33 33880 10961 35 33 39148 5
35 158270 33 35 33 35 5 33
39148 10961 33880 33880 5
35 69246 33 35 463700 33 35 5 33
39148 10961 5
35 69246 33 35 33 35 33 33880 10961 17 282 522 8 3 11245 7444 7 3 28825 960 31 1465 10 6636 5
20498 704 5
39148 4 33880 8 773 4631 4 3 522 31 3 596 7 577 1216 11233 5
17 11107 842 3 282 2104 170 8 3 10291 7 1913 23 35 13300 33 4 3 1207 2104 4 3 596 2104 8 3 48871 3768 35 446326 35 407 33 33 4 3 8200 4 3 2029 44398 4 8 3 522 7 3 960 5
58499 238487 3487 24793 29139 56985 402280 5
47667 5
28825 960 35 33 39148 35 25343 33 35 33 35 33 39148 10961 33880 33880 35 25343 33 35 44950 33 480781 35 5 33
39148 10961 35 25343 33 480781 35 33 35 33 33880 10961 35 33 39148 35 25343 33 5
35 33 35 5 33
39148 10961 33880 33880 35 25343 33 5
35 33 35 5 33
39148 10961 35 25343 33 5
35 56159 33 35 5 33
33880 10961 35 33 39148 35 25343 33 35 434534 33 35 33 39148 10961 33880 33880 35 25343 33 35 76850 33 35 5 33
39148 10961 35 25343 33 35 33 35 5 33
33880 10961 35 33 39148 35 25343 33 275044 35 33 35 5 33
39148 10961 33880 33880 35 25343 33 232373 35 33 35 33 39148 10961 35 25343 33 35 33 35 33 33880 10961 35 33 39148 35 25343 33 35 33 35 5 33
39148 10961 33880 33880 35 25343 33 35 89012 33 35 188897 5 33
39148 10961 35 25343 33 35 33 35 5 33
33880 10961 17 282 522 8 3 11245 7444 7 3 28825 960 31 1465 10 6636 5
3194 1870 1056 53 2778 17 282 2104 170 10 3 11775 8 3 10291 7 1913 23 35 13300 33 5
2778 17 1207 2104 5
2778 17 596 2104 8 3 48871 3768 35 446326 35 407 33 33 5
2778 17 8200 5
2778 17 2029 44398 5
2778 17 28825 960 5
17 73 4848 35 28825 960 33 842 3 522 7 3 960 35 13450 323 317870 4 1095 33 5
145 16 9 67 44017 14510 182439 960 220 6 6786 92 67 6482 31 3 216 5
980 4108 4 3 55833 19379 16 13 189 6482 27 3628 104903 4 111 3 2155 13 43 27 34 5
17 1870 842 3 522 7 3 960 538 3 871 7 3 64399 19114 8 3 871 7 3 7577 5806 960 19114 5
13751 6 33880 4 39148 29 9 333 773 10 460 70 2870 9584 4 21 1595 10 65588 700 8 704 5
66 29 9 798 596 3768 5
17 282 2104 170 16 10 117 745 3 19547 2104 14 189 27964 4 44 39148 29 9 333 13300 7 1913 23 5
7219 4 3 522 7 3 960 240 1798 13 14 70 3 9584 4 3 522 3455 24 39148 31 2537 333 58 138 3455 24 33880 5
13751 6 4 39148 12134 333 4 232 19 3 960 4 14 630 7 3 605 2870 9584 5
187 31 500 9584 42 16 333 4 8 341 9584 42 87 16 93 964 1884 148 91 5
39148 773 522 31 64979 10 98586 403 5
145 1233 842 3 5791 7 290 31660 14 329 3099 232 6 3 960 5
238 23 71 26 6453 39148 93475 10 9 4765 202 7 3 2870 9584 5
13751 19 33880 4 3 3070 16 9 577 202 5
75250 7 31660 773 14 290 3099 98586 403 5
75250 7 31660 773 14 290 3099 5
17 3331 842 289 9 773 16 333 49 3628 58 3 939 7 3 27964 4 232 6 3 522 7 3 960 5
75250 7 27964 3225 17 1046 88145 3439 24 290 31660 71 26 12859 538 3 596 3457 297 3 6176 1148 24 3 21846 35 230641 323 4 911 33 5
17 3457 148 67 6176 16 5559 6535 3 221 7 12029 13 31 1379 10 57 1378 8 31 34 1379 10 3 83 5
273 290 1378 1148 10 3 216 43241 4 3 3457 19 3 939 16 3455 5
5583 4 3 1153 7 192 14561 16 7154 6 4498 32 596 871 5
98586 698 842 3 596 3457 14 3 3099 5
41221 33880 19 4 23 16 7587 13 33880 1287 1003 6 206 2506 44 153 23 142 34 26 488 6 1297 3 522 21 3 221 7 1378 53365 2238 5
1016 4 7204 6197 4 8 866 6 236 9 568 221 7 6176 1444 6 1018 9 1087 653 7 2104 1277 5
20257 7 3 7074 3457 7 577 6176 14 3 3099 98586 698 5
20257 7 3 7074 3457 7 577 6176 14 3 3099 5
238 23 16 59 1595 10 98586 698 4 10 3 1431 4 105 33880 4 39148 9704 3 88145 1003 4 44 23 4063 9 1978 88145 3847 23 29 333 8953 6 1297 3 2104 72 89 5
25421 13 22 3 194 3 23070 39148 44239 3 88145 7 5
81 10028 4 208 63 852 14 9 2025 4231 19 9 799 221 7 6176 4 153 39148 51 26 488 6 384 206 2506 21 33880 5
349 3 83 881 4 92 63 852 14 1978 51163 4 153 39148 36 371 63 272 1277 2104 105 5
17 161 5867 29 3 3644 6 1811 7726 10 192 3272 5
98731 900 17 46333 900 16 9 1029 1415 220 10 4624 5979 35 236871 4 3824 33 5
66 1170 3 221 7 6905 4859 22015 4 79022 3 221 7 2506 4 13 383 26 9490 10 678 6 4498 9 2104 7 1087 1277 4 35 33 4 19 9 1087 13300 35 171463 5
52445 33 5
134 5357 46 1415 6 3617 3 3225 7 3 21846 27964 486 3 1046 5
134 2780 3 508 4644 53 249 5
17 31660 16 5913 14 6517 1216 1002 4 589 2990 2506 10 290 336 5
3265 89 9 282 2104 16 170 4 46 8 3 676 221 7 2506 1148 95 300 31 3205 5
1655 3 9345 628 4 3 13300 4 4 7 1913 9 2104 3628 49 333 58 4 54 5447 2506 16 3455 5
3690 16 9 221 10 3 1079 4 5
17 221 7 1216 1002 19 2506 4 1622 6 384 19 13300 64399 22 248 57 2104 3628 49 333 58 53 114 770 21561 55 6 161 1391 216571 5
17 46333 900 16 3455 21 53 17 46333 900 4631 16 617 538 3 216 9345 912 7 8941 13000 5
273 290 3099 4 3 2104 1277 35 33 16 4939 21 3177 53 4 114 5
238 71 26 381 4 46 16 3 1884 4 1867 21 9 2156 4 148 3 2104 8 3 19547 871 53 4 8 6494 202 4 79022 5
3 19547 871 5
4 16 4939 14 290 3099 25 6494 6 10 1959 7 4 114 73367 16 3 221 7 1628 7 3 3099 5
34910 4 5
17 522 7 3 5867 31 1595 10 65588 782 8 183 5
5715 7 3 27964 29 120 5093 6 1018 9 2104 496 183 202 49 500 202 25 3 30392 5
349 9584 1298 1410 1628 4 3 900 666 24 33880 8 39148 16 825 8 798 58 57 5
20498 782 5
39148 4 33880 8 46333 900 4631 4 3 522 31 3455 538 11226 11233 5
58499 238487 183 202 500 202 249 202 6494 202 35 33 35 33 39148 135762 150377 98236 14747 33880 135762 510171 98236 15861 33011 98236 15861 35 59377 33 39148 143705 143705 33880 143705 143705 98236 14747 98236 14747 35 33 39148 111785 37051 33880 111785 37051 35 33 35 10533 33 39148 207851 110502 99428 98236 14747 33880 46617 98236 15861 98236 14292 46617 89281 98236 15861 35 46706 33 39148 64821 207851 33880 64821 207851 98236 14747 46617 110502 8370 98236 14747 35 56773 33 39148 197312 441708 33880 197312 441708 98236 14747 84527 98236 14747 35 33 39148 197312 33880 197312 441708 35 33 39148 150377 510171 98236 15861 33880 150377 510171 98236 14292 178234 35 123538 33 39148 186997 98236 14747 33880 186997 98236 15861 35 33 39148 74677 23719 33011 51593 98236 14747 38286 74677 23719 187874 57185 98236 14747 42545 48190 212121 58717 98236 14747 35 68706 33 39148 431845 98236 14747 98236 14747 33880 431845 98236 14747 98236 15861 547859 98236 14747 98236 14292 35 33 39148 295641 46617 98236 14747 33880 295641 295641 110502 367186 35 33 35 33 39148 253980 98236 14747 98236 15861 33880 98236 14747 98236 15861 363346 98236 14747 98236 14292 35 449843 33 39148 208253 152567 98236 14747 153516 98236 15861 33880 208253 37051 33515 98236 14747 98236 15861 316608 495197 98236 15861 35 33 39148 515094 98236 14747 33880 515094 98236 14747 98236 15861 35 33 39148 49113 26318 98236 15861 33880 49113 26318 98236 15861 82054 229602 420224 35 33 39148 441708 441708 98236 14747 33880 441708 441708 98236 15861 98236 15861 35 33 39148 98236 14747 33880 98236 14747 98236 14747 35 33 35 33 39148 98236 15861 98236 15844 33880 98236 15861 98236 15844 84527 35 33 39148 98236 14292 33880 98236 15861 98236 14292 17 282 522 31 1465 10 6636 5
20498 183 5
39148 4 33880 8 46333 900 4631 4 3 522 31 3455 538 577 11233 5
58499 238487 183 202 500 202 249 202 6494 202 35 33 39148 98236 14747 98236 15844 33880 98236 15861 98236 14747 35 33 39148 98236 15861 33880 98236 15861 35 33 39148 98236 14747 98236 15861 33880 291397 98236 14747 98236 14747 35 33 39148 98236 14747 98236 14292 33880 5
81 3 267 7 3145 9 2104 1298 249 202 4 33880 3443 468 39148 8 5
631 39148 12134 1927 333 10 814 9584 4 10 3 1978 1603 866 6 26 3 31660 47 2818 3 798 900 297 70 3 27964 5
355 3 2104 16 3 19547 57 4 39148 738 3 2654 900 4 979 24 5
39148 842 4 486 19 33880 4 3 5052 23462 6 2506 163 183 202 8 500 202 5
1113 3 768 474 6 1018 2506 163 249 202 4 192 768 31 825 6 138 7 5
75 10 614 4 39148 16 3 31660 13 738 287 768 6 1018 3 19547 2104 5
931 522 31 10 517 19 3 3225 1595 10 98586 698 5
2897 4631 145 5867 9670 3 89 8353 24 290 31660 6 4855 307 73397 9584 351 25 5
5715 7 3 27964 27 45 5507 10 32 4213 152 4 3847 4 97 3 3703 3272 7 89 3568 31 533 5
17 8365 42 2828 10 9 45893 5735 12018 19 62778 334019 6015 105158 4 14046 4256 80489 25861 8 244162 1185 11544 5
81 678 6 3030 3 4631 4 329 31660 16 5913 1410 400 14 290 3099 5
79 837 5577 9286 10 699 3 31660 4 285 23 10744 9 3601 221 7 6176 53 4 114 73367 16 3 221 7 1628 5
66 16 5559 3 596 89 4 10 1577 4 351 6 4855 290 3099 5
20498 407 842 9 4631 297 3 522 3439 5
39148 16 3 287 89 12725 7 3 108 27964 5
39148 16 2817 3706 202 3254 58 33880 4 8 2511 202 3254 58 5
145 89 3272 31 1629 463 6 3272 15 3 2104 1444 4644 8 3 8593 220 5
20498 407 5
39148 4 33880 8 89 4631 4 3 522 31 3 596 7 1410 11233 5
58499 238487 3487 24793 29139 56985 402280 5
47667 28825 960 35 33 39148 64700 12793 12679 101068 47925 35 5 33
39148 10961 33880 33880 13134 76744 104029 148635 49912 35 5 33
39148 10961 105612 137960 148280 142172 5853 197730 35 33 33880 10961 39148 72418 148453 134963 116801 48432 35 5 33
39148 10961 33880 33880 134248 163316 138389 187159 48445 35 5 33
106447 143501 146802 128182 45184 131428 35 5 33
33880 10961 39148 11544 15520 166211 124427 47973 35 5 33
39148 10961 33880 33880 91677 98734 116695 104912 55775 35 5 33
39148 10961 104576 143058 155287 51854 43117 220557 35 5 33
33880 10961 35 33 39148 150024 115174 112906 111502 50311 35 5 33
39148 10961 33880 33880 144041 157001 172887 175469 34300 35 5 33
39148 10961 144039 159255 179428 220789 34300 131754 35 5 33
33880 10961 39148 109600 126072 143356 157058 54089 35 5 33
39148 10961 33880 33880 205313 157109 300591 281645 32418 35 5 33
39148 10961 92285 194211 161659 122189 59003 220557 35 5 33
33880 10961 39148 90494 131428 219869 180412 59709 35 5 33
39148 10961 33880 33880 139686 313531 266497 298550 40072 35 5 33
39148 10961 178797 144213 151099 122941 249 220557 35 5 33
33880 10961 39148 782 118145 110710 122017 55178 35 5 33
39148 10961 33880 33880 214135 348068 329136 339745 34992 35 5 33
39148 10961 109580 158211 147555 160314 65981 220557 35 5 33
33880 10961 39148 19588 260685 183801 184247 31555 35 5 33
39148 10961 33880 33880 275155 391692 327511 445575 51256 35 5 33
39148 10961 49736 294358 233566 55831 37605 220557 35 5 33
33880 10961 39148 196841 245263 200558 179239 6094 35 5 33
39148 10961 33880 33880 223969 306324 320600 64603 60451 35 5 33
39148 10961 289064 291201 304528 40475 220557 35 5 33
33880 10961 39148 242065 338695 271474 285669 6094 35 5 33
39148 10961 33880 33880 271210 330614 241412 371872 55639 35 5 33
39148 10961 250555 321754 381252 336436 57375 220557 35 5 33
33880 10961 39148 177338 281155 337544 383533 43150 35 5 33
39148 10961 33880 33880 209409 334090 276002 84223 52739 35 5 33
39148 10961 207727 58076 380119 303546 43782 220557 35 5 33
33880 10961 39148 154734 388930 248561 285669 6448 35 5 33
39148 10961 33880 33880 161641 3573 5
35 5 33
39148 10961 33880 285669 350258 538590 43748 220557 35 5 33
33880 10961 35 33 39148 122553 224881 329081 214025 5700 35 5 33
39148 10961 33880 33880 65625 409154 376321 385269 57590 35 5 33
39148 10961 208714 273485 406775 374324 51593 193944 35 5 33
33880 10961 39148 291201 239748 68729 221844 70595 35 5 33
39148 10961 33880 33880 358235 71599 35 5 33
39148 10961 65364 426633 434405 60137 220557 35 5 33
33880 10961 39148 519582 282723 507628 128384 35 5 33
39148 10961 33880 33880 398829 132525 35 5 33
39148 10961 356317 90916 220557 35 5 33
33880 10961 17 282 522 8 3 11245 7444 7 3 28825 960 31 1465 10 6636 5
81 33880 8 4 3 21846 398 10 9 29540 95 43 27 6 2401 9 38105 25 3 11552 7 3 498 57 5
81 3 73397 4 46 770 13 329 89 13 32 34148 29 6 598 9 84 264 4 23 29 6 2401 72 9 858 7 269343 35 3 1026 858 33 3893 5
81 39148 4 3 21846 1046 10 9 164 904 19 32 4000 151438 5
355 32 34148 2527 3 102104 4 23 97 13220 72 3 197 7 1321 220 1945 14 9 1087 164 4 47 16 9 3703 396 858 5
2196 65 32 34148 2527 3 191244 23 29 6 2401 72 9 197 7 70 537 4262 5
1249 3 102104 429 15944 72 3 191244 4 10 596 4 3 21846 1088 6176 538 4995 19 2121 3893 58 269343 5
2224 23 18 2653 61 1321 10 3 2942 4 3 102104 1870 10 39148 2179 21 32 3435 2981 5
1249 3 164 904 16 4000 4 3 317 1252 24 3 21846 6950 16 96 15697 3 1870 5
16436 4 14 9 1087 164 87 16 97 9 814 858 7 558 4262 5
145 754 3 231 7 46 1870 205930 4213 5
81 4631 4 10 143030 3 1870 16 32 358703 40056 7 9 29540 5
8616 4 538 46 1870 6 1088 9 2104 142 26 9 5326 1315 4 47 142 1871 3 231 7 31936 4538 105 1026 4995 10 3 267 7 3 73397 49 4 10 83 544 4 48 12630 2506 35 24311 323 81092 4 359 33 5
161982 19 325 1046 145 4631 29 3 3644 6 3617 3 27964 7362 13663 9 325 1046 187739 5
17 8365 31 617 538 3 95 226 459 8339 191244 35 1104 323 178463 4 2773 33 5
17 1351 3323 18 1252 24 35 1422 33 4 538 9 3601 23348 1574 6 3 716 8668 6391 5
81 70 27964 4 3 325 1046 16 3677 6 329 1378 1148 24 32 34148 5
66 16 1622 6 13655 10 678 6 4498 9 4203 773 65 23 16 2164 19 325 1046 4 3 13652 9286 15 18298 535 3 102104 19 3 282 95 300 2104 5
39148 59 738 6 26 5607 65 23 16 2164 19 325 1046 5
2224 4 97 3 282 95 300 2104 7212 3 102104 1870 5
145 770 13 97 21846 19 9 2104 1277 35 446326 35 500 33 33 3628 6 249 31 805 6 4219 3 102104 19 3 88852 1378 1252 24 325 1046 5
81 678 6 3030 3 4631 4 80 3467 307 528 137408 73397 9584 25 5
17 221 7 11233 5473 15 3 3099 1646 35 196 221 7 3804 10 20498 403 33 5
79 837 5577 9286 7 699 3 31660 285 23 10744 9 3601 221 7 6176 53 4 114 4 8 73367 16 3 221 7 1628 10 3 73397 3099 5
20498 403 5
39148 4 33880 8 161982 19 325 1046 35 459 8339 33 4631 1749 577 17563 73367 6176 53365 5
17 11107 842 3 282 2104 170 8 3 10291 7 1913 23 35 13300 33 4 3 1207 2104 4 3 596 2104 8 3 48871 3768 35 446326 35 407 33 33 4 3 8200 4 3 2029 44398 4 8 3 522 7 3 960 5
58499 238487 720 5
40180 3487 24793 29139 56985 402280 5
47667 28825 960 35 33 39148 577 35 40891 33 35 28107 33 35 5 33
39148 10961 33880 33880 577 35 40181 33 35 28544 33 35 188897 5 33
39148 10961 577 35 25343 33 35 50311 33 35 188897 5 33
33880 10961 35 33 39148 577 35 42820 33 35 28544 33 35 5 33
39148 10961 33880 33880 577 35 34030 33 35 35789 33 35 188897 5 33
39148 10961 577 35 25343 33 35 249 5 33
35 188897 5 33
33880 10961 35 33 39148 575 35 33264 33 35 35789 33 35 158985 5 33
39148 10961 33880 33880 575 35 31852 33 35 35531 33 35 178980 5 33
39148 10961 575 35 28107 33 35 5061 33 35 178980 5 33
33880 10961 35 33 39148 575 35 6766 33 35 33140 33 35 33 39148 10961 33880 33880 575 35 28107 33 35 35789 33 35 178980 5 33
39148 10961 575 35 28107 33 35 42928 33 35 178980 5 33
33880 10961 35 33 39148 575 35 48445 33 35 31852 33 35 495490 5 33
39148 10961 33880 33880 575 35 6822 33 35 6909 33 35 178980 5 33
39148 10961 575 35 28107 33 35 55125 33 35 178980 5 33
33880 10961 35 33 39148 605 35 49912 33 35 35531 33 41345 35 33 39148 10961 33880 33880 605 35 43384 33 35 28442 33 35 21706 5 33
39148 10961 605 35 28940 33 35 8334 33 35 21706 5 33
33880 10961 35 33 39148 605 35 28940 33 35 33140 33 35 63547 5 33
39148 10961 33880 33880 605 35 28940 33 35 34030 33 35 21706 5 33
39148 10961 605 35 28940 33 35 6448 33 35 21706 5 33
33880 10961 35 33 39148 605 35 55178 33 35 28107 33 5
35 57373 5 33
39148 10961 33880 33880 605 35 43384 33 35 31852 33 35 21706 5 33
39148 10961 605 35 28940 33 35 52481 33 35 21706 5 33
33880 10961 35 33 39148 605 35 28940 33 35 37931 33 35 33 39148 10961 33880 33880 605 35 28940 33 35 20130 33 35 21706 5 33
39148 10961 605 35 28940 33 35 59718 33 35 21706 5 33
33880 10961 35 33 39148 605 35 28940 33 35 42820 33 46526 35 33 39148 10961 33880 33880 605 35 28940 33 35 6766 33 35 21706 5 33
39148 10961 605 35 31852 33 35 57545 33 35 21706 5 33
33880 10961 17 282 522 8 3 11245 7444 7 3 28825 960 31 1465 10 6636 5
17 522 31 3297 10 65588 5
79 4631 7 3 31660 773 232 6 3 522 7 3 960 71 26 170 10 194896 5
5
20498 698 5
39148 4 33880 8 161982 19 325 1046 35 459 8339 33 4631 1749 11226 73367 6176 53365 5
17 11107 842 3 282 2104 170 8 3 10291 7 1913 23 35 13300 33 4 3 1207 2104 4 3 596 2104 8 3 48871 3768 35 446326 35 407 33 33 4 3 8200 4 3 2029 44398 4 8 3 522 7 3 960 5
58499 238487 720 5
40180 3487 24793 29139 56985 402280 5
47667 28825 960 35 33 39148 577 35 61243 33 35 6494 5 33
35 5 33
39148 10961 33880 33880 577 35 54342 33 35 25343 33 35 33 39148 10961 577 35 52500 33 35 25343 33 35 33 33880 10961 35 33 39148 577 35 40891 33 35 25343 33 35 33 39148 10961 33880 33880 577 35 20130 33 35 28544 33 35 33 39148 10961 577 35 34030 33 35 25343 33 35 430052 5 33
33880 10961 35 33 39148 575 35 40181 33 35 28442 33 35 5 33
39148 10961 33880 33880 575 35 6909 33 35 28442 33 49472 35 5 33
39148 10961 575 35 39964 33 35 33140 33 53923 35 33 33880 10961 35 33 39148 575 35 39964 33 35 27063 33 35 33 39148 10961 33880 33880 575 35 6909 33 35 31852 33 35 33 39148 10961 575 35 40181 33 35 28544 33 61838 35 33 33880 10961 35 33 39148 575 35 55178 33 249321 35 25343 33 35 33 39148 10961 33880 33880 575 35 59305 33 312558 35 28544 33 5853 35 5 33
39148 10961 575 35 10355 33 471365 35 6494 5 33
57375 35 33 33880 10961 35 33 39148 605 35 60226 33 35 28940 33 35 68706 5 33
39148 10961 33880 33880 605 35 9193 33 35 28940 33 35 33 39148 10961 605 35 33264 33 35 27063 33 35 64833 5 33
33880 10961 35 33 39148 605 35 28442 33 35 28940 33 35 67691 5 33
39148 10961 33880 33880 605 35 28940 33 35 35531 33 35 55129 5 33
39148 10961 605 35 28442 33 35 35531 33 35 68759 5 33
33880 10961 35 33 39148 605 35 60722 33 35 25343 33 14710 35 255098 33 39148 10961 33880 33880 605 35 55178 33 35 28107 33 35 33 39148 10961 605 35 7257 33 35 28544 33 35 480388 33 33880 10961 35 33 39148 605 35 28940 33 35 37177 33 35 58358 5 33
39148 10961 33880 33880 605 35 28940 33 35 6766 33 35 33 39148 10961 605 35 28940 33 35 43117 33 35 33 33880 10961 35 33 39148 605 35 27063 33 35 29487 33 35 43291 5 33
39148 10961 33880 33880 605 35 28940 33 35 6766 33 35 14586 5 33
39148 10961 605 35 28940 33 35 36228 33 35 21706 5 33
33880 10961 17 282 522 8 3 11245 7444 7 3 28825 960 31 1465 10 6636 5
20498 685 5
39148 4 33880 8 161982 19 325 1046 35 459 8339 33 4631 1749 27503 17563 73367 6176 53365 5
17 11107 842 3 282 2104 170 8 3 10291 7 1913 23 35 13300 33 4 3 1207 2104 4 3 596 2104 8 3 48871 3768 35 446326 35 407 33 33 4 3 8200 4 3 2029 44398 4 8 3 522 7 3 960 5
58499 238487 720 5
40180 3487 24793 29139 56985 402280 5
47667 28825 960 35 33 39148 577 35 249 33 35 6494 33 6494 35 174891 5 33
39148 10961 33880 33880 577 35 60722 33 35 6494 33 35 150377 5 33
39148 10961 577 35 60220 33 35 6494 33 35 5 33
33880 10961 35 33 39148 577 35 47925 33 35 6494 33 35 5 33
39148 10961 33880 33880 577 35 38604 33 35 25343 33 35 5 33
39148 10961 577 35 42098 33 35 6494 33 35 374046 5 33
33880 10961 35 33 39148 575 35 44890 33 35 27063 33 35 5 33
39148 10961 33880 33880 575 35 34374 33 35 33140 33 35 5 33
39148 10961 575 35 41345 33 35 27063 33 54540 35 5 33
33880 10961 35 33 39148 575 35 44890 33 35 28107 33 35 33 39148 10961 33880 33880 575 35 39964 33 35 28940 33 52481 35 33 39148 10961 575 35 48432 33 35 28107 33 60451 35 33 33880 10961 35 33 39148 575 35 59709 33 249321 35 25343 33 43782 35 75646 5 33
39148 10961 33880 33880 575 35 249 33 35 6494 33 6494 43782 35 75646 5 33
39148 10961 575 35 249 33 35 6494 33 6494 33880 10961 35 33 39148 605 35 249 33 35 6494 33 6494 35 255098 33 39148 10961 33880 33880 605 35 65981 33 5
35 25343 33 39148 10961 605 35 249 33 35 6494 33 6494 5370 35 33 33880 10961 35 33 39148 605 35 6766 33 35 28544 33 35 33 39148 10961 33880 33880 605 35 6766 33 35 28940 33 35 33 39148 10961 605 35 28442 33 35 27063 33 35 33 33880 10961 35 33 39148 605 35 249 33 35 6494 33 6494 39148 10961 33880 33880 605 35 249 33 35 6494 33 6494 39148 10961 605 35 249 33 35 6494 33 6494 33880 10961 35 33 39148 605 35 6766 33 35 34030 33 35 63683 5 33
39148 10961 33880 33880 605 35 28940 33 35 38161 33 23464 35 33 39148 10961 605 35 36499 33 35 35789 33 53885 35 72081 5 33
33880 10961 35 33 39148 605 35 28940 33 35 29487 33 34437 35 68817 5 33
39148 10961 33880 33880 605 35 28940 33 35 33264 33 35454 35 33 39148 10961 605 35 28940 33 35 33264 33 6909 35 70769 5 33
33880 10961 17 282 522 8 3 11245 7444 7 3 28825 960 31 1465 10 6636 5
75250 7 39148 4 33880 8 161982 19 325 1046 35 459 8339 33 4 65 98586 685 5
75250 7 39148 4 33880 8 161982 19 325 1046 35 459 8339 33 4 65 3 221 7 6176 805 16 5
75250 7 39148 4 33880 8 161982 19 325 1046 35 459 8339 33 4 65 98586 409 5
75250 7 39148 4 33880 8 161982 19 325 1046 35 459 8339 33 4 65 3 221 7 6176 805 16 5
75250 7 39148 4 33880 8 161982 19 325 1046 35 459 8339 33 4 65 98586 697 5
75250 7 39148 4 33880 8 161982 19 325 1046 35 459 8339 33 4 65 3 221 7 6176 805 16 5
355 3 221 7 6176 805 16 799 35 33 4 39148 16 333 58 10 70 2870 9584 4 8 333 58 33880 10 708 72 3 183 9584 5
355 3 221 7 6176 2238 4 35 33 4 3 773 11657 5
527 4 23 16 149 1734 58 3 461 5
39148 149 15944 72 33880 10 500 7 3 183 9584 5
5583 4 65 3 221 7 6176 805 16 177 35 33 16 488 6 2769 3 216 773 7 39148 10 460 70 3 9584 4 30078 4 23 11657 3 522 7 33880 5
1113 87 31 396 3272 4808 15 3 3099 4 3 27964 27 9 825 773 5
145 16 463 6 3 1046 27411 7 290 31660 31 10179 24 3 325 1046 4644 47 16 96 399 15944 3 1046 5
238 46 8 767 8365 240 4 39148 1388 32 2794 3225 25 3 397 7 1069 7 129294 19 325 1046 5
1249 46 843 7 325 1046 4262 2238 3 1046 1676 7 3 31660 4 23 86 26 230 9 272 1277 2104 276 4951 6 1088 9 272 221 7 6176 5
7219 4 92 3 31660 16 336 154 48 89 4 32 3070 15 3 2506 1277 71 26 230 5
13751 19 8 33880 4 2477 7 138 27964 240 3 6928 7 39148 5
2818 6 336 154 48 89 6 4498 9 4203 2104 5
33880 16 34 488 6 1297 3 2104 1277 10 3 216 152 13 39148 5
81 46 1181 4 23 29 45 1595 13 39148 16 32 2794 3093 1217 4 47 1038 3 2177 6 2780 3 143030 88899 191244 6 544 3380 10 9 164 904 5
66 59 1038 9 364819 14130 7 521 21846 1193 6 581 33855 27411 6 3 31660 5
79 9345 542 29 45 1303 61 4 538 782 73397 9584 8 23697 7 577 3804 4 6 581 32 1540 7726 10 3 1102 7 3 31660 19393 5
17 39148 31660 29 45 13787 677 19 33880 8 538 3 605 73397 9584 8 23697 55 6 11226 3804 5
17 8365 1311 40 773 4 3225 8 89 3568 5
81 1243 4 3 27964 31 381676 19 325 1046 8 6786 538 183 1978 9584 5
17 9345 522 5441 13 39148 16 9 16079 1217 5
1113 23 18 34 1254 6 4855 3 73397 4 3 4631 19 3 83 8176 34148 27964 842 13 39148 16 488 6 1297 40 773 5
17 1056 7 3 8365 3817 13 39148 16 488 6 4498 9 2104 7 4203 1277 21 2025 21 33880 4 44 23 340 34 128 3624 5
81 614 4 92 3 31660 16 805 6 5576 48 2506 4 23 16 488 6 4498 2506 7 141 333 1277 58 5
931 4091 15 189 4 33880 8 252 25 3 7207 3581 1193 14130 5
1471 2794 665 16 13 39148 25660 287 89 463 6 3 1217 7 4231 10 9 164 904 5
622 946 7 2673 7 39148 18 26011 10 767 7268 7118 9 1960 45817 565 35 12283 32330 4 2560 33 5
4752 46 517 7 777 4 3 426 1131 31 1967 15 3 4159 7 3 39148 2333 6 7039 544 10 47 3 122289 4 3 164 4195 4859 4 3 470 4859 4 4703 142 337 19 89 5
901 6200 31 53 32095 3870 34336 17657 35 33 2785 1330 10 7025 10711 4 114 35092 71 26 1768 24 16254 567 4 2114 4 5218 4 3 1892 7 83 3715 4 4703 5
17 8820 2785 1330 7 307 45817 671 5
134 1100 59 6 2780 39148 6 83 843 7 16001 1276 4 105 63005 12555 22661 35 414957 33 5
1471 2794 601 8249 4 150 90 537 2333 7 3 31660 4 71 26 64979 21 3177 53 249 5
659 5576 48 2961 3 5615 7 1193 14130 4 8 7705 1496 5
66 16 3 897 2175 7 3 4888 13 3 31660 71 26 141 454 2069 5
659 5576 3 31660 3225 10 544 114 3 191244 16 1024 49 22261 5
273 3099 4 90 4176 2532 27 45 1303 61 24 3 4888 35 6172 98586 782 33 538 3 3210 18474 11779 565 8 3 522 31 3982 5
659 2780 3 27964 6 11065 89463 544 133 14 946 4 63801 4 4 46236 1376 227821 4 8 230641 35 7560 33 5
79 4176 162 10 46 352 29 45 2209 6 21846 648 590 35 4 16205 4 323 60804 4 590 33 5
34910 4 23 36 26 2794 6 2780 3 27964 6 83 338900 544 825 6 3 73397 5
273 946 4 6 10725 4369 110087 23179 42 29 45 4 616 4 3639 3677 35 8321 4 24494 4 1104 4 4 323 80979 4 7560 33 5
249 25421 13 276 325 1046 3 221 7 6176 805 18 5