16528 951 954 71 26 4209 25 3851 628 14 421 363 10 869 553 5
34989 5979 35 7220 33 21 32 7732 1442 5533 16 9 4321 5018 6 5998 3855 133 2911 951 954 5
81 46 1381 4 7220 29 45 3677 14 7470 72587 951 954 15 1570 1989 5
2018 117 552 1170 10 3 6854 4 15327 28506 5514 29 45 3467 14 46 542 106 23 2527 15327 871 22 552 35 33 21 32 19547 16615 552 1415 5
81 129 1273 7220 1506 4 46302 951 954 27 45 59 2262 6 48 7025 954 47 31 226 954 538 108 5300 7 736 4 1005 8 93 774 5
9049 80 27 848 4660 569 4 4521 8 19918 10 129 7220 1506 14 17444 48 5050 2696 10 3 4209 954 5
1563 1273 1506 29 45 3677 14 183 1826 291 2888 10 2478 2904 1981 35 65777 33 5
17 28579 522 661 13 129 2262 7220 1506 86 3855 5796 951 954 10 4631 19 736 8 817 1264 907 10 3 267 7 552 5210 1625 5
16528 2376 16 9 3010 2137 7 4309 8 5310 47 1186 6 9239 3 814 1043 12642 10 3 869 553 5
81 46 1217 951 954 31 4209 25 3851 628 4 6 2258 3 243 89 14 1727 8 1423 7 3 2375 5
13927 231 192 951 954 6 1234 25 2374 8 5005 7793 10 869 553 5
145 1217 16 226 736 8 1005 1264 5
622 2155 1217 47 16 424 21 736 8 817 1264 16 9 48 15238 683 1264 5
81 46 1217 4 706 736 8 817 3 1124 14 9 241 566 7 89 4 5226 7 396 12642 5
13927 494 13 43 71 3207 48 1234 58 706 5
527 4 3 8474 7 2911 2376 29 45 3240 24 67 53259 13563 6951 1964 19379 8 4213 200 19379 5
931 53259 164 13 87 144 34 26 120 82866 8 126656 5195 10 3 229 628 5
1210 6 192 53259 4 4634 86 34 1234 25 2911 951 954 5
1113 3 74 2062 10 4205 8 3566 2247 192 53259 35 3720 4 8346 109 95560 4 7442 109 95560 323 88590 4 10031 109 17366 323 77866 4 7442 33 4 658 706 42 4761 6 6149 40 7896 8 954 5
1210 6 2346 576 4 55 6 1818 202 7 4634 231 90 1835 7 2911 2376 10 40 951 421 42092 35 2346 4 1515 33 5
931 53259 31 59 1830 24 104 7 3 3796 42211 47 4964 2911 951 954 86 26 5796 35 323 12090 4 3401 109 26877 4 4 323 79666 4 3824 109 54610 323 546 4 4973 33 5
158 677 3 462 7 2911 951 954 19 3 462 7 736 8 817 1264 8 170 13 1432 4967 2696 71 26 3439 538 2911 951 954 5
999 1432 4967 2696 4 80 1153 13 3 736 8 1005 1264 16 7156 6 3 736 8 817 1264 10 970 7 3619 2696 5
16166 3915 2062 3677 8176 4538 14 7470 951 954 133 21 1324 596 8 951 1079 1012 5
118 3531 133 21 7732 7112 1443 436 48 3982 4 106 43 852 9 284 6 5998 3855 8 8744 5796 951 954 5
273 3099 4 4624 27964 4 4624 5979 8 32542 2642 31 177 1408 10 2911 2376 35 15283 4 3578 109 58618 4 18409 4 7277 4 323 36260 4 2773 33 5
15283 35 3578 33 220 4624 31660 6 9239 2911 951 954 10 3 178 1557 200 5
931 951 954 420 6 1432 4967 2696 5
527 4624 5979 35 7220 33 866 6 26 48 3206 10 25418 951 954 25 3851 628 106 7 50 2981 35 223508 12283 32330 4 3578 33 5
81 7220 1217 14 1396 4089 4 954 31 16277 10 3 916 7 421 2855 25 3 271 628 5
2895 8 35 2391 33 220 4624 5979 6 3855 2911 951 954 15 2567 323 69352 628 5
158 170 13 3 4660 470 5210 2696 732 6 4498 1432 4967 2696 5
1113 3 74 2062 133 2895 8 86 34 6419 3 115388 4 44 268 2062 4964 2631 5
65043 4 32208 4 8 144094 35 2773 33 220 4624 5979 6 384 2911 951 954 14 3 689 288 6133 15 563 1557 200 5
1949 65043 8 32208 35 2391 33 170 3 216 522 14 108 7 179 402 5128 284 35 40152 33 1557 713 5
1471 4900 162 7 65043 35 1278 33 18 10 1775 553 15 2567 323 69352 5
1504 13 65043 1109 552 5210 4967 2696 4 28 86 34 6419 3 115388 47 18 13033 19 2895 8 35 2391 33 2106 1123 5
81 184 162 4 2911 951 954 23997 3 736 8 817 1264 10 552 74059 1625 4 44 45394 65 552 16 1109 10 3 267 7 108 2567 323 3280 16705 35 74633 4 69751 4 323 204905 4 744 33 5
766 7 3 92987 42211 1109 391 200 16705 35 17905 4 2588 1053 4 2567 323 69352 33 8 4209 951 954 14 192 16705 5
158 4729 3 8474 7 2911 2376 8 67 6233 53259 5
1471 3982 1217 16 6 1384 1989 998 24 1570 291 5
145 1217 1389 48 10436 121 290 869 16 4729 8118 8 290 1396 16 4209 14 57 869 5
223508 4 22739 4 8 159252 189064 35 911 33 3677 46 1217 14 685 2212 291 2888 15 3659 869 1557 5
1700 522 661 13 951 954 31 2239 9992 65 3 200 3809 49 65 23 16 3449 5
1504 3 29561 7 46 162 4 43 155 34 1384 4660 470 14 12752 5188 7 4209 954 5
39690 470 16 8974 1941 13 31 12957 14 290 774 1303 61 5
1249 117 7793 159 254 10 3 736 8 1005 1264 4 4660 470 51 2498 3 8474 7 951 954 5
16816 4 173902 4 1604 4 8 61880 35 274 33 1109 4660 470 10 40 7220 1506 8 3677 23 14 22200 6825 1989 7 2588 1053 7443 9897 1291 35 62603 33 5
1700 11245 522 3413 13 3 7220 543 951 954 3855 9 1432 4967 462 72 3 1906 736 8 817 1264 4 163 70 200 912 289 1157 49 1641 5
1949 4624 5979 5533 29 45 3677 6 3855 4660 470 5210 951 954 14 836 1826 291 35 4 86015 4 323 7160 4 280 33 5
17 268 542 661 13 7220 86 3855 5796 951 954 10 4631 19 3 736 8 817 1264 907 14 291 441 5005 7793 10 3 200 5
1113 552 16 32 533 2916 10 951 1866 4 658 23 16 34 1109 10 223508 12283 3462 5
35 911 33 4 173902 12283 3462 5
35 274 33 4 12283 3462 5
35 280 33 5
81 192 2062 4719 4967 2696 31 12354 623 58 40 552 5210 4967 2696 5
1949 70 7 3 92987 2062 4209 951 954 538 3 3851 628 7 869 360 951 6163 5
158 155 34 1384 83 1783 19393 15 462 133 21 7840 8 19918 5
59800 3 2981 7 7220 951 954 10 767 2062 4 80 170 43 3855 951 954 19 67 736 8 1005 5300 5
81 644 4 43 5892 13 951 144 26 12287 329 168 5
1249 1484 93 774 16 3 282 421 10 869 951 4 9 4116 4159 7 951 954 16 6 539 93 774 3905 21 166 5
81 46 1217 3 2981 7 951 954 144 337 6 1626 61 108 5300 21 736 4 1005 8 93 774 5
12502 4 129 733 322 16 6 5576 3 2673 7 7220 14 7470 108 5300 2911 951 954 15 1570 1989 10 3 267 7 552 5210 1170 8 4660 470 5
66 59 1038 70 1783 2193 133 21 7840 8 19918 5
20498 249 61685 767 1131 47 220 7220 6 3855 951 954 10 4631 19 46 542 5
20498 249 5
44777 7 46 542 297 3 1547 2062 10 3 6854 5
35845 35 64 33 22308 736 8 817 39690 470 20595 552 1415 47857 8 19918 11664 542 2895 8 35 2391 33 2567 323 69352 1291 65043 12283 3462 5
35 2773 33 708 40152 1557 713 65043 8 32208 35 2391 33 503 40152 1557 713 65043 35 1278 33 28506 5514 4 17366 2106 30936 4 4703 5
2567 323 69352 1291 223508 12283 3462 5
35 911 33 685 2212 291 74633 12283 3462 5
35 744 33 28506 5514 2567 323 3280 16705 173902 12283 3462 5
35 274 33 306 62603 291 12283 3462 5
35 280 33 782 1826 291 145 542 129463 28506 5514 183 1826 291 17 6411 7 46 1381 29 45 4393 21 3177 5
81 3 161 2124 3 7220 31660 16 2042 5
1301 552 5210 1170 31 4729 8 57 1415 16 3467 14 129 7220 1506 5
81 8941 503 9 2981 16 1273 6 2975 7220 543 951 954 19 108 5300 5
79 7220 1506 16 2209 6 3855 552 5210 951 954 10 8941 500 5
1301 129 2262 7220 1506 16 6227 15 183 1826 291 8 46333 522 31 217 5
17 1381 11542 19 129 4774 5
34989 5979 21 32 7732 1442 5533 29 616 45 220 3639 6 10775 2505 10 3 916 7 954 8 29 45 25810 10 1678 3547 982 10 1474 8 2911 2376 35 58618 12283 32330 4 2773 109 135655 323 137354 4 1422 33 5
236871 35 3824 33 1589 46 5533 14 3 74 89 21 32 4159 7 4624 31660 35 37566 33 35 7731 4 7487 33 5
17 689 1884 148 7220 8 37566 16 3 8593 7 3 2104 5
81 7220 4 3 1570 1193 320 31 34 3601 4385 2163 11709 13 90942 537 2506 6 3 565 22 881 4 43 31 1190 13 4 65 5913 4 31 3 1026 2506 6 3 565 5
931 1190 31 1867 10 4624 5979 21 51988 2855 4 623 58 21 1583 7 3323 35 10886 4 4 323 4 502 33 5
17 2370 1959 10 9 7220 284 31 21 3177 35 148117 4 35197 4 323 40222 4 274 33 53 249 5
206671 1000 32 2007 1193 7 1190 25 3 558 199398 5
41701 8334 5
192005 290 447 8 28207 50 5188 5
13088 57 49 67 447 35 2106 33 25 3 1193 19 9 13300 543 15 5188 6 3789 10 4624 884 5
33382 84 1570 447 35 2106 33 24 7623 4624 4262 19 14644 46025 5
4248 32 5944 2104 16 170 49 90 83 5964 1215 16 943 35 17905 4 9 3235 221 7 5197 16 1049 33 5
17624 3 282 95 300 1570 5
435 7285 552 5210 1170 8 951 954 4 290 1092 7 7220 16 2921 8 2262 14 7470 951 954 10 3 508 7268 5
81 951 954 8557 4 552 11141 16 2475 533 106 7039 5310 4 133 21 138 170 24 7220 4 31 477 61 7 200 35 65043 4 1278 33 5
12502 4 3 736 8 1005 1264 142 3415 146 287 552 58 3 736 8 817 1264 5
187 31 9 515 7 552 5210 1170 6 8743 462 14 552 5
520 1170 27 45 4729 10 46 542 47 71 26 40345 21 3177 53 2778 6644 1170 31 3 74 552 5210 1170 47 31 1589 15 3 1625 7 3414 3695 8 3 455 3273 4946 1506 35 33 5
931 1170 539 28506 5514 35 28506 4 10031 33 4 17366 2106 35 17366 4 6973 33 4 2106 5514 35 4 9749 33 8 3735 5514 35 28506 4 3578 33 5
2778 420933 543 1170 47 1415 3 4967 462 7 32 3273 72 50 22293 21 552 1415 5
17 22293 7 9 313 16 3 637 11222 72 9 1087 683 566 5
510208 5514 35 2432 4 3952 33 4 11790 5514 35 530489 4 3495 33 8 10257 5514 35 10257 4 3578 33 31 108 552 5210 1170 15 3 1625 7 22293 5
2778 8124 7553 1129 35 289626 33 543 1170 133 21 32905 35 382382 323 19493 4 1422 33 4 5514 35 323 3290 9970 103543 4 3952 33 4 48208 459 35 16752 323 23496 4 911 33 8 74996 785 5514 35 4 3290 9970 103543 4 323 4 2391 33 5
931 1170 31 2239 226 48208 1170 5
17 114580 678 7 287724 1415 110458 3 4967 462 21 3 1884 148 3 3273 2106 462 8 3 8355 5944 462 8 110458 552 21 114580 289626 5
3690 289626 1170 552 24 2366 64441 7 3 2696 5054 10 7488 6 9 8355 5944 462 5
2778 19241 22 552 35 83584 33 543 1170 133 21 50483 462 15 871 22 552 35 23446 4 1515 33 4 15327 28506 5514 35 62513 323 84272 4 911 33 4 24880 5514 35 503560 12283 3462 4 359 33 8 98956 28506 5514 35 323 4 1095 33 5
931 1170 31 3 5514 148 3 230 4967 462 7 3273 72 552 481 489 8 3 552 5
81 46 1217 552 1415 16 15 3 1625 7 83584 4 150 15327 83584 35 33 8 5607 83584 35 33 5
66 16 7581 13 192 1170 31 2239 7154 24 3 4967 462 7 3 3273 72 50 552 5
130190 7 3 104 1170 16 543 15 40 523 24648 7 552 5
2018 3 4729 552 5210 1170 4 3 15327 28506 5514 16 3467 6 2780 10 129 7220 1506 5
129463 28506 5514 16 3 5514 7 3 230 4967 462 72 552 481 489 8 50 15327 871 22 552 35 33 5
145 5514 71 26 7154 24 3 446326 35 249 33 53 35 249 33 114 24880 16 3 462 7 3 1047 4 555100 16 552 481 489 109 16 3 15327 871 22 552 72 3 392 89 10398 19 577 35 33 202 1493 653 5
16 3 230 637 163 3 1215 13 3 871 22 552 16 8641 5
81 678 6 13012 4 13571 7 83584 16 1622 22 74 5
83584 71 26 92443 538 5018 4 3851 20260 8 14395 10336 20260 5
2018 192 4309 3851 20260 16 32 3206 5018 2016 313 2106 462 3201 8 3851 628 5681 10 869 553 5
17 6363 14 17444 7 29 45 12859 10 8941 12604 5
17 1809 468 3394 7 3 15327 28506 5514 21 9 6943 72587 1415 10 129 7220 1506 31 21 3177 53 35 249 33 23 2527 9 12433 552 1415 11771 4 21 552 1415 109 35 341 33 23 2527 47 16 32 19547 16615 552 1415 35 323 332790 4 744 33 109 35 459 33 23 16 9 6943 1415 14 8557 7 1124 19 14510 1966 8 3810 44017 23033 7 462 35 62513 323 84272 4 911 33 109 8 35 503 33 46 1415 1038 3 23125 552 20806 7 32 3469 137 1493 653 3394 35 323 4 1422 33 5
11394 2062 4209 46302 951 954 4 79022 5
43 86 97 4459 67 5300 7 1727 49 1423 14 951 1866 5
5356 4 112 802 16 3 19547 421 10 521 131 421 363 5
16816 4 93 774 71 26 32 19547 421 10 869 951 4 47 16 34 2573 24 46302 951 954 5
12502 4 80 27 2262 3 2981 7 767 951 954 6 1603 47 71 1657 108 5300 7 1727 4 1423 8 93 774 5
81 46 1217 9 951 1396 16 3380 21 9 3472 825 6 9 46302 951 1396 5
17 97 1884 16 15 50 6808 4 3 6808 16 9 3802 446 164 16 9 4859 7 3 684 7 50 5
931 27 326529 55906 7 1359 8 2915 5
81 644 290 7 6808 16 9 46302 951 1396 8 3 951 1396 3905 16 2118 232 6 20498 341 5
20498 341 5
951 1396 3905 392 3 684 5
249 164 341 164 8061 1396 3905 8664 8664 8488 8664 36905 720 774 36905 8664 720 774 36905 36905 30735 79 3848 3472 3364 9 951 1396 16 12859 10 98586 249 5
145 1396 7703 736 3905 65 3 249 8 341 684 31 1359 4 79022 5
3 114666 72 3 271 575 222 16 1370 58 4765 8 3 4660 3583 15 5154 222 251 16 1370 58 47120 8 59 793 2106 484 16 1370 58 596 869 484 72 3 271 716 222 5
79 1005 3905 16 691 65 3 164 7 3 189 16 2915 4 8 93 774 3905 16 691 2631 5
622 946 7 951 1396 98586 249 5
622 946 7 951 1396 5
81 46 2124 4624 5979 5533 16 2262 21 9 1046 4644 6 10775 951 954 25 3851 628 5
14441 31 30557 21 3472 6294 19 108 3905 55906 150 736 4 1005 8 93 774 5
81 46 1217 4 9 951 1396 16 9935 7 90 16204 8 7410 47 31 2209 10 3 161 100561 5
79 951 1396 19 5719 7 2482 16 30557 10 370952 10 3 916 7 32 6157 19 1646 7 39811 79524 5
12895 8 4859 197 238 80 259 290 421 3472 10 7220 16 9935 7 90 7410 35 2634 30864 33 8 16204 35 2690 33 5
273 951 954 2020 4 6264 8 4859 2757 31 9888 25 35 223508 12283 32330 4 911 33 21 3177 53 12895 197 53 252980 53 5210 360 14 4521 8 19918 4 4660 3583 109 3188 91755 53 3112 10 3 12634 7 1356 6494 4 1410 1362 109 326529 91755 53 8664 4 36905 109 89969 197 53 326529 4262 53 8 4 49 4 34 109 146890 4262 53 11102 4 6117 109 253658 4262 53 1635 4 115998 4 126 4 98236 109 17 104 220 7410 10 2911 2376 4 21 3177 53 20753 35 4 33 53 6474 871 7 3 1884 148 67 521 1051 109 311576 35 2106 4 9424 33 53 596 7 484 49 3583 72 3 271 9424 222 109 5736 35 2106 4 9424 33 53 3235 871 7 484 49 3583 72 3 271 9424 222 109 27485 35 2106 4 9424 33 53 3033 871 7 484 49 3583 72 3 271 9424 222 109 220007 35 2106 4 9424 33 53 484 49 3583 16 21206 24 9424 222 109 57285 35 9421 4 9424 33 53 48517 10 1562 2696 72 3 271 9424 222 109 114666 35 9421 4 9424 33 53 3703 2362 1291 109 102187 35 9421 4 9424 33 53 489 7 337 5
89969 197 13422 10 189 326529 8 521 7410 9498 3 4806 9513 7 7220 4 4128 24 236871 5
21669 80 27 6 255 90 3012 15 3 2981 7 2855 5
326529 4262 71 26 10 3 4416 176 7 3472 4 521 7410 8 32689 4262 10 798 176 35 2936 2690 33 8 101035 4262 31 148 3 67 5
14983 1193 187 31 9 221 7 523 6599 6 3855 6951 2007 1193 5
931 6599 539 1995 4 556 8 24595 143196 4309 35 148117 12283 32330 4 274 33 5
81 556 5018 70 2855 31 1146 19 125444 5719 10 70 5982 5
17 1995 5018 4 15 3 8101 4 2228 14 3 3465 7 2855 7 48 9833 9059 8 12483 5
81 46 5018 3 5719 7 290 4386 16 22 104 3628 6 125444 3472 5719 5
81 24595 143196 5018 4 2007 1193 16 1601 19 9 3358 7 1995 8 556 4309 5
81 46 1217 4 347 7 3 2007 1193 16 9168 538 3 556 5018 8 184 347 7 3 1193 16 9168 538 3 1995 5018 5
134 3677 3 4991 5018 14 3 1193 21 9 1940 220 5018 35 148117 12283 32330 4 274 33 5
2249 7 3 1654 2981 7 129 951 954 4 2855 144 26 9168 10 9 172930 4230 25 3 5401 6 3 2690 5
20865 8557 11394 2062 12354 3 4967 462 7 9 951 1396 72 3 736 8 817 1264 21 5188 4859 5
81 46 1506 4 3 4967 552 5210 462 16 12354 21 5188 4859 5
1249 80 848 4660 569 4 4521 8 19918 10 3 5188 4859 7 129 1506 4 23 16 230 13 3 48 7025 2696 36 26 43420 10 4631 19 3 767 2062 35 2895 323 4 2391 109 12283 32330 4 280 109 173902 12283 32330 4 274 109 223508 12283 32330 4 911 33 5
17 552 5210 462 7 3 736 8 817 1264 35 323 8913 33 16 7154 19 15327 28506 5514 21 446326 35 341 33 5
35 341 33 114 25508 323 8913 16 3 230 462 7 3 736 8 817 1264 5
66 16 7154 2016 7840 4 19918 8 4660 569 5
16 7154 21 446326 35 459 33 5
35 459 33 114 6219 16 3 7 3 869 72 9 392 552 10398 8 16 3 1207 230 637 72 3 392 89 10398 22 249 115998 1493 653 5
16 92443 2151 3851 20260 5
17 16364 462 14 9 951 1396 10 9 566 16 3 5806 7 70 4660 2696 2016 7840 8 19918 7191 3 1547 4660 569 5
81 552 5210 1185 7 129 1506 4 3 16364 552 5210 462 14 9 951 1396 16 3 5806 7 552 5210 2696 7 70 5056 10 3 566 8 16 7154 21 446326 35 503 33 5
35 503 33 9424 16 3 221 7 5056 10 3 566 4128 24 951 1396 4 43094 16 3 462 7 211736 4660 2016 7840 4 19918 8 4660 470 5
17 5188 4859 16 1122 7154 21 446326 35 500 33 4 114 323 2567 16 3 552 5210 462 7 3 4209 951 1396 35 11771 4 3 736 8 1005 1264 33 5
35 500 33 17 67 508 12453 27 45 3677 14 951 954 8557 53 35 249 33 3 1005 3905 71 26 6227 65 3 869 6848 10 3 9435 2106 3414 4 121 814 1423 16 34 7262 10 46 1654 200 4 35 341 33 3 736 3905 71 26 6227 65 3 4783 455 16 558 5
39937 9524 3394 27964 539 39274 6339 3394 8 1602 3394 35 148117 12283 32330 4 274 33 5
81 46 542 4 39274 6339 5018 49 5188 27014 3394 16 220 21 3394 5018 5
81 39274 6339 4 290 771 808 14 3394 16 27014 6 50 5188 5
81 46 5018 3 3394 13300 7 1570 4114 16 7154 21 446326 35 708 33 5
35 708 33 114 4 102545 16 3 5188 7 211736 1570 8 3 42254 8085 3 5188 2770 72 70 2113 10 3 498 1193 5
34989 4262 47032 4 17904 8 20749 4262 27 45 220 322 6 3855 84 6482 5
47032 16 3677 6 3467 2113 19 17764 489 5
47032 397 16 14027 3467 14 3 74 3178 109 658 184 17764 397 16 3467 15 169 3178 25 9 33498 7 805 30864 4 106 7 2190 2981 7 129 2855 10 46 2673 5
145 33498 1038 7410 49 16204 47 1000 7034 12897 5
120523 31 1146 24 18865 3 67 4025 1298 3 17764 30864 5
98586 341 842 32 946 7 17764 3802 10 3 267 7 951 954 5
81 46 946 4 67 7410 35 6117 33 8 35 8 33 31 3467 21 17764 266 5
1301 4 3 4025 17764 266 31 9703 6 1000 67 84 951 954 5
622 946 7 17764 3802 10 129 7220 1506 19 954 98586 341 5
622 946 7 17764 3802 10 129 7220 1506 19 954 5
213753 16 153 6227 15 90 2113 49 12897 19 13300 7 17904 489 5
17379 10 17904 4 9 38105 16 3467 25 3472 21 17904 397 8 50 16 2445 19 9 16079 14027 4209 5
527 10 129 1506 4 70 108 17904 5310 27 45 3677 5
931 5310 539 47971 17904 4 1995 17904 4 8 38105 17904 135655 323 137354 4 1422 33 5
81 47971 17904 9 14510 14613 38105 16 2445 24 9 14613 38105 4 125 10 1995 17904 9 38105 16 2445 24 9 14027 4209 8 10 38105 17904 3 2038 7 3467 30864 31 33128 5
16166 4624 4262 31 34 3677 15 90 3467 2113 5
931 2113 31 16898 6 84 1193 276 120 13652 19 9 20749 489 5
37642 5719 7 12897 954 16 1109 14 5470 78882 4 3475 12897 954 71 34 7717 9 14644 5719 8 43 144 29439 92 40 5719 15471 125444 5719 35 1072 4 1422 33 5
1563 2262 4624 5979 1506 29 45 3677 15 2752 1826 291 2888 15 2478 2904 1981 35 65777 33 5
134 6581 6 5518 3 8474 7 129 951 954 8 40 552 5210 4967 2696 10 192 291 5
7337 1826 291 2888 15 2478 2904 1981 27 45 3112 14 2279 129 7220 1506 5
1249 12283 3462 5
35 280 33 3455 333 954 14 291 441 5005 951 10 3 200 109 80 5339 291 19 3 1391 4773 14 2279 129 7220 1506 5
273 46 3644 4 2752 2374 291 19 3 1391 4773 10 3 308 85 27 45 3467 10 523 1534 4814 5
39652 291 8 40 4814 27 45 1595 10 20498 459 5
20498 459 5
432766 1826 291 10 46 542 5
22917 1031 933 48336 4450 1276 323 2793 1172 42250 347576 4294 6554 10042 323 15912 109838 12344 5
4294 107331 10990 729 323 621 1096 3335 4294 3188 1558 8 1444 513 9456 5214 4294 34613 323 62852 71141 9762 5214 4294 4450 1276 8 2793 1172 391074 4294 4450 1276 8 2793 1172 513 347576 7443 923 34613 323 62852 64198 71141 4294 21285 102308 4242 40178 323 12344 5
4294 13041 549457 4294 39690 470 16 94 7 774 3583 14 1727 8 94 7 774 3583 14 1423 3 1989 10 65777 232 6 65777 2106 3013 5
17 3851 628 848 3 4521 8 19918 5210 2157 484 8 4660 6163 14 290 418 168 35 1192 8 2971 1690 6371 4 280 109 2478 2522 1981 3954 2622 4 280 33 5
17 7220 543 951 954 42 2198 15 3 928 628 8 153 42 12354 15 1321 19041 628 2442 19 9 2279 566 5
17 928 8 3 2279 4736 31 3112 21 3177 53 12266 566 53 27311 566 53 12793 5
394789 9937 17 282 96734 9937 14 129 7220 31 2118 137 3 1547 2062 35 12283 32330 4 280 109 74633 12283 32330 4 744 109 223508 12283 32330 4 911 33 21 166 21 129 4176 8365 5
1113 1978 1193 9059 3030 333 522 4 80 197 1193 1646 6 577 106 7 3 89 10119 35 12283 32330 4 280 33 5
47032 8 17904 713 31 3467 2016 4176 8365 5
17 221 7 5197 16 197 575 4 121 93 964 4091 42 6453 54 2020 7 716 35 196 98586 459 33 5
23620 2770 42 59 873 14 83 19393 5
6297 15 192 8365 4 3 96734 2770 1595 10 20498 503 42 1435 3467 5
1949 4 14 552 8557 3 1493 653 16 197 5180 202 4 47 16 9 1493 653 3467 24 2933 35 4 1422 33 5
14441 3070 356 6942 650 14 523 1989 98586 459 5
14441 3070 356 6942 650 14 523 1989 5
20498 503 5
394789 9937 14 129 7220 1506 5
25152 1646 577 11292 7 5197 575 5018 24595 347 8 347 5736 2007 3472 5719 708 5736 508 3472 5719 407 39937 5018 87700 6339 47032 489 8642 213753 489 6909 55945 489 6766 1493 653 5180 202 13299 5
11391 34989 5979 1506 16 3677 15 3 2752 3915 1826 291 5
17 951 954 42 4209 72 3 928 566 14 290 136 5
17 282 3559 1396 14 290 136 16 153 12354 72 3 2279 566 5
66 144 26 1744 13 10 290 267 4 67 2520 31 6227 6 3617 8474 7 951 954 10 552 5210 8 74059 1625 5
81 192 2520 951 954 31 4209 19 108 5300 150 736 4 1005 8 93 774 5
1949 4 39690 470 4 4521 8 19918 31 1109 10 189 2520 5
17 522 7 9375 552 74059 7220 1506 16 1595 10 20498 500 5
81 46 1870 4 2696 7 3 736 8 817 1264 35 2636 323 8913 33 4 16364 2696 7 951 954 35 2636 323 2567 33 8 4967 2696 7 951 954 72 3 736 8 817 1264 35 50483 462 33 31 2209 14 290 869 10 11107 7 46 1870 3995 5
20498 500 5
209401 2696 7 552 74059 1506 5
48336 2636 323 8913 35 202 33 2636 323 2567 35 202 33 50483 462 35 202 33 317752 228577 96833 131208 115524 70784 153857 91274 245506 8792 353063 348799 468864 58799 122864 84460 254315 65290 66562 51097 38298 9897 10355 166241 122317 11292 7 1432 2696 500 183 708 1113 7220 543 951 954 42 5796 10 70 745 35 1432 2636 323 2567 2696 25 38298 202 6 468864 202 33 4 43 86 34 23997 3 736 8 817 10 179 1989 7 4 4 8 4 19 2366 4967 2696 5
81 7294 7 192 2366 4967 2696 4 3 1308 596 4967 462 16 1432 35 11771 4 122317 202 33 47 6154 13 3 4209 951 954 23997 3 736 8 817 1264 5
999 2414 3 179 1989 19 2366 4967 2696 21 166 21 98586 503 4 47 842 4719 4967 2696 7 7220 543 951 954 4830 3 736 8 817 2696 4 80 27 71 15564 3 508 522 5
17 4209 951 954 23997 3 736 8 817 1264 10 1641 8 3449 553 5
75 43 45394 10 3 267 7 2422 1157 553 5
145 16 9 825 665 7 223508 12283 3462 5
35 911 33 19 46302 951 954 276 10113 7 4660 569 4 19918 8 7840 5
50483 2696 4830 3 736 8 817 2696 10 3 267 7 552 74059 98586 503 5
50483 2696 4830 3 736 8 817 2696 10 3 267 7 552 74059 2696 5
527 4 3 522 7 951 954 19 552 5210 1170 31 9 312 523 47 31 2209 10 20498 708 5
1210 6 46 1870 4 951 954 1657 1432 552 5210 2696 14 70 2752 1989 5
79 48 2794 665 16 13 951 954 3455 1432 4967 552 5210 2696 72 3 736 8 817 10 70 745 5
98586 500 842 3 4967 552 5210 2696 7 951 954 4830 3 736 8 817 552 5210 2696 5
145 1233 11080 3 8474 7 3 4209 951 954 10 70 200 912 289 1641 49 1157 553 5
20498 708 5
209401 2696 7 552 5210 1506 5
48336 2636 323 8913 35 202 33 2636 323 2567 35 202 33 50483 552 5210 462 35 202 33 25343 33926 42928 64283 28107 43770 56803 31852 28442 80442 86195 25343 33236 34621 113488 49430 64283 27063 28107 100807 90153 28107 85250 32362 9897 63105 61771 11292 7 1432 552 5210 2696 503 183 183 50483 552 5210 2696 4830 3 736 8 817 552 5210 2696 98586 500 5
50483 552 5210 2696 4830 3 736 8 817 552 5210 2696 5
1210 6 129 522 4 742 129 7220 1506 86 34 3855 951 954 30212 3 736 8 817 10 1157 553 4 23 16 9 5796 5533 65 552 5210 1415 16 3677 5
81 83 1299 4 20631 3 798 2696 7 7220 543 951 954 10 1157 553 4 43 71 3207 48 2696 147 1513 7 552 10 70 200 912 5
81 46 1381 4 4624 5979 35 7220 33 5533 29 45 3677 6 5998 3855 2911 951 954 15 1570 1989 5
79 7220 1506 29 45 1589 2016 3 552 3238 10 9435 2106 421 363 8 3 1102 7 4660 470 4 7840 8 19918 15 4660 2696 5
8061 1396 2106 2981 16 59 2262 6 108 5300 4 150 736 4 1005 8 93 774 5
273 552 13999 7 129 1506 4 552 5210 2696 31 220 6 8612 5188 7 3 4209 951 954 5
2018 117 552 5210 1170 47 42 217 10 3 6854 4 15327 28506 5514 29 45 3467 10 129 1506 106 7 50 287 7417 8 48 8958 10 552 14555 5
1563 2262 7220 2520 189 552 5210 8 74059 2520 4 31 6227 14 5408 1826 291 2888 15 2478 2904 1981 35 65777 33 5
81 552 74059 7220 1506 4 825 6 522 7 223508 12283 3462 5
35 911 33 4 129 951 954 22308 3 736 8 817 1264 10 1641 8 3449 553 8 43 42 34 9992 10 2422 1157 553 5
81 552 5210 7220 1506 4 3 4209 951 954 22308 3 736 8 817 1264 10 70 200 912 289 1157 49 1641 553 5
12502 129 7220 1506 6338 6 3855 5796 951 954 14 70 706 4 289 552 1147 49 552 32479 5