349 9 3019 7 17130 2453 21074 10 911 4 495 8 229 1938 71 1088 32 2634 3246 284 5
145 162 7301 15 1683 396 1470 13 31 48 572 6 972 106 1144 477 229 628 31 34 1122 558 5
17 3316 7 46 1381 16 6 8850 9 20260 1506 14 31370 3246 38514 6 192 1470 4 538 1024 229 317 5
17 1273 1506 5708 9 17229 6824 7 3983 3290 11856 3956 35 33 3246 38514 5
66 16 530 13 87 31 544 65 396 1470 383 26 8106 106 23 16 841 6 4498 229 628 109 3244 10 1530 192 10349 383 5943 3 57213 10 1842 916 5
73365 17592 16 9 259297 650 114 290 7 91 16 3192 24 4 3995 4 57 4 67 8 179 511151 7732 32542 2642 19 119 71966 31660 5
17 1273 1506 16 9 206 2104 14 12752 396 1470 19 1024 229 317 44 34 97 53 3 601 21660 8 4088 3 1175 7 7732 32542 2642 7 2854 8 43886 90 5158 49 90 2000 49 42821 7 1851 5
16459 10900 7 1470 29 45 1553 4400 24 495 8 1296 121 411 8256 35 22233 4 6973 33 5
20940 13320 8 20940 35 359 33 21660 13 495 49 711 244 10 2651 3609 16 6325 1918 35 4114 33 143 6879 24068 23 16 22 3 14495 109 35 25547 33 50 1175 4 3703 6928 8 3961 10 2172 780 25 50 11065 884 109 35 31883 33 50 909 6 455 553 8 35 40378 33 50 229 2168 8 3752 326 65 1861 19 30075 780 545446 5
17 4102 7 4768 13300 29 343 177 4279 54 17130 2453 35 911 33 106 3 118 17130 21074 35 17130 1142 15 6729 26082 4 911 33 1252 3 2177 14 495 8 229 1938 6 7673 9 1506 14 31370 3246 38514 6 40 834 5
273 46 1033 117 11245 8 7112 4538 27 45 220 14 11249 4768 13300 8 292 229 3800 7 34592 38514 31 424 21 22015 7 9 785 13307 2106 1175 6 6426 820 4 1745 24 9 510 7645 22 3 1882 7 3 4574 5
16436 4 9 510 3246 3066 9 4574 49 3469 3 13300 7 3 1441 110 488 6 331 119 9 1447 5
527 4 10 308 85 4 510 3233 27 59 45 220 6 8743 833 6609 4 2258 3004 12717 4 8 3434 3 1058 7 9 4756 49 14541 5943 5
79 1024 510 3246 6154 9 272 552 7 23528 15 9 1447 4 8 3847 2697 6 272 518 489 4 49 3 6543 7 9 1447 24 3 22512 5
3260 8 4239 2106 4 7907 2106 8 12812 34592 31 3 603 3246 1656 44 19 3 118 21074 70 229 1938 71 1088 9 284 14 31370 3233 5
81 46 542 38514 220 27 45 16277 25 3983 3290 97284 35 33 341 13 4939 583 3597 4 25 35 3 282 773 33 6 2482 35 4768 1470 33 5
7977 4 3 565 7 9409 3246 3247 49 4768 13300 16 177 408 6 3 23394 2042 10 3 1506 5
3763 334 3246 1656 5548 773 7 1470 15 9 1084 7 57213 1819 4 200 317 35 79022 5
432 871 33 44 59 7881 628 35 292 983 7 1541 49 2083 49 2582 33 5
7448 4 3 565 10 46 542 16 34 2419 3394 106 3 492 1861 16 6 1088 9 1506 488 6 2258 3246 1846 7 1470 19 12077 57213 628 5
3763 3246 11573 7 3983 3290 97284 8 153 59 13 30812 10 46 5114 16 226 2911 106 23 340 34 1823 25 897 49 9147 317 52 711 5
17 74 2062 15 229 10900 1506 14 419 42 115 24 25709 35 10031 33 8 22233 35 6973 33 13 27 220 2376 8 57 5
17 73 162 29 45 4721 10 49209 2376 24 22233 4 67017 4 8 83313 35 7780 33 13 27 2042 3592 29132 10 3 767 2376 5
81 3 508 85 117 1296 220 523 2520 21 67929 56018 44 59 628 2376 35 20505 33 4 14 7678 1606 13300 7 419 35 4 128740 4 323 4 911 109 56289 323 7914 4 911 109 1319 4 7780 33 5
766 192 42211 231 11245 41154 2100 25 3 9513 7 234675 29311 14 1216 23394 5
208 46 19379 16 5617 192 4309 86 26 21297 21652 14 31276 5907 35 323 4 2773 109 18150 4 7744 4 18409 4 7744 4 323 12825 4 911 33 5
7337 4242 4538 8 7112 1443 31 206 3648 14 1913 61 3 785 8 964 317 25 528 628 2757 35 14879 4 4 7744 4 323 24087 4 280 33 5
3763 117 4888 6217 13 421 3472 17592 49 7732 32542 2642 3030 333 58 3 2376 49 523577 56018 10 7678 2328 715 35 395821 323 11163 4 2773 109 4693 19184 4 4 323 50315 4 744 33 5
79 169 3154 7 2062 7301 15 5373 48737 13 539 11414 7 523 2520 5
81 46 2586 16 3 162 7 55642 4 16530 4 8 2552 35 1515 33 13 10556 9 5354 197 1217 8 9 32542 992 14 11249 1606 7 1470 543 15 271 229 773 628 5
980 308 542 16 115 24 110086 8 50006 35 744 33 13 4556 3 95 226 195924 8960 5018 14 2328 10900 5
17 660 2627 25 192 2062 16 13 5373 41154 31 3 282 6803 106 11245 41154 4 21 523577 4 4 4 2376 4 31 177 1783 10 13896 58042 23394 109 8417 7112 2520 31 3 282 10 1691 5200 35 1604 4 10583 4 323 47929 4 3495 109 14879 323 113326 4 1278 33 5
1516 42211 231 5373 7112 2520 14 13896 9796 23394 8 11249 4768 715 21 22190 67818 4 198770 4434 49 270 60401 4081 35 36132 4 14458 4 1604 4 323 252200 4 1515 109 18150 4 7744 4 323 6794 4 359 109 14879 12283 32330 4 280 33 5
17 216 14048 8 522 27 45 170 15 510 2620 857 5
3763 6651 13014 19372 954 35 3246 49 510 2620 2520 33 543 15 628 7 7825 5
22510 41154 31 3 104 3184 10 3 6854 4 10 1654 3 41154 10503 11245 8 7112 4538 53 67818 8 32542 992 35 38870 4 744 33 4 7732 32542 2642 8 234675 33855 56018 35 1604 323 7744 4 744 33 4 2376 8 32542 992 35 1604 4 75656 4 20986 4 323 7744 4 1422 33 4 4624 31660 8 32542 992 35 7744 323 18150 4 1095 33 5
17 601 2209 10 46 1381 2527 9 2665 5533 4 13 16 3 511151 7732 32542 992 19 119 71966 31660 5
66 36 240 3 1175 7 46 1506 6 4764 18180 7 9 711 8 6 24457 510 3233 5
349 3 66413 487 4 32 31660 14 17444 32 19547 8515 13 19756 206 1470 25 788 1603 16 12859 5
7219 4 9 259297 32542 992 6684 14 3 3246 20260 16 2921 5
81 46 542 108 5269 31 1109 5
17 74 67 27 9 46333 6398 8 3 296 57 2464 32 2673 7 1506 6 3246 3490 565 5
17 11123 867 18 1619 25 3 660 13 10 1530 3 1045 7 1470 27 29406 49 396 1646 8 1591 112 34 1871 91 6 1379 1681 63962 5
66 626 177 841 6 5548 192 1470 25 3 97 317 3883 10 192 1024 1735 8 59 334 1956 291 4 21 3983 3290 97284 35 33 4 42 34 488 6 972 9 515 7 91 5
7099 16676 3 292 8 229 983 7 34855 1470 7623 46986 4015 44 3 628 1292 71 477 1657 16826 2233 7 1851 49 2325 14048 5
349 9 3019 7 192 2932 10 3 74 2209 1506 80 1588 3 7732 32542 992 18550 10 11249 4768 13300 7 1470 8 50 19372 326 10 3 983 7 2325 302090 7 57213 628 5
79 169 48 1812 6684 36 26 1595 14 7556 13 23 16 537 6 24457 3246 38514 59 19 12077 628 5
3763 736 25 3983 3290 97284 3246 38514 44 14 3 996 3915 1033 34 70 1470 27 40 3246 3247 5
79 296 665 842 9 1506 48213 1148 14 3096 8599 100 3455 25 3 767 6684 5
238 2921 10 3 767 2124 1683 1591 112 34 1871 13 70 1470 23096 3297 63962 5
145 5473 15 3 2129 7 1757 8 153 4 6622 4 15 3 1646 7 1470 5
34592 1656 8 315034 8923 141 27 34 302090 7 628 525 7 63962 14 11367 229 8 292 3800 7 1470 5
5536 29 45 3 1351 7 129 1683 628 8 232 6 3 4862 2376 7 8 232 6 3 30771 5018 7 4 10 3 1506 97 57213 1819 31 220 4 95 13 3 11573 14 290 711 16 9 2911 3246 5
1532 1506 53 25017 7 992 17 74 1092 7 3 2376 18 6 7673 9 1506 14 11249 4768 13300 7 1470 1204 25 9 5536 7 732 8 282 773 1470 5
17 17592 3112 16 9 511151 7732 32542 992 19 119 71966 31660 21 773 4859 5
622 7732 32542 992 35 49894 33 16 9 992 115 55 7 307 1906 17253 4 2367 49 23791 4 290 57 2285 441 9 325 2900 5
17 2367 31 3797 24 259362 4440 4875 4 5595 4 47 1626 70256 4 21 2400 6 8524 4 628 5
17 2367 3270 97 15 40 325 628 8 15 3 29132 43 1271 2151 3 5595 5
79 32542 992 16 9 5447 2354 4 883 32 31660 49 2755 6728 4 446 1746 18 3581 24 3 1746 8 9842 7 2578 9026 8 5937 23529 5
1203 32542 2642 27 90 1835 7 928 1396 15121 4 3 17509 7 5595 31 5210 15 3 1625 7 2209 5897 5
81 83 1299 4 32542 2642 1849 25 6200 4 100 105 212 37 4 14 946 4 1849 6 6468 7819 25 6200 7 7819 4 8 7902 90 8466 7453 14 110873 5
244271 31 477 9383 103860 3905 17253 4 49 43 71 26 1906 8515 5
1471 2419 7 439493 4 47 34152 91 25 83 8116 2438 4 16 9 272 2463 7 71861 4 47 2228 9 272 2463 7 227620 5
10526 4 87 16 93 13848 2900 4623 628 8 1190 4 44 623 290 61279 16 96611 8 14448 2374 5
17 6684 7 32 7732 32542 992 16 3380 21 9 182 7 30864 1353 297 91 137 3151 5
81 3 537731 35 106153 33 992 3 23791 31 5419 10 10746 4 21 1595 10 98586 249 5
4018 850 32542 992 98586 249 5
4018 850 32542 992 5
27372 2048 13 32 7732 992 19 9 97 57 4438 9419 16 3 282 2981 14 1538 19372 565 35 19322 4 4 323 34596 4 5282 109 253609 4 362377 4 323 546 4 4540 109 253609 4 4164 109 27485 323 1604 4 744 109 395821 323 11163 4 2773 33 5
17 511151 5595 240 13 3 317 8457 10 3 2586 25 3 9796 9419 6 3 3354 57 4 44 23 16 537 6 1088 523 48737 21 3 30037 2642 13 1708 523 2662 297 30864 5
17 9796 9419 29 9 221 7 23791 3628 6 3 23394 18460 4 153 3 9796 40056 6219 16 617 24 4114 10255 8 9424 11107 35 51452 33 5
81 46 542 4114 2464 57213 11335 8 9424 31 1470 5
17 19547 221 7 4438 30864 383 26 170 94425 35 2552 4 1095 109 27485 323 1604 4 744 33 44 117 1296 27 1595 13 87 16 9 7488 148 3 4438 38105 221 8 3 9796 57 5
4 5707 4 8 38966 35 4164 33 4 50487 4 428370 4 8 395603 35 2773 33 99144 4 20940 4 8 29222 35 280 33 2048 6 231 3 6363 35 1635 249 33 114 4114 3082 249 4 4 38 2464 3 221 7 1109 23394 8 46 16 3 5018 3112 10 3 1379 542 5
4 228187 4 8 78753 35 3824 33 8 395821 8 11163 35 2773 33 8850 3 5084 13 16 48 4149 10 89 8116 677 6 13 998 24 99144 12283 3462 5
35 280 33 5
17 3354 9419 16 3192 24 3 216 221 7 23791 21 3 4411 1272 6 3 1506 35 11856 10255 8 9424 11107 33 5
81 46 1381 4 97 57 61279 16 3 2104 3322 4 153 11856 3082 249 8 9424 16 3 221 7 1470 35 33 5
46156 7796 10746 3001 2205 17509 35 3 7207 64156 33 13 31 3648 6625 954 52 29132 5
145 317 16 40916 3380 24 17509 53 25 9796 6 4438 9419 8 25 4438 6 3354 57 5
273 8116 3 2059 390847 4 13 31 3 9973 7 5300 148 4831 10746 4 31 2118 24 17315 8586 35 226 2589 7410 33 5
17 2589 49 30110 4859 4 35 17563 33 4 25 3 4438 9419 6 3 3354 57 16790 15 3 1625 7 9 1109 565 5
145 4859 15103 3 3354 7 9 61279 10 970 7 3 17458 325 857 5
81 46 267 4 80 231 9 4859 5
17 2589 4859 25 3 9796 9419 6 3 4438 57 16 5
17 97 5702 7 3 30110 4859 16 6 8922 3 955 5
64604 8 55853 105487 7410 31 14448 103860 30110 7410 5
81 46 542 3 30110 4859 148 3 9796 8 3 4438 9419 16 3 55853 105487 4859 53 114 18365 35 14937 33 1356 4 249 1362 8 14937 35 4 33 5
11649 4859 4 149091 4859 4 16 220 25 3 4438 6 3 3354 9419 14 441 9 1846 848 148 6494 8 249 4 3244 53 114 18365 35 14937 33 1356 1362 8 14937 35 4 33 5
145 2228 6 4498 9 13300 14 290 5606 35 711 33 15 9 1084 7 23394 2042 8 18460 24 992 23791 5
98586 341 2464 143 992 1131 5
17 2007 100402 16 74830 76 67 600 53 3 928 197 35 51452 33 8 3 25017 57 35 114 18398 3082 249 4 4 8913 33 5
17379 3 169 57 16 9 312 176 7 3 74 57 4 1618 52 183 202 5
133951 992 1002 1429 53 10 9 74 4141 3 1506 18460 3 3898 297 3 628 106 9796 23394 35 51452 33 44 59 55906 35 2329 4 33 31 2042 10 3 1506 5
17 992 19601 8 15974 46 317 76 3 2059 390847 35 8 33 5
355 3 992 16 166 3559 6 4517 29132 15 9 1084 7 32 3768 1415 4 3 317 3205 16 3677 10 3 169 4141 15 29132 7 3 25017 197 35 33 5
17 689 8 4867 1884 148 192 67 16200 16 13 10 3 74 57 3 4000 23394 31 3 2059 390847 4 8417 10 3 169 4141 3 55906 31 3 521 230 665 5
81 46 542 4 154 3 928 4141 7 3 1506 31 2042 3 1470 19 40 23394 35 51452 33 8 59 3 2267 164 35 33 53 3 992 19601 8 65 3 3768 16 1144 312 4 3 216 6684 8 2059 390847 31 3677 6 3 25017 197 35 33 14 9409 3 2267 164 7 192 1470 5
17 38020 4723 6 8612 3 8958 7 3 1506 16 3 2156 7 4007 52950 35 395821 4 4164 109 395821 323 11163 4 2773 33 5
49894 650 53 3 928 8 3 25017 4141 98586 341 5
49894 650 53 3 928 8 3 25017 4141 5
17 2156 3768 16 617 9901 3 221 7 5464 115 24 3 992 6 3 221 7 3893 6 30174 5
17 119 71966 31660 1131 15 5464 4209 25 3 992 10 970 7 34130 55906 35 33 215 523 25 3 230 1603 35 33 5
17 3768 3905 22 3 3354 7 3 11856 61279 22 3 15441 43241 35 79022 5
5287 7 3 114580 928 946 33 16 4939 24 53 106536 11856 16 3 3354 38105 8 3 44676 871 7 3 3768 536 14 61279 11856 16 4939 21 53 186492 4 3 44676 871 35 15441 33 7 3 676 3768 536 16 3455 24 42642 3 767 14392 15 70 23791 10 3 3354 9419 53 192 31 3 97 5185 23791 14 47 3768 5300 71 26 7154 1752 5
17 508 142 26 1465 53 114 197 3298 1038 70 3 23791 10 3 3354 9419 7 3 992 5
145 31660 2228 6 12042 3 6474 3768 189 10 928 8 25017 4141 5
273 3096 3 992 83538 326 10 46 542 3 175314 3013 16 220 5
145 31660 7212 3 2059 8 9124 2770 232 6 27708 5
66 53300 9 3109 7 26327 5464 8 17509 4 8 153 18020 3 4007 3109 95 21 6 1657 9 992 13 337892 166 35 32559 4 3824 33 5
81 1243 4 9 1153 26327 3768 19 375055 773 4859 35 33 29 45 6227 10 3 1506 5
81 46 152 992 773 16 5559 21 3 2059 5806 7 67 2193 53 3 1153 26327 3768 8 3 1153 26327 2059 8 9124 2770 53 114 16 3 773 1291 5
332 3 194 7 46 1812 650 4 3 2921 4462 2228 6 4498 55906 10472 14 290 711 50 13300 7 4768 5
3763 3 4859 220 25 3 4438 9419 6 3 3354 57 16 9 13 29 11824 148 6494 35 3 711 29 282 3800 4 50 4768 13300 16 3628 6 6494 202 33 8 249 35 3 711 16 732 4 50 4768 13300 16 577 202 33 5
17 3800 7 3 992 31 177 206 8 80 71 581 9 4716 15 1683 5536 7 1470 5
1760 4727 628 27 45 16277 25 3 247221 5536 8 43 7253 6 1683 173 8923 732 10 274 5
17 1109 1819 1294 6 502 106 23 16 1622 6 1877 3 8104 537 3 4768 715 8 106 25 3 16676 7 8 11856 3 89 566 1622 14 11367 9109 3 2328 16 67 85 5
25421 13 10 46 1381 732 1470 31 138 8106 24 3 301 5
26825 10 2328 3803 31 34 1109 10 46 542 5
37354 220 6 960 3 1175 7 992 6 30174 1470 76 2267 8 732 29 45 16277 24 247221 8 23 16 3192 24 29406 8 396 1683 1470 7 2484 386 5
17 2007 5907 18 617 24 67193 291 446 292 229 827 10 274 80 259 5
349 9 3019 7 5840 7 11856 1474 502 57213 23394 27 45 16277 5
17 565 7 117 1131 16 13 3297 23394 31 1272 14 110 488 6 1877 711 773 5
17 2362 7 7732 32542 2642 16 13 43 71 1849 3 3898 297 628 25 32 2007 100402 35 928 4141 33 8 54 4 3 3564 954 31 3677 6 9 25017 5907 5
145 42045 2228 6 24457 522 4 59 1204 25 523 317 3136 3 2007 1603 5
17 2376 7 2059 177751 1148 154 3 928 7 992 2228 6 61477 3 16301 7 1109 2000 5
1949 92 3 733 7 46 162 16 34 3 2419 3394 4 106 1470 4400 27 1024 57213 628 4 23 16 1622 6 5306 46 492 5
27372 4400 1553 3 565 7 2419 3394 106 65 9 1506 16 1088 4 50 773 16 477 2118 24 29132 2042 5
5753 1273 117 4309 14 6098 1506 23394 53 1204 25 13911 41154 4 21 3 35 18150 12283 32330 4 911 109 14879 323 113326 4 1278 33 14 6005 3 2376 7 565 6 48 1812 2520 21 2164 41154 7 9207 58540 33484 8 18365 1846 49 4624 27964 35 18150 12283 32330 4 359 109 20940 323 4 274 109 18150 4 280 33 5
7219 4 7732 32542 2642 27 3 2794 1653 13 233 9575 1871 13 51452 6517 35 4 33 4 21 1016 1272 24 190907 2520 44 215 117 317 86 26 12689 8 132 841 6 3030 1506 5
7448 4 9 12911 13 1363 16 2112 11826 71 581 9 964 773 3070 65 351 19 461 35 323 4 1095 33 5
273 192 14048 12911 3394 16 9 177 6778 5890 14 1691 206 522 5
17 6684 7 9 1506 71 26 2170 44 92 23394 31 18559 23 86 26 177 841 6 27 4149 8599 5
81 46 542 23394 6 4556 10 3 1506 31 14644 103 44 23 86 26 2794 8993 3 16301 7 290 12911 6 3 4768 565 5
81 46 1065 117 1296 35 99144 12283 32330 4 280 109 18150 12283 32330 4 911 4 359 109 60625 323 410759 4 2804 109 50487 12283 32330 4 2773 33 1919 3 92954 1291 35 92954 4 3952 33 21 9 4462 488 6 3001 3 3238 7 290 2419 2042 10 3 1506 5
3062 4114 9796 23394 35 114 4114 3082 249 4 4 38 33 4 72539 4438 30864 35 114 72539 3082 249 4 4 4520 33 8 11856 3354 23791 35 114 11856 3082 249 4 4 9273 33 4 177751 31 1130 19 455 3133 8 40 3893 19 29272 1603 4 92954 1291 16 9 60401 115 24 53 114 16 3 2059 40056 148 9796 8 4438 9419 8 16 3 2059 40056 148 4438 8 3354 57 5
17 11335 220 31 97 583 4 1148 1204 15 177 1906 57213 317 53 206974 463 25 2083 35 226 16455 455 33 4 31839 1124 4 5640 498 1124 4 11730 4 5640 5200 14 1643 8 627 4 5640 115723 4 19241 7 797 4 24481 7 797 8 1743 2108 5
81 20498 249 57213 23394 8 9 814 10028 7 5536 74830 15 9 1084 7 2267 164 7 1470 16 617 5
20498 249 5
40373 6652 14 3 4768 13300 1506 5907 1646 8 1153 2770 7 9796 23394 5
15791 7 1470 40373 1646 5640 115723 15 9192 5640 115723 15 871 7 797 17624 15 348 35 225915 33 17624 15 3273 35 162228 33 36322 15 676 115723 31839 1124 15 871 7 797 1743 2108 15 36322 31839 1124 15 1775 17951 36922 258426 458810 487465 268886 473038 50372 14747 278351 272777 302452 5640 67193 342153 129962 98586 459 842 3 2156 2059 7 290 23394 10 11249 3 4768 13300 5
17 665 16 34 4179 106 3 5514 148 5640 115723 8 95188 2464 9 1415 7 229 9295 7 9 711 25 6404 6651 5
1655 3 2376 7 4015 35 20498 249 33 2267 291 31 287 6325 58 3 732 1603 4 13 16 13 43 31 287 13534 8 19 287 2108 6 747 5
92954 11335 14 4768 13300 1506 98586 459 5
92954 11335 14 4768 13300 1506 5
17 5907 14 928 3 992 18 3192 24 72841 1470 4 8417 3 25017 197 18 7 3313 3893 5
17 522 15 25017 5907 31 1595 10 98586 503 114 2412 2013 35 33 31 3 55906 7 992 4 13 16 46025 7 4768 4 8 1426 2288 35 1635 33 3001 3 4007 19372 7 9 711 35 2329 33 5
64065 1426 1583 2399 7511 148 34130 55906 8 230 1603 5
4018 850 32542 992 522 15 4768 13300 98586 503 5
4018 850 32542 992 522 15 4768 13300 5
17 16301 7 46 1506 340 34 97 240 206 1175 7 992 6 30174 3893 44 9 84 17462 16 617 24 3 1461 20045 517 10 3 1233 5
3763 46 2464 9 8515 226932 1470 76 2267 35 992 3354 11102 8515 33 8 732 35 992 3354 6117 8515 33 5
966 4888 2203 5853 21 3 31568 871 35 395821 323 11163 4 2773 109 18150 12283 32330 4 359 33 7 9 1506 26884 825 565 44 10 46 1381 3 19547 871 7 8515 16 34 4939 24 3 4650 44 23 16 7154 10 3 928 4141 95 13 4149 3 522 5
3062 2106 9 60401 7 34082 114 1356 6494 4 249 1362 19 9 1092 7 69246 4 18013 9 60401 7 992 55906 35 114 9424 3082 249 4 4 6517 33 8 99460 9 60401 7 2329 4 23 16 537 6 7673 9 60401 21 53 81 46 4230 14 290 8515 871 9 60401 7 92443 992 55906 29 45 43420 6 6786 19 2329 5
332 3 194 7 3 650 80 36 4498 3 221 7 4007 19372 7 9424 3893 14 290 139815 332 46 397 3 31660 110458 3 19547 8515 21 3 1153 7 31568 2770 19 3 2654 221 7 488124 5
145 5018 7 8515 3394 1141 76 1250 3 1646 7 6474 5464 35 18013 115998 99460 33 115 24 992 106 3 8515 16 677 1752 19 3 34130 3354 7 992 34 92443 483 5
25421 13 463 6 3 644 13 3 8515 16 3601 6 503 25752 80 36 4498 9 8515 1415 13 16 32 60029 7 3 19547 31568 871 5
332 3 194 3 2156 3768 35 5132 33 16 53 9073 5
3668 1506 53 3246 20260 435 52955 3 511151 7732 32542 992 19 119 71966 31660 8 441 43420 9 4149 31660 14 48975 1470 76 2267 8 732 1603 4 46 542 842 21 3 767 2870 992 71 26 220 14 46254 3246 2770 7 1470 5
17 5536 220 16 16277 24 247221 14 3 64 274 8 14 290 711 11856 1474 19 3983 3290 97284 27 1252 3 3246 38514 5
273 3 2543 14048 3246 38514 31 34 558 14 70 1470 8 80 8850 9 1506 488 6 24457 91 8 6 17723 1268 2770 10 3 5536 5
19017 31 38514 4939 24 17178 1656 13 26884 292 8 229 1263 7 1470 492 9 1846 3364 3 292 927 7 291 5
17 3246 38514 31 1867 21 1846 4 137 32 22904 5
81 1654 4 14 11856 1474 3 282 773 3246 1427 16 3 282 773 8 3 1207 5
59605 1470 31 6234 6 2482 1427 8417 3 1470 19 23449 292 229 773 31 7 4 4 4 8 5
17 6684 7 3 1506 1273 10 46 601 16 9 108 10746 2981 53 10 290 2981 22 248 57 32542 992 1002 5
81 3 98586 500 87 16 9 1488 7 3 259297 1506 5
108 9419 6684 14 46254 3246 14753 98586 500 5
108 9419 6684 14 46254 3246 14753 5
238 1595 10 46 1233 4 10 3 74 9419 3 928 5907 16 74830 76 67 600 53 6494 14 4 4 4 1470 8 249 14 4 4 4 2482 291 5
2196 57 32542 992 1002 4 488 6 30174 1470 10 4007 182 5
81 3 169 9419 4 67 7732 32542 2642 336 5
17 74 57 600 8 21 6494 8 8 21 249 109 3 169 992 29408 8 1470 21 6494 8 8 2482 21 249 5
332 3 194 4 10 3 296 9419 4 503 32542 2642 336 5
3194 1506 453694 1470 76 67 600 35 6494 32 249 33 8 290 711 36 26 6401 10 50 4007 1427 7 3246 5
17 1273 1506 17220 3 2763 7 7732 32542 992 8 53300 3 785 3768 13 144 19712 538 3 992 19 14510 282327 3354 5
17 522 31 177 4179 106 43 3413 3 1175 7 9 1506 6 24457 9109 3 3246 59 14 1470 19 1024 628 5
17 5536 220 14 2279 3 1506 16 3192 24 70 1683 2484 1470 5
435 7285 628 76 3 1506 9 337482 17592 29 45 3322 5
84181 23394 31 3 216 1109 10 3 767 1506 5
17 1959 7 711 3394 31 3 508 108 53 35 249 33 273 290 9424 25947 711 3 12715 7 11335 35 523106 33 2042 10 3 1506 29 45 7154 53 35 341 33 17 1153 8 3 48517 7 19772 27 45 43420 109 35 459 33 766 1470 19 9 12715 871 568 58 3 1153 7 19772 2288 480 3 48517 31 18864 25 3 5536 5
7448 46 4644 29 45 336 34 15 3 1081 5536 44 54 9 67818 15 9 1084 7 711 1646 8 3246 11573 5
81 46 4230 1470 27 45 74830 76 500 3597 7 8 976 192 600 43 31 74830 76 3 704 3246 3597 5
145 770 13 3 4644 14 50654 85651 29 45 336 716 400 5
81 46 4230 3 19872 31 18864 427 76 1250 189 3 1646 1102 8 3 292 229 773 6681 8 3 85651 31 1074 25 3 5536 5
81 98586 256509 87 16 3 3331 7 3 19772 14 3 182 7 334 1470 19 19872 10 1426 8393 5
81 98586 345648 3 449563 7 19772 4 3 1153 35 1426 14042 517 33 8 3 8200 35 4314 14042 517 33 31 1595 5
1747 14042 1583 10 98586 345648 3001 3 1153 7 12715 2288 3995 480 8 1429 3 48517 5
35 9 33 53517 7 19772 8 19872 35 8862 33 449563 7 19772 4 1153 8 48517 1356 1765 98586 708 5
35 9 33 53517 7 19772 8 19872 35 8862 33 449563 7 19772 4 1153 8 48517 1356 1765 1470 1362 5
435 3 711 3394 650 8 3 11037 7 1470 19 1268 871 10 1622 23394 4 3 928 5536 16 3192 24 2367 5
273 3096 522 4 108 2520 31 2828 4 15 9 1084 7 1646 7 711 35 17598 4 6784 8 1516 33 5
20498 341 2464 4015 15 3 928 5907 8 25017 57 4 2016 13 3893 7 25017 31 34 1198 24 337482 4141 5
20498 341 5
311520 4015 15 928 8 25017 2757 5
34592 3597 12266 106449 36349 36349 17598 6784 1516 5640 17598 6784 1516 5640 2482 57774 27622 7199 69881 4554 700 704 7296 90478 21644 2723 101055 1614 800 459 577 288731 56232 19836 394489 37274 8708 409 47535 216226 74040 187764 41161 7183 4441 32655 395367 368929 277024 43587 16305 20774 97771 166060 265669 139523 389400 22651 11810 21754 71309 471291 218878 428063 32588 18002 29901 83063 114047 43305 64273 42057 4728 1614 1054 15098 5640 51046 113615 28751 76647 457562 273 46254 3246 7 2209 1470 3 511151 7732 32542 992 19 119 71966 2870 10 3 767 2124 29 45 2042 10 3 1273 259297 1506 150 3 8515 1046 31660 10 928 4141 5
145 6684 144 12042 3 221 7 334 5464 35 48 58 57 1427 33 13 86 26 177 11283 14 292 229 8557 7 1470 5
57 1427 5464 31 1109 287 1103 106 3 1884 10 14753 148 30026 3597 31 34 177 334 5
79 222922 29 45 115 15 3 1081 5536 4 34 74830 15 9 1084 7 1646 8 3 522 42 206 92 67 49 48 1427 5464 31 1109 35 47925 202 33 44 548829 5464 4 59 92 287 812 4 31 117 149 35 402359 202 33 5
7448 184 960 29 45 115 15 3 216 628 5
226932 3 628 15 9 1084 7 108 1646 35 17598 4 6784 8 1516 33 4 14 290 61638 1427 9 2190 1506 1436 4 1691 48 20090 522 4 2209 10 194896 5
5
81 192 915 34130 55906 35 226 3673 55906 33 31 13075 19 760 205555 2013 35 33 8417 1426 2842 35 9450 33 31 230 522 35 226 55906 33 5
13270 1583 3001 3 5464 115 24 2520 5
108 9419 7732 32542 992 14 29406 1470 98586 700 5
108 9419 7732 32542 992 14 29406 1470 5
108 9419 7732 32542 992 14 396 1470 98586 704 5
108 9419 7732 32542 992 14 396 1470 5
108 9419 7732 32542 992 14 83 1470 98586 782 5
108 9419 7732 32542 992 14 83 1470 5
17598 1470 35 98586 700 33 31 3 612 8 73929 182 8 14 46 1033 3 221 7 5464 16 334 44 4 3 1506 340 34 4264 67 49 48 1427 3366 35 6494 202 33 4 8417 64907 31 1470 34 9109 6401 35 1227 202 33 5
17 169 182 7 1470 31 6784 20683 5
145 5907 16 189 287 3184 8 287 73929 58 13 7 17598 2367 8 3 1102 15 3 992 773 16 13 3 221 7 548829 5464 36058 6 49256 202 35 1403 14510 4007 19372 4 98586 704 33 8417 67 49 48 1427 5464 31 535 6494 5
17 73 5907 16 3192 24 1470 7 14510 29406 8 72795 1646 35 95 13 1516 33 5
145 16 3 8855 182 7 3893 8 3 522 31 177 206 21 98586 782 842 35 947 548829 3768 4 64080 202 8 6494 67 49 48 1427 4390 33 5
17 522 80 3455 3413 13 7732 32542 2642 31 177 206 3648 10 83538 8 19372 5
931 2436 10777 852 6 231 32542 992 14 12538 565 10 117 523 3547 5
145 1381 12966 3 166 424 17592 7 7732 32542 2642 3677 6 229 565 7 4768 7 1470 8 3246 38514 5
81 1654 4 83538 955 16 12631 95 13 6 581 206 2104 6 229 565 5
17 542 64538 6 292 6854 8669 9 74 4462 488 6 1877 3 4768 715 67 85 103 3 2328 5
145 1506 16 220 14 52955 3 1175 7 992 10 83538 8 10 11249 5
7219 4 9 8515 1046 31660 14 48572 5464 7 992 29 45 1148 5
79 169 1506 4 3 259297 32542 992 6684 4 2527 3 767 2870 1506 14 46254 3246 38514 7 1470 19 12077 628 8 4017 1268 2770 13 477 5340 9 1197 6 7444 7 16676 5
145 565 16 5005 10 1530 106 1470 31 29406 49 396 20683 8 23 16 841 6 542 91 5
17 522 31 177 206 14 189 3 2520 2209 5
1655 192 667 11676 3 2177 6 8850 3 4462 6 495 4 21 2634 3246 284 4 49 6 29406 8 396 1470 14 441 9 767 8557 103 1855 14 9 1447 5
7448 4 23 16 1622 6 3030 333 3 522 106 3 960 29 45 115 97 15 2484 1470 5
7219 4 23 86 26 2794 6 231 10753 2376 10 9 767 4141 8 6 196 92 522 31 523 5
249 273 9 5016 19798 7 4538 196 20940 13320 8 20940 35 359 33 5
341 3983 3290 97284 16 9 136 1619 10 3952 5
1738 1247 1079 1038 14431 7 136 317 8 224 1442 14 1570 378 4 3248 8 3 131 5
1738 391 5536 4 139020 4 10556 317 25 180 577 1543 8 4490 6511 2715 99 291 5
459 247221 16 9 5536 10424 24 3983 3290 97284 13 4286 3592 317 15 2888 291 10 1530 4 19 55 6 218 85 7 586 5
44983 317 31 52 6733 1819 508 3 1488 7 3 10303 12905 68665 4 46025 7 4768 8 3246 9758 4 72 6 581 317 52 7379 221 4 1213 8 774 6652 7 3883 1470 5
503 9273 3956 16 9 9406 711 13 1388 6267 15 53 12619 323 6162 4 540 1775 1900 4 1330 323 532 4 10546 5886 4 10032 1474 1900 4 12964 5
500 17 711 1646 29 45 4939 15 9 1084 7 348 35 2567 33 53 11102 11102 11102 6117