17 3394 6374 565 29 597 9 515 7 1164 25 9838 10 308 85 5
2625 2520 42 1589 10 3 6854 4 10503 10097 884 601 8 7732 1442 4309 8 4538 5
527 4 3 3648 2209 10 3 6854 11296 2854 8 9384 4 121 46 421 363 650 16 3985 21 9 17087 57 623 58 9 1695 7039 650 5
40467 4 1292 7 2168 4 1277 1547 667 31 1029 6200 7 7039 5158 13 27 9 1821 969 15 1739 3898 19 4880 5
145 1381 6274 9 3093 5018 543 15 3 6582 7 1951 45546 8 22190 8783 6 7577 8 8612 4880 5
17 1506 18 1589 6 270 2582 10 7816 3 11414 8 12110 7 290 2155 4 6 4530 3 1994 7 5711 148 11130 6680 4 6 542 3 9512 7 3 3074 7 6645 6 893 10 4919 421 5771 4 8 1435 6 2705 9 4020 593 7 652 5
659 26 1783 4 3 46333 7254 7 3 5018 18 10292 76 32 317 284 13 1038 307 108506 133 21 1605 2614 20260 8 6374 2106 14431 5
79 267 542 10 3 22068 1605 2614 14103 3 7362 7 3 1589 5018 5
23838 4 117 291 31 4393 10 1605 7026 35 28975 33 4 580 14 112011 1543 4 13449 91 76 23449 8 380 729 4 8 10541 192 729 6 1163 5
17 4102 7 1605 2614 35 28975 33 6274 9 11237 1217 10 47 3 28975 16 381 21 837 9299 623 58 9 197 7 19234 5937 5
17 867 16 6 62982 5310 4 1715 8 884 10 9 12048 4230 35 78335 4 280448 4 323 5417 4 1422 33 5
17 1828 1101 15 1605 2614 891 35 44979 33 4 19 5983 10 3898 148 4880 8 2415 4 12435 3 7036 650 6 9 2832 653 5
1210 6 78335 12283 3462 5
35 1422 33 4 3 2120 7 2241 8 416 2464 3 612 837 470 14 120 5909 5
66 16 1221 13 14 290 1228 9 136 13039 15 3 1138 7 9 1247 4 23 7042 52 202 15 2241 8 416 5
980 455 16 702 15 3 2120 7 2241 8 416 6 270 3 224 884 58 15 70 83 1908 1822 2164 5
12502 4 146 1164 107 16 5446 6 6374 3394 5
63193 1322 891 16 9 3592 1739 1217 6 3032 32 5909 2106 16764 19 3 2508 13 1605 3 2241 8 416 23 2527 5
17 733 7 6374 1322 891 35 54911 33 16 6 17060 8 132 3 6589 148 32 5909 8 50 4880 48 1783 5
5839 46 5114 4 6374 3394 16 9 1812 421 363 650 4 110 41748 6905 10 2129 109 13 16 4 307 8 11130 6680 144 26 1109 8 12354 154 3 650 35 14879 4 86391 4 311071 4 323 4 280 33 5
81 1243 4 10 1739 3898 4 6374 3394 1866 31 4093 24 3 644 13 31 34 17087 1866 4 22 3634 4 43 31 5436 1768 24 3 14130 1022 24 200 360 4 2168 49766 4 8 5344 796 5
19310 4 523 6599 27 45 1273 6 8612 4 5339 8 4112 785 4880 24 12752 2489 6680 4 538 41154 8 4538 25 5471 3547 133 21 884 601 4 7732 1442 4 8 421 2376 3695 5
14721 4 23551 4 8 77757 35 590 33 2209 9 6854 1165 7 3 41748 6680 421 363 6599 14 6374 8557 8 3394 5
17 4888 2653 61 13 3 104 7081 6599 6 1506 3 565 31 13563 628 2376 35 20505 33 4 41748 6905 5979 35 129573 33 4 49310 14478 650 35 175941 33 4 267 543 14618 35 125535 33 4 22190 8783 4 4624 27964 35 37566 33 4 8 7732 32542 2642 35 49894 33 5
12090 8 12090 35 911 33 3677 175941 6 8612 8 5339 4880 5
35 274 33 1273 9 84 175941 1506 6 8612 7226 1643 13 9 5002 2106 4197 1315 2442 19 3 10777 7 3 785 6374 250 453 5
120254 8 525828 35 274 33 1273 9 421 4462 14 6374 3394 10 3 1892 7 552 1170 8 1247 247 12104 14048 4 10503 175941 8 733 5979 5
7744 4 14879 4 8 18150 35 502 33 25810 32 4159 1185 7 35 7744 4 1515 33 14 12538 6374 3394 544 10 22190 1566 5
168246 2770 31 220 6 5548 3 3233 8 17509 14 523 6680 4 133 21 1277 4 484 4 6928 8 2280 5
2397 4 1082 4 36277 4 8 117473 35 744 33 1254 9 17315 5979 1506 6 1384 2489 6680 35 11036 4 484 4 11036 8 2280 33 8 6 8612 3 337 10 4880 5615 72 9 566 7 89 5
1210 6 3 4888 4 3 4880 71 34 2384 3 216 912 7 9720 121 3 2280 1215 4 6291 653 8 200 10711 337 5515 5
189596 4 525828 4 8 188629 35 502 33 1273 9 17315 1506 6 12874 3 1247 247 4165 5138 76 2832 3394 7 4880 5
8 218875 35 744 33 25810 2204 543 20260 6 542 3 773 7 9 6374 3394 1506 5
17 4888 220 2210 6 1506 4880 37 1849 6 1657 22 40 19547 1277 926 137 9 144169 284 7 8294 8 20055 9145 24 3 5147 5
36355 35 274 33 1254 9 41748 6680 1506 6 14391 3 6374 3247 5
17 421 2557 383 8468 3 3703 3238 7 290 38020 8 1835 91 232 19 40 3238 5
385874 4 99144 4 91097 4 8 35 280 33 2209 9 6374 3394 1506 114 290 6374 11566 3 678 97 92 3 678 1646 3443 148 3 392 3033 8 3235 2980 5
17 4888 2209 9 191244 2104 8 9345 522 19 9 197 7 14027 4209 628 5
35 280 33 2209 3 21717 7 22190 8783 6 101923 3 421 2557 2106 13885 5
931 13885 31 220 21 29132 76 3 3394 650 114 3394 6680 31 12354 8 4880 3800 31 5559 5
931 8090 31 7679 24 7623 22190 197 3695 5
527 4 392 3 10119 7 3 565 4 307 1296 31 4740 15 3 6582 7 3 996 3039 4538 8 41154 1537 1783 270 3648 5
127768 4 1604 4 8 20936 35 1095 33 1273 9 284 226 27143 63193 46788 2622 5898 35 33 4 538 5373 125535 8 49894 4538 6 5339 8 4482 785 4880 5
9725 4 4 8 1127 87214 35 502 33 2209 9 41748 6905 1506 14 3 6374 3394 565 4 10 47 32 45689 22190 421 363 5533 16 3677 6 4552 3 85239 6 23335 523 17509 6 307 6680 5
4 39476 4 277432 4 4 8 35 274 33 3677 9 825 1506 5
39524 4 1604 4 14721 4 90488 4 8 127768 35 502 33 3677 49894 14 61715 3 785 4880 8 37566 6 2258 3 282 3109 7 4880 5
137602 8 35 274 33 1273 9 6374 8557 5018 47 29152 49894 8 20505 5
4 249749 4 250675 4 8 35 280 33 1589 9 1506 538 49894 6 5339 4880 4 125 9 4624 31660 18 3677 6 3855 17509 8 992 6358 5
1604 35 280 33 12966 9 5018 13 29152 22190 8783 8 175941 4 427 3 508 6680 6 7577 3 6374 2106 773 76 5139 53 1212 35 1277 4 6928 8 2280 33 4 2322 35 6374 2106 718 4 1730 561 8 1322 589 33 4 569 8 1643 35 1605 12453 4 6374 2106 3892 8 12453 33 5
17 1506 6409 192 179 6680 8255 5
6794 8 7277 35 280 33 59 5775 22190 8783 8 175941 4 658 3 1273 2104 6409 9 11036 4911 25 3 6374 5
4 4 8 25151 35 280 33 1589 9 22190 49310 992 650 1506 6 8612 3 785 4880 8 5339 3 282 57 19 2201 6 3 13145 533 2193 4 133 21 484 4 1277 4 2002 89 4 136 2106 7577 4 136 2106 78117 8 136 2106 292 1799 5
8 247463 35 274 33 10032 9 1506 13 29152 10753 2376 4 175941 8 22190 8783 6 182 8 7577 6645 5
27498 8 74622 35 274 33 6755 9 5373 5018 4 18166 175941 4 20505 4 8 49894 76 3 8557 650 5
14879 12283 3462 5
35 280 33 1273 9 5018 13 32629 3 3320 1396 31660 7 628 4242 8 3 197 3695 6 384 629 4880 5
17 197 3695 16 220 1537 7138 22248 1046 72 70 3 6374 197 5
61979 4 38966 4 8 14879 35 280 33 1589 9 1506 19 164777 8 22190 8783 6 5339 4880 4 54 3 928 8 960 7 3 1506 4 2489 21658 16676 16 3677 6 6786 3 8958 7 3 19372 5
12825 4 10141 4 12825 4 8 13278 35 590 33 1589 9 22190 41748 6905 5979 1506 14 1605 2614 12157 552 891 5
622 31660 6 4855 3 1273 22190 41748 6905 5979 1506 18 1273 5
79 177 2794 4631 7 108 523 552 8557 2520 13563 808 18751 5979 35 54145 33 4 20505 4 8 129573 2520 31 2209 24 12825 8 13278 35 274 33 5
6297 15 29182 1303 61 19 192 4538 4 43 3058 13 35 4114 33 54145 1708 3 1175 6 12874 4046 1752 76 2520 109 35 25547 33 20505 5415 2506 4 44 112 34 12874 421 2557 8684 7410 76 3 2520 109 8 35 31883 33 129573 1708 6928 14 421 3891 6 3250 40 13885 72 523 6680 5
1113 192 6374 3394 2520 8 3648 27 4116 8 2794 4860 4 3 1045 7 91 9541 3 7039 5158 7 46 565 5
12586 8 9384 31 629 3212 14 6374 3394 2520 5
525828 8 139879 35 1422 33 4964 13 23 16 841 14 4880 6 2384 3 216 7453 1215 154 70 1605 4736 4 907 10 3609 47 27 6487 2779 8 791 9 1773 49766 7 7453 912 72 4736 7 89 5
37515 893 7 3 1566 383 26 2247 24 32 1783 6374 3394 1506 5
10526 4 3 650 7 7470 6680 4 27241 91 8 2258 40 17509 16 9 3558 2485 10 2520 133 21 175941 4 47641 4 129573 8 20505 35 4 4 323 4 359 109 4693 19577 4 4 323 421627 4 1278 109 12283 32330 4 280 109 36355 4 274 33 5
12502 4 87 16 9 904 14 3 726 7 84 6599 1537 1783 270 10 3 3394 7 4880 10 28975 4 2638 14 1739 3898 4 12072 24 3 15778 7 307 7039 993 5
145 1381 14792 6 3 217191 7 3 6374 3394 565 4 8409 9 3093 1217 13 10556 1951 45546 35 7334 33 8 22190 8783 6 5339 4880 4 18408 3 14130 10777 7 9 1739 1322 19 4880 5
7334 10316 3 6269 7 120540 992 6 421 2520 35 4 5981 33 5
17 164 7 290 38105 7 3 1951 45546 71 26 3380 24 25429 22190 23394 4 1749 6 4417 3 64042 8 121392 7 3 317 8 1128 3 1506 10119 5
17 74 1653 7 7334 16 6 1506 421 544 10 9 45268 4230 5
145 2419 35023 3 25017 650 8 11290 1370 3003 24 421 3891 5
17 7334 2106 66271 4088 3 421 2557 6 2401 3 2981 13 282 2464 7059 52 3 6374 3394 650 5
66 16 537 6 2882 8 8612 3 3363 7 3 17509 7 290 38020 19 3 231 7 10676 3648 35 4 14 946 33 5
17 131804 2129 8 52301 2981 7 3 37069 16 32 1117 1653 13 2939 10 3 16335 953 7 2854 4 9384 4 552 8 2489 6680 4 121 23 2464 2505 10 30951 7 4046 8 1708 9 131804 1217 6 2854 5
238 120 89 4 3 13300 3201 4784 3 498 3944 7 3 2204 52 3 164 7 3 1506 5
79 2543 13300 3201 4784 3 2204 2106 3944 103 120 9892 16 115 4 8 9 13300 3201 4784 3 2204 2106 3944 54 9892 5
9965 6 3 66413 1303 61 24 3 2204 6 4219 50 2543 3944 6 50 3944 35 33794 4 1095 33 5
7219 4 131804 4309 4 133 21 7334 4 581 4547 3212 14 3 1414 7 1945 5
158 31 543 15 82315 2505 4 13 16 4 14753 52 2770 4 13885 4 8 57649 109 8 3001 5314 61535 7 746 791 5
17 8254 7 46 1381 16 4393 21 3177 5
17 161 2124 18506 9 2941 1165 7 22190 2757 8 1951 50185 5
8941 459 6274 9 1332 6652 7 3 11580 2981 7 3 1273 5018 5
81 678 6 14076 3 7362 8 77403 7 3 1589 1217 4 9 267 542 16 2209 10 8941 503 5
5583 4 8941 500 16 7993 14 7951 8 426 1131 5
2382 6293 3 1589 5018 4 80 4556 90 24648 8 66271 1547 6 22190 8783 8 1951 50185 5
158 31 1940 220 10 8941 459 5
80440 2757 81 46 2124 80 4241 1165 90 24648 7 22190 197 232 6 53891 35 3952 33 4 3935 35 911 33 8 24087 35 2804 33 5
53798 79 22190 197 10 7242 7 16223 6219 16 9 197 7 1433 9906 114 16 226 4333 4859 49 5365 7 14937 10 5
53798 17 423 7 22190 221 16 4939 21 4 114 53798 79 22190 197 16 115615 92 5
19506 4 9 22190 197 16 115615 92 70 926 2757 31 115615 5
53798 79 22190 197 16 226 9 1966 22190 197 92 5
19506 4 9 22190 197 16 115615 92 70 926 2757 31 115615 5
53798 79 22190 221 16 48871 92 4 114 6219 16 3 7242 7 16223 5
53798 79 25429 12911 16 57 446 2770 31 34 1051 44 623 1299 49 5317 10 9 1375 49 7732 2030 4 133 21 272 4 596 8 799 5
53798 79 148389 22190 221 16 9 115615 8 1966 197 4939 21 5
17 4333 4859 4 16 4939 24 24087 35 2804 33 21 114 8 5
1249 16 11065 4 9696 1723 8 50 43655 4859 6848 4 16 11065 4 9696 17073 8 50 43655 12329 59 6848 5
208 8862 3082 8258 4 153 16 226 9 40330 22190 221 5
53798 17 397 14 9 22190 221 16 4939 24 24087 35 2804 33 21 53798 17 3457 1291 148 32 1494 22190 221 8 50 16 4939 24 24087 35 2804 33 21 35 249 33 8616 4 14 120 22190 1051 4 4 114 16 9 197 7 115615 22190 1051 4 3 22190 221 5791 29 3 508 2763 53 35 249 33 208 4 153 4 35 341 33 208 4 153 4 8 35 459 33 208 4 153 109 7013 5
54267 50185 622 1951 45546 35 7334 33 16 9 992 19 3181 52463 8 93 12104 5
17 30864 3001 6951 23394 8 1866 5
118008 76 6951 23394 4459 131804 9295 4 125 52463 76 1866 10807 3 317 558 22 3 89 7 421 5
17 45546 16 9824 8 20945 4 18408 3 3898 297 23394 8 3364 9 1332 131804 6652 7 3 565 5
17 1951 45546 35 7334 33 29 45 1254 21 9 2505 8593 6 1128 3 3014 148 2376 8 24656 4 48 4108 1537 3 54039 7 17241 8 2376 7 421 2855 5
66 16 20945 385 6 7265 19 3 421 3891 8 1149 8 4 22 3 216 89 4 7608 385 14 82315 2376 35 4 5981 33 5
7334 71 26 40916 4939 21 9 3181 29540 5828 3082 35 6517 4 79 33 4 114 6517 2464 3 30864 5
6517 71 26 75644 76 2757 2482 4 3298 8 13719 187 16 22 104 57 871 38105 9485 4 2682 21 9 8233 4 47 2464 3 6905 6 26 85544 5
187 31 4568 49 48 808 30864 10 197 3298 4 3380 24 8393 35 80 231 66051 65 23 16 1622 6 240 3 46025 4 21 10 98586 249 33 4 3364 6951 23394 35 49 5344 10771 33 5
5583 4 87 31 4568 49 48 421 30864 10 197 2482 4 2682 21 20085 4 12510 6 4073 558 6 3 421 2557 5
79 2464 3 197 7 52463 4 7237 19210 148 3 30864 5
59268 7 1951 45546 98586 249 5
59268 7 1951 45546 5
38396 13 10 3 421 2557 2106 565 87 16 9 12911 24917 2442 19 290 38105 4114 6517 10 3 29540 4 8 9 197 7 537 2770 23 142 4753 5
208 4114 16 9 871 38105 4 153 24917 5124 3 57649 7 9 164 7 2129 8 50 9962 4770 3194 871 38105 4114 29 32 2442 4756 4859 47 2464 3 230 4756 21 9 4859 7 3 2770 7 3 13221 11122 7 38105 4114 5
208 4114 16 9 808 38105 4 153 16 9 22190 197 3364 3 523 684 13 24917 71 4753 5
3194 38105 4114 29 9 15327 13300 1870 47 129284 3 1102 7 50 703 35 49 11122 33 15 23 5
273 3644 7 54039 4 80 112 34 19491 421 30864 10 3 1273 5018 4 121 80 5004 32 7334 6 290 6374 5
32567 175314 421 4309 25723 13 426 684 7 2129 71 26 12072 5
527 4 3 175314 5018 71 26 454 2262 6 539 22190 684 7 2129 35 3935 4 911 33 5
38396 3 84 317 4 16 9 7242 7 16223 5
66 16 537 6 7673 22190 993 15 46 317 4 133 21 206 317 4 3753 317 8 1024 317 5
17 22190 715 36 27 4333 4859 5
8616 4 9 13300 7 9 22190 715 71 4939 21 35 341 33 9049 4 879 2567 3082 58508 76396 4 95627 4 4 531915 56012 26 9 197 7 164 7 2129 4 3 59833 13300 7 9 164 80163 4 392 22190 317 4 16 35 459 33 114 35 503 33 1210 6 3935 35 911 33 4 80 71 2975 3 175314 1217 6 1384 22190 317 4 1252 13 3 22190 993 15 3 84 317 7242 31 219471 4 11771 4 4 14 70 6219 5
63193 3394 5018 17 6374 3394 10 1605 2614 284 16 24 2129 9 182 2489 6680 421 363 565 4 47 142 26 962 24 770 7 3 508 2757 4 35 249 33 79 197 7 9273 36093 226 5132 3082 58508 61071 4 60946 4 4 436454 56012 5
35 341 33 79 197 7 15441 4880 226 79 3082 58508 22446 4 48548 4 4 10631 56012 5
35 459 33 79 197 7 9424 6680 4 3298 3082 58508 35353 4 50624 4 4 189847 56012 4 19 47 6374 773 31 5559 5
35 503 33 79 60401 1547 6 3 2059 7 3 6680 4 232 19 3 4398 7 3 36093 5
35 500 33 79 60401 7 773 3233 7 6374 31019 35 4114 3082 249 4 341 4 4 15441 33 19 2201 6 6680 58508 72539 3082 249 4 341 4 4 9424 56012 226 5
6297 15 3 24648 2209 10 3 767 2124 4 8 10 3 24656 7 3 565 996 4 80 55741 3 508 1959 6 8612 4880 53 17299 249 53 105048 3 136 2106 1264 76 9 197 7 6680 6 8612 4880 5
17 689 6905 16 6 7673 9 197 3298 7 6680 35 49 13987 33 14 6374 3394 8 40 52301 1322 5
145 2485 250 1871 3 7566 7 9 74588 1111 7 1149 694 15 3 565 5
17 6300 7 3 6680 16 57 7 3 104 841 8090 10 120 421 363 650 5
1113 87 16 93 6182 5018 962 10 3 6854 6 3855 8 2981 9 197 7 6680 4 131200 266 61 533 8557 5158 65 1770 61 46 2485 21 3177 53 35 4114 33 6680 144 26 7034 9224 7 773 109 35 25547 33 3 6300 7 3 17807 144 26 36472 8 530 109 35 31883 33 3 197 7 6680 383 1213 70 3 1568 5158 7 9 565 109 8 35 40378 33 3 197 7 6680 144 26 4939 10 9 133 9 152 13 3 216 15209 16 34 5559 24 307 523 8 1216 6680 10 3 6680 2981 5
79 206 1204 397 16 6 436 14 270 10 767 162 10 3 352 5
2625 6680 4995 27 277 45 4209 24 307 1296 133 21 14721 12283 3462 5
35 590 33 4 4693 19577 12283 3462 5
35 1278 33 4 12825 12283 3462 5
35 590 33 8 1604 35 280 33 5
17299 341 53 188396 32 7334 4 7995 3 30864 7 808 4 3 871 7 30864 8 52463 4 21 4939 10 8941 7013 5
98586 249 6274 32 946 7 32 7334 14 6374 3394 19 218 6680 21 3177 4 2280 321 89 4 5986 19 1985 1277 4 5986 19 3 463 1294 4 9720 569 4 8 394 653 5
66 144 26 4436 13 3 74 108 6680 1951 8 26077 3 773 7 3 38020 394 653 4 1798 80965 9 14478 1322 5
17299 459 53 104853 3 221 7 164 14 290 38105 8 3 12510 25429 23394 6 5124 3 773 3233 5
98586 341 14103 3 4333 7410 2442 19 9 38105 7 3 7334 5
17 3246 7 290 38020 18 3380 24 9 1079 7 550 33770 2770 1658 24 3 508 25429 970 53 2422 799 35 40316 33 4 177 799 35 520600 33 4 799 35 4659 33 4 596 35 79 33 4 272 35 8913 33 4 177 272 35 248976 33 8 2422 272 35 99794 33 5
59268 7 25429 970 14 10472 684 10 32 7334 38105 98586 341 5
59268 7 25429 970 14 10472 684 10 32 7334 38105 5
17299 503 53 104853 3 25429 12911 14 3 3238 2059 7 9 6680 5
98586 459 14103 9 537 1414 4 10 47 3 3238 7 290 38020 18 3380 24 9 1079 7 218 33770 2770 1658 24 3 508 25429 970 53 2422 533 35 120904 33 4 177 533 35 21456 33 4 533 35 38 33 4 17465 533 35 29076 33 8 43535 35 15850 33 5
1249 87 31 9273 1149 4 3 53608 22190 3238 7 290 38020 4 446 2763 31 220 6 1657 9 463238 1415 7 4499 2463 35 3935 4 911 33 4 16 43420 24 35 500 33 114 16 3 2059 7 6680 4114 4939 24 3 421 2557 168246 970 946 14 3 3238 2059 7 290 6680 98586 459 5
168246 970 946 14 3 3238 2059 7 290 6680 5
17299 500 53 132080 3 3233 7 290 6680 8 3 6374 773 538 32 31660 543 15 35 5981 33 5
145 2234 1273 9 5018 6 8612 32 7334 1003 4 276 6585 23 76 9 421 3472 5
17 5018 4589 179 2370 48369 21 3177 53 21825 38105 6381 4 14382 10791 4 15327 8265 4 8 167005 5
4964 13 3 307 1273 48369 31 4547 19 3 1494 45546 8 112 34 2498 3 1414 7 3 19547 534 5
17 1589 31660 32629 90 7 2106 48369 6 2981 3 8783 7 3 1273 2104 5
1532 4 3 31660 110458 3 11992 46025 7 3 21825 30864 35 49 8977 30864 4 92 23 29 93 21085 33 24 446326 35 341 33 5
3668 4 3 15327 46025 7 3 23449 30864 31 7154 24 446326 35 503 33 5
6449 4 3 57649 7 3 871 38105 16 7154 24 446326 35 500 33 5
17 31660 71 26 6755 21 3177 56464 35 4 33 37510 208 35 35 33 16 36905 33 153 37510 273 70 35 3280 4 2059 33 475 6305 8265 35 4 7937 35 33 33 446326 35 503 33 6305 58080 38105 6381 35 33 446326 35 341 33 208 35 35 33 16 8664 33 153 167005 35 4 2059 33 446326 35 500 33 6305 17 4859 167005 35 4 2059 33 22462 3 230 871 7 9 38105 21 35 708 33 114 1883 16 4939 21 10 53798 4 4 190760 141233 4 16 3 104 338 164 7 38105 4114 5155 7 4 8 16 3 2059 7 3 38105 35 49 6680 33 190760 8 31 25429 23394 446 2770 31 962 24 148389 22190 1051 35 53798 33 5
98731 7254 98586 341 6274 9 31462 1069 7 3 1589 5018 8 50 6582 19 523 1543 7 628 4 53661 3 6358 7 3 3394 6374 284 5
766 19266 42 6227 10 17177 2030 4 25004 6582 19 83 2520 5
17 30727 35 200950 33 3916 421 3891 10 3 8593 7 2505 52 3 565 4 25004 3 5577 7 1959 7 3 5018 5
204398 2089 31 1252 6 1823 3 42101 45546 4 6 7673 22190 1051 4 6 9796 15327 46025 8 95 6242 5
17 200950 16 533 6 20503 3 19019 1264 19 3 3394 6374 650 5
17 35 33 34427 3 3803 8 7410 4 8 3 12510 628 2981 14 12538 3 31660 962 10 1092 503 7 3 5018 5
931 19266 31 1547 6 108 1543 7 628 53 35 249 33 37354 15060 4 35 341 33 7073 37354 4 8 35 459 33 80440 53189 5
17 1708 3 1622 628 14 17444 3 46025 8 928 3 7334 5
17 80440 53189 18888 3 3354 7 3 20260 1506 8 3 7073 37354 6 22190 2770 5
17 35 121480 33 29 21 50 689 4859 6 12262 3 7039 3074 7 3 1605 2614 163 523 5310 8 5257 5662 4 1365 2911 773 628 133 21 7175 4 797 569 4 8 6291 926 5
4036 3 1812 10777 7 90 1605 7026 4 8 10 678 6 128 3 282 1070 8 676 532 7 3 1506 4 23 18 1622 6 1800 129 209 20260 1506 35 962 10 32189 8 87196 35 2076 33 33 4 10 1016 7 538 9 1283 1560 5
17 20260 3354 16 220 14 928 8 2854 7 3 19393 7 129 5018 21 166 21 6 8612 3 1506 7362 7 3 5018 5772 5
17 74 522 4209 24 3 31 543 15 2530 628 5
17 2007 2770 31 220 14 17444 3 2543 46025 5
527 4 84 628 31 4209 10 290 20260 336 4 446 28579 2770 31 4902 8 7545 10 3 37354 15060 24 80440 53189 5
931 84 2770 31 220 14 21853 3 13300 5
145 2124 10260 3 77403 7 3 5018 1273 10 46 162 5
17 267 542 18 6252 24 90 1330 8 5257 544 929 24 9 22068 1457 4514 10 3304 18082 112 67905 4 3 41331 164 7 2159 5
75473 16 3 610 392 6 9 4980 6424 1096 13 16 1601 25 18632 8 17863 137 523 6589 4 133 21 11607 4 49 35 83500 4 493769 4 41339 4 323 175149 4 502 33 5
98586 500 6274 9 614 1069 7 3 21365 7 3 22068 1605 2614 10 2159 5
17 2199 1760 14 3 797 538 10469 390 16 59 2209 10 3 1233 5
6459 22068 4 110547 8 51622 31 59 1601 5
435 797 4 22068 16 888 6 1096 12998 8 16 153 3196 6 11789 6424 35 232 6 98 29617 22045 33 103 110 5146 14 3568 5
1210 19 3 3775 3421 4 3201 71 97 26 1303 61 24 291 7941 24 3 8331 3775 1792 35 106974 33 5
8616 4 22068 71 34 26 1752 888 6 3308 4 44 623 6 1764 3201 4312 3275 24 46 635 5
63193 3394 284 6358 98586 503 5
63193 3394 284 6358 5
75473 1605 2614 98586 500 5
75473 1605 2614 5
75473 29 597 9 515 7 1164 25 3775 98 13 1167 10 591 911 3 379 75473 12937 8 10555 4319 35 33 4 1537 18358 3 5385 7 3 16497 10 3 389 13001 40056 5
17 13582 8 12998 31 4836 6 1753 341 202 91826 6 3 11789 1096 35 48685 33 4 4951 9 797 7156 6 3918 99 24896 7 91826 147 64 5
81 6833 4 3 431 36 474 6 500 202 4 12510 6 3921 174 887 24896 5
17 98 6145 75473 21 9 2832 1512 14 3 426 726 7 3 151 463 6 3 508 1809 53 35 4114 33 23 16 32 2155 6 2790 3 9295 15 10990 62852 4 1533 15809 15 3 3775 536 40056 109 35 25547 33 23 36 526 9 84 200 14 390 2046 109 35 31883 33 23 36 474 3 5323 7 3 42926 10 3 3777 109 35 40378 33 23 36 1128 818 4550 4 6737 6 9 333 1566 109 8 35 8033 33 23 36 1146 84 599 10 8666 3248 7 3 151 24 1691 3 3317 16908 41358 5
26666 4 3 3317 16908 41358 16 176 7 3775 5
66 2532 6 293 19 3 813 7 855 10905 7 10228 24 1691 431 4684 8 333 2969 912 14 22068 3200 6 2120 4719 1943 25 396 234 5506 5
6547 13 27 3 3317 16908 41358 142 231 3 9591 6 21238 40 2015 4 10407 3 3238 7 3 855 1780 4860 10 797 5
238 2209 10 98586 500 4 87 31 307 523 1543 7 219180 6 1657 22068 10 2159 5
81 308 1339 7 3 106974 3 4719 2873 104 220 24 22068 797 1457 31 21 3177 53 23286 390 35 6756 202 33 4 2578 3810 35 697 202 33 4 10250 390 35 459 202 33 4 63274 35 4937 202 33 4 8 7800 35 1403 202 33 5
17 104 220 3109 7 4719 2873 14 22068 797 10 2159 16 3475 23286 390 8 63274 5
17 1414 7 4880 10 3 22068 1605 2614 29 45 2209 307 174753 53 35 4114 33 3 1031 16 8795 109 35 25547 33 23 16 176 7 9 3528 98 447 10 10905 8 855 10113 109 8 4 35 31883 33 87 16 9 485 7139 7 219180 558 14 797 4 19 523 2763 4 569 4 13001 3961 8 797 2430 5
17 798 470 7 9720 16 97 220 14 6374 3394 7 22068 24 47641 137 10828 5
527 4 3 22068 2551 144 27 3 3317 16908 41358 6 3789 10 10828 4 1727 306 202 7 3 1622 390 25 396 234 5506 35 232 19 3 3775 3421 33 5
17 3583 7 1652 390 35 1551 202 390 33 71 26 3564 25 83 1543 5
66 16 59 1622 32 2473 1605 6 1332 3 797 7 22068 5
187 31 67 8953 21 3177 53 35 4114 33 63274 4 220 1857 6 1657 22068 109 8 35 25547 33 7800 4 1601 15 9 528 2430 10 2159 25 46495 5
17 1414 7 2473 16 1547 6 3 508 6680 53 470 7 9720 109 518 10 4661 726 109 35 341 33 3057 89 4 3 63274 489 16 1429 58 7800 109 8 4 35 459 33 1923 1653 4 3 231 7 7800 12244 32 577 202 1461 22068 5
12502 4 6 7673 3 197 7 4880 10 3 22068 1605 2614 16 9 1812 2485 13 2818 2376 8 5139 7 307 8 20874 6680 4 2096 292 4 7998 8 855 667 4 121 3 2654 470 2104 16 34 10436 463 6 3 1739 1322 19 3 694 4880 8 3 3317 16908 41358 492 5
17 689 6905 7 3 8365 16 6 2258 3 2125 7 390 6 1605 14 3 22068 797 5
145 71 26 1109 57 7 3 104 533 1866 14 9 22068 1457 4 121 3 390 1605 16 1479 14 32 1221 7602 202 7 3 1308 22068 797 470 35 83500 12283 32330 4 502 33 5
7219 4 9 3656 390 1605 1708 9 11065 3154 7 797 4 3 10752 7 120 44979 5
134 12354 179 785 159114 390 9720 6645 21 3177 53 23286 390 6374 35 42739 33 4 43923 390 6374 35 167474 33 4 60932 390 6374 35 29195 33 16054 77346 390 6374 35 2019 33 5
145 843 7 9720 421 23809 9 1739 1322 297 3 22068 1457 8 40 1783 4880 13 2779 9 48 4959 2376 5
238 9 8867 4 67 523 42179 42 10637 5
1532 9 421 363 650 18 1303 61 276 2016 537 7039 993 13 71 26856 3 421 363 650 5
2927 4 90 7039 993 42 2042 4 18408 189 3 2854 5158 7 3 1589 5018 21 166 21 3 3238 7 3 6358 2209 10 98586 503 5
61648 9937 81 46 2124 80 4301 3 1272 19393 6 2494 3 8365 5
17 1622 628 42 2118 543 15 9 1165 7 3 2543 6854 35 207428 4 280 109 83500 12283 32330 4 502 109 14721 12283 32330 4 590 33 8 26918 10032 3294 10605 19 1149 25 9 3775 22068 797 1457 4 40664 9 19630 421 363 650 5
6297 15 3 858 7 6680 2994 10 3 6854 8 3 8557 7 3 1149 4 20498 249 6274 3 380 197 7 6680 14 3 8557 7 3 104 3206 159114 390 1605 5
20498 249 5
81381 8 11933 6680 24648 5
81381 11933 6680 53798 3958 19986 72 3 514 200 4719 1943 4723 10 3 514 386 66383 7 112011 30942 148 797 4 869 4 3568 4 34050 8 117793 5
4876 569 4876 470 1547 6 290 112011 27163 569 27163 470 1547 6 290 112011 71674 7 29663 87679 6 3270 19 9 112011 903 796 16782 14 4032 3 7561 352 134373 569 17 2120 470 7 9 112011 3317 32540 5681 15740 6 4498 797 2969 141363 352 5640 7561 352 105003 105003 7 3 2551 147 7561 352 51667 44557 67599 3455 147 7561 352 1810 3961 43801 489 25 9431 6 390 184018 569 3335 470 797 22268 2505 17442 7 2505 7 3 3200 1547 6 9 112011 797 650 11068 2505 17442 7 2505 7 2911 2765 1547 6 9 4719 1943 435 10472 3 6680 4 9 5907 7 218 39559 24637 3 52301 44087 7 3 421 1506 8 3 17509 7 6680 4 1221 25 9 5907 7 34130 628 4 538 3 1586 5
98586 708 842 3 44087 7 3 14478 7 3 7334 1273 4 47 1038 108 926 5
17 260 653 7 14478 35 38105 33 2464 3 5215 733 7 3 565 4 125 3 169 653 17244 7 108 689 6374 3394 6680 4 47 31 13563 292 4 7998 8 855 5
332 3 296 653 4 192 6680 42 36438 76 1678 11933 6680 13 142 2498 3 1414 7 9 1654 6374 5
54267 45546 14 3394 6374 7 390 98586 708 5
54267 45546 14 3394 6374 7 390 5
20498 341 842 3 3238 17509 7 3 6680 2118 24 3 216 218 1149 35 83323 4 113462 4 34059 4 55756 8 266492 33 5
17 2770 10 3 73 4848 42 3455 24 446326 35 500 33 5
17 216 5195 2209 10 98586 459 18 220 5
20498 341 5
65570 2059 7 3 6680 25 36093 5
6680 83323 113462 34059 55756 266492
19986 72 3 514 200 366537 29076 38 21456 248976 120904 35 44171 109 44973 109 51586 109 50261 33 66383 7 112011 74414 120904 120904 120904 120904 120904 35 54391 109 50311 109 59574 109 32590 33 4876 569 311334 38 21456 120904 120904 29076 35 50743 109 50753 109 54982 109 53671 33 27163 569 188280 38 120904 120904 120904 29076 35 50452 109 51604 109 54089 109 60226 33 71674 7 29663 366538 120904 120904 120904 38 21456 35 54342 109 27529 109 53671 109 65981 33 22268 796 328777 15850 21456 120904 29076 120904 35 48445 109 50743 109 50753 109 54089 33 16347 7 9720 121643 120904 120904 120904 120904 120904 35 54391 109 50311 109 59574 109 32590 33
32540 5681 255162 120904 38 120904 120904 120904 35 54982 109 59305 109 60226 109 59709 33 141363 352 507018 38 38 21456 38 21456 35 48445 109 49472 109 54342 109 59305 33 22268 11127 273060 29076 15850 21456 120904 120904 35 48445 109 50743 109 50753 109 54089 33
44557 325462 120904 38 120904 120904 120904 35 54982 109 59305 109 60226 109 59709 33 1810 3961 389548 120904 21456 21456 21456 120904 35 54342 109 60675 109 60226 109 59709 33 16347 7 10822 325463 38 120904 120904 120904 38 35 50753 109 55973 109 59305 109 55178 33 22268 2505 424716 38 29076 120904 21456 120904 35 50743 109 50753 109 54982 109 53671 33 11068 2505 38 21456 120904 120904 120904 35 54342 109 27529 109 53671 109 65981 33 10548 5
11391 8 15978 5940 435 10472 3 2007 19393 666 6 2981 3 1506 4 20498 459 6274 3 2543 46025 14 290 2155 5
17 3233 7 3 6680 366537 4 366538 4 328777 4 255162 4 424716 8 42 1221 25 628 3883 10 3 3294 5
17 3233 14 74414 4 507018 4 273060 4 325462 8 389548 42 1221 25 3 596 797 7 290 81693 10 3 73 503 85 4 125 14 311334 4 188280 4 121643 8 325463 42 7154 25 3 596 10071 7 3 73 630 190 5
766 192 628 42 7545 10 37354 15060 5
134 7213 628 52 159114 390 9720 4 1252 24 3 22068 1457 4 25 3 7073 37354 14533 35 98586 503 33 5
17 421 3891 42 1613 19 3 5195 1595 10 98586 341 5
20498 459 5
7187 46025 14 3 8365 5
490 3958 6680 3317 6680 51667 6680 366537 74414 311334 188280 366538 328777 121643 255162 507018 273060 325462 389548 325463 424716 61242 390 99794 6766 8642 94081 94081 6909 94081 94081 94081 15483 8642 7257 94081 94081 94081 94081 248976 7853 6766 20130 6909 6822 94081 7257 6909 94081 6822 7853 94081 94081 94081 94081 8913 6766 6909 5853 6909 7853 94081 7853 7853 94081 94081 94081 94081 94081 15483 15483 79 94081 94081 20130 7853 94081 94081 94081 6822 94081 94081 94081 27529 44179 94081 94081 4659 94081 94081 94081 6766 94081 94081 94081 94081 94081 94081 94081 20130 38604 94081 94081 520600 94081 94081 94081 94081 94081 94081 94081 94081 94081 94081 94081 94081 94081 94081 94081 40316 94081 94081 94081 94081 94081 15483 94081 94081 94081 94081 94081 94081 94081 94081 94081 77620 390 99794 6766 94081 6909 94081 94081 94081 94081 94081 94081 94081 94081 94081 94081 94081 94081 248976 7853 94081 7853 6909 94081 94081 94081 94081 94081 94081 94081 15483 94081 94081 94081 8913 6766 94081 6822 8642 94081 94081 6822 94081 94081 94081 6822 94081 10355 94081 94081 79 94081 6766 94081 6766 6822 94081 8642 94081 94081 94081 8642 94081 6909 15483 15483 4659 94081 7853 94081 94081 7257 8642 94081 10355 6909 6822 94081 94081 94081 94081 94081 520600 94081 6909 94081 94081 6822 6766 94081 6909 10355 7853 94081 94081 94081 94081 94081 40316 94081 6909 94081 94081 94081 6909 94081 94081 94081 6909 94081 94081 94081 94081 94081 44827 390 99794 94081 94081 6909 94081 94081 94081 9193 94081 94081 94081 94081 15483 42820 94081 94081 248976 94081 94081 7853 6909 94081 94081 6766 94081 94081 94081 94081 94081 54089 94081 94081 8913 94081 94081 6822 6909 94081 94081 94081 94081 94081 94081 94081 94081 94081 94081 94081 79 94081 94081 94081 7853 94081 94081 94081 94081 94081 94081 94081 94081 94081 94081 94081 4659 6909 5853 94081 6766 6822 6766 94081 6822 15483 6909 94081 94081 94081 94081 94081 520600 6766 6822 94081 94081 5853 7853 94081 8642 94081 7853 15483 94081 94081 94081 94081 40316 8642 6766 94081 94081 6766 6766 94081 94081 94081 6822 94081 94081 94081 15483 15483 167793 390 99794 6766 94081 94081 94081 94081 94081 94081 94081 94081 94081 94081 94081 94081 94081 94081 248976 7853 94081 6766 6909 94081 94081 7257 94081 94081 94081 94081 94081 94081 94081 94081 8913 6766 94081 7853 6909 94081 94081 7853 94081 94081 94081 38604 15483 50311 94081 94081 79 94081 94081 6766 7853 94081 94081 94081 6909 94081 94081 44179 94081 29487 94081 94081 4659 94081 8642 94081 6766 6822 6766 94081 9193 94081 6822 94081 94081 94081 15483 15483 520600 94081 6766 94081 94081 5853 7853 94081 6909 15483 7853 94081 94081 94081 94081 94081 40316 94081 6909 94081 94081 6766 6766 94081 94081 94081 6909 94081 94081 94081 94081 94081 17 733 7 3 74 5867 18 6 2258 3 282 10469 390 9720 4 11260 3 2362 7 3 1273 2104 6 7577 8 8612 537 6645 5
20498 503 61685 3 522 3455 25 3 2543 46025 2209 10 20498 459 5
17 871 7 3 517 12510 6 9485 35 48120 33 10 20498 503 16 1547 6 3 380 773 7 290 6374 4 11771 4 38105 7 3 7334 2209 10 98586 708 5
145 770 13 3 23286 16 3 282 112011 6 1657 22068 10 2159 4 979 24 43923 4 77346 10098 8 60932 4 3995 5
931 522 31 10 676 199485 19 3 3775 1851 13 16 6325 15 23286 6 1657 22068 10 528 2430 5
20498 503 5
48891 7 3 6645 5
42739 167474 29195 2019 366537 8913 50743 8913 50743 40316 50743 8913 48432 74414 248976 27529 4659 51586 4659 51586 4659 51586 311334 8913 47973 248976 48445 248976 47973 8913 48445 188280 79 50743 8913 49912 8913 49912 8913 49912 366538 8913 51604 4659 51271 520600 48445 520600 48445 328777 40316 52127 4659 49472 520600 53729 520600 53729 121643 8913 51586 79 54045 99794 51586 8913 44973 9485 35 35353 33 47631 55135 53885 60843 255162 8913 52481 4659 34231 40316 34231 4659 48432 507018 99794 54045 520600 44973 4659 44973 520600 34231 273060 99794 38158 520600 50743 520600 50743 520600 50743 9485 35 50624 33 42359 40711 40711 44950 325462 248976 51604 79 50743 520600 50743 79 48445 389548 79 50743 248976 51604 99794 50452 8913 54089 325463 79 43849 8913 47973 248976 47973 8913 48445 424716 8913 52481 79 51586 40316 34231 4659 48432 79 50452 79 43849 40316 47973 4659 48432 9485 35 45787 33 61230 39284 63085 49040 9485 35 48120 33 126796 87723 136658 103876 17 733 7 3 169 5867 18 6 5441 3 1175 7 11065 2854 8 9384 7 3 1506 24 5447 84 132064 25 3 37354 15060 8 24 18298 3 59833 46025 5
81 46 267 4 80 574 3 29182 276 10472 3 2543 46025 4 11771 4 3 46025 7 20498 459 42 6 4568 5
1498 3 8365 4 84 132064 42 6197 7545 10 3 37354 15060 24 3 13553 30085 96647 5
1210 6 98586 700 4 10 3 74 1959 7 3 20260 3 4880 2209 3 216 773 4 95 3 796 7 390 18 3868 44841 297 91 5
81 3 53802 20260 1092 4 3 2019 2155 59833 46025 42 3353 19 84 660 7545 10 3 37354 15060 154 3 29182 4 587 9 773 568 58 461 6645 5
17 390 796 29540 10260 3 8684 337 7 3 22068 797 1457 10 7488 6 3 767 29182 1959 5
17 216 983 8887 10 3 255127 4 324828 8 20260 1959 4 11260 3 8684 808 14 60932 4 43923 8 23286 4 3995 5
8616 4 285 3 234296 20260 1959 4 2429 4 2155 2019 16 4020 6 167474 35 2019 167474 33 4 167474 16 4020 6 29195 35 167474 29195 33 8 29195 16 4020 6 2019 35 29195 2019 33 5
20257 7 3 6645 7 10469 390 9720 98586 700 5
20257 7 3 6645 7 10469 390 9720 5
5583 4 2016 13 3 797 7 22068 29 32 533 604 10 855 10113 8 3 60932 18 3039 24 3294 21 3 104 3206 5916 14 396 234 5506 4 80 17229 3 508 98 4684 14 60932 797 25 234296 20260 1959 34146 53 35 4114 33 5159 6 1128 3 797 470 8 3977 35 507018 8 286044 33 4 35 25547 33 2472 10 2693 35 273060 8 33 4 35 31883 33 853 5681 7 1255 35 286044 33 4 8 35 40378 33 2911 928 35 424716 8 33 5
6297 15 3 84 628 4209 24 3 13553 30085 96647 4 3 773 7 2155 29195 853 6 130321 5
145 3246 871 16 3455 65 3 508 893 2659 10 3 6680 2770 53 507018 3082 79 109 273060 3082 79 109 3082 99794 109 286044 3082 4659 109 227378 3082 520600 109 424716 3082 4659 109 8 3082 5113 12502 4 232 6 3 84 2770 7154 4 2155 29195 16 4020 6 42739 4 2019 16 4020 6 167474 8 167474 16 4020 6 2019 5
17 267 542 4964 13 3 1589 5018 71 26 2875 220 24 22068 2046 6 7673 3 282 159114 390 9720 5
17 5018 71 26 59 220 6 454 2258 3 282 4880 10 290 390 3936 5
527 4 3 1506 71 59 26 4723 24 3 3775 98 21 32 1015 10 3 5358 7 1496 6 8647 3 797 7 84 1543 7 112011 5
23838 4 6756 202 7 3 22068 797 1457 7 2159 19491 23286 21 689 112011 10 3 2484 650 5
527 4 21 46 1712 16 1547 6 528 3200 4 23 16 533 6 1626 61 2062 6 8612 3 282 6645 7 797 24 396 234 5506 4 121 3 22068 3200 236 6 2120 40 797 6 2384 3 3317 16908 41358 5
17 1589 6684 2209 10 98586 503 71 345 9 3047 604 10 46 841 2485 5
81 46 162 4 80 2209 9 3093 5018 543 15 3 6582 7 1951 45546 8 22190 8783 6 7577 8 8612 4880 10 9 1605 2614 5114 5
145 1217 6274 3 508 9063 53 35 4114 33 17241 7 4046 8 64042 7 317 5
17 5018 2527 25429 23394 6 5548 3233 8 17509 7 6680 109 35 25547 33 14342 131804 2854 10 6374 3394 565 137 175314 2854 109 35 31883 33 3364 12067 3 421 2557 2106 2505 10 1951 50185 4 8547 12689 6680 4 16925 3851 628 52 7036 421 363 650 4 8 25004 3 4440 7 3 8599 7 3 10554 650 109 8 35 40378 33 2640 241 1043 3898 19 4880 4 18166 2854 8 7039 1923 893 10 3 2443 13885 5
134 220 3 22068 1605 2614 10 678 6 14076 3 689 2000 7 3 1273 2104 5
42048 3 814 26753 89 4 3 1665 1303 61 1798 5441 13 3 1589 5018 29 3994 785 21 32 1783 54692 4462 10 19630 6374 3394 4 982 10 241 1043 3898 5
17 5018 18 488 6 3968 7039 993 8 6 53414 13885 6 453018 3 421 363 650 5
6876 1665 538 11427 4538 31 7368 1537 11367 3 1079 7 50 5615 5
966 692 7 129 601 71 26 454 12956 21 3177 53 35 4114 33 6 1800 9 8836 11924 6 4530 3 421 3891 10 3 1746 7 3 1951 45546 5
7525 4 3 1444 7 3 1506 16 115 19 1586 109 35 25547 33 6 2601 3 1589 1506 10 678 6 1384 528 14431 109 8 35 25547 33 6 5576 3 231 7 44895 13987 5