23042 957 16 3 346 899 7 365 297 826 19 957 1411 3 131 5
17 689 18381 13 4459 3 6536 957 16 3 1892 7 6536 101782 5
145 162 12966 9 17592 6 30174 6536 182785 8 14510 182785 538 16194 2000 5
17 217191 7 3 2209 162 31 3 105587 7 3 49474 216359 8 4105 151670 4538 14 3364 5897 72 7557 2233 5
2625 317 31 16277 543 15 3 16194 3074 7 192 4309 4 1749 3 4007 19372 7 6536 101782 1260 538 9207 58540 5
84812 53 145 162 12966 9 17592 6 30174 6536 182785 1260 8 14510 182785 1260 543 15 43420 51093 35 13252 33 2233 5
108799 53 17 23042 21755 37354 19231 35 33 1973 5536 16 4723 14 129 1665 5
1796 4538 31 4723 6 10775 16194 13693 5
17 74 5533 16 7732 86044 35 391362 33 4 32 7732 247 31660 5
17 169 5533 2527 3 672 45546 35 53230 33 6 10775 48378 13693 5
17 296 5533 16 9 5373 1506 13 10556 16194 13693 25 7732 86044 8 3 672 45546 5
17 270 60401 2953 35 187305 33 303777 19 9 70865 1625 54861 16 4723 5
11391 53 81 3 2279 967 4 80 220 85452 10989 25 3 5536 5
273 3 2673 7 3 17592 4 80 961 6 6797 3 1081 5536 76 67 600 4 928 8 2279 5
134 220 64360 7 928 8 2279 7 202 4 202 4 202 8 202 5
17 2071 18 3629 500 400 22 6951 5
134 1049 9 1153 8958 35 33 7 282491 202 4 9 1153 9512 35 33 7 273728 202 4 9 1153 48581 35 33 7 285044 202 4 9 85612 7 8958 48517 35 33 7 45448 202 8 9 1153 352 163 3 6051 1219 15565 35 33 23070 7 5
98527 53 23042 957 29 3 1391 9382 489 8 57 7 3 8855 4397 713 54 6708 5
622 261 6708 2238 3 4397 808 7 826 5
17 1273 17592 16 9 4116 4462 14 7527 10 3 9674 7 101782 5
134 494 80 4569 14 3 2516 284 857 106 249 33 3 105587 7 3 49474 216359 8 4105 151670 4309 21 7557 16194 145935 16 4567 8 4286 485 785 109 341 33 80 9888 8 1589 13693 25 3 7557 16194 145935 109 8 459 33 3 17635 8 379492 326 7 3 17592 71 26 2262 6 2333 543 15 2233 19 83 42179 5
5378 16 32 28482 561 7 2469 10 9 2190 642 7 3 636 5
23042 957 29 3 1391 9382 489 54 6708 106 7 50 411 9674 8 953 35 5316 12283 32330 4 2560 33 5
17 272 9382 489 16 2442 19 50 411 6708 4 47 3615 8887 22 2410 4290 7 3 1222 5
17 1892 7 6536 101782 2048 957 8 6154 3 967 7 3 1222 5
17 9674 7 101782 16 3456 6 2119 20238 8 32 261 6708 2238 3 808 7 4397 5
9049 4 853 317 2238 3 12398 7 6708 5
11230 10 3 726 8 231 7 2088 1973 5447 4538 3677 6 13252 4 19 3 733 7 14426 6708 12398 4 29 853 616 5
17 3109 7 192 4538 29 420 6 3 726 7 88615 9674 35 52678 33 11917 13752 1443 35 12283 32330 4 2773 33 5
79 52678 284 3054 9286 7 179 4290 53 249 33 1973 3310 109 341 33 87930 7 182785 1260 109 459 33 21946 7 2000 25 3 1260 109 8 503 33 2807 7 2915 23261 35 19372 76 101782 8 14510 101782 33 5
766 4290 31 4867 6 3 1028 7 9 52678 284 5
81 46 162 4 80 5518 3 2419 21946 8 19372 4290 5
81 192 4290 4 80 4498 3 1622 317 6 1128 3 221 7 2915 522 5
81 52678 41154 4 3 2419 21946 967 5473 15 53 249 33 34193 35 14 946 4 143 860 3 1026 16 33 109 8 341 33 16194 35 7712 653 3201 33 5
81 46 162 4 80 97 231 16194 2000 5
17 733 7 46 162 16 6 12262 6536 101782 4 48975 3 1260 76 101782 49 14510 101782 5
17 2000 220 14 19372 31 16277 10 108 1225 5
17 74 5533 2527 32 7732 247 1506 4 226 7732 86044 5
17 23070 16277 25 23 231 3 1026 13252 10989 21 10711 5
17 169 5533 2527 66590 83735 6 10775 16194 2000 25 3 1260 543 15 9 16521 449563 226 3 672 45546 5
17 296 5533 16 9 5373 1506 13 10556 3 16194 2000 16277 25 3 83 67 4309 5
17 270 60401 2953 303777 16 220 10 46 17592 5
81 8941 341 4 80 4301 1547 162 5
81 8941 459 4 3 108 1273 4309 35 391362 4 53230 8 5373 33 31 962 5
81 8941 503 4 80 9560 3 1273 17592 14 19372 7 182785 1260 538 3 108 4309 8 3 270 60401 2953 35 187305 33 303777 5
81 8941 500 4 80 1379 8 1588 3 522 5
81 8941 708 4 80 210 3 7951 7 46 162 5
238 1321 2921 4 9 6536 182785 9674 284 16 7081 3868 76 307 1959 5
3194 7 192 1959 29 50 209 2235 6 4417 5
81 182785 87930 4 57 7 3 603 4166 16 10 26863 3 182785 65 3797 19 9 4968 35 33 49 19 299713 35 33 4 276 637 7 16194 5
473 133 1174 4 3 1081 284 71 26 40766 4 557 6 1171 7951 52 3 101782 5
435 87930 4 1171 1260 6 26 101782 142 26 4209 4 424 21 2915 23261 5
364 334 1236 16 6 1128 3 2915 23261 276 1373 2755 101782 5
76935 47 13693 7 16194 916 144 26 220 10 3109 19 9 46333 1442 284 16 3 689 5093 7 120 284 5
2330 3 85 4 307 1296 27 45 363 768 6 1800 41154 6 4417 192 2235 5
134 4241 1379 90 1131 13 3316 6 4569 2506 6 192 544 5
33649 8 3716 35 1422 33 220 187305 6 30174 6536 101782 8 14510 101782 10 13252 9264 538 16521 2000 8 3 1153 48517 7 3 7947 12029 5
158 220 575 182785 8 14510 182785 1260 14 928 8 697 2233 14 2279 5
622 79647 202 474 10 9512 18 3439 24 3 187305 303777 5
17 745 7 928 8 960 18 25407 3112 14 189 182785 8 14510 182785 1260 5
41030 4 9536 4 8 446448 35 590 33 2209 9 17592 13 51835 6536 101782 10 13252 10989 543 15 3157 4 34193 4 7712 653 8 16194 2000 538 187305 5
158 220 9 168986 1217 6 10732 1327 5654 25 3 2233 103 9583 3 642 7 518 35 40739 33 5
17 16277 3157 2419 16 3 528815 1129 35 8 346 8 2846 22723 7 3 40739 33 5
17 31479 2000 31 53 352 4 149911 4 318901 8 2463 7 5
17 7712 653 2000 31 3 1153 8 48517 7 3 7712 926 5
17 16194 2000 31 53 536 4 92541 4 2906 8 7564 1129 5
17 1391 8958 3455 18 202 5
145 162 220 575 9130 13252 2233 4 150 575 6536 101782 1260 8 28076 14510 101782 1260 5
17 4888 2565 13 3 396 20683 1260 8 3 18297 12483 7 3 101782 1022 9 265 39624 8 165644 5
1604 4 4 8 5707 35 33 220 9 23333 4893 543 19372 11917 24 67818 14 9674 7 6536 182785 5
145 5018 220 9 5373 6951 4895 31660 6 30174 3 6536 101782 8 14510 101782 5
17 2233 42 3455 25 2131 2119 10989 10 3 5
17 4888 3439 480340 202 9512 8 497726 202 48581 5
17 67818 4538 3112 18 11856 770 8 8265 167005 27964 4 47 2818 5
17 221 7 18679 220 18 341 10 3 19372 11917 24 67818 5018 5
4 84615 4 50365 4 4 8 35 590 33 1379 9 17592 19 67 1959 4 87930 8 19372 7 6536 101782 10 44242 8 13677 538 22190 11856 8668 8781 35 33 5
16 220 10 189 1959 5
17 16277 2000 31 28024 543 15 3 121026 7 3 513935 35 413551 2367 33 8 3 34193 5
622 7602 202 8958 8 9 1153 7 21803 2915 23261 147 7784 42 217 5
17 2234 59 2209 13 3 101782 19 396 1646 18297 12483 42 3 689 13753 7 3 87930 5018 5
195839 4 141473 4 8 236559 35 6833 33 1919 32 1217 13 51835 6536 101782 10 13252 10989 538 5373 2000 5
2431 4538 31 12956 53 3610 6825 2376 35 48694 33 8 3033 14006 3235 16301 35 33 4 11245 2000 21946 4 93880 2000 21946 8 32 5373 5018 5
158 12354 11245 2770 25 48694 10 67 17020 8 19 93880 2000 5
17 522 42 108143 202 8958 4 128065 202 9512 8 79647 202 48581 5
17 17592 31875 9 100402 7 39811 13252 16569 12354 24 50669 4 3868 10 5180 101782 8 2628 14510 101782 25 4937 826 5
17 231 7 67 61638 2233 14 3157 543 2000 21946 142 5121 3 9512 4 44 13100 3 48581 7 3 296 8 740 5018 106 7 3 1574 2376 7 3 1081 182785 955 15 3 1494 7557 434202 10141 12283 3462 5
35 6833 33 1273 32 1217 6 30174 6536 101782 10 179 5835 53 166 70244 4 4 8 86064 9600 5
17 5018 5181 189 3 6536 182785 8 3 2867 5114 317 6 3030 3 28917 10 67 9022 1225 53 249 33 26177 4 47 7005 3 39079 21 34604 49 3519 4 8 341 33 5114 11963 13571 5
17 1973 5536 6570 18 3 261 6536 957 652 447 35 33 4 47 4286 575 63902 10989 5
145 5018 3619 10 74544 202 8958 5
1700 5536 3345 50525 227024 6536 101782 19 3459 2573 24 86876 5
17 101782 2233 18 22534 19 9 1078 14937 1078 39079 2801 14 25418 3 5114 23070 5
238 26177 522 10 16194 10777 4 87 16 93 3489 13 3 182785 1973 14056 16739 70 4867 2000 7 3 182785 16194 5
17 17592 1589 24 16453 8 16453 35 7560 33 2527 196094 177751 6 13012 67 38451 5
17 38451 7 3 1966 3076 31 220 21 2000 6 5199 6294 1888 6 6536 8 6 30174 3 8254 21 101782 49 14510 101782 5
6832 7432 9264 25 3 4 43 3439 136866 202 8958 4 131876 202 9512 8 133960 202 48581 5
17 5018 41748 2430 19130 21443 20973 16 3677 76 7557 3157 7 3 5811 4 44 8009 7 337482 4538 5
66 18 220 7432 9264 19 9 676 7 22991 5325 4 8 101782 5
24460 133534 12283 3462 5
35 7560 33 4 1273 3 19372 7 6536 101782 8 14510 101782 538 156219 7139 16705 5
17 66413 7 3 16705 18 543 15 234318 2855 4 47 42 3677 6 3 28917 7 3 182785 1026 5
17 187305 303777 8 3 70865 1625 35 33 54861 42 220 5
17 35 85452 10989 33 3619 10 420152 202 1153 8958 4 202 1153 9512 8 133960 202 1153 48581 5
81 3 162 1589 24 70258 12283 3462 5
35 33 3 4888 231 33855 4807 27964 6 389779 3 352 7 3 101782 276 13896 6536 6404 6948 671 19 3 642 7 518 5
17 17592 16 3868 76 67 1959 5
17 74 57 16 3 1973 337482 5
17 169 57 62358 3 12400 1022 24 3 14446 7 101782 5
17 8365 220 302 93927 8 3455 32 8958 7 1818 202 5
145 162 2527 32 65179 8490 65420 5018 6 9676 3 6536 642 4 2790 3 72 87930 565 5
527 4 46 31660 4 742 33855 4 2818 90 19393 4 6234 39386 10 46 162 5
17 17592 1273 24 32867 4 108813 4 59570 4 8 18409 35 7782 33 6274 9 6536 182785 87930 5018 4 1967 15 101782 5
17 4888 6564 3 17592 76 108 1959 5
1532 4 3 1973 337482 12244 57 2007 9546 19 32 33855 8515 5
20379 4 3 244402 397 9674 35 40966 8 29595 33 16 5054 538 2614 3323 31660 4 6 384 244402 266 5
34910 4 13760 7 3 6536 2452 16 617 538 187305 5
17 17592 3439 32 8958 7 117633 202 5
17 2614 3323 5533 6 7367 244402 266 16 1695 3538 6 16960 4 47 16 3 689 1236 7 46 162 5
17578 15 3 10989 1277 4 46 5533 3092 5473 15 3 33855 8515 5018 8 187305 773 6 34 1075 3 72 87930 8 163 87930 13544 5
20024 4 4 39992 4 4 8 165661 35 2076 33 6274 9 52678 284 6 7367 6536 101782 10 13252 2233 538 182785 8 4968 21443 18683 8 9 43420 41171 2419 14 10753 3 101782 5
659 30174 4 528815 2000 42 16277 4 4939 15 9 8487 25927 284 4 13 19756 101782 25 14510 101782 6294 4 538 187305 8 49474 133951 3673 5
145 17592 1049 32 9512 7 79647 202 5
22651 745 7 5536 42 3467 14 8557 5
17 162 7 70258 4 19619 4 4633 4 6794 4 8 192978 35 33 12966 9 5018 6 2769 6536 182785 9674 543 15 31479 2376 7 3 1130 3457 857 10 13252 2233 5
17 17592 3439 32 3235 9512 7 132677 202 5
17 17592 18 12354 19 3706 63902 4463 13252 9264 5
17 1547 1131 27 45 962 19 40 5948 8 13753 5
81 46 162 4 80 1273 9 17592 13 54527 138 63789 5
17 1045 7 138 1131 4 19 3 5694 7 24460 133534 12283 3462 5
35 7560 33 4 32867 12283 3462 5
35 7782 33 8 20024 12283 3462 5
35 2076 33 4 25810 265 9264 14 40 542 745 5
145 162 1141 3 1653 7 231 9 4279 221 7 9264 4 3581 24 24460 133534 12283 3462 5
35 7560 33 162 5
32867 12283 3462 5
35 7782 33 2614 3323 1217 16 177 3538 6 16960 4 7196 25 3 1273 5018 7 49474 216359 4 47 16 799 3538 6 91 4 463 6 50 13991 2763 5
17 162 7 33649 8 3716 35 1422 33 2527 25407 75563 101782 8 14510 101782 1260 4 10 2906 7 3 1273 17592 5
17 101782 1260 31 75563 538 17482 24 3 50669 8 3 14510 101782 31 3455 25 24460 133534 12283 3462 5
35 7560 33 17592 4 121 3 14510 182785 8960 10 46 162 16 5998 4209 5
41030 12283 3462 5
35 590 33 8 12283 3462 5
35 590 33 2209 9 9512 2807 463 6 3 18297 12483 7 3 101782 1260 5
1563 162 2527 21946 4309 1816 543 15 16194 6 4417 46 983 5
1604 12283 3462 5
35 33 8 70258 12283 3462 5
35 33 40 6599 19491 4538 13 1871 4 94425 3455 5
17 1494 8912 5018 18 9888 10 46 162 6 34 236 120 4 21 166 21 53230 5018 5
5583 4 195839 12283 3462 5
35 6833 33 8 10141 12283 3462 5
35 6833 33 4309 31 9888 6 10775 2000 25 49985 16569 25 3 13252 9264 5
145 142 1128 3 1375 10777 7 3 6536 101782 4 92 3 3112 16569 112 34 17544 70 317 1622 6 4517 3 5811 5
145 162 2527 70 3 23708 2763 7 3 13252 10989 10 189 1273 4538 5
20498 249 61685 3 6599 5
20498 249 5
52788 7 3 1547 1131 5
11642 84812 37354 21436 7970 3272 33649 8 3716 35 1422 33 182785 19372 90926 575 60219 2000 8 1153 48517 6 30174 6536 101782 8 14510 101782 538 187305 41030 12283 3462 5
35 590 33 182785 19372 575 23042 182785 19372 538 187305 8 3157 4 34193 4 7712 653 8 16194 2000 1604 12283 3462 5
35 33 182785 19372 2131 55706 11917 24 67818 538 6951 4895 12283 3462 5
35 590 33 182785 87930 8 19372 4937 19372 538 16194 8 34193 2000 195839 12283 3462 5
35 6833 33 182785 19372 90926 4937 23042 101782 19372 538 48694 8 2000 10141 12283 3462 5
35 6833 33 182785 19372 575 23042 182785 19372 538 26177 8 5114 11963 16453 8 16453 35 7560 33 182785 19372 7432 182785 8 14510 182785 19372 538 38451 7 3 1966 3076 24460 133534 12283 3462 5
35 7560 33 182785 19372 85452 182785 55706 8 14510 182785 6294 538 156219 7139 16705 70258 12283 3462 5
35 33 23042 87930 90926 302 65179 4807 27964 6 389779 6536 32867 12283 3462 5
35 7782 33 182785 87930 32623 260268 2614 3323 8 187305 14 19372 20024 12283 3462 5
35 2076 33 182785 87930 22651 528815 2000 21946 8 187305 8 49474 133951 3673 14 19372 70258 12283 3462 5
35 33 182785 9674 90926 3706 18914 67818 8 52324 27647 2376 14 6536 182785 9674 931 2062 1550 6 3 1444 7 3 1273 17592 5
79 221 7 4538 31 12956 8 3 2279 4309 80 231 31 8639 6 138 7 24460 133534 12283 3462 5
35 7560 33 5
931 4309 42 3112 106 43 31 10190 8 10559 5314 522 5
145 2124 5181 3 4538 220 10 3 2419 21946 1092 7 189 3 7732 86044 8 3 672 45546 5
49474 86044 49474 2433 31 2520 13 32281 247 10 2129 76454 35 4540 33 5
17 2113 13 31710 192 2520 1186 6 10779 10 825 1225 6 521 18335 4 8 40 42821 4 1945 8 27376 31 92266 10 9 11580 916 5
6297 15 3 49474 2433 4102 4 13991 27964 8 391362 42 2925 1254 21 2520 13 231 49985 2233 21 3 1566 5
17 1570 4 226 3 7732 121932 35 8912 33 4 865 10 3 39079 7 7712 653 2233 35 10141 323 7744 4 911 33 5
9818 6942 4 90 1945 35 1627 4 3070 4 1223 4 3241 4 4397 8 365 33 31 6453 10 3 8912 2113 5
137723 408 2113 31 15557 21 3587 7 3 8639 11521 5
17 17355 4 21 166 21 3 1051 7 3587 4 337 21 6942 8887 5
3194 8912 29 1087 10777 53 9575 16 3 89 49 7 3 391362 31660 4 16054 35 9575 33 16 3 536 7 3 1570 10 89 9575 109 35 9575 33 16 3 11521 3 1570 9317 6 10 89 9575 109 8 35 9575 33 16 3 2737
158 398 6 3 8668 50676 19 3 1391 7665 35 325 3235 33 21 43 9867 536 25 3 1566 6 2769 46 733 5
17 568 3 7665 7 3 50676 4 3 1370 3 1058 7 536 11974 5
187 31 550 954 13 3 391362 383 1667 5
17 954 31 3677 6 329 89 9575 285 3 194 7 3 4165 14 329 8912 4114 5
4 5
17 2007 871 7 329 8912 16 5
4 9575 4 92 39101 35 9575 33 11102 4 153 11179 5
332 290 4165 4 92 3 536 7 120 8912 16 287 58 9 3033 871 4 23 11179 5
17 8912 16 2207 25 3 1973 5
53 39101 35 9575 33 4 5
332 290 89 9575 4 3 391362 36 398 232 6 108 537 912 4 2209 10 446326 35 249 33 5
35 249 33 35 9 33 208 3 3235 50676 7665 7 3 704 50676 7 35 9575 33 7 3 8912 4114 16 798 58 3 50676 7665 7 35 9575 33 4 3 8912 340 34 398 5
35 8862 33 208 3 3235 50676 7665 7 3 704 50676 7 35 9575 33 7 3 8912 4114 16 568 58 3 50676 7665 7 35 9575 33 8 23 16 2665
35 8258 33 208 3 3235 50676 7665 7 3 704 50676 7 35 9575 33 7 3 8912 4114 16 568 58 3 50676 7665 7 35 9575 33 8 23 16 34 2665
53 39101 35 9575 33 4 5
355 32 8912 4114 2503 4 23 36 1528 57 1513 7 536 4939 24 5
4 72539 53 8 11179 5
355 391362 4114 8 72539 13223 3 216 2737 22 3 216 89 4 3 57 19 3 568 536 18234 8 3 83 57 11179 5
4 5
17 8912 4114 34102 94 7 3 50676 7665 23 3443 10 22 89 9575 4 92 23 918 5
145 1058 16 4902 76 536 5
4 72539 53 39101 35 9575 33 4 5
17 3235 536 3 391362 71 4643 16 4939 21 5
17 954 31 3677 6 70 391362 22 70 400 5
134 71 10992 3 164 7 1188 8 1760 7 3 1193 5
473 6942 4 93 1570 36 2644 49 23305 10 9 11521 35 1188 33 22 9 1087 89 5
15897 391362 36 398 6 692 7 272 7665 6 9867 536 4 1373 9 1513 8255 35 1760 33 5
17 665 16 9 164 7 1760 5
999 4229 3 1959 351 10 3 6942 7 3 391362 4 80 71 268 10775 4116 317 5
17 1051 7 61652 8 17355 10 3 391362 31660 1018 30445 5
931 2763 26077 3 16194 2000 7 3 1566 137 9 507 7 6942 23070 5
17 23070 31 53 2204 6942 4 73194 2357 4 11521 7566 8 2430 3201 35 10141 12283 32330 4 6833 33 5
17 2204 6942 11963 2464 3 221 7 391362 147 55978 5
17 221 7 391362 7684 22 290 43241 106 7 3 32137 7 536 4 8 5473 15 3 10683 7 18438 8 12768 7 7665 10 3 1566 5
17 169 11963 4 73194 2357 4 16 825 6 3 2204 6942 11963 5
66 2464 3 221 7 76394 391362 147 43241 5
17 11963 7 11521 7566 16323 3 221 7 17355 3192 24 3893 496 9 23348 7 3457 5
17 76783 7 3 23348 1646 522 10 2121 17355 19 48 2113 147 11521 5
17 2430 3201 16323 3 11245 8593 7 3 17355 22 523 16506 5
23620 28024 321 6 9833 2430 23033 5
145 11963 16 32 533 5533 14 31644 16194 5
4105 45546 17 53230 16 9 16521 449563 19 3758 13 3001 4814 35 323 115465 4 280 33 5
17 53230 13863 9 10577 4 8 3 4814 12544 28673 5
17 221 7 4814 10 3 53230 16 2118 24 3 4650 8 3 182 10620 20587 5
17 53230 25067 317 543 15 38451 2000 7 6034 5
966 48378 13693 4 133 21 325 108170 4 71 26 220 5
17 80850 13720 16 7081 220 6 13012 3 108170 35 1604 4 78082 4 4 323 43693 4 33 5
520 2000 142 26 16277 538 3 80850 108170 35 4 7155 33 5
364 7 192 2000 16 3 1153 2586 7 3 66590 17016 35 6219 33 4 47 71 26 7154 538 446326 35 341 33 5
35 341 33 10 47 16 3 3890 10620 7 3 16 3 676 221 7 17016 8 16 3380 24 446326 35 459 33 5
35 459 33 17 13759 7 3 1153 2586 4 47 16 226 3 16521 48517 35 33 4 16 43420 538 446326 35 503 33 5
35 503 33 17 16521 2029 13422 35 33 16 7154 24 446326 35 500 33 53 35 500 33 10 47 16 3 16521 48517 5
17 1153 3979 4385 35 7168 33 16 43420 538 446326 35 708 33 53 35 708 33 10 47 9424 16 3 676 221 7 17016 5
17 35 9273 33 16 43420 24 446326 35 700 33 53 35 700 33 10 47 6219 16 3 1153 2586 7 3 66590 17016 8 9424 16 3 676 221 7 17016 5
17 35 79 33 71 26 16277 25 3 53230 8 16 43420 538 446326 35 704 33 5
35 704 33 10 47 6219 16 3 1153 2586 7 3 66590 17016 8 9424 16 3 676 221 7 17016 5
81 46 2124 4 80 4301 3 1273 17592 5
17 689 733 7 46 162 16 6 13014 9 4547 17592 14 3 19372 7 1260 76 101782 49 14510 101782 5
187 31 179 16200 53 1973 3310 4 2419 21946 4 19372 8 25017 5
81 3 74 4141 4 182785 1260 31 16277 25 8 3 14510 182785 1260 31 16277 25 24460 133534 12283 3462 5
35 7560 33 5
17 169 4141 16 2419 21946 4 47 16 2828 538 108 4309 53 7732 86044 4 3 672 45546 8 9 5373 1506 25 189 2520 5
17 296 4141 16 3 19372 538 3 187305 303777 5
17 73 4141 16 3 25017 7 3 19372 4 2161 6 1415 3 15487 7 3 17592 5
98586 249 14103 3 1273 17592 5
98586 249 5
35496 17592 283578 5
21755 3310 17 6536 2233 220 10 46 162 31 558 10 3 173 5536 35 270448 12283 32330 4 2076 33 5
520 4860 4 133 21 2838 1720 4 2119 6791 8 6536 957 6708 4 31 4939 24 3 5691 5
17 5536 4286 162124 13252 9015 507 8 20537 118568 9015 507 5
3194 1973 4286 317 3136 3 101782 4 133 21 2737 4 1646 4 11036 8 83147 5
17 10989 31 4277 24 179 7527 8 70 28778 31 2573 10 3 31936 5342 5
520 10989 3576 11130 317 148 3 1973 7775 8 3 31936 5342 5
12502 4 97 85452 13252 10989 42 3112 6 26 176 7 3 1026 5536 5
17 2233 31 3868 76 67 14431 53 182785 8 14510 182785 1260 5
79 13252 9015 4 1252 24 3 5536 4 4286 6536 101782 17482 25 3 179 7527 5
17 9015 142 27 57 49 48 101782 2824 13507 5
5356 3 7527 7683 15 3 6708 5
931 17482 3576 3 25927 8 3 16569 7 3 7557 13252 7784 10 47 3 101782 31 170 5
17 1646 7 3 182785 16790 25 459 26741 6 306 26741 5
17 5536 340 3576 182785 17482 13 31 287 58 459 26741 4 44 43 31 3380 24 9 837 11572 4 34 24 9 55388 2031 5
931 1731 101782 31 34 848 10 46 162 5
98586 341 16323 90 6200 7 182785 1260 220 10 3 1273 17592 5
98586 341 5
39811 1069 7 182785 1260 5
134 19491 70 3248 2824 24 7527 21 101782 5
273 946 4 92 3 1973 29 179 26561 4 80 231 91 10 3 928 8 960 21 179 9022 101782 5
17 867 16 6 231 70 3 3514 5077 5
17 14510 182785 1260 42 16277 25 3 17592 962 24 24460 133534 12283 3462 5
35 7560 33 5
1700 162 2527 3 1277 8515 31660 979 24 9 875 642 6 5280 6536 182785 8 14510 182785 1260 25 3 5536 5
134 220 14510 182785 1260 25 24460 133534 12283 3462 5
35 7560 33 106 40 162 16 4547 5
14510 101782 31 8766 25 3 9674 1092 8 71 26 38492 10 3 1273 17592 5
1700 182785 1026 5536 16 34 4723 10 3 1379 162 106 3 5536 16 396 35 8 142 3847 665 10 165644 33 677 6 3 3514 17482 25 5
98586 459 10260 6200 7 14510 182785 1260 5
98586 459 5
39811 1069 7 14510 182785 1260 5
49366 21946 17 21946 7 2000 8887 10 46 4141 5
145 16 9 1622 1092 14 59833 19372 5
17 1273 17592 2527 108 4538 14 2419 21946 5
17 74 57 16 3 391362 1506 4 3 169 16 3 53230 1506 4 8 3 296 10556 2000 25 3 391362 8 3 53230 5
231063 16194 35 3 672 45546 1506 33 17220 3 9063 7 189 3 48378 8 3 7665 317 10 3 2233 35 10040 4 15429 4 323 94549 4 7782 33 5
83571 13 317 10 9 325 11552 36058 3 1951 7 5266 10 3 2419 21946 106 3 66590 1131 19 3 12029 4 5226 7 837 50676 7665 13422 5
17 231 7 7732 247 4102 10 1973 19372 3619 10 3982 522 24 10141 8 7744 35 911 33 5
17 391362 5018 1252 272 653 11245 2000 13 3001 236665 10 3 28024 7 3 2233 5
1354 4538 19491 523 3351 7 16676 976 3 16194 5
208 220 671 4 43 142 1128 12110 8 3 303777 29 3 9063 7 189 4309 5
49474 86044 17 391362 1506 8 3 1959 1622 6 10775 3 2419 83735 31 2209 10 98586 503 5
98586 503 5
391362 1506 45546 5
17299 249 2527 189 182785 8 14510 182785 1260 8 104428 3 12510 13991 23070 25 3 391362 31660 14 70 2233 5
81 1092 341 4 3 47298 31 3112 6 1015 10 59833 2419 21946 4 47 16 543 15 3 3272 148 3 23070 5
17 47298 7 182785 1260 31 3 13252 10989 13 282 3001 3 1519 5536 5
17 48 825 3 23070 7 3 182785 47298 31 6 3 1026 10637 4 3 568 3 13300 7 3 1026 7880 6 3 182785 1427 5
17299 459 2527 3 3272 148 3 1260 8 3 20565 23070 8 3 352 163 3 1026 23070 21 2000 5
17299 249 53 17 21946 7 3 13991 23070 35 3 391362 31660 16 3677 6 329 1026 25 3 67 1687 14431 33 12244 179 13991 23070 5
134 304 90 13613 6 3 391362 5018 1589 24 10141 8 7744 35 911 33 5
134 9888 3 391362 6 13252 10989 106 43 31 157302 2233 5
391362 2113 142 398 10 3 14937 4 11348 8 64399 38629 5
17 391362 18386 3 1239 11552 904 1016 7 3 767 704 11552 1535 5
98586 500 10260 3 8912 9384 14 46 162 5
98586 500 5
622 8912 2106 6085 11552 5
17 760 30917 16 3 8912 2106 5
17 8243 31958 31 3 11552 513935 5
35 9 33 39811 704 50676 11552 25 10141 8 7744 35 911 33 5
35 8862 33 17 1273 7557 1239 50676 11552 5
17 84 391362 23335 3 221 7 2007 391362 538 3 513935 34 10 3 3519 21 3 2737 14 3 77571 2113 5
17 551 391362 1217 48692 6951 2371 6 2113 5
145 1217 16 34 1783 14 6536 182785 8 14510 182785 1026 2233 106 3893 1619 10 3519 513935 36 34 12248 19 16194 10887 5
23661 36 26 5325 8 3 11963 21946 36 3576 11177 317 3136 3 1566 5
134 71 10992 3 3225 7 290 1026 11963 22 3 194 7 3 21946 5
98586 708 16323 3 23070 16277 25 57 182785 1026 5
98586 708 5
118214 16277 25 57 182785 1026 5
17299 341 53 81 46 1092 4 57 49 48 182785 1260 31 3112 21 47298 5
337555 3001 3 1519 182785 1026 5536 14 454 4631 148 3 47298 8 83 1260 5
134 2401 47298 97 25 3 182785 1260 106 7 3 19618 221 7 1260 10 46 5536 5
66 16 2538 6 384 3893 13 282 3001 3 1519 197 538 9 1731 1084 5
17 182785 1026 5536 4286 1355 317 3136 3 1646 7 3 101782 4 47 16 220 6 10792 3 1414 7 3 20565 5
134 3476 108 47298 35 459 26741 6 183 26741 4 407 26741 6 302 26741 8 1004 26741 6 306 26741 33 106 7 3 13422 10 3 1646 7 3 101782 5
435 6098 3 20565 4 3 13991 23070 31 16277 5
17299 459 53 17 380 1092 6268 3 2419 60401 5
473 3 13991 23070 7 3 1260 8 3 47298 3455 4 3 2000 31 7154 10 67 1225 53 11963 3272 8 352 163 3 11963 5
17 11963 3457 36 13012 3 27647 148 70 1260 8 70 47298 13507 5
17 9059 7 3 2233 10 3 5536 31 523 106 7 3 7139 7 3 1260 10 3 5036 5
145 7139 142 321 3 391362 31660 6 1000 9 12911 221 7 2007 391362 5
17 3457 148 23070 142 7702 215 146 4 141 65 23070 3564 25 825 28024 27 8639 3225 5
17 1026 23070 31 48871 148 6494 8 249 10 3 411289 35 5714 3 3157 7 3 23070 33 6 1128 46 17954 5
17 14561 220 31 3 234324 35 158929 4 5108 33 4 210199 35 199412 323 292296 4 280 33 4 1906 7100 35 4 193101 4 323 33585 4 1422 33 4 35 4 14879 4 47153 4 323 4 590 33 8 2568 35 15669 4 347126 4 113153 4 323 4 280 33 5
273 290 20565 4 3 218 14561 31 7154 8 255 76 3 2000 60401 5
17 352 163 3 13991 11963 7 290 1026 16 848 10 3 2419 60401 5
23022 25 672 45546 1506 17 53230 1506 16 2209 10 98586 700 5
17 1506 4286 3 5018 45546 8 3 1959 1622 6 10775 3 2419 60401 5
98586 700 5
53230 1506 45546 5
81 1092 249 4 3 80850 13720 16 3677 6 329 1026 4 7470 3 7592 8 192170 4 9 1808 35 4 192170 33 14 290 1026 1973 5
931 9906 7 7592 31 220 10 1092 341 14 3 66413 7 3 108170 5
17 80850 108170 31 10637 137 3 53230 5138 10 678 6 10775 3 2000 8 6 1000 3 2419 60401 5
17299 249 53 17 80850 13720 16 3677 6 3 1260 5
364 1808 7 7592 35 4 192170 33 16 3455 14 290 1026 35 98586 704 33 5
17 1506 4286 3 5018 45546 8 3 1959 1622 6 10775 3 2419 60401 5
98586 704 5
80850 13720 3677 6 57 182785 1026 9130 5
35 9 33 17 1494 1973 35 8862 33 16496 35 8258 33 192170 16496 5
145 1315 16 5913 10 329 9130 7 9 1026 106 23 16 9 49985 5018 5
17 108170 31 29371 671 76 9 837 53230 147 1026 5
17299 341 53 17 80850 108170 31 43420 14 329 1808 7 7592 35 4 192170 33 10 70 14510 3519 1973 39079 5
187 16 93 16194 13422 10 3519 39079 4 95 23 16 11177 6 231 3 66590 317 22 192 3459 5
17299 459 53 17 73 1092 2527 70 108170 8 6268 57 53230 5138 147 1026 5
98586 782 16323 57 53230 25 3 108170 43420 25 3 8639 182785 1026 6 98586 123277 5
17 508 2000 31 7154 25 3 9255 53230 53 1153 2586 4 16521 48517 4 16521 2029 13422 4 1153 3979 4385 4 8 5
931 11129 31 2167 76 3 2419 60401 5
98586 782 5
53230 7 9 182785 1026 35 98586 123277 33 5
23022 25 5373 1506 17 5373 1506 16 9935 7 3 391362 8 53230 2520 5
66 522 10 57 2419 60401 47 16 9 3109 7 3 2419 83735 1601 24 3 83 67 2520 5
98586 183 16323 3 5373 1506 1488 5
98586 183 5
22510 1506 45546 5
20498 341 61685 70 2000 1379 10 3 391362 8 53230 2520 5
931 2000 36 26 2164 76 9 837 2419 60401 10 3 5373 1506 5
20498 341 5
23022 858 5
49474 86044 4105 45546 23022 2204 6942 1153 2586 73194 2357 16521 48517 11521 7566 16521 2029 13422 2430 3201 1153 3979 4385 23070 692 10873 5
55706 17 182785 8 14510 182785 1260 31 1804 21 67 1687 3597 5
134 220 3 270 60401 2953 35 187305 33 303777 19 3 2000 16277 10 8941 10548 5
187305 16 9 182 7 12391 2854 27964 220 14 19372 49 56018 35 2804 33 5
66 16 9802 6 337 64431 19 187305 5
145 955 2228 3 6652 7 1812 628 3898 5
622 6227 1185 7 187305 4 3 526 1351 4926 35 15669 323 14879 4 2076 33 4 16 220 10 46 162 137 3 4462 8825 5
17 3112 54861 16 3 4 8 3 19393 8258 8 31 1221 538 3 7132 1046 31660 35 323 4 2560 33 5
106449 17 73 4141 10260 3 12890 7 3 17592 4 9365 50 31392 871 5
66 110458 3 8958 4 48581 4 9512 35 32179 323 4193 4 2773 33 4 13422 85612 7 8958 35 136041 4 36941 4 271262 4 323 161612 4 2076 33 8 6051 1219 15565 35 102187 33 11963 35 6992 4 2773 33 5
17 1519 5536 7 1026 2233 16 75644 76 67 600 53 928 8 960 5
17 2000 31 16277 538 3 108 1273 4309 5
17 522 31 12354 8 677 6 83 1547 1131 5
37354 8960 134 220 3 35 270448 12283 32330 4 2076 33 1973 5536 47 16 558 15 3 1052 21 9 665 7 3 3320 148 3 23042 21755 37354 19231 8 3 21755 37354 18983 9492 5
766 2233 31 10 175467 6170 8 27 55 6 697 8675 147 5
17 43420 35 13252 33 42 3564 538 1678 18193 4 47 38828 3 9674 7 6536 101782 5
81 46 5536 4 290 7784 16 6234 6 9 3359 4623 317 3136 3 82242 8 2000 7 290 182785 4 7543 24 179 3514 7018 5
17 82242 6154 3 266 35 14937 4 11348 4 64399 33 7 3 182785 5
17 1519 642 976 3 82242 16 351 76 5139 154 3 8557 24 129 17592 5
17 2000 4459 3 2763 7 3 182785 4 150 53 2463 7 5093 22 9674 4 121830 653 4 653 4 2463 7 8 2463 7 83147 5
527 4 46 317 16 97 7716 14 101782 19 121296 1978 58 459 26741 8 1731 58 306 26741 5
273 101782 1731 58 459 26741 4 3 7527 4459 97 3 1387 7 3 2199 5
27666 1978 58 306 26741 31 1109 6 26 11518 5
17 4286 162124 13252 10989 5
520 35 21121 33 10989 3576 67 2193 13 132 129 17592 2784 5
17 74 2916 16 1547 6 10989 13 27 93 101782 1978 58 49 3628 6 459 26741 5
931 5342 112 34 3576 3 2763 3039 996 5
17 169 2916 16 1547 6 120324 10 3 6393 3359 4 65 23 340 34 868 3 317 3345 10 3 175467 7775 5
12502 4 80 97 3677 3 17592 6 3 1652 85452 10989 5
134 220 3 85452 10989 21 928 8 2279 5036 14 19372 5
134 16277 182785 1260 25 192 10989 543 15 3 7527 26561 5
1655 24460 133534 12283 3462 5
35 7560 33 4 80 19696 14510 182785 1260 5
949 19 440 108 400 21 117 14510 101782 21 101782 4 3 187305 303777 16 488 6 25450 3 8960 7 192 67 93927 463 6 3 9022 10777 83735 148 3 67 5036 5
17 1026 5536 18 47930 3868 76 928 8 2279 52607 5
2431 3351 7 14635 42 220 53 302 202 14 928 8 1614 202 14 2279 4 716 202 14 928 8 1054 202 14 2279 4 1054 202 14 928 8 716 202 14 2279 8 1614 202 14 928 8 302 202 14 2279 5
3194 5084 16 218 400 5
187 31 218 9022 23033 14 3 1026 14635 5
17 733 7 46 1217 16 6 5441 13 3 522 31 4547 5
766 600 581 3 4 3 4 3 4 3 8 3 7 3 218 23033 12354 14 290 5084 5
118214 2376 17 14314 7 3 6942 23070 16277 25 3 391362 5018 71 26 11737 10 307 1225 5
98586 407 16323 67 5036 7 16569 4 9 182785 8 9 14510 182785 5
134 6786 3 23070 16277 25 192 67 5907 16569 5
98586 407 5
40373 16569 5
35 9 33 182785 8 35 8862 33 14510 182785 946 5
17 2204 6942 11963 14103 3 221 7 882 391362 147 43241 5
118214 19 9 5564 2007 8369 2826 3001 3 2025 42645 7 391362 6 272 7665 3459 5
17 14510 101782 112 34 27 9 2190 3225 106 87 16 93 16194 5195 1547 6 272 8 799 7665 5
527 4 3 101782 3615 2399 272 56092 10 9 265 3459 106 7 121830 5
98586 403 842 9 6372 8593 7 46 11963 19 3 67 5907 16569 25 98586 407 5
98586 403 5
75250 7 14510 182785 8 182785 2204 6942 23070 5
17 73194 2357 11963 29 9 6754 3225 4 825 6 3 182785 2204 6942 11963 5
17705 19 3459 7 34647 272 7665 142 27 48 14423 391362 14 3 2007 12104 5
527 4 3 221 17094 10 4831 61652 5
145 6347 16 1029 14 14510 101782 5
98586 698 10260 3 3225 7 3 23070 10 189 745 5
98586 698 5
75250 7 14510 182785 8 182785 73194 2357 23070 5
134 71 15564 3 17355 19 1731 23348 21 34647 12768 19 272 121026 5325 8 137723 6810 137 3 16194 7 3 1973 5
118214 19 9 272 221 7 17355 19 9 396 23348 31 170 22 3 380 650 7 391362 10 14510 182785 5036 5
98586 685 10260 46 3225 10 4631 6 3 14314 7 3 11521 7566 11963 14 101782 5
98586 685 5
75250 7 14510 182785 8 182785 11521 7566 23070 5
17 2430 3201 7 14510 101782 16 18297 5
187 31 528 600 7 391362 22 3 194 7 3 391362 650 5
145 3225 16 13631 10 3 2430 3201 7 101782 106 265 391362 816 408 6 57 184 5
145 6347 16 106 7 3 799 221 7 12768 19 272 7665 5
98586 409 16323 3 14314 7 189 745 7 2430 3201 5
98586 409 5
75250 7 14510 182785 8 182785 2430 3201 23070 5
9161 17 2000 31 16277 538 3 108 1321 962 4309 5
17 74 21946 16 1252 24 3 391362 5018 5
17 169 21946 2527 3 53230 5018 8 3 296 21946 16 2828 538 3 5373 1506 5
17 19372 18 2828 538 3 187305 303777 5
3194 5018 18 2870 8118 8 3 282 522 31 677 6 3 6854 8 2994 5
17 19393 1221 137 3 7132 1046 5533 6 3 54861 7 187305 42 8258 3628 6 46489 8 3628 6 341 5
17 522 7 3 391362 5018 14 2419 21946 31 2209 10 20498 459 5
17 282 665 3439 24 46 5018 18 19 3 5084 7 716 202 14 202 14 2279 4 19 7 124695 202 4 7 460234 202 4 7 131010 202 4 7 39258 202 8 7 5
20498 459 5
11391 3455 24 3 391362 5018 5
202 202 202 202 202 291665 38292 124695 460234 131010 39258 344063 365898 477984 51256 320997 249588 3921 17 522 3439 19 53230 31 217 10 20498 503 5
17 282 522 42 6453 19 3 5084 7 1054 202 14 202 14 2279 5
17 2770 3455 31 798 58 3 391362 5018 4 19 7 115172 202 4 7 202 4 7 416649 202 4 7 69768 202 8 7 5
20498 503 5
11391 3455 137 3 53230 5018 5
202 202 202 202 202 272342 120708 551414 479603 92508 115172 416649 69768 406225 367944 49026 17 522 3439 19 3 5373 5018 31 2888 10 20498 500 5
17 282 522 42 3439 10 46 1217 19 9 5084 7 1054 202 14 202 14 2279 5
134 210 7 133167 202 4 7 273728 202 4 7 285044 202 4 7 45448 202 8 7 5
20498 500 5
11391 3455 137 3 5373 5018 5
202 202 202 202 202 406123 516994 3127 139309 178637 319979 34115 133167 273728 285044 45448 9046 426247 54351 17 17592 1273 10 46 162 4964 4547 522 14 3 182785 19372 565 5
187 18 9 7581 23066 148 3 522 3455 10 1665 148 3 8912 8 53230 2520 5
527 4 3 522 42 2069 24 3 3109 7 192 2520 5
17 3800 7 3 4309 15616 90 177 4116 317 5
17 960 745 6564 24 523 14635 661 177 825 522 10 290 1506 5
214 770 3 14027 3112 64360 31 166 6955 141 19 48 14510 101782 1260 58 101782 1260 5
17 53230 5018 12134 333 15 1359 2366 489 35 33 5
1738 326 6 9109 24802 1359 21541 1260 16 1798 6453 15 22510 5018 4 106 10 4631 6 8912 1506 4 3 18 2069 5
145 16 3 689 4413 7 3 53230 2000 15 22510 5018 5
17 282 522 42 3439 19 3 5373 1506 19 9 5084 7 1054 202 202 5
17 1207 522 42 25 3 53230 1506 1665 5
17 53230 1506 1217 16 34 488 6 30174 6536 101782 5562 5
527 4 3 3109 7 3 391362 8 53230 2520 16 48 5314 58 3 67 2520 1363 5
17 282 665 14 3 11963 71 26 6453 10 98586 697 5
17 11963 10260 3 206 773 7 3 5373 5018 10 4631 19 3 391362 8 53230 6599 5
3701 474 10 9512 36 26 4730 24 9 4472 10 48581 5
134 10992 13 3 19547 1359 1432 489 16 3439 401 3 2654 871 7 3 2915 1432 489 5
98586 187710 11963 43971 25 1054 202 202 522 5
238 71 26 6453 25 3 5373 11963 4 3 5373 5018 773 1212 2638 25 3 391362 5018 5
527 4 3 53230 5018 59 1212 3 5373 773 4 742 19 287 1951 5
17 1033 14 46 16 3 9384 7 3 187305 303777 19 9 70865 1625 10 11952 19 10777 7 32012 16301 5
17 104 9992 2000 31 59 3 104 4279 1603 5
458 3 303777 16 1479 14 538 3 4279 2000 7 189 4309 6 25450 3 5373 773 5
9161 7 3 17592 42 6227 15 32 6015 206227 50773 4103 49003 62778 30653 897 1416 5
17 676 596 5577 400 7 3 21946 7 2000 4 928 8 2279 1959 42 2236 8 31 2209 10 65588 708 8 700 5
20498 708 5
98731 569 14 928 1092 5
41403 29139 39604 89 35 1577 33 49366 21946 15060 8557 5640 391362 53230 22510 20498 700 5
98731 569 14 2279 967 5
41403 29139 39604 89 35 1577 33 49366 21946 15060 2279 5640 391362 17471 5853 16395 53230 6822 20130 43849 22510 10566 8642 19050 20498 708 576 3 1153 596 89 8353 154 3 928 967 14 290 5018 5
17 2419 21946 16 3 104 20558 967 5
17 5373 5018 16 3 104 20558 106 23 10556 3 391362 8 53230 4309 5
145 967 2527 3 1519 5536 6 13977 3 1622 317 14 2419 21946 8 3 19372 14 1506 8557 5
145 8557 16 2828 538 3 187305 303777 8 3 16277 2000 5
17 928 967 71 26 2828 97 57 89 8 16 2236 10 9 3359 14 268 2279 5
20498 700 576 3 1153 39604 89 4 10 1577 4 14 3 2279 967 5
145 16 3 248 20558 967 106 23 16 2828 15 97 57 5907 5
473 3 3559 5536 4 3 2419 21946 8 3 1506 2279 35 19372 33 31 2025 385 6 2338 10 9 52678 284 19 5944 773 5
75250 19 1547 1131 20498 704 4995 3 522 3439 10 3 6854 5
931 522 71 26 677 6 3 522 3455 538 3 1273 17592 5
17 4631 16 26920 106 90 1131 220 523 14431 8 960 11952 5
20498 704 5
75250 148 129 522 8 522 7 1547 1131 5
11642 37354 21436 126073 478640 90025 102187 202 202 202 33649 8 3716 35 1422 33 90926 575 79647 41030 12283 3462 5
35 590 33 575 1604 12283 3462 5
35 33 2131 480340 497726 12283 3462 5
35 590 33 4937 7602 195839 12283 3462 5
35 6833 33 90926 4937 128065 79647 108143 10141 12283 3462 5
35 6833 33 575 74544 16453 8 16453 35 7560 33 7432 131876 133960 136866 24460 133534 12283 3462 5
35 7560 33 85452 133960 420152 70258 12283 3462 5
35 33 90926 302 1818 32867 12283 3462 5
35 7782 33 32623 117633 20024 12283 3462 5
35 2076 33 22651 79647 70258 12283 3462 5
35 33 90926 3706 132677 1273 162 85452 273728 285044 282491 1563 522 31 3455 25 3 5373 1506 10 3 5084 7 1054 202 14 928 8 716 202 14 2279 5
17 97 5050 4631 16 19 24460 133534 12283 3462 5
35 7560 33 5
1700 17592 18 12354 19 3 8639 912 5
13751 6 3 162 24 24460 133534 12283 3462 5
35 7560 33 4 129 17592 3439 9 1731 48581 5
66 16 287 3682 7 9109 48975 3 14510 182785 745 5
126073 1170 3 7453 7 4007 19372 10 182785 745 35 826 19 3 3346 33 8 129 17592 16 48 4213 5
47976 9 206 1760 148 3 9512 4 48581 8 8958 16 533 5
145 1760 18 34 170 10 24460 133534 12283 3462 5
35 7560 33 5
66 16 22663 14 3 17592 6 27 3 8855 221 7 5464 10 3 745 19 957 5
1516 1131 231 1731 49 9101 14431 4 47 9704 3 11040 7 3 522 10 4631 6 3 522 10 3 1379 542 5
227328 90 1131 231 523 542 745 4 80 6227 108 8176 4538 14 16194 2376 538 129 1665 11952 14 9 27765 4631 7 3 1273 5018 5
17 74 57 16 3 449563 4 3 169 57 16 3 8248 653 25310 15778 26895 8 3 73 57 16 3 6844 17442 12197 230503 5
17 522 31 2209 15 20498 782 5
20498 782 5
75250 148 8176 4538 8 1273 5018 5
41403 90025 202 126073 202 478640 202 449563 395858 114518 8248 653 25310 15778 26895 6844 17442 12197 230503 421692 35496 5018 35 22510 33 282491 273728 285044 5602 20498 782 4 23 71 26 6453 13 3 1273 17592 16 7156 6 3 8176 4309 4 19 3 216 5536 4 19372 5018 8 8557 912 5
17 1273 162 10260 485 785 19 46 4631 5
145 162 2209 9 5018 13 2527 391362 4 53230 8 187305 14 48975 6536 101782 8 14510 101782 5
17 1665 2828 19 3 5373 1506 10559 133167 202 1153 8958 4 273728 202 1153 9512 4 285044 202 1153 48581 4 45448 202 85612 7 13422 7 3 8958 8 1153 352 163 3 102187 11963 5
931 522 42 3455 538 3 5084 7 1054 202 928 8 716 202 2279 5
520 28671 42 115 6 3 391362 1506 5
17 74 9384 7928 3 231 7 13252 10989 21 3 1566 5
17 1494 391362 17592 220 97 39811 2233 5
17 83 337 16 3 11037 7 3 6951 2916 10 1973 2737 14 13174 391362 5
81 3 53230 1506 4 3 231 7 9 80850 66590 21 48378 628 16277 25 3 16194 7 3 1260 18 1254 5
17 48378 11245 13693 42 16277 538 46 5018 5
17 893 6 3 391362 1506 31 3 689 4413 7 46 162 5
931 893 9888 3 1506 14 3 19372 7 784 2233 5
1113 3 206 522 2209 10 46 1181 4 80 494 46 17592 71 26 2069 5
273 46 3644 4 80 8850 3 508 21 426 162 53 249 5
17 17592 2527 3 1494 7665 2770 7 3 513935 5
527 4 1547 1131 231 90 4538 6 54076 3 2233 9075 5
214 770 3 19372 522 144 1297 92 120 337482 5018 9346 166 10 3 17592 5
17 4105 151670 5018 231 3601 1646 14 3 4814 6 10775 3 66590 2000 5
622 33855 152 6 2401 3 1646 7 3 1031 142 25450 3 5018 665 5
17 47298 220 24 8912 5018 220 3 182785 1646 14 10472 3 47298 5
2625 10777 71 26 220 6 9409 47298 4 79022 5
3 101782 83147 2000 5
145 71 6265 84 2322 14 461 19372 1446 4 105 3 27714 148 13677 8 44242 101782 5
187 71 26 220 1547 4309 10 3 7732 247 5114 5
1516 13991 27964 8 4624 27964 142 26 220 6 7810 49 270 3 8912 5018 14 333 773 5
145 1217 142 59 26 9888 14 49668 507 2233 7 5378 13252 9264 14 4517 101782 8 50 3074 72 89 4 9 179 15209 2376 5
1354 3 391362 8 53230 4309 42 34 1940 220 10 3 182785 19372 565 5
17 8557 7 189 4538 4 8 3 3465 7 9 5373 5018 3001 32 533 4413 6 3 3186 668 5
249 3194 672 45546 1031 600 9 1079 7 17016 5
17 1978 3 1079 4 3 1978 3 1646 7 290 2124 4 8 3 676 221 7 7268 16 5668 5