145 542 6145 3 13797 565 10 175622 3685 5
17 3644 7 46 1381 16 6 1506 2875 6 4855 175622 13797 565 5
17 565 16 18213 21 6633 417 2214 13797 565 35 33 8 16 3868 76 67 4290 53 13797 8 255705 65 84 417 8144 5
17 4046 10 4424 7 2696 10 175622 16 18213 21 84 417 28741 37863 10 5
79 54395 7732 18843 11521 35 207726 33 31660 16 1273 14 13797 8 255705 19 84 417 35 2106 33 28741 5
17 6905 16 6 12042 35 3235 1332 89 33 5
79 84 1396 16 1273 6 504204 18843 11521 1193 5
622 12516 325 1046 16 1273 6 1297 31660 773 5
1796 255705 5310 31 1273 8 677 5
52141 46333 8365 31 1303 61 538 25524 6682 4482 9584 19 583 9584 25 175622 5
273 13797 773 4 207726 16 677 6 218 1806 27964 5
273 255705 773 4 207726 16 677 6 288 1906 187739 8 1273 5373 187739 5
17 522 8 10602 240 13 207726 16 1783 10 189 13797 967 8 56969 967 5
966 1296 4400 6633 417 2214 13797 565 35 33 10 3 271 1352 5
16 9 2020 7 3501 417 2214 13797 565 35 516504 33 5
81 4 32 1315 71 26 9490 15 48 58 57 1026 4081 5
273 12538 565 4 67 11933 544 27 6 26 1109 4 2953 10808 8 1315 30350 5
17112 10808 16 6 23335 9 5447 2953 14 290 1315 125 1315 30350 16 6 3035 70 884 15 4081 6 4498 16079 8 1277 2104 5
12502 4 16 48 4093 58 516504 565 8 16 6401 21 328942 572 565 35 297337 323 4 3728 33 5
17 74 542 6 1213 18 24 297337 8 37 1273 9 395088 31660 14 67 599 5
81 308 85 4 117 187739 8 88899 187739 27 45 4723 14 565 4 14 946 174871 1046 35 54069 33 35 4 4164 33 4 4624 31660 35 37566 33 35 23222 4 3454 4 323 8508 4 274 33 4 18982 23763 27708 35 124913 33 35 10141 4 76423 4 6793 4 323 23222 4 280 33 4 17229 255197 35 15329 33 35 6793 4 12661 4 323 23222 4 2076 109 6793 4 12661 4 4 323 54559 4 2076 33 4 34148 11521 27708 35 143030 33 35 52891 4 7744 4 6794 4 19959 4 323 59977 4 590 33 4 8690 12911 2621 1046 35 33 35 190588 4 53579 4 323 4 590 33 8 5373 27964 543 15 523 187739 8 88899 187739 5
2018 523 6599 4 7732 18843 11521 35 2616 33 16 9 1940 4723 23763 1442 31660 14 13797 544 5
2616 31660 16 9 2086 84 90693 88899 191244 1217 13 16 543 15 3 5961 3074 7 222702 1443 5
66 18 74 1273 6 4855 3 41748 12911 8 147415 11065 7410 35 4 744 33 5
966 19079 2062 27 1595 13 3 773 7 3 2616 31660 16 2651 6 83 90693 27964 19 3 1653 7 11700 2121 532 19393 10 3 11065 904 35 4 280 109 323 4 280 109 323 258031 4 359 4 274 33 5
17 2616 31660 29 597 6696 518 25 1296 10 13797 3547 5
6793 35 6793 12283 32330 4 2076 109 6793 4 12661 4 4 12283 32330 4 2076 33 1273 9 543 2616 31660 14 41748 6905 565 5
81 3 542 4 9 17764 3802 18 1273 14 3975 317 148 12940 5
10526 4 9 2025 181810 197 4219 4859 18 1254 6 4472 3 46333 400 5
6794 35 6794 4 17555 4 23551 4 323 7914 4 2560 109 6794 4 17555 4 23551 4 323 6794 4 2560 33 1273 32 1783 2616 31660 14 6 12042 5
17 16580 7 3 31660 16 8245 9 3109 7 307 191244 954 14 514 1543 5
47032 8 17904 4262 42 1254 6 3855 84 5737 514 1543 14 4723 12940 5
79 1568 2785 543 325 1046 18 1273 6 1297 3 52814 7453 14 3 59304 12940 5
6794 35 6794 12283 32330 4 2560 109 6794 4 17555 4 23551 4 323 6794 4 2560 33 59 1273 32 6804 543 7732 18843 11521 31660 14 41748 6905 19 4 3 676 19029 7 4081 8 3 19029 7 3 1568 2953 5
81 1243 4 9 131231 8 5339 1264 16 4723 6 2258 3 4397 7 3 12940 8 90108 5018 543 96734 1994 16 4729 10 1746 7 5867 5
273 19 22190 5447 89 4 6794 35 6794 4 6794 4 23551 4 323 7914 4 6833 109 6794 4 44427 4 323 28760 4 6833 109 6794 4 17555 4 23551 4 323 7914 4 6833 33 1273 9 5373 2616 31660 19 12911 2621 1046 35 176458 33 5
2616 31660 18 59 4723 14 83 2214 13797 565 5
55564 35 55564 323 30412 4 6833 33 1273 9 5607 2616 14 516504 19 515 10439 5
622 1783 130221 59706 4644 16 3677 10 47 9 3035 16 74 1148 8 153 3977 8090 31 9883 5
38024 8 46547 42 220 10 3 4723 18843 4141 8 3 59304 18843 4141 3995 6 1657 84 2506 5
10141 35 10141 4 10558 4 323 12825 4 6833 33 1273 9 5373 2616 14 516504 19 676 16036 71925 6905 5
29 632 386 3519 4 133 21 16786 2484 650 4 11462 4197 650 8 9889 2484 1443 4703 5
3462 5
273 2755 386 1547 13797 4 117 12453 49 5344 912 27 6 26 1109 65 12538 5
35 6833 33 1109 9149 6325 17721 89 10 19 676 71925 5
79 203069 1506 18 1589 6 28669 19 9149 6325 17721 89 8 32 43241 543 88899 191244 18 1273 14 12538 3 216 565 5
6794 17354 8 6794 35 6794 4 6794 4 12283 32330 4 6833 109 6794 4 44427 4 12283 32330 4 6833 109 6794 4 17555 4 12283 32330 4 6833 33 4400 19 22190 5447 89 538 2616 8 37582 7 3201 31660 35 84123 33 5
17 1951 7 96734 1994 18 1109 10 189 2616 8 84123 5
17 16580 7 3 31660 16 13 9 203 2435 1488 18 4723 14 3096 3 13797 2104 10 59706 967 5
81 1243 4 17764 543 12732 8 12911 2621 1046 35 176458 33 42 4723 14 3096 3 773 7 2616 5
59977 35 59977 4 52891 4 323 7744 4 6833 33 18778 76 5394 13797 41748 6905 19 6951 2953 24517 5
901 17169 1170 14 53562 42 1589 5
364 18 14 2953 7489 8 184 18 14 3 2737 7 12192 400 8 2953 7489 22 3 216 89 5
3462 35 3462 323 4 2076 33 18778 5394 8 3449 13797 14 19 6951 2953 24517 538 9 54395 5373 4624 31660 5
17 74 967 1109 614 125 3 169 967 18 14 2953 7489 10 3 59706 904 5
129780 35 129780 323 23451 4 7560 33 8 6794 35 6794 4 6794 4 12283 32330 4 6833 109 6794 4 44427 4 12283 32330 4 6833 109 6794 4 17555 4 12283 32330 4 6833 33 59 1109 8 4400 19 122289 4 14 946 4 2589 23697 8 2953 7226 5
6793 4 12661 4 323 35 7560 33 18778 15 3 19 4518 1715 538 2616 31660 5
79 7117 33855 1264 18 1273 6 3855 84 4863 2506 8 174871 1046 543 325 1046 18 4723 6 1297 773 5
273 41748 6905 4859 4 3 31660 18 677 6 2752 1806 27964 6 10158 31660 2106 7362 5
81 46 542 4 80 1384 3 565 10 175622 1566 5
472347 16 3 650 7 146091 8 1313 22 3 14533 653 8 4 1599 4 22 3 6825 653 35 27085 4 5810 33 5
66 2818 3 4177 49 3780 7 6827 61 49 19380 5937 8 19266 5
18160 1441 6 22609 5818 3 773 49 3 230 247 7 3 1081 31 2445 5
472347 16 9 916 7 9 1247 1313 650 13 22394 25 83 1313 6589 10 50 67612 53 9 201286 2953 144 868 3 216 2443 8265 21 84 4081 35 75725 4 3824 33 5
11225 35 1515 33 1109 3 797 1330 65 29132 27 523 8 5344 1277 926 8 2994 523 421 23394 10 175622 3685 5
11492 8 133534 35 2560 33 5764 3 254010 15 797 1330 8 532 10 175622 5
96687 3174 42 5422 8 6401 5
527 4 87 31 265 254010 15 28998 13797 10 175622 5
38698 10 4424 7 2696 16 57 7 550 346 24149 10777 10 175622 35 3336 4 280 109 75725 4 4164 33 5
6793 35 6793 4 7744 4 8 37750 4 502 33 1273 9 7039 5979 1217 6 26136 3 19547 2104 10 3 267 19 528 1035 729 8 523 5204 89 5
6793 440407 35 6793 4 34483 4 8 20928 4 280 33 1273 9 20260 27708 1506 19 9 69056 160269 11775 3770 7787 6 342 8 532 3 175622 650 5
17 4046 10 4424 8 11036 31 2193 71 34 26 3275 24 5
66 770 13 84 1035 1247 35 2106 33 49 417 35 2106 33 142 236 6 26 13792 76 3 2676 1806 13797 2104 5
66 16 3475 533 6 3383 46 4046 10 175622 13797 5
238 117 33770 2484 1443 4 175622 6589 71 26 18213 21 565 5
5743 15 3 1408 2673 7 2616 14 12538 4 9 54395 7732 18843 11521 35 207726 33 31660 16 1273 14 19 84 417 28741 5
17 74 967 16 14 3 614 13797 565 125 3 169 967 16 14 56969 54 84 417 28741 5
659 1297 3 31660 773 4 80 1753 17764 3802 8 1568 2785 543 325 1046 5018 5
17 9688 6 1746 54395 2616 31660 16 13797 8 56969 19 84 417 28741 5
17 74 967 16 6 3035 3 1806 417 22 353 967 5
435 13 4 3 13797 2104 36 26 5913 10 2214 1702 5
17 169 967 16 6 37921 14 84 417 28741 5
435 84 417 28741 4 3 169 967 36 26 13097 6 37921 3 84 13792 417 35 2106 33 8 3 1806 599 884 13 31 34 483 574 22 3 28741 89 5
17 169 967 36 26 5913 2556 14 290 84 417 28741 5
81 3 74 967 4 70 4081 8 599 27 3 216 353 89 5
81 3 169 967 4 57 2953 16 558 14 56969 54 7019 3 498 1315 92 87 16 32 1315 15 46 2953 22 84 417 28741 89 5
17 599 8 4081 142 27 523 353 89 14 56969 5
17 6905 1109 10 46 1381 16 6 12042 3 3235 1332 89 35 33 5
17 8254 7 46 1381 16 4393 21 3177 5
8941 341 5181 3 19 84 417 28741 5
81 8941 459 4 3 2616 31660 16 2042 5
17 54395 2616 31660 16 1273 10 8941 503 5
45899 1746 4 4631 8 2898 31 10 8941 500 5
134 7336 46 1381 19 426 162 10 8941 708 5
81 4 290 417 9286 7 9 9149 7 884 5
622 1315 71 26 5913 24 57 2953 61 7 9 197 7 1026 4081 5
3194 1315 7 9 417 383 26 9490 97 15 57 2953 22 9 89 4 125 290 2953 71 650 97 57 1315 22 9 89 5
17 508 104296 8 7417 31 220 14 3 24656 7 5
35 249 33 3062 4 44450 4 26 9 197 7 599 6 26 1155 5
68806 676 221 7 884 7 417 5
35 341 33 3062 4 44450 4 26 9 197 7 4081 5
35 459 33 3194 417 9286 7 9 42346 9149 7 884 5
3062 26 1315 7 5
35 503 33 3194 1315 71 26 9490 276 23537 15 57 7 9 197 7 1026 4081 5
3062 26 3 5447 89 7 15 2953 5
35 500 33 29507 23394 68806 3 6362 89 7 3 1315 109 68806 3 6362 89 7 3 417 35 708 33 17 6905 16 6 12042 5
103415 24 4 71 26 7154 24 6363 35 249 33 5
35 249 33 114 16 3 1332 89 7 417 5
16 1547 6 6362 89 7 70 599 8 3 2953 3961 5
208 871 16 1842 4 23 71 23151 3 417 6362 89 8 1297 2953 3961 5
81 175622 1566 4 3 3770 89 7 84 417 16 10774 35 11225 4 190633 4 323 71920 4 2391 109 11225 4 1515 109 323 4 2560 33 5
355 9 84 417 8144 8 738 6 26 13792 76 3 277 1155 417 9149 4 255705 16 666 5
2249 87 16 9 1155 1488 5447 4 3 4081 31 558 14 255705 65 3 12510 884 31 1681 5
66 770 13 599 15 4081 142 27 523 353 400 54 255705 5
187 31 108 523 255705 5310 1273 5
35 249 33 16109 38 16 6 37921 3 84 417 35 2106 33 5
24892 13797 1488 16 1413 5
81 46 255705 1264 4 3 4081 31 558 65 70 3 6234 884 31 1681 5
66 770 13 4081 142 27 523 353 89 65 255705 16 6227 5
16816 4 2953 353 89 383 26 1109 14 255705 10 46 1264 5
17 255705 565 2742 19 523 2953 1204 400 5
35 341 33 16109 2453 16 6 206440 189 84 417 35 2106 33 8 3 1806 599 884 13 31 93 574 483 5
17 4721 3035 14 1806 599 884 142 26 1406 5
12097 9 5662 13 90 4081 142 26 5447 90 884 7 1806 599 22 3 84 417 28741 89 5
17 4081 31 558 65 3 5447 884 31 1681 5
17 1806 599 31 59 558 14 255705 65 3 12510 884 31 1681 5
66 770 13 2254 599 27 523 353 89 8 4081 27 523 558 89 54 255705 5
16816 4 189 2953 353 89 8 417 353 89 383 26 1109 14 255705 10 46 1264 5
17 255705 565 2742 6 19 523 2953 1204 400 8 523 417 1204 400 5
35 459 33 16109 6054 16 558 89 2146 255705 543 15 1806 13797 1488 5
11649 6 16109 38 4 3 1806 13797 185455 16 59 1413 5
17 84 417 35 2106 33 31 1155 15 70 9415 7 70 4081 54 28741 89 5
66 770 13 57 2953 16 558 92 23 29 481 89 3014 15 3 1806 13797 185455 5
81 46 1215 4 46 2953 71 26 4723 14 13797 84 417 35 2106 33 5
435 1109 70 558 89 2146 15 290 2953 4 3 216 13797 1264 10 16109 38 16 4723 6 3035 1652 884 5
13751 6 16109 38 4 16109 6054 29 568 89 10119 5
659 2565 565 8 3 108 523 255705 5310 48 1798 4 67 6200 31 1595 10 508 2038 5
98586 249 35 9 33 842 9 108262 6027 14 459 599 8 459 4081 565 5
17 1051 7 884 10 108 599 31 13442 249 4 459 4 13442 341 4 341 8 13442 459 4 341 4 3995 5
17 871 10 46 13797 2104 16 183 5
17 6362 89 7 108 4081 16 27041 4 704 4 54147 4 700 8 43012 4 183 5
98586 249 35 8862 33 842 3 84 417 4 13442 503 4 8144 22 89 459 8 36 26 13792 76 1806 3035 22 49 54 89 459 5
17 13442 503 29 108 884 5
98586 249 35 8258 33 8 35 5547 33 240 255705 1488 538 1264 38 8 2453 5
81 98586 249 35 8258 33 4 1806 13797 1488 16 1413 8 3 13442 503 31 1155 65 3 6234 1315 15 70 4081 31 1681 5
17 353 400 7 108 4081 14 255705 31 27041 4 704 4 54147 4 700 8 43012 4 183 5
81 98586 249 35 5547 33 4 189 84 13442 503 8 70 93 353 884 7 1806 108 599 31 22199 5
17 558 89 7 27041 8 43012 16 459 125 3 558 89 7 13442 341 4 13442 459 8 13442 503 16 59 459 5
54147 16 5447 3 74 1315 7 13442 249 65 3 13442 503 40459 22 2897 459 5
54147 8 13442 249 31 558 65 3 74 1315 7 13442 249 16 1681 5
12502 4 3 558 89 7 54147 8 13442 249 16 2897 503 5
81 98586 249 35 5547 33 4 3 353 89 7 7518 4611 8 7518 5061 31 3321 58 13 10 98586 249 35 8862 33 5
98586 249 35 16054 33 8 35 18365 33 240 3 16109 6054 14 184 946 5
118 417 500 624 8 40459 76 1806 13797 185455 22 2897 503 5
81 98586 249 35 18365 33 4 3 1315 13000 8 12099 31 6234 22 481 3014 7 2953 54147 8 43012 5
622 946 7 19 84 417 28741 98586 249 5
622 946 7 19 84 417 28741 5
2616 31660 16 9 90693 88899 191244 1273 24 35 4 744 4 280 109 8 258031 4 274 33 5
2616 16 3581 25 3 37138 3074 7 18843 11521 5
187 31 108 5066 7 12940 4 13563 4 4723 12940 4 59304 12940 8 19191 12940 10 2616 31660 5
79 18843 13 16 1001 14342 9 514 1351 16 226 32 4723 18843 5
79 18843 1767 10 3 30450 14 363 421 6 2401 9 514 1351 16 1013 21 32 59304 5
79 18843 1770 61 9 6951 1046 14 9 84 514 1351 16 226 9 19191 5
3194 2104 6 3 565 163 5139 16 226 9 514 1351 4 8417 3 5188 7 3 2104 16 48779 6 3 43326 1058 7 3 2442 514 6570 5
17 689 1959 7 3 2370 2616 31660 31 21 71206 5
35 249 33 7 3 19393 8 1193 4141 17 96734 7 2616 31 3 221 7 514 1543 35 33 4 3 221 7 3524 54 47 9 514 1351 16 6 26 3561 35 2123 33 8 3 14152 38020 5
17 221 7 514 1543 16 3628 6 3 221 7 4723 12940 49 59304 12940 5
17 7 1193 16 6 3189 3 1193 19 221 7 14027 4209 514 1543 4 9424 61638 521 5794 83735 5
3062 3001 3 211736 514 1351 10 3 1193 5
17 514 1543 31 4209 21 3177 53 35 341 33 114 16 9 6158 6951 221 10 3 1079 1356 6494 4 249 1362 109 8 31 3 798 8 4416 16275 14 3 15209 3995 5
17 514 1543 31 14027 6234 6 4723 12940 8 3 12510 169296 31 12354 5
35 341 33 122169 18843 4141 81 46 4141 4 290 4723 18843 12244 9 84 514 1351 10 3 2621 7 50 1379 827 21 3177 53 35 459 33 114 8 31 14027 3112 11335 5
16 9 30985 5146 521 221 10 1356 4 249 1362 5
36 26 677 6 5
208 3 5188 7 16 3628 49 333 58 13 7 4 36 2323 21 9 84 514 1351 109 2631 16 7324 5
35 459 33 59304 18843 4141 622 59304 18843 34298 70 3 4723 12940 8 29408 9 514 1351 4808 15 50 13300 871 7154 24 3 508 6635 5
35 503 33 114 16 3 43326 1058 49 3 5188 871 7 3 211736 514 1351 5
17 568 3 16 4 3 48 1175 13 3 211736 514 1351 16 3467 5
2491 3 514 1351 16 3467 4 3 59304 18843 36 12730 3 4219 538 446326 35 459 33 5
208 3 84 514 1351 29 3628 49 333 5188 871 58 4 3 84 514 1351 36 2323 21 9 84 771 10 3 1193 5
35 503 33 19105 18843 4141 208 9 514 1351 71 34 26 2069 137 9 42346 221 7 3524 2123 4 3 514 1351 16 6 26 3561 8 3 12510 4723 18843 2742 9 19191 5
17 19191 5708 9 84 514 1351 14027 21 3177 53 35 500 33 114 16 9 6158 6951 221 10 3 1079 1356 6494 4 249 1362 5
35 500 33 41701 35 341 33 35 503 33 285 3 14152 16 6383 5
311273 8 59706 79 2104 10 46 1381 9286 7 67 83735 12510 6 3 2953 10808 8 1315 13797 11933 544 7 3 19 84 417 28741 5
6832 2616 31660 4 9 18843 16 3475 9935 7 67 1172 4 17112 87354 60401 35 87471 226 23970 33 8 7518 143460 60401 35 87471 226 14046 33 5
23970 16 9 9149 14 31370 2953 14 290 1315 125 14046 16 9 9149 14 8062 3 884 15 3467 4081 5
98586 341 35 9 33 14103 9 2953 10808 60401 35 23970 33 125 98586 341 35 8862 33 842 3 12510 1315 9149 35 14046 33 5
81 98586 341 35 9 33 4 3 74 517 16 3 1315 7 70 599 125 3 169 517 16 3 23970 220 10 3 1273 31660 5
81 23970 4 290 5606 2464 3 2953 3467 14 3 12510 1315 5
273 946 4 3 74 871 459 770 2953 459 16 3467 14 5447 1315 5
81 14046 4 3 216 3893 3001 3 523 884 7 3 216 417 5
273 946 4 3 74 871 341 16 3 74 1315 7 417 341 5
17 169 871 249 16 3 74 1315 7 417 249 5
17 296 871 459 16 3 74 1315 7 417 459 5
17 740 871 341 2464 3 169 1315 7 417 341 106 23 16 3 169 89 871 341 5307 10 14046 5
81 3 216 152 4 3 1600 871 503 16 3 74 1315 7 417 503 125 3 2320 871 503 2464 3 169 1315 7 417 503 5
17 2905 871 249 16 3 169 1315 7 417 249 125 3 3144 871 459 2464 3 169 1315 7 417 459 5
17 73 179 2770 341 4 503 4 459 4 249 3001 3 296 884 7 12510 599 5
112810 7 23970 8 14046 98586 341 5
112810 7 23970 8 14046 5
247785 35 1422 33 3868 10494 76 108 3597 53 14510 2800 3035 4 2374 3035 8 26918 3035 5
66 29 45 14580 10 3 996 6854 13 2374 3035 4286 3 19547 3035 5
81 32 2374 3035 4 87 16 93 1315 6 26 9490 415 2936 1699 123 83 884 353 89 49 2571 3 678 7 884 5
12502 4 80 55320 3 2104 6 26 32 2374 3035 10 678 6 1128 3 1046 904 5
17 38020 14 9863 3 2374 3035 16 6 384 3 8104 13848 89 12634 14 290 1315 15 3 12510 2953 5
17 650 7 1913 3 8104 13848 89 12634 16 1595 10 98586 459 5
12502 4 10 3 54395 2616 31660 4 9 18843 1038 67 1172 53 57 176 16 3 2953 10808 13 16 3 2953 123192 8 184 16 3 1315 9149 13 16 3 417 123192 35 196 98586 503 33 5
17 650 7 1913 3 8104 13848 89 98586 459 5
17 650 7 1913 3 8104 13848 89 5
35496 17764 3802 14 13357 176 7 84 2104 98586 503 5
35496 17764 3802 14 13357 176 7 84 2104 5
25152 81 88899 187739 4 3 1277 7 2007 1193 477 6654 3 1952 7 23462 6 9 16672 2104 5
12502 4 23 16 9 1568 1092 6 3855 9 333 1277 2007 1193 5
17 650 1038 23970 4141 8 14046 4141 5
273 23970 4 6951 1396 8 391 3033 5447 89 1396 31 4723 6 5339 57 5447 2953 14 290 1315 5
81 1243 4 9 3033 6362 89 1396 16 59 4723 14 23970 5
81 46 1396 4 67 4081 36 26 1109 14 290 1315 13 29 48 58 67 165424 4081 5
17 1315 29 3033 5447 89 15 2953 27041 125 3 169 3467 2953 54147 29 8104 16079 89 5
17 6362 400 7 46 1315 15 996 67 4081 31 677 5
17 2953 19 3 1731 6362 89 36 3060 26 3467 14 5447 3 1315 5
145 1396 6409 3 6362 89 7 290 1315 6 27708 5
273 14046 4 6951 1396 4 104 162 1652 1396 8 104 221 7 884 1652 1396 31 4723 5
766 3 996 4309 112 2953 10808 74 4 8 153 3030 3 1315 30350 5
364 1396 19 4435 650 4 4435 191244 35 90634 33 4 16 1273 5
81 46 191244 4 3 1315 9149 16 961 14027 74 4 153 3 2953 10808 16 961 543 15 3 1315 9149 5
17 1959 7 46 191244 31 21 3177 53 17299 249 53 766 884 7 70 599 31 28902 14027 6 4498 1315 9149 5
17299 341 53 132080 3 6362 89 7 290 1315 15 70 165424 4081 5
17 2953 19 3 3033 6362 89 16 3467 14 5447 1315 5
42898 1046 1210 6 3 15565 7 19 84 417 28741 8 3 61610 5310 4 80 231 17764 4262 14 3 14046 176 7 9 84 2104 5
187 31 307 17764 884 1273 154 3 271 1208 4 133 21 7553 24717 17764 4 678 17764 4 4165 17764 8 95 15 5
81 46 542 4 80 4723 9 84 17764 3802 543 15 678 17764 5
134 4498 67 84 2506 25 3 498 67 2506 5
17 1273 17764 3802 1131 14 3 14046 176 21 3177 53 17299 249 53 168335 9 6951 221 1883 25 249 6 221 7 599 109 17299 341 53 61649 3 2770 25 3 14046 176 7 76396 6 3 12510 2371 10 118 76396 114 3 2770 31 287 58 49 3628 6 4770 17299 459 53 61649 3 2770 25 3 14046 176 7 95627 6 3 12510 2371 10 118 95627 114 3 2770 31 1978 58 4770 17299 503 53 1655 3 14046 176 7 95627 4 4380 3 2770 47 112 34 1230 10 118 76396 6 3 8849 2371 10 118 76396 25 203 6 243 232 6 3 678 7 3 9149 10 95627 5
17299 500 53 1655 3 14046 176 7 76396 4 4380 3 2770 47 112 34 1230 10 118 95627 6 3 8849 2371 10 118 95627 25 203 6 243 232 6 3 678 7 3 9149 10 26356 249 5
17 4644 16 12859 10 98586 500 5
35496 17764 3802 14 14046 176 7 84 2104 98586 500 5
35496 17764 3802 14 14046 176 7 84 2104 5
33697 325 1046 27619 2785 3695 16 4723 14 12538 3 565 24 117 1296 35 23222 12283 32330 4 274 109 10141 4 6793 4 82021 4 323 29227 4 359 109 6793 12283 32330 4 2076 109 6793 4 12661 4 4 12283 32330 4 2076 33 5
81 57 2104 4 87 142 4447 57 49 48 1568 11023 5
3194 1315 15 57 1568 2785 16 226 9 1568 1315 5
145 1381 1273 32 12516 325 1046 15 2953 5
17 4081 31 16771 543 15 3 221 7 1568 884 9490 15 91 5
17 74 12516 325 1046 16 5913 15 3 2953 19 3 3235 1568 884 5
187 31 218 325 1046 4262 4 57 100657 4 57 38024 4 67 257958 4 67 71719 4 57 100657 8 57 38024 5
931 218 4262 31 7545 10 32 3802 2844 5
332 3 1431 4 290 3802 29 3 216 5514 6 26 3467 14 7470 9 5737 2104 5
17 3802 3096 3 2104 36 26 1413 10 3802 2844 125 3 3802 34 3096 3 2104 36 26 18864 25 3 3802 2844 5
17 12516 325 1046 36 26 14256 65 70 3 4262 27 45 18864 25 3802 2844 5
17 161 2953 36 26 5913 12516 325 1046 285 3 3235 325 1046 61652 16 943 5
17 3856 1959 7 12516 325 1046 71 26 962 21 3177 53 35 249 33 11686 5
35 341 33 51352 70 4081 543 15 3 221 7 1568 884 5
35 459 33 11686 5
35 503 33 33697 325 1046 35 12018 33 13088 9 325 1046 3802 25 3 3802 2844 5
35 10548 33 168335 5737 2104 5
35 10873 33 208 3 5737 2104 16 333 58 3 498 57 4 816 3 3802 109 2631 4 23063 3 3802 25 3802 2844 5
35 500 33 11686 4 92 16 3 3235 43241 33 4 4619 35 503 33 285 3802 2844 16 3435 109 2631 4 737 8 462 2104 5
35 708 33 208 3 2104 16 2069 4 4219 3 2104 8 198 6 35 341 33 5
35 700 33 11686 4 92 16 2953 221 33 4 198 6 35 503 33 109 2631 4 198 6 35 459 33 5
25148 7 54395 207726 17 207726 31660 4723 2489 5310 4 3093 2953 10808 8 1315 30350 3802 14 7470 84 2506 4 12516 325 1046 5018 15 2953 5
17 12732 8 5633 31 6955 8 4172 10 46 31660 5
17 1273 207726 31660 1038 67 4290 53 29872 13797 967 8 255705 967 5
332 3 29872 967 4 3 353 89 7 70 599 8 4081 16 22 89 6494 5
435 3 29872 967 4 3 2104 19 3 282 6905 871 36 26 3354 4 8 70 884 36 26 9490 15 12510 4081 543 15 3 282 2104 5
349 84 417 35 2106 33 663 8 28741 76 3 2214 1702 4 3 255705 967 36 26 13097 8 37921 3 84 417 35 2106 33 8 3 884 13 27 34 574 5447 5
766 34 574 884 8 84 417 35 2106 33 36 6899 543 15 3 255705 282 2104 5
17 46333 4644 7 207726 31660 14 13797 8 255705 71 26 962 21 3177 53 13797 967 35 249 33 11686 19393 4 150 3 221 7 4723 12940 4 3 221 7 59304 12940 8 3 221 7 19191 12940 5
81 207726 31660 4 3 221 7 4723 12940 3628 6 3 221 7 514 1543 5
35 341 33 504204 1193 19 2489 5310 1595 10 8941 10548 4 8612 290 2104 8 2258 3 282 514 1351 5
35 459 33 122169 18843 4141 5
273 70 6482 4 4619 3 508 11933 1959 53 35 9610 33 273 290 1808 7 498 2506 4 3855 67 84 2506 24 538 3 1264 2209 10 8941 10873 5
35 9073 33 60224 3 67 84 2506 543 15 3 12516 325 1046 5018 1595 10 8941 11088 5
35 9102 33 208 3 84 2506 31 333 58 49 3628 6 3 498 2506 4 4219 3 1193 5
35 503 33 59304 18843 4141 5
273 70 6482 4 4619 3 508 11933 1959 53 35 12018 33 13088 67 514 1543 14 67 59304 12940 24 538 1602 3394 5
35 10548 33 168335 67 84 2506 14 3 67 18725 24 538 3 1264 2209 10 8941 10873 5
35 10873 33 60224 3 67 84 2506 543 15 3 12516 325 1046 5018 1595 10 8941 11088 5
35 11088 33 208 3 84 2506 31 333 58 49 3628 6 3 498 2506 4 4219 3 1193 5
35 500 33 19105 18843 4141 5
208 9 2104 16 34 45 2069 154 3 73 2123 221 7 3524 4 6149 23 4 3855 9 84 2104 14027 8 12730 3 12516 325 1046 15 23 5
35 708 33 19346 3 282 2104 5
208 3 14152 38020 16 1049 4 462 3 282 2104 109 2631 4 198 6 1092 35 459 33 5
21072 13797 967 35 700 33 17 84 417 35 2106 33 28741 10 3 1155 8 18976 9149 5
35 704 33 132080 8 410 3 353 89 7 290 417 8 290 2953 543 15 3 28741 89 5
35 782 33 21072 13012 3 1315 221 7 1806 599 8 1753 3 84 417 35 2106 33 6 3 255705 417 197 5
35 183 33 192005 255705 5
35 407 33 20935 55 3 255705 522 6 18976 13797 522 543 15 3 28741 89 5
33962 17721 659 960 3 773 7 3 1273 54395 207726 31660 4 3844 9345 8557 8 10602 19 1806 27964 31 1252 538 6682 4482 2757 5
901 2757 7 9584 31 1109 10 46 1381 53 35 249 33 3 74 628 197 31 218 193058 9584 35 193058 4 106935 4 8 191034 4 4 33 4 35 341 33 3 169 628 197 4 226 4 16 9 197 7 183 544 24 5
17 193058 4482 197 16 9935 7 500 9584 19 3 1646 4680 25 503 599 4 500 4081 8 407 884 6 409 599 4 183 4081 8 1054 884 5
17 4482 197 1038 183 544 19 3 1646 4680 25 183 599 4 708 4081 8 2970 884 6 302 599 4 697 4081 8 11078 884 5
659 960 3 773 7 207726 14 19 84 417 28741 8 3 108 255705 5310 1252 10 8941 341 4 32 3099 197 25 175622 5909 16 1109 5
145 3099 197 1038 583 9584 19 3 1646 4680 25 500 599 4 503 4081 8 1135 884 6 302 599 4 409 4081 8 35320 884 5
187 31 1596 84 599 13792 6 1806 13797 9149 7 583 9584 5
3194 28741 29 523 28741 89 4 417 221 8 1315 221 5
17 3856 317 16 1595 10 20498 249 5
17 74 67 11107 31 3099 221 8 84 417 28741 678 5
17 296 4848 16 3 28741 89 7 12510 28741 678 5
17 73 108 11107 31 3 12510 417 221 4 2953 221 8 1315 221 5
17 74 1843 7 290 3099 842 3 417 221 4 2953 221 8 1315 221 22 13797 5
20498 249 5
17 628 7 583 175622 9584 5
58499 205703 678 205703 89 13442 221 17112 221 7518 221 249 6494 6494 500 503 1135 249 183 249 503 341 409 249 500 341 6494 6494 704 704 4640 249 403 249 704 341 889 249 704 459 6494 6494 183 708 7335 249 409 249 704 341 605 249 700 459 1596 249 708 503 6494 6494 183 183 577 249 409 341 302 341 306 341 302 500 6494 6494 409 704 26272 249 1004 341 630 341 3573 341 800 708 6494 6494 409 183 17694 249 685 341 302 341 1078 341 947 459 3132 341 947 700 6494 6494 302 183 37814 249 1004 459 2918 341 3706 459 2131 704 6494 6494 302 409 35320 249 630 459 2913 341 2723 459 2913 459 3722 341 605 17 207726 31660 16 30557 10 8 6227 15 32 6015 9061 17924 48124 50773 4103 42809 62778 5274 19 503 13336 39479 5
6297 15 129 767 601 35 6793 12283 32330 4 2076 109 4 12661 4 4 8 4 6833 33 4 3 1193 1646 16 3601 22 575 5
17 9059 7 4723 12940 4 59304 12940 8 19191 12940 31 575 4 577 8 183 4 3995 5
17 42346 221 7 3524 16 3601 22 575 5
17 13300 7 17764 1315 16 7257 4 8 3 3235 43241 7 12516 325 1046 16 197 6 500 400 3 221 7 558 4081 5
17 3235 2020 16 26366 5
3194 3099 16 1303 61 306 263182 5
35135 8 4631 7 108 255705 5310 273 3 583 9584 25 175622 5909 4 3 255705 16 543 15 3 29872 13797 49 73 89 255705 14 84 417 35 2106 33 28741 5
81 46 2124 4 80 100 1101 15 3 8355 72 306 1002 5
659 6786 3 108 255705 5310 4 80 59 7154 3 3703 2156 474 35 25083 33 21 3177 53 35 708 33 114 16 3 871 3455 10 3 211736 43673 4 16 3 282 871 170 24 108 255705 5310 5
7977 4 3 1731 3 25083 871 4 3 333 665 3 255705 1264 5708 5
659 240 3 31660 773 4 80 59 7154 3 596 3703 2156 474 35 33 7 290 255705 1264 5
273 290 3099 4 3 596 336 89 72 306 263182 59 2236 14 3 773 7 207726 31660 8 108 255705 5310 35 196 65588 341 8 459 33 5
20498 341 5
110087 8 255705 522 14 21101 9584 5
58499 205703 678 21072 38 21072 2453 21072 6054 96471 2897 35 2106 33 35 202 33 96471 2897 35 2106 33 35 202 33 96471 2897 35 2106 33 35 202 33 249 6494 605 486279 64283 605 486279 64283 605 486279 64283 249 2592 215397 1173 507740 46307 2592 215397 341 2592 44660 2131 64283 2592 44660 341 6494 2592 64283 2592 64283 2592 64283 249 4937 558539 3132 64283 4012 164560 341 6486 365303 3722 39917 4467 138539 459 6494 2970 64283 2970 64283 2970 64283 249 6486 414900 4452 37118 6486 414900 341 13549 398555 4572 348742 45655 13549 398555 459 13549 361721 1551 34115 13549 361721 503 6494 3132 64283 3132 64283 3132 64283 249 5102 249515 3801 64283 4441 128574 341 11297 334692 380267 1054 40904 2628 106607 311576 365196 38158 271162 78010 549001 20498 459 5
110087 8 255705 522 14 8587 9584 5
58499 205703 678 21072 38 21072 2453 21072 6054 96471 2897 35 2106 33 35 202 33 96471 2897 35 2106 33 35 202 33 96471 2897 35 2106 33 35 202 33 500 6494 7199 40891 7199 40891 7199 40891 249 14747 283081 7296 59133 9930 175870 341 18340 301400 8750 32418 17696 447100 708 6494 6052 64283 6052 64283 6052 64283 249 9579 336101 342915 6052 34992 9579 342915 341 11309 298591 6486 34621 7459 308391 267274 459 16462 399742 6756 34533 7459 314994 700 6494 8708 42475 8708 42475 8708 42475 249 6327 337544 13549 38158 6327 416436 337544 341 20246 236410 18033 53671 6327 97619 704 6494 9686 53729 9686 53729 9686 53729 249 18066 422167 241718 8770 64283 14308 210885 341 14121 202716 9579 33236 15844 114432 459 24150 499620 5180 28419 17203 432187 253894 311576 312602 27529 216160 78010 659 14076 3 108 255705 5310 48 1798 4 3 74 89 84 417 28741 255705 7 3099 341 16 220 21 32 946 5
98586 708 842 3 29872 13797 108262 6027 5
17 871 16 2592 5
66 770 13 70 1806 599 36 26 1681 8 70 4081 31 558 22 89 2592 92 87 16 93 84 417 35 2106 33 28741 5
17 84 417 4 13442 782 4 40459 22 89 403 5
332 46 89 4 3 2953 723 89 4 417 723 89 8 12510 1315 221 31 1595 10 20498 503 5
273 946 4 3 740 1315 7 417 249 4 4 16 5447 15 2953 43012 15 89 403 5
145 1315 36 26 1681 15 89 698 15 2953 43012 5
16816 4 3 723 89 7 417 249 16 15 89 698 8 3 353 1315 16 5
332 3 216 89 4 723 89 7 2953 43012 16 59 15 89 698 5
81 3 216 152 4 70 417 723 89 8 2953 71 26 3455 5
273 3 84 417 489754 4 3 723 89 16 15 89 403 8 3 74 353 1315 16 1315 5
17 108262 6027 7 29872 13797 98586 708 5
17 108262 6027 7 29872 13797 5
20498 503 5
17112 723 89 4 417 723 89 8 12510 884 5
8786 249 341 459 503 500 708 700 704 782 13442 723 89 698 403 800 698 947 630 698 697 403 13442 353 1315 3127 7259 9102 11088 8566 13964 14200 16529 20585 17112 723 89 697 800 698 630 947 403 698 698 17 108 255705 5310 108262 7896 31 1595 10 194896 5
5
16 3 108262 6027 7 255705 1264 38 5
17 84 28741 417 4 13442 782 16 255705 25 89 2592 8 3 228662 1332 89 16 4937 5
842 3 108262 6027 7 255705 1264 2453 5
17 139318 884 539 13442 782 2106 884 8 3 1806 599 884 13 27 93 353 22 28741 89 4 89 403 5
13751 6 4 3 1806 599 884 27 523 8 84 1315 9149 5
17 13442 782 2106 884 31 59 848 10 3 84 1315 19348 5
17 228662 1332 89 16 3132 24 255705 1264 2453 5
17 108262 6027 24 255705 1264 6054 16 1595 10 5
66 71 26 381 13 3 1806 599 884 31 3 216 19 29872 13797 4 1595 10 5
17 74 108 884 7 13442 782 31 13792 76 3 481 89 3014 7 1806 1315 9149 5
17 740 1315 2106 353 89 16 89 1596 47 16 59 415 58 3 871 4 1513 89 2592 4 10 29872 13797 5
17 380 1332 89 10 16 4012 5
17 108262 6027 24 255705 1264 38 98586 700 5
17 108262 6027 24 255705 1264 38 5
17 108262 6027 24 255705 1264 2453 98586 704 5
17 108262 6027 24 255705 1264 2453 5
17 108262 6027 24 255705 1264 6054 98586 782 5
17 108262 6027 24 255705 1264 6054 5
66 16 530 13 3 255705 1264 2453 16 48 3206 58 255705 1264 6054 92 3 84 13442 782 29 3 216 3008 19 3 1806 599 5
17 255705 1264 6054 144 26 3467 92 3 1806 599 31 3008 1681 5
81 1407 175622 1566 4 255705 1264 6054 142 59 26 3467 92 3 884 7 1806 599 71 34 26 918 25 6234 2953 5
1113 108 255705 4498 523 773 4 290 7 91 142 26 3467 10 1407 2214 1702 5
75250 19 1806 27964 81 13797 4141 4 3 417 353 89 8 2953 723 89 31 3 216 4 4568 5
16816 4 3 565 16 9 614 565 5
81 255705 4141 4 3 417 353 89 142 26 523 8 3 2953 723 89 142 26 523 5
17 565 2742 565 19 523 417 353 89 8 523 2953 723 89 5
81 1243 4 3 417 221 16 59 523 10 523 255705 4262 5
81 46 2124 4 80 6786 3 207726 31660 6 307 1806 27964 14 10 4141 5
273 3 255705 4141 4 80 6786 207726 31660 19 307 1906 8 3109 187739 5
17 522 8 2995 31 1595 10 58486 8 5
13797 187 31 117 1806 88899 187739 14 12538 6633 417 2214 13797 565 19 38020 5
659 960 3 773 7 1273 31660 4 80 6786 207726 31660 6 218 2651 88899 187739 4 8690 12911 2621 1046 35 33 4 71179 34148 11521 27708 35 33 4 174871 1046 31660 19 4213 2621 2981 35 33 1783 7732 18843 11521 31660 35 33 8 9 1906 8 1783 13991 31660 35 60781 33 35 23907 323 14879 4 6833 33 5
17 2770 14 70 3 27964 31 1595 10 20498 500 5
20498 500 5
11391 7 67 16983 2757 24 70 677 27964 5
58499 60781 207726 96471 28249 35 2106 33 193058 249 407 407 407 407 407 64283 44973 193058 341 685 685 685 685 685 685 64283 35454 193058 459 407 407 407 407 407 64283 4611 193058 503 700 700 700 700 700 700 64283 5370 193058 500 403 407 407 407 407 407 64283 64446 716 3128 716 716 716 716 51271 60137 1239 1403 1239 1239 1239 1239 56107 58040 28076 28076 28076 28076 28076 28076 64283 36347 1054 2715 4687 1054 5154 1054 53923 432753 24261 24261 24194 24194 24261 24261 64283 309872 1054 4554 2715 1054 2715 1054 47723 21239 19560 6327 19836 6327 19836 60220 340655 68958 68958 68958 68958 68958 68958 64283 36097 36747 31386 18606 36747 31386 36747 47720 26372 29804 29958 26372 9222 19182 73729 720 5
96471 341 1635 708 500 1635 459 500 1635 503 500 1635 704 500 1635 459 500 1635 704 273 218 193058 9584 4 70 677 27964 71 4498 3 282 424 21 241 21 3 9584 42 10455 5
17 97 5694 16 13 155 34 1049 3 282 424 14 193058 500 19 409 599 4 183 4081 8 1054 884 5
273 183 3099 4 207726 8 31 3 282 27964 5
207726 3455 8355 2770 14 583 9584 2936 8 125 59 1049 583 8355 2770 2936 8 5
13751 6 4 207726 31660 3455 9 333 665 14 3 612 2430 3099 4 5
17 665 24 207726 16 19182 13 16 3 282 665 297 70 677 27964 5
207726 31660 16 48 1783 58 218 677 27964 14 8587 3099 5
170 8355 14 288 9584 4 8 155 23 14 179 9584 5
1354 8 60781 170 459 8355 2770 10 183 9584 5
273 290 3099 4 3 2029 44398 7 871 72 306 1002 16 1595 10 3 169 73 4848 7 20498 500 5
766 677 27964 31 336 15 523 5274 19 523 19393 8 699 89 5
81 46 1381 4 80 100 581 3 596 699 89 72 306 400 7 1273 207726 31660 6 384 3 8355 14 12510 9584 5
17 3856 317 7 699 89 14 70 4482 9584 16 59 1595 10 3 73 4848 7 20498 500 5
6297 15 3 522 7 207726 8 4631 6 1806 27964 4 3 207726 31660 16 1783 8 3961 14 12538 6633 417 2214 13797 565 5
16816 4 3 207726 31660 16 59 4723 14 255705 65 84 417 35 2106 33 252 35 2106 33 8 19684 35 2106 33 76 1155 1315 9149 5
21072 13797 14 84 417 28741 2625 1906 187739 31 1273 14 2953 10808 8 1315 30350 10 565 5
273 946 4 2953 19 3033 19029 191244 35 34893 33 16 14 2953 10808 125 417 19 3235 816 162 35 169094 33 8 417 19 3235 816 884 35 33 31 67 187739 14 1315 30350 6494 5
81 46 2124 4 80 1297 90 1906 187739 8 1800 2164 187739 543 15 1906 187739 5
273 946 4 6951 417 678 10 2953 19 3033 19029 191244 35 33 4 34893 1635 169094 191244 4 1635 169094 191244 4 34893 1635 191244 4 1635 191244 4703 5
3462 5
80 59 7801 191244 19 90634 191244 1273 10 8941 10548 5
191244 16 4723 6 4498 3 1315 9149 10 90634 191244 5
6297 15 3 13797 522 7 1906 187739 8 3 3109 187739 4 80 6786 207726 31660 6 34893 4 4 1635 169094 4 1635 4 90634 8 1635 90634 187739 10 255705 4141 5
17 13797 8 70 255705 522 31 1595 10 20498 708 5
34893 8 31 1906 187739 8 3 522 31 3 3601 5
1635 90634 191244 59 27 3601 522 5
4 1635 169094 4 1635 8 90634 187739 336 306 400 5
134 2408 3033 2770 35 13063 33 4 596 2770 35 104718 33 8 2029 44398 522 24 192 179 187739 5
207726 31660 16 59 336 306 400 8 3 522 31 3601 14 3 216 3099 5
273 290 3099 4 3 282 2104 16 3467 14 161 56969 3802 5
20498 708 5
110087 8 255705 522 7 583 9584 5
58499 205703 678 34893 1635 169094 1635 1635 90634 90634 207726 13063 104718 28249 13063 104718 28249 13063 104718 28249 13063 104718 28249 249 6494 3128 1173 62934 62354 1227 59830 55135 1173 58935 58697 1227 605 2511 64393 605 249 3313 1078 62934 18940 1078 53497 45764 2723 63726 45448 2592 1227 48714 56722 1173 341 4441 2723 63592 60350 1596 67147 43770 1596 71632 52125 3132 2511 67201 52420 2131 341 6494 1818 2879 85368 91274 575 103564 82919 3722 90505 91165 3801 3132 71240 62653 2592 249 15861 2970 106892 112007 4441 94466 65145 4271 100090 60843 2970 3706 69923 59532 3132 341 14316 4452 86814 61559 1054 113786 75451 4937 95921 53663 4687 4441 4937 85892 3722 459 6494 14747 1551 102076 111284 5246 109425 69810 5102 116883 83510 6486 4554 114779 120002 2970 249 17203 6052 117254 58799 6263 139350 63545 5246 68641 31378 5246 5246 112705 82919 4452 341 20010 7432 121528 85950 7602 115903 72370 6756 114334 69275 1614 1614 125287 87419 4572 459 14537 8750 136865 56275 9686 200258 70784 7867 108143 63545 7335 7867 121528 59721 1551 503 6494 13549 5154 114845 99991 4937 112308 10548 4452 108138 97282 4554 4441 88246 83626 3132 249 18066 5102 95747 78840 1551 110199 72370 4554 132316 85201 4640 5154 110947 69979 3801 341 6327 7432 129461 134248 7535 171500 79906 7335 129061 75126 7432 6263 114609 94953 1054 500 6494 20774 11297 192031 89123 14316 171137 109864 9579 14747 42811 9046 8770 193225 92508 7199 249 19399 11309 227968 56948 14715 249003 74287 7459 179250 53663 9930 9930 194981 99991 7296 341 25180 17573 199053 88581 17573 222473 85950 16674 7555 88767 16806 7459 191583 50914 8750 708 6494 26590 9046 177261 128785 8708 184048 94742 9686 108552 53981 7296 7296 96801 80340 6052 249 25722 9930 161594 103671 14316 246033 67327 8390 115839 91925 8750 8390 127120 89012 6052 341 22691 11297 147770 88581 14747 218481 70184 5180 203418 72170 8750 9686 223360 78840 6486 459 11810 13549 222044 70184 16674 189958 110405 577 157092 78023 9330 9579 168101 105612 6756 700 6494 34649 18033 225052 134963 17745 295293 170012 4728 190919 58302 16806 16806 251590 72370 8708 249 33912 20981 238961 83510 19765 260413 99665 19733 289119 91009 17955 20010 254692 74287 13549 341 32226 21770 223343 110404 20947 288931 91977 19560 238961 86195 18078 6327 255922 71968 18033 704 6494 32344 7459 208113 86195 13549 199653 133383 6709 262048 76434 577 9521 132722 103000 9686 249 35053 16462 176145 11543 17745 203183 97460 14292 205115 72882 577 9930 106342 53885 8770 341 16762 19711 215097 54631 6332 257051 70354 16462 234488 70548 18066 14292 167247 68100 9579 459 33151 19711 361885 78840 19733 19765 81088 17203 206435 54631 17696 7459 275911 83510 5180 17674 286627 98105 106408 12099 96801 200258 13000 106474 106680 6769 111647 106623 117750 21328 98102 66 71 26 381 25 20498 708 13 34893 29 3 1207 596 35 17674 33 665 14 583 9584 5
8 1635 169094 4498 1144 3033 35 13063 33 2770 4 596 35 104718 33 2770 8 2029 44398 35 28249 33 2770 14 13797 8 70 255705 4262 5
1635 4 1635 90634 8 90634 27 825 596 2770 7 13063 4 104718 8 28249 4 1635 35 106474 4 106680 4 6769 33 4 1635 90634 35 111647 33 8 90634 35 106623 4 117750 4 21328 33 5
81 192 108 187739 4 90634 29 3 282 17674 871 7 13063 35 106623 33 8 3 1207 596 871 7 28249 35 21328 33 5
273 70 13797 8 70 255705 4262 4 207726 4498 282 522 8 282 17674 871 5
2018 70 677 187739 4 97 90634 71 384 3 282 665 7 3099 249 22 4141 5
273 70 677 27964 4 87 31 307 856 522 5
273 946 4 1635 90634 191244 4498 1731 74 255705 3033 665 35 5246 33 58 665 35 6486 33 14 169 3099 5
66 770 13 3 255705 522 27 146 3070 54 28741 3 74 84 417 76 3 169 3099 5
1635 90634 240 3 216 983 14 3 740 3099 8 3 3144 3099 5
81 1243 4 46 191244 29 3 216 13797 8 3 74 255705 522 35 577 33 14 3 3144 9584 5
207726 31660 29 3 216 13797 8 3 74 255705 522 35 6052 33 14 3 2320 3099 5
81 3 296 255705 3802 14 3 3144 3099 4 207726 52396 1731 665 35 5180 33 58 3 169 255705 665 35 9579 33 5
931 5771 1153 13 4 54 28741 84 417 4 255705 3802 142 816 49 141 1128 871 10 90 856 983 5
659 6786 523 187739 8 207726 31660 1798 4 194896 5
183 8 407 240 3 13797 522 8 70 255705 522 14 3 2320 3099 8 3144 3099 5
66 16 530 13 207726 29 333 522 58 83 187739 10 13797 8 255705 3802 4141 5
110087 8 255705 522 14 3099 708 98586 183 5
110087 8 255705 522 14 3099 708 5
110087 8 255705 522 14 3099 704 98586 407 5
110087 8 255705 522 14 3099 704 5
81 10028 4 207726 31660 16 1783 8 3961 14 12538 565 5
273 13797 8 255705 19 84 417 28741 4 3109 187739 8 90634 29 333 773 58 1906 187739 5
207726 31660 52396 333 522 58 677 1906 8 3109 187739 10 189 13797 8 255705 4141 5
273 70 583 175622 9584 4 207726 31660 71 128 3 216 665 10 70 306 19354 5
66 842 13 3 207726 31660 29 177 206 23462 8 3241 5
13751 111 288 187739 4 3 13925 7 207726 31660 16 4951 48 89 6 128 3 282 2104 5
29451 6 3 2755 417 2214 5447 89 7 884 10 175622 4 3 66413 89 6 4498 282 2104 71 26 22946 5
145 1381 18213 3 175622 13797 565 21 67 967 19 84 417 28741 5
145 16 3 74 162 6 1506 3 4046 10 4424 7 2696 21 3 84 417 28741 37863 10 5
79 54395 7732 18843 11521 31660 16 1273 6 4855 13797 8 56969 19 84 417 28741 5
1796 255705 5310 31 1273 14 56969 8 677 5
17 282 57 16 220 10 3 207726 31660 5
12081 13797 967 4 3 207726 31660 4534 7039 8 2489 56969 6589 14 175622 5
33697 325 1046 16 1273 6 1297 31660 2106 773 5
17 773 7 207726 31660 16 14580 24 9901 111 23421 191244 8 88899 187739 27964 5
409 4482 9584 8 583 175622 745 31 10455 24 3 207726 31660 2875 5
931 31 90 8249 14 426 1131 5
9656 325 1046 187739 71 26 1589 8 28581 6 196 92 43 31 4116 14 12538 90 9584 5
6876 4 3 1589 31660 71 26 3677 6 5238 175622 13797 544 10 678 6 1485 175622 5909 5