81 46 1381 4 9 3093 14510 152 16 1273 6 7367 3 11323 15359 27958 35 33 19 272 2353 24 9 84 7732 18843 11521 31660 35 2616 33 5
157 19 272 2353 7 108140 1443 4 31 57 7 3 104 3558 544 7 108140 1897 10 189 28579 110278 8 9345 1170 5
17 1273 5018 6866 32 1783 4231 7787 19 1597 30445 148 12732 8 5633 5
659 1297 3 773 14 3 7 3 41748 1506 7410 8 6 1262 3 60869 297 3 19 523 2353 4 80 1753 3 4538 21 4859 9616 4 40619 8 120089 6 2616 5
17 544 7 19841 3 31 4902 76 9 461076 7410 156894 137 9 3656 11235 4 47 3831 9 133 13 3 6905 4859 16 42726 5
61648 6 523 272 2353 7 500 438121 8 1940 220 108140 9013 4459 13 3 1273 31660 16 5394 4 24 4631 7 522 137 3 2616 8 23725 16855 18982 23763 27708 35 33 4 3995 5
157 23 16 1783 141 10 745 114 3 349072 234 27964 142 34 26 10436 5
168511 7 3 27958 31 2994 5
73239 522 240 13 2616 16 7156 6 4 8 23 16 9 1408 5018 10 19841 3 4 19 3 9063 7 2025 23462 4 272 12398 8 53562 5
81 308 85 4 485 518 2061 10 23763 1442 5
273 946 4 18982 23763 27708 4 34148 11521 27708 4 17476 37138 27708 31660 4 7732 18843 11521 35 2616 33 31660 4 8 18843 11521 27964 31 3848 4309 7 23763 1442 35 323 4 109 4 2076 109 23222 4 6793 4 323 32758 4 274 109 23222 4 37720 4 44427 4 323 34874 4 4 109 23222 323 32758 4 502 109 119883 323 4 590 109 4 165050 4 396365 4 323 19202 4 590 109 9403 4 4 115270 4 323 4 280 109 323 258031 4 359 109 323 4 2560 109 238219 4 36732 4 323 27066 4 2560 33 5
2616 31660 16 57 7 3 104 616 2042 23763 543 27964 4 47 2520 3 7112 37138 3074 7 9 64793 23763 5
1249 35 744 33 4400 15 2616 31660 8 50 2333 6 521 131 544 10 744 4 2616 29 45 4861 6 26 9 333 191244 14 391 28579 27708 35 323 4 109 323 4 109 81255 323 12960 4 359 109 23222 4 37720 4 44427 4 323 34874 4 4 23222 4 37720 4 44427 4 323 34874 4 4 4 109 323 258031 4 274 4 109 323 4 109 323 258031 4 359 33 5
17 197 7 11323 15359 27958 35 33 71 26 554 7 21 3 15603 14 3 14130 5
9537 4 57 7 3 1029 53319 7 5320 16 3 67479 7 220973 92541 4 47 16 1547 6 3 46279 561 489 7 3 221 7 10292 496 3 349613 21 57 195963 3 27958 24 40 9998 35 133348 323 7744 4 4164 109 323 4 1095 109 36079 4 4164 109 36079 4 4 323 33181 4 3728 109 4 4 22218 4 323 7744 4 590 4 280 33 5
157 8 111560 1273 9 206 5018 6 384 117 907 14 284 35 323 111560 4 4540 33 5
31 59 533 3648 10 5818 3 14141 7 261685 1443 5
10526 4 117 261685 14407 4 133 21 3 1375 1415 4 3 71121 4 3 124746 17020 4 71 26 11076 1867 10 970 7 9 5806 72 3 11323 15359 27958 35 323 36260 4 2391 109 23222 4 23222 4 6793 4 32758 4 323 1604 4 280 109 36079 4 4164 109 48783 323 7707 4 3401 33 5
527 4 1913 7 108140 15987 16 57 7 3 104 3558 544 7 108140 1897 10 189 28579 110278 8 9345 1170 4 21 3 508 1809 53 6706 11323 2129 8 3 49310 10869 14 12752 15359 27958 71 26 3455 97 92 3 5320 284 16 3 108140 395088 7 799 2463 8 3 566 16 799 5
81 104 9345 29182 4 9 89 507 628 16 1618 3 97 558 317 25 9 261685 284 6 2258 3 2371 7 35 4 4 323 4 911 109 323 36260 4 2391 109 323 4 2773 33 5
8 27 255 32 3419 31660 35 28249 33 35 323 4 2773 33 4 47 71 26 3677 6 7367 568 15359 7409 8 30078 23 16 7427 21171 5
81 1243 4 57 5607 1185 7 28249 29 59 45 392 6 1297 50 38326 489 35 72169 4 6794 4 323 16964 4 911 109 323 36260 4 2391 33 8 4703 5
157 141 90 18423 2376 27 45 617 6 2769 3 272 2353 4 658 40 29182 31 97 392 10 3 745 7 19 799 2353 35 54918 323 138377 4 502 109 135700 12283 32330 4 2773 33 5
79 2370 1488 10 19841 25 57052 31487 4141 904 35 458 12283 32330 4 3495 109 4 6962 33 16 6 384 111174 7 3 313332 31487 4434 35 48783 323 7707 4 3401 33 5
527 4 46 5018 17759 15 3 1375 1415 7 3 5
622 21443 7 3 2029 20212 5018 18 1273 268 35 458 4 6957 4 4 135700 4 323 35815 4 2804 33 5
157 192 4309 31 34 1783 65 3 5320 1443 31 34 5
1301 87 31 9 847 7 7581 1603 48 616 53 364 16 32 33855 532 543 9674 5018 1273 24 8 16752 35 1515 33 5
4749 3 996 4309 4 3 83 5018 16 9 4120 84 57 4 24 9 23763 1442 35 23222 4 1604 4 6793 4 32758 4 323 4 280 109 23222 12283 32330 4 280 109 23222 12283 32330 4 274 109 23222 4 37720 4 146098 4 44427 4 323 23222 4 2560 109 23222 4 37720 4 44427 4 323 34874 4 2560 109 323 4 1095 33 10 14510 152 5
66 71 4260 141 65 3 198010 7 7592 49 6698 16855 7553 7592 10 3 2621 7 3 3601 266 5
75 3 522 31 34 95 6383 8 236 6 26 14143 5
17 6905 7 46 162 16 6 1379 9 3093 1906 44 1783 5018 6 7367 5
81 47 4 3 31 5650 24 2616 5
659 1297 3 773 14 3 7 3 41748 1506 7410 8 6 1262 3 60869 297 3 19 523 2353 4 80 1753 3 4538 21 9616 40619 8 120089 6 2616 5
157 3 65894 6200 10 523 272 678 4736 7 500 8176 5320 1443 284 31 2994 4 3995 5
931 5867 522 31 146 48 333 58 23725 16855 18982 23763 27708 35 33 10 77784 5
35 23222 12283 32330 4 280 109 23222 12283 32330 4 274 33 5
17 939 16 4393 21 3177 5
8941 341 1708 2941 1165 14 2616 5
81 8941 503 4 9 3656 16063 1506 16 2042 6 2589 76 9 28579 27708 544 5
81 8941 500 4 40372 500 2054 108140 385535 31 2042 4 153 29182 10602 31 617 6 7367 3 523 2353 22 523 272 2353 24 2616 8 10 77784 5
35 23222 12283 32330 4 280 33 3995 4 72825 3 522 31 10637 5
193592 31 43628 4241 10 8941 708 5
49474 18843 11521 31660 2616 31660 29 45 3581 24 3 7112 3074 7 521 13417 12940 35 323 4 4 109 81255 323 12960 4 359 109 23222 12283 32330 4 4 4 4 23222 4 37720 4 44427 4 323 34874 4 109 4 744 109 323 4 4 109 323 258031 4 359 4 274 33 5
79 18843 23763 71 581 523 5066 7 12251 220 24 3 12940 6 8743 40 2727 60240 5
13751 19 83 1193 543 4309 4 3 964 1884 16 13 3 18843 23763 4286 48647 600 4 133 21 22374 4 18725 4 110222 4 4703 5
931 321 6 3 11030 7 5961 1442 7 18843 39740 9286 7 108 3456 5937 53 514 1543 4 4723 110222 4 8 5889 110222 4 24 9 964 1506 14 18843 11521 37138 3074 543 15 42584 35 4 1515 109 323 4 744 109 46114 323 9748 4 1422 33 5
12502 4 10 3848 2616 31660 4 3 11521 9286 7 108 600 7 12940 53 4723 12940 4 18725 8 22374 4 8 67 11521 14141 53 7705 6 9 514 1351 8 22430 7 9 1351 35 323 4 109 109728 4 4 323 4 590 109 4 590 109 81255 323 12960 4 359 109 4 744 109 323 4 109 323 258031 4 359 109 23222 12283 32330 4 4 4 4 33 5
17 827 7 9 514 1351 6154 9 16079 2104 109 17 43326 1058 7 9 514 1351 2464 3 5188 7 3 2104 109 17 221 7 3 4723 12940 49 3 59304 12940 16 3628 6 3 221 7 2506 10 3 1193 5
157 3 18725 8 4723 12940 1626 61 3 12732 650 10 3 1046 904 4 3 22374 532 3 5633 650 5
332 3 74 1092 4 2616 32629 531915 35 3 1646 7 4723 12940 49 59304 12940 33 5547 61638 2113 35 514 1351 2371 33 4 21 2007 1193 3280 35 3298 33 4 35 3298 3082 6494 33 5
81 290 4165 4 3 18843 11521 3280 35 3298 33 4 35 3298 3082 249 4 4 9273 33 3030 3 4231 650 53 17 4723 18843 13028 3 333 827 37 29 568 43326 1058 10 62 4922 232 6 3 325 317 35 498 827 33 8 3 43326 1058 35 5188 871 33 7 3 84 1351 35 84 2104 33 5
435 70 4723 12940 1332 46 650 4 43 432 3 43326 317 7 3 514 1543 8 40 827 317 35 5188 33 19 3 59304 12940 5
1301 3 59304 18843 34298 3 43326 317 351 25 70 4723 12940 8 13220 9 514 1351 19 9 3394 13300 64943 1547 6 50 43326 1058 5
35 249 33 238 10 3 267 7 3 4723 18843 4 82 13028 3 333 827 37 29 568 43326 1058 10 62 4922 5
17 2616 12244 9 1026 514 827 14 290 4723 18843 25 3 551 57 24 53 35 341 33 114 11856 249 4 4 531915 35 11856 358571 4114 33 4 72539 249 4 4 2482 31 14027 3112 11335 5
16 9 6951 221 10 1356 4 249 1362 4 47 3466 3 797 7 5737 514 1543 180 8 2464 3 4631 7 67 514 2371 19489 24 9 18843 5
238 10 446326 35 341 33 4 3 215538 15 1487 5668 4 65 3 1884 148 3 19393 7 3 8 17094 35 323 4 33 5
8616 4 3 1092 4385 16 285572 1842 21 3 1046 6599 3 30392 2104 5
9537 4 46 1315 522 10 67 5158 53 250 7717 3 42346 2123 4 153 23 16 197 6 50 2123 871 109 355 3 30392 16 9 325 34 9 391 30392 4 3 18843 11521 250 34 26518 8 119 8 6242 10 325 30392 352 5
17 514 1351 7 47 3 43326 16 3561 24 3 12940 16 2445 19 9 84 514 1351 24 3 22374 5
81 2616 4 92 9 827 71 34 26 2069 454 10 9 42346 221 35 2123 14 22430 33 7 12104 4 153 23 16 5892 6 26 3561 24 50 4723 18843 8 3 4723 18843 7 46 514 2742 9 19191 5
70797 13 3 3561 1351 16 94604 8 72539 249 4 4 2482 4 153 3 19191 20830 9 84 514 1351 6 26 2445 19 94604 21 508 53 35 459 33 114 36306 4 31 798 8 4416 11763 7 94604 4 3995 4 28324 1356 6494 4 249 1362 16 9 6951 221 10 1356 6494 4 249 1362 4 435 290 1026 1351 827 55969 16 4209 4 23 16 12354 24 3 7732 18843 5
1301 9 14203 3394 7787 16 4723 6 4643 3 333 57 21 3 3394 1315 148 3 551 8 3 1026 57 5
17 71488 3323 7 3 2616 31660 35 81255 323 12960 4 359 109 4 744 109 323 4 4 33 16 392 1298 5
238487 249 53 2616 249 53 35 3298 33 4 35 3298 3082 6494 33 341 53 4619 459 53 125 106443 1215 16 34 6383 112 503 53 122169 18843 12244 55969 14 4723 12940 24 35 341 33 500 53 139052 8 2780 3 14203 3394 650 5
708 53 71315 132080 64943 14 94604 24 35 249 33 700 53 12244 55969 14 3 18725 25 94604 543 15 64943 5
704 53 139052 8 2780 3 14203 3394 650 5
782 53 19105 104853 3 3561 94604 4 92 6848 4 4219 23 24 35 459 33 5
183 53 19346 3 282 2104 3564 95 300 407 53 194 125 403 53 37442 2865 30392 698 53 285 70 3 30392 2347 7013 5
70470 8 40619 659 1297 3 773 14 3 7 3 41748 1506 7410 8 6 1262 3 60869 297 3 19 523 2353 4 80 1753 3 4538 21 9616 8 40619 6 2616 5
3062 26 3 11856 3439 7 6905 4859 18365 35 14937 33 5
1301 9 30277 4859 7168 35 14937 33 35 4 4 323 4 2773 33 71 26 4939 21 508 5
35 503 33 157 3 9616 4859 5828 35 14937 33 4 8913 35 14937 33 35 12283 32330 4 2773 33 71 59 26 4939 5
35 500 33 35 708 33 114 35 6494 4 249 33 4 4 4 6117 6494 5
165224 3062 26 3 30392 3439 7 6905 4859 4 202616 4 1356 6909 4 503 1362 4 8 352168 3082 115998 4 72539 3082 249 4 341 4 4 3271 273 3 498 23763 4 3 2896 23763 71 26 4939 21 508 6 1262 6 146 12732 325 352 401 3 3439 35 323 4 1095 33 5
35 700 33 473 192 4538 4 2616 71 384 70 3 14 3 41748 1506 7410 5
77250 23763 27708 35 124913 33 9317 6 3 3936 7 23763 1442 4309 2402 1547 6 3 4309 7 54480 312009 5
17 124913 284 16 19 9 1193 7 6951 2506 8 6950 14 24 18298 5197 5
2680 124913 137325 2025 4 1484 23 86928 76 325 30392 2093 5
24984 24 3 8176 124913 5018 8 23725 15312 4 32 2069 3114 35 3454 4 23551 4 323 29523 4 911 33 7 124913 4 13 16 4 19 3 2377 25 23725 8116 35 6798 323 270810 4 1515 109 20971 323 4 1515 33 16 59 1273 6 72267 23462 137 5714 48 436918 5
273 290 18982 24917 35 11856 33 4 879 35 704 33 6832 3 867 25 3 1055 7 2199 827 4 9 84 18982 2567 35 11856 33 14 70 24917 35 11856 33 21 16 4939 35 782 33 8 3 15209 35 11856 1635 249 33 7 3 18982 24917 35 11856 1635 249 33 16 3353 21 508 35 183 33 114 16 3 2262 85612 47 17094 180305 10 12634 1356 5061 4 7853 1362 4 28825 4 9575 31 6951 10 35 6494 4 249 33 4 860 35 9575 33 4565 3 3893 7 9575 6 3 8668 269410 5
12097 3 108140 4434 21 1298 53 35 407 33 114 5
3062 4 153 3 397 16 4939 21 9 15359 397 7 566 9421 7 5
8616 3 9674 7 15359 27958 2818 12538 3 284 14937 3082 35 9421 33 35 14937 33 4 10 77784 5
35 323 4 1095 109 4 4 323 4 359 33 32 27708 565 31 4939 24 2016 3 6905 4859 35 403 33 114 71 26 4 4 19772 39386 5
5602 3 156894 7 3 6905 4859 35 403 33 4 3 19841 3 391 7 3 6905 4859 16 3267 6 8116 3 15359 27958 7 566 9421 35 323 4 1095 109 12283 32330 4 359 33 5
157 80 71 972 3 2106 3241 24 3 238487 341 21 508 53 238487 341 53 238487 14 10679 9 15359 7409 2106 3241 35 8 4 1422 33 249 53 504204 17 15987 4 3 2007 83518 8 3 566 9421 109 341 53 3062 4520 26 3 40056 7 3 15987 5
11686 4520 3082 35 83518 33 109 459 53 337522 341 53 503 53 24917 3082 35 33 4 4520 3082 4520 17563 35 24917 33 109 500 53 194 14 708 53 3062 16 32 7 3 380 40056 4520 109 700 53 358571 6494 4 33668 35 33 358571 6494 323 249 153 704 53 3 27958 31 3449 782 53 1248 183 53 3 27958 31 203335 407 53 194 92
61648 31 617 6 523 272 2353 7 500 438121 8 1940 220 108140 9013 4459 13 3 31660 16 5394 4 24 189 3 2616 8 23725 16855 18982 23763 27708 35 33 3995 5
4478 6 26 2994 17 385535 1109 10 129 29182 31 53 4434 16 9 2054 49985 210979 4434 392 24 3 9556 42584 19 9832 2506 1273 24 3 717 26088 35 7003 33 4 21 9 25033 1506 7 3 223519 4434 14 3 46722 1506 5
14689 23 29 67 3497 21 1298 4 57 16 5
59268 5
249 331242 4434 249 35 698 33 114 3082 35 42098 33 4 273290 4 309581 1356 4 249 1362 5
59268 5
341 331242 4434 341 35 685 33 114 273290 4 309581 1356 4 249 1362 8 9 8 8862 7 284 31 3 284 19393 7 284 35 685 33 65 43 31 3082 5370 4 3082 6822 4 35 685 33 16 9832 8 23 29 4999 349613 19 32 11323 3601 397 10 23 35 4 7003 33 5
59268 5
459 503 61638 4434 5
622 4159 7 3 331242 4434 115998 249 6 3 1812 267 35 323 4 1095 109 12283 32330 4 359 109 4 3401 33 35 409 33 114 14937 3082 35 273290 4 309581 4 232256 4 363708 33 1356 4 459 1362 503 4 16 341 98236 341 4568 40056 8 3082 35 42098 33 5
59268 5
503 4434 35 323 4 1095 33 35 697 33 114 14937 3082 35 273290 4 309581 33 1356 4 341 1362 341 5
59268 5
500 4434 35 42980 4 5810 33 35 800 33 114 14937 3082 35 273290 4 309581 33 1356 4 704 1362 341 5
17 4434 16 9832 10 3 2756 642 996 8 3449 10 3 288 81805 3248 5
152865 473 9 84 4939 4859 35 630 33 1298 21 5188 4859 80 71 231 2616 8 6 128 3 523 11323 566 27958 5
35 630 33 238 3 15999 16 6 12042 4859 35 403 33 4 80 231 9 1906 2842 7 3 12715 21 10 4859 35 630 33 6 4472 3 89 7 17563 8 37412 3 3457 7 3 523 325 7 3 284 5
157 194896 5
249 8 341 240 3 1233 7 4859 35 7168 33 7 3 500 566 397 6905 4859 7 284 249 8 500 566 397 6905 4859 7 284 5
7168 35 14937 33 35 33 7 249 98586 249 5
7168 35 14937 33 35 9421 3082 500 33 7 249 5
7168 35 14937 33 35 33 7 98586 341 5
7168 35 14937 33 35 9421 3082 500 33 7 5
134 71 196 3 4166 6 25450 3 4859 35 630 33 25 194896 5
249 8 341 4 23 29 95 117 325 63335 8 325 99278 10 50 6300 352 4 13 16 1033 524 3 1966 27708 4309 543 15 108170 86 34 4855 5
273 3 19393 7 2616 4 879 3 43241 221 16 1317 14 70 3 7410 1298 14 2616 125 3 837 2106 61652 31 11226 5
3062 2616 8 336 577 400 8610 19 575 4723 12940 8 575 10498 4 3995 5
73239 522 31 217 1298 5
194896 5
371 3 27708 650 14 3 6905 4859 7 47535 566 397 7 284 8 782 566 397 7 119092 284 4 407 566 397 7 20974 284 8 1403 566 397 7 284 284 24 2616 8 5018 4 3995 5
11391 7 7168 35 14937 33 35 33 14 249 98586 459 5
11391 7 7168 35 14937 33 35 9421 3082 47535 33 14 249 5
11391 7 7168 35 14937 33 35 33 14 119092 98586 503 5
11391 7 7168 35 14937 33 35 9421 3082 782 33 14 119092 5
11391 7 7168 35 14937 33 35 33 14 98586 500 5
11391 7 7168 35 14937 33 35 9421 3082 407 33 14 5
11391 7 7168 35 14937 33 35 33 14 98586 708 5
11391 7 7168 35 14937 33 35 9421 3082 1403 33 14 5
1655 3 503 915 996 80 71 539 13 10 3 216 61652 4 2616 29 146 48 1597 12398 58 14 192 179 7410 5
134 71 384 13 2616 16 146 48 4213 58 907 10 46 843 7 6905 7410 4 106 23 71 1262 325 63335 48 2538 8 23 71 1811 146 48 396 871 369 8 369 10 3 1081 11226 61652 5
631 97 3009 10 307 89 8 3 252 76 8225 14 9 241 89 22 3 325 266 5
659 6786 7427 80 858 3 20260 7 7168 35 14937 33 14 523 678 7 3 5320 1443 996 10 508 6160 5
11346 53 15850 68806 3 566 27958 31 11323 24 5018 238487 341 25 77784 5
35 323 4 1422 33 6 972 3 27958 5
157 3 522 7 5018 10 65588 31 2679 25 23222 12283 3462 5
35 280 33 5
20498 249 5
57775 14 522 7 7168 35 14937 33 14 523 678 7 49178 249 5
3280 41403 22748 29139 241654 27485 5736 500 2616 407 2616 15850 697 2616 15850 1403 2616 3313 2616 5154 2616 15850 7535 2616 15850 11297 2616 15850 29200 2616 15850 34516 2616 15850 47535 2616 15850 20498 341 5
57775 14 522 7 7168 35 14937 33 14 523 678 7 49178 341 5
3280 41403 22748 29139 241654 27485 5736 249 2616 15850 407 2616 15850 698 2616 15850 409 2616 15850 800 2616 15850 947 2616 15850 1135 2616 15850 1403 2616 15850 1078 2616 15850 334111 2919 2616 15850 20498 459 5
57775 14 522 7 7168 35 14937 33 14 523 678 7 119092 5
3280 41403 22748 29139 241654 27485 5736 249 2616 15850 341 2616 15850 459 2616 15850 550308 503 2616 15850 500 2616 15850 782 2616 15850 407 2616 20498 503 5
57775 14 522 7 7168 35 14937 33 14 523 678 7 5
3280 41403 22748 29139 241654 27485 5736 249 2616 15850 341 2616 15850 483069 459 2616 15850 407 2616 15850 3313 2616 15850 350708 4467 2616 15850 9579 2616 15850 20010 2616 15850 20498 500 5
57775 14 522 7 7168 35 14937 33 14 523 678 7 5
3280 41403 22748 29139 241654 27485 5736 249 2616 482396 500 2616 15850 407 2616 15850 513151 947 2616 1135 2616 15850 1403 2616 15850 1655 65588 4 80 71 196 13 4 2616 16 146 48 4213 58 14 14 522 7 7168 35 14937 33 14 523 678 7 70 996 9832 15987 5
66 71 128 9 146 1731 871 7 7168 35 14937 33 10 104 745 10 503 5158 53 1153 4 34411 8 13063 871 8 241654 7 70 3 522 7 4339 29182 5
75 14 3 284 341 4 2616 27 9 312 333 871 14 272 678 7168 35 14937 33 7 58 4 34 105 3 745 10 799 678 5
134 219 3 1033 250 4099 10 3 4859 1444 7 284 341 4 14 3 216 267 8887 10 3 27708 7 7410 8 542899 5
804 80 71 140 13 129 84 2616 31 146 48 333 58 4 44 250 27 93 1653 14 90 856 7410 13 71 26 42726 2093 24 1510 27708 4309 133 21 24 49 543 15 10864 4309 5
194896 5
371 3 7 4434 249 4 4434 341 4 8 4434 4 3995 19 3 522 25 65588 5
7 4434 249 98586 700 5
7 4434 249 5
7 4434 341 98586 704 5
7 4434 341 5
7 19374 4434 98586 782 5
7 19374 4434 5
7 4434 98586 183 5
7 4434 5
168511 7 3 27958 804 80 1588 3 15183 7 3 27958 4 14 79022 5
3 221 7 27958 7 9 392 297365 5
134 71 196 13 3 266 15 3 216 678 31 34 535 6103 10 57 24 57 4 44 10 9 4999 9149 4 8 117 2353 7 91 31 34 2665 4 14 3099 4 105 194896 5
5
659 128 3 221 7 3 27958 7 9 392 297365 9421 4 80 100 6786 19 3 67 4 309581 4 4 173111 8 5
157 92 43 31 216 4 153 43 7857 6 3 216 392 297365 157451 78656 4 80 71 128 3 221 7 3 27958 7 3 392 297365 9421 5
1655 3 23996 7 27708 4 3 255 5018 9286 7 9 507 7 100096 28579 27708 544 6 7367 7 9832 1443 5
73239 522 5441 3 7362 8 3961 7 2616 4 907 10 90 568 678 745 7 5
157 23 16 1783 141 10 745 114 3 349072 234 27964 142 34 26 10436 5
145 16 9 84 14510 152 10 19841 3 5
7219 4 23 59 12859 3 17635 8 1369 7254 7 3 83 843 7 23763 7112 27964 6 2323 2616 14 2333 5
66 144 26 2653 61 13 3 5533 10 8941 12604 16 97 9 28579 152 6 128 3 27958 15183 5
81 3 426 601 4 3 18423 162 36 26 617 5
134 149 27 6 1297 3 773 7 2616 10 3 1273 5018 4 14 3 1033 13 3 48 4213 3 2616 16 4 3 333 3 84 5018 16 10 90 2463 5
2196 10 46 152 4 23 71 27 9 528 2673 692 5