17 1269 386 16 57 7 3 557 14119 10 3 4422 1031 5
81 678 6 1128 3 17676 2106 470 7 1147 14695 4 8063 3 462 5514 3961 7 4564 2940 8 6298 676 1219 773 4 12752 8 13896 9 6943 1269 2737 29 343 57 7 3 104 1568 667 14 3 1269 386 5
81 46 5662 4 423767 416 31 1576 2627 47 8245 7112 2210 8 7732 1442 6 423 137 9769 317 8 4498 16719 2506 5
9601 46 9513 76 1250 4 46 1381 6274 307135 2338 4 9 51423 1269 6868 2516 284 4 543 15 3 1214 2106 791 52 6868 1252 24 3 284 5
307135 2338 2527 3 1214 2106 791 397 7 1069 10 678 6 2780 22190 8783 4538 6 5630 2443 8 1269 10777 4 3380 24 770 7 9962 8 2498 30988 5
435 2513 9 6868 4 3 2443 1708 9 9594 52 3 6868 4209 24 3 284 5
6297 15 192 16505 4 3 954 7 3 284 31 3353 10 678 6 8743 3 84 4284 6 271 4650 4485 5
659 960 3 18550 7 307135 2338 4 3 25017 7679 1038 3 11455 7 3 2443 19 3 284 8 153 3 522 31 677 19 3 2516 6868 14 290 2443 3892 5
7219 4 3 2770 7 12398 8 3423 8 9920 27 45 7154 4 543 15 108 266 7 1069 4 6 1415 3 2463 7 16301 7 3 4284 7 3 22190 284 4 1571 13 3 284 4284 31 15 3 216 653 21 32 2516 10 3 9962 5
11719 16 57 7 3 104 1509 3609 1857 5
473 2817 407 202 7 3 131 2106 676 3004 49 3777 4 4422 16 477 2209 21 3 74 391 386 4 8 573 16 24 300 3 74 4437 6447 35 281865 4 359 33 5
17 414 11719 4220 35 502 33 9176 13 24 5143 4 4437 14540 180 3 131 36 474 24 72 1410 202 5
2249 4422 16 32 317 6696 224 4 87 31 2322 6 2780 317 718 35 4207 33 6 270 4422 8 3277 35 5189 4 4 4 323 8824 4 911 33 4 8 4 5984 192 2322 4 3 4422 386 16 557 87567 2333 35 425456 323 29374 4 911 33 8 57 7 3 5052 875 9676 7 87567 35 28044 323 4 502 33 5
1329 10 14411 4 6 26 488 6 2945 10 32 1576 2651 8 48177 200 4 291 236 6 26 1252 19 84 5310 13 852 91 6 7810 3639 3 1566 2235 35 30881 323 396774 4 590 33 5
29064 10 1046 5331 4 1770 2168 8 1952 7 2642 4 27 7900 3 221 7 5222 180 3 131 13 231 3531 14 1330 8 7542 40 8457 35 323 3421 4 274 33 5
8616 4 232 6 113942 4 4 8 148844 35 280 33 4 3 23462 7 4207 8 3063 3531 8 3 4430 6942 7 3 1052 27 45 90 7 3 104 4788 2193 10 4422 13 27 1406 5222 3074 5
3763 3 1052 16 1001 3 1325 1351 7 4437 5024 317 14 5222 35 75656 4 292084 4 44883 4 323 38966 4 280 33 5
35 2804 33 2653 61 13 3 231 7 3 1052 10 3 4422 386 1708 909 6 9 528 221 7 68 4 21 166 21 1365 3 1251 6 1800 2211 3898 19 834 5
424868 27 14219 1406 3 3961 8 7362 7 4422 5337 4 3 152 13 1044 31 2173 10 3 7809 4 21 166 21 143 1163 12248 19 5337 35 4 1095 33 5
157 10 9 1695 2651 1566 4 232 6 25279 4 29523 4 8 37750 35 911 33 4 3277 37 5852 15 3 1052 9408 6 1266 48 22 40 7829 21 677 6 138 37 10638 83 317 1543 5
17 1269 386 16 57 7 3 557 14119 10 3 4422 1031 5
81 678 6 1128 5222 470 7 1147 14695 4 8063 3 462 5514 3961 7 4564 2940 8 6298 676 1219 773 4 12752 8 13896 9 6943 1269 2737 29 343 57 7 3 104 1568 667 14 3 1269 386 35 58618 4 18409 4 323 7744 4 274 33 5
1476 1277 10 3529 71 26 4357 21 9 7539 1415 7 1678 13987 4 150 11662 13987 44 59 13987 35 927 4 96588 4 33 35 14556 4 54627 4 323 204317 4 359 33 5
7604 14753 1537 9 394 5524 6008 15 3 2362 7 40 6343 49 1879 52 1678 2000 49 13987 2442 19 3 394 8 3 2059 7 13987 35 43403 4 24776 4 323 4 3401 33 5
157 4 121 695 5222 31 8661 52 443 83 5222 37 27 825 7968 4 2108 8 152 7 247 35 6794 4 15152 4 323 4 1422 33 4 87 16 9 632 2205 148 5222 14753 8 1269 4284 5
81 46 5662 4 423767 416 31 1576 2627 13 8245 7112 2210 8 7732 1442 6 423 137 9769 317 8 4498 16719 2506 35 29374 323 425456 4 502 33 5
423767 1443 31 7081 4939 21 2333 13 19278 1265 9239 6 1919 729 8 581 1163 19 317 6 10792 40 10554 6589 35 4 4 323 375 4 359 33 5
1145 6 2127 4279 317 6 189 785 8 1806 834 29 343 32 533 2485 14 3 11875 386 35 55980 4 2552 4 5707 4 323 4 359 33 4 47 4 10 117 745 4 16 543 15 7732 1442 4538 35 472363 323 256267 4 280 33 5
33436 6868 1443 31 1629 5543 19 23125 317 1252 24 3 4422 386 1010 35 26443 4 4 136272 4 323 493779 4 280 33 4 44 104 7 3 4279 317 14 6868 144 252 25 834 5
3763 4 232 6 9039 35 2804 33 4 1030 729 10 614 31 8679 791 2241 10 13 556 317 15 1087 13987 71 34 26 424 276 1821 791 5
9601 46 9513 76 1250 4 46 1381 6274 307135 2338 4 9 51423 1269 6868 2516 284 4 543 15 3 1214 2106 791 52 3 6868 1252 24 3 284 5
17 1273 2516 284 2527 3 1214 2106 791 397 7 1069 10 678 6 2780 22190 8783 4538 6 5630 2443 8 1269 10777 5
3375 10777 31 3380 24 770 7 9 9962 255822 5
435 2513 9 6868 4 3 2443 1708 9 9594 52 3 6868 4209 24 3 284 5
6297 15 3 2443 2106 16505 4 3 954 7 3 284 31 3353 10 678 6 8743 3 84 4284 6 3 271 4650 4485 5
17 1381 9286 7 218 7268 8 16 10032 21 3177 5
8941 341 5152 3 4279 6854 5
8941 459 15682 3 689 2000 7 307135 2338 150 3 25147 1506 4 75785 8 6358 5
8941 503 5181 3 8557 7 3 4462 2828 150 9 6652 7 3 5907 4 3 5018 4 522 8 2898 5
5583 4 3 1381 3006 19 9 2898 7 601 2334 4 9705 8 14615 2932 5
66 16 9 394840 644 13 317 8 10554 27 343 3 3959 14 3 131 310 35 6794 4 274 33 5
2018 117 5909 1124 4 2505 16 1804 21 9 1568 1261 674 14 41565 5909 773 1446 106 2505 35023 333 224 421 363 10 9 8625 2066 35 10583 323 1082 4 280 33 5
157 463 6 3 3238 7 4422 4 423767 1443 8 421 270 1443 14 4422 27 45 9 857 7 542 121 3 177 19835 7 7732 1442 5
79 423767 284 71 581 9 197 7 2506 13 282 2338 3 4650 4 4808 15 523 2193 7118 3 4650 4 3 6905 49 3 5114 114 23 16 3677 5
2758 1443 71 1128 1046 768 35 28410 4 36260 4 323 30218 4 502 33 8 581 4321 317 6 4530 1163 421 363 650 35 29374 4 1422 33 10 678 6 4855 3 565 7 317 29765 35 34490 4 7744 4 323 28410 4 280 33 5
8 35 744 33 581 9 1339 7 423767 1443 21 166 21 4301 1678 9705 7 498 6868 4309 4 8 1588 537 16393 13 71 1297 6868 5615 8 132 423767 1443 10436 6 32 141 3707 1079 7 2333 5
13166 6 3 3238 7 4422 4 117 768 39 45 5446 6 423767 1443 14 4422 35 171463 5
15429 12283 32330 4 274 109 94768 4 326070 4 53968 4 323 4 911 109 29374 323 20492 4 359 109 6125 4 4 4 4 323 321783 4 1095 33 4 477 543 15 7732 1442 4538 4 21 18 2655 10 3 261 51037 24 13847 35 3952 33 53 7112 2210 35 171463 5
4 4 4 323 4693 6446 16051 4114 4 359 109 472363 323 256267 4 280 33 4 22190 6599 35 171463 5
323 4 359 109 140544 323 49361 4 1095 33 4 175314 2642 35 171463 5
18150 323 151222 4 280 109 16964 4 76588 4 323 7914 4 280 33 4 6 11897 100 9 265 5
6746 16 3 857 7 538 63794 10 4422 84 5
96388 8 425456 35 911 33 2209 82274 4 9 864 13 1900 19 224 6582 10 4422 538 14 13667 5
17 864 24 12283 3462 5
35 911 33 5181 143 6 8117 246953 10920 1030 917 416 8 143 6 9239 63794 137 917 394 47881 5
58820 4 4 8 35 274 33 8850 143 6 6298 1269 1046 19 160431 917 7578 5
4 275197 4 8 389571 35 359 33 1273 32 255822 543 16054 4422 17686 13 7928 1481 6 1000 32 16873 10 57 837 2673 24 46 7112 4462 13 10744 15 51423 3377 3531 5
17 864 35 4 274 33 1708 51423 543 317 14 4422 7829 24 10503 3 54429 24204 19 51423 3377 3531 5
81 3 2190 857 7 538 63794 6 581 333 317 14 3277 87 27 45 4279 8 308 768 10 3 6854 5
273 946 4 12283 3462 5
35 280 33 1273 9 246953 10920 6868 2912 14 3277 15 2515 4 268 3643 6 33436 2622 24306 35 4 4 4 4 323 10040 4 33 5
1604 4 15669 4 8 6794 35 280 33 220 6 581 6868 10 3 5114 7 3 264 7 115221 35 3431 33 5
5583 4 8 10 3 104 825 4413 6 3 6854 4 18150 8 151222 35 280 33 5775 175314 2642 8 63794 6 581 16719 4284 14 4437 10068 72 3 1052 5
1210 6 18150 8 151222 35 280 33 4 87 31 67 2235 10 1572 9 284 14 16719 4284 14 4422 5
364 16 3 6582 7 73929 695 1030 317 5
17 83 16 3 51423 7100 7 4437 10068 19 5222 13885 5
9601 76 1250 13 70 317 36 26 392 6 3 284 24 3 1481 538 46 770 4 3 1236 7 307135 2338 36 26 3 51423 7100 148 10068 8 13885 5
659 112 95 4 307135 2338 36 231 3 22190 8783 24204 10 678 6 5124 3 1322 148 3 1269 10777 8 3 2443 13885 5
17 307135 2338 2106 22190 2869 36 109537 46 22190 3898 543 15 3 2443 2073 52 767 4284 4 1749 3 6062 9384 7 3 423767 284 6 3 834 13885 5
14689 1149 8 834 5124 40 2505 8 13885 10 3 916 7 50867 970 133 21 448 49 401 5
17 22190 8783 24204 2228 3 8593 7 192 50867 970 10 678 6 5507 7112 1443 5
6297 15 46 24204 4 307135 2338 2228 3 8593 7 22190 23394 10 678 6 4301 3529 8 834 5
4649 15 4 307135 2338 2527 192 23394 6 3030 4284 5
145 2124 16 10032 21 3177 5
1532 4 32 5230 15 3 22190 8783 24204 16 392 5
20379 4 3 650 7 11807 22190 2505 10 1269 6868 16 13075 5
4649 15 4 3 6868 650 16 4939 8 2921 5
10593 4 3 2443 2073 11807 4644 16 8382 5
5583 4 307135 2338 6358 8 7254 16 1595 5
80440 8783 24204 17 22190 2757 3695 1708 9 6684 14 3 8593 7 3 4046 7 117 5158 7 746 2505 35 163251 4 9749 33 5
6644 2757 3695 23809 13 3 3893 7 3 7242 142 7857 6 9 197 49 142 34 7857 6 13 197 5
1301 4 392 3 197 7 5295 1051 53 80 71 34461 13 459 9317 6 133 9 197 5
134 71 59 34461 13 3 221 1004 9317 6 3 197 7 1051 1370 58 700 4 44 221 459 340 34 7857 6 133 9 197 5
17 4333 4859 14 9 392 197 71 26 13075 21 1595 10 98586 249 5
355 3 5606 9317 6 3 197 4 3 4859 1141 3 871 249 4 8 65 3 5606 340 34 7857 6 3 197 4 3 4859 1141 3 871 6494 5
29748 4859 14 3 197 7 1051 1370 58 700 98586 249 5
29748 4859 14 3 197 7 1051 1370 58 700 5
273 9 392 5606 4 22190 2757 3695 12966 3 231 7 23449 3964 7 4333 6 9 197 5
81 46 152 4 92 80 1384 3 197 7 448 68 80 71 1384 13 9 696 37 16 409 85 551 9317 6 133 9 197 19 9 2463 7 249 35 9317 33 4 9 696 37 16 306 85 551 9317 10 90 2463 35 14 946 8642 33 8 9 696 37 16 1614 85 551 340 34 7857 6 46 197 35 2463 7 6494 33 5
134 71 3001 46 4333 4859 21 13075 10 98586 341 5
29748 4859 14 3 22190 197 448 68 98586 341 5
29748 4859 14 3 22190 197 448 68 5
80440 2757 581 9 152 14 10472 745 10 47 3 4333 6 9 392 197 16 3703 49 3 4333 4859 16 34 4939 22 70 4 1749 3 8593 7 121392 49 4046 5
121392 8 4046 17241 24 770 7 22190 2757 2228 12538 544 47 71 34 26 10455 24 770 7 3501 4538 5
520 133 30951 31 53 19372 544 4 5195 4355 4 3905 5447 4 71179 1443 49 49668 14618 5
6832 46 22190 3695 4 3 3644 7 307135 2338 16 6 582 1269 4284 543 15 2516 38020 5
145 2516 38020 36 26 3380 24 770 7 22190 2757 543 15 3 2498 7132 35 4296 4 13799 4 323 49654 4 4540 33 5
527 4 3 2443 13885 142 26 523 25 3 2516 397 7 1069 49 142 337 21 89 1287 24 5
273 46 1033 23 16 1622 6 4219 3 22190 954 47 3001 3 2516 38020 538 3 834 9464 5
69806 3 22190 2505 52 1269 6868 98586 459 16323 3 689 3893 10 129 1581 52 11807 2505 10 1269 4284 53 249 5
17 51423 15421 7 3 3529 5
17 22190 1322 148 3 10777 7 3 834 8 3 10777 7 3 3529 5
17 2443 2073 52 3 4284 5
5898 1746 98586 459 5
5898 1746 5
17 74 1092 7 3 6868 650 9286 7 8593 7 2505 52 143 3 3529 31 3467 5
145 2505 16 1867 538 22190 2757 5
81 9 74 967 4 3 22190 2757 31 4939 543 15 3 2516 2505 5
622 2516 15103 24 770 7 22190 2757 3 10777 7 3 3529 8 3 10777 7 3 834 5
520 22190 2757 4939 31 53 3044 1269 4 15180 1187 49 448 68 5
435 10472 3 22190 970 220 24 3 2516 6 4301 3529 8 834 4 3 4333 4859 16 4939 14 290 22190 197 5
145 4333 4859 2228 14 3 8586 7 3 2443 10777 8 3 3529 10777 76 22190 2770 5
6371 7 8489 8 2498 10 746 10969 27 32 2203 586 47 40822 10 6952 5
238 9 665 7 46 3988 4 8 538 40 209 162 21 9 1625 35 4296 4 5108 33 4 4296 12283 3462 5
35 4540 33 1273 9 1415 7 2498 47 39 9 8745 969 15 3 857 7 855 10381 5
158 18549 3 1415 3 2498 7132 4 9 2430 1254 21 9 2411 770 7 11367 2498 486 3 17020 7 8 15 9 2430 5
17 2498 7132 142 2148 6 26 3 8531 7 1414 65 5269 31 226 15 6 132 74962 14753 10 4430 7714 49 6 132 9 528 221 7 14753 4 907 65 138 14753 31 6 26 53608 35 4540 33 5
6832 46 2430 4 1296 71 4697 8489 3233 25 2847 8 5268 6 3970 4 18965 49 36950 4 8 25 19530 4 6944 8 7178 6 4156 4 23813 4 13542 4 8 11265 5
1210 6 3 2062 7 192 4888 4 3 2498 7132 16 2475 6943 14 120 542 13 2818 14753 52 2498 7 883 9 46986 49 9 23125 843 5
6297 15 3 2443 10777 4 3 22190 284 36 2882 3 834 2498 7132 14 290 1269 15565 5
1301 4 3 22190 2757 14 3 8593 7 3 2443 10777 31 1547 19 3 13538 7 3 1269 255822 24 770 7 3 2498 7132 5
81 46 152 4 3 522 7 3 22190 423767 71 26 10778 76 13538 7 3 1269 255822 10 678 6 4498 3 6868 5
17 1415 7 3 2498 7132 36 26 10778 6 25429 15789 1547 6 3 1269 10777 24 1153 7 51423 86876 543 15 3 954 4939 24 3 2516 2003 5
2758 15789 31 6607 4 177 6607 4 34 6607 49 299 5830 5
3194 6865 29 9 871 1547 10 678 6 489 290 1269 543 15 3 1058 7 1432 49 2366 15789 3455 25 3 22190 14618 5
72294 7132 18 1321 4723 24 4888 10 767 1131 13 2164 51423 3531 19 7992 35 4 4 4 323 4 33 5
94457 650 17 689 1959 7 3 6868 650 31 13075 10 98586 503 5
94457 650 98586 503 5
94457 650 5
17 6868 16 3348 543 15 3 2443 10777 5
17 1959 7 3 14618 650 31 53 249 5
85564 3 2443 10777 5
17 2443 1708 3 317 52 30 897 983 4 13885 4 4703 5
17 317 1272 16 2203 543 15 3 2516 38020 21 3915 10 8941 9610 5
5
17 2770 1252 24 3 2443 31 4902 76 3 22190 2757 4939 24 3 2516 6 4301 3 2443 10777 5
17 22190 871 14 290 12911 16 3455 24 770 7 3 4333 4859 1547 6 290 22190 197 5
2491 3 2443 3892 29 45 4 3 22190 954 31 12354 9863 3 197 7 22190 2770 14 3 1269 10777 4 21 166 21 50 6865 14 10472 3 653 7 543 15 3 2498 7132 35 98586 500 33 5
72294 7132 14 1269 10777 98586 500 5
72294 7132 14 1269 10777 5
17 522 3455 31 10 678 6 4498 9 197 7 4097 10777 14 3 3529 5
473 3 522 4 3529 19 3 3455 10777 31 19696 543 15 3 3529 255822 8 3 86876 5
2927 3 22190 6868 284 36 13012 3 2059 7 290 1269 543 15 3 2770 7 3 30371 3455 25 3 421 40056 5
17 676 2059 71 26 34171 10 67 23865 4 226 1966 7927 8 8295 7927 5
17 1966 7927 22462 3 2059 7 3 1269 21 3 104556 7 70 3 53 114 16 3 871 7 3 3320 148 3 2443 15565 4114 8 3 1269 15565 72539 5
17 8295 7927 22462 3 2059 7 3 1269 21 3 1247 7 70 3 5
17 8295 7927 2228 1370 3272 148 3529 4 1691 48 45484 148 3 4284 5
17 1269 47 52396 3 1391 2059 16 3 380 6868 4 226 3506 6868 5
1949 9 197 7 2155 4284 4 226 1282 3529 36 26 1595 5
931 1959 10301 3 1325 6868 650 5
527 4 3 2516 38020 142 34 26 6607 4 106 3 2443 20400 71 337 5
273 46 1033 4 3 22190 3898 148 3 2443 10777 8 3 10777 7 3 3529 383 26 57052 99065 543 15 3 2443 2073 5
69806 3 2443 2073 238 3915 4 3 2505 52 3 3898 148 2443 10777 8 1269 10777 3380 24 770 7 3 2498 7132 35 4296 12283 32330 4 4540 33 29 6 26 3353 5
187 31 67 8953 6 4219 133 2770 5
349 3 57 881 4 3 2516 71 4219 3 2770 7 3 2498 7132 8 4 15 3 83 881 4 192 2770 71 26 5998 3353 24 770 7 187739 5
17 74 1712 16 3 3501 1217 10 47 32 2516 7212 3 2505 54 4907 3 2443 20400 5
17 169 1712 2228 3 6062 105587 7 3 423767 284 543 15 3 317 3564 154 3 6868 650 5
273 46 1712 23 16 1622 6 159 76 1250 3 653 7 809 7 3 2443 19 3 2104 1252 10 678 6 132 426 4284 5
2758 4284 27 32 1102 10 67 1225 53 15 3 57 881 43 852 3 13760 7 3 2007 38020 7 3 2516 106 3 2366 9594 24 3 834 142 15616 3 236 6 28038 3 2007 2498 7132 5
349 3 83 881 4 3 9464 7 3 2443 142 26 7545 10 678 6 8743 3 38020 7 3 2516 6 3 2443 13885 5
273 46 1033 4 80 8850 3 6062 78299 7 3 22190 3898 538 2443 9464 5
435 2513 9 6868 3 2443 36 489 30 653 7 52 3 10777 7 3 6868 597 5
17 6905 7 46 813 16 6 4498 3 74 5535 7 3 2443 52 3 6868 5
17 644 13 3 3246 7 3 2443 16 52 30 2073 52 3 6868 1016 7 30 521 791 16 533 5
145 16 106 3 6868 86 26 4007 44 3 521 791 7 3 2443 86 26 2366 4 463 6 6404 2193 35 788 1582 4 897 544 4 3346 4 4703 5 33 5
17 2443 5098 31 7545 10 3 2505 1084 5
355 3 221 7 2443 22015 16 1370 58 57 3674 4 3 22190 284 36 8612 3 1308 2443 5098 543 15 22190 88899 954 4939 10 678 6 2258 65 23 36 26 1622 6 4219 3 2498 30988 5
208 3 1308 2443 2073 16 2366 4 153 3 2498 30988 1547 6 3 2366 5794 4284 36 26 5210 232 6 133 88899 954 5
17 18298 650 36 26 3629 329 577 2443 16505 5
5898 6358 8 7254 98586 708 16323 9 259297 1488 13 2464 3 6868 284 6358 5
5898 6358 98586 708 5
5898 6358 5
17 74 9419 42540 6 3 4650 11924 5
187 31 67 523 3893 10 3 4650 11924 9419 5
349 3 57 881 4 3 7751 97349 2228 3 7751 6 7673 3 22190 954 13 3001 2505 52 1269 6868 5
17 7751 97349 9286 7 9 23095 2673 6 852 3 6300 7 3 22190 2757 21 166 21 3 4333 4859 14 290 22190 197 5
145 2673 59 2228 3 1369 7100 148 2443 10777 8 1269 10777 24 770 7 3 2498 7132 5
349 3 83 881 4 3 97349 6868 2228 3 834 6 4498 7112 4284 52 3529 5
17 97349 6868 9286 7 9 3377 19026 10 47 3 2443 4411 9 197 7 952 1273 24 3 2516 5
2758 952 2258 3 2443 3892 10 678 6 2258 3 104 6943 1269 5
435 3 952 27 45 5382 4 3 22190 2869 34298 3 954 4 8 3 104 6943 1269 16 1595 6 3 2443 5
188092 4 9 858 7 287 6943 3529 71 26 6217 5
435 3 6868 4 3 2443 1708 30 2463 7 52 3 6868 597 5
145 317 36 26 220 24 3 22190 2869 14 77100 3 22190 3898 148 3 2443 10777 8 3 1269 10777 5
17 169 9419 2464 3 224 8783 5
145 9419 4286 3 22190 2869 8 3 51423 2869 5
17 22190 2869 36 8612 3 22190 954 4939 24 3 2516 10 678 6 2258 3 104 6943 1269 10777 14 9 392 2443 3892 543 15 3 2498 7132 5
238 3915 4 3 22190 2505 16 4939 24 770 7 3 97349 7751 5
2491 3 1269 10777 27 45 2118 4 3 22190 2869 104428 3 3529 19 192 10777 24 770 7 3 51423 2869 5
17 51423 2869 4 543 15 3 22931 25148 35 8441 4 502 33 4 36 3009 3 3529 255822 8 36 581 3 197 7 3529 19 3 10777 2118 24 3 22190 2869 5
6459 3 4284 4 3 22190 2869 36 109537 3 22190 2498 7132 543 15 3 2443 9464 5
17 22190 29 45 6227 21 9 219256 10 3 3377 10764 5
2758 9 219256 7414 2443 9464 4 319620 3 22190 3898 148 10777 65 3 2443 8557 16 964 8 7212 3 2498 30988 232 6 133 2443 9464 5
5583 4 3 24359 9419 1705 3 2505 52 3 1269 6868 5
238 3915 4 15 3 57 881 4 3 1269 255822 15103 3 4279 10777 7 290 1269 5
17 13538 7 3 1269 255822 35 98586 700 33 4301 3 3936 7 290 1269 543 15 2013 4 3 787 10777 4 3 856 1593 7 3 1269 4 4703 5
145 255822 59 5181 856 1715 1547 6 3 1269 543 15 3 235 5
766 46 317 16 220 6 4301 3 3529 558 10 3 284 5
17 3529 255822 29 45 4939 538 3 255822 917 19389 35 301928 33 35 12283 32330 4 911 33 5
17 301928 2030 29 108 23299 53 31127 61399 4 31127 108617 8 31127 556 5
31127 61399 1708 9 396 197 7 2000 4 125 31127 108617 16 48 26281 58 31127 61399 1691 543 15 6652 302880 5
31127 556 2228 556 153168 44 16 34 18360 5
273 46 1033 4 80 27 220 31127 108617 14 3 255822 6300 5
17 4250 8 255822 14618 29 45 1589 543 15 3 22931 6684 5
6459 3 255822 2190 4250 4 9 5536 1705 3 317 52 3 22190 2757 8 3 22190 3898 19 3 255822 5
349 3 83 881 4 3 2443 10777 8 40 3898 19 3 1269 10777 31 3380 24 770 7 22190 2757 8 22190 3898 24 770 7 2498 30988 8 31 7545 10 9 5536 5
55766 1069 7 3 3529 255822 98586 700 5
55766 1069 7 3 3529 255822 5
17 4831 2124 5181 3 34130 8557 7 3 864 5
17 380 3316 7 46 542 16 6 162 61 92 307135 2338 3880 21 9 7716 6868 284 10 9 3275 1566 5
1192 1746 2491 3 284 29 45 1589 8 3559 4 23 16 1622 6 2148 3 18550 7 129 1581 109 80 383 2148 13 3 1019 4284 1252 24 3 284 31 2404 24 3 834 5
81 267 7 11592 19 3 1019 6868 4 23 16 7 518 6 259 92 3 2443 170 9 7716 2155 10 3 858 7 1282 3529 5
9049 4 392 9 197 7 2443 10809 80 27 12354 3 27647 148 3 4284 1252 24 3 22190 284 8 3 4284 1252 24 179 1149 10 1269 4284 5
999 770 7 46 5867 80 27 12354 3 8958 7 3 22190 284 9901 50 4284 6 3 4284 7 746 1149 5
81 267 7 11592 148 3 2516 6680 8 3 22190 284 2106 1019 6868 4 23 16 7 518 6 259 92 3 2516 6868 16 848 10 3 858 7 1282 3529 5
5583 4 4631 148 3 2516 6868 8 3 3394 7 3 2443 29 45 2828 10 678 6 27241 3 2516 38020 5
42112 4 3423 8 9920 36 26 220 10 678 6 1415 3 2463 7 16301 7 3 4284 7 3 284 5
145 5533 29 45 4723 543 15 67 266 7 1069 53 15 3 57 881 4 23 16 220 6 1415 2443 809 19 3 6868 597 8 4 15 3 83 881 4 6 1415 3 809 148 3 284 522 8 3 2516 4284 5
238 3915 4 46 5533 29 45 59 4723 6 1415 2443 809 19 3 2516 2106 6868 5
931 1170 39 45 220 103 6 1415 4284 10 51423 1443 35 171463 5
4 4 4 323 4 4 4 32419 4 519984 4 4 323 4 4 4 4 4 323 4 2076 33 5
42112 4 3423 8 9920 1170 31 4939 21 3177 53 17 4007 3529 36 26 2118 24 3 2516 6680 49 3 2443 4808 15 3 960 5
17 508 199158 4301 3 26753 1303 61 8 3 522 3455 5
40373 81 678 6 2258 3 18550 7 3 1273 1217 4 3 1254 8557 18 1303 61 5
79 197 7 575 619 35 2919 2539 8 698 1905 33 10 40 380 64 7 3 12214 3756 2463 447 22 77564 3882 6054 1376 3590 10644 3 284 10 678 6 4498 9 6868 14 40 1916 1012 5
17 284 18 3559 19 317 15 183 3529 10 29329 35 1598 33 543 15 3 2505 7 32 2516 25 9 1030 635 5
473 3 522 3455 25 3 284 4 290 1323 3467 3 353 8684 49 4 10 267 7 11592 4 57 7 3 2155 4284 1252 49 32 3435 2155 5
2431 1149 10 3 1030 9962 5830 9 1269 14 290 1323 10 678 6 6786 3 6868 7 3 284 19 3 2516 6680 5
94457 4209 24 3 22190 284 18 59 677 19 3 2516 4284 10 678 6 1415 3 18550 7 3 1019 8 2155 4284 5
11391 17 26753 18 1303 61 10 67 6564 1665 13 36 26 10637 10 3 161 199158 5
2954 249 5
75250 148 3 284 522 8 3 2516 6868 20498 249 61685 3 12398 8 3423 8 9920 2770 3455 24 770 7 3 4631 148 3 2516 4284 8 3 522 1252 24 3 22190 284 5
145 4631 29 45 3868 76 67 4290 5
81 3 74 967 4 80 27 677 3 1019 6868 7 3 284 19 3 2516 6868 5
17 1019 6868 9286 7 9 837 6868 35 3 260 6595 1269 14 3 2443 10777 33 1252 24 3 22190 284 14 290 2443 4 8 3 2516 6868 16 59 9 837 6868 1282 24 3 2516 14 290 2443 5
17 12398 7 3 22190 284 16 49472 5
17 871 7 3423 16 3 216 21 12398 106 3 221 7 1035 5835 16 3 216 21 3 221 7 7716 5835 5
134 1384 46 871 9 3982 665 106 48 58 575 202 7 3 4284 7 3 284 31 3 216 21 3 2516 4 8 87 16 97 57 537 665 5
20498 249 5
75250 148 284 8 2516 4284 5
42112 51811 9920 3506 6868 6288 2516 6868 49472 49472 49472 6077 284 5772 6288 2516 6868 38161 60722 41345 349 3 83 881 4 3 22190 284 1708 9 197 7 179 6645 14 3 1019 6868 5
134 27 677 3 1308 522 7 3 284 35 218 522 4 1019 6868 8 179 1282 3529 33 19 3 5840 7 3 2516 5
81 46 5662 80 27 3455 9 12398 7 4 287 58 3 49472 3455 14 3 1019 6868 5
66 16 11580 8867 106 3 221 7 1035 2770 16 1370 35 500 14 290 2443 6288 97 57 1019 6868 33 8 3 221 7 4007 2770 35 4284 7 3 2516 33 16 3 216 5
527 3 3423 871 25903 3 871 7 60722 5
66 770 13 10 8708 202 7 3 745 3 22190 284 1038 3 6868 7 3 2516 10 3 197 7 522 1035 35 883 21 1019 49 1282 6868 33 5
66 16 9 206 665 106 3 284 16 3682 7 1691 32 2516 6868 10 3 197 7 5772 10 460 70 7 3 745 5
2954 341 5
75250 148 3 2443 3394 8 3 5772 7 189 284 8 2516 2954 249 677 3 522 7 3 284 19 3 5772 7 3 2516 5
75 4 31 3 2516 5772 9 206 1625 88
81 678 6 1647 46 813 4 2954 341 9670 3 4284 7 3 2516 19 3 3394 7 3 2443 5
20498 341 842 3 12398 4 3423 8 9920 2770 3455 10 46 960 5
17 12398 871 16 60675 4 8 3 3423 871 16 3 216 5
66 770 13 3 6417 202 7 2516 4284 31 2404 24 3 2443 5
20498 341 5
75250 148 2516 6868 8 2443 3394 5
42112 51811 9920 31879 6868 6288 2443 3394 60675 60675 60675 17 169 967 7 3 2954 341 15995 7 3 4631 148 3 284 665 8 3 380 2443 3394 5
81 46 967 80 1384 8118 4 15 3 57 881 4 97 3 1019 6868 8 4 15 3 83 881 4 3 1019 6868 2288 3 2155 5772 5
42112 8 3423 8 9920 2770 14 960 341 31 2209 10 20498 459 5
17 74 1843 842 3 4631 148 3 1019 6868 8 3 2443 3394 5
81 46 267 4 3 12398 871 16 48445 5
66 770 13 3 1019 6868 7 3 284 16 3 2443 3394 10 3 2879 202 7 3 745 5
17 871 7 3423 16 3 216 106 3 7716 2770 31 3 216 21 3 1058 7 2770 1109 5
20498 459 5
75250 148 284 6868 8 2443 3394 5
42112 51811 9920 3506 6868 6288 2443 3394 48445 48445 48445 6077 284 5772 6288 2443 3394 38161 60722 41345 17 169 1843 7 20498 459 6274 3 4631 148 3 1308 522 7 3 284 35 1019 6868 2288 503 5772 33 8 3 380 2443 3394 5
238 10 2954 249 4 3 12398 871 16 1731 106 3 221 7 5772 16 1370 4 44 3 3423 871 16 60722 5
66 770 13 10 8708 202 7 3 745 4 3 284 1388 9 1019 6868 49 32 2155 5840 13 44931 3 2443 5
35135 435 3 11455 7 3 2443 19 3 284 4 3 522 42 677 19 3 2516 6868 14 290 2443 3892 5
134 170 13 889 834 170 3 1019 6868 1252 24 3 22190 284 6943 8 2879 834 170 9 6868 848 10 3 1019 8 1282 3529 6943 5
2196 67 834 155 34 384 9 6943 6868 5
349 3 83 881 4 80 170 13 1403 1019 4284 12458 19 3 2516 6868 4 8 2879 2516 4284 42 848 10 3 5806 7 3 1019 4284 19 3 1282 4284 5
134 71 7336 13 3 5806 7 1282 8 1019 4284 1708 32 5050 197 7 4284 10 47 3 2443 71 384 9 1269 5
17 284 4284 2338 19 3 2516 6868 427 76 1250 1019 8 1282 3529 5
5583 3 2516 6868 17914 19 3 2443 3394 10 2918 745 5
527 4 3 5806 7 1019 8 1282 3529 7 3 22190 1443 4498 333 522 58 3 2516 6868 5
238 1595 10 3 767 100561 4 3 2770 7 12398 8 3423 8 9920 27 45 7154 543 15 108 266 7 1069 5
2954 249 5559 3 27647 148 3 284 4284 8 3 2516 4284 5
208 80 97 159 76 1250 3 1019 6868 4 189 12398 8 3423 2770 14 3 284 6868 10 46 5662 31 49472 5
66 770 13 4452 202 7 3 284 1019 4284 12458 19 3 2516 6868 5
238 3915 4 23 16 32 5944 3053 106 87 16 97 57 7716 871 35 3 2516 6868 47 16 1695 23125 33 8 3 284 97 1388 57 1019 6868 5
527 4 92 80 539 10 3 542 3 179 2155 5772 7 3 284 80 71 196 13 3 12398 17094 106 3 221 7 5835 170 16 1370 8 3 4007 871 16 97 57 4 44 3 3423 871 16 60722 5
66 16 32 3419 665 106 10 8708 202 7 3 745 3 284 1388 3 2516 6868 5
66 770 13 3 284 4284 31 15 3 216 653 21 32 2516 10 3 9962 8 3 2443 71 5124 30 5098 10 3 216 152 13 28 340 19 3 2516 5
2954 341 2062 4 15 3 57 881 4 3 522 7 3 2516 6288 2443 3394 5
81 46 267 4 3 12398 8 3423 2770 3455 31 60675 5
134 71 196 13 3 2516 52396 333 522 19 97 57 6868 5
145 16 1375 4 106 3 2516 71 159 76 1250 48 19393 133 21 3 26085 6635 7 3 2443 4 86797 3074 33 10 678 6 581 9 6868 5
66 16 9 206 871 4 106 3 2516 1708 459 206 4284 61 7 503 4284 5
66 59 770 13 3 2505 3380 10 3 22190 284 16 5050 5
349 3 83 881 4 2954 341 677 3 1019 6868 7 3 284 19 3 2443 3394 5
81 46 267 4 3 12398 871 18 48445 5
66 770 13 3 1019 6868 16 2404 24 3 2443 10 2879 202 7 3 745 5
527 4 65 80 1753 3 1117 5772 7 3 284 4 3 12398 16 1731 106 3 221 7 5772 16 1370 8 3 221 7 4007 2770 16 97 57 35 3 2443 3394 33 4 44 3 3423 16 60722 5
66 16 32 3419 665 106 23 770 13 3 2443 3831 9 6943 6868 10 8708 202 7 3 745 5
66 16 9 272 489 7 1432 4284 2016 13 3 3394 7 9 1269 16 9 1695 23125 421 5
28044 8 6793 35 359 33 4498 32 596 3423 7 202 14 4284 7 409 9628 10 70 18374 9628 14 550 523 834 109 658 10 28044 8 6793 2106 542 3 2443 71 5339 48 58 57 6868 5
516350 8 35 280 33 1379 9 19079 542 7 307 4538 14 14313 1443 9863 9 3423 7 2918 202 14 3 22190 197 18423 5018 10 9 1695 23125 9962 133 21 2575 3394 5
516350 8 2106 5867 1038 9 528 221 7 834 8 2575 4 8 23 16 1375 13 3 3423 871 18 1731 5
81 129 267 7 542 3 221 7 834 8 729 31 1731 5
6297 15 3 3455 522 4 3 1273 284 16 488 6 2882 834 5098 543 15 40 3892 8 16 3682 7 1365 9 197 7 4284 13 36 26 2404 104 7 3 89 5
8932 601 142 539 9 1978 221 7 3529 8 834 10 678 6 1415 3 47175 7 3 1273 284 5
134 27 2209 307135 2338 4 9 51423 1269 6868 2516 284 4 543 15 1163 791 52 3 6868 1252 24 3 284 5
17 1273 2516 284 2527 3 1163 791 397 7 1069 10 678 6 2780 22190 8783 4538 6 9439 834 8 3529 10777 4 3380 24 770 7 9962 8 2498 30988 5
435 2513 9 6868 4 3 2443 1708 9 9594 52 3 6868 4209 24 3 284 5
6297 15 3 834 16505 4 3 954 7 3 284 31 3353 10 678 6 8743 3 84 4284 6 3 271 4650 4485 5
17 25017 7679 842 13 3 5806 7 1019 8 1282 3529 7 3 22190 1443 52396 333 522 58 3 2516 6868 5
7219 4 3 2770 7 12398 8 3423 8 9920 3817 13 3 307135 2338 4284 31 15 3 216 653 21 32 2516 10 3 9962 8 3 2443 36 26 488 6 5124 30 5098 10 3 216 152 13 28 340 19 3 2516 5
238 32 4159 7 46 1381 4 3 2505 1084 86 26 2069 150 48 729 4 133 21 6943 72359 49 2442 416 5
10526 4 83 1225 7 6625 628 15 2443 2073 52 9 6868 19 1370 8958 8 10019 86 26 4400 5
249 12162 5
53 9686 72970 9521 800 109 21326 53 9686 72970 5
341 12162 5
53 9686 72970 9686 800 109 21326 53 9686 72970 5
459 12162 5
53 9686 72970 6709 4636 109 21326 53 9686 72970 5