659 26 488 7 9386 796 16 9 629 2916 14 1283 1028 10 3 86704 1031 5
17 1212 71 26 29371 180 67 689 13538 53 40372 3 27708 7 884 137 3 726 7 19547 5310 14 12045 8 35833 3 869 2807 13 9704 4250 569 4 3510 4 4703 5
187 16 1001 9 2726 7 4309 14 363 7736 4 192 4309 7702 25 6835 11245 4309 133 21 46279 42146 294204 20101 49 2520 4 6 138 543 15 7732 1442 4538 105 32542 2642 49 22190 1443 5
527 4 680 110 488 6 1088 5050 2520 4 10 3032 3 1605 2614 543 15 4048 87 16 9 565 424 21 23676 1102 25469 7 3 1506 3112 5
659 4112 3 969 7 46 1102 4 392 3 3583 7 317 5487 10 528 5596 4 16 9 177 1908 2485 35 477 10167 33 14 133 5596 106 23 2818 2414 667 133 21 3 26301 7 3 1506 4 13324 7 424 2520 6 3 348 89 507 4 4089 7 84 5897 7 3074 4 4703 5
145 1181 12966 32 7112 284 543 15 270 60401 4081 6 4855 544 7118 3 13324 8 4089 7 84 2520 5
473 46 1101 10 1475 4 3 284 6905 16 6 1088 600 7 89 507 13 432 3 216 11249 1506 5
273 3 7379 7 84 2520 4 3 284 36 23335 4731 2520 14 138 600 13 112 34 27 9 125444 5195 5
6832 3 1273 5018 4 23 29 45 537 6 182 9 5907 7 48 58 11378 89 507 35 521 628 351 25 9 1392 33 10 180 1551 5835 4 7 47 97 403 7 91 277 29371 72 9330 202 7 3 676 5
81 3 1957 352 4 4108 496 3 678 891 10 3 1605 2614 4 1691 9 7608 7787 14 11249 796 16 9 629 2916 10 3 1028 7 528 5596 5
17 1101 7 104 7 50 884 16 543 15 3 796 53 7036 6 4880 4 6291 891 4 4703 5
766 138 8090 31 1272 6 1377 1277 394 6 50 834 5
66571 891 7 3 1605 2614 35 543 15 4048 7 796 33 16 9 1812 492 4 19 572 3101 544 21 3 23676 1102 35 59 424 21 134682 1102 35 1604 4 191435 4 323 225685 4 2773 33 33 5
145 565 4 10 47 1463 1959 10 3 2614 39912 32 474 10 3 4048 48517 4 18 962 10 10728 24 23676 35 2391 33 8 29 45 66421 10 1515 24 7744 4 261167 4 2180 4 8 35 1515 33 5
1718 4 162 1755 15 3 2376 7 3898 148 834 8 4880 35 21 381 10 3 162 7 264289 323 20819 35 2076 33 33 5
81 46 542 4 80 36 12262 9 267 7 9 1857 14535 11485 4 47 6866 764 7 1705 5
17 10119 7 3 14535 162 13 1141 254 10 9 136 7 46 2125 71 26 6755 137 3 5287 7 3 3583 7 884 2828 5
1655 322 15 10 4 80 36 7253 6 290 6500 558 14 1138 10 57 7 3 136 1705 24 127036 35 2904 18413 8576 33 5
273 290 127036 4 2062 3136 3 6942 7 348 4 869 4 2120 8062 4 14494 7 2241 35 9365 3 1277 7 2280 33 4 4703 5
31 617 24 9 11245 1385 5
81 3 498 267 4 80 1101 15 3 89 507 3192 24 3 1562 1138 7 57 127036 22 9 837 2214 5
17 689 6905 7 13 2376 16 6 6452 5050 348 4048 4 47 36 26 220 10 3 869 73928 22 3 136 18822 5
1113 3081 4 3 1277 7 192 4048 36 27 9 632 969 15 3 959 1250 7 3 136 5
8616 4 10 290 1392 35 528 1705 133 21 98232 33 4 48 58 2667 523 203700 31 558 6 834 5
81 3 498 983 4 32 395 11485 13 1001 29 48 58 153103 1705 10 2131 378 4 72 78915 7 47 71 26 2852 10 9 837 151 5
659 3764 3 565 97 10 13 2518 4 23 51 26 1622 6 48 58 523902 89 507 5
66 16 10 192 2686 114 3 5248 7 32 16001 284 10 886 7 15826 46 197 7 89 507 2464 9 2651 1653 5
145 284 36 474 1277 7 4048 35 2151 9 333 1506 13324 33 8 3 3961 10 3 1698 106 23 2228 3 136 6 132 50 1562 884 19 9 2055 10 2849 5
17 542 7 348 89 507 4 10 678 6 132 4048 4 71 26 4605 538 10023 2520 10 47 2634 2193 6 3 127036 35 50906 4 2826 4 11126 4 484 893 4703 5 33
8 6404 35 95114 4 166441 1102 4 8973 2106 11126 4703 5 33
31 351 76 5139 5
23838 87 31 523 4538 14 17444 4048 4 1204 25 6835 11245 2520 133 21 46279 42146 294204 20101 35 63 71 1970 50 6300 8 90 7254 1056 10 3 162 7 116661 35 7458 33 109 35 116661 323 17292 4 4973 33 33 49 2520 35 4939 24 35 13043 4 7357 4 323 446748 4 3578 33 33 49 4309 543 15 7732 1442 4538 105 270 60401 4081 35 142 26 351 21 32 946 3 162 7 4 10 4 7160 4 8 107074 35 280 33 49 13 7 37750 4 7744 4 8 19959 35 2076 33 33 4 4624 27964 35 10638 3 162 7 34490 8 10583 35 2076 33 49 13 7 27485 4 1604 4 8 10583 35 502 33 33 49 22190 8783 543 1443 35 6794 4 2076 33 5
81 3 1081 197 7 89 507 4 87 31 523 3893 7 3074 4 133 21 15865 1423 203700 35 272 194 10211 33 49 203700 19 272 2443 796 35 514 729 105 6679 33 5
13166 6 3 2129 7 3 1957 1031 20341 14141 31 6453 22 523 926 35 3704 4 2864 4 4672 4 4703 5 33 5
1949 4 2826 8 6550 1896 35 5094 15 47 1705 112 34 526 33 31 7947 10 3 507 4 47 754 91 3195 6 650 5
134 36 231 2520 4939 24 13043 12283 3462 5
35 3578 33 21 4249 4 121 43 31 166 9760 14 89 507 19 2826 8 50906 5
238 71 26 381 10 95952 8 35 2076 33 4 192 2520 27 45 3639 3677 6 3 2020 7 4048 10 3 1605 7 1766 4992 5
527 4 3 726 7 133 2520 16 61 7 3 6269 7 46 601 5
98586 249 842 4441 222 7 3 89 507 7 348 14 9 127036 35 10 2367 33 5
98586 341 842 27880 507 7 348 7 3 216 127036 5
7 3 89 507 7 348 14 9 127036 35 10 2367 33 98586 249 5
4441 222 7 3 89 507 7 348 14 9 127036 35 10 2367 33 5
27880 507 7 348 7 3 216 127036 98586 341 5
27880 507 7 348 7 3 216 127036 5
81 3 282 267 4 3 11245 2520 42 1798 2203 4 44 87 51 149 26 184 334 565 19 3 938 3583 7 628 6 26 9490 4 47 754 120 1217 6 46982 953 7 3 507 16 150428 106 7 3 292 470 2442 5
332 46 397 4 925 250 219 13 3 3074 7 9 127036 16 825 10 70 3 1705 4 44 802 16 454 25 1851 4 87 31 9 515 48 2193 6 26 1109 5
238 32 946 4 3 221 7 348 7 3 216 127036 71 26 2112 523 4808 15 1705 14954 2737 5
145 16 3081 92 80 159 21 32 2085 2789 21 32 946 8 12262 40 507 22 67 1705 4 57 10 9 3432 642 8 184 2852 10 9 4437 3025 401 9 3266 5
5583 4 3 3316 7 46 542 16 6 7673 32 7112 284 7 19372 507 543 15 270 60401 4081 5
17 5835 49 18679 7154 36 852 3 13324 7 11245 2520 35 2520 21 3 4020 1712 33 6 89 507 600 10 678 6 132 7736 15 91 5
4752 3 4005 392 24 13043 12283 3462 5
35 3578 33 4 3 7379 7 2520 16 543 15 67 7410 4939 21 35 83713 33 8 7553 35 33 5
17 2770 7 192 7410 31 7154 15 3 221 7 56018 970 220 10 3 1506 6300 35 25 322 15 10 4 80 36 7253 6 46 221 21 6517 33 5
473 13 162 10 1475 4 67 507 36 27 3 216 1506 2442 92 8 97 92 3 8 7553 7410 371 825 522 10 40 6517 74 2371 5
458 4 92 80 7673 3 10777 7 3 507 35 25 9 19372 397 7 1069 33 21 3 522 7 3 996 7410 4 80 71 3001 91 538 9 60401 7 355568 1635 249 2371 5
17 74 6517 1635 249 2371 3001 3 522 7 3 4859 35 827 6494 535 1141 3 871 249 8 153 6517 522 33 8 3 73 6517 827 9317 6 3 522 7 7553 4859 5
622 533 644 6 1963 16 13 3 2770 7154 24 3 996 7410 159 40 2770 10 3 12634 1356 4 249 1362 5
145 35023 953 7 3 507 4 106 93 25254 49 9932 31 666 10 3 9796 628 14 3 270 60401 4081 35 33 5
194896 5
459 8 503 31 3 42749 7 3 7410 83713 8 3677 6 3 507 220 21 32 946 10 3 767 2124 5
302487 7 3 7410 83713 3677 6 3 507 98586 459 5
302487 7 3 7410 83713 3677 6 3 507 5
302487 7 3 7410 3677 6 3 507 98586 503 5
302487 7 3 7410 3677 6 3 507 5
17 303777 31660 16 21 3177 53 3062 3298 26 3 197 7 18679 109 3062 73555 11102 1883 4 187305 35 1883 33 4 2567 35 1883 33 6117 26 9 10753 9935 7 9 60401 7 4249 4 9 187305 13 12443 3 3893 13 36 7857 6 3 10753 8 3 858 7 1822 1001 7880 6 23 109 3062 2482 26 3 197 7 83735 6 30174 109 1249 87 16 93 928 628 2757 14 3 270 60401 4081 4 80 236 32 31660 13 10744 138 628 2757 5
81 46 267 4 80 220 3 508 31660 53 53798 7 9796 19393 53 1883 16 4939 21 3 4249 60401 7 3 10753 6 2705 109 16 4939 21 3 3235 5944 1884 10 290 60401 11572 4209 9901 23 19 3 4249 60401 109 16 4939 21 3 3235 221 7 25927 10 47 3 1884 16 1370 58 805 24 96734 109 16 4939 21 3 221 7 928 745 6 1088 13 7857 6 3 10753 109 16 4939 21 3 1051 7 928 745 6 1088 13 112 34 7857 6 3 10753 109 9456 7 745 53 38 16 4939 21 3 221 7 745 1148 525 3 10753 4520 16 4939 21 3 221 7 745 1148 976 3 10753 273 290 182 49 10753 3455 24 3 31660 4 16 1622 6 7673 32 11245 1506 114 537 5
34417 7 50 231 10 3 857 7 86704 71 26 170 10 1131 105 3 115 24 95952 8 35 2076 33 10 47 28 10823 32 35 459 4 6494 4 459 33 14 11249 796 14 1766 1657 5
1471 946 71 26 170 10 3 162 7 57915 35 323 401740 4 359 33 10 538 184 1506 14 3 953 7 7504 1096 796 5
1471 2916 6 1384 10 3 1414 7 2520 4 16 13 3 5188 960 4939 24 445828 8 13043 35 7458 33 71 26 9 74 1092 10 3 22629 7 3 13566 7 3 16577 7 2338 7 3 1506 6 3 89 507 5
81 90 745 4 114 93 2520 71 26 3677 4 83 251459 142 26 4939 21 4 14 946 4 3 5018 7 46279 42146 294204 20101 49 2370 251459 21 3 32689 1153 4 3 73 424 871 4 4703 5
659 13012 3 83735 25 3 628 197 4 80 27 220 3 526 1351 1883 11245 4926 35 1883 2971 17924 5063 4 274 33 4 18976 3 508 6773 14 290 89 507 53 1871 35 12832 33 109 628 3082 35 33 109 17325 35 628 33 109 35 628 4 3331 3082 137874 4 14608 3082 1227 33 109 35 628 4 3331 3082 137874 4 14608 3082 1227 33 109 858 1456 35 56 4 56 33 109 2390 35 858 4 4 3082 9686 4 156374 3082 137874 4 293862 3082 4 33 109 3819 35 93 4 6494 4 137874 33 109 273 3 1444 7 270 60401 4081 4 80 27 220 3 4926 35 15669 323 14879 4 2076 33 427 76 1250 3 522 3455 24 4 518108 4 11842 4 8 18324 35 1515 33 4 95 80 27 220 4081 19 54861 543 15 70865 7410 35 3 18423 1506 18 4939 24 12283 3462 5
35 2773 33 33 5
17 928 5342 42 4209 24 9 17177 447 4 19 19393 3082 6766 4 3082 459 4 3082 1515 4 3082 1515 5
2491 3 284 16 4939 4 23 5534 6 3030 9 20260 15 9 5907 7 2755 628 4 14484 7 48 58 11378 507 5
659 13012 3 83735 7 8 7553 4 4271 2000 27 45 220 35 1227 1635 249 14 8 7553 14 1227 33 5
145 16 7889 24 3 644 13 1227 222 16 3 2864 348 4165 35 503 388 33 10 9 11485 5
17 20498 249 842 3 18679 1148 24 3 284 5
20498 249 5
105561 1148 24 3 284 5
48323 12357 332282 5
202 48323 12357 332282 5
202 202183 503 28544 230449 503 28544 128693 459 28107 59206 62658 459 28107 63585 66785 459 28107 44030 52843 459 28107 20010 65981 341 25343 6756 43849 341 25343 4554 44973 341 25343 2970 45184 341 25343 1078 40181 341 25343 1239 37177 341 25343 889 37118 341 25343 1135 36499 341 25343 302 34374 341 25343 403 28442 341 25343 407 28442 341 25343 183 33140 341 25343 183 33140 341 25343 782 31852 341 25343 704 31852 341 25343 700 27063 341 25343 700 27063 249 25343 700 27063 249 25343 700 27063 249 25343 708 28940 249 25343 708 28940 249 25343 500 28940 249 25343 500 28940 249 25343 500 28940 249 25343 500 28940 249 25343 500 28940 249 25343 503 28544 249 25343 503 28544 249 25343 503 28544 1655 3 522 4 23 16 973 4936 13 19 3 5018 962 4 3 11378 507 31 29371 97 180 4636 18679 5
81 1243 4 3 74 403 29371 9330 202 7 3 5907 507 5
1113 23 16 3081 6 3125 4 46 51 97 26 403 523 4939 2520 6 132 4048 15 9330 202 7 70 507 5
1471 5306 16 3 267 3136 3 10753 19 3 612 221 7 3893 4 3380 24 3 507 226 35 3631 14 202183 202 7 3 507 33 106 23 16 3 10753 7 3 507 13 679 9575 270 32 1506 35 3 60401 2770 31 177 408 6 4568 33 5
349 3 83 881 4 18679 3380 24 3 507 226 8 35 3 67 671 2464 52 302 202 7 3 507 33 240 9 632 9295 15 3 2770 7 3 507 19 566 700 5
145 4 25 9 224 20109 4 23 770 13 10 192 745 9 206 2882 71 26 9168 538 3 216 222 7 767 388 5
214 16 4 14 363 7736 14 193 7 161 122 4 3 104 5314 2770 31 25 3 193 7 3 767 388 5
194896 5
31 3 83735 7 4249 7 3 689 18679 5
48323 98586 500 5
48323 5
48323 98586 708 5
48323 5
48323 98586 700 5
48323 5
48323 98586 704 5
48323 5
48323 98586 782 5
48323 5
48323 98586 183 5
48323 5
48323 98586 407 5
48323 5
48323 98586 403 5
48323 5
48323 98586 698 5
48323 5
48323 98586 685 5
48323 5
48323 98586 409 5
48323 5
48323 98586 697 5
48323 5
17 3201 1031 16 12072 24 3 82191 19 47 893 4722 109 3 8465 7 2443 1727 4695 16 9 166 424 4102 35 47 10 117 745 2742 26089 33 5
2249 7 46 4 334 5596 383 8744 6 192 893 21 1003 21 537 5
145 644 4 304 6 3 528 3583 7 628 43 3383 4 754 3 1653 7 63282 3 4089 8 19372 7 2443 1727 5897 460 32 5865 5
81 46 1381 4 441 9 3890 5907 7 2755 628 35 287 58 249 202 7 3 676 4 16007 70 89 507 7880 6 9 1392 33 3 522 31 48 58 16672 5
145 16 106 3 89 507 303777 80 27 1148 538 270 60401 4081 4 12244 9 177 396 858 7 18679 5
145 29 9 221 7 9063 10 50 2673 6 70 628 5
349 57 881 4 3 2485 7 1913 11245 2520 16 25033 35 19 97 403 2520 3 9330 202 7 70 507 31 3380 33 5
145 14359 13 3 2485 7 1506 3465 8 50 4518 71 26 617 19 9 2086 396 182 7 68 5
1113 25 32 5257 397 7 1069 4 23 16 1622 6 13012 3 1506 225419 14 290 89 507 5
349 3 83 881 4 21 80 4753 13 3 5907 16 10581 3890 35 4286 70 203700 7 9 1392 33 8226 24 538 3 5018 15 3 556 197 7 507 4 3 221 7 18679 36 34 26 177 272 5
81 678 6 5507 3 5018 4 1537 3 3465 7 32 16001 284 8 427 76 1250 3 35 628 33 7 3 270 60401 4081 16 32 6062 650 8 13 3 13571 225419 16 215 4 80 384 9 284 13 97 2818 4650 4653 10 2190 8090 53 2376 7 3 84 18679 8 6300 7 3 12510 2520 5
11346 59 13 441 2457 11129 35 3 2020 7 60401 8 7553 33 10 3 19372 4290 8 1444 7 3 2520 754 3 6728 3212 1731 5