17 4102 7 5230 29 597 1164 25 523 692 10 12214 3756 4 982 10 3 71179 1443 8 2516 1443 2126 5
332 3 216 89 4 143048 29 8736 21 9 84 24204 14 221303 51057 14618 4 3979 10 3 279227 7 523 143048 48737 8 3 726 7 307 19630 2685 543 2333 5
1113 3 19471 7 5230 8 2685 14 9 1123 432 117 1029 3893 10 71179 1443 40 251124 27 34 483 45 4352 4400 10 3 5114 7 3 498 143048 601 10 49474 5309 5
145 1181 16568 192 2377 24 1691 9 84 5138 15 143 6 54751 110702 5230 270 14 2685 543 14618 5
659 112 46 4 80 8850 9 279227 7 15041 14 13488 143048 48737 19 110702 12453 114 523 2627 2763 31 4400 8 10637 5
238 9 4097 946 7 3 115596 2042 80 240 143 23 71 26 58433 61 10 32 6227 168986 143048 284 5
17 5141 7 5230 29 597 1164 10 523 1547 692 7 12214 3756 4 133 21 25 3 71179 1443 8 2516 1443 2126 35 122563 323 298497 4 2773 109 323 128842 4 911 109 32883 323 1104 4 3401 33 5
622 2794 1165 52 15041 10 191244 2516 1443 16 392 10 8 128842 35 911 33 4 47 1388 3 508 5142 6300 53 6617 9286 10 12065 449 10 133 9 152 13 23 16 12319 14 3 6051 7 3 5230 95 13 11657 2505 52 3 5811 7 3 5230 8 16672 10 13 23 5497 3 6051 2106 78152 81 3 73 67 1208 4 143048 35 3799 260420 323 16781 4 359 109 241471 323 6199 4 274 109 4 4 323 77934 4 1515 109 141446 323 4 1422 109 323 4 280 33 29 8736 21 32 4153 24204 14 221303 51057 14618 4 3979 10 3 279227 7 523 143048 48737 8 3 726 7 307 19630 2685 543 2333 5
143048 4 21 9 601 7 2505 8593 8 14618 4 16 7 1654 3238 2638 106 23 2228 6 4498 7951 25 62167 4623 477 13033 4 13746 4 8 5344 317 3847 1621 6943 6 3383 14618 8090 10 71179 1443 5
1498 3 73 1208 4 3 231 7 143048 29 3643 22 1723 2202 4 2434 10 176 24 18423 7204 44 59 24 1408 5000 7 9 3292 221 7 5238 2333 30951 4 133 21 757 14618 35 141446 323 208773 4 1422 33 4 2505 3685 35 4 8286 4 323 1604 4 1515 33 4 1443 35 4 4 323 16785 4 1422 109 16785 4 4 323 13187 4 2804 33 4 8 86627 35 17190 4 3799 260420 4 323 87997 4 744 33 4 297 117 461 5
52576 4 4 431390 4 8 35 1422 33 4 1379 9 1165 7 3 6854 7 5230 1443 8 143048 1443 5
17 4888 4301 3 162 7 1296 557 6 3 21443 7 3 5230 5615 7 71179 8 421 270 1443 4 125 83 1296 1589 65563 4538 14 1586 1443 5
158 10861 13 23 51 26 2794 14 3 1296 7880 6 192 523 2126 6 432 40 4485 8 6 1800 1443 13 159 1653 7 3 7204 2347 10 290 305061 109 14615 24152 13 143048 8 5230 2089 10 71179 1443 144 26 4729 10 527 4 6 3 282 7 129 2505 4 498 164 7 3 1450 7 143048 601 10 12214 3756 4 340 34 3250 3 733 7 4907 192 67 19471 7 5230 8 2685 671 21 9 601 733 5
145 1181 2464 32 900 6 3189 46 3014 24 1691 9 84 5138 15 101826 110702 5230 270 14 2685 543 14618 5
473 13 4528 4 80 4556 3 4102 7 110702 5230 13 36 60121 5230 109 508 3 23874 7 8 128842 35 911 33 4 15041 36 26 220 6 2565 524 32 2685 29 9 1654 111852 1799 24 12065 3 5114 163 47 13 2685 16 1109 8 3 2376 1303 61 10 678 6 4498 133 1799 5
16816 4 57 7 3 4117 7 46 1381 16 6 4556 9 279227 7 15041 14 9 1427 13488 143048 48737 114 110702 12453 31 848 109 14 46 279227 4 129 5287 16568 8 29528 523 2627 2763 7 15041 5
238 184 2794 4413 4 3 1273 5230 16 59 3677 6 32 6227 168986 143048 284 5
8616 4 21 80 36 240 1298 4 15041 71 6298 189 13488 8 168986 143048 1443 5
81 13488 143048 4 15041 71 26 9 4116 4462 6 23525 8 12262 3 16764 297 4298 13 31 163 5139 5
349 3 83 881 4 10 168986 143048 1443 114 4298 31 35063 19 2981 35 241471 323 6199 4 1278 109 29533 4 60368 4 53072 4 323 17015 4 2773 109 4 4 4 323 413373 4 911 109 28170 323 4 911 109 141446 4 590 109 323 77934 4 3824 33 4 15041 27 3 1117 7453 7 14513 10 3 3003 7 143 2505 144 26 3380 8 131115 7 3 4919 2505 1084 5
190123 4 32 2685 71 26 381 21 9 1990 7 14618 13 4088 9 1123 25 1087 660 5
143048 1443 7673 9 152 14 7601 47 851 35 49 4298 33 71 26 2404 21 18360 5
81 46 5114 4 13488 143048 48737 35 60368 4 3401 33 27 641 9 346 604 21 9 152 7 3003 2685 543 42101 4 3979 10 523 63794 14 143048 35 121036 323 314908 4 280 33 5
17 733 7 32 143048 63794 16 6 26077 3 197 7 4298 13 144 26 41302 2404 21 7889 49 18360 5
527 4 3 317 52 524 32 2685 4 49 50 1123 14 13 935 4 16 18360 840 1618 4438 496 3 650 5
12097 14 946 3 508 5662 114 32 2204 29 6 1865 52 441 32 5866 263 5
2590 2659 6 26 32 49771 6 3 5866 8 87 16 32 5866 240 3846 35 2685 33 5
6459 4 298 16 2590 2106 3660 8 28 1618 1487 671 19 872 5
2590 1618 1287 6 3 5866 444 19 872 5
527 4 298 2590 2106 282 1232 16 663 19 62 1774 6 4124 30 3660 4 8 16 34 9 206 867 6 807 9 1774 6 3 5866 5
71479 13 3 2685 4088 3 1123 198 6 3 240 13 16 3871 35 49 2049 33 24 8 1797 22206 5
17 2685 16 10 786 3871 24 35 5866 19 872 33 4 3847 37829 3 2685 5
11346 59 13 3 2685 35 1232 19 1774 33 10987 189 8 5
238 29 45 3915 4 32 143048 63794 16 666 6 4498 3 197 7 2404 4298 35 17905 4 33 5
98586 249 16323 9 3181 29540 1618 220 14 13488 143048 48737 114 30864 31 10921 19 3 4298 8 3181 12029 4 3380 21 26867 4 3 1789 7488 5
1113 3 29540 842 70 1806 4298 8 143 4298 1789 83 4298 4 46 2125 7 29540 340 34 2565 3 2376 2828 6 3434 92 32 2685 71 26 2404 5
949 92 80 111478 3 29540 2297 47 4298 31 2404 4 87 51 26 93 5039 3136 3 2376 13 1601 3 523 128799 7 192 4298 5
231105 19 2685 7005 8 3 1789 7488 98586 249 5
231105 19 2685 7005 8 3 1789 7488 5
81 129 279227 4 9 5230 36 26 9 2981 13 842 524 9 1654 1123 35 49 2685 33 16 1109 18360 5
273 3099 4 508 3 946 996 4 3 5230 36 240 524 2590 1435 8050 34 6 198 6 3 5866 65 1861 6 3 962 5662 5
8616 4 32 5230 36 581 9 4116 4462 6 23525 4 12262 4 1800 4 8 156519 143048 1443 5
81 3 5114 7 3 23874 220 24 8 128842 35 911 33 4 80 2565 524 32 2685 2640 9 1123 16 18360 137 12065 49 8409 3 1081 197 7 4298 13 27 45 1109 8 143 192 4298 31 89051 5
134 137975 13 46 317 16 12319 25 3 6051 2106 397 7 1069 4 106 70 3 4298 1109 4 40 128799 35 11771 4 33 4 8 40 325036 31 12067 1595 5
145 2125 7 317 144 26 48 16672 8 4116 14 3 6051 4 106 23 4286 70 3 3893 22 1880 10 3 2376 13 4088 3 1647 5
10087 4 10 14645 35 911 33 4 14645 2042 9 14969 2376 7 15041 5
78 684 13 3 3644 7 32 5230 16 6 128 3 470091 6 1445 449 13 28 277 11566 21 9 644 4 8 13 32 5230 16 381 21 9 2589 7 3003 25 9 50250 6 9 40837 10 9 476630 81 9067 19 13 397 7 1069 4 10 129 1217 3 3644 7 32 5230 16 6 2589 3 3003 7 143 3 4873 1799 7 9 1654 2685 29 45 3455 25 9 392 143048 6684 5
520 4176 162 1547 6 46 1381 29 45 217 10 67 12118 3174 35 28170 4 4 207457 4 323 4 359 109 28170 4 207457 4 4 323 4 280 33 8 1321 10 28170 4 207457 4 8 35 359 33 109 11231 4 3 162 2209 322 10316 91 10 307 1225 5
17 13488 279227 7 15041 16 2112 36903 8 2262 6 4685 19 189 13488 8 168986 143048 48737 5
79 5016 2376 7 3 115596 16 2828 8 307 2794 2763 31 2042 5
17 231 7 3 115596 16 1595 137 6200 189 10 13488 48737 8 10 32 6227 143048 284 5
17 939 7 46 1381 16 10032 21 3177 5
2927 4 10 8941 341 80 36 1379 3 2370 2377 7 32 13488 143048 6684 19 110702 12453 4 47 1038 307 13538 1029 6 104 2685 543 5
8941 459 18506 3 279227 7 15041 8 842 307 2763 5
8941 503 6274 9 4097 507715 7 3 1273 13488 6684 543 15 34074 53298 35 33 5
5583 4 8941 500 15682 1547 162 8 7951 5
81 46 2124 80 3423 143048 9648 21 2042 10 8 35 359 33 8 4 4 8 413373 35 744 33 109 43 31 1148 6005 7 32 13488 143048 6684 35 60368 4 3401 33 19 9 197 7 110702 12453 5
145 3142 13014 36 26 220 10 3 508 2124 14 3 6300 7 110702 15041 35 15041 33 5
66 16 533 6 1963 13 3 3316 7 46 1381 16 34 6 582 32 2155 1217 6 3 63794 7 143048 5
1858 4 32 143048 3695 1708 32 2981 19 67 11630 53 57 14 32 143048 6684 8 184 14 9 197 7 110702 12453 5
17 1101 7 3 1381 3443 10 3 5230 115596 13 36 26 3677 6 523 143048 1443 671 19 9 3112 2442 63794 4 100 24 10472 32 3206 197 7 110702 12453 5
46383 143048 48737 31 14 17241 143048 10 47 90 5937 816 10269 35 60368 4 3401 109 373903 323 4 2391 109 323 4 280 33 109 10 91 32 2685 16 1109 32 13488 9299 276 120 2190 2981 5
20837 2130 4 32 2685 16 894 13 142 497 6 49 26 2049 24 184 2685 35 121036 323 314908 4 280 33 5
8616 4 4352 32 143048 6684 16 9 1808 4 4 114 16 9 31276 197 7 4298 8 1883 16 9 46302 7488 148 4298 133 13 1883 98236 5
17 66271 35 49 4 266340 4 33 770 13 687 4 49 10987 35 60368 4 3401 33 5
59268 8334 12097 3 143048 6684 4 4 114 53 8 4 5
622 143048 6684 4 16 45651 13075 21 9 3181 29540 109 10 23 329 38105 2610 14 32 2685 10 4 8 87 16 32 14382 7302 5
273 3099 4 98586 341 16323 3 143048 6684 4 5
143048 6684 98586 341 5
143048 6684 4 35 59268 8334 33 5
81 3 6854 7 13488 143048 48737 4 307 63794 27 45 4939 8 4400 35 12283 32330 4 1422 109 121036 323 314908 4 280 109 121036 4 314908 4 323 122563 4 744 109 373903 323 4 2391 33 5
81 1654 4 10 46 1381 80 36 1101 15 7996 63794 14 143048 13 16 543 15 9 110702 2376 7 143048 2855 5
558511 2376 10 143048 4589 3 5633 7 9 1046 904 6 581 9 4716 514625 28917 7 32 2685 543 63794 5
558511 4716 3803 581 3 7787 14 4149 110278 7 18360 4298 4 59272 46 1046 904 24 7470 229668 6294 47 31 3876 6 21 2685 2855 35 241471 323 6199 4 1278 33 49 21 110702 2855 35 12283 32330 4 911 109 28170 323 4 911 33 10 3 6854 5
4036 32 143048 6684 4 4 6 3434 92 57 1654 2685 16 18360 4 290 2685 13 10987 383 26 1109 5
66 16 530 13 3 4873 1799 7 36 5524 15 3 1799 7 192 139815 1249 290 71 26 59 3871 4 8 50 71 26 3871 4 8 95 15 4 9 9149 7 4298 71 11851 114 4 2853 25 3 73 57 7 3 9149 4 290 57 16 3871 24 3 4831 5
273 3099 4 10 59268 8334 16 3871 24 4 47 10 786 16 3871 24 10987 4 8 10987 5
12502 4 3 7012 1799 7 36 5524 15 3 7012 1799 7 4 8 5
2382 7285 143048 9648 4 80 36 1379 3 5141 7 9 9149 7 10586 4298 8 83 31936 24648 5
53798 8334 143048 517 3062 3082 4 26 32 13488 143048 6684 5
622 143048 517 11409 10 16 883 9 62472 9149 35 33 49 120 31276 9149 7 4298 35 33 4 133 13 4 14 249 11102 4114 523110 134 36 2390 6 60121 3 197 7 70 143048 1583 10 5
12097 3 143048 6684 4 25 59268 8334 5
23620 143048 1583 11409 10 71 26 3455 4 13563 53 4 4 4 8 5
11346 13 742 4 10 687 4 8 12146 20181 5
622 25328 221 7 143048 1583 11409 10 71 26 3455 53 4 4 4 4 4703 5
109 46 16 106 8 31 320 7 3847 7285 9 4165 10 3 2442 29540 35 196 98586 341 33 5
143048 1583 7673 9 9962 72 47 523 12453 71 26 4939 5
238 133 12453 31 1547 6 19348 47 12544 32 143048 50441 148 67 1162 4 80 475 91 110702 12453 5
53798 7013 558511 37863 3062 3082 4 26 32 13488 143048 6684 5
79 110702 3 5114 7 16 120 4859 5
79 392 2685 9149 44931 3298 10 65 3298 35 33 3082 8664 5
1301 4 21 80 277 3915 4 32 143048 3695 16 4939 24 10503 32 143048 6684 19 9 1654 197 7 110702 12453 5
86853 53 53798 7170 143048 3695 622 143048 3695 3116 35 49 100 9 3695 33 16 9 1808 35 4 7721 33 4 114 16 32 13488 143048 6684 4 8 7721 3082 58508 35353 4 50624 4 4 89320 56012 16 9 31276 35 2285 3435 33 197 7 110702 12453 5
12502 4 10 32 143048 3695 4 120 197 7 110702 12453 71 26 220 35 17905 4 3 3435 197 33 5
8616 4 523 143048 1443 71 26 3455 35 19 523 63794 33 24 10472 3 3206 197 7 110702 12453 5
66 383 26 1744 13 9 556 279227 14 110702 12453 16 525 3 6269 7 46 162 5
238 43 142 7702 25 57 1654 143048 6684 6 184 4 43 31 848 21 9 96734 10 32 143048 22027 4 90 65894 6200 7 110702 12453 31 1595 5
273 3099 4 110702 12453 71 26 220 6 4602 912 15 143048 1583 6 26 1109 41302 5944 5
2758 912 31 1618 4939 24 113205 1087 2503 47 250 321 6 118870 5771 5
273 946 4 23 16 13805 6 4619 3 216 2685 10 32 143048 517 35 59268 7013 33 4 49 23 16 34 805 13 1162 22032 792 65 9370 4298 35 59268 7170 33 4 49 23 16 1272 13 3 497 7488 29 6 26 133 13 87 16 93 1808 7 4298 13 497 290 83 4 7759 10 46 152 13 93 2685 10 32 143048 517 71 26 2049 24 50 4726 35 196 59268 7259 33 5
2625 6200 1667 5
59268 7013 558511 37863 53 14510 149911 79 110702 37863 14 5470 9 16521 143048 517 71 26 4939 21 3177 5
12097 4 153 35 33 3082 8664 532071 9424 3082 249 49 4 14 290 10 35 341 11856 9424 33 4 23 2609 13 340 34 1230 10 109 53250 4 35 33 3082 36905 532071 87 4447 35 341 8033 9424 33 133 13 35 33 5
8616 4 3 4859 2696 8664 532071 329 2685 1464 97 480 10 32 143048 517 35 8 2915 2631 33 5
12097 14 3099 3 143048 6684 4 7 59268 8334 5
81 13 267 4 21 277 16778 996 4 32 25328 221 7 143048 1583 11409 10 71 26 3455 4 17905 4 4 4 4 8 5
7448 4 97 3 74 67 8922 53 35 33 3082 8664 4 35 33 3082 8664 4 8 35 33 3082 36905 4 8 35 33 3082 36905 5
59268 7170 558511 37863 53 2240 12097 9 517 109 10 23 16 4674 3847 995 270 14 5
12502 4 144 34 22032 5
17 216 2609 14 8 4 8 14 8 5
71479 13 4298 10 5295 2371 3001 2640 4298 14 4 8 13 4298 10 141 2371 3001 15998 4298 14 35 11742 497 33 5
79 110702 37863 71 26 4939 6 4602 13 2640 35 3995 15998 33 4298 144 34 497 290 83 5
12097 3 2757 8 5
134 7673 35 33 3082 8664 532071 14 120 1808 7 4298 8 7 4 8 14 120 1808 7 4298 8 7 5
10974 4 35 33 3082 36905 5
12097 3 143048 6684 4 7 59268 8334 114 307 1583 11409 10 71 26 3455 53 8 5
11346 13 35 33 3082 8664 8 35 33 3082 36905 121 5
59268 7259 558511 37863 53 3656 497 12097 3 143048 517 25 32 143048 6684 4 5
134 7673 35 33 3082 8664 532071 9424 3082 249 49 4 14 290 10 35 341 11856 9424 33 4 23 2609 13 109 53250 4 35 33 3082 36905 532071 87 4447 35 33 133 13 109 5
8616 4 3 4859 2696 8664 92 329 2685 10 3 517 687 16 5155 44 93 2685 10 3 517 687 50 4726 5
17 6300 7 5944 143048 517 42540 6 3 231 7 192 6680 4 11771 4 32 143048 517 36 26 5944 65 35236 19 3 122289 3 3695 2818 5
53798 7259 103418 143048 517 3062 3116 3082 35 4 7721 33 26 32 143048 3695 5
622 143048 517 16 5944 19 2201 6 3116 532071 14 329 3298 7721 4 3298 35 33 3082 8664 5
59268 3921 12097 3 143048 6684 4 4939 10 59268 8334 8 3 110702 12453 8 7 34417 7013 8 7170 5
1301 4 19 192 3893 80 71 7673 3 143048 3695 3082 35 4 4 58508 4 56012 33 5
17 143048 517 16 5944 19 2201 6 3 143048 3695 106 35 33 3082 8664 8 35 33 3082 8664 5
71479 13 16 5944 8417 16 34 5944 19 2201 6 106 35 33 3082 36905 5
17 517 16 34 5944 19 2201 6 121 35 33 3082 36905 106 5
12097 107 3 143048 3695 5
2569 4 8 497 290 83 4 8 189 497 5
17 1583 8 31 34 5944 19 2201 6 106 43 112 34 8922 5
7448 4 8 31 189 5944 19 2201 6 5
309045 8334 71479 13 392 9 3695 3116 4 92 32 143048 517 44931 153 120 7 59 44931 8 3 216 2609 14 5
17 12406 71 26 170 10 74184 79 5
238 80 27 4216 103 4 10 46 1381 80 36 1101 15 7996 63794 14 143048 13 16 543 15 9 110702 2376 7 143048 2855 5
16816 4 80 36 8744 3 6300 7 110702 3472 35 28170 4 4 323 4 4164 109 4 4 323 28170 4 3578 33 6 46 13488 6684 5
53798 3921 558511 3472 3062 3116 3082 35 4 7721 33 26 32 143048 3695 4 114 3082 4 4 8 879 26 32 2685 10 5
3062 26 3 197 7 70 3 143048 1583 11409 10 13 31 5944 19 2201 6 8109 79 110702 3472 14 22446 10 3116 35 103415 33 16 9 3472 7 4298 25 133 13 53 249 5
17 6808 7 3 3472 16 10921 19 22446 5
3062 6517 26 38105 7 3 3472 10921 622 4 8 1356 22446 4 4 622 1362 26 3 9149 7 7005 7 3 2785 25 3 6808 6 12357 3062 58508 43225 4 48685 4 4 525581 56012 26 3 197 7 70 3 4298 133 13 35 92080 4 622 33 35 33 5
273 290 2685 92080 133 13 3 143048 517 1356 22446 4 4 622 4 92080 1362 16 5944 19 2201 6 3 7721 10 3116 35 11771 4 35 22446 33 33 4 3 38105 6517 29 9 693 53618 10921 92080 5
208 69975 3082 49 87 16 93 92080 133 13 35 22446 33 4 153 6517 16 9 14613 5
12097 9 110702 3472 10 9 3695 3116 4 8 879 11023 35 33 26 3 197 7 70 11023 25 3 6808 7 6 9 14613 5
71479 13 329 5606 7 11023 35 33 16 32 5944 143048 517 1356 22446 4 4 622 1362 5
7721 10 8109 1949 1963 13 16 22248 4 10 3 1065 13 87 71 34 4447 32 143048 517 1356 22446 4 4 622 4 79 1362 5944 5
7721 10 3116 4 106 10 13 267 622 36 34 26 9 14613 10 13 3472 5
53798 8016 260953 5944 143048 517 3062 3116 3082 35 4 7721 33 26 32 143048 3695 5
622 143048 517 16 22248 19 2201 6 3116 532071 16 5944 19 2201 6 7721 10 3116 8 87 16 93 5944 143048 517 6005 5
8616 4 110702 2855 71 26 12072 24 3 197 7 22248 5944 143048 1583 109 46 197 36 26 226 22248 17667 197 8 23 42540 6 70 3 11023 25 3 6808 6 9 14613 10 5
53798 7923 260953 17667 197 3062 3116 3082 35 4 7721 33 26 32 143048 3695 4 114 4 4 5
17 197 35 79 33 3082 58508 4 4 4 56012 7 70 3 143048 1583 11409 10 79 13 31 5944 19 2201 6 7721 10 3116 4 16 226 32 22248 17667 197 14 79 10 3116 92 8 97 92 70 35 249 4114 9424 33 31 22248 5
59268 8016 12097 3082 35 4 4 58508 4 56012 33 35 2042 10 59268 3921 33 5
79 110702 3472 14 49445 16 1595 10 98586 459 35 9 33 5
71479 13 35 49445 33 3082 58508 1356 49445 4 22446 4 33698 1362 4 1356 49445 4 39935 1362 4 1356 49445 4 48548 1362 56012 5
35 9 33 558511 3472 7 59268 341 98586 459 5
35 9 33 558511 3472 7 59268 8016 109 35 8862 33 54 7623 6393 109 35 8258 4 5547 33 67 83 22248 110702 2855 7880 6 3 216 61826 1427 7 5
53798 3921 842 143 6 1088 9 110702 3472 5
66 16 533 6 1963 13 3 3157 7 3 3979 3472 36 5524 15 3 678 10 47 3 31 4916 5
3194 537 678 36 1657 9 3472 19 9 523 31479 21365 5
273 3099 4 98586 459 35 8258 33 8 35 5547 33 842 67 523 110702 3472 13 31 59 2442 19 3 17667 197 35 49445 33 7 59268 8016 5
145 9892 16 54023 24 7285 3 508 7488 47 71 26 205765 1595 6 26 32 61826 7488 5
53798 8370 3062 3116 26 9 3695 4 8 879 26 3 197 7 70 537 110702 2855 11409 10 32 2685 79 10 3695 8109 134 36 140 13 37184 16 3267 6 4 103415 532071 11023 35 37184 33 35 33 35 79 33 5
238 1595 10 3 161 12971 4 9 110702 3472 14 120 2685 79 71 26 4861 6 26 2665 55 6 61826 5
11791 8334 3062 3116 26 32 143048 3695 5
273 120 3116 87 16 9 2665 110702 3116 55 6 61826 5
33813 6172 74184 79 5
558511 2855 852 6 2258 289 3 6808 38105 7 3 3472 16 6 26 2404 35 3060 13605 33 49 1830 35 3060 3871 33 21 9 41302 7889 3944 5
79 6393 49 17460 38020 1708 9 6300 7 133 7012 38020 5
48554 148 1789 1799 15568 8 16393 10 60368 2106 143048 48737 27 45 40372 4729 24 35 3495 33 109 196 59 35 502 33 4 35 359 33 8 121036 8 314908 35 280 33 4 121036 4 4 8 314908 35 2076 33 14 32 3844 1250 7 17460 8 3 12510 8785 5
1563 1217 16 543 10 825 2377 2209 10 28170 12283 3462 5
35 4164 33 4 12283 3462 5
35 3578 33 8 28170 8 35 911 33 5
86853 53 53798 9862 52034 38020 3062 3116 26 32 143048 3695 8 498623 70 3 110702 2855 13 71 26 3455 25 9 3695 8109 3062 26 3 197 7 70 3 110702 2855 114 290 38105 16 2824 2482 35 3871 33 49 15850 35 13605 33 5
79 6393 38020 14 3116 16 9 4859 6393 53 133 13 392 9 110702 3472 37184 14 32 2685 79 4 23 2696 9 2824 110702 3472 4 103415 4 114 290 38105 7 37184 29 45 6234 9 1932 2482 49 15850 5
17 2442 4859 53 58508 2482 4 15850 56012 2696 3 1932 7 3 6808 38105 7 5
59268 7923 79 6393 38020 71 26 4939 21 3177 5
4036 9 110702 3472 4 2690 31 2824 15850 5
1301 4 14 329 6706 38105 6517 7 3 3472 133 13 70 50 212 27 45 2824 4 3 1932 14 6517 16 2482 92 87 16 22 248 57 693 7 6517 2824 21 15850 4 8 3 1932 14 6517 16 15850 92 70 50 212 31 2824 21 5486 98586 459 35 8862 33 842 3 110702 3472 7 59268 8016 54 7623 46 6393 38020 5
145 16 9 1375 38020 14 6393 9 3472 8 23 42540 6 3 10151 63794 4939 14 13488 143048 48737 35 60368 4 3401 33 5
17 508 6300 15419 3 867 7 32 2685 110 3060 13605 10 32 143048 3695 5
81 3 6854 4 4298 13 4498 13 1799 1618 31 20 6 26 2404 4 7889 4 49 18360 5
53798 43243 38382 3062 3116 26 32 143048 3695 8 6393 35 17563 33 9 6393 38020 14 8109 622 2685 79 16 9 4873 14 50 1123 19 2201 6 3 6393 38020 532071 3 2824 110702 3472 35 37184 33 16 133 13 35 33 5
208 32 2685 79 16 9 4873 14 50 1123 4 153 80 36 59 140 13 50 1123 16 18360 35 49 13 87 16 9 4873 14 50 1123 33 4 8 13 3 2824 110702 3472 13875 3 4873 1799 7 79 2106 1123 5
81 3 508 2124 4 2824 110702 2855 36 26 3 1625 7 3 5141 7 110702 5230 10 13488 143048 9648 5
134 36 231 3 6393 38020 2042 10 59268 7923 10 3 6200 5
81 46 162 4 392 13 32 2685 29 3455 3 1799 7 110 18360 10 32 143048 3695 4 3 3644 7 9 110702 5230 36 26 6 2589 3 3003 7 143 32 2685 52396 13 1799 5
21669 4 9 5230 36 17244 7 9 2981 13 4784 3 2376 13 18 1303 61 10 678 6 4498 133 1799 4 8 23 36 3576 138 4298 8 223155 13 31 1109 21 176 7 46 2376 5
38396 13 87 16 9 424 197 7 4298 4 8 80 1271 3 317 13 9 1654 2685 10 13 197 16 18360 8417 461 31 34 109 80 142 256 6 259 524 13 4774 18 2682 5
273 3099 4 1384 369 3 5866 946 2209 10 8941 249 114 2685 2464 2590 16 32 5866 49771 8 87 16 32 5866 240 3846 109 2464 298 16 2590 2106 3660 8 28 1618 1487 671 19 872 109 2464 2590 1618 1287 6 3 5866 444 19 872 109 8 2464 298 2590 2106 282 1232 16 663 19 62 1774 106 23 2106 30 3660 4 8 16 34 9 206 867 6 2242 3 5866 19 9 1774 5
208 9 284 2696 3 317 13 16 9 18360 2685 49 13 16 34 18360 4 153 80 142 256 6 259 3 1809 2640 13 192 7951 42 2682 5
81 46 2124 4 80 36 7673 5230 13 36 581 70 3 317 35 4298 33 1109 24 3 284 14 111852 9 1123 8 3 2376 35 110702 2855 33 13 29 2828 5
622 143048 3695 19 3 4298 7 3 5866 5662 16 2042 10 3 946 1298 5
59268 9610 12097 3 197 7 4298 58508 4 4 4 56012 4 114 10987 35 49 687 33 189 8 4 10 786 10987 4 8 8 1789 290 83 5
17 508 1789 7488 4784 192 11537 58508 35 4 33 4 35 4 33 4 35 4 33 4 35 4 33 4 35 4 33 56012 5
17 143048 3695 3082 35 4 4 7721 33 71 26 4939 114 7721 3082 58508 4 56012 31 3 110702 12453 4939 10 34417 7013 8 7170 4 3995 5
98586 503 16323 35 9 33 3 29540 7 3 143048 6684 4 8 35 8862 33 35 16054 33 3 2824 110702 2855 14 4298 10 5
2569 4 3 6393 38020 7 59268 7923 16 220 5
35 9 33 143048 6684 7 59268 459 98586 503 5
35 9 33 143048 6684 7 59268 9610 5
35 33 102910 110702 2855 5
1113 98586 503 35 9 33 842 70 3 1806 4298 8 3 1789 7488 4939 72 3 197 7 4298 4 3 29540 340 34 240 3 2376 2828 6 164 92 32 2685 29 6 26 2404 21 18360 5
273 946 4 16 3871 24 44 16 10 786 3871 24 4 3847 4 37829 5
17 110702 650 14 111852 9 1123 4589 1913 3 4298 13 883 270 49 11193 19 13 1123 5
238 80 2994 10 3 767 2124 4 192 4298 31 3797 137 3 1789 7488 8 40 251124 10 970 7 46 1789 7488 4 671 19 3 110702 12453 4 71 26 149628 137 110702 2855 5
309045 9610 81 3 6200 7 46 1381 80 36 231 3 6393 38020 2042 10 59268 7923 4 13311 6 10151 63794 10 13488 143048 5
6832 46 38020 6 1932 9 110702 3472 4 32 2685 1932 5473 15 3 827 10 47 133 2685 1464 10 32 143048 517 5
1249 23 16 537 13 32 2685 1464 10 48 58 57 143048 517 4 92 46 2685 1464 10 67 523 1583 4 3 1932 14 290 15778 86 26 523 5
195248 4 32 2685 4088 9 1123 24 14618 25 1087 8366 5
17 115596 14 13488 143048 962 10 3 767 2124 9704 4298 6 13488 9010 276 120 4249 6 3 12510 1123 5
527 4 14 4097 2333 23 16 1622 6 3521 3 867 13 329 2685 29 32 2442 1123 4 14031 80 36 4753 9 4859 1123 35 79 33 13 36 581 3 1123 7 3 2685 79 5
273 3099 4 10 3 5662 962 996 4 1123 35 33 16 198 6 3 5866 8 1123 35 33 16 112 34 198 6 3 5866 5
208 32 2685 79 16 1595 6 26 9 4873 14 9 1123 4625 137 3 110702 3472 35 53798 43243 33 4 153 80 36 59 140 13 4625 16 18360 35 49 13 87 16 9 4873 14 4625 33 4 8 13 13875 79 21 9 4873 14 1123 4625 5
309045 9073 17 66271 36 3001 9 1123 13 29878 3 1123 4625 5
273 3099 4 71 22032 4625 92 16 3 13759 7 4625 19 2201 6 5375 126081 5
81 3 5866 946 4 92 4625 2464 198 6 3 5866 4 153 2464 112 34 198 6 3 5866 5
214 16 4 1123 35 33 8 1123 35 33 22032 290 83 5
134 4753 13 4 13 16 4 92 29878 4625 153 23 59 2609 13 4625 29878 5
81 3 143048 650 4 65 9 1123 16 110 10637 23 16 1622 6 1384 3 4298 13 270 3 1123 44 59 16 1272 6 21563 3 4298 35208 23 5
273 3099 4 10 59268 9610 4298 14 201 6 3 5866 8 4298 14 34 201 6 3 5866 144 26 1109 6 1865 289 6 198 49 34 6 198 5
66 16 530 13 87 86 26 48 58 57 2685 13 4088 9 1654 1123 8 59 307 4298 111 3 216 1123 5
12502 4 6 1445 524 32 2685 14 9 1123 7121 9 1654 1799 16 34 385 6 436 22 3 2376 2828 72 3 4298 2640 3 1123 109 23 16 1622 59 6 1384 3 2376 617 72 3 1603 13 22032 23 5
81 129 1217 32 5230 36 17244 7 9 2981 13 1038 138 2824 110702 2855 13 31 1109 14 7601 133 1799 5
208 97 57 2685 79 14 9 1123 4625 6848 4 153 87 36 26 9 2665 3472 35 11791 8334 33 8 46 3472 36 26 848 10 3 5230 7 3 4873 1799 7 4625 5
7448 4 392 9 1123 4625 87 86 26 307 523 4298 22446 4 4 622 2640 4625 4 8 290 31019 36 3855 50 12510 35 523 33 110702 3472 5
16816 4 10 46 267 32 5230 36 539 307 110702 2855 5
17 508 12971 3434 13 87 16 21 117 22248 110702 2855 1547 6 9 1123 4625 21 523 4298 19 4625 21 40 1123 5
9069 4 50 4716 16 9802 25 11791 8334 5
11791 9610 3062 3116 26 32 143048 3695 8 4625 9 1123 5
208 87 31 9424 4 4 1123 4625 153 87 4447 9424 523 22248 110702 4 4 35 55 6 420555 19 2201 6 2042 8370 33 5
33813 208 87 31 9424 4298 14 4625 153 290 2685 29 9 2665 110702 3472 35 11791 8334 33 5
66 16 530 13 14 290 1808 7 4298 31019 8 411885 35 4 33 3 110702 2855 8 31 523 106 40 5401 31 523 5
12502 4 87 31 9424 523 110702 2855 5
17 508 946 14103 3 614 267 114 87 31 307 4298 14 3 216 1123 4625 8 307 4298 2640 5
3194 57 7 192 4298 36 3855 9 523 110702 3472 8 90 7 192 110702 2855 142 27 3 6808 2824 15850 5
59268 9073 12097 3 143048 3695 3082 35 4 4 7721 33 4 114 3 197 7 4298 16 58508 22446 4 48548 4 39935 4 33698 4 83518 4 48685 4 9920 4 35353 4 61071 4 60946 4 83323 4 113462 56012 4 3 1789 7488 16 58508 35 83518 4 22446 33 4 35 83518 4 48548 33 4 35 33698 4 83518 33 4 35 48685 4 48548 33 4 35 9920 4 39935 33 4 35 35353 4 9920 33 4 35 61071 4 60946 33 4 35 60946 4 61071 33 4 35 113462 4 83323 33 56012 4 8 3 110702 12453 7721 3082 58508 4 56012 31 3 1603 4939 10 34417 7013 8 7170 4 3995 5
70797 13 1123 35 22446 33 35 48548 33 35 39935 33 35 33698 33 4 1123 35 83518 33 4 1123 35 48685 33 4 1123 35 9920 33 4 1123 35 35353 33 4 1123 35 61071 33 4 1123 35 60946 33 4 1123 35 83323 33 4 8 1123 35 113462 33 5
81 46 3695 4 87 31 179 4298 14 1123 9 4 57 2685 14 851 4 4 5547 4 4 16054 4 8 4 8 93 2685 14 1123 249164 98586 500 842 3 2824 110702 2855 4 4 4 8 5
17 6808 7 16 2824 2482 4 8417 3 5401 7 4 8 31 2824 15850 8 290 57 1708 9 4873 14 1123 9 5
71479 13 3 97 2685 19 1123 8 3 6808 7 16 2824 5486 16816 4 87 16 93 4873 14 5
98586 708 842 3 2824 110702 2855 14 3 4298 61071 4 60946 4 83323 4 113462 4 9920 8 35353 5
102910 110702 2855 14 4298 7 59268 459 98586 500 5
102910 110702 2855 14 4298 7 59268 9073 5
102910 110702 2855 14 4298 7 59268 459 98586 708 5
102910 110702 2855 14 4298 7 59268 9073 5
79 110702 5230 14 9 1123 4625 36 3576 110702 2855 14 4298 13 270 4625 8 59 110702 2855 14 4298 13 270 35 11771 4 4298 14 9 1123 13 16 10 1821 22114 19 4625 33 5
71479 13 87 71 26 883 307 4298 14 4625 4 97 57 2685 14 4625 4 49 93 4298 14 4625 109 8 3 216 16 1359 14 5
16816 4 836 16691 11851 5
273 3099 4 23 142 1636 13 87 16 93 2685 14 9 1123 4625 44 87 31 307 4298 14 5
81 46 267 4 742 87 16 93 4873 14 4625 4 87 6848 32 5230 13 36 539 3 110702 2855 14 138 4298 13 270 5
59268 9073 18506 32 143048 3695 13 842 90 7 3 16691 3915 996 5
17 508 6300 51354 67 10236 2757 7 2824 110702 2855 13 36 26 220 10 32 5230 5
53798 9610 558511 3472 2757 3062 3116 3082 35 4 4 7721 33 26 32 143048 3695 8 4625 9 1123 5
3062 35 4625 33 3082 58508 35 79 33 56012 4 3 2757 35 4625 33 35 4625 33 4 8 35 4625 33 35 4625 33 35 33 31 4939 21 3177 53 35 4625 33 3082 58508 35 4625 33 35 33 56012 4 35 4625 33 3082 58508 35 35 4625 33 35 33 33 35 33 56012 5
214 16 4 3 197 35 4625 33 1038 70 3 110702 2855 14 4298 13 270 4625 114 3 6808 16 2824 21 13605 5
12502 4 35 4625 33 4286 70 3 110702 2855 13 581 9 4873 14 4625 5
17 197 35 4625 33 16 3435 92 93 4873 14 4625 6848 5
71479 13 3 197 35 33 36 539 70 3 110702 2855 13 581 9 4873 14 35 92 87 31 120 33 5
17 197 35 4625 33 1038 70 3 110702 2855 14 4625 8 446 5401 31 2824 21 3871 5
214 16 4 35 4625 33 4286 138 110702 2855 13 240 47 4298 14 4625 8 112 34 581 9 4873 5
273 3099 4 10 59268 9073 87 31 179 4298 13 270 1123 9 4 8 3 110702 3472 7 108 7 91 31 2824 15850 35 196 98586 500 33 5
16816 4 35 9 33 3082 58508 4 4 56012 5
1249 87 16 97 57 2685 35 83518 33 13 4088 1123 8 50 110702 3472 16 2824 2482 4 153 35 9 33 3082 58508 4 56012 5
238 4216 996 4 3 3644 7 32 5230 16 6 2589 3 3003 7 143 3 4873 1799 7 9 1654 2685 71 26 3455 25 9 392 143048 3695 5
12502 4 32 5230 36 17244 7 9 2981 13 4784 3 2376 1303 61 10 678 6 4498 133 1799 4 8 23 36 3576 138 4298 8 223155 13 31 1109 24 46 2376 5
53798 9073 5230 3062 3116 26 32 143048 3695 8 4625 9 1123 5
79 5230 14 4625 10 3116 16 3 8348 35 4625 33 3082 35 35 4625 33 4 35 33 4 35 4625 33 33 5
214 16 4 9 5230 8348 35 4625 33 14 9 1123 4625 25 9 3695 3116 16 9 94001 35 35 4625 33 4 35 33 4 35 4625 33 33 4 114 3 74 6825 16 9 35 537 3435 33 197 7 138 2824 110702 2855 25 3116 13 581 9 4873 14 4625 5
17 169 6825 7 8348 35 4625 33 16 9 35 2285 3435 33 197 7 2824 110702 2855 13 581 9 4873 14 5
5583 4 3 296 6825 35 4625 33 16 9 35 2285 3435 33 197 13 4286 138 2824 110702 2855 14 4625 49 14 13 581 93 4873 4 11771 4 40 5401 31 2824 2482 35 3871 33 5
59268 9102 12097 3 143048 3695 7 59268 9073 114 87 31 179 4298 35 22446 4 48548 4 39935 4 8 33698 33 13 270 1123 9 8 57 2685 35 83518 33 13 4088 1123 5
17 5230 14 1123 9 25 16 35 9 33 3082 35 58508 4 4 56012 4 4 58508 4 56012 33 4 8417 3 5230 14 16 35 33 3082 35 4 58508 4 4 56012 4 58508 4 56012 33 5
98586 500 842 70 3 110702 2855 7 35 9 33 8 35 33 5
71479 13 3 5230 25 14 3 1123 16054 16 35 16054 33 3082 35 4 58508 56012 4 58508 56012 33 5
17 2824 110702 2855 7 35 16054 33 31 1595 10 98586 708 5
208 3 74 5606 7 9 5230 8348 35 4625 33 16 34 3435 4 153 87 4447 22 248 57 2685 13 1708 9 4873 14 3 1123 4625 5
22027 80 36 240 13 543 15 9 5230 23 16 537 6 7673 3 5141 7 1647 14 9 25692 35 9 1123 5208 6 32 143048 3695 33 5
75 74 80 36 12262 90 2763 7 3 1273 115596 8 80 36 4556 3 5141 7 16615 143048 3695 5
11791 9073 3062 3116 3082 35 4 4 7721 33 26 32 143048 3695 8 35 4625 33 35 4625 33 4 35 33 4 35 4625 33 26 9 5230 5
17 35 4625 33 4 35 33 4 35 4625 33 31 5
33813 999 11791 8334 4 14 290 2685 10 3 197 87 16 9 2665 22248 110702 3472 5
12502 4 70 3 110702 2855 14 4625 8 14 31 523 4 8 12146 4 35 4625 33 8 35 33 31 5
51811 13 3 1932 7 3 6808 7 9 110702 3472 16 2665 24 6300 4 8 3847 4 3 197 35 4625 33 29 93 2855 446 6808 16 2824 15850 5
12502 4 35 4625 33 8 35 4625 33 35 33 31 2757 5
1655 11791 9073 23 2609 13 35 4625 33 3082 35 35 4625 33 35 33 33 35 4625 33 35 33 5
11346 13 10 59268 9102 4 3 296 6825 7 3 15041 35 9 33 8 35 33 31 3 216 4 8 3 74 67 31 3 216 44 10 523 678 5
17 508 12971 842 13 46 983 36 817 10 614 14 15041 7 17915 851 5
1738 4716 16 9802 25 156269 9073 8 9610 5
11791 9102 3062 3116 26 32 143048 3695 8 879 4625 26 9 1123 4 35 4625 33 3082 35 6219 4 12662 4 20721 33 35 33 3082 35 12662 4 6219 4 20721 33 5
33813 1249 8348 35 4625 33 35 4625 33 4 35 33 4 35 4625 33 8 80 4753 13 4 153 8348 35 33 35 33 4 35 4625 33 4 35 4625 33 5
17 767 6200 27 1595 143 23 16 537 13 90 7 3 5937 7 9 5230 86 26 3435 5
17 74 6825 7 3 5230 8348 35 4625 33 36 26 3435 92 53 35 9 33 187 4447 93 2685 14 4625 4 49 35 8862 33 766 3 110702 2855 12510 6 4298 14 4625 31 2824 5486 81 189 745 87 16 93 4873 14 4625 4 44 10 290 57 3 2442 5230 16 523 5
81 267 35 9 33 35 4625 33 36 3576 93 110702 2855 12510 6 4298 14 4625 4 8417 10 267 35 8862 33 35 4625 33 36 3576 110702 2855 14 4298 13 270 4625 35 17905 4 35 33 3082 35 4 58508 4 4 56012 4 58508 4 56012 33 33 5
17 169 6825 7 8348 35 4625 33 36 26 3435 92 87 16 93 4873 14 4 8 3 296 6825 36 26 3435 65 87 16 93 110702 3472 14 4625 2305 446 6808 16 2824 5486 5583 4 21 3 161 12971 23809 4 10992 13 87 31 745 114 3 108 5937 71 26 3435 4 17905 4 35 4625 33 3082 35 4 4 33 5
11791 9371 3062 3116 26 32 143048 3695 5
35 4625 33 3082 35 4 4 33 532071 93 4298 14 4625 5
33813 70797 13 87 16 22 248 57 2685 14 4625 35 3995 33 153 46 2685 36 27 1954 57 110702 3472 8 3 6808 7 46 3472 36 26 2824 883 15850 49 5486 208 3 1932 16 15850 153 35 4625 33 35 3995 35 33 33 36 26 14510 3435 4 8417 92 3 1932 16 2482 153 35 4625 33 36 26 14510 3435 5
71479 13 53798 9073 4602 93 1215 72 3 2757 35 4625 33 8 35 33 4 8 3847 40 3893 36 5524 97 15 3 1654 1789 7488 8 3 2442 110702 12453 7 3 392 65563 3695 8109 273 3099 4 87 71 26 32 65563 3695 114 14 9 1123 4625 4 189 4625 8 31 18360 25 4 17905 4 1384 3 143048 3695 35 58508 79 4 2636 56012 4 4 33 4 114 1123 35 79 33 8 1123 35 2636 33 5
81 46 3695 4 93 2685 10987 3 83 8 3475 189 4298 31 205765 18360 8 95 31 40 851 4625 8 5
208 133 9 983 8887 4 153 35 4625 33 8 35 33 5
81 1067 7 46 983 4 80 8850 3 508 24648 4 114 3 74 57 684 13 32 65563 3695 36 26 16615 65 14 120 1123 4625 4 92 4625 16 18360 153 16 34 18360 5
53798 9102 114073 143048 3695 622 143048 3695 3116 3082 35 4 4 7721 33 16 16615 532071 14 120 1123 4625 133 13 87 6848 32 2685 19 1123 35 79 33 13 16 18360 4 153 87 16 93 2685 19 1123 35 2636 33 13 16 18360 5
43883 25 16615 143048 9648 31 7 856 3238 5
53798 9371 114073 5230 4036 9 1123 4625 4 9 5230 8348 35 4625 33 35 4625 33 4 35 33 4 35 4625 33 14 4625 25 32 143048 3695 3116 16 20 6 26 16615 532071 35 4625 33 14359 35 33 5
17 7488 148 16615 9648 8 16615 15041 16 3847 2203 5
167849 9610 3062 3116 3082 35 4 4 7721 33 26 32 143048 3695 5
208 3116 16 16615 4 153 14 120 1123 4625 50 35 4625 33 3082 35 35 4625 33 4 35 33 4 35 4625 33 33 16 16615 5
33813 12097 9 5230 114 35 4625 33 109 153 4 24 6300 7 35 4625 33 4 87 6848 32 2685 79 14 1123 4625 114 3 6808 7 16 2824 15850 4 8 3475 79 16 18360 5
1249 3116 16 16615 4 87 36 26 93 18360 2685 2636 10 133 13 1123 35 2636 33 5
1301 4 14 329 2685 2636 19 1123 4 3 6808 7 36 26 2824 5486 12502 4 35 33 5
11346 13 9 5230 8348 35 4625 33 4 4 35 4625 33 114 35 4625 33 16 537 8 770 13 742 87 31 4298 14 4625 49 4 87 16 93 4873 14 883 22778 35 17905 4 35 18365 33 10 59268 9073 33 5
966 2333 7 65563 1443 35 17905 4 2516 1443 33 31 25692 543 5
12502 4 23 16 4116 6 7673 67 13538 1547 6 32 5230 53 25692 8 1647 14 9 25692 5
273 3099 4 508 3 5662 7 59268 9610 4 3 25692 198 6 3 5866 240 71 26 27394 8 3 1647 14 13 25692 144 26 93 5
81 129 1581 4 9 25692 4625 4 226 9575 25692 4 16 9 785 1123 7 32 2685 6 26 170 10 32 143048 3695 8109 2927 4 80 36 7673 9575 4411 14 9575 19510 4 10 970 7 16615 15041 5
53798 5347 9575 1647 3062 3116 26 9 16615 143048 3695 8 4625 9 9575 25692 5
3062 8348 35 4625 33 3082 35 35 4625 33 4 35 33 4 35 4625 33 33 26 9 5230 14 4625 3455 25 8109 17 9575 1647 14 4625 16 53 3458 4 92 35 4625 33 5
93 4 92 35 33 5
12313 4 92 35 4625 33 4 35 4625 33 8 35 33 5
4000 4 92 8348 35 4625 33 3082 35 4 4 33 5
11791 5347 3062 3116 26 9 16615 143048 3695 8 4625 9 9575 25692 4 153 3 9575 1647 13 16 3455 25 3116 16 2665 5
33813 3062 8348 35 4625 33 35 4625 33 4 35 33 4 35 4625 33 26 3 9575 1647 14 4625 10 8109 208 3 1647 16 4000 4 11771 4 8348 35 4625 33 3082 35 4 4 33 4 153 14 11791 9371 87 16 93 2685 14 883 4625 49 50 13759 8 3 97 537 1647 16 4000 5
208 3 9575 1647 14 3 9575 25692 4625 16 3458 153 87 16 22 248 57 2685 19 1123 35 79 33 13 16 18360 4 121 3 3695 3116 16 16615 87 16 93 18360 2685 19 1123 35 2636 33 4 11771 4 35 33 8 3 1647 71 34 26 93 5
4 18865 3 4125 7 4625 8 4 14 3 267 13 3 9575 1647 16 93 5
81 189 745 4 3 1647 71 34 26 12313 2305 4000 106 4 4808 3 267 4 35 4625 33 49 35 33 16 14510 3435 5
208 3 9575 1647 4625 16 12313 4 153 87 16 93 18360 2685 14 4625 49 14 4 3475 3 9575 1647 71 34 26 2812 3458 2305 93 109 8 121 35 4625 33 4 3 1647 71 34 26 4000 5
659 1445 524 9 9575 25692 29 9 1654 9575 1647 4 23 16 3456 6 5518 47 4298 27 45 1109 8 3 1806 5595 297 91 5
66 16 533 6 1963 13 10 143048 1443 114 3 4716 4644 16 543 15 3 1444 7 110702 2855 4 15041 345 9 885 604 5
17 15041 240 3 14618 1303 61 24 3 284 4 8 43 852 6 47772 3 270 14 9 392 1647 5
66 16 530 13 276 46 317 23 51 26 177 841 6 1445 3 1035 1647 5
25729 6 59268 9610 114 4298 8 270 3 1123 198 6 3 5866 35 198 33 8 8 270 3 8101 4 112 34 198 6 3 5866 35 33 5
17 5230 14 198 16 5132 35 198 33 3082 35 4 58508 4 56012 4 58508 4 56012 33 12502 4 3 1647 14 198 16 93 8 3 5230 842 524 70 4298 13 270 198 42 1109 3871 35 110702 2855 42 13075 10 98586 503 35 8862 33 35 16054 33 33 5
66 16 533 6 3088 22 46 397 13 3 6200 2209 31 4202 396 392 3 904 558 4 44 23 16 1369 6 196 13 21 3 221 7 4298 8527 3 1646 7 3 2855 36 3130 59 6 1995 5
17 43971 7 3 4411 36 343 48 533 10 192 745 4 13 4559 31 1029 10 521 2333 5
59268 9371 12097 369 143048 3695 7 59268 9073 5
51811 13 3 110702 5230 14 9 16 35 9 33 3082 35 58508 4 4 56012 4 4 58508 4 56012 33 109 153 4 3 1647 14 9 16 3458 8 3 1647 14 16 93 5
71479 13 35 5547 33 3082 35 4 4 58508 4 56012 33 4 3475 3 1647 14 5547 35 8 59 14 33 16 12313 5
5583 4 121 35 18398 33 3082 35 4 4 33 4 3 1647 14 18398 16 4000 5
273 90 1654 2333 4 9 5230 142 3001 215 146 317 8 9 48 36472 5230 86 26 666 5
273 3099 4 10 678 6 240 13 87 16 9 4873 14 9 1123 4625 4 9 837 2824 110702 3472 446 6808 16 2824 15850 71 26 1595 5
1738 6300 16 2042 161 5
53798 8825 161197 5230 3062 3116 26 9 16615 143048 3695 8 4625 9 9575 25692 5
79 36472 5230 14 4625 4 103415 24 64956 35 4625 33 4 16 9 837 2824 110702 3472 3455 21 3177 53 2778 92 3 9575 1647 14 4625 16 3458 4 153 35 35 4625 33 33 5
2778 92 3 9575 1647 14 4625 16 93 4 153 35 33 5
2778 92 3 9575 1647 14 4625 16 12313 4 153 35 4625 33 5
2778 92 3 9575 1647 14 4625 16 4000 4 153 16 9 55833 3472 226 5
3690 16 9 3394 4859 13 2696 1954 57 5606 25 9 197 7 2824 110702 2855 5
17 6300 7 5473 15 9 1654 38020 14 13896 3 104 3890 110702 3472 4 2285 6620 90 197 7 13987 53661 3 9962 7 3 565 5
273 3099 4 6 462 3 3472 13 29 287 30864 4 3 3472 19 48 30864 4 49 3 57 19 3 5305 143048 517 5
208 9 8684 38020 148 4298 71 26 4939 4 153 46 38020 71 26 220 14 13896 3 104 4020 3890 3472 5
273 946 4 4753 13 770 79 16 4020 72 2636 4 153 3 110702 3472 446 6808 16 282 19 2201 6 71 26 3467 11346 1435 13 144 26 4939 10 133 9 152 13 23 2696 9 837 110702 3472 4 92 87 31 48 58 57 3472 13 8922 3 3322 38020 4 57 7 91 71 26 14027 3467 5
59268 5347 12097 143048 3695 7 59268 9073 114 87 31 179 4298 35 22446 4 48548 4 39935 4 8 33698 33 13 270 1123 9 8 57 2685 35 83518 33 13 4088 1123 5
51811 13 35 9 33 3082 58508 4 4 56012 8 35 33 4 8 13 3 9575 1647 14 9 16 3458 5
12097 13 29408 3 3472 13 29 287 30864 4 153 35 9 33 5
17 3142 17721 7 13488 143048 48737 29 805 3 542 7 3 523 63794 2627 25 3 11455 7 4298 137 3 497 7488 5
273 143048 1443 114 4298 31 1252 32 2634 2981 35 241471 323 6199 4 1278 109 29533 12283 32330 4 2773 109 12283 32330 4 911 109 28170 323 4 911 109 141446 4 590 109 4 4 323 28170 4 3578 109 323 77934 4 3824 33 4 15041 581 3 1117 7453 7 14513 10 3 3003 7 143 2505 144 26 3380 8 7 2640 3 131115 650 7 3 4919 2505 1084 5
6172 4796 8 44086 35 274 33 14 32 15344 1165 7 7254 7 14618 1443 5
81 46 2124 80 36 5441 3 5615 7 3 115596 4939 996 24 518394 3 13488 13538 2042 95 300 10 129 115596 5
2018 3 537 2003 996 3915 4 80 27 3112 9 6682 8 6227 143048 284 226 35 34074 53298 33 5
17 8593 2030 7 35 28170 323 4 911 33 16 32 4159 7 3 2030 7 34074 53298 5
17 284 15103 4298 4 3 5141 7 1881 8 1789 148 4298 35 497 10 3 23874 7 13488 143048 48737 33 4 8 2527 9 110702 4716 4644 6 4498 3 18360 4298 5
16 1816 6227 8 558 695 35 139 2078 4 359 33 5
1113 46 421 16 543 15 3 2177 7 19721 1752 19 3 7254 6 24107 129 601 4 23 16 537 6 2780 825 53365 6 120 7 3 1652 1443 3915 103 35 241471 323 6199 4 1278 109 29533 12283 32330 4 2773 109 141446 4 590 33 5
81 3 73 85 29 45 220 14 2505 8593 8 14618 10 523 30951 5
273 3099 4 10 2302 8 6199 35 280 33 18 9888 8 220 14 9 85929 22378 26859 5898 109 10 4 4 8 35 502 33 32 143048 423767 284 543 15 18 2042 109 10 69817 4 4 28170 4 8 35 359 33 32 2673 7 34074 53298 6 29507 9831 10 9 13370 1566 18 1273 109 10 54704 4 4 8 35 274 33 18 220 14 3 34520 7 17219 14 14618 52 916 3547 109 8 10 8 35 274 33 9 5146 143048 6684 538 34074 53298 18 4939 5
29 3 100572 7453 7 3364 2325 317 10 3 916 7 954 4 8 1708 9 143048 42101 7787 14 111852 3 40320 7951 5
79 1396 35 33 16 220 6 3001 9523 317 13 142 26 220 92 802 71 26 5208 111 23 35 3 1396 71 26 1125 21 1809 6 494 10 581 1809 6 494 10 33 5
22027 80 36 581 3 3456 3893 7 34074 53298 21 270 14 3 939 7 3 5287 109 3 23874 694 16 32 4159 7 3 220 10 34074 53298 5
17 7067 16 3181 6 28170 8 35 911 33 114 556 1056 71 26 170 5
79 447 3280 16 9 197 7 4008 4 5375 954 4 8 954 4939 21 3177 5
35567 31 922 3364 7408 317 49 3 126081 7 7408 317 538 632 126081 4 17905 4 5379 35 312 33 49 35 312 33 5
55782 14441 4 103415 122075 4 4 535288 4 114 16 9 922 22778 8 58508 6793 56012 4114 6117 6494 16 9 197 7 922 3001 14510 317 4 17905 4 5086 5379 49 1256 5
14441 4 103415 122075 4 4 535288 4 114 16 9 922 22778 8 58508 6793 56012 4114 6117 6494 16 9 197 7 922 3001 9523 317 4 17905 4 5379 49 9337 5379 4 7110 5
355 1272 4 9 447 36 26 103415 35 503100 4 33 32485 3 33498 503100 7 4008 8 5375 954 4 8 3 33498 7 954 35 196 59268 12018 33 5
12935 126081 16 805 10 3 373 7 954 4 8 12146 142 26 220 6 3001 17915 2505 5
4036 9 447 35 503100 4 33 4 17915 86 26 10978 5
7448 4 3 197 503100 35 47 16 220 6 3001 14510 317 33 383 12124 1087 2634 41280 4 8 3475 93 1808 7 17915 71 26 10978 25 503100 5
59268 12018 12097 3 447 35 4 33 13 2464 3 5662 2042 10 59268 9610 5
81 46 447 4 198 4 4 3660 4 1774 4 8 872 1335 14 198 6 3 5866 240 4 87 16 32 5866 240 3846 4 298 16 2590 2106 3660 4 9 1232 16 663 19 62 1774 4 8 128 671 19 872 4 3995 5
58508 4 3660 4 1774 56012 4 4 4 872 4 5
17 447 35 4 33 29 218 954 3364 9523 317 4 8 108 4008 3364 13 87 16 32 5866 240 3846 4 298 16 2590 2106 3660 4 8 9 1232 16 663 19 62 1774 5
17 74 1396 684 13 92 87 16 32 5866 240 3846 153 87 16 9 206 1033 6 198 6 3 5866 444 5
17 169 1396 2464 13 15 30 3660 2590 1618 1487 671 19 872 5
17 296 57 684 13 4 92 872 31 663 4 153 2590 51 849 948 22 139 5
527 4 3 740 1396 23809 13 3 644 13 87 16 32 5866 240 3846 8 110 10 3 136 7 872 581 206 1809 6 198 6 3 5866 5
17 73 1396 684 13 3 983 893 92 9 1232 3390 9 1774 5
81 3 767 2124 4 4298 42 1109 21 13488 9010 109 658 4 10 4 4298 31 3455 25 9 1654 447 4 43 27 9 4097 2981 4 8 43 383 8922 1087 3142 3012 5
2927 4 80 4556 3 6300 7 2685 8 153 4 10 59268 10548 4 523 4298 13 71 26 3455 25 3 447 35 4 33 31 1595 5
53798 12018 102010 2981 3062 35 503100 4 33 26 9 447 4 4 16 32 2685 2981 4 49 1122 32 2685 4 14 9 22778 4659 3455 25 35 503100 4 33 92 79 16 197 7 954 35 33 133 13 53 35 249 33 87 6848 9 118559 14 4659 25 109 35 341 33 3 197 16 14510 17915 35 11771 4 93 1808 7 17915 71 26 10978 33 109 8 35 459 33 187 16 93 13 44931 35 249 33 8 35 341 33 35 11771 4 79 16 9 8355 33498 12404 35 249 33 8 35 341 33 33 5
238 1595 10 59268 10548 4 10 23 16 537 6 1088 4298 14 17915 4 17905 4 25 35 4 33 87 31 4298 14 198 8 5
59268 10548 1655 3 447 35 4 33 2042 10 59268 12018 3 508 4298 71 26 3455 53 4 58508 56012 4 4 58508 35 33 4 35 33 56012 4 4 58508 35 4 872 33 4 35 33 56012 4 4 58508 35 4 872 4 1774 33 4 35 33 56012 4 81 32 2685 4 4 92 4 16 9 3656 49 6663 14 4 5
79 14 4 16 32 2685 4 133 13 4 16 34 4020 72 4 4 8 4659 8 2990 31 10 4 11771 4 9 1808 7 17915 71 26 10978 25 503100 58508 4659 4 2990 56012 5
79 71 26 3656 35 4 16 4020 72 4 33 49 6663 35 2812 16 4020 72 3 83 33 5
66 16 533 6 1963 13 10 3 2685 4631 38020 16 31462 4 8 23 16 537 6 5339 3 104 3206 38020 14 3 9962 10 813 5
999 4768 3 284 1708 9 382234 38020 47 10316 3501 48581 8 10 3 6200 1298 80 36 231 23 5
17 38020 4 226 48015 48581 35 4 28170 4 4 323 4 1095 33 4 10078 67 5158 10 32 2685 53 23 12358 35 249 33 9 48 7608 2685 35 11771 4 19 1370 32056 2038 33 4 8 35 341 33 9 48 36472 2685 35 11771 4 19 287 231 7 954 33 5
6832 46 38020 4 10 59268 10548 4 2685 4 16 4020 72 4 35 48 7608 33 4 4 16 4020 72 4 8 4 16 4020 72 4 5
11346 13 4 16 34 4020 72 4 8 1797 22206 5
12502 4 4 16 9 6663 14 4 35 8 1797 22206 33 4 4 16 9 3656 14 4 4 8 4 16 9 3656 14 4 8 59 14 4 5
81 32 143048 517 36 26 1109 5944 65 3 517 44931 35 2240 4 196 59268 7170 33 4 35 14510 149911 4 196 59268 7013 33 4 8 9 296 37863 493669 13 80 36 4556 161 5
12097 3 143048 517 1356 22446 4 48548 4 4 622 1362 5
134 7673 493669 35 33 3082 36905 92 87 31 108 2458 4298 10 3 517 133 13 99105 16 9 6663 14 52176 249 4 8 16 9 6663 14 99105 35 249 33 5
10974 4 493669 35 33 3082 8664 5
59268 10873 12097 3 4298 962 10 59268 10548 5
17 143048 1583 1356 4 4 4 1362 8 1356 4 4 4 4 4 1362 31 5944 143048 1583 10 4 8417 1356 4 4 4 4 4 1362 16 34 5
2106 2824 35 49 10921 33 110702 2855 36 26 13075 21 9 3472 114 3 30864 3001 3 4298 21 58021 19 40 2442 7005 35 15850 49 2482 33 4 8 3 12029 9708 91 60121 3 1789 7488 35 196 98586 700 33 5
79 260268 28879 2452 2464 9 6663 1789 4 8417 9 259362 28879 2464 9 3656 1789 5
622 2685 4 36 26 413581 13075 21 9 22087 4 114 50 4416 274365 266 6 3 4774 4659 4 8 3 610 7 3 197 7 954 79 16 2442 19 3 22087 1010 5
332 3 243 7 290 38105 3 2442 1932 3364 50 1799 35 15850 49 2482 33 36 26 1595 5
273 3099 4 98586 700 842 179 2824 110702 2855 3455 25 3 447 35 4 33 8 2442 19 3 25692 198 5
901 7 91 35 4 8 4 33 27 40 5401 2824 21 2482 4 8417 3 83 67 35 4 8 4 33 27 40 5401 2824 21 15850 5
16816 4 3 22778 16 18360 5
558511 2855 7 59268 503 98586 700 5
558511 2855 7 59268 12018 5
134 36 786 107 6 3 5139 7 15041 8 4411 14 922 19510 10 35 226 19510 33 5
4649 4 10 8941 10548 4 80 36 79117 15041 8 4411 14 81495 19510 5
190430 4 4411 4 8 15041 10 238 2042 996 4 9 25692 16 9 922 22778 13 36 690 6 4873 5
17 110702 650 14 111852 9 25692 4589 3 1444 8 8557 7 307 4298 13 883 270 49 11193 19 3 25692 163 2376 5
931 4209 4298 31 3797 137 3 1789 7488 8 31 4393 10 110702 2855 5
71479 13 4 392 9 25692 4625 4 87 86 4447 523 4298 13 270 4625 4 8 290 2685 36 3855 9 523 110702 3472 5
238 80 36 240 1298 4 3 1035 1647 14 4625 36 97 26 4 49092 2130 4 3 5308 7 3 20278 7 9 197 7 307 110702 2855 13 27 45 12956 6 270 3 3979 1647 5
659 1445 524 9 25692 7121 9 1654 1647 4 23 16 3456 6 1384 3 4298 13 27 45 4209 8 3 1806 5595 297 91 5
12502 4 32 5230 14 9 25692 4625 36 17244 7 9 2981 13 1038 138 2824 110702 2855 13 31 1109 14 7601 3 4873 1799 7 4625 4 13 16 4 34 97 3 2824 110702 2855 14 4298 13 270 4625 44 59 2824 110702 2855 14 4298 13 270 5
81 4 770 3 13759 7 4625 19 2201 6 632 126081 35 11771 4 8 33 5
6297 15 3 115596 2209 10 3 767 2124 4 1298 80 36 4556 2106 12510 19471 7 110702 3472 2757 8 15041 21 1654 745 7 156269 9610 8 9073 3995 5
53798 10548 110702 3472 2757 3062 3280 26 9 447 8 4625 9 25692 5
3062 35 4625 33 3082 58508 4 4 4 4 56012 26 3 197 7 70 4298 14 4625 25 3280 4 8 35 33 3082 58508 4 4 4 4 56012 3 197 7 70 4298 14 25 7104 17 2757 35 4625 33 35 4625 33 4 8 35 4625 33 35 4625 33 35 33 31 4939 21 3177 53 35 4625 33 3082 58508 35 4625 33 35 33 56012 4 35 4625 33 3082 58508 35 35 4625 33 35 33 33 35 33 56012 5
81 4 392 32 2685 79 87 16 9 2665 2442 110702 3472 4 3475 4 9 825 665 6 11791 9073 2609 53 392 9 8 9 25692 4625 4 3 2757 35 4625 33 4 35 33 4 8 35 4625 33 31 5
8616 4 23 59 2609 13 35 4625 33 3082 35 35 4625 33 35 33 33 35 35 4625 33 35 33 33 5
53798 10873 5230 3062 3280 26 9 447 8 4625 9 25692 5
79 5230 14 4625 25 3280 16 3 43437 35 4625 33 3082 35 35 4625 33 4 35 33 4 35 4625 33 33 5
214 16 4 9 5230 43437 35 4625 33 14 9 1123 4625 25 9 447 3280 16 9 94001 114 3 74 6825 16 9 35 2285 3435 33 197 7 2824 110702 2855 25 3280 13 581 9 4873 14 4625 5
17 169 6825 7 43437 35 4625 33 16 9 35 2285 3435 33 197 7 2824 110702 2855 13 581 9 4873 14 4 8417 3 296 6825 35 35 4625 33 33 16 9 35 2285 3435 33 197 13 4286 3 2824 110702 2855 14 4625 49 14 13 581 93 4873 4 11771 4 40 5401 31 2824 2482 35 3871 33 5
59268 11088 12097 3 447 7 59268 12018 5
17 19510 198 8 27 3 508 15041 53 35 198 33 3082 35 4 58508 4 56012 4 58508 4 4 4 4 4 56012 33 109 35 33 3082 35 58508 4 56012 4 4 58508 4 4 4 4 4 56012 33 5
98586 700 842 70 3 2824 2855 848 10 192 15041 5
71479 13 3 5230 35 3002 33 3082 35 4 4 33 5
132872 9102 8 9371 59 817 14 15041 4 13 16 4 392 9 447 3280 8 9 25692 4625 53 2778 43437 35 4625 33 3082 35 6219 4 12662 4 20721 33 532071 43437 35 33 3082 35 12662 4 6219 4 20721 33 4 8 2778 43437 35 4625 33 3082 35 4 4 33 532071 87 31 93 4298 14 4625 2305 5
17 12510 69617 14 31 9802 25 156269 10548 8 10873 4 508 43989 1959 21 3 1603 220 14 132872 9102 8 9371 5
51811 13 9 5230 16 16615 92 35 4625 33 14359 35 33 35 53798 5347 33 5
214 16 4 392 9 25692 4625 13 16 18360 4 87 71 34 26 18360 4298 13 270 5
17 508 12971 842 13 15041 27 3 216 955 5
11791 12018 15041 31 16615 5
33813 4036 9 447 3280 4 87 71 34 26 7910 14 9 25692 4625 8 14 5
16816 4 232 6 53798 16 16615 5
12502 4 24 167849 15041 31 16615 5
1249 15041 31 16615 4 3 4411 14 19510 71 26 4939 10 9 825 152 21 9575 4411 5
81 4 3 1647 6 9 25692 4625 16 3458 65 4625 16 18360 4 93 65 16 18360 4 12313 92 2812 4625 2305 16 18360 4 8 4000 65 87 16 93 2685 14 4625 5
2927 4 80 36 7673 4411 14 19510 10 970 7 9 5230 5
53798 11088 1647 3062 3280 26 9 447 8 4625 9 25692 5
3062 43437 35 4625 33 35 4625 33 4 35 33 4 35 4625 33 26 9 5230 14 4625 5
17 1647 14 4625 16 53 3458 4 92 35 4625 33 5
93 4 92 35 33 5
12313 4 92 35 4625 33 4 35 4625 33 8 35 33 5
4000 4 92 43437 35 4625 33 3082 35 4 4 33 5
81 5375 8 954 31 922 5
527 4 508 3 2795 3492 2042 10 171842 35 3495 33 4 80 36 231 81495 954 19 23394 5
3194 81495 1396 2464 307 922 954 114 23394 31 2445 35 33 24 922 3893 5
659 12681 23394 4 21 2795 4 32 2007 242703 1338 16 220 5
59268 6769 12097 3 447 35 4 33 114 9337 16 35026 21 18365 53 35 6219 33 35 6219 33 5379 35 312 33 5379 35 444821 33 7110 35 444821 33 5086 35 16366 33 4 35 6219 33 35 6219 33 18365 35 6219 33 35 6219 33 4 7110 35 6219 33 35 6219 33 35 6219 33 5
238 3915 103 4 9 25692 16 9 922 22778 8 4298 31 1148 538 922 954 5
1655 3 447 35 4 33 3 508 108 4298 71 26 3455 35 114 922 9584 7 81495 954 42 220 33 53 4 18365 35 444821 33 58508 18365 35 35 444821 33 33 35 444821 33 56012 4 18365 35 35 444821 33 33 4 4 35 444821 33 58508 35 444821 33 35 444821 33 56012 4 35 444821 33 4 8 4 18365 35 444821 33 58508 18365 35 444821 33 35 444821 33 4 7110 35 444821 33 56012 4 18365 35 444821 33 5
2569 4 4 35 444821 33 10987 4 18365 35 444821 33 8 4 18365 35 444821 33 10987 4 35 444821 33 5
71479 13 3 5230 14 25692 18365 35 444821 33 16 35 58508 4 18365 35 444821 33 4 4 18365 35 444821 33 56012 4 58508 4 35 444821 33 56012 33 4 8 3475 4 3 1647 14 46 25692 16 3458 35 98586 704 842 3 2824 110702 2855 33 5
11346 13 3 5230 14 35 444821 33 16 35 4 58508 4 18365 35 444821 33 4 4 18365 35 444821 33 56012 4 58508 4 35 444821 33 56012 33 4 446 1647 16 93 5
5583 4 10992 13 3 1647 14 5643 35 444821 33 16 4000 4 106 93 2685 86 26 3192 14 13 25692 5
558511 2855 7 59268 503 98586 704 5
558511 2855 7 59268 6769 5
11346 13 25 3 397 7 1069 7 9 2505 5318 7 2505 28609 4 15041 371 9 391 867 7 3 16764 297 4298 496 3 5114 7 9 25692 5
8616 4 5230 71 59 26 220 21 9 131115 4462 125 5979 53 7302 32 4809 1647 16 3455 4 3 28609 71 3025 6 192 15041 6 7367 5464 10 3 447 5
66 250 59 1636 13 3 1647 1230 6 26 4007 44 3 5230 36 3817 9 3366 10 3 2505 8593 5
273 3099 4 92 10 59268 6769 3 1396 18365 35 6219 33 5379 35 6219 33 16 13338 220 1016 7 35 6219 33 5379 35 6219 33 4 87 36 26 93 2685 883 14 35 312 33 49 35 444821 33 5
11649 544 142 11851 10 267 9 22778 16 40723 35 17905 4 49 1016 7 5379 33 5
81 192 5771 4 15041 71 185 3 131115 2485 24 1571 13 90 230 4298 31 1268 49 13 90 4809 4298 11851 5
81 3 74 176 7 46 2124 80 27 1109 15041 14 922 19510 35 17905 4 198 4 35 444821 33 49 5086 35 312 33 33 109 11231 4 1484 16 4116 6 27 9 48 614 2125 7 25692 5
473 13 10 1475 4 80 36 4556 81495 19510 13 852 23394 8 3001 9 197 7 1570 19510 5
273 3099 4 10 59268 6769 4 1016 7 15339 307 922 19510 35 18365 35 444821 33 4 18365 35 312 33 4 18365 35 16366 33 4 4703 5
33 4 6 259 92 23 16 18360 13 90 1570 9337 4 9 837 81495 25692 71 26 220 5
22027 4 80 36 2975 3 19471 7 15041 8 4411 14 46 84 2125 7 25692 5
312374 19510 8 48015 15041 79 81495 25692 16 9 22778 13 29 22 248 57 12911 109 23 2464 3 197 7 19510 13 27069 35 10 3 34074 53298 1065 35 7085 4 6104 33 33 19 23 8 97 27 91755 25 3 447 5582 5
273 3099 4 10 3 447 7 59268 6769 4 3 81495 25692 18365 35 6219 33 36 7253 6 18365 35 444821 33 4 18365 35 16366 33 4 8 18365 35 312 33 5
659 7933 46 2177 4 80 36 2975 3 6300 7 15041 6 539 81495 19510 5
71479 13 3 81495 25692 18365 35 6219 33 958 29 25328 970 13 27069 19 3 12911 6219 109 658 4 70 19510 19 970 13 31 34 10 3 447 5582 35 17905 4 18365 35 45893 33 10 59268 6769 33 36 1657 32 4000 1647 8 3475 32 3435 5230 5
8616 4 3 197 7 9584 7 9 81495 25692 13 36 26 1109 14 7470 9 48015 5230 36 7253 97 6 138 9584 7 19510 13 3576 91755 25 3 447 5582 5
312374 19510 371 286 3 2177 7 1855 48 614 952 58 922 19510 112 5
804 4 80 31 34 1855 289 9 1087 1990 7 2505 71 26 975 4 44 80 31 1855 92 87 6848 32 3099 7 13 1990 7 2505 35 1547 6 32 1570 33 13 71 26 18360 10 3 284 5
145 86 321 6 9 48 1812 916 7 14618 21 80 142 5340 9 25692 4 5439 3 18360 9584 4 8 595 3 14618 650 19 3 2113 694 10 192 7910 5
8616 4 32 5230 14 9 81495 25692 36 3576 3 15041 14 3 3893 7 3 197 7 1570 19510 13 23 2464 5
53798 6769 262707 5230 3062 3280 26 9 447 8 4625 9 81495 25692 5
3062 58508 25020 4 4 56012 26 70 3 922 9584 7 4625 19 2201 6 3 5582 7 7104 3062 43437 35 37720 33 26 3 5230 14 37720 35 249 4114 9424 33 25 447 7104 1301 4 3 5230 14 4625 10 3280 16 35 4625 33 3082 58508 43437 35 25020 33 4 4 43437 35 33 56012 5
71479 13 9 5230 35 53798 10873 33 16 9 1654 267 7 9 48015 5230 4 114 3 197 35 4625 33 16 9 62472 5
12097 14 3099 3 447 35 4 33 8 9000 13 80 256 6 259 289 49 34 25 46 447 23 71 26 18360 13 9 1087 1570 340 34 2546 5
208 80 132 3 25692 14 35 6219 33 4 3 1647 16 3458 4 106 87 16 9 18360 3099 53 35 312 33 5
17 2640 2685 16 53 4 35 312 33 58508 35 312 33 35 312 33 56012 4 35 312 33 5
11346 13 3 1647 14 3 81495 25692 18365 35 6219 33 16 59 3458 4 44 19 9 523 197 7 18360 9584 53 18365 35 444821 33 8 18365 35 16366 33 5
17 2640 2685 14 3099 6219 3082 16366 16 3 13605 2685 53 4 18365 35 16366 33 58508 18365 35 16366 33 35 16366 33 56012 4 18365 35 16366 33 5
17 48015 5230 14 18365 35 6219 33 25 35 4 33 16 53 35 18365 35 6219 33 33 3082 58508 35 58508 4 18365 35 444821 33 4 4 18365 35 444821 33 56012 4 4 58508 4 35 444821 33 56012 33 4 35 4 58508 4 35 312 33 56012 4 58508 4 18365 35 312 33 56012 33 4 35 58508 4 18365 35 16366 33 56012 4 4 33 56012 5
17 110702 2855 7 35 18365 35 6219 33 33 31 1595 10 98586 782 5
558511 2855 2442 19 98586 782 5
558511 2855 2442 19 35 18365 35 6219 33 33 5
12097 9 81495 25692 4625 35 6219 33 8 9 447 7104 38396 13 4625 35 6219 33 2464 218 35 922 33 19510 53 4625 35 9 33 4 4625 35 8862 33 4 4625 35 8258 33 4 4625 35 5547 33 4 8 4625 35 16054 33 5
238 3 7067 142 27 4436 25 3 946 996 4 23 142 1636 13 25 3280 3 1647 14 4625 35 9 33 16 3458 4 3 1647 14 4625 35 8862 33 16 93 4 3 1647 14 4625 35 8258 33 16 3458 4 3 1647 14 4625 35 8862 33 16 12313 4 8 3 1647 14 4625 35 9 33 16 93 5
2927 4 80 7673 3 1647 14 9 81495 25692 427 76 5139 3 1570 4411 14 290 922 3099 5
53798 11125 1647 14 9 81495 25692 3062 4625 26 9 81495 25692 8 3280 26 9 447 5
3062 58508 25020 4 4 56012 26 70 3 922 9584 7 4625 5
3 5582 7 7104 17 1647 14 3 81495 25692 4625 16 53 2778 3458 4 92 87 6848 32 3099 37720 58508 25020 4 4 56012 133 13 3 1647 14 3 25692 37720 16 3458 35 11771 4 35 37720 33 33 5
2778 93 4 92 14 329 3099 37720 58508 25020 4 4 56012 4 3 1647 14 37720 16 93 4 35 11771 4 35 33 14 70 37720 33 5
2778 12313 4 92 87 16 93 3099 37720 58508 25020 4 4 56012 133 13 3 1647 14 3 25692 37720 16 3458 4 8 87 6848 32 3099 58508 25020 4 4 56012 133 13 3 1647 14 16 12313 5
2778 4000 4 92 58508 25020 4 4 56012 3082 12097 4 14 946 4 13 14 9 392 447 3280 3 508 4411 31 3455 14 192 922 53 9421 35 9 33 3458 4 9421 35 8862 33 93 4 9421 35 8258 33 12313 4 9575 35 9 33 93 4 9575 35 8862 33 93 4 8 9575 35 8258 33 12313 5
12502 4 3 1647 14 9421 35 6219 33 16 3458 4 8 3 1647 14 9575 35 6219 33 16 12313 5
59268 11125 12097 3 447 35 4 33 35 63643 33 3219 35 33 5889 35 63643 33 1323 35 33 4 35 6219 33 35 6219 33 35 6219 33 35 6219 33 35 6219 33 35 6219 33 5
1655 35 4 33 3 508 4298 71 26 1148 53 4 366 35 33 58508 366 35 33 35 33 56012 4 366 35 33 4 4 35 33 58508 35 33 35 33 56012 4 35 33 4 4 366 35 63643 33 58508 366 35 63643 33 35 63643 33 56012 4 366 35 63643 33 4 4 35 63643 33 58508 35 63643 33 35 63643 33 56012 4 35 63643 33 5
6832 3 3322 4631 38020 4 4 366 35 33 8 4 35 33 31 6663 7 290 83 8 3 216 983 8887 14 4 366 35 63643 33 8 4 35 63643 33 5
17 48015 5230 14 366 35 6219 33 16 53 35 366 35 6219 33 33 3082 58508 35 4 4 58508 4 366 35 33 4 4 35 33 56012 33 4 35 4 4 58508 4 366 35 63643 33 4 4 35 63643 33 56012 33 56012 5
98586 183 842 3 3915 110702 2855 5
17 5230 842 13 2812 366 35 33 2305 35 33 31 18360 4 8 3 216 2609 14 366 35 63643 33 8 35 63643 33 5
12502 4 87 31 93 18360 4298 8 3 1647 14 3 81495 25692 366 35 6219 33 16 12313 5
558511 2855 7 98586 183 5
558511 2855 7 35 366 35 6219 33 33 5
41381 1056 79 13604 7254 7 48015 5230 29 45 1589 4 5775 19 67 523 61361 7 5
364 7 192 61361 16 558 695 35 139 2078 4 359 33 5
187 4 15041 31 4209 8 1465 76 32 55069 3359 5
66 16 530 13 3 11235 25 5230 6 55069 16 623 18795 8 3475 4 23 16 34 848 322 5
15041 42 59 220 10 3 7254 7 9 10764 35 28170 4 207457 4 4 323 4 359 33 5
79 10764 16 9 14618 394 13 71 26 10475 8255 24 307 2210 25 523 3327 4507 5
17 10764 7121 19510 8 4 486 19 3 4411 23 2696 9 5230 10 55069 6170 5
12502 4 1586 2210 142 51988 15041 10 678 6 231 46 317 14 40 209 5060 35 17905 4 240 3 5230 6 9 4650 4 13441 47 2505 18 220 14 9863 3 1647 4 4703 5 33 5
8616 4 15041 31 3380 10 133 9 152 13 43 31 4116 6 189 4092 8 1586 2210 5
423767 1443 35 29374 12283 32330 4 2076 33 3001 32 2794 857 114 3 236 14 2069 5230 2089 29 45 4218 5
81 32246 8 254801 35 2076 33 15041 10 423767 1443 31 12072 24 67 2763 5
1532 4 32 5230 144 371 317 52 3 6868 5
3668 4 43 144 26 14518 19 3 1746 8808 7 3 284 109 192 8808 31 10637 10 8 35 2076 33 5
622 533 733 4 277 5042 322 4 16 13222 3 4650 52 3 6868 24 1691 317 52 3 15943 468 23 109 46 317 144 26 392 10 133 9 152 13 3 4650 71 27241 3 7787 13 1601 3 6868 5
81 3 162 2209 322 4 80 27 4605 3 565 7 1691 5230 5615 6 143048 1443 5
238 4216 10 3 5385 4 46 16 32 533 8 483 27772 857 10 3 352 7 143048 10 12214 3756 5
1563 1101 18 255 15 143048 1443 543 15 9 110702 4716 4644 4 8 80 27 4939 110702 15041 14 189 4 13488 143048 48737 8 9 34074 53298 543 143048 284 13 16 6227 5
364 7 3 4117 7 46 1381 16 6 4556 9 279227 7 15041 14 13488 143048 48737 19 110702 12453 109 14 46 279227 4 523 2763 42 1273 8 10637 5
134 27 1595 13 10 13488 143048 4 15041 31 9 4116 4462 6 23525 8 12262 3 16764 297 4298 13 31 163 5139 5
238 184 4413 4 3 1273 5230 115596 18 3677 14 1691 5230 5615 6 34074 53298 35 33 5
16816 4 3 1647 14 9 25692 71 26 2921 10 970 7 3 16764 7 70 3 4298 13 1109 6 371 13 1647 5
1655 3 4650 397 7 1069 4 3 1647 14 9 25692 16 2921 8409 3 1081 197 7 110702 2855 1547 6 3 25692 4 8 25 9 28609 397 7 1069 4 15041 371 9 391 867 7 3 16764 297 4298 496 3 5114 7 9 25692 5
6832 192 10777 4 5230 71 26 59 220 21 9 131115 4462 125 5979 53 7302 4809 3074 20521 4 3 28609 71 231 46 2125 7 15041 6 7367 5464 10 3 447 5
622 34130 2376 52 3 969 7 523 3351 7 15041 10 3 5114 7 2516 1443 16 392 10 32883 8 1104 35 3401 33 5
17 215375 87 962 1038 53 35 249 33 7381 53 9 410 7 3 362662 1959 13 420 6 3 4774 109 35 341 33 12406 53 32 10023 6652 7 3 15943 468 290 362662 1092 109 35 459 33 1264 53 9 9104 733 2981 9409 3 39844 1264 220 5
1655 46 215375 4 3 4888 1123 13 137 40 34130 2376 3 104 4116 2125 7 5230 16 12406 5
134 8021 13 3 2125 7 15041 80 8850 35471 6 189 3 12406 8 3 1264 3351 109 13 16 4 80 31 995 34 97 3 1264 220 24 3 284 6 2769 3 4774 4 44 59 3 15943 468 290 2685 4 47 16 1798 4216 24 50 604 10 3 110702 3472 5
79 9951 1339 5630 5230 8 143048 5615 71 26 170 10 52576 12283 3462 5
35 1422 33 5
17 4888 31 2638 1477 52 4 8 15041 8 43 1588 2794 667 52 3 6582 7 5230 8 143048 109 14 3099 4 289 3 216 2505 1084 71 26 220 6 3855 189 48579 8 65563 317 5
238 23 18 1595 4 10 129 1273 1217 4 80 10775 70 3 317 25 3 392 2505 1084 35 17905 4 3 447 33 6 462 189 5066 7 317 5
134 59 1648 19 35 52576 12283 32330 4 1422 33 4 10 13 143048 8 5230 2089 10 2505 1084 1443 144 26 4729 10 10651 5
12502 4 80 8850 9 2125 7 5230 13 2532 6 3189 3 3014 10 3 352 7 15041 10 2685 1443 5
238 23 18 1595 10 3 6200 392 10 129 1581 4 129 1217 1708 9 67010 5230 10 9 152 13 3 1081 5114 7 9 25692 71 26 1556 5
1563 1217 10834 15041 496 143048 1443 137 9 45268 8593 7 110702 2855 5
151988 10 143048 29 45 4605 24 26442 35 1515 33 5
81 13 1381 4 3 6905 16 6 581 9 6372 4462 13 340 34 1871 3 7067 6 1445 8783 6 26 488 6 1667 3 65563 650 1595 24 3 284 5
659 2769 46 4 43 231 32 8319 143048 904 53 4298 31 2042 57 24 57 10 3 650 6 852 14 9 48 3592 43971 5
158 59 852 6 196 46 904 10 9 17087 4230 5
1354 1225 371 3 4650 3 2177 6 11689 3 904 22 36 4 49 10 126422 7927 5
3265 5606 427 176 7 3 143048 650 16 3380 45651 53 6420 31 5042 8 4298 31 18593 19 3 604 43 31 877 10 3 1081 650 5
26442 35 1515 33 2527 143048 2855 10 9 825 152 21 80 112 4 742 80 1101 15 40 77403 6 1506 15041 35 13 16 4 80 31 1477 19 1691 3 1081 5114 12510 6 3 25692 33 5
238 4216 10 8941 10873 4 9 5230 71 26 3380 10 55069 4 3475 15041 71 26 3380 10 133 9 152 13 43 71 26 220 24 189 4092 8 1586 2210 5
1249 3 11235 25 9 5230 6 55069 16 623 18795 80 27 34 848 23 10 3 1381 5
74184 79 5
431207 145 40491 1038 69617 8 31936 24648 13 31 220 10 3 69617 5
309045 8334 5
71479 13 392 9 3695 3116 4 92 32 143048 517 44931 153 120 7 59 44931 5
17 216 2609 14 5
35 9 33 12097 74 5
3062 1356 22446 4 48548 4 4 622 1362 26 32 143048 517 133 13 35 33 3082 8664 5
38396 13 9 7 4 1356 31019 4 4 4 1362 35 11856 33 16 133 13 35 33 3082 36905 5
16816 4 87 383 26 32 2685 127035 35 33 133 13 4114 5
1301 4 121 16 9 7 4 23 2609 13 249 4 8 3847 4 121 127035 59 9317 6 153 35 33 3082 36905 4 47 29878 129 2007 19379 5
35 8862 33 12097 107 5
3062 1356 22446 4 48548 4 4 622 1362 26 32 143048 517 133 35 33 3082 8664 5
38396 13 9 7 4 1356 31019 4 4 1362 35 6494 4114 9424 115998 11856 33 16 133 13 35 33 3082 36905 5
16816 4 87 383 26 9 1808 7 4298 127035 8 384025 35 4 33 133 13 58508 127035 4 384025 56012 49 58508 127035 4 384025 56012 4 8 35 127035 4 384025 33 5
1301 4 127035 8 384025 189 7857 6 49 43 189 7857 6 4 8 3475 4 35 33 3082 36905 4 35208 129 2007 19379 5
5
55075 23874 8 2763 220 14 3 4716 7 11791 8334 3062 1356 22446 4 48548 4 4 622 1362 26 32 143048 517 5
134 36 2390 3082 9424 6 60121 13 29 9424 4298 8 13 3 4385 7 16 523110 1301 1356 22446 4 48548 4 4 99105 1362 36 26 226 32 2007 143048 5280 10 7 4385 11856 4 11856 9424 4 103415 5
355 11856 11102 9424 80 36 140 13 16 9 3656 2007 143048 5280 10 5
134 36 231 3 1043 2007 5280 6 7253 6 2007 143048 9676 65 93 6498 20521 5
4036 32 143048 517 1356 22446 4 48548 4 4 622 1362 4 329 1356 31019 4 4 4 1362 35 11856 33 16 59 32 143048 517 5
81 1654 4 329 2007 143048 5280 16 59 32 143048 517 5
3062 8 26 67 143048 1583 10 8109 134 36 140 13 10316 10 3116 532071 3082 4 14 90 11856 11102 4 13 16 4 10316 532071 16 9 3656 2007 143048 5280 7 5
53798 13000 120218 197 3062 3116 26 32 143048 3695 8 79 32 2685 10 8109 79 197 58508 4 4 4 56012 7 143048 1583 11409 10 79 4 13 31 70 5944 19 2201 6 3116 4 16 226 9 17667 197 14 79 10 3116 92 8 97 92 87 16 93 1808 4 133 13 10316 5
208 329 143048 517 10 15329 16 22248 4 153 15329 16 226 32 22248 17667 197 14 79 10 8109 2927 4 80 36 7673 385535 47 852 6 485250 9 17667 197 15329 21 9 110702 3472 37184 8 1797 22206 5
53798 12099 67598 3116 3062 3116 26 32 65563 3695 4 8 879 15329 26 9 17667 197 7 143048 1583 11409 10 32 2685 79 7 8109 134 7673 3 15987 3116 53 35 33 58508 56012 21 3116 35 15329 33 4 114 16 3 197 7 70 143048 1583 11409 10 79 4 16 3 50733 197 7 24 4 8 68806 3 61826 1427 7 37184 5
11791 13000 273 120 32 65563 3695 3116 4 3 9 5
33813 17 15987 16 59347 5
208 3116 35 15329 33 35 33 153 87 383 5697 10 22 248 57 4386 5
214 14359 13 87 16 22 248 57 7 3 5944 143048 1583 10 15329 13 23 16 523 25 57 7 3 5944 143048 1583 10 5
8616 4 5
17 15987 16 5
9069 4 392 9 37184 3 197 7 70 11023 25 50 2690 6 3 6808 16 9 197 2567 7 2685 1583 13 44931 7923 5
17 15987 16 5
3062 286 4753 13 3116 35 15329 33 44 5
1301 87 16 22 248 57 143048 517 13 9317 6 15329 13 340 34 7857 6 35 49 3 83 152 180 33 5
214 143048 517 36 1657 9 4386 10 3 3116 35 15329 33 13 36 34 1230 10 5
12502 4 3 9513 71 34 817 8 5
238 3 15987 3116 16 9 4 95 13 80 71 7673 59 3 43655 15987 249 47 852 286 6 2258 3 5944 197 7 143048 1583 12510 6 32 16084 110702 3472 11409 10 32 2685 79 5
81 96 3177 4 80 36 231 461467 9 197 66271 35 32 5944 17667 197 7 143048 1583 11409 10 32 2685 79 33 49 9 3472 66271 35 9 110702 3472 11409 10 79 33 4 21 3 172 385535 2567 8 3116 852 286 6 198 25 120 7 192 66271 6 3 83 5
11791 8334 3062 3116 26 32 143048 3695 109 14 120 3116 87 16 9 2665 110702 3116 35 55 6 32 61826 19 2201 6 2042 8370 33 5
33813 3062 286 4753 13 14 9 392 2685 79 87 4447 67 523 22248 110702 2855 37184 8 4 11771 4 5
266340 4 392 13 2567 35 17563 33 16 4 2567 35 37184 33 4 13 16 4 15329 8 31 67 523 2757 7 22248 143048 1583 11409 10 79 5
1249 37184 8 31 189 22248 110702 2855 11409 10 79 4 15329 8 290 383 3576 70 3 22248 143048 1583 11409 10 79 35 53798 3921 33 5
12502 4 8 3116 35 15329 33 35 33 4 13 16 4 35208 3 2007 9513 5
8616 4 392 32 2685 79 10 3116 50 22248 110702 3472 23 16 2665 5
2106 249 79 825 1217 16 3322 10 554370 8 17015 35 2391 33 4 114 523 53319 7 12453 371 828 6 523 34074 53298 63794 5