79 1416 284 543 15 146987 20260 8 22190 8783 29 45 1254 4 1589 8 2870 6 53 35 4114 33 2705 13 1951 22899 597 10 9 2190 151 8 35 25547 33 2565 40 3074 1411 3 89 8093 694 5
17 3979 66120 1506 18 1254 21297 4 7995 3 23394 47 2118 22899 8 40 9295 3898 4 8 153 1589 76 9 1416 10753 5
145 1506 3899 6 26 391 8 16 4116 14 11367 3 241 1043 6942 7 22899 10 11952 114 9 2005 151 16 3 1491 35 165 246 7 357 33 125 9 1024 151 16 3 114 3 12204 16 25 35 4104 12069 33 5
999 2571 3 33511 10777 7 3 378 694 4 1149 71 12262 84 33511 48737 6 4498 4116 7951 14 10554 6589 2096 726 8 10905 5
146987 20260 29 45 1940 220 6 1506 1812 1443 10 310 5
931 2520 879 1296 8612 3 6942 7 33511 23394 4 105 22899 4 10 5344 10711 35 4 502 109 7303 4 2773 33 5
84181 23394 10 146987 31 6951 23394 446 3074 5473 15 40 12510 11245 23033 35 42817 4 3495 109 323 4 274 33 5
355 87 31 34 385 4719 628 4 3 2516 543 3394 7 192 11245 23033 35 241654 33 16 1568 6 2258 3 230 55906 35 96537 4 68645 4 86170 4 9669 4 323 2850 4 274 33 5
146987 20260 2520 31 2112 5958 5
145 770 13 23 16 177 4093 6 132 91 1445 1812 9295 3898 35 22228 33 297 5
175314 992 2520 35 394084 323 21417 4 2804 33 31 3206 90679 6599 14 3003 38506 543 22228 65 43 4447 5
355 192 22228 31 38029 543 4 43 71 2093 26 848 10 9 20260 2869 35 42817 4 3495 33 5
527 4 65 43 31 2516 543 35 38506 954 33 1149 1648 13 43 4447 44 23 16 177 841 6 132 91 10023 106 3 3612 7 628 49 50 788 1277 4 97 7732 1442 2520 71 26 220 6 12874 91 76 9 20260 2869 35 4 274 109 7914 4 50006 4 30119 4 323 13115 4 280 33 5
79 22190 42101 2869 18 1254 6 8612 2516 543 22228 35 4 274 109 4 359 33 5
145 2869 6090 3206 22190 954 5998 480 3 9796 2770 27 45 2118 24 3 20260 2869 232 6 2516 543 83013 35 7499 4 744 109 42817 4 3495 109 7303 4 2773 33 5
931 954 2258 3 2770 7 3 10637 12911 3 3354 7 3 22190 42101 2869 35 4 274 33 13 1657 9 160269 3201 106 53 35 4114 33 3 9796 23394 31 160269 8 35 25547 33 3 11455 297 9796 23394 5708 6951 1896 5
17 3316 7 46 1381 16 6 1746 8 1800 9 66120 3490 1506 543 15 146987 20260 8 22190 8783 6 1877 3 6942 7 46 12911 1411 89 9901 2190 3160 5
145 1506 34298 3 3898 148 33511 23394 10 4046 912 18213 10 9 175314 992 5
17 3979 1506 29 45 5291 24 2016 165 246 7 357 35 3021 33 12069 66120 7798 5
90172 4 2638 10 1024 378 4 31 57 7 3 1568 3893 14 292 726 5
158 27 45 4939 21 3 498 8229 115 24 7786 37 638 8 31 4723 10 83 3160 5
1655 9 25033 397 7 1069 4 7786 31 138 571 37 398 6 32 310 523 25 40 10720 8 816 87 4 49 31 230 6 948 9 64 49 902 35 323 4 590 109 647 6213 2706 4596 4 274 33 5
81 274 3591 2236 22899 22 395 653 42 4352 1221 22 56 99 147 64 4 8 27 11857 9 485 474 10 308 85 25 3 56 139286 99 147 64 10 7442 35 414 564 4 590 33 5
90172 31 7 1723 3186 518 106 43 31 146 48 3449 72 89 58 540 455 7798 8 3286 4 47 754 91 9 177 4153 1351 7 563 2969 14 1024 378 35 12825 323 38851 4 590 33 5
81 1243 4 22899 31 60473 8229 7 455 13 4 4446 83 455 3154 4 112 34 1000 426 5609 35 330246 12283 32330 4 274 33 5
81 1024 378 4 3 676 1058 7 22899 16 1370 58 3 1058 7 1821 563 683 4 3414 7798 25 229 553 8 405 726 2765 35 323 4 590 33 5
931 4008 1919 13 3 23150 1896 7 22899 27 4279 5940 14 534 3891 10 192 378 35 330246 12283 32330 4 274 33 5
285822 35 274 33 1109 13 5127 2725 5524 15 9 33511 60401 13 5181 3 2981 7 3 1491 378 4 3 221 7 85 13 12204 571 638 10 3 1491 151 4 3 731 7 571 10 3 64 10637 8 4 1435 4 65 43 1348 10 3 1491 151 5
438 153497 1506 7 1570 1414 2203 13 68 1865 6 21731 4808 15 9 51119 1322 13 4589 35 285822 4 274 109 313330 4 4540 33 3 26914 7 5127 148 3 151 7 8416 8 3 1491 151 35 122024 4 2804 33 4 3 1663 26914 8 4 1435 4 3 2007 683 666 4 150 2831 569 4 2030 4 3743 4 1761 4 15126 211884 4 4703 5
79 785 12204 8050 153 6 21731 92 4 232 6 30 2531 4 28 2102 6 4498 9 23232 1234 5
17 118 12387 7 28404 35 17331 12283 32330 4 2804 33 59 1038 1491 151 1212 21 184 12911 6 2882 3 221 7 7786 5
17 5248 7 855 2642 10 3 1491 151 16 59 5042 10 3 3317 2010 28252 35 17331 323 25061 4 3578 33 125 3 322388 3852 4707 28252 35 4 5282 33 4853 395 9487 21 32 1647 6 3 3050 796 14 6606 2835 13 16 13292 6 3 292 2981 7 1589 1467 5
17 27824 7 3 12204 1193 6 21184 5127 119 139 16 3 296 12911 6 2565 22899 5
1210 6 5055 35 274 33 4 46 12911 16 9 4859 7 3 12204 2106 3892 8 2531 4 3 221 7 85 882 10 3 1491 151 8 3 959 7 3 234 22 139 5
17 26914 7 518 713 18 848 24 330246 12283 3462 5
35 274 33 21 184 4279 12911 5
14058 4 4 8 171341 35 911 33 8 88050 8 278453 35 274 33 539 7084 569 4 1557 713 8 3 855 3241 7 3 151 7 8416 10 40 2376 7 12204 27824 6 21184 5127 119 139 5
5583 4 376590 8 35 502 33 59 1919 13 568 1686 10 3 139 151 2238 66120 7798 6 9635 3 637 7 7036 326 5
145 1381 16 10032 21 3177 53 74 4 3 231295 1506 16 1589 21297 8 153 3 9295 1322 17241 16 962 5
81 2124 108 3 3979 1506 16 3677 6 3 983 2096 3 3021 8 4104 12069 5
520 4279 522 31 153 962 10 2124 179 8 4 1435 4 9 2941 2898 7 4279 667 10761 46 1381 5
17 231295 15060 35 33 1038 108 689 23394 1109 6040 10 9 175314 992 35 98586 249 35 9 33 33 53 5127 597 25 2725 35 33 4 3 12204 1193 35 33 8 3 27824 6 21184 5127 35 33 4 110 9575 3 89 5
175314 2642 53 35 9 33 25147 1506 8 35 8862 33 159343 1506 98586 249 5
175314 2642 53 35 9 33 25147 1506 8 35 8862 33 159343 1506 5
90172 35 249 33 27 45 4939 21 8229 115 24 7786 37 31 4723 8 27 1834 35 22 248 57 64 33 10 83 3160 35 4596 35 647 6213 2706 33 4 274 33 5
35 249 33 110 3 22899 597 10 3 139 151 10 64 9575 232 6 2190 12204 2531 4114 35 4114 3082 249 33 63179 287 58 704 85 7 18510 4 4114 3082 341 6127 8767 85 7 18510 8 4114 3082 459 81778 698 85 49 72 7 18510 5
8 35 744 33 8 3 1225 7 2294 3 22899 11856 35 11856 3082 249 3142 8 11856 3082 341 9147 33 5
16 3 12510 27824 6 21184 5127 4 31 3 5127 1874 2725 8 4 1435 4 16 3 12204 1193 10 290 5961 5
50322 2725 31 3 596 5128 2367 1874 24 290 12204 5961 10 3 1491 151 35 341 33 109 46 12911 15103 3 74 9295 1322 35 22228 33 10 3 1506 106 3 129090 2981 7 3 4859 35 285822 4 274 33 16 34 483 4939 53 35 341 33 110 3 33511 10777 7 3 1566 10 224603 145 12911 61685 3 596 2835 200 6684 8 29 45 4939 10 9 1356 6494 4 577 1362 1079 114 6494 770 177 1024 2835 200 912 8 577 770 177 8121 912 5
16 3 596 221 7 85 13 3 12204 5961 840 10 3 1491 151 5
5583 4 3 91269 1038 70 3 10777 7 3 12204 5961 15 596 2531 4 18510 4 2835 791 4 2030 28350 4 4703 5
145 12911 16 59 4939 496 9 1356 6494 4 577 1362 1079 114 6494 770 10689 177 1024 2531 8 577 770 177 1695 8767 5
64481 1193 35 459 33 16 3 221 7 68 10 290 5961 37 27 24983 8 3185 10 3 1491 151 10 3 64 9575 53 35 459 33 114 16 3 27824 6 21731 35 2156 33 8 3 1193 7 3 5961 10 3 139 151 10 224603 17 15103 35 503 33 21 184 22228 53 35 503 33 110 3 26914 35 400 33 5127 15 596 35 285822 4 274 109 313330 4 4540 33 10 9575 4 3 596 26914 35 400 33 1663 713 35 313330 4 4540 33 4 3 596 2007 683 496 9 1356 6494 4 577 1362 1079 35 6494 770 93 683 666 8 577 770 6879 2784 33 4 4 3 1491 151 855 1212 35 26914 33 15 596 677 6 138 10 3 139 151 8 4 1435 4 842 3 1884 35 2430 33 10 785 292 561 148 3 67 378 5
17 73 9796 10 35 249 33 16 3 27824 6 21184 5127 35 500 33 4 47 16 184 22228 53 35 500 33 110 3 596 12204 2531 35 2430 33 10 224603 145 12911 1038 85 7 18510 4 3796 653 4 7786 791 8 3 2835 12602 7 571 5
81 1243 6 46 12911 35 500 33 59 1038 53 47 16 3 596 12204 731 109 47 5181 3 596 234 2981 35 2430 33 10 3 139 151 109 3 596 234 35 2430 33 10 3 1491 151 109 8 3 596 17365 518 489 26914 35 400 33 5
1516 23394 848 10 35 500 33 31 53 4660 569 35 2430 33 15 596 3 470 7 2294 207 109 3 596 119444 3241 35 2430 33 7 3 139 151 109 3 596 11861 35 451052 323 4 590 33 7 3 9487 35 85 33 8 3 596 7036 326 20040 35 400 33 3 7488 148 3 484 26914 8 3 1557 489 26914 5
145 2981 35 98586 249 35 9 33 33 15103 9 2029 175314 992 35 17100 231105 33 13 16790 1411 3 89 8093 35 98586 249 35 8862 33 33 53 35 708 33 110 9485 3 1081 197 7 23394 8 3 703 7 290 2190 12911 5
17 1730 13300 4859 35 708 33 71 34 26 2093 7154 463 6 3 5248 7 35 341 33 4 35 503 33 8 35 500 33 5
17 71 26 1109 6 26 9 48015 22190 1506 106 23 7162 67 4046 1543 53 160269 1603 35 3 2770 7 3 23394 1109 29132 10 22228 31 3455 232 6 40 241654 24 146987 20260 33 8 101035 1603 35 23394 47 31 1109 55906 10 22228 31 12354 4 4282 3 9796 2770 4 538 22190 8783 2125 38 2757 33 5
145 1217 16 220 1016 7 3 48015 56018 1506 463 6 9 1292 7 628 507 8 3 644 13 3 11040 49 8958 7 1806 628 16 1924 5
12502 4 3 1506 2209 10 46 1381 2527 9 84 1217 6 11249 65 2516 2505 16 6733 8 9796 628 16 424 49 71 26 1221 538 4 14 946 4 146987 20260 35 4 23916 258871 4 323 4 280 33 5
145 1506 16 543 15 3 2516 543 9088 7 22228 35 4 274 33 47 71 26 962 10 51423 970 538 2029 18743 45770 954 5
31879 2505 71 26 220 6 7673 1812 22228 65 23 16 2784 6 1746 129090 42584 463 6 3 1292 7 1024 1277 7 628 35 42817 4 3495 109 4 274 109 7303 4 2773 33 5
81 678 6 12874 10023 2516 2505 76 9 1416 284 4 22228 383 26 10778 76 3142 2030 13 16 6733 6 189 1149 8 3 1416 35 64557 323 391048 4 1095 33 5
17 1506 2981 1038 9 2543 2505 1084 13 102333 3 19816 3074 7 3 521 284 35 22605 323 19118 4 911 33 5
238 4939 996 4 9 22228 16 9 2981 13 14209 29132 6 1657 55906 508 9 11580 14618 650 543 15 2029 18743 45770 954 5
1210 6 46 4 9 22228 16 115 55 7 117 954 13 7673 9 22190 284 35 4 274 33 5
273 946 4 35 341 33 16 9 22228 114 16 3 3354 13 16 2118 480 3 2770 7 4 8 29132 27 45 1221 538 9 146987 20260 2869 35 4 274 109 12283 32330 4 280 33 5
6001 58 28579 2770 4 22190 42101 7162 51423 970 10778 76 25429 7005 4 226 29748 173645 35 31817 33 5
1210 6 46 4644 35 4 359 33 4 9796 2770 27 6 26 35 10778 6 51423 970 33 74 8 153 192 51423 970 2705 96 42540 6 3 3354 47 16 4 10 786 4 35 10778 6 9 28579 871 4 3 665 33 5
17 2981 7 9 22190 1396 10 9 2190 22228 105 35 341 33 71 26 962 21 53 35 700 33 114 25429 7005 105 61606 31 3 31817 49 22190 2757 35 7499 4 744 33 5
39097 16691 7 9796 31817 7673 3 3354 31817 65 3 12510 1396 6848 10 3 2543 2505 1084 5
81 678 6 132 3 9796 8557 14324 8 3 1396 1746 6062 4 9796 23394 27 6 26 962 24 3 2516 35 4 274 109 12283 32330 4 280 33 5
145 1038 40 16079 11612 4 40 13422 1411 3 89 8093 35 1723 4 17073 4 4599 4 508 9 2190 9980 4 4703 5
33 4 40 12602 35 1432 53 3 1370 3 9796 871 4 3 1370 3 3354 871 49 4 15 3 83 881 4 2366 53 3 1370 3 9796 871 4 3 798 3 3354 871 33 109 8 4 1435 4 40 17509 15 3 3354 5
17 221 7 954 10 290 22228 16 9 177 533 30046 21 23 16 3 665 7 32 46279 4859 7 3 221 7 29132 35 96118 4 26717 4 323 4 1095 33 5
35 704 33 5547 110 3 221 7 22228 4 9421 3 221 7 31817 8 15441 3 221 7 29132 5
81 678 6 4855 46 565 4 3 42101 2869 5998 6090 8 34298 22190 954 97 65 666 35 48 1056 71 26 170 10 4 274 33 5
145 650 738 3 6652 7 70 22228 150 53 29132 8 55906 4 3 22228 2125 35 4625 33 47 1141 532 7 31817 3354 35 33 94851 8 3 22228 7665 35 2482 33 47 34298 29205 29436 15 22190 954 35 4 274 33 5
6832 46 317 4 290 9796 31817 3109 35 4 4114 3082 249 4 341 4 4 15441 33 15103 3 5
35 782 33 60385 35 4114 3082 249 4 341 4 4 15441 33 21 43 31 3 9796 17509 15 3 3354 35 40 3703 16301 33 5
1210 6 35 274 33 4 3 74 1092 10 46 650 16 17444 3 9796 2770 538 3 146987 20260 2869 5
20379 4 192 9796 2770 31 5998 5
81 46 1092 70 3 9796 31817 35 33 8 40 12510 4333 3964 31 2118 4808 15 189 3 9796 2770 8 3 31817 3157 3467 35 40330 8 20721 7410 33 5
1301 4 16 2118 538 35 782 33 4 427 76 5139 13 87 16 97 57 14 290 3109 276 25724 7 5
5583 4 3 22190 42101 2869 2527 3 1247 5806 11259 19 297792 5018 35 7499 4 744 33 6 8612 3 380 871 7 3 3354 5
17 231295 15060 35 33 1254 29 45 220 6 542 3 267 7 4104 12069 5
145 267 16 9 177 206 946 14 108 1809 53 35 4114 33 104 4104 12069 7786 9686 202 31 10 3 3021 109 35 25547 33 87 16 93 9124 10 3 23394 4939 21 53483 3 2156 7 7786 16 52 697 202 7 3 676 1193 7 4104 12069 35 414 564 4 590 33 47 14359 13 1126 29 348097 317 52 3 912 7 3 683 666 6 21731 109 35 31883 33 22899 31 9 177 533 176 7 3 229 3154 10 4104 12069 8 43 422 50 292 1534 3449 22 630 202 7 50 9798 15255 12240 5
17 3021 1228 626 3 2219 10 4104 12069 10 1278 5
145 644 1601 9 964 2807 10 7036 326 8 29 1601 32 474 10 9487 10 308 85 35 393301 4 280 33 5
10526 4 3 5873 10 2804 8 67 13229 10 1278 27 115 68 48 8 48 6325 15 22899 35 24363 323 15011 4 3495 33 5
238 9 665 7 4 4104 12069 2106 518 489 29 1238 44 16 149 568 35 52 700 202 10 359 33 58 50 6824 10 3021 5
17 10777 7 23394 35 20498 249 8 98586 341 33 4301 4104 12069 2106 33511 983 1411 3 89 8093 8 6786 23 6 13 10 3 3021 35 1376 11348 4 590 109 479107 1376 5
4104 12069 4 590 109 479107 1376 294974 11348 3317 4 590 109 55273 4 911 109 178 511 7 3852 4 590 33 5
273 3 3644 7 54039 4 192 23394 27 34 351 76 5139 883 12204 2531 4114 49 40 1225 7 2294 207 20498 249 5
2516 543 2981 7 9796 23394 35 9575 16 3 64 10637 33 5
2897 19241 19465 7 561 35 89 12634 8 489 4 202 33 1655 659 85944 151054 15850 1356 6756 4 1614 1362 15850 1356 1054 4 4687 1362 39042 19 26823 15850 1356 6909 4 503 1362 15850 1356 2592 4 716 1362 39042 19 12642 485479 26823 15850 1356 302 4 1135 1362 15850 1356 3573 4 575 1362 39042 19 12642 285502 15850 1356 8963 4 704 1362 15850 1356 10566 4 782 1362 53 94081 109 53 5370 109 194 53 512938 285502 15850 1356 11543 4 500 1362 15850 1356 7923 4 341 1362 53 94081 109 194 53 93654 285502 15850 1356 56907 4 2970 1362 15850 1356 41265 4 306 1362 53 109 53 109 194 53 285502 15850 1356 12018 4 10548 1362 15850 1356 9610 4 459 1362 53 94081 109 53 15483 109 194 53 94478 285502 15850 1356 2970 4 63287 1362 15850 1356 97043 4 1614 1362 53 249 109 53 5061 109 194 53 285502 15850 1356 3573 4 575 1362 15850 1356 6486 4 1614 1362 53 4611 109 53 20130 109 194 53 27063 26823 15850 1356 183 4 698 1362 15850 1356 2919 4 716 1362 39042 19 12642 454442 39042 73015 1356 630 4 985 4 2131 4 2592 1362 6784 12642 1349 285502 15850 1356 575 4 3992 1362 15850 1356 7867 4 1818 1362 53 25343 109 53 27529 109 194 53 285502 15850 1356 183 4 403 1362 15850 1356 1227 4 306 1362 53 25343 109 53 27529 109 194 53 39042 15850 1356 341 4 500 1362 6784 12642 1349 151054 15850 1356 685 4 409 1362 15850 1356 500 4 708 1362 39042 19 12642 39042 3116 1356 183 4 716 4 575 1362 6784 12642 1349 39042 73015 1356 183 4 605 4 2723 4 1054 1362 6784 12642 1349 39042 15850 1356 341 4 503 1362 6784 12642 1349 249 130190 1411 3 89 8093 5
341 40013 23033 5
15850 53 51899 109 3116 53 305854 109 73015 53 148389 5
459 207608 7154 22 6951 15 3 1221 5794 12283 53 5
20257 1411 3 89 8093 7 90 3467 9796 35 485479 4 512938 4 8 98586 341 5
20257 1411 3 89 8093 7 90 3467 9796 35 485479 4 512938 4 8 33 770 8 1493 20587 35 33 5
273 70 3 22190 954 47 2981 3 22228 35 20498 341 33 4 3 13300 7 15778 35 13 3 22190 1396 26 33 16 59133 5
208 3 22190 1396 16 34 4 3 3354 871 16 7154 24 3 146987 2869 232 6 3 241654 3467 14 23 35 20498 341 33 5
386552 6951 27700 10 1396 29205 31 1109 4 150 9836 1723 7665 35 4 274 33 47 770 53 3 48 9836 3 9796 2770 4 3 46166 3 1396 35 2482 3082 6494 33 5
80440 954 31 1359 35 276 120 27700 4 2482 3082 6494 33 22 248 716 202 7 3 29182 5
17 10777 7 3 12510 22228 29132 962 10 20498 459 240 143 6778 3 3272 10 2835 912 148 3 67 378 31 5
20498 341 5
144420 7 3 9295 3898 53 55906 8 2981 35 9575 16 3 64 10637 33 5
33336 137927 7 4625 14441 1109 1359 35 202 33 503 56 147 696 59133 15850 1356 111763 4 52827 1362 9836 1723 98758 67440 59133 15850 1356 409 4 302 1362 9836 1723 98758 67440 59133 15850 1356 183 4 302 1362 9836 1723 98758 249 17 22190 42101 2869 16 13097 19 192 46025 5
208 3 22190 42101 2869 16 34 13097 153 3 146987 20260 2869 22462 3 3354 871 232 6 3 11245 3201 35 241654 33 3467 5
341 40013 3201 35 241654 33 3467 14 3 3354 65 3 22190 954 31 34 5
15850 53 51899 11245 3201 5
459 9836 1723 53 3 48 9836 3 9796 2770 4 3 46166 3 954 35 92 3 1396 16 2112 1359 153 2482 3082 6494 8 3 4333 4859 14 3 3354 16 34 16826 22 70 33 5
503 40782 2156 7 954 13 31 535 1109 1359 8 4 3475 4 3 4333 4859 7 3 3354 16 34 16826 53 2482 3082 6494 5
20498 459 5
62856 7 9295 1322 35 22228 33 29132 5
33336 22213 85944 31984 1356 6494 4 577 1362 35 341 33 29091 11243 35 341 33 29091 485479 31984 1356 6494 4 577 1362 35 341 33 29091 778 35 503 33 29091 512938 778 35 503 33 29091 93654 31984 1356 6494 4 577 1362 35 503 33 42343 176633 35 503 33 29091 94478 31984 1356 6494 4 577 1362 35 503 33 29091 31984 1356 6494 4 577 1362 35 503 33 29091 31984 1356 6494 4 577 1362 35 500 33 42343 454442 11243 35 500 33 42343 31984 1356 6494 4 577 1362 35 500 33 29091 31984 1356 6494 4 577 1362 35 500 33 29091 778 35 500 33 104920 29091 31984 1356 6494 4 577 1362 35 500 33 42343 31984 1356 6494 4 577 1362 35 500 33 42343 11243 35 500 33 42343 778 35 500 33 104920 29091 249 115956 1322 6363 10 3 2942 5
341 54267 15 3 3354 5
29091 53 3 1370 3 9796 871 4 3 1370 3 3354 871 5
42343 53 3 1370 3 9796 871 4 3 798 3 3354 871 5
17 221 7 29182 3112 18 2667 35 183 23697 7 11226 29182 290 33 5
11391 3455 10 290 43673 42 677 6 3 521 628 558 5
17 2770 14 3 23394 3455 43628 3 33511 983 10 4104 12069 21 677 6 3 3021 148 3401 8 7560 35 20498 503 33 5
931 2770 12354 3 22899 597 290 64 24 3 172 151 5
81 46 89 566 4 179 20587 42 5042 35 98586 459 33 53 35 4114 33 25 3401 6 2391 4 3 40476 566 4 10 47 22899 853 25 56 5696 2636 178 6 460 56 5370 2636 178 4 742 22 3 194 7 46 566 67 13229 2688 938 7400 10 4104 12069 109 35 25547 33 25 1515 6 502 4 3 566 4 65 22899 1049 2429 56 5347 2636 178 109 35 31883 33 359 8 274 4 3 504 566 10 47 66120 561 109959 109 8 35 40378 33 114 87 18 9 1877 7 522 5
20498 503 5
18087 4015 14 22899 35 1267 33 8 5127 2725 35 178 56 33 10 90 1568 85 5
2782 35 9575 33 90172 35 33 50322 35 33 29139 1791 3401 465884 1356 4 1362 1515 1356 4 1362 744 1356 4 1362 590 539571 249 187 16 93 3851 628 4 95 3 11245 3768 71 34 26 7154 5
341 29139 210979 96368 53 17229 2770 6288 521 2770 5
459 22635 12634 5
37442 35 4 4 8 33 17229 2770 35 11065 1583 33 4830 521 98586 459 5
37442 35 4 4 8 33 17229 2770 35 11065 1583 33 4830 521 2770 35 1012 1583 33 10 4104 12069 53 3851 628 8 7433 35 33 5
17 17229 2770 14 4 4 8 5210 3 9980 7 3 521 2770 35 98586 459 33 5
17 1506 9346 3 566 460 5099 8 7952 6 45960 3 4736 28991 6 40476 8 3 504 5
145 3074 16 3 665 7 3 5093 40320 10 3 45099 7 19393 14 70 3 241654 4 46 644 16 7587 10 13999 35 98586 459 33 5
1655 3401 6 2391 17229 2770 15 596 31 1370 58 521 22899 35 10 148 1403 202 8 2918 202 8 10 4 947 202 2429 33 5
145 1884 16 408 6 3 10887 6453 10 35 98586 459 33 21 166 21 3 2156 7 9147 455 3154 1221 24 88050 8 278453 35 274 33 5
7219 4 3 27824 6 1518 207 538 9147 4875 86 26 1370 58 1966 106 7 3 3588 5218 13 3 4104 12069 310 2548 21 9 665 7 3 37181 504 10 1133 35 33 4 3 705 7 521 5127 10 35 393301 4 280 33 8 5873 11008 10 2804 47 86 27 3619 10 9 4472 10 3 7786 1493 10 3142 4875 35 20498 500 33 5
20498 500 5
18087 4015 14 3 27824 6 21731 35 202 33 8 3 27824 6 21184 5127 35 202 33 10 90 1568 85 5
2782 35 9575 33 439116 6 21731 35 33 439116 6 21184 5127 35 33 29139 1791 3401 116755 40904 149286 350708 1515 46285 50753 133580 541946 744 117323 106607 544869 44593 590 178849 267881 480493 81 3 296 566 4 3 1506 124544 5
7448 4 23 9109 1221 3 14314 337 13 253 254 148 502 8 274 66120 561 713 5668 24 403 202 5
145 13422 18 30812 24 3 20260 1506 742 9 1023 5756 10 89 5
17 2807 10 3 5900 3004 489 10 3 3021 18 849 3 689 1033 14 46 337 10 9980 5
17 1884 148 17229 8 521 2770 10 46 566 71 34 26 2921 24 9147 17067 7 455 106 3 16472 7 3142 4875 39 853 10 308 85 5
238 7 280 9 3753 8 2063 474 10 3 5900 3004 489 10 3 3021 16 230 10 3 740 566 5
90172 6 4104 12069 36 34 21362 3 216 6942 21 13 6453 10 3 566 35 414 564 4 590 33 5
17 48 49 287 3449 4 849 1723 4 6942 16 230 10721 7560 35 98586 459 33 5
17 2376 7 596 66120 561 713 35 98586 503 33 16 177 7333 5
1563 20260 1506 340 34 868 192 251459 2936 10 3 169 566 8 7427 10 3 296 5
17 74 57 16 177 361484 2638 106 7 3 3638 489 474 10 1515 5
81 46 64 4 3 650 18 10 650 8 7786 691 48 207 463 6 3 8121 2219 1557 983 5
1563 1506 340 34 4764 4652 292 10076 44 340 9867 40 3363 8 12362 61684 40 522 1411 3 89 8093 35 194896 5
459 8 503 33 5
16156 7 561 7 3 22899 35 64 1515 661 6718 3074 33 98586 503 5
16156 7 561 7 3 22899 35 64 1515 661 6718 3074 33 5
622 186293 12811 35 24363 323 15011 4 3495 33 18 1303 61 35 3082 27063 33 6 1970 3 809 489 148 596 17229 522 8 521 22899 597 24 4104 12069 5
186293 225419 35 10168 33 42 6401 538 3 17365 2430 1273 14 3 287724 1291 24 23040 8 19394 35 7780 33 8 240 35 20498 708 33 13 3 17521 148 17229 8 521 3247 71 26 1109 348097 65 2957 19 66120 2770 13 31 53 1935 6 3753 92 53483 35 33 31 351 76 1250 4 44 97 5902 92 713 7 561 35 33 31 677 5
40545 3 64 1515 25 3 2376 4 3 10168 11657 6 3 1799 7 3753 65 53483 31 1109 8 6 5902 6 3753 65 713 7 561 31 677 5
931 522 3413 13 46 64 71 26 1109 32 5694 6 3 1396 5
20498 708 5
17521 225419 5
1655 3401 6 274 235589 6512 3 64 1515 90172 53483 16156 90172 53483 16156 19419 29139
17 2228 286 6 2258 3 11245 6942 7 22899 154 9 89 8093 141 65 628 507 31 1268 31 34 5314 385 5
10526 4 10 5344 5771 4 129 17592 35 20260 8 22190 8783 33 1388 3 2177 6 542 3 1506 2106 9512 6 120 9796 10887 65 2029 190907 2520 71 34 26 220 463 6 9 1292 7 11245 628 5
81 192 2686 4 97 2516 2505 71 26 220 6 26920 521 10711 44 3 522 3455 27 6 26 24637 538 5369 628 5
145 794 8 3768 4644 71 26 177 4093 4 742 34 2784 4 65 14431 31 13746 5
9601 76 1250 3 12069 66120 6684 4 522 31 177 3538 6 3 9 139061 3394 7 9796 241654 8 40 6942 1411 3 89 8093 35 192 241654 31 89 6325 33 5
145 3394 5473 15 1149 6680 4 47 31 535 543 15 1806 23150 2520 5
81 3 378 114 22899 31 1568 14 40 3160 4 1375 8741 13229 8 11847 21 166 21 33511 14800 8 229 504 1618 345 9 4279 604 19 964 3363 14 3 1193 5
17 71 26 5210 6 1445 192 24024 480 43 27 2273 49 4 15 3 83 881 4 6 1877 40 292 1896 103 43 4722 5
7448 4 522 27 1595 13 3638 10076 15 3 310 71 34 26 2655 2093 141 65 40 6127 241 1043 3363 27 45 1221 460 5099 5
999 277382 1806 23150 2520 129 71 15564 3 1308 5940 7 189 12911 2770 8 1923 893 5
17 1687 953 7 23394 8 40 3898 2228 286 6 12262 3 1506 2106 9512 6 28579 49 11245 10887 1411 3 89 8093 47 754 23 9 4116 4462 6 1015 10554 5
145 1506 71 26 220 6 8612 48 4093 33511 10711 35 48 58 97 57 12204 5961 4 523 1491 378 4 523 1225 7 2294 207 4 4703 5 33
10503 84 23394 25 523 1543 289 292 4 51258 4 49 7 83 5066 5