145 1381 1900 19 3 5890 7 2854 25 129618 49 13703 10921 628 10 3 5114 7 9 19372 565 5
81 3 19372 565 3 3115 6819 57 7 9 33770 197 7 2770 3847 4 7417 15 91 86 26 2203 6 4498 3 104 338 10900 1506 22 3 928 967 5
81 46 1381 4 9 3093 267 543 1506 3394 5018 16 1273 4 47 10556 19379 2279 25 9 33770 197 7 230 8599 8 2419 21946 496 9 2858 24637 19372 967 5
145 50902 2125 4644 3395 15 1816 59233 23394 163 19379 2279 8 11657 3 19372 8958 15 3 960 197 4 49 4063 50 773 22 248 22 3 653 7 3 11245 303777 5
17 1506 3394 1264 10 3 2858 25017 14808 2228 589 32 12516 303777 13 86 1297 3 773 7 120 2516 8 1442 284 4 982 15 396 423010 93927 5
61648 42 1303 61 15 307 14431 16970 9 530 3070 15 3 12388 4 11771 4 181800 100402 19 8 5
81 1243 4 3 24558 3768 2882 14 3 303777 163 129 1217 18 170 6 26 32 460 30771 2882 35 21 3 12388 1217 33 7 3 1359 3768 13 3 303777 51 19712 15 1216 628 5
40013 2854 3695 35 153059 33 16 9 616 1589 352 10 4015 13 29 45 3639 3677 6 307 3547 150 2953 2854 8 7732 1442 35 168821 4 4 323 12051 4 1278 109 880 4 42408 4 168821 4 323 4 6833 109 4 2804 33 5
1655 248 20085 4309 14 27728 56018 4 1273 10 3 177 1431 7 3 63278 1666 4 6 3 3093 7204 10 2953 2854 133 21 6951 7228 4 9207 58540 33484 35 187305 33 4 47449 49 7106 10 3 261 10934 35 4 12051 4 4 323 5878 4 5810 109 168821 12283 32330 4 1278 109 4 1515 33 4 153059 29 343 9 84 24204 4740 15 12391 8 32601 17241 8 10900 4 11771 4 3 726 7 392650 77231 35 52678 33 1443 35 192978 12283 32330 4 911 109 12283 32330 4 590 109 18966 4 6924 4 4 323 2560 109 13203 4 6793 4 86783 4 323 72816 4 744 33 5
349 3 83 881 4 421 3695 16 3 2673 7 11245 19379 2279 6 3 9674 7 5300 10 5266 35 11069 4 4164 33 5
2249 163 19379 2279 80 31 4363 4232 6 2258 9 13228 5195 49 6 30174 23 21 57 7 9 197 7 537 5897 4 23 16 59 3876 6 21 9 5195 4355 49 19372 565 35 106481 4 3728 33 5
17 104 1029 916 7 2953 2854 16 3 12391 2854 35 492585 4 4 323 38135 4 7782 33 5
81 46 267 4 9 11427 1070 8 307 58818 58508 56012 14 31 6453 4 8 3 3316 16 6 6075 3 1322 297 91 4 47 71 26 1465 10 9 614 916 114 18365 16 32 4000 4859 7 3 58818 8 16 9 6951 3768 1043 5
81 46 152 4 12391 2854 9965 6 9 197 7 6599 14 21853 18365 543 15 9 197 7 424 58818 8 6904 35 880 12283 32330 4 6833 33 5
355 3 12391 2854 340 34 3972 7678 9 11427 871 44 9 44895 1070 49 1427 4 46 16 424 21 9 19372 565 5
81 3 4991 267 4 480 9 380 303777 29 45 1221 4 23 71 26 220 6 4764 3 3597 7 3 960 5036 5
1471 857 7 601 13 27 2682 3 1164 10 3 2953 2854 668 16 3 26918 12391 2854 35 53696 33 35 101903 4 8 204574 4 502 33 5
53696 9317 6 3 12391 3936 44 10 46 267 80 27 909 6 32 1117 129618 5907 14 49 5036 19 9 265 13703 2007 7005 35 20986 4 23222 4 6794 4 9280 4 323 18150 4 7782 33 5
81 614 4 3 2104 6 46 182973 16 7768 543 15 67 6599 53 7138 3 231 7 129618 628 49 5429 114393 12662 23394 21 9 35855 1427 23394 10 3 37582 7 3 284 19393 35 101903 12283 32330 4 502 33 5
81 308 85 4 307 2419 3394 4309 27 45 1273 543 15 3735 28252 4 13720 35 3 57 220 10 46 1381 21 9 12388 33 4 10292 8 50902 4309 35 4 24098 4 4 163251 4 323 123294 4 502 33 10 1816 12391 628 35 529 4 78625 4 19959 4 323 316989 4 2560 33 5
1716 192 6599 3 2000 6219 31 3467 24 81392 3 317 13 43 432 19 3 1427 12911 12662 5
527 4 15 6009 10921 93927 17169 23394 71 26 2042 6 26136 5791 3267 6599 538 70 558 317 10 32 2903 303777 1216 8 42101 481 2066 35 4 7782 33 5
520 17169 6599 4753 3 4336 7 3 318351 12911 12662 8 31 170 6 26 7716 8 3696 6 3030 19379 2279 14 2419 3394 35 4 57111 4 323 529 4 7560 33 5
903 9560 2382 21853 3 303777 18365 4 4279 8 14510 12689 2000 31 1618 16277 25 3 4719 628 6 10792 3 4831 2854 8 83538 1959 35 4 428114 4 4 17313 4 323 4 2560 33 5
6297 15 3 767 2377 8 2419 21946 35 58002 33 4910 4 80 3617 3 2177 7 538 9 26918 12391 1506 3394 31660 543 15 19379 2279 3677 6 3 6904 49 8599 5
81 98586 249 4 80 240 3 3272 148 129 17592 35 55 33 8 3 12388 35 2245 33 22 3 928 967 6 26136 3 303777 5
12586 25 628 5036 4589 4 22 46 967 4 1506 10104 24 3 231 7 6453 23394 8 40 7005 35 8599 33 13 31 29371 76 67 600 4 3 928 8 3 25017 2757 5
17 231 7 9 25017 197 22 3 928 967 2228 6 5339 3 303777 446 2755 552 2567 35 14937 33 16 8355 4 11771 4 24 96734 24220 5
5583 4 9 960 197 71 26 4723 97 6 5548 3 773 35 83538 33 7 9 1816 14644 303777 8 6 1262 35 34335 4 3495 33 5
98586 249 5
151670 7 3 1506 3394 1217 35 55 33 4830 3 1029 12391 58002 2854 1217 35 2245 33 15 3 928 197 5
58002 142 26 3677 6 17169 23394 4 1595 10 3 4991 1233 21 3 1427 317 4 249 4 496 3 3807 106449 35 24558 33 14808 6 4498 2262 2419 93927 24 189707 15 3 4000 8599 7 3 25017 5897 5
17 11245 3363 10 290 19379 86 26 10637 10 970 7 13300 496 9 175314 6684 21 1273 10 46 1381 35 3 7662 5514 960 35 288537 33 2146 10 98586 249 33 4 13 16 4 10 9 303777 1216 2066 4446 10292 49 50902 4309 5
1516 2177 16 6 8612 3 303777 21365 10978 25 3 2419 93927 4 11771 4 13300 4434 7 3 270 83735 35 18966 4 12283 32330 4 2560 33 5
17 1951 7 3 25017 5195 15 3 10900 2520 4 11771 4 9 3559 187305 4 36 5524 15 3 16301 7 3 2000 13 3001 3 25017 5036 10 3 2419 904 35 101903 12283 32330 4 502 33 5
20216 3 2419 6 26 4279 4 9 421 4859 71 26 27394 10 970 7 1427 15327 46025 508 3 35 81751 33 5
17 3979 288537 16 825 6 3 57 3439 24 3 8176 27728 35 66891 33 49 210979 33032 2376 4 44 12354 15 67 523 2419 93927 5
5583 4 3 1308 284 71 26 381 21 9 50902 2125 5018 121 742 3 2419 3394 16 303777 1216 3 284 10744 3 380 12516 303777 543 15 9 167005 650 15 307 2419 108791 35 4 4 323 24578 4 2391 33 5
145 1381 16 4393 21 3177 5
81 8941 341 4 9 3519 6 3 81751 1217 6 3905 9674 16 1252 5
81 3 508 8941 459 8176 58002 4309 4 133 21 46478 98805 35 49629 33 8 55766 49629 4309 4 31 3677 15 26918 12391 93927 6 4498 67 2419 100409 7 3 928 5536 5
238 9 665 4 19379 2279 3695 16 4723 6 581 9 3093 6684 14 1506 3394 21 9 176 7 3 614 3648 7 11367 11245 8958 4 133 21 24558 49 187384 4309 35 64196 323 2820 4 502 33 5
17 3979 288537 16 3 19547 72076 148 2125 5464 47 16 4723 14 58002 163 1087 7417 5
17 197 7 7417 16739 201026 17241 14 15327 46025 4 2419 16301 4 8 11245 2744 297 2419 5937 5
5583 4 10 8941 500 4 9 1816 9345 6684 16 1252 6 5441 3 1212 7 3 1273 1217 2466 15 12388 13720 543 6599 4 11771 4 538 49629 8 126760 58002 4309 8 9 187305 2854 31660 13 53300 3 822 57 61 35 531790 33 209670 3768 5
81 8941 708 4 7951 31 2682 5
70797 80 10992 9 928 197 7 6951 23394 5
17 20319 7 3 3115 12911 12662 16 18213 24 1966 23033 19 1153 8 48517 14 114 3298 68806 3 221 7 8599 49 3597 5
81 614 4 80 383 3475 2258 92 14 9 837 9892 163 9 2489 8258 527249 19379 2279 538 9 81751 38020 5
527 4 46 16 3262 220 10 1407 4 8 3 3033 13300 3768 38020 16 220 1016 35 11069 4 4164 33 5
273 9 46302 565 3 960 16 4939 21 53 35 249 33 114 329 537 871 7 16 554 21 57 7 67 4135 53259 5
81 970 7 3 6453 12911 14937 4 3 19379 71 26 66421 21 53 35 341 33 8616 4 80 31 27368 8500 13 3 19379 2279 15 3 114393 1427 12662 71 26 66421 10 970 7 3 6453 5195 871 14937 4 2151 3 1730 37394 4 9421 35 6219 4 12662 33 49 32 4000 4859 4 18365 53 4 32 492 13 16 1029 10 3905 9674 544 35 4 6750 4 13951 4 323 4 274 33 5
1716 3 81751 1217 4 80 690 6 14391 3 13300 7 9674 7 57 7 3 53259 65 23 16 1359 14 9 392 7444 653 49 13300 7 2915 5590 3280 35 50697 109 33 5
81 1654 50697 16 961 92 3 288537 2609 53 35 459 33
17 650 7 1506 10104 22 3 2854 967 5473 15 143 3 9796 5897 31 1547 6 40 8599 5
81 148575 4 14 946 4 3 17460 650 16 2828 2151 9 4959 5448 24 3 6790 4 8 6654 143 3 42136 16 5210 6 4498 3 282 1506 4 3 57 13 1708 3 282 37582 3768 4 11771 4 2567 35 20721 33 5
90977 4309 14 19372 4 133 21 66891 49 4 31 543 15 9 288537 825 6 3 57 1595 10 446326 35 459 33 4 44 12752 19379 2279 15 3 4719 628 4 11771 4 3 9796 5195 6219 16 5892 6 26 6453 163 3 55833 2155 53259 10 678 6 1970 47 164 16 48 338 5
81 46 1381 4 9 523 1217 4 3 2395 267 543 5018 14 1506 3394 35 26744 33 4 16 1109 24 9863 87290 7 3 9796 5897 163 8 50697 5
145 16 958 3439 137 9 12391 58002 1488 15 2262 93927 4 10 47 80 1384 70 3 8953 4 3628 6 3 221 7 3597 4 14 9 837 25017 5195 5
81 46 1065 4 24 4149 58002 15 192 93927 4 80 5339 3 57 13 77180 9 4859 21 4939 10 508 7268 5
622 81495 8593 7 3 614 5018 14 2990 9796 5897 16 1595 10 98586 341 5
98586 341 5
312374 7 3 5536 4159 10 3 26744 1217 5
17 11245 8958 7 3 11036 2567 35 20721 33 16 43420 24 13896 3 104 338 100402 20721 1910 5
126966 628 2757 290 7 1646 31 2682 24 2016 70 3 8953 10 3 46302 12911 12662 5
49629 14 3 1427 19379 543 58002 3062 26 9 928 197 4 114 2567 16 3 197 7 928 5036 94604 4 14 19 40 7562 8599 5
81 3 49629 5018 4 80 2882 9 60401 7 19393 19966 4 47 18020 3 24 29404 9 26327 3768 470 4859 35 4 4 4 323 4 590 33 5
4036 3 25017 5195 1356 14937 4 11856 1362 14 3 49629 2082 14 3 2262 928 2757 31 1547 6 290 83 21 53 35 503 33 114 35 500 33 16 3 30392 49629 8 31 3 2262 93927 8 8599 4 3995 5
2610 14 3 11580 2305 3802 15 1427 2491 9 19966 16 1221 4 32 14937 16 6401 6 1427 11856 35 33 4 92 3 13808 6117 6494 35 11102 33 5
145 43092 13808 16 220 6 10775 3093 2419 93927 53 35 708 33 163 3 1427 19379 11856 8 153 4 9 10024 4 21 1595 10 3 508 2124 4 16 12354 14 1506 3394 35 33 5
2491 46 175314 3735 74951 35 145834 33 81359 1506 3394 16 3677 4 2000 31 153 16277 14031 8 3 380 187305 1506 16 9098 10 3 32463 209670 14808 5
238 32 946 4 1384 87290 25 67 23033 19 1153 2770 8 8 40056 32 49629 87008 543 1506 3394 1708 67 2520 103524 4 341 8 2419 93927 13075 10 98586 459 5
81 3 4416 1233 80 3001 3 9796 628 8 3 129618 960 5907 10 1426 35698 35 1427 249 33 5
17 2412 33050 352 2464 3 148 3 67 333220 251459 114 43 23335 9 523 1427 6 5036 13 705 10 23 5
81 3 798 1233 3 67 43092 2262 2419 93927 31 13075 150 3 25017 2419 35 760 2858 33 5
98586 459 5
26744 1217 14 333220 87008 5
11346 3 2412 33050 642 47 15103 3 1884 148 2520 163 3 53259 35 11580 1315 148 91 33 5
79 2915 19379 15 3 25017 5195 35 55 53 1426 5685 4 2245 53 760 2858 10921 24 59433 33 522 10 9 4942 19372 7 3 928 5036 2106 13 705 10 3 3053 5
35 273 9088 7 3 8785 6 7201 10 46 1233 7044 4 3 7067 16 3876 6 3 3377 1185 7 46 1181 5 33
126760 14 9 1427 19379 543 58002 126760 35 94049 4 1278 33 16 9 11245 5018 47 2520 3898 297 2757 7 6453 23394 24 770 7 35855 23394 5
66 1038 56018 2376 8 19372 8090 4 8 16 2161 21 9 15209 2807 5533 49 9 17241 4462 5
17 1204 397 14 126760 16 3 177 1906 9513 13 3 6453 628 16 4209 24 9 284 49 650 47 16 2434 24 9 1731 221 7 35855 35 34 1752 6453 49 5559 33 23394 5
81 50 614 916 4 126760 16 9 27728 31660 35 11771 4 35 1376 11776 4 4164 33 33 14 17241 3 7488 148 33340 8 24 36046 91 76 3 916 53 35 700 33 35 704 33 114 113212 4 11856 4 143391 4 11856 31 177751 7 3 16277 1846 83735 35 5937 49 35855 83735 33 4 4 11856 4 4 11856 31 9421 98236 177751 7 201772 8 4 11856 4 126107 4 11856 31 177751 7 50527 35 49 3768 177751 33 5
17 4 11856 3247 10 113212 4 11856 31 27728 16691 7 3 23394 8 71 26 1109 21 206 37392 7 91 5
5583 4 80 10775 3 3093 2419 93927 21 5
3062 21095 66271 24 10472 3 2419 928 197 21 8 3 129618 2419 20319 21 7 3 9796 2419 5195 6219 4 163 3 1427 19379 14 5
70797 3 1730 37394 9421 35 6219 4 2567 109 418657 33 16 424 163 189 19379 5
659 14391 3 326 7 3 960 14 9 392 7444 653 4 3 81751 1217 16 6740 76 53 35 782 33 114 16 9 4599 8515 8 4 92 3 15728 2609 4 80 1865 50697 5
20216 3 37394 7 2106 340 34 5524 15 3 19379 35 49 192 1730 23033 31 3267 33 8 3 9796 5195 14937 16 4279 6 3 9674 565 4 3 288537 71 26 29418 21 53 35 183 33 17 9513 7 16301 16 1622 6 384 446326 35 183 33 4 121 80 27 13 3 15728 9421 35 109 187245 33 358571 9421 35 109 33 2609 35 196 74184 33 124432 38396 13 80 1506 290 15327 15183 21 234675 201026 53 35 407 33 114 4 31 3 1153 60401 8 3 40056 47 31 1221 538 3 928 197 32573 3 10024 4 80 1435 128 53 35 403 33 114 35 698 33 16 9 210979 4859 825 6 3 57 3455 10 44 4939 15 3 67 4135 53259 10 446326 35 341 33 5
7219 4 3088 143 66891 16 9 1654 267 7 46 6635 14 8 5
145 5902 39477 754 3 5018 9 2112 3093 1217 4 121 46 1506 2228 286 6 5339 3 104 338 1427 65 57 7 3 67 53259 16 1359 5
355 3 15209 7 3 2419 904 16 272 4 15183 37582 16 28357 4 3847 32 2744 9513 16 1618 4723 35 132114 120540 1506 33 5
4036 9 1427 4 92 3 2000 94604 31 1216 35 33 4 3 210979 4859 28792 76 53 35 685 33 114 8 31 3 11856 1427 1153 8 48517 7 3 2419 6825 5
17 1081 650 16007 2419 21946 8 1506 3394 16 13075 10 98586 249 8 43628 10 3 508 31660 5
55706 81 46 2124 4 80 8850 9 1906 19372 967 6 8743 3 11245 536044 35 1506 10104 33 538 3 2069 93927 4 11771 4 9 27728 187305 303777 5
81 46 1065 4 3 288537 650 16 3629 10 9 209670 14808 13999 290 303777 6 3 3093 93927 4 3847 3 7736 25 70 7 91 86 153 2164 137 9 16036 1045 505 6 1657 3 380 10900 35 168821 12283 32330 4 1278 33 53 35 409 33 114 6517 16 3 221 7 31080 10 3 24558 14808 35 3 5907 1646 10 32463 209670 33 4 344578 16 3 27728 187305 303777 47 16 14549 54 1506 3394 10 290 43241 8 3 3394 7 1929 568 1951 6 3 48 5050 536044 10 3 9149 5
81 3 8365 18 3467 4 8500 13 93 2543 2505 15 3 25017 7005 16 558 4 742 43 86 26 43420 24 770 7 9 7106 2125 31660 21 166 5
145 3394 16 59 6252 24 3 3316 6 5548 3 27708 24 770 7 3 2419 928 2757 4939 10 3 767 2124 4 7138 3 1212 7 7106 6 2769 46 3644 5
81 46 2124 4 9 197 7 8365 31 1303 61 15 307 1973 14431 114 3 396 5907 1646 565 16 3054 32 492 671 19 3 1892 7 13703 10921 628 4 11771 4 9 181800 1973 5536 35 4 88240 4 24578 4 4 323 4 2076 33 5
17 9688 14 15826 133 843 7 93927 16 1405 5
349 3 57 881 4 46 16 3 3848 5662 10 28487 93927 4 11771 4 9939 4 114 3 6372 2516 17460 16 535 10041 6 3768 5
349 3 83 881 4 192 93927 1618 17244 7 1267 7 8 9 1574 5907 1646 4 3847 3 1102 7 3 1273 1217 71 26 7947 100 24 538 9 32463 209670 1264 5
659 46 2769 46 2376 4 9 1935 4631 538 3 216 58002 8 11245 25017 4910 14 3 1273 26744 1217 8 3 12388 13720 543 4309 16 2828 5
81 189 745 3 3768 37582 16 3455 24 32463 209670 8 9 27728 187305 303777 6 1262 5
79 13306 1506 16 2870 15 3 10024 421 1396 13 15103 3 26744 1217 4 125 3 221 7 16277 5937 14 3 126760 6599 31 9833 4 11771 4 25 249 6 183 4 1571 596 522 8 2029 64441 5
3260 11245 1170 31 43420 133 21 90025 35 297093 33 4 82090 35 20573 33 4 478640 35 239016 33 4 1432 7662 35 79181 33 4 2366 7662 35 9129 33 8 3 6498 40056 35 33 4 742 83 1170 86 26 10637 21 166 35 28410 4 28410 4 6793 4 6793 4 323 6794 4 9770 33 4 10 678 6 5548 3 284 773 5
5583 4 3 9124 7 3 3768 37582 16 59 12354 14 189 6599 5
181800 1973 5536 79528 181800 628 25 8708 3587 42 3883 25 3 158619 1376 51001 53429 688 10 31749 35 1598 33 35 12283 32330 4 2076 33 5
17 826 42 9844 19 9 39869 28997 8 3 181800 4719 628 18 3564 24 9 108 373 39869 2741 110737 87897 26366 5
79 676 7 7183 7433 42 351 19 9 38451 3101 5
17 2233 7 3 2032 6163 42 31487 25 3 13808 628 538 3 23642 35 33 31660 10 3109 19 9 48054 13720 14 5266 6381 5
17 181800 2233 42 137723 48871 4 538 3 134279 1586 35 374644 4 376107 4 4 13490 4 323 15313 4 359 33 4 10 678 6 1377 13 3 513935 10 523 2233 7253 6 3 216 47211 2371 10 3 2032 5
435 3 39177 40937 9 5180 98236 5102 98236 7199 8593 7 290 1441 18 3455 4 114 290 2464 9 2032 3583 7 51256 98236 51256 98236 57882 394507 5
5583 4 3 121026 7 3 181800 2233 42 48871 19 9 3235 7665 871 47 16 43420 14 290 1973 24 8810 72 3 459 202 1391 121026 5
17 181800 2233 42 19489 6401 24 1149 7 3 158619 1376 51001 53429 688 538 179 523 7005 53 1966 35 87103 33 14 826 276 120 3498 7 6929 6874 35 25717 33 4 8 537 25717 35 33 4 10520 25717 35 33 8 1087 25717 35 33 6 12681 148 523 926 7 3 1892 7 3848 10777 14 25717 5
6077 4 3 5536 9286 7 3356 87103 4 1403 4 985 8 503 826 4 658 43 42 6401 2016 3 46302 267 87103 35 3356 33 10961 5
25717 35 2970 33 5
20498 249 842 3 9908 1056 7 3 5536 8 10 98586 503 90 6200 7 3 100402 31 13075 5
20498 249 5
90711 1056 7 3 181800 100402 5
25717 249 3082 537 25717 4 25717 341 3082 10520 25717 4 25717 459 3082 1087 25717 5
8 2610 14 1193 1153 8 2029 44398 4 3995 5
5036 9151 35 33 35 202 33 1356 1362 87103 3356 483848 1356 3440 1362 1403 374202 1356 1135 1362 985 1356 3440 1362 503 6417 1356 5102 1362 98586 503 5
167554 946 16569 35 306 33 7 179 5269 7 3 181800 5536 5
8455 6 243 4 260 6 2245 53 87103 4 4 4 5
696 100402 11031 5536 4286 73208 4640 98236 17404 2233 7 4092 10 120 12602 8 111 9 1773 2726 7 3519 2233 150 4803 35 196 90 946 10 98586 500 33 5
966 31 20100 4 351 25 3 1973 10569 4 95 87 16 93 1654 9124 15 40 5340 35 126357 323 130609 4 744 33 5
81 192 2333 4 628 445498 1618 2818 3 66413 7 48871 7 1973 325 66590 99392 35 183158 33 10 9 12507 7132 8 153 4 9 19372 967 16 3677 4 543 15 307 77497 133 21 175314 6684 35 12825 323 4 359 33 4 107736 2376 35 252608 4 4 323 3751 4 502 33 4 12516 2854 35 40521 323 1053 4 1278 33 49 7732 32542 2642 35 77844 12283 32330 4 19128 109 19959 323 22547 4 1515 33 4 6 59590 3 6372 2000 5
17 9674 2801 16 36438 76 575 202 24651 35 700 98236 409 33 4483 8 35 503 147 2146 33 2469 35 782 14481 147 2052 33 16970 1432 8 2366 183158 2419 83735 19 1646 5
81 129 8365 4 9 14027 3467 8 6955 33498 7 46 5536 16 9490 10 678 6 10775 3 183158 2000 47 31 454 9490 24 13896 3 700 61 7 782 104 14481 147 2052 5
238 9 4774 4 9 2913 98236 100402 16 1384 14 58002 4 8 19372 4623 1004 1432 8 1004 2366 183158 2000 5
1113 46 16 34 3 3848 5662 10 3 565 7 11031 9674 4 3 5536 16 54273 6 129 5060 21 23 3318 6 2957 19 3 565 7 396 5907 9059 4 8 6 15826 3 1102 7 9 3092 31270 197 7 2000 5
98586 500 5
42343 8 1432 6200 16277 25 3 100402 35 126357 323 130609 4 744 33 5
33962 2376 8 2898 17 11245 1170 6 5548 3 773 7 3 26744 1217 15 3 996 3915 93927 31 43628 10 20498 341 4 114 9 27728 187305 303777 10 9 32463 209670 14808 16 220 14 19372 5
17 12643 100402 16 2682 14027 25 3 49985 201026 23033 4 21 962 10 3 767 946 19 44 19 3467 770 8 5
17 3316 7 46 3394 16 6 5306 3 1212 7 3 1273 5018 65 2957 19 24651 3597 4 2406 32 474 7 3 2412 33050 352 10 98586 459 5
349 46 100402 4 3 221 7 126760 5937 16 876 6 26 14 3081 1809 5
8616 3 2362 7 46 58002 5018 71 34 26 12631 15 46 799 61638 15967 100402 14 2477 7 3 12354 4309 5
81 3 4991 267 4 3 26744 538 49629 16 3 57 13 6819 3 282 8958 22 3 209670 967 4 30212 70 83 12354 4309 4 21 1595 10 20498 341 5
20498 341 5
40013 1170 7 773 14 3 1273 4309 8 3 12388 6599 35 49629 8 126760 33 14 18139 14431 5
17 241654 2770 14 297093 4 20573 4 239016 7 3 12388 8 1273 4309 31 3455 11264 3 221 7 142231 5937 5
17 241654 7 192 2770 31 10 3 678 7 8 35 5536 33 4 3995 5
49629 8258 333220 126760 8258 142231 297093 35 202 33 253023 87597 4687 57704 138823 239016 35 202 33 4937 4636 2715 4572 20573 35 202 33 1054 5154 4467 4467 79181 42359 43391 40475 43782 9129 52500 52481 52500 50261 1356 1054 2919 1362 1356 5154 2131 1362 1356 4467 1596 1362 1356 4467 2723 1362 1356 716 4937 1362 1356 3128 4636 1362 1356 3356 2715 1362 1356 3356 4572 1362 297093 35 202 33 426247 347781 436900 239016 35 202 33 307741 395677 409930 20573 35 202 33 8770 5180 289056 79181 49245 256729 84576 156619 9129 35531 33140 27063 229925 1356 13143 302 1362 1356 26934 708 1362 1356 2591 716 1362 1356 44349 302 1362 1356 302 13143 1362 1356 800 28076 1362 1356 302 20695 1362 1356 704 2591 1362 297093 35 202 33 549407 452893 479124 181800 239016 35 202 33 327373 245401 357928 523093 20573 35 202 33 359426 295924 328445 79181 37983 49826 46329 68457 9129 29487 34030 40181 35531 1356 185568 75315 1362 1356 74485 82551 1362 1356 42585 18258 1362 1356 41948 4481 1362 1356 15861 93964 1362 1356 4481 96148 1362 1356 7335 46635 1362 1356 3440 43371 1362 7448 4 49629 6599 15 272 61638 14431 35 11771 4 100402 33 1871 3 2673 7 90 1117 58002 1488 14 551954 2807 4 121 3 83704 7 528 177751 71 26 31100 5
273 46 3644 4 3 6682 16888 95257 12811 35 48694 33 69676 58002 5018 35 39173 12283 32330 4 2076 33 16 3467 4 15826 3 1102 7 11264 3 221 7 11668 14 8 8810 72 3 522 4 21 1595 10 20498 341 5
17 3235 221 7 5937 16 3467 10 970 7 1058 7 2921 48517 109 543 15 46 4 3 3112 221 7 5937 144 2565 1614 202 7 3 628 48517 22 248 35 196 98586 708 33 5
17 522 1252 24 3 142231 543 4910 31 59 7074 10 970 7 3 221 7 5937 5
238 1798 4216 10 3 522 4 3 2673 7 3 67 5207 7 3 26744 1217 93475 8176 49629 8 126760 4309 14 2419 21946 4 742 3 2029 44398 35 241654 33 7 3 6599 16 1927 568 4 21 1595 10 20498 341 5
98586 708 5
127519 3394 14 3 3235 221 7 5937 7 87008 4309 35 100402 33 5
332 248 1614 202 7 3 676 48517 144 26 2921 5
194896 5
700 8 704 842 3 523 108791 4209 24 7623 9 142231 87008 26744 1217 6 3 2262 93927 5
71479 143 3 523 2262 93927 581 523 21365 7 5
81 46 946 4 23 71 26 10793 381 13 3 9796 5195 16 48 338 6 7857 6 1427 249 35 243 1233 33 5
238 9 665 4 3 221 7 7 3 421 3076 16 853 65 3 2915 19379 35 17460 3 9796 5195 21 1427 6494 33 16 5892 14 100402 2020 5
238 10 3 767 946 4 3 3070 16 543 15 3 644 13 3 9098 1506 3455 10 3 209670 967 16 166 9760 14 3 13703 10921 628 2209 10 3 5907 4446 3 57 13 6819 3 24558 12388 5
98586 700 5
142231 87008 5018 163 3 26744 1217 35 93927 33 15 19379 5
98586 704 5
142231 87008 5018 163 3 26744 1217 35 93927 33 15 19379 50697 5
5583 4 15 9 3848 126851 272 61638 28487 100402 35 181800 5536 33 4 3 1273 6599 1798 23997 3 12388 4309 496 3 216 6684 4 11771 4 3 37582 7 3 24558 10900 3768 538 9 27728 187305 303777 5
81 1243 4 3 241654 7 3 522 16 798 10 129 1273 6599 4 11771 4 142231 87008 109 26744 142231 87008 5
79 454 2376 15 3 3115 7 3 1273 5018 6886 13 3 4091 14 3 26744 1217 31 2638 170 10 87103 8 5269 35 12283 32330 4 2076 33 4 32 492 13 16 1798 6252 24 3 24651 2129 7 189 1973 5897 35 25 3 6498 40056 53 1596 87103 5897 8 2592 5897 33 5
238 9 4774 15 46 176 4 80 27 4964 13 3 26744 1217 93475 3 2029 13720 543 1217 14 2419 3394 24 150 1427 317 10 3 25017 5195 5
145 3070 16 3439 10 307 11952 35 6955 8 8 12643 93927 19 24651 3597 33 4 5907 9059 4 221 7 58818 8 2419 21946 8 19372 4910 5
66 16 973 15606 13 3 109896 7 3 1273 5018 14 1506 3394 16 28487 628 2757 4 114 3 221 7 5036 6517 16 1618 287 58 3 628 15209 5547 35 58818 33 5
17 2673 7 3 1273 5018 24 9 14510 182439 7254 7 3 288537 6 9 528 628 197 5547 6517 71 26 170 10 35 12283 32330 4 19128 33 5
1113 3 4991 1217 6274 90 9705 65 5547 2238 4 11771 4 3 285266 3248 24 3 10794 6401 270 83735 31 3435 7 5036 4 3 773 7 3 284 16 10955 65 3 221 7 5036 16 853 10 528 12643 39811 93927 5
74115 10 3768 37582 1113 23 16 4203 6 25450 19393 10 3 726 7 52678 1443 24 29404 24558 3768 713 4 3 3979 19372 713 31 1618 14234 2082 7 3 2755 552 463 6 3 396 5907 1646 565 5
145 16 9 1029 1994 10 2189 5536 2062 4 114 32463 209670 543 3768 37582 16 1618 3467 21 25017 5018 35 12283 32330 4 280 33 5
17 3316 7 46 20260 16 6 6786 9124 8 48517 10 3 3768 37582 7 3 26744 1217 19 3 1603 3455 24 3 12388 6599 5
11226 29182 42 336 19 716 1427 6955 5036 147 20260 4 2682 25 9 234675 201026 3201 19 4568 1153 8 6951 556322 17682 40056 5
3194 5907 9286 7 9 61638 2419 60401 5
81 1243 4 32 1216 960 197 19 341 17563 11327 5036 18 4209 19 3 216 37394 5
659 2258 3 1058 7 9124 14 290 5018 4 80 49075 3 531790 24558 3768 7 3 27728 187305 303777 5
17 284 96734 6 26 30512 154 3 20260 16 3 221 7 3467 5937 9424 7 3 2419 60401 4 10 678 6 4498 3 1153 531790 24558 3768 2882 35 9424 1910 33 5
145 3979 303777 18 220 6 4764 3 1427 7 3 5036 4 1146 8610 4 9863 3 3201 7 3 2755 552 4 190760 141233 4 3 1359 3768 2567 35 9424 1910 33 5
194896 5
782 8 183 240 3 34130 23033 7 35 9424 1910 33 4 3 24558 3768 2882 14 3 19547 9424 8 2567 35 9424 1910 33 4 3 2755 552 4 14 3 30512 187305 303777 22 290 5018 5
17 3979 1153 8 48517 2770 14 3 23033 31 13075 10 20498 459 5
98586 782 5
22785 7 3 9345 3768 2882 35 531790 24558 33 8 3 2755 552 35 1359 3768 33 14 30512 9207 58540 17112 35 183 5547 2419 60401 33 5
98586 183 5
22785 7 3 9345 3768 2882 35 531790 24558 33 8 3 2755 552 35 1359 3768 33 14 30512 9207 58540 17112 35 11226 5547 2419 60401 33 5
238487 249 5
267 543 15060 39937 238487 5
20498 459 5
40013 1170 14 3 34130 3201 7 3 552 35 9424 1910 33 5
183 5547 202 9124 26744 23117 79528 52734 11226 5547 202 9124 26744 38292 79528 57590 238 9 4774 4 3 1884 148 34130 8 1359 5464 16 798 58 500 202 4 8 189 31 17281 825 72 46 20260 4 114 3 1153 152482 18 1109 508 3 216 1264 21 10 3 9345 176 5
1113 3 9124 7 3 531790 24558 3768 2882 16 34 964 14 2477 7 3 25646 4309 15 46 19372 2485 4 80 86 4498 9 408 6 30771 2882 7 3 2755 552 24 538 3 522 7 307 8 27708 4309 35 29814 323 4 2773 109 64196 323 2820 4 502 33 5
81 46 1381 4 3 5141 7 3 26744 1217 8 90 5595 19 767 6599 31 2209 8 12354 538 307 12643 8 521 1973 93927 35 126357 323 130609 4 744 109 12283 32330 4 2076 33 5
17 26744 1217 10556 58002 4 19379 2279 15 9 33770 197 7 230 8599 8 9 2858 24637 19372 967 5
145 17592 1708 2262 93927 35 57 147 1427 19379 33 24 770 7 58002 4309 4 47 31 722 538 9 81751 1217 976 9 32463 209670 14808 5
1563 522 5441 13 4 742 3 5018 97 6409 9 46302 19372 565 8 9 531790 24558 1488 35 13292 9124 825 6 3 12388 33 4 3 3979 3033 24558 3768 2882 93475 3 57 3455 24 12388 4309 538 307 58002 4309 35 49629 8 126760 33 13 112 34 1384 133 27708 5
238 32 946 4 15 9 181800 5536 3 1273 5018 6819 32 19 8 1798 30212 3 12388 5018 5
238 32 2676 601 3 8557 7 3 1273 5018 36 26 2173 15 45112 119524 28094 35 13756 33 93927 14 3 9674 7 15924 17235 5897 133 21 25717 49 22405 5
17 25017 4644 36 539 1812 536044 35 421 2855 4 6951 4895 33 10 523 11245 2858 25017 8 12516 2854 4910 35 11856 13091 4 47449 4 7106 33 5
74184 79 5
17 4102 7 16301 17 6300 7 16301 6 9 197 7 23394 19 2201 6 40 3597 29 45 1282 10 117 1131 35 323 311 4 2773 33 5
238 32 946 4 362443 4 24764 4 8 5988 35 4540 33 7673 4279 2000 21 138 446 2770 7702 18774 19 3936 4333 5
1471 537 6300 16 3 508 53 53798 53 3062 3 197 7 70 2000 2936 3 1652 960 5195 37105 60121 24 2106 9 871 10808 6 70 2000 10 4681 6219 16 4279 532071 87 6848 90 14937 4 11348 4 8 2106 14 47 133 13 5
17 4991 6300 16 57 7 3 3964 7 16301 35 9 2325 6300 16 59 50464 33 13 2228 3 2673 7 2854 27964 15 19547 2419 108791 19 272 489 7 8958 5
659 4753 12662 6 26 78189 6325 7 6219 14359 13 13300 7 3 4336 35 392 70 2000 2567 33 71 337 65 80 5199 2505 52 3 871 7 6219 5
208 34 4 129 288537 10 446326 35 403 33 51 581 6951 3074 121 189 93927 51 26 4351 10520 5
81 13 267 4 10 970 7 2953 2854 4 3 187305 19372 967 51 4855 46 492 121 3 498 9796 5195 16 34 9 60434 5
120540 1396 14823 3 6300 7 16301 19 3 2898 508 446326 35 183 33 5
273 4279 5897 3 288537 16 1867 21 53 35 33 114 16 1618 5892 5
5839 3 175314 24204 3 35855 1427 23394 11348 16 3 19379 8913 4 3847 5
249 81 970 7 1175 6 30174 4 46 5514 16 3267 6 441 3 1427 203277 14 19547 19372 35 3280 35 33 33 35 168821 12283 32330 4 1278 33 5
66 16 973 15606 13 3 3979 120540 2916 10 446326 35 183 33 16 3797 6 3 145834 1217 14 1506 3394 10 34335 35 3495 33 5
2569 3 3467 1506 16 1867 10 970 7 3 15327 13300 7 3 9796 5195 14937 392 3 928 5897 139815 341 8077 4 46 9513 3177 3 216 517 7 14618 21 3 60029 1273 24 34335 35 3495 33 14 1506 3394 5