81 46 1381 80 4301 9 4462 13 71 26 2875 220 6 8612 1323 2854 8599 538 4102 9013 8 49569 2614 2376 5
17 689 3644 7 46 4462 16 6 2379 3 231 7 7732 1442 4538 24 538 4102 9013 8 49569 7026 10 12752 9 1323 2106 3003 7 9 1654 5890 7 542 538 4102 9013 5
17 5018 220 10 3 4462 754 231 7 55069 56696 6 3030 3 1272 8557 5
273 3 3644 7 19721 46 4462 80 27 351 76 5139 4102 9013 1589 24 619 9742 10 67 523 4884 10 12214 3756 5
17 665 7 46 26753 16 59 2994 5
41085 9013 31 6372 23623 7 9 1654 5890 5
158 31 220 14 9974 8 3364 2505 5
41085 9013 71 26 25810 48 2875 6 2258 3 5719 7 2505 16495 24 9 1323 35 46475 4 4 323 278548 4 2391 109 91288 323 4 502 33 4 65 677 6 538 1510 3497 7 3490 133 21 73043 9264 5
41085 9013 581 6372 628 6 3 18215 15 1323 34925 8 40 653 7 3003 5
16816 3 4102 9013 71 26 7141 6 1800 1087 10612 133 21 53 2778 17 1175 6 1823 4203 67823 24 7995 3 629 13538 15 9 5890 5
2778 17 1175 6 76249 8 11032 3 317 8 2377 5
2778 17 1175 6 1849 13538 8 9648 10 3 352 7 542 5
79 4102 496 9 4102 4434 16 1618 3380 10 32442 4925 49 7005 8 16 3797 19 3898 19 10921 26867 5
17 4336 71 26 9 1740 4 221 49 9 856 5167 5
931 13538 31 1888 24 7796 12885 49 3898 5
17 5533 49 6684 14 9974 3 25147 317 10 650 7 10472 9 1930 538 3 3898 297 523 13538 16 226 41085 67598 35 4 37448 4 323 4 1422 109 4 4 42544 4 323 4 7560 109 14879 4 1422 109 4 2560 33 5
355 67 49 48 13538 31 3797 538 12885 8 3898 6 916 7034 1263 4 133 9 404 16 18549 21 9 11791 21 962 24 13132 4 56840 4 8 40067 35 359 33 5
931 31 59 1109 21 51423 2367 49 2367 7 2677 35 94399 4 274 33 5
931 39696 35 56739 4 2560 109 53268 4 1278 109 28555 4 240522 4 156373 4 270944 219132 4 323 4 3952 109 4 4 323 503752 4 7782 33 3001 317 52 9 1654 5890 21 381 10 98586 249 5
41085 4434 14 1571 242983 3364 317 98586 249 5
41085 4434 14 1571 242983 3364 317 5
81 98586 249 4 40252 4 7251 8 1554 31 6200 7 3898 13 31 220 6 2662 13538 5
2569 37388 41085 129708 40252 129708 903 41085 249 16 9 7034 404 5
364 71 231 3 4102 9013 34 97 21 9 2854 4462 44 59 21 32 8557 35 323 4 2560 33 4462 14 6831 15568 5
145 9751 619 6 231 7034 7927 2854 5897 35 163748 4 24482 4 323 178985 4 280 109 125496 4 590 33 5
6297 15 3 25646 1263 9 864 18 1589 543 15 3 508 8808 53 2778 659 1800 9 4462 13 71 26 220 6 8612 9 1323 2106 5719 7 3003 35 42544 4 4 323 287099 4 6833 33 538 4102 9013 8 49569 7026 5
2778 659 1800 9 4650 3641 4462 14 3 18215 6 8612 3 4102 4434 35 42544 12283 32330 4 6833 33 5
6297 15 192 8808 4 9 4462 16 1589 13 34298 4102 9013 114 3 11373 71 231 46 4462 6 1415 3 773 35 88621 4 4 323 4 6833 109 10613 323 56840 4 502 109 6794 323 4 1095 109 4 168475 4 323 4 2560 33 7 3 619 9742 10 3 593 5
17 601 813 2572 24 3 4462 16 4 2806 80 231 4102 9013 10 10651 19 49569 7026 6 1415 9 1323 2106 3003 7 9 5890 10 542 88 17 601 813 16 543 15 3 508 6680 53 49569 7026 71 26 9 1509 5018 7 9365 40708 8 5195 4355 5
1113 4 46 16 34 7 3 4216 8808 7 46 1654 864 4 23 4426 3 1742 6 3 726 7 48 1509 4538 538 32542 2642 8 22190 8783 5
29997 162 46475 12283 3462 5
35 2391 33 12354 140271 8 5238 5158 7 538 4102 9013 10 1427 787 9758 5
1700 162 9670 3 508 288 8557 4309 5
35 249 33 125981 35 1846 2814 24 7533 4102 4434 21 9 1081 33 5
35 341 33 125981 19 4293 4434 35 220 21 9 4249 14 15106 3247 33 5
35 459 33 146890 35 1846 2814 24 7533 290 12971 9708 67 13538 33 5
35 503 33 146890 19 4293 4434 5
35 500 33 59627 35 1846 2814 543 15 3 221 7 52301 926 8 1658 15 3 9013 33 5
35 708 33 59627 19 4293 4434 5
931 288 8557 4309 31 12354 10 970 7 40 11040 8 18550 24 6625 8 12752 4102 9013 9168 24 619 5
11391 7 3 542 1282 13 3 3394 7 9 2620 5018 29 32 1102 15 3 1846 11040 8 13 104 5314 3247 31 1601 24 538 3 101035 2620 5018 19 9 4293 4434 5
4 4 323 35 280 33 2797 13 23 16 34 4007 6 6786 9 2510 2106 8 9 1323 2106 4102 9013 97 24 7533 3 61826 7 3898 148 189 9013 106 68 13014 2505 7196 35 323 4 280 33 5
1700 162 6274 9 7787 13 71 26 220 10 10651 19 9 4462 13 7928 14324 2505 3490 7 9 1323 2106 4102 9013 5
1700 284 1388 4102 4434 543 8090 13 474 10 5093 25 799 6 272 5
17 4462 2228 2246 6 60251 9758 13 51283 16285 3 2505 16495 24 619 5
81 678 6 13012 3 676 1846 4 70 537 5897 7 4411 14 290 2485 31 6234 19 9 125259 1846 5
3027 323 18150 35 4540 33 4729 3 7362 7 2854 19 3 185 7 4102 9013 8 5559 3 1102 7 2043 115338 2942 154 3490 5
158 27 220 3 508 10 40 601 5018 53 2778 44983 272 309 619 19 2007 928 10 21025 4102 9013 5
2778 79685 15987 960 6 8487 619 1175 10 589 4102 9013 5
2778 57715 619 76 67 600 4 206 306638 8 1024 306638 543 15 40 1846 10 3 15987 960 5
2778 766 619 42 454 3868 619 76 508 29610 600 53 9 5
720 11846 53 93 6881 1252 52 3 5890 10 3 15987 960 5
8862 5
8839 97 53 1252 9 5122 52 3 5890 10 3 15987 960 5
128951 8839 2288 14859 53 1252 14859 10 1243 6 3 5122 52 3 5890 10 3 15987 960 5
2778 766 619 253 32 1117 1270 29610 15987 960 114 619 42 392 6881 543 15 40 29610 600 8 42 1252 19 3 2981 7 3 4102 4434 8 42 4469 6 13014 3 4102 4434 5
2778 7396 4102 9013 42 677 6 9 4293 4434 8 3 1272 1846 18 6234 538 17003 125259 8958 5835 5
1700 522 1252 3 508 11537 53 2778 206 306638 722 2537 568 58 1024 306638 5
2778 7396 10 1125 2288 14859 8 1125 97 600 722 333 58 93 11846 182 5
11973 35 42544 4 4 26442 4 323 287099 4 7560 33 16 59 9 4462 13 29 825 8808 8 4309 6 8612 619 5
2569 80 51 105 6 159 3 1251 6 8468 3 3550 13 46 1381 16 32 4159 7 3 601 2173 19 11973 5
2224 120 83 4462 11973 1183 25 90 26966 5
520 7 192 9705 27 45 3639 4605 10 46 864 5
17 5018 220 24 3 4462 6 8612 9 1323 2106 3003 15 2190 7429 21 2994 10 3 1427 16 523 25 3 1685 4309 133 21 44875 4 8676 13492 15 7429 1547 6 3 593 5
81 678 6 132 3 4462 1408 8 523 25 83 1806 3648 47 31 220 6 8612 3 4102 9013 4 23 29 6 539 3 508 2000 53 2778 79 14858 7787 6 1415 3 2505 3345 10 3 4102 9013 5
2778 79 28796 11924 14 3 11373 6 17723 337925 1735 1589 25 4102 9013 8 153 18386 3 522 5
2778 220567 528 4102 9013 10 3 650 5
238 3915 103 4 87 16 9 236 6 1800 9 4462 13 71 8612 3 2505 1379 10 3 4102 9013 5
208 3 1323 2527 4102 9013 10 1330 8 3364 3 2505 543 15 30 3003 7 9 2190 5890 4 46 142 185 619 6 4534 3 9415 10 40 3003 35 4 4 323 16643 4 1422 109 323 9280 4 2076 33 5
5356 619 142 384 23 841 10 7995 3 629 13538 10 9 2942 4 10647 49 83 3497 7 8593 35 42544 12283 32330 4 7560 33 5
2758 619 142 3303 6 13014 1509 13538 8 363876 48737 47 321 91 6 166901 2854 35 40900 323 23235 4 2076 109 323 9280 4 2076 33 21 9 79021 5533 5
16816 9 4102 4434 2537 2939 3 619 6 1798 5124 3 33959 7 13538 8 40 25147 251124 35 12283 32330 4 1422 109 10613 323 56840 4 274 33 5
1563 4462 12134 3 8557 7 4102 9013 538 108 689 19266 5
931 19266 31 21 962 1298 53 2778 55069 82345 53189 53 3 55069 3024 35 40900 8 23235 4 2076 33 16 16277 25 3 4102 9013 1589 24 3 619 5
145 14533 16502 70 3 629 13538 4 1682 8 3 537 5595 25 3 4102 4434 13 31 10292 10 3 55069 5342 24 56696 192 5342 5
145 317 16 153 1198 6 3 49569 30085 12811 53189 5
2569 80 51 105 6 1963 13 3 55069 2376 16 825 6 13 2828 10 11973 35 42544 12283 32330 4 7560 33 24 42544 12283 3462 5
2778 49569 30085 12811 53189 53 46 14533 22632 3 1272 628 8 10823 3 14478 35 4 4 323 56840 4 911 109 323 471501 4 280 33 14 3 4102 4434 5
145 14533 4263 61 70 3 3490 8 3 522 31 153 691 6 3 40044 82124 53189 5
2778 40044 82124 53189 53 3 3377 543 2673 50050 19 3 11373 6 3030 2376 114 3 317 25 70 3 4102 9013 16 392 6 3 11373 10 916 7 7896 13 31 1589 24 46 14533 5
98586 341 5181 3 20071 7 3 8557 4462 5
238 381 290 14533 12134 3 8090 21 230 5
2778 81 3 74 1092 4 3 619 1800 3 4102 9013 543 15 40 3003 24 7995 3 629 13538 52 3 5890 5
2778 17 4462 36 581 3 7896 543 15 3 2505 3345 35 323 471501 4 280 109 10613 323 330600 4 5810 33 10 3 4102 9013 6 3 11373 5
62191 7 3 8557 4462 98586 341 5
62191 7 3 8557 4462 5
12811 7 4102 9013 17 11373 2527 3 4102 4434 1589 24 3 619 6 1800 3 337925 3024 538 37280 1586 35 10613 323 56840 4 502 33 8 12896 23 6 3 4462 6 1271 3 4015 543 15 210357 49569 7026 35 323 48693 4 7003 109 230971 323 41752 4 7003 109 3935 4 4164 33 5
659 3855 3 1272 4015 4 3 14478 694 10 3 4102 4434 16 220 5
145 71 26 2921 538 98586 249 5
273 946 4 1384 3 4102 4434 962 10 98586 249 114 3 2376 2899 25 3 6808 4102 181 6344 5
238 381 25 3 996 4102 4434 4 3 629 13538 31 1658 24 20891 3 3851 3281 13 31 848 10 3 6808 4102 5
17 4102 9013 31 153 4902 76 32 337925 35 42544 12283 32330 4 6833 109 12283 32330 4 2560 33 3024 6 581 2953 5
17 508 1959 581 9 2941 6652 7 3 231 7 4102 9013 6 1800 3 284 53 2778 12487 9 4102 4434 16 1589 24 3 11373 47 16 220 21 4249 14 12752 3 619 4102 9013 5
2778 81 3 161 1092 4 80 6585 3 4102 4434 76 32 337925 3024 35 42544 12283 32330 4 6833 33 5
2778 79 17177 387674 16 220 6 10775 13538 8 40 2442 1682 25 3 337925 3024 5
2778 5583 4 3 16277 317 16 220 6 1800 3 1272 4015 13 16 2209 6 3 11373 35 42544 12283 32330 4 6833 33 5
17 14478 3380 10 3 4102 9013 16 1589 538 41085 67598 5533 47 16502 3 16069 148 3 13538 5
81 41085 67598 80 2705 3 13538 4 1682 8 259058 10563 192 13538 5
435 46 80 21238 3 13538 76 523 926 114 3 653 2464 3 104 533 317 52 9 1654 5890 5
1563 2376 16502 108 523 926 7 3856 53 35 9 33 56109 653 4 35 8862 33 9207 653 4 8 35 8258 33 84660 653 5
81 3 216126 14 210357 49569 30085 35 67432 33 4 87 16 97 57 4102 13 16 535 1379 22 3 56109 653 8 23 16 535 3 6808 38105 7 3 4102 5
17 13538 54 3 6808 38105 9317 6 3 9207 653 8 13538 67728 6 3 9207 653 31 22 3 84660 653 5
17 13538 1281 3 84660 653 36 26 10 189 9207 8 84660 926 5
145 14478 19372 2939 10 7995 3 653 7 3003 7 2505 3380 10 3 4102 9013 5
17 2620 284 16 1589 14 70 3 13538 13 31 1379 10 3 4102 4434 35 94399 4 274 109 42544 12283 32330 4 6833 4 7560 33 5
17 31660 14 2620 16 21 3177 53 51482 238487 53 2778 1125 1846 1356 2408 35 33 1362 2778 14 72539 53 2778 1846 1356 72539 1362 3082 500 2778 5806 53 5806 7 70 3247 10 290 653 5
273 120 4102 4434 4 317 71 26 3883 25 55069 3359 24 56696 538 178992 387674 5
17 2770 3883 25 192 55069 5342 31 21 1595 1298 53 35 249 33 11292 7 13538 13 31 1379 10 3 14478 5
35 341 33 11292 7 1682 13 3151 6 3 13538 10 3 14478 5
35 459 33 18607 13 31 392 6 290 4102 10 3 14478 5
84660 653 13538 32128 3 5719 52 3 5890 5
145 2620 284 6227 322 16 543 15 3 2981 7 3 4102 4434 5
134 494 13 3 5719 7 3 14478 3380 10 3 4102 4434 18020 3 653 22 47 9 1323 7186 35 42544 12283 32330 4 6833 33 3 5890 10 542 5
98586 503 842 2620 14 3 4102 4434 19 2201 6 3 14478 3380 10 3 4102 4434 5
273 290 653 80 13012 3 3247 13 31 392 6 192 13538 35 98586 459 33 5
40373 4102 4434 249 98586 459 5
40373 4102 4434 249 5
216126 8 2620 7 13538 10 4102 4434 249 98586 503 5
216126 8 2620 7 13538 10 4102 4434 249 5
183075 14 31276 164 49569 2520 17 20297 35 4 6559 109 2346 323 100511 4 3578 33 14 3 49569 2614 1506 539 53 35 249 33 73674 3 537 684 53 7673 684 47 539 70 317 13 29 45 12609 25 3 4102 4434 13 29 90 4279 317 52 3 3003 7 9 2190 5890 5
35 341 33 73674 3 537 32966 148 3 684 53 54 4282 3 684 4 2705 3 537 32966 13 142 159 148 192 684 5
35 459 33 189317 7 46025 53 54 1913 3 537 32966 14 3 684 4 384 3 15327 46025 4939 19 2201 6 3 14478 3380 10 3 4102 4434 5
41085 9013 8 31276 49569 7026 79 67432 35 230971 323 41752 4 7003 109 42709 4 18044 4 323 41490 4 6186 109 4 6559 33 71 26 4939 21 9 17315 4 2900 287 4 55692 33770 160269 650 13 35068 32966 35 184196 4 6801 109 323 40 129686 20406 4 6833 109 2346 323 100511 4 3578 33 25 57 164 6 184 148 9 31276 221 7 537 684 35 33761 323 4 2804 33 5
238 3915 103 4 65 23 624 6 4102 9013 23 16 10139 6 30174 3 317 24 13538 21 56109 653 4 28450 653 8 84660 653 5
659 2705 9 1654 164 3 508 3077 7 317 16 220 35 94399 4 274 109 2630 4 8716 109 24394 4 4164 33 53 2778 41085 13 2705 3 629 3893 52 3 5890 5
2778 142619 13 270 3 629 3893 5
2778 32704 47 16 392 14 290 5606 10 3 14478 5
332 329 6205 10 1092 9424 4 3 49569 2614 36 535 26 10 57 7 192 684 5
79 650 2179 10 57 7 3 684 8 2503 25 57 164 6 184 164 47 16 18549 21 273 120 4102 4434 4 3 164 72539 16 6733 25 164 4114 92 23 16 537 6 27 9 4195 25 164 4114 6 72539 35 103415 21 4114 129708 72539 8 4114 4 72539 58508 41085 4 142619 4 32704 56012 33 5
2569 96 16 424 16 3 13300 13 3 2614 2503 25 164 4114 6 164 72539 10 1959 13 71 26 1798 1658 35 230971 323 41752 4 7003 109 4 6559 109 2346 323 100511 4 3578 33 5
145 13300 16 18549 21 31843 13300 49 49569 13300 35 4 6833 33 14 3 49569 2614 5
931 46025 31 4599 19 2201 6 89 21 3 4102 9013 3001 2505 13 1900 19 21431 23033 5
17 32966 13 71 4722 14 120 4102 4434 31 21 3177 53 4114 5
77156 10 3 216 164 13 71 26 883 10 41085 49 142619 49 32704 684 5
25547 5
19982 25 57 164 6 3 767 164 5
31883 5
19982 25 57 164 6 3 161 164 5
20498 249 842 3 70 3 537 32966 13 71 159 254 148 120 67 684 10 9 4102 4434 5
20498 249 5
57318 32966 14 684 10 3 4102 4434 5
246 31672 41085 17 164 4102 2464 3 221 7 13538 13 31 1379 10 14478 7 3 4102 4434 5
17 4195 35 230971 323 41752 4 7003 109 4 6559 33 6848 148 164 4102 6 7488 4 1846 8 1010 142619 17 164 142619 2464 3 221 7 1682 10 3 14478 7 3 4102 4434 5
17 4195 340 34 4447 35 4 6559 109 2346 323 100511 4 3578 33 14 164 7488 6 164 4102 21 87 31 93 1682 22 3 56109 653 5
527 4 32966 4447 14 164 142619 6 164 32704 8 1010 32704 17 164 1846 2464 3 1846 392 14 290 4102 10 3 14478 7 3 4102 4434 5
527 4 32966 4447 35 230971 323 41752 4 7003 109 4 6559 33 148 164 1846 6 4102 4 7488 8 1010 20498 249 842 70 3 537 32966 13 71 159 254 148 120 67 684 10 3 4102 4434 5
273 120 67 684 4114 8 72539 4 87 6848 9 13300 9421 35 4114 4 72539 33 35 4 6833 109 4 6559 109 2346 323 100511 4 3578 33 22 3 2007 1092 13 5181 3 4195 148 192 684 5
17 40056 3280 7 3 9421 35 4114 4 72539 33 16 226 3 4195 13300 40056 49 3 49569 40056 7 3 2614 8 29 508 2763 53 35 188053 33 35 259585 33 114 4114 4 72539 31 120 67 684 8 4114 4 72539 58508 41085 4 142619 4 32704 56012 5
4195 13300 25 164 4114 6 164 72539 5
60816 7 70 537 4195 46025 13 31 537 14 164 4114 6 70 684 72539 5
17 67432 29 3 508 955 35 4 4 323 386041 4 274 109 42709 12283 32330 4 6186 33 53 3 4195 40056 3280 340 34 337 19 1959 35 184196 4 6801 109 4 6833 33 4 11771 4 3 13300 7 9 4195 25 57 164 6 184 340 34 5524 1918 221 7 1959 3 2614 29 351 5
20498 341 2464 3 11129 14 4195 46025 148 120 67 392 684 13 31 4939 10 3 4102 4434 5
20498 341 5
113596 57 1092 4195 13300 148 120 67 684 10 3 4102 4434 5
246 31843 46025 4939 19 2201 6 14478 10 3 4102 4434 41085 56109 653 53 3 5514 7 221 7 13538 10 56109 6 676 221 7 13538 10 3 14478 7 3 4102 4434 5
28450 653 53 3 5514 7 221 7 13538 10 9207 6 676 221 7 13538 10 3 14478 7 3 4102 4434 5
84660 653 53 3 5514 7 221 7 13538 10 84660 6 676 221 7 13538 10 3 14478 7 3 4102 4434 142619 56109 653 53 93 4195 71 159 254 10 46 653 5
28450 653 53 3 5514 7 221 7 9632 1682 6 70 270 13538 6 676 221 7 1682 10 3 14478 7 3 4102 4434 5
84660 653 53 3 5514 7 221 7 9632 1682 6 70 3856 13538 6 3 676 221 7 1682 10 3 14478 7 3 4102 4434 32704 56109 653 53 5514 7 676 3247 14 44606 4102 6 676 1846 14 3 4102 4434 5
28450 653 53 3 74193 7 676 3247 10 270 13538 6 676 1846 14 3 4102 4434 5
84660 653 53 3 5514 7 676 3247 10 3856 13538 6 3 676 1846 14 3 4102 4434 766 3 996 11129 4459 3 16061 13300 13 16 4939 19 2201 6 3 14478 3380 10 3 4102 4434 5
17 45268 8593 7 46 16061 13300 16 3380 538 3 49569 490 151670 35 12283 32330 4 274 109 35681 4 4 323 51023 4 2560 33 14 3 4102 4434 21 3380 10 98586 500 5
98586 500 842 3 108 684 14 120 4102 4434 19 40 7562 32966 7 201 25 57 164 6 184 19 2201 6 40 926 5
31843 164 45546 14 3 4102 4434 98586 500 5
31843 164 45546 14 3 4102 4434 5
81 46 1233 80 27 13075 9 459 164 49569 2614 29 684 7 41085 4 142619 8 32704 47 31 3380 10 8393 5
17 32966 13 71 159 254 31 3380 24 3181 26867 19 4195 13300 2770 5
17 684 31 30037 11771 4 70 3 684 31 44818 5
17 2614 16 35 230971 8 41752 4 7003 109 4 6559 109 2346 8 100511 4 3578 33 121 23 71 462 6 3 216 164 19 310387 13300 10 120 221 7 1959 5
17 2614 16 104978 35 4 6833 109 2346 323 100511 4 3578 33 121 23 16 537 6 198 25 120 164 6 184 164 19 310387 13300 10 9 31276 221 7 1959 5
6297 15 3 996 164 4195 45546 4 3 4195 40056 49 49569 40056 3280 16 392 21 35 438083 33 114 3280 16 3 4195 40056 7 9 49569 2614 5
145 40056 3280 16 59 1658 21 9 160269 40056 35 4 6559 109 2346 8 100511 4 3578 33 121 3 3893 10 290 1843 5806 6 249 5
81 67432 4 3 13300 1204 10 164 4114 201 6 164 72539 6 916 9 2614 10 67 1959 16 3 5806 72 11856 7 13300 7 201 74 6 11856 8 153 6 72539 5
145 4195 340 34 5524 1918 120 767 912 7 143 3 164 29 45 1049 5
17 74 1092 4195 7 46 49569 2614 16 392 21 35 503 33 114 16 3 35 4114 4 72539 33 5606 7 3 4195 40056 1356 82162 1362 5
16816 25 3 996 40056 4 10052 4 16 3 114580 1092 4195 13300 148 3 684 4114 8 72539 16 3 35 4114 4 72539 33 5606 7 3 114580 326 7 40056 1356 3280 1362 5
1249 4 46 770 13 35 500 33 114 4114 4 72539 31 3 684 8 11856 16 3 23449 164 148 4114 8 72539 5
2569 15441 4 8 9424 31 3 221 7 32966 5
16 3 5606 7 3 40056 15441 1635 9424 1959 4195 40056 16 3 13300 22 260948 1092 14 164 4114 6 11856 8 170561 35 11856 4 72539 33 16 3 13300 22 114580 1092 14 164 11856 6 207007 446326 35 500 33 16 424 21 14392 35 323 330240 4 590 109 4 6559 109 2346 323 100511 4 3578 33 5
208 3 2614 16 3629 14 9 177 528 1959 9424 4 3 49569 7026 1599 11371 9 4024 164 4 10 3 1065 13 3 4195 46025 36 343 4024 22 1087 871 5
999 7623 49569 2614 146987 35 433470 33 35 4 5810 109 8 330240 4 590 33 20260 5018 6 120 4195 177751 13 71 26 3192 14 120 4102 4434 4 3 4024 164 3201 6848 14 120 2614 72 9424 1959 8 23 137325 6 21431 3201 21 9424 129708 5
16816 80 595 3 650 14 3 49569 2614 285 80 1018 2131 1959 5
67432 137325 6 9 1087 871 11771 4 10 290 164 5
2569 4 80 71 3413 3 508 53 35 249 33 1356 170561 1362 137325 21 9424 129708 5
35 341 33 273 290 4848 72539 4 3 4195 46025 8 144 70 3130 1189 216 871 5
35 459 33 6848 14 3 4195 40056 1356 2511 1362 1356 2723 1362 8 16 1216 7 164 5
16816 5
17 21431 871 35 4 5810 109 8 330240 4 590 109 4 6559 33 14 290 1843 10 4195 40056 842 3 317 14555 13 16 5559 14 290 164 10 3 4102 4434 5
190357 7 70 3 4195 13300 2770 10 9 1843 16 535 2429 3628 6 57 8 46 871 340 34 5524 15 767 684 5
659 3030 3 1272 2376 80 1753 70 192 2770 6 9 1654 4848 5
17 74 4848 6154 3 56109 653 4 3 169 6154 3 9207 653 8 3 296 4848 6154 3 84660 653 14 3 13538 5
17 21431 60401 22446 14 46 4102 4434 249 54 1463 70 3 2770 16 392 24 53 9371 5
29756 7 4102 9013 458 300 4 80 27 1595 143 3 4102 9013 31 220 6 1800 3 4015 5
134 51 107 105 6 4301 3 8557 7 192 13538 9013 1589 24 619 5
17 21431 83735 31 220 21 9 4249 871 6 8612 3 4102 9013 538 2261 7896 5
659 1798 4301 3 996 2898 4 80 159 67 5907 4102 9013 19 216 221 7 13538 10 3 4102 4434 35 194896 5
708 8 700 33 5
40373 4102 4434 341 98586 708 5
40373 4102 4434 341 5
40373 4102 4434 459 98586 700 5
40373 4102 4434 459 5
273 3 996 67 5907 4102 9013 4 3 4195 40056 16 7154 8 21431 83735 31 1589 14 290 7 192 5907 4102 9013 5
20498 459 842 3 4631 148 5907 4102 9013 13075 10 194896 5
459 4 708 8 700 5
20498 459 5
75250 148 5907 4102 9013 5
394789 41085 4434 249 41085 4434 341 41085 4434 459 11292 7 13538 10 14478 1004 782 407 11292 7 270 653 13538 183 503 708 11292 7 84660 653 13538 183 503 503 20498 459 1798 842 13 4102 4434 459 29 568 221 7 13538 65 677 6 4102 4434 341 10 3 14478 5
75 43 27 3 216 221 7 13538 22 3 84660 653 5
145 6154 13 189 4102 9013 341 8 459 27 3 216 1058 7 5719 10 3 13538 44 87 16 530 1884 10 3 14478 3380 10 91 5
273 946 4 4102 4434 341 1287 67 653 5016 25 3 6808 38105 125 4102 4434 459 29 108 926 7 5719 25 50 6808 5
98586 704 16323 3 2261 42749 1691 9 4631 148 4102 9013 249 4 341 4 8 459 5
7586 6027 23033 14 4102 9013 98586 704 5
7586 6027 23033 14 4102 9013 5
1655 98586 704 4 23 16 381 13 4102 4434 249 29 9 568 84660 653 7237 13 23 29 333 317 10 970 7 3 1056 2278 65 677 6 3 83 9013 1109 14 4631 5
527 4 23 29 3 248 871 22 3 56109 653 5
145 6154 13 3 4102 4434 249 29 568 16069 19 3 6808 38105 5
17 4102 4434 459 29 568 4385 10 9207 653 47 6154 13 3 4102 4434 29 34 146 5719 317 377 23 29 48 221 7 13538 10 3 14478 5
470655 6 8612 3 4102 9013 659 8612 3 4102 9013 4 3 19393 13 345 32 533 604 31 21 3177 53 35 249 33 17 4385 7 3 2261 22 3 84660 653 144 26 272 21 23 6154 3 5719 10 3 317 13 16 1379 10 3 4102 4434 5
35 341 33 17 4385 7 3 2261 22 3 56109 653 144 26 799 21 23 6154 3 2362 10 970 7 16069 7 3 6808 38105 4102 14 3 4102 4434 5
79 568 653 7 56109 8 9 798 653 7 84660 4459 13 117 13538 42 34 2278 10 3856 5
35 459 33 17 4385 7 3 2261 10 3 9207 653 144 26 799 21 23 6154 3 2640 2362 14 3 13538 10 3 4102 4434 5
2569 4 80 112 34 256 3 2640 13538 6 7717 3 221 7 13538 22 3 84660 653 5
12811 7 4102 9013 14 84513 61522 79 265 619 2809 14 84513 61522 5811 25243 5979 13651 6 1800 4102 9013 543 15 3 231 7 1746 5897 8 5811 25243 1746 4860 220 14 57 7 40 13090 2106 5
931 9013 1589 581 90 5039 7 3 5719 7 40 2505 10 5811 25243 5979 8 1746 10 1691 9 2104 14 3 6234 565 5
7396 3380 40 523 2377 10 3364 40 2505 5
931 4102 9013 42 12354 6 10992 3 5719 7 9 1323 2106 3003 7 3 5890 5
145 5867 4209 3 522 6217 10 98586 782 5
7586 6027 23033 14 3 4102 9013 1589 24 619 84513 61522 98586 782 5
7586 6027 23033 14 3 4102 9013 1589 24 619 84513 61522 5
98586 782 842 13 12016 9485 29 568 4385 10 3 56109 653 8 9207 653 8 177 799 10 84660 653 5
16816 23 29 287 317 10 3 4102 4434 65 677 19 3 939 7 3 619 5
12016 38 8 12016 2453 27 3628 13491 22 3 84660 653 5
1249 3 4462 1708 32 19798 7 3 13538 13 31 1379 10 3 56109 8 9207 653 7 3 4102 4434 4 80 8612 46 21 9 96734 14 12752 3 4102 4434 5
12016 38 29 568 9207 653 8 9 798 56109 653 5
145 6154 13 12016 38 29 617 166 65 677 6 12016 2453 10 3364 3 1272 317 10 3 4102 4434 5
12016 28509 8 12016 23647 189 27 3 216 7665 7 317 10 3 4102 4434 5
527 4 12016 28509 155 166 65 677 19 12016 23647 5
12016 6054 4 12016 11986 8 12016 21456 27 617 166 10 3364 3 317 10 3 916 7 9 4102 4434 5
145 71 26 381 1798 24 15826 3 84660 653 5
12811 7 4102 9013 14 84513 47535 81 1243 6 3 996 1323 30087 9 265 619 2809 14 84513 47535 4 4478 12811 8 9508 59 13651 6 1800 4102 9013 14 1572 9 864 538 59889 5
17 4102 9013 1589 3345 12240 374597 8 8014 374597 13 142 26 6085 24 3 1323 5
145 10808 1967 15 3 5719 8 3856 7 9 1323 2106 33959 7 3 864 5
98586 183 842 3 2261 6027 23033 19 2201 6 3 14478 10 3 4102 4434 5
12016 459 29 287 317 10 3 4102 4434 47 71 26 6453 25 3 4385 7 3 2261 22 3 84660 653 5
145 1798 16502 3 644 13 3 1323 29 1658 2121 13538 8 29 3380 9 1906 4102 4434 19 90 2370 2377 7 9375 30 864 276 146 3856 5
12016 503 29 568 4385 10 84660 58 12016 782 4 44 46 1323 29 568 4385 22 3 56109 653 7237 2362 22 3 6808 38105 47 16 30199 5
12016 708 8 12016 704 27 617 333 10 3364 3 317 10 3 4102 4434 47 71 26 381 1798 10 3 6027 5
12016 700 29 617 333 58 12016 500 19 70 19393 7 8557 5
7586 6027 23033 14 3 4102 9013 1589 24 619 84513 47535 98586 183 5
7586 6027 23033 14 3 4102 9013 1589 24 619 84513 47535 5
75250 19 29997 21602 4749 11973 46 4462 16 488 6 3639 650 4102 9013 19 16521 7026 7 13538 5
527 4 3 25017 7 4102 9013 35 2747 323 10040 4 1278 33 16 149 1272 6 26 2828 24 3 11373 5
20498 503 1708 9 4631 148 129 4462 8 90 7 3 4309 8 4538 962 10 8941 341 5
20498 503 5
75250 7 1547 1380 5
49366 1563 162 46475 12283 3462 5
35 2391 33 8 35 280 33 3027 8 18150 35 4540 33 43410 3227 720 3227 720 7396 392 9 197 7 13538 14 589 4102 4434 35 14 665 2137 33 720 44983 10 90 7 3 4309 720 522 3227 48527 220 14 2620 4102 9013 49569 7026 32081 2620 538 4293 4434 10 90 4309 87213 6832 125259 8958 5835 31580 4462 14 522 3227 720 720 720 7187 928 1252 14 619 720 3227 720 522 3227 10555 7 4293 4102 4434 14 2620 3227 20773 10 90 4309 720 3227 1655 20498 503 80 10992 13 129 4462 1708 47125 65 677 6 83 825 3648 10 1691 6372 522 10 3 916 7 2261 7896 5
527 4 80 494 13 129 4462 22576 3 508 9705 53 35 9 33 28582 7 2953 2854 4538 6 8612 3 18550 7 3 3898 848 10 3 4102 9013 5
145 16 6008 6586 6 3 127676 7 9 2505 1084 13 1705 3 1547 13538 5
35 8862 33 41515 7 5897 19 2201 6 4102 1726 5
134 494 13 46 16018 86 26 4417 24 538 2505 4312 13 27 9962 2505 35 323 4 2560 109 12283 32330 4 2560 33 7545 10 23 5
98527 8 426 162 81 46 1381 80 27 962 9 4462 13 71 26 2875 220 10 7995 3 653 7 9 1323 2106 3003 7 9 1654 5890 538 4102 9013 8 49569 7026 5
134 51 105 6 3125 6 3 7067 13 46 4462 18 1589 538 17177 8 55069 6 10775 3 1622 317 25 4102 9013 5
6297 15 3 26753 8 50 2442 9892 80 71 7336 13 129 4462 8 3 5018 2442 19 23 36 26 4116 14 18215 10 7995 8 11367 40 1175 6 19572 206 3003 7 7429 8 1297 40 3738 4309 5
1563 426 162 14 46 864 36 26 543 15 1572 3 508 3648 8 4538 53 2778 2971 7 2505 4312 6 270 3 25017 7 3 4102 9013 1589 5
2778 21869 3648 8 4538 14 7100 3 13538 1658 24 3 619 6 13 10 3 2505 1084 5
2778 196531 32 11356 9464 8 928 7787 14 3 619 6 10732 49 34 852 3 10113 7 10447 13538 5
2778 41515 7 5897 19 2201 6 4102 1726 496 4102 9013 8 3 10291 7 40 15778 6 8612 3 2586 7 1323 2854 5
2778 6876 14426 46 601 864 24 538 32542 2642 8 22190 8783 6 2705 7026 7 13538 107025 24 9 1323 5
218813 454 14426 3 231 7 7732 1442 4538 10 12752 9 1323 2106 3003 7 9 5890 5