70189 8465 16 32 3456 1092 10 117 229 421 42092 5
234 7 2520 29 45 13787 220 10 1474 8 5171 4 982 14 21853 8465 5
17 9688 7 46 542 16 6 6298 3 1175 7 2520 10 11249 3 462 8465 5
134 8850 67 5373 2520 543 15 8 49474 133951 9861 6 1877 3 8465 7 2567 323 3280 1317 1291 5
17 2082 7 8465 3455 24 32 1506 31 5543 850 6 9 133951 3673 5
17 9796 6 3 74 5373 1506 16 32624 24 3851 2770 7 83 48579 23394 5
17 169 5373 1506 1141 21 29132 189 507 7 3 17229 628 8 48579 23394 5
17 4048 3455 24 290 7 138 5373 2520 27 45 677 19 138 7 1506 10 970 7 30751 6 3 5054 8465 5
17 46333 522 5441 13 3 169 5373 1506 1708 333 8465 4048 5
70189 8 17241 869 200 8465 29 45 3 1441 7 308 34130 2062 8 18423 777 10 21531 21 166 21 10 229 553 5
66 16 57 7 3 1325 29132 6 9 1773 1079 7 229 2333 25 552 14555 6 3273 8 1712 4946 5
57285 4 19 2201 6 229 729 4 71 26 554 7 21 9 1415 7 49766 10 9 229 313 484 180 50 230 871 5
5214 1866 10 229 553 3092 5524 15 3 1877 7 230 2696 8 229590 7 3 1124 5
187 29 45 875 2108 10 89 507 17241 7 229 628 19 2571 48517 72 89 5
931 182439 2520 14 229 3273 229590 27 1169 137 346 4525 121 3 1494 129463 35 182344 33 8 262707 182344 35 33 2520 2042 24 62737 35 6186 33 8 35 5981 33 5
17 3550 31 3876 6 4 58618 4 8 172817 35 3824 33 4 253612 4 11497 4 8 35 502 33 8 35 274 33 14 3592 6544 15 17662 2125 2520 5
931 2520 27 45 13787 220 10 1474 8 5171 35 196 14 946 4 34792 323 24378 4 3495 109 24378 4 2804 109 10583 323 1082 4 274 33 5
2758 400 507 2520 19 5464 31 4108 10436 6 17241 229 200 628 47 31 1695 5431 5
1113 4 117 229 89 507 11537 27 103860 9295 2981 4 9 27728 17521 2981 16 1618 5892 297 3 89 507 628 5
12502 4 2125 2520 142 34 3968 133 108140 5897 8 27728 60029 2520 7 138 1812 544 142 34 26 16672 5
2520 1221 24 1678 4309 133 21 7732 1442 35 43826 33 4 71 26 2338 15 9 628 197 146 333 58 27728 2520 47 665 10 1024 1877 35 80013 4 4 4 323 164985 4 280 109 4 2076 33 5
273 117 85 4 1296 27 115 3844 768 6 159 1653 7 7732 1442 6 25450 9 421 363 650 4 6 650 32 3844 1058 7 317 4 8 6 1877 229 553 557 6 32 474 10 683 462 5
49474 133951 3673 35 49894 33 1708 9 6633 152 7 7533 3 14130 7 1678 292 8 229 544 5
17 2673 7 49894 6 17241 292 912 16 4032 3665 35 6634 323 20985 4 911 109 2552 4 502 109 6794 4 280 109 15152 4 6794 4 323 213673 4 280 33 5
8 35 280 33 6804 234 7 2520 19 49894 8 220 91 10 678 6 1877 3 8465 7 1562 462 10 9859 2904 1981 5
16253 35 359 33 1273 108 5373 89 507 8 49894 2520 14 11249 3 8465 7 930 14990 2904 4985 5458 35 64003 1410 33 5
901 7 3 104 533 2333 7 2520 10 1474 31 11249 8 20260 5
17 326 7 9 1506 10 11249 8465 16 1695 533 121 8465 16 32 3456 9796 6 117 229 421 363 2520 5
17 9688 7 46 542 16 6 6298 3 1175 7 2520 10 11249 462 8465 5
81 3 74 1092 4 3 5188 7 4 8 2520 31 12354 8 677 5
17 34054 1506 29 1252 3 282 1877 65 677 6 3 5054 8465 5
134 8850 67 5373 2520 543 15 8 49894 6 1877 3 8465 7 2567 323 3280 1317 1291 5
17 3979 4048 25 290 7 67 5373 2520 27 45 677 19 3 4048 7 3 1506 10 970 7 30751 6 3 5054 8465 5
17 8254 7 46 1381 16 4393 76 3 508 7268 53 2125 2520 4 49474 133951 3673 1506 4 3 1273 5373 2520 4 628 10777 4 46333 522 8 7951 5
17 5431 3074 10 229 553 16 3876 6 21 3 8465 5
57285 29 343 9 177 533 4102 10 523 692 7 229 3685 4 133 21 41748 566 3414 3394 4 552 891 4 8 16496 4946 5
1949 4 117 3273 4946 2520 231 8465 2082 21 9 1906 552 1415 5
57285 16 9 629 9796 6 3 6682 1506 14 1712 4946 8 50 1678 16393 5
81 4015 4 8465 16 1618 5559 24 2029 44398 49 48517 35 12827 4 274 33 5
10087 4 3184 2520 543 15 3 160269 8465 650 8 89 507 17241 27 45 170 21 6645 6 3 9603 8 3851 8465 1217 5
17 104 1940 220 1506 14 21853 8465 16 182344 35 7293 44806 129463 33 1506 1589 24 62737 10 6186 5
1249 3 726 7 3 1494 182344 1506 4 9 515 7 601 29 45 1303 61 15 16393 7 46 1506 297 47 35 4 5981 33 4 35 4076 4 3952 33 8 35 4 505189 4 323 176248 4 4164 33 31 3 104 3684 220 2520 5
262707 129463 4 35 9421 4 72846 33 4 16 9 83538 7 182344 1506 24 363 3 498 15327 48517 6325 15 3 9421 271 15327 87009 21 166 21 3 72846 271 26327 12408 5
17 35 9421 4 72846 33 1506 71 26 1465 21 53 35 249 33 35 341 33 114 4 4 4 9421 8 72846 31 225419 5
2464 9 9149 7 1216 8 74926 5146 35 5 33
6951 23394 19 4568 1153 8 1513 48517 5
999 6300 4 16 9 96717 126851 9149 19 4568 1153 8 3 15327 48517 7 47 142 26 5
999 3631 14 3 317 10 3 14608 35 2106 33 7 3 15327 48517 10 1243 6 3 21206 970 4 3 1506 9704 3 221 7 19393 1272 5
527 4 182344 49 2520 3303 6 3968 45689 3074 7 3 2696 5
276162 262707 129463 35 33 1506 18 2042 24 4076 35 3952 33 8 4076 8 28044 35 3824 33 6 1250 14 6966 1896 7 484 337 15 15327 48517 5
145 770 13 9 528 484 1430 71 27 9 2185 969 15 8465 58 9 528 484 474 5
17 1506 71 26 3380 21 3177 53 35 459 33 145 1506 1561 93 3012 15 3 19393 8 6 1377 7 3 15327 87009 5
81 1243 3 1506 4 184 1506 14 11807 3 45689 2000 7 2696 3074 16 1506 5
17 1506 16 2402 1547 6 3 116738 35 33 1506 1273 24 35 3578 33 8 3 220887 35 33 1506 7 62737 35 3728 33 5
17 1506 7 12283 3462 5
35 4164 33 2228 3 15327 48517 6 2647 7196 6 271 2366 8 1432 12408 5
17 35 9421 4 72846 33 1506 142 26 1867 21 53 35 503 33 114 4 92 4 8 92 5
17 1506 16 166 4939 92 3 508 912 31 6383 53 35 500 33 17 19393 7 2520 31 1221 538 3 3235 7662 5018 5
17 10024 7662 4859 16 43420 25 3 1247 7 70 15327 56092 7 3 10900 50527 5
81 46 542 4 80 231 67 22285 1506 3394 6680 4 3 175314 317 38020 35 145834 33 8 2106 317 38020 35 121648 33 4 6 5339 282 14608 19393 14 2520 35 4 7416 109 35645 4 7458 33 5
364 86 231 2520 21 9 5533 14 46254 89 507 5
3062 249698 4 4 4 356909 26 1216 74926 5146 2029 201026 23394 4 4209 24 120 6951 15165 5
931 19348 31 220 6 2520 8 24457 507 5
966 229 89 507 2520 4753 9 27728 17521 2981 297 3 89 507 628 125 87 4447 103860 5897 10 133 628 13 71 34 26 2914 24 2520 5
8616 4 32 60029 7 133 1812 19630 544 24 27728 2520 142 34 535 26 16672 5
622 49894 16 9 46333 1506 13 3804 6 32281 3 2981 49 12329 5158 7 7207 133951 9861 5
66 16 220 6 18465 3 1175 7 746 2032 6 650 628 8 317 8 10775 1806 5897 5
6297 15 3 6358 7 746 2032 4 9 197 7 5447 3893 49 23791 35 30864 33 31 28508 8 4393 10 10746 5
931 10746 71 26 4393 259058 4 14484 7 9796 10746 4 1559 35 4438 33 10746 4 8 3354 10746 5
364 7 3 346 9063 7 133951 9861 16 13 4 21297 4 43 31 3682 7 91415 120 11065 4859 4 8 3847 3 5517 340 34 236 6 27 120 19379 52 3 4919 1506 4 49 141 6 90 3525 4 47 23394 935 5
6001 4 3 1506 29 9 2168 14 105587 543 15 3 2000 16277 25 3 628 35 4 260860 4 4 323 10583 4 359 33 5
133951 9861 71 26 3868 76 4018 850 8 9464 2642 5
65715 2642 3576 23791 13 31 3797 6 792 4 1749 9 61279 6 1951 83 23791 5
992 8 198770 992 31 3 448659 2642 35 4 6104 109 6793 4 2987 4 323 4 4540 33 5
4622 71966 133951 9861 159 29132 97 25 3 767 9419 4 8 1518 55906 97 6 3 161 9419 5
81 46 542 4 80 2780 9 119 71966 133951 3673 4 47 16 3 104 1940 220 992 10 229 2333 35 35537 4 280 109 36798 4 24087 4 6794 4 323 28700 4 274 109 6794 4 280 33 5
98586 249 842 9 8942 108 9419 119 71966 133951 3673 5
79 108 9419 133951 3673 19 511151 119 71966 98586 249 5
79 108 9419 133951 3673 19 511151 119 71966 5
364 7 3 544 13 1636 154 49894 928 16 5
5160 5964 16 9 5533 543 15 13500 93927 76 108 108791 53 928 197 4 25017 197 4 8 960 197 5
17 928 197 16 220 14 8116 3 66590 8 18298 3 992 2059 8 34710 5
17 3768 15 3 25017 197 16 10298 154 3 928 650 5
355 3 25017 3768 2238 72 9 14644 221 7 61652 4 3 928 16 1505 4 8 3 17509 8 34710 31 1035 5
81 46 542 4 3 100402 16 3868 21 53 1551 202 14 928 4 302 202 14 25017 8 183 202 14 2279 5
81 46 542 4 80 8850 67 5373 2520 14 11249 8465 7 3 2567 323 3280 1317 1291 360 5
12487 4 10 290 7 3 1273 2520 4 9 4020 1506 16 124932 1918 47 3 5373 1506 16 1148 5
273 46 3644 4 30392 23322 14 290 1506 16 1221 538 121648 8 145834 16705 5
1301 4 290 1506 16 220 14 7678 183 8 409 222 588 8 3 4020 1506 16 3467 232 6 125259 1170 5
2927 4 80 2565 143 3 3467 1506 16 225392 19 49894 2520 5
22510 1506 38 17 4919 4102 14 3 74 5373 1506 16 13 87 31 90 48579 2193 83 58 3851 360 13 2498 3 426 3273 360 10 3 200 5
134 1877 8465 7 2567 323 3280 1317 1291 19 9 221 7 200 23394 47 2498 3 1291 2696 5
39937 7 3 9796 23394 5473 15 3 2505 7 47 1603 2498 3 8465 2537 5
134 27 3112 700 103438 23394 1547 6 3 3851 773 7 3 1291 8 700 146090 23394 543 15 601 3039 10 24087 8 22803 35 280 33 4 6634 8 20985 35 911 33 8 16253 35 359 33 5
17 103438 48579 23394 31 2567 323 3280 1317 484 4 2567 323 3280 1317 26327 484 4 2567 323 3280 1317 462 4 2567 323 3280 1317 26327 462 4 8465 35 543 15 3 4020 1506 33 4 240200 21206 8465 8 2567 323 3280 1317 3637 3583 5
17 146090 23394 539 14600 484 4 2588 1053 484 4 504393 1562 11889 4047 4 382113 1562 11889 4047 4 1557 489 4 1557 489 5
17 380 197 7 3467 23394 4286 782 48579 23394 47 27 964 54210 19 3 1221 8465 543 15 3 4020 1506 5
17 3467 23394 31 1595 10 20498 249 5
20498 249 5
39652 48579 23394 5
249 2567 323 3280 1317 484 341 14600 484 459 2588 1053 484 503 249 168 21206 8465 500 459 190 1562 11889 4047 708 708 190 1562 11889 4047 700 2567 323 3280 1317 26327 462 704 57285 35 543 15 3 4020 1506 33 782 2567 323 3280 1317 3637 3583 659 46 967 4 3 9796 23394 6 3 49894 27 45 14644 5
2927 4 3 5054 8465 16 1109 6 26 1341 55906 14 928 3 992 5
98586 341 842 3 283578 7 46 17241 650 5
283578 7 17241 650 14 5373 1506 38 98586 341 5
283578 7 17241 650 14 5373 1506 38 5
22510 1506 2453 81 678 6 422 3 2763 7 3 282 9098 1506 125 14426 23 19 32 49894 1506 4 80 27 6 4869 4556 3 2981 7 628 35 2914 24 1506 33 6 3 992 5
10974 4 3 5373 1506 86 34 4517 3 4919 25 9 837 197 7 1221 89 507 5
12502 4 57 29 6 3855 12643 507 19 3 216 11245 2763 21 3 1221 8465 5
73239 16 9 1940 220 5533 6 3855 12643 507 5
22510 1506 2453 16 9168 538 307 17229 507 1016 7 9 837 1221 507 5
17 221 7 17229 507 14 928 3 133951 3673 5473 15 2129 7 3 565 8 2125 7 628 5
66 59 1141 1954 3 216 200 23394 21 10 5373 1506 38 21 9796 5
17 5054 8465 16 369 3 3354 1341 7 3 992 5
66 16 230 13 46 1506 333 15419 3 10777 7 1506 21 166 21 3 10076 7 3 200 23394 5
98586 459 842 29132 4 3354 8 1341 7 5373 1506 2453 5
17 283578 7 21025 5373 1506 2453 16 13075 10 98586 503 5
312374 8593 7 5373 1506 2453 98586 459 5
312374 8593 7 5373 1506 2453 5
283578 7 17241 650 14 5373 1506 2453 98586 503 5
283578 7 17241 650 14 5373 1506 2453 5
145 542 1967 15 1562 360 7 2567 323 3280 1317 72 3 566 7 548 341 4 2804 6 750 1078 4 280 5
766 628 42 2816 25 1180 579 2480 1295 5
17 14448 14082 1562 2696 42 7154 21 3 248098 7 3703 1562 869 360 5
20498 341 842 3 2370 11245 10777 7 3 462 507 5
17 10 192 628 2048 13 40 1562 462 507 27 9 255177 3201 21 677 19 201026 3201 5
1949 4 3 2031 26980 35 183 33 4015 8 62737 2106 182344 960 14 3 26327 2696 4459 13 3 462 507 7902 27728 9295 8 632 182344 1896 5
8616 4 3 4176 2376 7 3 628 2048 3 231 7 2520 6 3968 3 3810 21839 8 89 11264 8465 10 133 507 5
20498 341 5
7337 6652 8 4176 4015 7 1562 2696 7 2567 323 3280 1317 5
5
29139 56985 5736 27485 436529 5
8862 62737 2106 182344 960 59 16285 14 7 3 26327 2696 5
35598 22 3 500 202 5
194896 5
500 8 708 240 3 1562 2567 323 3280 1317 1291 360 8 149091 2696 14 3 9345 100402 4 3995 5
2567 323 3280 1317 1291 484 98586 500 5
2567 323 3280 1317 1291 484 5
2567 323 3280 1317 1291 149091 462 98586 708 5
2567 323 3280 1317 1291 149091 462 5
659 8612 1877 8958 4 46 542 9670 3 8465 4048 7 3 1273 5373 2520 19 3 5054 8465 5
17 5054 8465 35 22387 33 15 168 9575 16 7154 24 35 708 33 114 43094 16 149091 462 4 4 8 9424 16 3 221 7 222 103 3 8668 36454 1712 5
81 1243 4 179 1170 31 220 6 8612 3 773 7 2520 10 11249 8465 21 3177 53 1153 1877 3768 35 247554 33 4 6808 1153 2842 3768 35 33 4 1153 6474 3768 35 165419 33 4 8 1153 6474 2156 3768 35 33 5
931 1170 31 4939 21 53 35 700 33 35 704 33 35 782 33 35 183 33
81 46 2124 4 80 210 15 3 522 7 7623 2125 2520 21 166 21 3 1273 5373 2520 14 11249 8465 7 2567 323 3280 1317 2696 5
238 3 74 1092 4 4 8 2520 19 1678 16691 7 35 9421 4 72846 33 19393 4680 25 35 249 4 249 33 6 35 403 4 403 33 42 34054 15 3851 462 628 5
17 282 1506 725 61 6 26 35 459 4 459 33 232 6 121648 8 145834 6680 5
20498 459 842 121648 8 145834 2770 14 108 2125 2520 19 282 16691 7 35 9421 4 72846 33 111 138 14 240200 14608 2520 47 42 220 10 16253 35 359 33 8 8 35 280 33 5
20498 459 5
121648 8 145834 6680 14 4020 2520 5
2125 2520 35 9421 4 72846 33 121648 145834 35 459 4 459 33 35 249 4 249 33 35 341 4 341 33 35 249 4 249 33 35 459 4 459 33 35 249 4 249 33 75750 1058 7 35 9421 4 72846 33 5
659 5518 3 5188 7 192 2520 4 290 7 91 29 45 220 6 1877 3 229590 14 183 8 409 222 588 8 3 522 31 217 10 65588 503 8 500 4 3995 5
20498 503 5
2520 773 6 8465 11249 14 368790 588 5
29736 35 249 4 249 33 35 249 4 249 33 35 249 4 249 33 35 341 4 341 33 35 459 4 459 33 35 459 4 459 33 165419 247554 20498 500 5
2520 773 6 8465 11249 14 409 222 588 5
29736 35 249 4 249 33 35 249 4 249 33 35 249 4 249 33 35 341 4 341 33 35 459 4 459 33 35 459 4 459 33 165419 247554 1210 6 3 2770 7 5188 1170 4 35 459 4 459 33 29 1595 3 282 773 8 3847 3467 14 1444 7 5373 2520 5
17 5054 229590 10 290 11249 773 1170 27 45 7154 543 15 3 960 628 47 42 34 220 10 3 58091 4141 5
65588 708 8 700 1379 3 665 7 3 2333 7 3 1273 5373 2520 14 11249 229590 10 183 8 409 222 588 5
17 46333 522 240 13 189 5373 2520 23997 1506 5
22510 1506 2453 13875 333 1175 6 11249 8465 7 3 521 200 462 19 2201 6 70 179 5188 1170 5
214 16 463 6 3 10113 7 17229 507 21 1355 29132 6 5373 1506 2453 5
20498 708 5
22510 2520 773 6 8465 11249 14 368790 588 5
29736 35 459 4 459 33 22510 1506 38 22510 1506 2453 165419 247554 20498 700 5
22510 2520 773 6 8465 11249 14 409 222 588 5
29736 35 459 4 459 33 22510 1506 38 22510 1506 2453 165419 247554
145 601 16 543 15 3 2673 7 2520 5
364 7 3 9705 16 13 192 2520 1657 333 522 10 2086 3449 553 8 86 34 3968 2282 229590 8 12642 5
12502 4 23 16 3448 13 192 2520 26 2164 19 83 2520 65 3677 6 2282 553 21 59 1282 24 35 2773 33 5
81 46 542 4 3 565 7 17241 8 11249 8465 7 2567 323 3280 1317 1291 29 45 4729 5
1796 3351 7 2520 25 234 27 45 34054 8 220 14 11249 3 8465 5
1301 4 40 3800 27 45 677 232 6 125259 1170 5
17 282 1506 2856 61 6 26 35 459 4 459 33 5
659 6298 3 11249 326 7 3 3467 1506 4 67 5373 2520 27 45 9168 538 133951 9861 5
17 29132 6 3 1273 5373 2520 539 3 8465 2082 3455 24 3 9098 1506 21 166 21 83 48579 23394 5
10526 4 3 169 5373 1506 1141 17229 8465 507 21 1355 29132 5
2758 29132 27 45 2161 6 26077 3 11245 2763 7 3 8465 507 65 5543 76 133951 9861 5
17 46333 522 15 2567 323 3280 1317 5441 13 3 169 5373 1506 4 538 17229 8465 507 4 1708 333 8465 4048 5
145 1506 2537 11657 3 4048 72 3 1603 3455 24 3 282 1506 5
8932 601 1038 3 2333 7 133 272 1277 4048 7 229590 10 1678 229 421 363 544 133 21 1712 4946 4 41748 566 3414 3394 8 5224 5310 5