104483 31 157302 35 7557 33 28579 23623 7 3 32367 7 9452 10 3 746 636 5
17 1277 7 3 576 2203 65 10681 6 7094 4722 16 1695 6325 15 3 29742 2106 11040 19 2201 6 3 1441 5
16 9 267 543 149815 2912 47 12966 32 223753 7 3 7557 23042 237999 35 33 7 5269 154 50 9384 4141 5
145 223753 16 2173 24 32 49474 133951 3673 35 49894 33 3559 6 1849 143 6 421686 3 7 9 2854 197 35 49629 33 5
49894 16 9 54273 4462 65 424 522 31 3184 5
1249 3 7 129 2854 197 16 14912 4 3 46187 7 290 27 9 485 969 15 304437 5
8616 4 80 12956 3 2177 7 8784 90 7 3 7 49629 2151 7254 7 9 84 2854 31660 47 2442 75658 203077 35 24558 33 6 49629 5
17 522 2436 13 46 5018 86 71823 223753 8958 5
10526 4 46 542 5948 3 644 13 90 7 3 42 8621 14 90 304437 8417 43 853 3 8958 7 461 5
81 3 267 7 10681 3534 6 7094 4 9 237591 8557 383 26 2203 21 831 21 537 14 290 1441 5
81 104 745 4 46 8557 16 543 15 558 7557 124608 4 28579 2520 1146 25 784 2233 6 3001 3 1441 2106 9452 19 3235 19648 5
34417 7 124608 14 3490 508 2634 10883 49 6404 3534 71 26 170 35 12283 32330 4 280 109 35055 12283 32330 4 280 33 5
527 4 141 65 784 2233 31 558 4 3 1441 2106 2190 29742 16 34 535 6733 121 50 1444 16 8017 5
7219 4 784 2233 31 5259 95 21 6 1368 120 1117 3534 6 7094 5
8616 4 1806 2520 31 220 141 92 40 10777 5697 25 3 1441 2106 28487 628 5
237591 3490 8958 8 3 3979 151686 784 1945 31 11231 1695 6325 15 3 27647 148 29742 8 1441 5
16816 4 3 2755 162 3899 22 11381 3 6790 10 6098 3 47081 29742 25 3 1806 1603 558 5
16 9 2912 543 15 267 543 149815 35 125535 33 47 16 9 565 12538 5018 13 2527 825 2506 25 825 271 544 10 678 6 4855 84 544 35 4 4164 33 5
125535 16 9 4462 14 39599 4 19708 4 25498 8 16925 4485 5
79 528 221 7 125535 1254 14 1059 3756 35 148137 33 71 26 170 35 4 274 33 5
19 83 49474 5309 3648 71 59 26 170 10 13282 4 4 8 35 502 33 4 4104 4 7704 4 290905 4 4 8 35 1095 33 8 35 359 33 5
16 9 148137 284 13 2527 32 43826 4462 35 49894 33 154 50 9384 4141 5
17 7372 7 71 26 381 21 995 19393 8 3648 95 21 6 1000 89258 745 35 4 359 33 49 5036 14 51579 3597 7 5269 35 3849 4 4 4 323 182330 4 280 33 5
81 1243 4 1708 32 9384 4462 47 71 1000 1268 5036 5
7448 4 50 9384 2505 3310 16 6062 121 543 15 3 928 7 32 49894 4 3847 34 177 77817 21 5042 24 3271 2482 255936 12283 3462 5
10 2482 255936 4 60536 4 8 23262 35 502 33 5
5729 67276 8 5
59 1273 9 543 1443 13 2527 49894 44 154 3 45679 4141 35 67276 323 4 280 33 5
966 9384 5310 71 26 170 10 3 6854 5
67704 24 2818 9 52301 3688 7 3 125535 1351 745 232 6 1682 5
520 10777 31 4438 10 3 110873 650 8417 856 1603 31 304 6 3 614 267 154 3 90894 650 5
67704 538 67704 14441 35 183784 4 60536 4 323 23262 4 2804 33 9286 7 8116 9 2104 14 9 1341 267 7623 9 4859 47 1141 21 50 19393 3 1341 267 4 9 1351 267 13 6274 90 13980 8 50 2104 5
176633 105587 35 50127 4 60536 4 73396 4 323 23262 4 1515 33 16 543 15 3 8557 7 3 10887 148 3 1351 8 1341 745 53 32 26920 2104 7 3 1341 267 16 43420 24 7623 3 10887 148 3 67 745 6 3 2104 14 3 1351 267 163 5139 5
2880 67704 35 60536 4 359 33 16 543 15 3 99729 28252 47 6409 2505 7212 5
145 843 7 9384 9286 7 48572 3 13613 6 26 3677 6 3 2505 5
79 470 14 3 537 28671 383 26 43420 5
17 9384 4141 16 543 15 954 424 25 791 5
435 441 19696 3 29742 3 104 825 6 3 1441 2106 120248 35 77831 4 4 476528 4 4 323 4 280 109 12283 32330 4 590 33 4 12966 32 1494 4462 543 15 49474 133951 9861 35 49894 33 35 30421 323 38569 4 14496 33 6 1000 3 7557 82242 7 3 1441 2106 10888 35 12283 32330 4 2560 33 154 3 125535 9384 4141 35 20305 12283 32330 4 2076 33 5
17 1379 542 1287 9 1092 454 121 23 18506 9 84 4102 3682 7 9409 3 282 108791 7 124608 14 3 1444 7 237999 10 459 78833 7 3 117003 35 33 7 9 392 1441 19 3 2670 8958 5
79 528 221 7 124608 71 26 170 10 3 6854 35 4 1422 109 4 3824 109 18036 4 4 1320 4 8 18947 4 6186 109 41843 4 65861 4 8 536308 4 5282 109 23551 4 40030 4 8 4 1515 109 12283 32330 4 4973 109 12283 32330 4 3578 33 4 8 7094 1720 16 59 3868 76 3184 11933 30951 5
3763 4 90 124608 31 7081 220 24 1149 14 6404 29498 4 125 523 1603 31 220 24 83 7018 14 8557 7 2634 7317 597 5
81 644 4 290 2516 29 30 209 197 7 183 6 302 124608 5
355 9 6790 2106 2795 124608 31 70 215 6810 25 3 1441 4 3 2516 383 1000 9 84 57 5
6832 7392 7557 8 38781 4 7018 13655 3 32367 7 3 7557 9452 7 40 124608 285 43 35471 6 138 7 3 1441 5
158 153 255 91 671 8 4498 3 380 29742 15 47 3 110278 36 26 543 35 20305 4 4 323 25500 4 2076 33 5
8616 4 9384 954 31 7737 24 3 791 8 2505 7 3 1149 5
16 488 6 1657 3 216 8586 650 5998 4 276 746 4653 4 538 32 49894 35 12283 32330 4 2560 33 5
49894 16 32 223753 4462 47 2818 9 928 4141 5
273 3 1444 7 4 3 928 197 18 3 1519 197 7 424 35 20305 4 4 323 25500 4 590 33 5
7448 4 80 5892 13 92 3 1441 16 9 1774 4 14 946 4 23 16 4279 6 1849 143 6 1000 538 32 49894 3559 15 9 197 7 424 7 83 4144 8 6 10732 3219 1603 5
8616 4 10 46 542 80 8850 6 71823 3 5269 1444 4 427 76 1250 40 2190 10777 54 3 49894 928 5
134 2042 9 60401 6 5124 289 49 34 23 18 4279 6 539 290 424 10 3 2854 197 7 1441 10777 53 3 75658 58540 14 223753 319328 35 33 5
17 2912 98586 249 6274 3 3531 13 42 220 8 3 628 7798 72 3 6358 5
766 3 124608 31 7545 10 5342 35 18036 12283 32330 4 6186 33 5
1700 10777 31 7545 10 9 5536 35 628 3154 5527 6494 10 98586 249 33 4 3 6536 32367 31 16277 35 628 3154 5527 249 33 8 153 11584 6 3 49894 928 14533 35 628 3154 5527 341 33 47 6268 3 49894 35 628 3154 5527 459 33 5
355 9 84 29742 16 1272 35 3154 5527 503 33 4 3 1341 267 6652 16 11584 6 3 45679 14533 35 628 3154 5527 500 33 47 18020 3 27647 8 1493 16705 427 76 1250 3 1351 267 35 628 3154 5527 708 33 5
208 1272 24 3 1149 4 3 6536 9384 14533 7703 3 10777 7 3 1351 745 35 628 3154 5527 700 33 6 3 49894 223753 14533 35 628 3154 5527 704 33 47 13173 3 3559 49894 35 628 3154 5527 782 33 8 3 25927 7 3 82242 7 3 10888 10 813 35 628 3154 5527 183 33 10 678 6 1000 196292 32367 9760 6 3 1341 267 35 628 3154 5527 407 33 5
1301 4 3 1149 71 20904 8 13655 25407 35 1000 3 83 9452 33 3 9888 2104 7 3 1341 267 35 79022 5
3 196292 4 3154 5527 403 33 8 1599 4643 23 92 3 1519 7557 29742 16 12404 35 3154 5527 698 33 5
7337 7798 72 6358 98586 249 5
7337 7798 72 6358 5
17 9384 14533 7 16 34 1332 483 5
1249 10888 31 3 74 9452 13 31 1254 24 1149 4 80 1967 15 40 9384 125 3 45679 4141 16 488 6 6786 3 1519 124608 5
8616 4 3 9384 14533 7 1900 19 3 23042 237999 10 459 78833 35 33 5
1516 2062 27 45 2504 6 1101 15 3 9384 7 3 83 9452 5
8616 4 3 13886 650 35 3154 5527 403 33 71 97 26 2828 25407 22 46 164 7 3 162 5
11664 355 7094 67205 8887 4 9 210 383 26 2203 14 70 5269 5
273 290 57 4 3 1149 74 2485 16 6 2401 3 104 5050 7557 29742 2016 3 317 424 52 3 1441 5
3194 29742 29 50 209 10777 8 16 3112 24 9901 5269 558 13693 8 317 6 40 10777 5
17 29742 16 3847 3112 24 20621 5
134 9572 3 858 7 4116 10777 22095 24 3 7018 7 3 717 1642 7 41313 8 4658 35 288383 33 5
8616 4 10 4 9 565 16 962 21 9 197 7 24880 145935 58508 4 4 126094 56012 5
3194 2516 29 30 209 197 7 9424 124608 53 48120 3082 58508 78408 4 4 4 170561 56012 5
3194 49380 16 3 2104 176 7 9 267 8 2464 3 32367 7 15441 9452 53 5
3194 8982 1127 16 9 197 7 72846 266 1353 24 9 183527 21243 35 21965 4 3578 33 53 114 68806 3 7557 25927 7 397 72539 7 8982 1127 7 29742 49380 5
1127 58508 6536 4 921 4 7552 4 84766 4 14137 4 4 13920 4 14195 4 3046 4 76956 8 120248 56012 5
5583 4 9 267 4114 16 53 5
134 36 1963 3 1341 267 21 224603 5
67704 7 2491 9 7100 267 16 19696 35 77831 12283 32330 4 280 33 4 3 2516 71 1865 883 6 231 3 3 104 825 1351 267 29742 4 49 6 1871 3 2912 6 3855 9 84 29742 4 19708 3 1351 745 6 3 1341 57 5
3763 4 92 90 558 29742 13693 31 215 523 25 138 7 3 1441 4 3 2516 142 1865 6 8744 57 7 91 49 141 6 1000 9 84 29742 47 142 26 38492 14 83 544 268 5
8616 4 65 3 2516 2818 3 2020 7 9 84 29742 4 3 32367 7 3 15441 9452 31 230 5
9537 4 3 74 9452 13 1149 1000 10 133 9 29302 650 31 3 10888 5
17 2371 8 6163 7 3 83 9452 31 72006 25 138 7 3 10888 5
8616 4 80 74 1109 3 9384 7 5
22026 904 14 238 1321 2209 4 3 7 29742 49380 31 4939 10 7557 24 9 197 7 72846 266 1353 24 9 183527 21243 53 114 68806 3 7557 25927 7 397 11856 53 5
273 290 4 72846 16 3628 6 266 5
17 266 42 18652 10 3 216 678 8 10 3 216 169738 11572 284 5
8616 4 3 2485 7 3 6536 82242 9384 4141 7 9286 7 299868 3 7557 25927 7 3 266 7 9575 10 3 216 678 8 10 3 216 169738 11572 284 5
79 183527 21243 71 153 26 3677 95 21 6 1000 3 32367 7 3 10888 7 224603 5
67704 954 81 644 4 6536 32367 8 6163 5524 1629 15 3 4801 7 3 1441 5
3763 4 14 3 10888 4 12283 3462 5
35 1515 33 2436 13 3 4801 7 9 696 14404 14 40 34193 8 3583 5
8616 4 65 1149 1865 6 1000 3 7 9 1441 4 43 2401 3 57 25 3 7545 29742 446 4801 16 3 5426 276 427 76 1250 120 83 15565 5
17 28671 31 1618 617 25407 4 7623 17315 48369 35 39811 8 7557 38781 8 35 20305 12283 32330 4 2076 33 33 5
931 48369 31 1303 61 137 7557 23955 3648 35 133 21 270947 35 4 1095 33 49 249904 35 47149 4478 4 2076 33 33 5
41403 1249 3 21243 8 3 221 7 266 31 34 12911 4 3 9384 383 26 1303 61 15 3 397 25927 7 3 6536 32367 4 397 24 397 5
1249 93 3142 14392 6848 4 80 39 6 6075 137 9 2854 5018 3 954 13 7532 3 25927 7 3 266 15 57 6536 82242 76 83 25927 5
21669 4 70624 4309 538 129910 14618 31 3 104 6943 6599 109 49894 8 22190 164751 2647 6 192 3212 5
134 3476 49894 21 3 4462 14 46 1092 4 8500 46 86 1485 21 3 1625 14 454 162 19 22190 164751 92 3 74 522 42 34 7772 5
134 12956 3 2177 7 538 9 179777 3559 19 9 543 5018 5
1516 223753 4309 42 2870 53 395088 8 1603 35 110052 5
8941 33 5
49894 29132 4 55906 8 151438 659 421686 3 4 3 2119 2106 4801 383 26 424 5
9537 4 46 16 57 7 3 145935 7 3 1341 8 1351 745 5
3062 286 1963 40834 3 142200 12510 6 3 4801 7 3 267 4114 8 166003 4 3 4801 7 3 1341 267 224603 622 49894 19 782 29132 8 459 55906 18 1254 5
901 124608 42 1109 53 2778 17 1351 267 446747 14 47 16 19618 8 3 5426 6 166003 5
2778 17 1351 267 106174 14 47 16 7156 8 3 5426 6 166003 5
17 3559 49894 433508 3 459 25927 7 290 397 7 3 6536 32367 8118 5
8616 4 3 782 29132 16392 223753 7 3 25927 7 397 11856 7 9575 31 53 2778 17 459 25927 7 397 11856 7 3 6536 32367 7 446747 53 5
2778 17 4801 7 446747 53 5
2778 17 459 25927 7 397 11856 7 3 6536 32367 7 106174 53 5
2778 17 4801 7 106174 53 5
2778 17 4801 7 3 1341 267 53 166003 5
17 1254 49894 16 441 57 4438 9419 5
5408 23791 31 15 3 4438 9419 19 9 30110 4859 5
17 30110 4859 7 3 23791 7880 6 3 3354 9419 16 27728 5
2758 300477 42 59 3112 8 3639 2870 15 3 2912 35 11497 12283 32330 4 2076 33 14 9 825 492 53 2016 9 397 976 3 2119 2106 6536 4 22 189 3 2007 8 380 827 35 3235 8 3033 75003 3995 33 4 9 825 49894 196292 3 2371 7 3 397 154 32 1519 6107 4165 19 32 3768 19618 6 3 39177 3101 7 3 784 2233 15 47 3 397 39 45 18652 5
273 4 3 221 7 23791 15 3 4438 9419 18 88852 538 9 25017 197 10 1243 6 3 2854 197 220 14 3 2854 1092 5
81 3 267 7 4 3136 3 396 221 7 35 403 33 4 80 961 34 6 1384 9 25017 197 5
8616 4 3 2854 197 18 9935 7 782 4 125 3 459 1652 8154 6 3 960 197 5
134 5892 13 133 9 151438 51 2127 10581 5050 522 5
7448 4 133 9 1264 6 71823 3 221 7 23791 15 3 4438 9419 51 27 6 26 6227 10 268 162 5
81 98586 341 4 3 782 13491 7 3 78408 6 65097 220 14 3 928 31 217 15 3 22723 5
17 459 13491 7 3 459 84 91869 4 96133 8 67683 31 59 217 15 3 216 22723 5
766 3 120248 9452 31 3380 10 78408 6 65097 8417 97 3 10888 42 2682 10 91869 4 96133 8 67683 5
23902 98586 341 5
23902 5
49894 2854 197 8 928 1092 12266 3006 65 3 1884 148 3 230 8 3 3455 2770 16 60560 5
38870 35 280 33 10236 179 27964 543 15 3 5018 53 2778 17 5018 35 33 16 9 86026 349072 5018 4 47 102333 3 871 7 3 196094 40056 7 3 169 7592 7 3 4859 6 26 60560 5
2778 17 14305 5018 35 9226 33 16 32 9384 7 3 5018 47 275857 3 46333 1714 6 231 5
1354 7 192 4309 383 26 9556 19 9 20171 27728 1046 10 678 6 2258 32 19547 1092 1646 148 67 61652 5
2778 17 35 78727 33 5018 12966 9 74 678 31660 4 44 50 10119 2238 180305 19 992 151438 5
2778 17 5018 16 57 7 3 5052 8 59 57 7 3 104 5050 27964 35 268497 12283 32330 4 274 33 5
145 6942 7 3 5018 2228 90 126095 2059 7212 6 26 5999 10 3 32542 992 92 9 2366 1102 16 6453 5
766 7 192 4309 42 1321 6227 8 2870 10 3 9384 4141 7 5
23620 1272 42 59 2870 5
17 25927 7 183 266 42 14027 16277 25 3 7 78408 6 65097 8 9 2858 25017 18 2828 5
20498 249 842 13 3 31660 995 3 282 304437 16 13 47 220 21 5018 8 13 3455 9 12398 3628 6 5
8616 4 3 3112 49894 21365 29 45 677 6 9 395088 35 10864 4 7 2463 341 33 8 9 223753 5018 5
17 10864 223753 4859 1273 24 43203 8 35 33 8 3 57 1273 24 35 4 315095 33 42 6227 19 5
273 290 5018 4 9 2858 25017 14 3 216 183 266 18 10605 538 3 216 7 78408 6 65097 5
98586 459 6274 3 1153 14561 148 196292 8 230 25927 5
145 1233 842 13 3 395088 223753 1601 3 2670 5464 297 3 108 2870 304437 5
79 2916 440 3628 6 183 71 26 6453 148 3 395088 223753 8 13 7 3 49 3 49894 5
17 8 3 49894 304437 594 2211 5464 5
7448 4 14 70 3 2870 745 4 3 49894 223753 5464 42 19618 6 3 1603 708 400 8 42 3628 97 480 5
931 522 2148 3 19629 7 3 49894 304437 72 3 83 4309 121 3 49894 223753 594 9 48 5050 665 10 70 3 2870 745 5
20498 249 5
49894 21365 35 2854 5018 8 1272 12398 33 9863 3 282 4176 522 5
23591 4801 83784 12398 3487 2854 5018 49894 304437 29139 14561 3455 148 196292 8 230 25927 14 183 98586 459 5
29139 14561 3455 148 196292 8 230 25927 14 183 266 8 459 223753 27964 5
17 75658 58540 14 223753 319328 444178 5
11394 773 7 3 49894 223753 7 9161 42 1321 2828 19 3 1519 2854 197 49629 3082 58508 78408 4 4 65097 56012 6 421686 3 2954 11686 54069 3082 58508 91869 4 4 67683 56012 5
17 13491 7 290 79036 29 45 3991 3112 6 960 70 3 537 745 53 21 1595 10 98586 341 4 3 4801 7 91869 16 100 996 3 1731 7545 57 35 78408 33 4 3 296 57 35 67683 33 16 100 1298 3 568 7545 57 35 65097 33 4 8 3 169 35 96133 33 16 10 3 1559 7 3 7545 1801 7 13491 5
1249 3 1363 42 1254 14 3 7 54069 4 192 1603 42 220 97 14 192 73 1665 8 34 7545 10 3 267 1084 4 2305 42 43 220 154 3 49894 2854 5
81 1243 4 3 216 10167 3465 650 18 979 14 70 7 49629 8 54069 5
20498 341 842 3 1153 14561 6453 148 3 196292 8 230 266 14 290 166003 5
17 1153 14561 7702 25 43849 26741 6 28505 26741 5
17 11129 7 576 31 1618 43420 538 9 29742 5
17 7081 220 17020 31 6094 26741 24 6094 26741 24 11544 26741 35 20305 12283 32330 4 2076 4 590 33 5
17 612 1153 3768 16 3628 6 28505 26741 35 19618 6 3 39177 3101 7 7081 220 124608 33 5
8616 4 70 3 4209 24 46 49894 71 26 220 6 3434 576 5
20498 341 5
29139 3768 148 49894 8 230 55906 2442 19 1341 267 4801 5
19241 7 3 142200 4801 7 3 1341 267 35 166003 33 1356 26741 1362 29139 3768 1356 26741 1362 402280 3768 1356 26741 1362 68911 28505 51271 66408 43849 37177 37852 54391 46307 5
319328 7 3 49894 2854 197 7448 4 46 9384 1264 16 543 15 13 142 3576 5464 10 4631 19 3 230 6536 32367 7 9 521 1441 53 192 32367 31 277 23623 7 1851 19 5435 5
8616 4 34710 250 26 2042 24 57 49 48 14414 1254 5
17 49894 6227 10 3 9384 4141 14 142 1128 3 969 7 192 5464 121 32 49894 16 32 223753 4462 4 44 3 3644 7 46 542 16 6 10158 3 8958 7 49629 6 13014 57 1654 5
134 12956 3 2177 13 9 252389 7 49629 86 371 48 5050 522 5
134 2042 28825 83735 119061 6 40220 1582 290 18 220 49 8766 25 49629 53 134 59 2042 67 7410 4 14 3 325 8258 35 33 8 391 3298 35 33 16691 3995 8 4939 21 53 5
238 2921 10 305485 25547 9 341 5547 4 34 70 3 537 2854 2757 3455 19 3298 35 33 805 3 223753 7 3 7 54069 5
3062 2106 1963 162558 3 7 47 2228 3 1444 7 79036 4 8 4659 3 7 49629 5
11791 249 33813 249 349 3 57 881 4 10 678 6 421686 4 9 3033 7 459 383 26 848 10 3 2854 197 4 8 9 3033 7 57 10 8 57 10 5
2778 187 31 442570 83735 10 13719 2778 187 31 8953 133 13 2121 58 459 31 3112 297 49629 5
2778 15009 35 33 3082 72539 5
2778 15009 35 33 3082 4659 115998 72539 5
2778 187 31 8953 133 13 1954 459 6 72539 7 31 3112 8 93 5
2778 187 31 8953 133 13 1954 459 6 35 4659 115998 72539 33 31 3112 7 31 3112 8 93 5
21669 4 5
118 49894 2854 31660 79 84 31660 14 3 2854 4141 18 59 6227 5
3763 4 10 3 74 31660 4 3 781 65 3 391 1153 2842 3768 148 230 8 43420 25927 2016 70 3 266 7 70 3 18 19618 6 35 110052 5
305485 25547 9 341 16054 33 5
8616 4 57 1153 2842 3768 18 170 14 3 1519 2854 197 10 5
81 3 84 1185 7 3 2854 4141 4 3 31660 43420 3 1153 2842 3768 148 230 8 43420 25927 2016 70 3 266 7 290 5
8616 4 10 46 84 1185 4 92 3 60401 18 8033 4 87 42 15009 35 3298 35 8033 33 33 1153 2842 5464 4 8 3 31660 18 3677 285 290 3768 18 19618 6 5
17 522 2209 10 194896 5
240 3 8958 3455 232 6 3 75658 58540 35 24558 33 5
81 192 915 4 3 1583 31 3 433234 3455 538 3082 35 249 4 249 4 249 4 249 4 249 4 249 4 249 4 249 4 249 33 8 4 8 3 1461 1583 3 433234 3455 538 8 5
2196 433234 19618 6 138 3455 19 8 31 217 5
3487 522 3455 299868 3 7 91869 98586 503 5
3487 522 3455 299868 3 7 91869 5
3487 522 3455 299868 3 7 96133 98586 500 5
3487 522 3455 299868 3 7 96133 5
3487 24558 14 3 223753 7 67683 98586 708 5
3487 24558 14 3 223753 7 67683 5
11391 14 98586 503 842 3 8692 5464 3455 8 3 24558 220 19 6 421686 91869 5
17 3768 3455 19 8 16 52 36499 26741 35 3 1426 517 33 5
17 3768 3455 19 8 16 52 28940 26741 35 3 1461 517 33 5
98586 503 842 13 3801 24558 661 5464 19618 6 8 5
134 71 59 1963 13 183 24558 297 192 3801 805 223753 7 91869 19 1731 5464 58 8 5
931 24558 8766 90 7 3 25 49629 5
17 24558 7 3 260 708 31 217 10 20498 459 5
17 282 24558 14 3 223753 7 91869 31 3 1603 13 8766 163524 8 175676 4 8 220 70 3 461 5
1949 23694 16 13 3 169 21365 8766 58565 8 163524 4 8 848 70 3 461 5
145 73 24558 16 59 57 7 3 282 14 96133 8 67683 5
81 446790 4 80 1963 13 340 34 1233 10 46 3669 708 53 23 18 34 1622 6 1849 143 6 13014 70 3 6 4498 3 104 5050 14 91869 5
459 24558 8766 341 4 341 24558 8766 249 4 8 249 24558 8766 459 5
5583 4 97 57 24558 7 46 3669 708 848 163524 5
20498 459 5
24558 7 3 3669 708 14 91869 5
11391 14 98586 500 576 13 3 24558 19 47 3 196292 7 96133 42 48 5050 58 3 196292 538 8 5
17 3768 3455 538 8 18 7156 6 28940 26741 35 3 1426 517 33 8417 3 3768 3455 538 8 18 19618 6 28940 26741 35 3 1461 517 33 5
17 3768 19 1173 24558 42 19618 6 8 4 8 183 24558 297 91 8766 90 7 3 7 49629 5
20498 503 6274 3 708 282 24558 53 503 7 91 8766 341 4 249 24558 8766 249 4 8 249 24558 8766 459 5
17 24558 47 8766 58565 8 163524 1464 59 10 46 20498 4041 5527 708 5
10526 4 163524 16 18774 8766 25 3 24558 7 46 3669 708 5
20498 503 5
24558 7 3 3669 708 14 96133 5
11391 14 252111 98586 708 842 3 698 24558 13 805 1370 8958 58 8 14 3 223753 7 67683 5
17 1153 2842 3768 3455 299868 67683 538 8 18 3628 6 33140 26741 35 3 1426 517 33 8417 28940 26741 538 8 5
364 33498 7 49629 7262 1370 8958 58 8 5
20498 500 842 3 3669 708 282 24558 53 341 24558 8766 341 4 341 24558 8766 249 4 8 249 24558 8766 459 5
4058 5527 341 8 3 24558 13 8766 58565 8 163524 16 22 7577 5527 503 5
273 46 4 163524 18 8766 1429 25 3 24558 7 46 3669 708 5
20498 500 5
24558 7 3 3669 708 14 67683 5
931 522 2148 13 23 18 537 6 71823 3 49894 223753 6512 90 7 3 25 3 2854 197 5
17 2069 3 8958 7 3 1444 7 29302 5
10113 8 14446 7448 4 3 946 7 163524 16 2794 53 163524 18 8766 25 104 7 3 282 2854 2757 14 91869 8 96133 8417 23 18 1272 10 104 7 3 282 2854 2757 14 67683 5
8616 4 80 4400 3 10076 7 3 15 3 223753 8958 7 91869 4 96133 4 8 67683 5
273 290 7 54069 4 80 16277 3 3669 302 282 8 3 3669 302 1207 24558 5
134 153 6074 3 221 7 400 290 7 49629 714 10 3 3669 302 282 8 10 3 3669 302 1207 5
20498 708 842 3 5791 14 91869 5
78408 8 85341 42 460 535 220 10 3 282 2854 2757 5
82162 4058 5527 341 4 103 115210 4 362158 4 175676 4 163524 35 16401 19 65097 33 4 8 1435 58565 5
145 5791 29 6 26 255 10 3 5138 7 3 5791 14 3 1207 2854 2757 5
273 3 172 4 78408 18 59 535 220 4 153 252 82162 4 175676 16401 19 362158 4 103 3 461 10 3 508 678 53 85341 4 163524 8 65097 4 58565 8 115210 5
1249 23 16 34 537 6 421686 91869 276 78408 4 23 16 3175 1966 14 78408 6 26 74 14 192 341 7006 5
134 71 1963 13 85341 8 115210 31 10 206 2371 10 3 3669 302 282 8 10 3 1207 827 10 3 3669 302 1207 5
81 2906 4 175676 16 297 3 1207 4058 7 3 55548 8 3 282 4058 7 3 514341 5
8616 4 175676 866 6 4556 9 9124 10 3 2854 197 5
21669 4 80 71 61477 25 20498 708 13 78408 4 85341 8 115210 31 1272 8417 175676 16 6 26 8766 25 3 2854 197 10 678 6 71823 3 223753 7 91869 5
20498 708 5
7006 14 91869 5
35840 81 3 3669 302 282 24558 81 3 3669 302 1207 24558 249 78408 4 85341 78408 341 82162 82162 459 115210 175676 4 362158 503 362158 85341 500 175676 163524 4 65097 708 163524 4 65097 58565 700 58565 115210 20498 700 6274 3 7006 14 96133 5
362158 16 22 3 260 7 3 282 4 103 65097 4 175676 4 85341 8 115210 5
1301 252 78408 4 82162 4 58565 8 163524 4 8417 85341 16 22 3 260 7 3 1207 103 78408 4 82162 8 175676 5
1301 252 65097 4 115210 8 362158 35 16401 33 4 8 1435 58565 5
8616 4 80 71 1963 3 1432 1951 7 362158 8417 78408 4 82162 8 85341 1194 6 202845 3 8958 7 3 304437 7 96133 5
20498 700 5
7006 14 96133 5
35840 81 3 3669 302 282 24558 81 3 3669 302 1207 24558 249 362158 85341 341 65097 78408 4 82162 4 175676 459 175676 65097 503 115210 4 85341 115210 4 362158 500 78408 4 82162 4 85341 58565 708 163524 163524 238 23 16 535 1272 14 3 223753 7 67683 4 65097 16 22 3 373 7 3 7006 10 20498 704 5
273 3 282 2854 2757 4 46 624 103 78408 4 362158 4 115210 4 175676 16401 19 163524 4 979 24 85341 4 8 1435 82162 8 58565 35 16401 33 5
273 3 3669 302 1207 4 65097 16 979 24 85341 4 82162 4 78408 8 115210 4 58565 4 163524 4 175676 8 362158 5
8616 4 362158 16 1272 8417 85341 8 82162 144 26 8766 10 678 6 71823 3 223753 7 67683 5
20498 704 5
7006 14 67683 5
35840 81 3 3669 302 282 24558 81 3 3669 302 1207 24558 249 65097 65097 341 78408 85341 459 362158 82162 503 115210 78408 4 115210 500 163524 4 175676 58565 708 85341 163524 700 82162 4 58565 175676 4 362158 332 73 4 20498 782 6274 3 391 5791 14 70 3 7 54069 5
85341 18 220 10 104 7 3 282 2854 2757 4 153 252 82162 4 115210 8 362158 4 103 3 461 5
78408 4 163524 8 65097 31 3 73 7 46 5791 5
65097 18 220 10 104 7 3 1207 2854 2757 4 153 163524 16401 19 362158 5
332 73 115210 4 58565 8 85341 1230 5
931 73 7006 3130 6 2148 13 3 231 7 85341 10 3 2854 4141 14264 206 304437 4 44 23 16 3 3634 65 2016 3 7006 7 96133 8 67683 5
10526 4 163524 8 65097 1194 6 4556 9 9124 10 3 614 267 5
145 7952 6 2148 13 23 16 1622 6 6797 3 6300 9962 76 11933 30951 121 3 2854 7 290 7 49629 29 9 177 523 1951 72 3 223753 7 290 7 54069 5
20498 782 5
7006 14 91869 4 96133 4 8 67683 5
35840 81 3 3669 302 282 24558 81 3 3669 302 1207 24558 249 85341 65097 341 82162 4 115210 4 362158 163524 4 362158 459 58565 82162 4 175676 503 175676 78408 4 115210 4 58565 500 78408 4 163524 85341 708 65097
145 542 7928 286 6 3645 9 84 843 7 9384 1264 148 3 57 543 15 954 8 3 2880 57 53 3 80440 67704 5
3763 4 10 129 2673 9962 4 87 31 523 8 35 1484 33 11130 954 35 962 24 523 3559 49894 33 13 71 26 3677 6 49075 9 2104 5
7219 4 90 7 3 1351 745 2042 28248 14 3 223753 7 57 1654 267 4 8417 43 42 3092 1272 10 678 6 4498 32 5050 665 10 83 745 5
32973 191698 35 33 21 3 2104 6 9 565 7 3 1351 267 4 8 3 565 7 3 1341 267 4 32 9384 1396 16 7081 4939 21 9 197 7 341 3893 35 24880 4 129211 33 114 24880 16 9 7488 148 8 4 8 129211 35 4 4 191698 35 33 33 9 4859 13 110458 9 2104 12510 6 5
17 9384 538 3 954 9286 7 3 2104 7 3 1341 267 76 2506 14 9383 544 5
81 129 2673 4 48 58 57 1396 71 26 220 14 19708 9 565 53 2016 35 4 4 191698 35 33 33 4 3 197 7 954 1883 4 9 1396 43094 1883 16 9 197 7 341 3893 5
1563 7372 16 6 5576 3 2177 7 10503 8 2172 84 954 25 3 197 7 954 14644 24 1149 4770 273 46 3644 4 80 7673 3 3802 21 3 3802 7 3109 14 341 954 8 3 3802 21 3 3802 7 15914 5
53 1883 98236 1883 129708 1883 8 53 98236 1883 129708 1883 4 114 16 9 197 7 80440 75658 203077 5
66 16 107 537 6 7673 15009 35 33 17509 60385 2442 6 290 43094 5
21669 4 3 9384 7 9 565 10 3 80440 67704 36 26 5650 137 9 1396 4939 21 9 3109 7 9 197 7 954 14644 24 1149 53 5
79 426 542 36 27 6 10807 10 1370 3856 3 970 7 3 3109 8 15914 4262 5
134 1273 9 542 7 3 1444 7 2119 299868 9 33498 7 3 1519 2854 197 35 49629 33 558 6 286 5
17 522 3455 240 3 871 7 46 5018 121 23 14231 3 89463 7 8958 65 3 223753 4462 16 2198 538 9 33498 7 49629 5
931 108791 17759 15 3 696 2106 4801 5
145 84 31660 35 33 876 3 2854 4141 6 595 285 3 1153 2842 3768 148 3 25927 230 8 196292 7 290 7 3 33498 18 19618 6 9 2118 12398 4 8417 3 1737 1185 7 3 2854 31660 35 33 253 76 5139 3 391 1153 2842 3768 35 2016 70 3 33 5
17 282 33498 7 49629 14 290 7 129 2954 11686 35 54069 33 18 523 25 3 461 53 57 5053 19547 12398 14 3 223753 7 57 7 54069 65 23 18 220 10 3 2854 4141 4 8417 3 216 57 2042 9 9124 14 3 223753 7 184 7 54069 5
7448 4 3 11933 2854 197 47 220 70 3 7 49629 4 276 58565 8 163524 4 1240 6 3489 19547 12398 14 104 7 3 7 54069 5
21669 4 80 383 595 6 542 3 1951 7 290 15 3 6300 9962 74 5
20379 4 9 1654 900 36 26 5446 6 3 3070 7 8 2143 3 75658 58540 35 24558 33 76 9 80440 24558 35 9 60401 7 194355 14 290 7 49629 33 5
17 6013 7 3 5937 7 3 80440 24558 2742 9 48 1812 565 13 86 26 1804 137 3 34989 238487 231 7 88899 187739 21 63801 12283 3462 5
1273 10 63801 4 4 177586 4 8 19959 35 2560 33 49 166361 12283 3462 5
10 166361 4 163843 4 4 4 8 35 359 33 5
249 273 9088 7 4591 10 194896 5
4 3 7067 16 3876 6 3 3377 1185 7 46 1181 5