364 7 3 689 544 10 3 22629 7 3 532 7 23014 953 2046 35 33 1464 65 3 532 284 340 34 2647 21 23 144 106 7 893 15 6885 49 3154 5
659 2703 46 841 2485 4 3 2673 7 49474 5309 16 34 84 4 8 10 644 4 1001 31879 4478 142 20609 3 1457 889 11381 3 1457 4262 10 40 1562 162 5
527 4 3 2505 7 3 31879 5898 383 26 28980 1321 25 3294 6 1457 4262 16277 25 628 1321 7545 10 14431 5
1113 46 1217 149 29 9 254 10 3 532 7 23014 953 2046 4 23 144 3316 6 1800 16001 1443 13 1849 25 3 1821 11455 19 3 8 13 71 3270 427 76 1250 2571 1923 2686 5
81 46 1381 80 1379 32 1217 543 15 32 2204 19 2854 5615 5
81 46 1217 4 3 2204 2106 2505 11841 25 3 11455 19 3 1457 5
81 678 6 240 3 18550 7 129 16741 4 80 27 6227 133 32 57866 1217 14 3 9424 27904 6381 650 10 9 166 2203 17229 424 21 21241 73239 15060 33465 35 33 5
1249 509 4550 16 57 7 3 104 812 1923 544 298 4 532 7 23014 953 2046 35 33 16 9 2409 492 16910 8 13116 1639 14 3 1315 7 27 45 3511 24 570 35 67637 4 4 433089 4 323 4 359 33 5
144 26 3275 95 21 6 12042 3 1457 1219 569 35 49982 33 125 3 60501 1639 31 4154 35 44231 4 4 323 97250 4 359 33 5
19699 4 10 46 5114 4 4309 7 532 543 15 152874 11379 35 36106 4 9327 4 31845 4 4 323 156040 4 744 33 27 45 220 5
7448 4 192 532 1443 10 112 34 535 2647 21 43 144 65 3 1277 7 3 893 10 6885 49 3154 5
81 192 745 4 10 3 532 34313 144 26 5607 10 678 6 321 119 3 650 6 3 1966 164 8 4 3847 4 6 1262 3 6942 1537 684 13 14834 3 1277 7 3 60501 35 36106 12283 32330 4 744 33 5
81 46 5114 4 3 1510 152874 11379 31 488 2812 6 4764 46 12411 983 2305 6 321 119 3 650 1537 19547 912 5
12502 4 23 16 32 22284 23343 6 27 9 48 7112 532 6 13655 3 7 3 152874 11379 5
7525 4 46 604 35 7 532 49 7112 2204 33 16 2638 641 24 1457 4262 5
81 3 161 2124 4 8941 341 4 80 1165 90 49474 5309 4478 13 27 714 72 3 85 6 185 1457 4262 10 40 1866 4 143 192 2105 86 1497 25 538 32 57866 1217 8 143 35126 2854 4538 71 26 3677 6 5507 46 57866 1217 5
81 8941 459 4 80 1379 32 791 19 32 16001 35126 2854 2204 10 9 20260 7 9 23014 953 1457 14 3 7526 532 10 3 9424 27904 6381 650 5
2927 4 10 8941 503 4 80 4301 3 522 3455 1547 6 3 2204 2106 1175 6 8744 6 2571 5771 35 4 2737 4 4703 5 33 5
5583 4 10 8941 500 4 80 36 10861 10 9 3297 152 96 80 27 3439 5
49474 5309 10 3 532 7 49474 5309 35 43826 33 29 45 1940 3677 6 4530 1457 4262 10 3 532 7 23014 953 2046 35 33 5
81 644 4 2509 953 16 9 4279 352 42 344988 27 45 3677 72 3 73 1352 35 63801 4 744 33 5
14689 4 658 4 106 7 50 47800 2129 4 192 1443 31 1618 424 21 29507 9207 4478 35 51695 4 4 4 24880 527834 4 323 130878 4 1515 33 5
1210 6 51695 12283 3462 5
35 1515 33 4 90 7 3 43826 4309 4 477 220 10 3 726 7 29507 9207 4478 10 1923 30951 10 271 85 31 53 1396 543 149815 35 38704 4 105241 4 321647 4 142950 4 323 130878 4 3495 109 25382 4 4 321647 4 105241 4 323 130878 4 3578 33 4 11772 35 12283 32330 4 3578 33 4 267 543 149815 35 323 49093 4 4164 33 49 1506 543 149815 35 9280 323 344675 4 2804 33 5
47893 15 3 352 7 8 297 3 1678 43826 4538 220 10 3 726 7 7112 532 1443 4 31 907 4279 22190 8783 35 18150 12283 32330 4 280 33 8 7732 32542 2642 35 18150 12283 32330 4 590 33 5
273 946 4 22190 8783 29 45 3677 6 20609 9 288326 35 57336 4 3733 4 4 76700 4 323 192007 4 1422 33 49 6 19285 47101 684 10 9 35 57336 4 3733 4 4 76700 4 323 192007 4 911 33 5
7219 4 7732 32542 2642 27 45 3677 4 14 946 4 6 581 333 7736 7 17336 9339 10 1804 228516 35 7744 4 15669 4 323 283486 4 1095 33 49 6 4764 1457 773 35 4 36287 4 329937 4 142950 4 323 130878 4 1515 33 5
13429 7 3 4919 43826 4538 220 6 1088 32 2516 284 4 3 2481 2129 14359 13 3 41645 3395 15066 15 3 1457 137 3 1457 3802 5
81 83 1299 4 344988 31 34 481 6 1333 1752 15 3 129876 4 7138 3 1821 11455 19 3 1457 8 4 72825 4 7138 3 16001 2854 7 3 41645 19 50 209 1566 5
8616 4 3 12430 8 589 7 3 1510 344988 2818 3294 6 1149 10 678 6 10775 3 2505 10 47 192 1443 31 543 5
17 689 13925 7 46 1217 16 13 3 2516 2505 340 34 15071 480 16277 8 1942 76 3 41645 5
520 2105 35 57336 12283 32330 4 1422 33 27 574 6 4417 192 4166 24 1691 3 2516 284 19 3 1175 6 189 35 4114 33 6416 50 2505 1084 4 10 9 3999 6062 152 24 538 32 6062 628 3310 284 4 8 35 25547 33 1518 3 4279 2353 6 3 186269 284 7 3 1457 5
527 4 297 83 512 4 10 46 267 3 2505 1084 299 25 3 10596 4 47 29 50 15954 8 23524 21 80 36 196 268 5
81 517 19 3 3465 7 48 33855 421 270 1443 4 23 29 45 616 1273 3 231 7 22190 32542 2642 6 5507 32 33855 1586 15721 14 32 35 18150 12283 32330 4 280 4 590 33 5
80440 32542 2642 31 5373 1443 13 7801 3 9648 7 22190 8783 8 32542 2642 95 21 6 132 32 1783 231 7 3 1369 7 3 22190 8783 21 166 21 3 7156 2854 1175 8 33855 7453 7 32542 2642 5
81 46 1381 4 80 1379 9 3999 523 1217 14 3 532 7 5
134 31 580 14 9 5533 13 53 35 4114 33 1708 9 1821 11455 19 3 1566 4 35 25547 33 2228 6 1333 10 46 1566 276 3 236 7 32 2007 1506 8 1435 4 35 31883 33 2228 6 8035 6 2571 1923 912 5
66 86 26 2564 13 46 16 133 9 1773 6905 4 23 86 26 3677 59 6 83 30951 35 34 97 138 7 33 5
145 16 1359 5
81 644 4 3 4888 27 45 418 10 83 30951 580 14 825 8808 35 79022 5
323 163802 4 502 109 4 44333 4 163802 4 323 34248 8310 181665 4 280 109 34248 8310 181665 4 4 323 4 911 4 280 33 5
5583 4 80 1384 3 57866 1217 80 8850 14 3 532 7 21 176 7 3 57866 4386 35 10961 33 25 3 67 5982 1273 24 11969 4 182800 4 8 35 359 33 5
134 196 48 1056 52 46 10 3 161 2124 5
17 57866 1217 966 86 140 13 32 7112 284 16 1254 883 6 185 32 2516 10 40 1866 49 6 2323 3 2516 10 90 7 50 7410 5
931 67 34434 7 32 7112 284 31 166 3380 24 67 5982 35 11969 12283 32330 4 359 33 53 35 4114 33 3 1217 8 35 25547 33 3 57866 1217 5
3194 57 7 192 67 77497 22576 50 209 15954 8 23524 53 2778 17 31879 4478 543 15 3 1217 4 27 3 1653 7 110 488 6 3270 22 3 1129 4 480 3 2505 7 3 2516 29 45 28980 35 1618 10 3 916 7 954 33 5
81 83 1299 4 3 9688 468 32 41645 16 34 3 9384 6 50 1566 4 44 6 12730 2516 2505 5
12502 4 10 5131 4 192 344988 112 34 12124 16001 2854 4 742 43 71 27 1087 17112 12586 35 24764 4 3495 109 3917 4 2773 33 12251 6 132 3 2505 48 5050 49 55 6 1294 35 79022 5
57336 12283 32330 4 1422 33 5
1249 43 112 34 1849 1752 25 40 1566 4 3 628 4723 14 46 2854 31 17087 35 3615 663 25 14431 1321 4977 53 19 14510 337002 628 33 8 43 383 26 1321 35 40476 33 9490 24 32 2516 35 10 644 4 46 650 16 1484 226 91566 33 5
81 4774 4 10 46 1217 4 3 162 7 9 2505 5318 16 535 1272 6 4498 3 954 13 1435 36 26 5913 76 3 42101 2869 5
2778 17 43826 4478 543 15 3 57866 1217 5603 40 2505 6724 25 40 1566 5
17 4867 565 35 8 59 3 4867 1653 33 43 27 16 13 40 2505 4909 25 3 11455 19 40 1566 5
12502 4 43 353 276 9 1332 8 4861 2505 7 40 1566 5
145 14359 4 19 70 13300 4 3184 5464 154 3 74 4290 7 3 650 5
81 644 4 3 284 86 299 5603 3 1622 2505 4 121 4 92 23 340 34 1849 1003 385 4 50 29555 36 26 48 5796 5
79 29555 24 4 14 946 4 9 41645 13 277 29 46 2505 5
7448 4 3 9063 7 46 1217 31 59 117 5
134 12680 90 7 91 53 17 284 2106 2854 11841 10 9 1375 152 25 3 11455 19 50 1566 4 47 14359 9 48 5394 2854 58 10 3 267 7 9 41645 5
17 284 2106 2505 11841 1752 25 3 9892 7 8 3 11455 19 50 1566 5
145 14359 13 3 284 86 7367 5771 1321 34 6085 24 3 746 35 3802 4 5318 4 4703 5
33 4 3847 4 110 488 6 3855 9 84 3074 4 2285 48 4213 5
17 284 19601 14448 4 47 4 297 117 83 512 4 14359 9 333 1647 463 6 2025 893 10 50 1566 5
238 9 380 4774 4 3 57866 1217 14359 4202 10075 7 3 284 10 50 1566 5
145 16 34 3 267 7 3 344988 5
4752 90 767 8365 35 34248 8310 181665 323 151561 4 280 4 590 33 4 10 46 1381 80 1379 32 791 19 32 2204 543 15 3 57866 1217 14 3 7112 532 7 9 5
18027 4 80 27 1148 32 2204 446 2854 7453 16 3439 137 1506 481 35126 2854 4538 5
102796 1217 24 770 7 35126 2854 4538 332319 2854 35 80191 33 27964 31 543 15 32 2204 2106 11455 19 50 1566 5
17 1566 16 4939 21 120 6404 1215 13 71 34 26 1406 1752 24 3 2204 35 12567 323 225226 4 2804 33 4 43 71 97 26 1406 137 3 2204 2106 1945 5
81 644 4 46 11455 16 1618 3380 21 10 98586 249 5
903 185455 7 9 35126 2854 2485 98586 249 5
903 185455 7 9 35126 2854 2485 5
17 2795 152 3 1566 16 18213 10 80191 16 24 770 7 49569 29507 119747 35 105796 33 35 12567 323 225226 4 2804 33 5
2569 4 3 105796 1566 16 25710 21 35 4114 33 9 904 7 684 2567 4 35 25547 33 9 904 7 1945 79 35 2106 33 13 71 26 617 72 46 1566 4 392 13 3 16 10 164 2106 4 8 35 31883 33 9 197 7 4195 46025 25 57 164 2106 6 184 164 480 3 2204 29 5913 652 9 72 46 1566 3280 35 4 9 33 10310 35 40378 33 3 230 5157 6 26 3455 25 46 1566 5132 58508 4 9 4 2106 56012 65 2571 25 164 2106 6 164 441 5913 652 9 5
2491 3 2204 29 324 46 1506 7 3 1566 4 23 71 3764 3 19547 534 503100 35 2106 4 9 33 24 307 4309 4 14 3099 7039 5979 35 4 359 33 5
527 4 92 3 1506 7 3 1566 16 34 1252 6 3 2204 4 23 149 71 1849 46 1506 24 770 7 3 95 226 1506 481 80191 4309 35 4 148203 4 323 3651 4 3495 33 5
804 4 19 192 1506 481 80191 4309 4 3 2204 383 12248 19 50 1566 95 21 6 128 4 1092 24 1092 4 3 1506 7 3 1566 21 166 21 3 19547 534 6 1333 1918 23 5
980 4108 4 3 2204 50050 19 50 1566 363 1866 232 6 50 11537 4 2151 7059 8 652 5
332 290 1092 9575 4 3 2204 21786 3 498 164 7 3 1566 40527 8 13220 32 652 6 12730 4 22 5
145 652 3117 9 4195 148 684 8 3 1566 1708 9 84 164 8 9 5157 6 3 2204 5
17 5215 733 7 3 2204 16 6 2401 138 1945 13 3130 6 474 50 462 53 3 1739 5806 7 3 426 5157 2770 357706 5
145 462 4 10 9 11065 1566 4 16 1618 197 21 4 114 6494 11102 11102 249 2610 14 9 843 7 77918 18866 35 35621 4 21 80 36 196 268 33 5
81 83 1299 4 3 568 35 55 6 249 33 4 3 454 3 426 89 1109 76 3 462 52879 5
12502 4 9 1506 481 35126 2854 2204 19601 35 4114 33 3 1506 7 50 1566 8 35 25547 33 143 6 282 10779 15 23 24 14324 794 8 3768 5
659 55741 4 24 770 7 1506 481 332319 12586 4 3 1506 7 3 1566 11841 76 3 2204 21 46 2204 50050 19 50 1566 5
134 71 3475 164 13 46 2204 2106 2505 11841 1752 916 3 9892 7 8 3 11455 19 50 1566 5
62191 23120 28240 650 35 62968 33 16 3 104 4279 8 2262 5533 10 3 7207 953 7 4 110 3 7207 953 3 689 650 7 9 5
17 62968 18 1589 15 23328 22 374 24 8 59843 8 18 95 226 106 23 9286 7 3 797 7 32 13097 2199 7 53879 488 6 23352 3 52527 24 36554 35 7526 33 770 35 140324 984 4 2804 33 5
79 4482 20260 1506 7 32 62968 18 1589 10 67 78946 52579 35 72970 323 84446 33 35 246143 4 1422 33 5
145 4482 4 1940 424 10 3 509 601 352 21 35 21241 73239 15060 9424 249 33 4 16 9 20260 10319 10472 4 10310 3 62968 4 3 1457 17136 8 307 100402 5
3194 100402 53 3953 1582 4 2467 1582 4 2021 1582 109 4286 4 10 3 916 7 523 55296 16022 4 3 523 1582 912 3 509 35 3 33 13 8144 22 3 16 6 11486 5
81 46 5114 4 80 6227 129 7112 2204 21 184 17229 2354 14 3 1457 5
17 20260 1506 8 3 2204 42 6227 10 3 512316 2030 35 4 911 33 5
17 6881 392 6 3 2204 42 53 35 4114 33 422 3 27904 799 8 4 3 282 63 35 2204 33 71 4 690 34 6 9498 3 27904 2123 35 232 6 3 19393 4 23 383 26 798 58 503 19440 33 4 35 25547 33 422 3 536 3568 21 799 21 537 5
81 678 6 7265 10366 192 6881 6 3 2204 4 80 4723 21 9 13377 3 1457 1315 470 5
17 7518 16347 35 49982 33 13 80 220 14 46 5867 22839 3 104 4279 10771 13 8468 52 3 650 773 5
12502 4 121 10 46 542 80 1101 100 15 3 7526 532 14 3 9424 27904 6381 650 35 196 98586 341 33 4 80 231 3 49982 21 3 4859 13 129284 3 149859 536 35 83466 33 569 8 3 60501 6328 35 76566 33 569 1022 24 32 4967 7 27904 10 3 60501 35 44231 12283 32330 4 359 33 5
25421 13 4 10 9 521 35 93 17229 33 1994 4 46 49982 16 449 6 26 34171 24 3 1457 3802 5
33962 1994 53 3 185455 8 3 14471 35 33 13 3466 98586 341 5
33962 1994 53 3 185455 8 3 14471 35 33 13 3466 3 18202 10 3 9424 27904 6381 650 5
62856 7 3 2204 17 2204 1273 14 3 7112 532 7 46 16 5775 21 184 2354 7 3 1457 4 21 23 71 26 381 10 98586 341 5
81 46 4 3 66040 7 3 4429 500 16 3275 4 21 2795 4 24 770 7 9 75312 10768 5
17 9464 14808 7 46 75312 16 988 24 32 3768 3905 47 9286 7 3 1884 148 3 14310 7526 35 18202 33 653 35 7 3 4429 500 33 8 3 18202 5
17 2204 29 67 29132 53 3 1170 7 8 11956 3455 25 67 10363 1942 22 3 4429 500 35 196 35 246143 4 1422 33 8 98586 341 33 5
17 2204 59 29 9 837 3354 53 3 18202 5
17 2204 3395 15 3 1457 24 2571 46 18202 5
81 644 4 3 2204 383 2401 297 3127 49 9190 18202 329 409 13063 5
17 2204 2106 733 16 6 798 3 1315 569 35 49982 33 21 146 21 537 5
81 83 1299 4 6 798 3 536 569 125 1947 3 60501 6328 21 799 21 537 5
81 48 2190 970 4 129 1506 481 35126 2854 2204 2106 733 16 6 798 50 462 35 196 8941 7170 33 4 46 6905 18 197 21 3 156894 7 35 446326 35 249 33 33 5
81 46 14392 4 3 96734 15103 3 89 12634 6 26 1109 10 3 2204 2106 462 4 80 59 226 77918 18866 35 35621 4 196 8941 7170 33 5
81 46 1994 4 80 3476 6 1384 32 35621 7 57 191 5
81 83 1299 4 3 2204 2106 462 1141 76 1250 9 1081 191 7 44676 49982 35 9575 33 5
35 249 33
81 46 2124 80 240 3 3074 7 3 2204 15 3 1457 10 67 11952 5
1532 3088 13 49982 16 4939 21 9 4859 7 3 149859 536 83466 8 3 60501 6328 76566 4 3 4991 25 107 15 24 5
17 74 5662 16 1589 10 9 35 17229 33 264 47 21651 9 1597 3082 5853 5
81 3 169 5662 4 3 264 21651 9 568 1597 3082 3127 5
81 189 1628 4 3 1582 7702 10 3 216 508 152 53 23 8148 35 14027 33 302 202 7 3 89 8 23 6097 35 59 14027 33 183 202 7 3 89 109 3847 4 3 1582 16 3953 1551 202 7 3 89 5
81 98586 459 16 1595 3 1582 168 24 168 72 3 74 64 5
8125 72 3 74 64 98586 459 5
8125 72 3 74 64 5
5489 53 6494 4 3953 1582 109 249 4 2467 1582 109 341 4 2021 1582 5
81 290 264 4 80 6786 3 3074 7 3 2204 111 3 2029 532 1264 53 4599 18202 341 5
134 6786 290 3074 24 770 7 49982 35 446326 35 249 33 33 5
3194 5662 18 336 72 306 85 35 251554 222 33 95 13 80 86 196 3 241 1043 2204 2106 6942 5
527 4 106 7 10019 1809 4 80 240 97 249 61 7 192 306 85 5
7219 4 80 3476 6 240 3 74 64 35 3 74 23931 222 33 106 80 701 6 5306 3 2204 2106 2411 2854 4 742 3 522 42 333 3 902 3 2854 89 35 3 2211 6 3 11794 64 33 5
17 522 31 1595 10 98586 503 5
7518 470 72 3 74 64 98586 503 5
7518 470 72 3 74 64 5
134 240 217195 1016 7 49982 10 678 6 240 3 282 3074 15 260 7 3 29540 5
349 3 203 4 3 264 13 21651 3082 5853 5
349 3 243 4 3 264 13 21651 3082 3127 5
5583 4 10 678 6 196 3 3297 3074 7 3 2204 4 80 240 10 98586 500 3 35 12911 13 4 10 3 1506 4 6154 3 27904 7353 33 8 26048 35 12911 13 4 10 3 1506 4 6154 3 14310 7526 18202 7353 33 72 3 20587 19 3953 1582 4 2467 1582 8 2021 1582 5
14471 10961 3297 14141 98586 500 5
14471 10961 3297 14141 5
349 3 203 4 3 264 13 21651 3082 5853 5
349 3 243 4 3 264 13 21651 3082 3127 5
1532 1843 4 3953 1582 5
3668 1843 4 2467 1582 5
6449 1843 4 2021 1582 5
25421 143 3 2204 3804 6 197 3 18202 21 799 21 537 5
527 4 10 3 264 19 9 568 1597 3 2204 71 34 422 3 18202 95 799 95 477 5
25421 13 3 568 16 3 151922 37761 35 26048 33 35 106 9 568 18202 33 4 3 568 36 26 3 149859 1810 8353 5
81 46 1381 80 27 2209 32 57866 1217 10 32 533 521 565 53 3 22629 7 23014 953 2046 35 33 5
1949 4 80 677 23 4830 3 1217 5
349 3 57 881 4 31879 4478 543 15 3 1217 4 27 3 1653 7 110 488 6 3270 1071 305 4 480 3 2505 7 3 2516 29 45 28980 35 1618 10 3 916 7 954 33 5
81 83 1299 4 3 9688 468 9 41645 16 34 3 9384 6 50 1566 4 44 3 5577 7 2516 2505 5
349 3 83 881 4 43826 1443 543 15 3 57866 1217 5603 40 2505 6724 25 40 1566 5
12502 4 43 353 276 9 1332 8 4861 2505 7 40 1566 5
49474 1442 4538 4723 10 1618 1667 3 1217 5
81 46 1381 80 27 1595 32 5867 19 32 2204 508 32 57866 1217 24 770 7 1506 481 35126 2854 4538 5
145 1217 18 3677 6 3 9424 27904 6381 650 10 3 5
1949 4 80 677 23 19 3 2029 532 1264 4 47 18 22308 5
25421 13 46 2029 532 1264 16 3 57 104 7081 6227 10 521 5
81 1243 4 23 383 26 5054 13 129 733 322 18 34 6 23997 3 656 9345 12359 532 1264 14 46 650 35 133 21 258992 8 27904 75312 532 4 258992 75312 8 27904 265845 64943 532 35 36106 12283 32330 4 744 33 4 49 141 15060 151262 4866 35 14483 33 35 67637 12283 32330 4 359 33 33 5
349 3 8101 4 80 701 6 14076 143 46 57866 1217 1131 10 523 11952 5
134 661 13 3 532 1264 2828 24 129 2204 2061 10 9 523 152 14 290 5662 35 264 33 276 441 6 2408 15 9 1457 3802 49 5318 154 3 650 5
81 644 4 10 46 1217 87 16 93 9 107447 1506 5
1858 4 3 1506 11841 25 3 11455 19 50 1566 5
26666 4 10 3 542 1595 10 46 1381 4 80 1406 802 15 3 2204 65 80 17229 23 10 290 523 264 5
527 4 23 1589 9 84 3074 24 1010 10 678 6 8744 6 290 5662 5
145 1217 866 141 181698 65 80 1101 15 396 23014 953 1443 35 34248 8310 181665 323 151561 4 590 33 5
25421 13 80 3537 100 480 10 9 837 2204 5
23350 4 46 2204 36 8744 6 290 2737 35 33 24 1010 5
7219 4 24 770 7 46 1217 4 3 2204 36 59 20609 8 13655 3 1457 35 79022 5
33 10 267 7 1923 893 5
8616 4 80 128 14 481 32 16001 2204 13 3804 6 25450 3 6589 7 3 1457 889 276 746 4653 5
249 25421 13 3 568 16 197 46 18202 4 3 568 36 26 3 149859 1810 8353