273 48 58 302 85 4 1296 27 1254 2520 10 678 6 4301 23763 1442 8 2780 3 3979 4538 6 1812 544 5
527 4 87 16 149 9 3014 148 192 2520 8 498 70233 41154 5
17 733 7 46 1381 16 6 8850 9 26656 8 90679 1217 14 3 3685 7 1443 543 1918 23763 1442 5
17 12453 31 4 15 3 57 881 4 6 4552 3 2376 4 1746 8 7254 7 133 1443 109 8 4 15 3 83 881 4 6 4352 12262 8 10158 2763 7 3979 1443 5
17 4860 7 3 1217 31 543 4 15 3 57 881 4 15 5702 2434 1715 13 1657 1446 6 26 15251 24 3 284 7 518 8 4 15 3 83 4 881 15 32 192855 17241 7 3 565 9962 5
145 192855 17241 3 6347 57 1741 6 32281 8 3847 2228 23 3003 5
17 1601 255822 16 12630 137 3 17592 1715 124 6 19019 2520 5
273 48 58 302 85 4 1296 27 1254 2520 10 678 6 4301 23763 1442 8 2780 3 3979 4538 6 1812 544 5
527 4 87 16 149 9 3014 148 192 2520 8 498 70233 41154 133 21 35 4 4 125293 4 148240 4 323 4 590 33 4 35 4 149902 4 470874 4 4 323 4 911 33 49 219232 35 4 13187 4 323 85014 4 1095 33 5
17 733 7 46 1381 16 6 8850 9 26656 8 90679 1217 14 3 3685 7 1443 543 1918 23763 1442 5
17 12453 31 4 15 3 57 881 4 6 4552 3 2376 4 1746 8 7254 7 133 1443 109 8 4 15 3 83 881 4 6 4352 12262 8 10158 2763 7 3979 1443 5
520 1131 27 1550 6 46 492 35 332 215603 12283 32330 4 1515 109 4 230641 4 323 4 2391 109 540200 4 58815 4 4 323 27609 4 744 4 9148 28509 33 5
81 12283 3462 5
35 1095 33 3 4888 1088 9 4926 7 5897 7 198770 14141 5
527 4 141 92 23 16 32 50068 8 2794 1186 6 7673 9 6684 14 3685 1443 543 1918 23763 1442 9 515 7 162 29 149 6 26 617 10 678 6 7673 26656 8 90679 6599 8357 15 23763 1442 5
17 2234 7 332 215603 12283 3462 5
35 1515 33 12966 614 954 10 678 6 5318 31439 1443 8 9 3142 6684 14 2376 8 25017 5
931 954 31 34 1547 6 498 41154 49 726 7176 5
81 540200 12283 3462 5
35 744 4 9148 28509 33 3 4888 1746 9 1332 17592 543 1918 3 3695 7 65179 41748 2204 4478 5
145 17592 2228 3 2376 8 1746 7 31439 1443 44 4602 9 13569 2634 6127 47 2254 9 632 37863 14 90 745 5
437884 6599 31 1618 3581 24 11457 35 4 2773 33 49 9855 35 10518 4 4 4 323 138068 4 911 109 8441 4 6104 33 5
931 1443 1618 7902 2000 133 21 342446 4 2627 24024 4 53562 8 61338 5
364 7 3 689 544 19 46 843 7 6599 16 3 396 221 7 41154 8 4005 47 185 3 3685 7 133 1443 5
3763 4 6 26 1816 3322 4 41154 383 26 488 6 59592 3 4919 4860 7 192 1443 19 61535 10 9 26656 152 5
520 8365 42 617 10 3 9962 7 31439 70233 6358 241320 35 125293 4 4 4 323 100745 4 744 33 44 43 1618 1292 9 14324 270 5
273 3099 4 10 8 292467 35 911 33 3 4888 371 614 4860 10 32 9147 152 5
527 4 23 16 9 521 565 8 680 3 518 3468 24 192 64152 3 851 13 17186 305 24128 532 16 385 6 852 3 11030 7 2794 2763 29 299 45 2436 35 63837 4 207971 4 323 4887 4 502 33 5
81 678 6 5318 133 843 7 70233 80 8850 6 231 9 2164 1217 543 4 15 3 57 881 4 15 5702 2434 1715 13 1657 1446 6 26 15251 24 3 284 7 518 8 4 15 3 83 4 881 15 32 192855 17241 7 3 565 9962 5
17 5131 16 6 1657 32 255822 47 3 6347 57 1741 6 32281 8 3847 2228 23 3003 5
3763 4 31439 6599 35 4 2773 33 31 543 15 3 43673 7 1806 14141 4 13 27 1601 10 1087 9345 912 3 13228 2627 2763 5
145 404 18 277 6453 10 8 292467 35 911 33 53 437884 16 9 4089 4 34 32 14115 5
66 16 9 6661 11142 6347 13 80 1741 6 32281 10 12578 1443 5
9508 4860 14 1783 7732 31439 1443 383 26 1589 25 32 3003 7 524 31439 1131 10 1375 1443 5
17 1601 255822 16 153 12630 124 6 19019 2520 5
17 1956 71 153 2401 25 9 4926 7 19019 2520 3 1603 13 36 8922 3 1446 1200 25 3 3212 2376 5
145 2164 1217 16 2442 19 3142 69617 4538 10 678 6 4352 10158 2763 7 19019 2520 8 29205 7 1446 5
66 866 9 1864 5131 21 3 255822 16 32 3003 7 3 18213 284 8 95 5181 22 248 6009 143 23 1131 5
17 27319 9010 3 3526 844 6 16252 8 40 537 1945 31 176 7 46 255822 5
81 678 6 4556 9 14324 1534 4 90 4005 31 1252 10 678 6 2705 2508 8 4125 25 46 255822 5
145 1534 16 5775 10 32 1806 17592 4 13563 5
17 5607 17592 16 153 488 6 59592 133 1443 10 4125 4 16764 8 2508 47 31 3 629 13538 7 3 2376 4141 8 47 31 1658 4 10 3 1494 17592 4 24 770 7 231 745 5
145 843 7 1217 16 13258 24 3 4888 7 8 292467 35 911 33 37 164 80 6745 6 26 488 6 185525 3 4919 12251 7 31439 1443 14 231 10 12643 1443 5
17 1381 16 4393 21 3177 53 8941 341 6274 3 3519 1547 6 3 17592 8 3 2190 6358 13 14103 3 2209 1217 5
8941 459 6274 3 192855 7379 1217 5
8941 503 16 3569 6 1547 1131 8 8941 500 10761 5
16 9 34876 3212 6 3323 1586 3685 650 543 15 9 47 15103 3 689 13538 14 3 1273 127746 8 127746 2376 4 1746 8 726 5
66 29152 1746 2520 8 35555 25 189 5811 8 2204 25243 1586 3685 35 8 33 8 16 1553 3581 24 3 35 4 744 33 8 131772 35 125293 4 415674 4 4 323 4 274 33 6599 5
17 1341 6269 7 71 26 170 10 1812 1443 8 907 52301 1812 1443 5
17 689 38730 7 16 1537 3 726 7 8923 7 35 21 166 21 34 33 1443 5
17 2377 31495 3 1746 650 71 26 962 21 3177 53 249 5
17 1746 650 12067 1900 19 3 1746 7 526 4 7039 8 1812 1443 5
17 6192 7 32 19019 1217 5
108506 6 26 5054 31 6234 6 2508 5
622 1698 16 4939 24 9 2137 7 4125 13 159 176 10 14324 44489 5897 7 16764 19 83 4125 10 9 1029 5114 5
79 604 16 4939 21 32 230 3074 35 9 197 7 604 8090 1433 24 9 342 33 8 9 197 7 613 8 5609 10 3 1698 5114 5
17 733 7 290 37249 16 6 4569 6 3 29205 7 35 9 176 7 33 3 3212 7 3 1698 496 47 23 16 4939 5
79 604 71 26 883 21 9 9524 37249 49 46953 37249 5
79 9524 37249 16 9 604 2852 976 3 1254 284 8 27319 19 883 9524 49 46953 91916 5
79 46953 37249 16 9 604 2852 22 3 11763 148 3 284 8 50 525 8 23 16 1479 14 16764 3676 22 46 1090 35 79022 5
97349 4 37354 4 4703 5 33 5
37612 1547 192855 2505 16 220 21 9 4462 14 14426 3 1277 7 1746 5
145 29 45 277 3322 10 90 767 41154 35 39850 4 4 6355 4 323 54761 4 2804 33 44 23 16 8127 10 104 1828 6599 5
134 219 13 10 2957 19 7112 2210 23 16 982 533 6 12067 2710 32 192855 1506 7 3 565 8 2104 30951 109 46 2228 32 1369 2673 7 307 43826 4538 21 166 21 3 6192 7 51423 543 3063 297 2210 5
1796 689 926 7 61535 4 226 2520 232 6 3 529973 3685 23874 4 31 1109 5
55467 7 3 565 9962 31 220 6 1506 284 3212 10 970 7 2508 8 27319 4125 109 13538 7 3 635 9962 31 3 665 7 9 197 7 48369 25 3 767 9962 8 31 220 6 20053 32 2204 25243 2104 109 13538 7 3 2104 9962 31 369 3 665 7 90 48369 8 31 5446 6 1746 9 2912 2190 2104 22 3 3323 653 5
17 523 1715 7 3 5898 77469 4141 7 31 3380 24 3 45546 7 98586 42959 1586 650 16 2434 24 3212 5
8616 3 74 1534 4 37612 134795 62856 4 7 3 74 4141 7 4 5898 77469 4 1900 12329 8 14510 12329 3212 5
75153 3212 4301 3 7410 3 1586 29 6 7902 35 10725 10986 13231 7 25149 4 911 33 49 3 3074 7 3 284 10 970 7 16764 6085 24 3 4650 5
51925 12329 3212 31 1484 424 21 12453 49 1277 3212 35 10725 10986 13231 7 25149 4 911 33 5
17 391 6905 7 3 37612 77469 62856 35 151466 33 1534 16 3723 738 8 1879 7 2673 14119 8 1691 9 1332 6652 7 3 3074 7 3 2673 6 26 1589 5
81 3 1273 1217 4 192 3212 144 26 962 24 538 3 2190 2030 7 3 2673 9962 8 32 4650 5138 5
145 16 1618 617 24 10309 231 267 50185 14 3 6652 7 12329 3212 109 10310 4 4759 2942 86876 31 3677 6 231 745 12226 14 6293 193221 3212 5
5898 77469 4141 98586 42959 5898 77469 4141 5
17 391 6905 7 3 23179 255822 62856 35 148833 33 16 6 581 32 20071 7 3 565 9962 5
142926 6661 5124 3212 10 40 209 970 8 19 19232 2505 7 40 209 1131 35 111195 4 911 33 5
12502 3 3316 7 46 1534 16 10874 3 3003 7 3 565 24 59727 3 2795 3212 6652 10 970 7 231 745 19 9 6652 7 3 13538 13 31710 3 565 9962 5
66 5181 13538 220 10 3 2190 2030 7 3 2673 9962 8 1481 5
11391 7 46 1534 71 9549 15616 13613 10 2527 745 5
17 1746 7 3 9962 255822 8887 177 415 10 129 650 8 46 29 9 1821 8867 10 3 1698 8 2168 7379 1715 5
23179 255822 16 18213 24 538 9 1427 45546 114 13538 4 317727 8 1945 31 1658 24 2190 16014 5
17 255822 16 3581 25 3 1581 35 4 1278 33 5
17 689 397 16 13 1945 31 10236 13538 2442 6 3 4102 13 1333 8 3 4102 13 16 15261 5
145 2190 2125 7 255822 16 962 10 3 161 100561 5
17 151466 8 148833 1715 42937 4220 41515 5
81 46 1534 3 6905 16 6 23335 6 290 231 267 32 1698 10 886 7 50 29205 5
2491 3 2508 27 45 1658 3 161 1534 4 82124 8 37249 41515 9286 10 14348 2508 10 970 7 27319 4125 5
91916 231 40 27411 14 5922 6 19019 1446 29205 109 9 2168 16 9 34520 7 9 8586 7 9 176 7 3 1254 284 49 50 1566 5
145 8586 5415 3979 2763 92 3 284 44931 9 197 7 12453 103 3 8586 5
66 142 26 1109 21 9 34520 7 3 43631 8 1270 912 7 9 733 5149 5
145 4102 16 9 272 653 34088 13 2436 6 26 177 4116 14 17241 9 4410 7 3 284 5615 276 363 120 9513 52 40 61361 21 23 144 26 22 3 2007 2376 967 5
79 2168 5181 96 9 3074 16 488 6 112 49 96 9 3074 142 1871 6 26 4939 5
238 9 8867 4 87 31 67 689 1225 7 538 46 4102 53 2778 66 71 10807 3 665 7 90 604 16764 4 8 24658 3 522 13 32 1698 21 9 1081 142 2769 19 50 3074 5
81 46 1065 4 23 16 537 6 140 13 32 1698 142 7902 9 2168 5
2778 214067 142 59 26 220 6 59592 1812 604 14141 24 182130 8 308714 9 176 7 40 8090 76 27411 35 14 3099 24 82630 192 8090 6 83 4125 33 5
81 46 267 3 2168 142 26 1109 21 9 14408 589 2146 13 2238 195512 8 419690 5
98586 341 842 32 946 7 1698 3683 25 3 6682 26184 71404 10319 35 1072 4 4973 33 5
145 1698 16 31703 24 3 22887 1560 66577 4220 5
5839 46 1698 87 31 67 4125 13075 24 3597 66577 37249 5
931 67 4125 31 6239 8 93394 5
17 3320 1427 148 4125 16323 32 11455 5
2569 23 16 3 7940 14 36812 7412 6 10428 9 2485 13 2179 3 22887 10319 5
622 946 7 1252 2168 16 848 10 3 45546 5
145 2168 4 13563 4 2464 3 644 13 3 22887 1698 16 488 6 3009 3 5613 7 9 2485 5
3 2818 176 7 46 2168 1038 3 644 87 4447 133 9 2485 8 13 87 16 3587 5
17 14264 176 7 3 2168 684 13 3 2485 36 26 47880 6 3 13612 19 3 282 1160 5
946 7 1698 98586 53652 946 7 1698 5
273 9 1332 1069 7 3 7067 71 196 12283 3462 5
35 590 33 5
255822 6300 79 6300 7 255822 16 392 24 3 2234 7 43168 35 4164 33 53 10 3 5114 7 2505 3975 4 32 255822 770 9 34520 7 9 179740 5
214 16 4 32 255822 16 9 6652 35 105 9 3142 34520 7 9 447 33 7 3 13538 8 3898 13 71 4447 14 32 2204 49 9 668 7 2210 5
187 31 307 1225 14 6293 32 255822 133 21 53 51423 2642 4 4102 276594 8 8783 14 946 5
79 3684 220 255822 16 301928 13258 24 3 135173 35 135173 301928 8979 923 4 280 33 5
66 16 32 228078 2030 543 15 1427 8 2763 5
273 10019 1809 4 3 6200 7 36 26 2209 21 100637 1427 50185 10 46 1381 5
17 255822 80 231 14 46 1381 16 3581 24 3 57363 2038 20297 35 4 1278 33 8 3 57 220 10 35 744 33 5
622 100637 1427 45546 16 220 6 3001 3 255822 4 21 23 16 3 267 10 83 1131 133 21 8 318319 35 1515 33 8 8 43571 35 2391 33 5
81 678 6 12681 3 523 255822 5835 4 3 3597 3364 91 31 66577 24 40 3936 610 5
931 5835 31 53 4102 4 161523 8 652 5
79 4102 5181 9 197 7 2113 49 9584 7 3 9962 7 518 5
79 161523 16 32 11025 15 2763 52 13538 5
622 652 16 449 13 16 2828 10 3 9962 7 518 5
931 3597 27 3898 148 91 5
3763 4 9 161523 16 1547 6 3 1477 4102 8 32 652 16 1547 6 32 2231 35 3 4102 13 3395 33 8 9 6051 35 3 4102 13 16 4457 15 33 5
659 192 1806 5835 3 2168 4 21 962 10 767 100561 4 16 304 5
79 2168 16 962 24 9 197 7 2763 1272 35 94697 33 4 9 197 7 2763 11085 35 1270 912 33 8 67 2757 13 31 3 29132 8 55906 7 3 2168 5
622 946 7 133 255822 16 392 10 98586 459 5
81 46 946 4 87 31 67 13538 53 85027 8 52793 8 57 652 53 30735 5
17 5131 7 3 652 16 13 9 85027 5243 6 9 52793 5
17 161523 23809 289 49 34 9 85027 29 90 729 6 1005 5
8992 4 3 2168 7 9 52793 684 13 9 52793 383 26 488 6 331 5
59268 7 255822 45546 98586 459 5
59268 7 255822 45546 5
280906 8 5479 70233 5
76360 280906 4 19 1401 49 3601 10363 4 16 9 177 841 44 1272 2485 6 532 1401 13344 10 32 9139 7039 8 5344 1566 5
145 2485 71 26 4939 21 1913 3 827 7 32 5811 4 1401 49 34 4 10 9 166 424 181538 284 5
17 90997 565 142 5357 67 4309 53 90997 19 15 762 10363 35 59 226 7117 90997 33 8 90997 19 6404 10363 5
17 27964 220 2239 4095 25 3905 49 1973 5447 4 49 25 3 160269 4309 543 15 49569 28043 35 555800 323 4 1515 33 5
458 4 3 2029 90997 27964 31 2422 6325 15 3 2129 7 3 220 10363 8 293 2239 97 19 57 837 1341 5
17 1806 41748 2204 543 90997 8 5479 2438 31 2239 543 15 10676 11797 2210 8 31 2402 2195 6 2190 2485 35 4 36373 4 89380 4 323 4 1515 33 5
81 46 152 4 5479 16 1109 6 26 9 2137 7 189749 8 137723 16615 5
238 9 770 7 90997 4 3 5479 27964 4095 25 3 3905 5447 5
2018 3 104 1724 61 80 71 397 61 3 83924 13720 4 3 16171 3154 27964 8 3 18982 20973 35 2284 4 180392 4 4 323 174195 4 1278 33 5
17 689 5093 10 12430 133 1443 14 90997 8 5479 16 6 159 76 1250 3 10777 7 3 220 10363 125 9863 2763 133 21 53562 8 9384 6 3 13422 10 3 2329 223016 5
17173 192 1272 2763 4 538 9 35713 41748 2204 284 6 4855 46 565 866 6 26 9888 5
17 1217 2209 10 46 1381 16 543 15 3 644 13 3 1566 71 59 26 1109 21 32 2374 5606 10 70233 565 12538 6589 5
3763 4 23 29 45 12680 10 6854 496739 4 4 8 10231 35 744 33 4 35 2773 33 13 23 71 2053 32 533 604 10 70233 907 65 2210 27 1574 10612 5
238 3509 10 496739 4 4 8 10231 35 502 33 4 10 3 2209 1217 4 3 1566 71 26 1109 21 3 11924 148 3 521 131 114 3 565 37169 35 79022 5
114 3 2329 1230 4 398 8 8491 10 129 267 33 8 3 3101 650 4 9935 7 2210 8 40 16764 4 47 110458 3 2104 35 79022 5
90997 8 5479 7 2329 33 5
145 5131 29 277 45 220 10034 10 1341 5479 8 90997 35 555800 4 420495 4 323 4 502 33 44 59 10 7488 19 7112 1401 1366 10612 133 21 10202 20786 35 555800 4 4 415674 4 323 4 2076 33 8 1261 2765 35 555800 4 4 415674 4 323 4 590 33 5
44359 238 1321 3509 4 90997 8 5479 31 543 15 3 231 7 10363 13 31 1724 61 10 3 1341 6942 352 5
17 3320 27964 16 153 226 91771 8576 35 214573 33 5
17 1566 16 13075 538 32 14833 7132 13 2464 32 34088 7 3 59233 692 7 3 521 131 232 6 3 10363 1079 5
16041 7 3 565 5524 15 14130 7 3 2329 4 47 71 35 4114 33 1230 4 79022 5
43 3773 10 3 9892 857 7 3 10363 4 35 25547 33 398 4 79022 5
43 198 25 57 59233 397 7 3 521 131 6 184 59233 397 4 35 31883 33 8491 4 79022 5
43 198 61 7 3 9892 857 5
931 14130 27 45 6422 14 538 67 689 4695 5
1532 4 21826 7 3 24274 317 1900 19 3 2109 7 3 2329 5
145 21826 2697 6 3 1444 7 9 3331 35 13563 4 9 325 13300 3201 33 13 2464 9 537 827 14 9 1341 5
145 1444 71 26 1109 21 9 93841 7 3 1566 13 29 6 26 6085 24 3 2210 5
3668 4 87 16 157430 7 3 3331 10 678 6 293 19 1341 6226 5
9011 4 192 67 4695 159 76 1250 3 2329 5690 5
17 12988 7 3 2210 27 153 6 26 4939 5
17 2210 18386 3 10422 137 3 1566 24 770 7 32 7830 674 35 27394 6 1250 14 3 120679 7 3 2210 33 5
145 674 16 17458 24 3 2109 7 9 3331 8 5473 15 50 1646 5
238 14 3 11455 12251 4 43 27 6 26 4939 427 76 1250 1570 8 5961 266 7 1069 5
7219 4 3013 12251 31 1272 5
79 120089 7787 29 45 4939 148 2210 10 678 6 1724 91 10 3 317 287 692 7 3 1566 5
145 7787 16 45174 65 3 2210 31 15 9 3331 5
187 4 3 2210 7916 24 61212 3 157430 7 3 3331 4 10 678 6 2123 3 1646 7 3 3979 182 5
5583 4 3 57866 1698 16 12072 24 189 9 3723 7 3 2210 15 3 10422 4 47 2697 6 182 1444 4 8 32 62736 3201 7 91 10 3 317 287 692 5
3194 182 71 3847 26 1109 21 9 35364 1341 5
17 3354 7 3 284 16 3449 65 30445 16 2203 148 15141 8 12538 14130 5
98586 503 61685 3 6358 7 129 39844 1506 5
22348 7 3 9855 543 35713 1506 14 3 90997 8 3 98586 503 5
22348 7 3 9855 543 35713 1506 14 3 90997 8 3 5479 35 203 33 8 8593 7 3 12538 650 21 9 13720 35 243 33 5
17 1217 1273 10 46 1381 10 678 6 12262 31439 284 76561 3 650 21 4939 24 98586 249 5
17 37612 134795 62856 16 93 902 3 97 74 1534 5
81 644 4 87 31 67 537 1225 6 1224 3 2376 650 21 962 10 98586 500 5
17 74 537 152 9286 10 1204 25 24024 6 26 50578 8 166901 91 19 3 23179 255822 5
1655 3 255822 4 3 4831 1715 2705 2508 4 4125 8 16764 8 153 24107 4125 19 4097 14141 5
17 665 7 46 2785 16 3 797 7 32 19019 45546 9935 7 27319 4125 19 3297 14141 13 7902 424 1308 2763 5
17 169 152 9286 10 1204 25 3 9962 5702 6652 15826 2942 9573 11952 8 3294 22 881 10 678 6 1657 9 733 45546 14 3 284 6 26 5
17 151466 1534 142 26 1144 1812 8 4589 9 515 7 8090 103 3747 9 733 45546 21 962 10 4 4 8 35 359 33 5
527 4 23 16 34 10 3 6269 7 46 1381 6 4301 192 8090 5
98956 9149 7 1715 14 31439 284 2376 98586 500 5
98956 9149 7 1715 14 31439 284 2376 5
931 67 11023 22263 10 3 1446 10808 1534 47 6581 6 5004 6 1658 1446 6 1698 3497 35 663 25 3 192855 2376 33 13 31 488 6 11922 91 5
23179 255822 62856 17 1217 1273 10 46 1381 9286 10 538 3 665 7 3 23179 255822 62856 6 2705 2508 8 4125 25 2190 24024 80 1741 6 32281 5
238 9 8867 3 650 16 5607 6 159 76 1250 46 90679 397 7 1069 5
148833 71 26 617 103 10 678 6 2705 2508 8 4125 25 3 6347 13 16 6 26 50578 5
81 678 6 112 95 4 3 148833 383 4301 3 13538 7 3 6347 7 518 8 3 1945 13 159 254 5
7219 4 92 3 230 522 7 32 652 31 424 3 652 29 6 26 962 24 9 2168 8 92 87 4447 90 424 2763 52 13538 49 1945 153 23 383 26 962 24 317727 5
145 1217 2697 6 3 6300 7 67 3893 28796 10 3 13566 650 5
349 3 57 881 4 4716 5609 14 3 1026 2508 31 4209 24 290 2168 5
3763 4 9 2168 16 9 843 7 34088 7 3 3074 7 32 1698 13 738 6 26 14580 24 3 604 14141 5
17 955 6 26 14580 71 26 27394 21 3177 53 19 4 3995 4 2818 35 387247 14264 33 3 89447 35 387247 1270 1215 33 7 3 2168 5
349 3 83 881 4 290 424 955 1867 21 9 161523 71 26 220 21 9 6 185 3 13566 650 5
4220 8 604 7379 17 4005 1273 10 678 6 2705 2508 8 4125 25 3 23179 255822 31 3 508 5
24306 31 11580 2367 9935 7 27319 4125 5
3194 7197 7 3 23179 37612 255822 36 35471 6 32 11455 148 67 4125 5
3763 4 2466 13538 7902 14141 65 2466 8 13538 13 31 4457 1918 31 883 4125 49 1172 7 3 1566 5
66 16 153 4203 6 5004 35 22 248 33 9 49 9 6 192 13538 5
273 290 7197 67 91916 8 57 11455 31 153 1658 5
81 9 74 60029 4 80 71 7673 32 1698 14 290 7 192 604 3833 5
145 650 1929 2332 6 117 2508 4 57 14 290 7197 5
79 604 142 26 42270 10 307 7 192 2508 92 23 1141 176 10 307 1945 5
17 161 1092 16 107 6 11948 3 1146 2508 10 678 6 7673 16615 2508 5
17 1273 32908 2048 6 1970 92 70 42270 4125 31 399 523 5
208 42270 4125 7902 3 216 3074 49 92 40 14141 112 34 132 1065 65 1109 8118 153 40 121048 2508 383 26 11831 5
17 508 27964 54751 3 16812 4005 5
17 2007 7379 7 2508 16 617 24 3 2007 4220 8 604 7379 31660 5
435 46 1092 290 604 16 4939 24 9 10 3 37249 6927 22917 5
2491 3 37249 8559 31 4939 57 71 24107 3 2508 1200 25 3 2007 4220 8 604 7379 31660 538 3 4220 8 604 35880 31660 5
145 650 16 3629 285 9 3449 197 7 2508 16 4939 5
238487 249 14983 1698 8 604 7379 17 960 22541 92 3 67 4125 10 96734 71 26 962 8118 49 34 5
208 3 6652 7 57 7 3 4125 738 317 663 25 3 83 153 3 4125 31 34 4547 8 383 26 962 24 9 837 11831 604 5
238487 341 4220 8 604 35880 17 960 71 26 5054 538 3 523 604 358 3979 25 3 37249 6927 22917 5
3194 37249 6927 16 962 19 9 5
208 3 71 34 26 1816 4939 106 7 3 3612 7 245867 1379 10 184 13746 153 3 4125 31 13033 8 144 26 11831 5
1471 267 16 65 9 161523 684 9 955 72 67 49 48 1945 1888 6 4125 5
2758 9 161523 4 10 678 6 26 4547 4 738 6 26 5966 10 9 837 1698 5
17 4859 1141 21 9796 67 2508 4 234134 8 11956 4 8 5708 21 3354 32 1698 47 16 9935 24 3 1456 7 3 67 2508 234134 8 11956 4125 8 16764 5
145 4859 31660 16 392 24 238487 459 5
238487 459 31660 84181 53 234134 8 11956 67 2508 37442 53 390496 3979 7 3 11948 7 234134 8 11956 249 109 341 109 459 109 622 946 7 11948 7 67 2508 16 392 10 98586 708 5
59268 7 2508 11948 98586 708 5
59268 7 2508 11948 5
75270 364 7 3 537 6599 14 3212 16 543 1918 1446 2376 196 35 12283 32330 4 911 109 317552 4 4 323 297534 4 359 33 14 946 5
17 614 4860 7 192 6599 16 6 2705 3 391 1446 7 3 284 8 153 6 59592 192 1446 10 11933 653 1446 13 4569 6 3 20319 7 3 83081 1446 285 3145 9 12404 653 7 47246 5
208 133 32 1217 51 26 3112 496 3 665 51 26 9 52301 4 229668 4 47246 7 1446 5
17 13566 650 1273 10 46 1381 16 9935 7 67 1959 5
1532 4 290 1698 16 2442 6 9 197 7 2436 27411 5
66 770 13 3 1658 4125 8 16764 7 3 1698 10158 3 955 4939 24 3 2168 5
145 13566 8635 15 3 6652 7 4125 8 16764 5
931 15421 31 6740 76 4195 1443 8 220 21 9796 14 2190 1586 3648 133 21 182829 35 1376 64539 12283 32330 4 911 33 5
17 5131 7 3 13566 538 182829 16 6 2148 13 3 284 9935 7 27319 4125 44931 3 27411 4939 955 5
17 169 1092 9286 10 30435 13 14 290 733 87 16 9 2168 35 49 9 197 7 27411 33 13 10158 23 5
145 843 7 4716 2254 177 1812 5
3763 4 65 1446 71 34 26 1547 24 166 4939 57078 4 133 21 11580 8 49 11580 49 14 946 4 6 27411 4 153 87 16 3 236 14 9 18423 6684 133 21 3 57 2209 10 470874 4 4 8 231493 35 744 33 5
49931 133 9 6684 51 26 61 7 3 6269 7 46 1381 8 3 267 542 7 3 161 2124 2228 9 13566 276 46 843 7 6684 5
527 4 23 16 537 6 2780 133 9 5533 8 231 23 14 3 3644 7 3 322 962 733 2376 5
23179 255822 62856 17 9962 255822 14 3 2376 7 3 90997 8 5479 70233 16 962 10 98586 700 5
17 4102 5181 70 13538 13 31 15511 10 3 1566 5
81 678 6 112 46 4 290 7 192 3893 16 2442 19 9 2737 10 9 108 61638 11572 284 5
17 9551 4 8 43453 19004 25 5
17 9551 4102 2464 3 2329 13 31 6 26 35364 8 8181 5
17 16 9 4102 13 2464 10363 488 6 18386 2329 10 3 521 131 1566 5
145 652 16 3380 24 3 18386 4102 35 66577 7197 33 5
1210 6 3 70233 6358 962 10 8941 7170 192 10363 13655 3 1566 8 4108 3 173114 35 64399 6825 33 7 3 7132 5
145 652 16 3380 24 3 4102 35 66577 7197 33 5
17 14471 4102 2464 3 2204 13 10779 21 962 10 8941 7170 5
66 770 13 43 31 44460 24 290 461 8 4200 24 272 13068 4562 5
17 120089 16 32265 24 3 165224 4102 35 66577 7197 33 8 3 7830 16 32265 24 3 73418 4102 35 66577 7197 33 5
23179 37612 255822 14 3 90997 8 5479 70233 98586 700 5
23179 37612 255822 14 3 90997 8 5479 70233 5
4220 8 604 7379 17 234134 4 11956 8 390496 2508 7 194896 5
31 4209 25 3995 3 18386 7197 4 7197 8 7197 5
4220 4209 25 18386 98586 704 5
4220 4209 25 18386 5
4220 4209 25 98586 782 5
4220 4209 25 5
4220 4209 25 98586 183 5
4220 4209 25 5
17 9551 17129 4220 7 98586 407 16 3 665 7 3 18831 7 2508 234134 4 11956 8 390496 5
3763 4 3 604 3074 16 34 5
66 9286 10 74876 2329 8 232 6 46 7059 27396 3 64399 6825 7 3 1566 7132 5
145 644 11948 234134 8 11956 2508 5
1249 3 161523 16 1867 72 3 8 1945 4 8 86 34 26 1867 2631 4 11956 8 390496 383 26 11831 5
9551 17129 4220 98586 407 5
9551 17129 4220 5
17 511979 8 2508 7 194896 5
403 8 698 31 4209 25 3995 3 73418 7197 8 165224 7197 5
17 280906 8 35513 4220 16 3 665 7 3 18831 7 2508 390496 8 511979 5
81 46 267 4 3 3074 7 3 14471 604 9286 10 5690 47 31 43420 508 42584 7 8941 7170 13 7801 189 7830 8 120089 5
66 3847 754 93 1065 6 1687 46 3074 10 67 2508 5
332 46 397 87 16 149 57 42270 604 35 3 5531 604 33 47 9317 6 3 9551 17129 8 6 3 280906 8 35513 24306 7 194896 5
407 8 685 5
17 14141 2442 6 46 604 31 523 10 3 67 2508 5
81 3 9551 17129 4220 3 1566 16 50405 5607 24 50 5
81 3 280906 8 35513 4220 3 3074 7 3 5531 9286 10 8146 2210 6 272 13068 1664 5
931 67 2508 31 3847 16615 5
4220 4209 25 73418 98586 403 5
4220 4209 25 73418 5
4220 4209 25 165224 98586 698 5
4220 4209 25 165224 5
280906 8 35513 4220 98586 685 5
280906 8 35513 4220 5
37249 342 8 69617 435 4220 82124 8 37249 41515 1715 3 1956 15103 3 37249 6927 538 50185 5
931 3856 3 14141 7 3 4125 5
1655 192 4 538 3 5257 63794 4939 10 415674 4 125293 4 8 35 911 33 57 71 3855 4195 1443 13 71 26 392 21 9796 7 348618 133 21 182829 35 1376 64539 12283 32330 4 911 33 3847 1749 6062 120618 5
273 129 284 4 3 4209 4716 5609 1364 4 3995 4 3 2508 7 194896 5
407 8 685 8 3 27411 8 5
17 3074 7 3 1698 4939 10 98586 407 383 8922 3 2168 427 21 19379 3 161523 5
17 2168 2818 955 16 7059 35 14937 4 11348 33 3364 3 7059 7 9 1341 15 9 35 14937 4 11348 33 827 8 3 14264 16 35 35 14937 4 11348 33 6117 173114 35 14937 4 11348 33 33 3364 3 644 13 10 3 161 1092 3 173114 7 35 14937 4 11348 33 827 16 1370 58 3 173114 10 3 498 1092 5
17 955 6 26 4861 16 3847 7059 35 14937 4 11348 33 35 35 14937 4 11348 33 6117 173114 35 14937 4 11348 33 33 19 3 10626 13 3 76783 463 6 9 1341 7059 16 1370 58 3 294671 463 6 44437 5
145 955 18 4861 24 538 3 4195 284 1200 25 3 14141 7 3 9551 17129 1698 19 3 182829 1586 538 25828 8 3 32776 1506 81810 5
17 3074 7 3 1698 4939 10 98586 685 383 8922 3 2168 427 21 19379 3 161523 5
17 2168 2818 955 16 35 14937 4 11348 4 64399 33 2778 64399 6117 6494 4 46 770 13 87 16 22 248 57 827 10 3 1566 19 9 310387 173114 5
17 14264 955 16 17 74 517 684 13 92 67 146759 31 15 9 216 827 153 23 383 26 15 9 53517 5
17 169 517 684 13 9 43453 16 535 4200 24 9 53517 5
145 955 18 4861 24 538 3 4195 284 1200 25 3 14141 7 3 280906 8 5479 1698 19 3 182829 1586 538 25828 8 3 32776 1506 81810 5
16922 2376 17 665 7 3 733 2376 14 3 565 7 90997 8 5479 16 1595 10 98586 409 5
17 689 733 14 46 565 71 26 1842 4 21 2994 10 8941 7170 4 6 9 90997 733 19 7039 2763 5
145 689 733 16 36438 76 67 11933 1446 24 32 8039 2125 47246 5
17 74 7 192 11933 1446 16 6 123091 3 1566 180 2329 4 8 97 180 2329 4 95 21 6 7673 272 13068 4562 8 2384 91 21 2329 398 5
17 169 733 9286 10 589 39740 180 272 13068 4562 8 97 180 192 4562 5
26420 2376 14 3 90997 8 5479 565 98586 409 5
26420 2376 14 3 90997 8 5479 565 5
17 4716 13 3 67 11933 1446 8922 3 689 733 16 1144 3081 5
3763 4 92 3 1566 16 43829 180 2329 97 8 2210 31 29371 15 272 13068 4562 153 3 97 1806 600 7 2210 35 39740 33 31 4202 20739 180 1658 2329 5
804 879 286 9000 87 6848 9 1341 34 4593 24 9 23763 5
66 770 13 883 3 1566 16 34 43829 180 23 35 47 16 17915 19 3 74 11933 733 33 49 87 31 93 23763 15 46 1664 35 47 16 17915 19 3 169 11933 733 33 5
458 4 92 3 67 11933 1446 31 6383 4 8 101143 87 31 385 2210 6 1311 70 537 2329 153 70 2329 36 26 4593 24 9 23763 5
35135 79 74 2794 955 7 3 2209 191244 16 13 4209 2508 31 4007 10 3 1065 13 23 16 2784 6 1657 32 1698 19 9 604 13 29 93 16764 19 83 4125 5
145 71 26 2093 4861 24 25828 5
17 2007 164 1601 25 3 255822 15103 57 1698 4 9935 7 67 49 48 27319 4125 4 14 290 652 5
81 46 164 3 4125 12248 21 290 57 36294 10 32 652 5
36743 4 3 48369 13 31 3677 6 2508 31 7 3 11948 2125 5
3194 11948 7 1698 16 543 1918 1456 7 4125 8 16764 5
187 31 93 385420 7 16764 5
66 16 95 2784 6 1000 32 5325 604 5
17 169 2794 955 16 13 3 197 7 4209 2508 16 3 8855 537 3995 6 3 12890 960 5
66 770 13 14 9 392 565 255822 87 31 93 1731 197 7 4547 2508 58 3 57 1601 24 3 191244 5
66 71 26 4861 24 22114 5
208 23 42 34 1359 153 297 3 4209 2508 87 51 26 22 248 67 62043 13 86 26 11831 5
145 16 10 22114 19 3 14808 35 517 459 7 238487 341 33 13 1665 289 87 31 20802 62043 5
17 4209 197 7 2508 16 153 3 8855 537 5
273 117 41154 4 133 21 8 35 2804 33 4 12283 3462 5
35 1095 33 4 168036 35 2391 33 4 3 7379 7 4125 8 2508 16 203 6 3 3526 4073 49 6 32 6404 3212 650 5
527 4 23 16 4218 13 5702 16 34 32 1369 2485 8 3 10808 7 133 3212 6 19019 6294 16 34 9 18795 2485 4 120 4005 2254 7141 5
273 129293 41154 4 105 35 12283 32330 4 911 33 49 35 317552 12283 32330 4 359 33 4 87 16 9 632 1322 148 3 19019 2981 8 3 1446 121 290 733 16 2442 6 32 1698 35 14 33 49 2231 35 14 33 5
17 565 3443 10 3 644 13 129293 6599 31 34 166 9098 14 31439 70233 21 23 16 841 6 7673 1446 8 59592 91 14 46 843 7 284 5
3763 4 3 5131 16 6 16252 1806 14141 5
1516 41154 112 34 159 76 1250 19019 13538 4 21 14 946 81037 35 323 4 1422 33 8 35 540200 12283 32330 4 744 4 9148 28509 33 5
81 8 292467 35 911 33 3 4888 8850 24648 14 31439 8 222702 70233 8 371 614 4860 15 143 6 5318 31439 70233 5
931 4860 31 12859 137 307 267 2062 5
949 92 23 16 9 177 533 162 189 15 18423 8 5238 5158 4 3 392 4860 31 34 166 54023 8 142 1484 26 20164 5
1700 2673 142 321 6 307 523 522 5
7219 4 3 1217 2209 10 46 1381 16 543 15 19019 13538 47 4552 3 6300 7 210652 25 31439 36997 5
931 210652 71 26 2093 38492 21 117 70233 41154 8 726 7176 11032 19019 13538 5
17 4888 7 63837 12283 3462 5
35 502 33 1362 293 19 3 3685 7 11030 21 23 1464 10 117 7207 1443 5
17 4919 9513 16 13 87 383 4447 307 926 75356 6 2565 8 4301 11030 5
1700 12971 9286 10 9 108 3893 6358 6 26 12630 14 120 2190 565 5
931 3893 31 53 3 5898 7 5898 35 187838 33 1506 13 5181 3 272 653 284 4 3 325 1506 13 5181 3 798 653 8 3 5775 1506 13 5181 32 6582 1566 148 192 67 926 5
145 1217 29 90 13980 19 3 57 2209 10 46 1381 5
3763 4 3 23179 255822 62856 3395 21 32 6582 1506 6293 3 284 22 523 926 5
17 325 1506 16 962 24 2508 47 31 13808 7 2210 14141 10 9 2190 5114 5
8992 4 3 6300 7 2210 8 40 14141 4 34 962 10 46 1381 21 23 624 268 15 10 3 17592 4 71 26 1547 6 3 187838 1506 5
527 4 3 162 2209 10 1356 63837 12283 3462 5
35 502 33 1362 97 14132 3 6358 8 112 34 8850 9 17592 6 2780 23 5
145 1381 6274 32 1217 14 3 3685 7 31439 70233 5
145 1217 16 543 8255 15 3 2376 7 3 23179 255822 62856 8 3 733 3212 2376 7 3 565 5
17 665 7 3 23179 255822 2376 16 3 47246 10 970 7 2508 9935 7 27319 4125 5
17 1444 7 192 2508 16 962 24 32 191244 47 13875 2794 2763 8 3 1217 12244 4716 5609 25 3 255822 13 144 26 4861 24 3 4097 14141 65 4939 5
931 2763 480 4861 71 26 220 6 2258 47 1698 16 488 6 11922 3 1658 1446 25 3 733 5702 2376 5
7219 4 3 191244 13 5708 2508 97 5708 2508 13 31 317982 4007 121 290 604 50050 19 22 248 184 604 8 3 1601 197 7 2508 16 3 8855 537 5
17 962 1534 7 4220 4 37249 8 82124 7379 16 5775 10 32 1806 70233 17592 4 1013 5
17 2007 3154 7 1715 16 5607 10 678 6 159 76 1250 3 3685 7 31439 70233 5
66 16 9 2846 13652 8 3 67 4831 16200 4 635 9962 35 9 1835 7 1746 33 8 7254 840 6057 5
17 665 16 153 32 1519 17592 25 2376 6 7254 3569 6 31439 70233 5
17 518 7 3 2209 1217 16 13 23 18506 9 14324 152 6 5318 31439 1443 13 8635 15 3 6652 7 3 284 24 32 255822 5
145 6652 16 34 1812 6 4498 21 23 16 3 179740 4919 3 3112 31439 284 5
8932 1131 36 26 1477 24 3 2376 7 166 424 31439 70233 10 678 6 10301 9 4926 7 91335 9508 87213 4926 5