81 3 3665 2571 229 200 4 706 535 27 5093 10 5261 3 243 89 6 774 5
81 678 6 6298 683 8474 4 706 3368 9 421 270 284 5
17 1273 7732 1442 17592 1708 706 19 3 1175 6 1849 3 3320 297 523 19393 5
435 3 9557 31 16277 4 706 71 2780 3 954 10 40 421 270 1443 5
81 46 162 4 3 1506 16 1148 19 3 5215 733 7 7678 3 653 7 3 11830 13129 5458 10 2397 2507 5
17 1627 7 11830 13129 5458 4 47 16 2442 19 83 5171 16705 150 3 3433 1290 1247 35 3777 33 1291 4 3 1214 484 1291 35 17983 33 4 3 518 489 4 8 3 4661 871 7 2241 25 2397 2507 4 16 7520 24 3 1273 5018 5
17 267 542 842 13 3 1273 5018 16 9 16079 152 6 581 421 270 14 706 37 142 34 26 488 6 2705 3 4438 954 148 3 11830 13129 5458 8 83 5171 16705 5
17 869 200 29 343 32 533 3090 14 683 10 117 1172 7 3 131 10 47 2397 2507 16 9 43018 946 5
17 2397 2507 2904 1981 18 3 169 612 869 200 10 1585 55 6 590 5
66 16 975 13 104 2397 2507 2095 12124 791 10 951 1989 5
527 4 3 1045 7 706 97 4145 15 40 209 4398 543 15 271 791 5
66 16 1029 14 3 2113 6 1528 207 463 6 9 1292 7 1832 7726 5
12502 4 9 5314 1217 14 3 10900 7 869 360 4 47 29 9 3592 14618 2016 1923 2193 20761 49766 4 16 3456 14 706 10 40 421 363 650 5
13166 6 3 272 2463 7 4046 10 869 553 4 87 31 3184 2062 13 1186 6 4764 869 360 5
81 3 271 4 1510 89 507 2520 133 21 5775 1324 596 35 33 5018 42 1940 220 5
527 4 23 16 4964 13 192 1510 89 507 16676 31 841 6 26 3677 106 7 3 13703 1566 10 3 869 200 5
11271 25 3 1510 11245 4309 4 7732 1442 29 45 1282 14 11249 10 308 85 5
273 3099 4 136355 35 2391 33 2704 6 231 32542 992 6 436 14 954 10 3 455 200 5
7219 4 2794 601 105 2942 4242 15 316 1181 35 18150 4 63801 4 7277 4 15669 4 323 25279 4 590 33 18 1303 61 6 6075 3 1322 148 3 855 22447 8 426 869 360 5
49474 1442 71 581 16672 522 10 11533 5897 10 628 5
2625 2062 27 115 206 231 7 1654 7732 1442 4538 105 32542 992 35 136355 4 2391 33 4 3320 1396 35 18150 12283 32330 4 590 33 4 8 4624 31660 35 219629 323 51726 4 2391 33 5
527 4 3 601 97 1967 15 3 869 484 5897 4 8 11061 192 2520 71 10366 4764 869 360 4 43 86 34 581 120 1821 5940 14 421 363 270 5
4067 1618 256 1821 96734 4005 10310 9557 5
80440 8783 16 1940 220 10 421 270 1443 8 23 16 43018 10 1691 1821 5772 6 1481 5
8561 601 35 179606 4 145723 4 323 124190 4 590 33 661 143 22190 8783 71 185 10 12752 3 229 773 7 1989 5
7448 4 3 2854 650 7 22190 8783 10 7678 229 553 16 3 104 533 176 5
980 2062 31 110 1303 61 6 5441 143 7732 1442 4309 71 26 3677 6 5439 3 3456 3851 954 5
81 46 162 4 9 869 200 10900 284 538 22190 3320 1396 16 1273 5
17 22190 3320 1396 16 9 3109 7 3 3320 1396 8 3 22190 197 3695 5
79 22190 197 71 9635 14 3 4938 7 3 3320 1396 10 3 10900 7 1812 628 5
23620 855 8 292 16705 10 2397 2507 4 150 3433 1290 1247 35 3777 33 4 1214 484 1291 35 17983 33 4 676 887 4661 871 4 8 518 489 4 31 220 6 4764 3 11830 13129 5458 5
79 1821 32908 144 26 488 6 26 255 76 3 421 270 284 5
11079 4 538 9 382038 447 4 83 19393 71 26 304 11715 5
81 46 7039 4 1812 8 13703 1566 4 10900 10 3 229 200 16 34 32 1369 2485 5
81 3 271 4 11245 4309 42 220 6 1506 3 869 484 5
527 4 11245 2520 31 34 177 4116 10 1691 5050 522 163 133 9 11696 1566 5
17 6942 7 7732 1442 4538 29 10 3 271 265 1208 763 9934 1088 55 84 2520 10 1691 48 5050 8 4213 522 14 200 2826 10900 5
49474 32542 2642 35 439493 33 31 1940 220 10 3 869 484 10900 1443 5
10087 4 48803 35 590 33 4964 538 32542 2642 10 11249 869 3281 10 8197 10 32 34130 542 5
1113 7732 32542 2642 71 581 9 5394 773 10 3510 2383 3318 7 628 4 23 16 572 6 581 9 4547 8 10742 773 14 13703 628 35 2552 4 502 33 5
133951 992 142 34 26 5314 385 6 293 19 3 6830 5266 8 1812 551954 5
2625 1296 27 1282 3096 32542 2642 4538 6 37784 3 11040 7 32542 2642 5
10087 4 8 35 280 33 4964 3 231 7 9 119 71966 32542 992 6 4764 869 360 5
15669 4 7914 4 14879 4 24290 4 8 36355 35 280 33 59 220 9 119 71966 32542 992 671 19 9 267 14618 284 14 869 951 10900 5
527 4 192 119 71966 32542 2642 1292 23462 10 3 2854 650 5
349 3 83 881 4 32542 2642 31 1618 2335 14 3 1292 7 11580 14618 21 166 5
4 4 4 8 35 502 33 220 8783 32542 13010 47 86 26 333 3055 24 3 173 5
17 2677 7 3 32542 1050 71 26 10955 24 27396 3 6358 7 3 992 5
17 83 1029 5018 16 3 4624 31660 5
32815 35 1095 33 43628 3 152 6 2780 9 1906 4624 5979 1506 6 3 10900 7 869 360 5
10526 4 4367 4 2169 4 27485 4 8 1604 35 502 33 59 1589 9 3414 891 284 543 15 4624 27964 5
7448 4 3 4938 7 4624 5979 16 3 5093 10 11533 3 19547 91755 14 6264 30864 5
17 1051 31 841 6 197 24 1481 37 31 34 1149 10 7732 1442 5
1354 4624 27964 8 439493 71 3262 1849 3 650 25 9 1832 8 7034 5138 5
10087 4 168986 3695 29 45 1940 3677 10 3 10900 284 21 3 5385 7 4333 2770 71 26 197 24 4068 10 3 857 5
364 7 3 104 6682 168986 4309 16 22190 8783 5
7914 35 280 33 2209 32 5775 22190 89 507 1506 14 11249 5
78 43628 523 22190 89 507 2520 8 1148 30 209 5
17 1506 71 26 220 14 7678 120 89 507 628 150 869 360 5
187 31 59 83 3351 7 168986 1443 5
15669 8 7914 35 274 33 1282 9 2125 80440 15293 6297 5898 14 869 484 10900 5
7219 4 4 557309 4 8 35 590 33 4964 9 84 1217 6 197 55 9 284 538 3 11686 28252 5
980 8447 4 87 31 307 2794 601 2062 15 5373 2520 4 10503 67 49 48 7732 1442 4538 6 1088 32 5775 1506 5
2552 8 10583 35 1515 33 4216 9 4624 1217 10 538 439493 10 869 484 1291 10900 5
6459 32542 2642 8 4624 5979 4 3 186564 22190 1506 16 59 9 2165 5890 22 3 1129 616 5
35350 8 195912 35 502 33 4729 9 5018 6 4764 869 484 3272 24 538 186564 22190 1443 5
2552 8 20630 35 359 33 1282 32 5775 1217 543 15 32542 2642 8 4624 27964 6 7367 4251 5897 10 869 553 5
81 1243 4 8 35 280 33 2653 61 9 186564 22190 17592 6 1877 869 200 4251 4695 5
17 5018 110 220 10 46 162 16 9 206 946 7 9 5373 1506 3 22190 3320 1396 5
622 3320 1396 16 9 267 543 14618 31660 4 47 16 7081 220 10 628 4242 5
4367 8 2552 35 359 33 3677 9 267 543 14618 284 6 4764 3 229 200 2081 10 930 5
38147 8 1082 35 502 33 3677 267 543 14618 4538 6 4764 3 930 2904 1981 5458 484 543 15 3 3583 8 484 7 3 5458 5
7448 4 3 3320 1396 16 3691 220 10 869 484 10900 463 6 50 16018 10 11427 628 2376 5
5160 601 7 3320 954 6008 1967 15 326529 3320 954 5
20986 4 10583 4 8 29523 35 2804 33 3677 46302 3320 954 10 7678 1906 869 484 5690 8 66619 5056 5
10087 4 9934 873 6 2780 3 3320 1396 25 184 10620 5
18150 12283 3462 5
35 590 33 4964 3 231 7 3320 954 8 2942 4242 4538 10 7678 4251 1627 4695 7 3 200 5
88584 4 23 16 7587 13 3 46302 3320 1396 16 97 488 6 4764 3 2586 4 623 58 5050 11612 5
7977 4 23 16 34 4783 97 6 27 326529 13987 10 32 7732 1442 284 5
36925 3 3320 1396 19 22190 3695 36 581 9 84 8 7034 1217 10 317860 11249 5
659 1213 3 4938 7 3 3320 1396 4 22190 2757 71 185 4434 3 11612 7 3 19393 5
12502 4 3 3320 1396 71 26 3677 54 3 628 31 25033 5
17 1273 421 270 284 16 1254 6 10775 4438 5897 25 3 20388 13987 8 3 1570 869 484 49 1291 5
98586 249 14103 3 3154 7 3 1273 27964 10292 10 3 421 270 284 4 8 20498 249 684 3 66271 220 10 3 31660 5
17 284 16 1273 6 3968 3 3851 628 7 3 20388 13987 8 3 1570 869 200 360 25 523 1543 4 133 21 601 5331 8 98 1048 6342 4 979 24 12390 7 3 628 76 2505 24 7623 22190 3320 954 6 2258 92 120 7 3 20388 13987 27 9 1432 49 2366 969 15 3 869 484 5
81 644 4 3 284 71 59 852 1481 6 909 3 2505 26983 114 70 3 23989 3320 954 31 7545 5
17 3320 954 71 153 581 1821 421 270 6 3 4650 10 3414 683 1866 5
31022 6027 7 3 1273 5018 98586 249 5
31022 6027 7 3 1273 5018 5
20498 249 5
12418 7 104296 220 10 3 1273 869 484 10900 22190 3320 31660 5
18398 5640 221 7 3 3851 1564 7 59927 1291 8 83 310 13987 10 3 5536 8913 3082 58508 249 4 341 4 4 18398 56012 17 197 7 1291 7 3851 1564 20708 17 211736 410 10 3 3851 5536 4 8913 9 17 221 7 13987 10 3 5536 79 3082 58508 249 4 341 4 459 4 4 9 56012 17 197 7 1291 7 13987 17 13987 10 3 211736 1564 4 8913 4 72539 79 17 4333 871 7 3 13987 10 3 211736 1564 4 8913 4 72539 79 17 197 7 3351 7 22190 3936 10 3 13987 4 79 17 22190 3936 7 4333 871 7 4 8515 17 8515 270 14 3 96734 4 79 17 270 2408 7 3 9421 3109 14 3 22190 3936 2125 34411 17 3235 2408 871 297 2770 34411 17 22190 1427 7 149183 19 34411 13063 17 3033 4333 871 7 3 3109 10 3 2190 410 17 221 7 16691 10 3 14305 1870 17 1493 871 7 3 3320 1396 10 3 14305 1870 17 7242 8515 1493 871 55799 17 2757 7 3320 1396 9610 5
7337 2137 8 337482 20699 628 7 20388 16705 71 26 3883 25 3 2064 5
273 3099 4 3 9301 8 8168 511 7 2397 2507 1708 533 310 16705 4 150 3433 1290 1247 8 1214 484 1291 14 290 335 5
931 628 10 24841 1870 6170 31 558 8 6733 25 3 2397 2507 98 1295 5
17 3851 484 628 7 3 3112 869 144 59 26 3883 5
2739 278
3956 1708 5050 8 3297 3851 628 15 2888 1989 5
13945 71 5439 3 3851 628 25 3 2739 278
1743 3851 410 10 24841 6170 21 166 5
66 16 1282 13 48 5897 86 26 7520 72 9 2086 241 566 4 105 183 85 5
1249 120 9796 5464 86 2498 3 665 4 5464 144 26 2207 103 3 628 11371 3 4242 650 5
30504 5464 133 21 3 204818 7 628 148 3 628 25 3 98 1295 8 2739 278
3956 144 26 5259 5
435 1405 6457 3 628 8 8547 3 5464 4 3 628 144 26 9490 6 9 38636 6170 7 3 4242 650 14 454 13571 5
7337 4242 2869 17 9490 628 36 26 4566 6 3 4242 2869 5
17 6905 7 3 628 4242 2869 16 6 2705 3 4438 5897 148 3 20388 13987 8 3 869 200 360 5
17 31660 7 46 628 4242 2869 16 825 6 3 4242 31660 13 10556 628 4242 4538 4 22190 2757 3695 8 3320 954 3695 4 47 18 1273 8 220 24 2397 4 14879 4 8 6794 35 1095 33 8 39524 4 14721 4 19959 4 8 19366 35 280 33 5
17 31660 29 45 1940 8 3639 3677 10 628 4242 10 3 2484 857 8 46 1381 29152 46 9678 5533 6 3 1273 284 10 3 229 5114 5
81 1243 4 3 22190 2757 8 8515 2770 144 26 197 103 3 628 4242 650 5
66 16 1282 13 4068 10 3 352 144 26 3214 6 197 3 4279 2757 8 34082 5
238 3 2770 7 3 2757 8 34082 1752 2498 3 8958 7 3 284 4 23 16 3456 6 7673 3656 2770 10 9 6633 152 5
81 3 31660 4 3 284 5318 15974 18398 1564 4 3915 10 3 767 4644 5
3194 410 4286 3 871 7 3 20388 13987 8 869 200 360 22 9 1654 89 5483 5
17 22190 197 4333 4859 2990 4 3033 8515 270 2770 2106 8515 4 8 9 7242 3033 8515 1493 871 144 26 125444 4 8 31 1622 10 3 4242 650 5
17 454 17444 650 7 3 31660 16 2994 10 3 11664 76912 8 11664 75522 5
999 7623 3 628 4242 650 4 9 197 7 23989 22190 3320 954 4 47 4784 3 1322 148 3 20388 13987 8 3 869 200 360 4 71 26 1669 5
29507 2640 284 23350 4 3 448377 543 1396 71 26 16277 24 3 7787 5
17 23989 22190 3320 1396 36 26 4566 6 9 2505 26983 5
17 4650 10 3 711 71 598 3 2505 26983 8 13977 3 3320 954 5
17 3320 954 581 1821 421 270 6 3 4650 5
273 3099 4 23 71 240 3 1322 148 3 20388 13987 8 3 653 49 3 13422 7 3 1570 869 200 484 5
12502 3 4650 71 132 9 421 543 15 3 660 5
17 2505 26983 36 26 3353 2556 24 18298 3 628 8 699 3 4242 2869 16139 10 678 6 2384 8958 8 20455 317 5
79 267 5662 16 392 6 14076 3 19898 7 3 1273 31660 4242 954 25 11427 650 628 10 3 3851 292 628 5
17 31660 18 3677 8 12354 10 3 267 4 47 220 2755 628 25 2397 2507 14 3 271 500 85 35 33 6 2705 3 3898 148 3 292 13987 10 3 2397 2507 5114 5
145 267 5662 2939 5441 3 7787 7 3 31660 4 8 143 1481 71 1849 137 11533 3 4438 3898 10 3 628 5
23620 12171 31 220 6 3001 1678 13987 4 21 1595 10 20498 341 5
17 628 197 4 150 3 3851 2397 2507 200 628 18 3883 4 19 290 410 150 523 13987 21 4216 10 20498 459 5
17 22190 4333 2757 220 6 2589 3 11427 628 76 2757 31 1595 10 98586 341 5
17 3033 270 8515 14 290 17807 16 125444 10 20498 503 5
17 8515 1493 871 16 197 6 2628 202 10 3 13571 4 8 2752 1959 31 220 10 678 6 10775 3 533 954 5
17299 249 53 67565 3 11427 2770 7 70 3851 1564 76 7562 22190 2757 538 3 22190 4333 7410 4216 10 3 98586 459 5
6832 127398 10 3 74 410 7 17807 79 21 32 946 4 3655 6 3 22190 4333 4859 4 127398 3443 10 189 12615 8 1692 3597 5
238 1595 10 98586 459 4 127398 16 4902 76 3 22190 197 47 16 7154 21 35 1635 33 5
17 1092 16 153 3629 14 70 13987 10 70 1564 5
17 7 17807 79 98586 459 5
17 7 17807 79 5
17299 341 53 435 12390 70 3 2770 76 22190 2757 4 3 2770 7 216 22190 1427 27 6 26 19413 5
17 2408 7 290 22190 1427 16 7154 4 8 255 10 197 12662 4 114 12662 16 226 32 4 47 4286 3 4364 3109 7 1822 14 454 13571 5
9601 17807 79 21 32 946 369 4 21 17807 79 29 179 22190 3597 150 177 799 4 799 4 272 8 177 272 4 3475 3036 14 179 3597 27 6 26 7154 5
17 3036 31 7154 8 1595 10 20498 500 5
17 9559 12615 1427 16 3112 6 5441 3 13571 5
1655 3 183 1564 4 3 2408 7 3 177 799 1427 7 17807 79 16 351 24 42642 55 3 22190 2408 7 58508 12615 56012 10 290 410 5
17 13571 16 35 6494 1635 6494 1635 6494 1635 6494 1635 6494 1635 6494 1635 249 1635 249 1635 249 1635 249 33 3082 503 5
17 83 17807 270 3036 31 7154 24 508 3 216 1092 5
20498 500 5
17 22190 3036 7 249 5
326407 21464 12615 45595 46485 61831 36097 134079 84460 55767 49003 1692 166211 48166 110391 12615 65053 64424 52892 249 51694 1692 96147 17299 459 53 132080 3 3235 2408 35 34411 33 14 290 17807 8 3 12510 22190 1427 35 34411 33 4 47 16 3 1427 19 3 1391 270 2408 10 3 17807 5
81 17807 79 4 3 3036 7 3 179 3597 9559 12615 4 12615 4 1692 8 9559 1692 31 503 4 46485 4 61831 4 8 6494 3995 5
12502 4 3 1427 1692 36 26 3467 14 17807 79 5
337439 79 29 9 34411 197 21 61831 4 8 34411 197 21 1692 5
17 3235 3036 8 3 12510 3597 31 7154 8 1595 10 20498 708 5
20498 708 5
17 3235 2408 14 290 249 5
326407 21464 61831 134079 12775 1692 166211 110391 52892 1692 96147 17299 503 53 10464 92 3 871 3235 2408 35 34411 33 7 3 12510 22190 1427 35 34411 33 16 1978 58 3 8515 270 2408 7 3 17807 5
17 8515 270 2408 16 125444 5
208 3 871 16 1731 58 3 8515 270 2408 4 3 17807 36 26 1830 25 187245 5
17 5764 249 16 2888 10 3 20498 700 5
238 70 3 13987 1198 3 8515 6457 4 2477 7 91 31 2207 5
20498 700 5
129505 249 5
326407 21464 61831 134079 12775 1692 166211 110391 52892 1692 96147 17299 500 53 17 13987 25 249 187245 16 220 6 916 329 537 3109 5
17 3109 36 26 255 10 341 253849 5
17 270 2408 7 290 6500 16 7154 24 13896 3 3033 221 7 3036 14 290 6500 10 3 3851 410 5
273 3099 4 2016 58508 4 56012 10 3 74 410 4 3 2408 7 16 50753 8 3 2408 7 16 249 5
12502 4 3 270 2408 7 58508 4 56012 16 50753 10 3 74 410 5
17 13571 10 1564 31 825 5
17 270 2408 16 170 14 290 17807 8 16 2888 10 20498 704 5
20498 704 5
17 270 2408 14 290 17807 10 341 5
326407 21464 19869 40805 8912 61831 25717 57687 83466 51949 40740 27529 9904 55178 17045 42811 50403 109865 20274 124935 98083 52892 23550 96147 8032 53663 36308 54631 30394 47723 68322 49256 19895 91182 109312 52892 67055 81895 76566 52892 162147 99520 79500 52892 17299 708 53 435 9863 3 270 2408 14 290 6500 4 3 270 3036 27 6 26 5291 19 3 8515 5
17 8515 7 3 6500 16 3 3235 871 7 3 125444 3033 270 2408 496 3 3109 5
273 3099 4 3 270 2408 7 16 10548 8 16 12018 5
12502 4 3 8515 270 2408 7 58508 4 56012 16 10548 5
208 3 270 2408 16 1731 58 8515 270 2408 4 3 1822 36 26 1830 8 1074 25 3 1870 5
17 5764 341 1870 16 2888 10 20498 782 5
20498 782 5
129505 341 5
326407 21464 8912 61831 50403 109865 20274 124935 23550 96147 36308 54631 19895 91182 67055 81895 162147 99520 17299 700 53 27760 31 3629 6 28669 9 568 653 7 285 87 31 93 558 16691 6 26 170 5
81 46 267 4 459 8 503 71 26 1589 21 2888 10 65588 183 8 407 5
20498 183 5
459 5
337439 21464 41684 419727 81895 410531 99520 163310 69649 20498 407 5
503 5
337439 21464 69649 17299 704 53 766 537 3320 954 14 290 19174 35 4114 6117 3082 341 33 4 31 16277 4 8 3 1493 871 14 290 1396 2870 5
4941 208 58508 4 1692 56012 153 58508 56012 21 32 946 4 3 1493 871 16 7154 21 766 3 537 954 8 1493 2770 31 2888 10 20498 403 5
20498 403 5
30504 3320 954 8 1493 871 5
14441 22635 22635 35 202 33 208 58508 56012 153 58508 56012 577 208 58508 56012 153 58508 1692 56012 1818 208 58508 56012 153 58508 56012 8750 208 58508 56012 153 58508 1692 56012 1551 208 58508 56012 153 58508 56012 4636 208 58508 56012 153 58508 56012 4572 208 58508 1692 56012 153 58508 56012 8708 208 58508 1692 56012 153 58508 56012 9046 208 58508 1692 56012 153 58508 1692 56012 1551 208 58508 56012 153 58508 1692 56012 5102 208 58508 1692 56012 153 58508 56012 577 208 58508 1692 56012 153 58508 1692 56012 9521 208 58508 1692 56012 153 58508 56012 9330 208 58508 4 1692 56012 153 58508 56012 9046 208 58508 4 56012 153 58508 1692 56012 9521 208 58508 1692 4 56012 153 58508 56012 5180 208 58508 56012 153 58508 1692 4 56012 7535 208 58508 1692 56012 153 58508 4 56012 7602 208 58508 56012 153 58508 4 1692 56012 7432 208 58508 4 1692 56012 153 58508 1692 56012 6052 208 58508 4 1692 56012 153 58508 1692 56012 9521 208 58508 1692 4 1692 56012 153 58508 56012 577 208 58508 56012 153 58508 1692 4 1692 56012 4572 208 58508 1692 56012 153 58508 4 1692 56012 1551 208 58508 1692 56012 153 58508 4 1692 56012 9521 208 58508 4 56012 153 58508 1692 56012 6756 208 58508 4 1692 56012 153 58508 56012 9330 208 58508 4 1692 56012 153 58508 56012 577 208 58508 1692 4 56012 153 58508 1692 56012 6263 208 58508 1692 4 1692 56012 153 58508 56012 9330 208 58508 4 1692 56012 153 58508 1692 56012 9521 208 58508 1692 56012 153 58508 4 1692 56012 4636 208 58508 56012 153 58508 1692 4 1692 56012 2715 208 58508 1692 56012 153 58508 1692 4 56012 9046 208 58508 4 1692 4 56012 153 1692 56012 6756 17299 782 53 29451 3 1493 871 7 290 537 3320 1396 19 3 125444 8515 1493 871 4 47 16 2628 202 10 46 267 5
2196 954 19 1493 2770 1370 58 2628 202 31 1206 10 3 1870 4 21 1595 10 20498 698 5
20498 698 5
79 2137 7 3320 1396 19 1493 871 72 2628 202 5
14441 22635 22635 35 202 33 208 58508 56012 153 58508 56012 577 208 58508 56012 153 58508 1692 56012 1818 208 58508 56012 153 58508 56012 8750 208 58508 1692 56012 153 58508 56012 8708 208 58508 1692 56012 153 58508 56012 9046 208 58508 1692 56012 153 58508 56012 577 208 58508 1692 56012 153 58508 1692 56012 9521 208 58508 1692 56012 153 58508 56012 9330 208 58508 4 1692 56012 153 58508 56012 9046 208 58508 4 56012 153 58508 1692 56012 9521 208 58508 1692 4 56012 153 58508 56012 5180 208 58508 56012 153 58508 1692 4 56012 7535 208 58508 1692 56012 153 58508 4 56012 7602 208 58508 56012 153 58508 4 1692 56012 7432 208 58508 4 1692 56012 153 58508 1692 56012 9521 208 58508 1692 4 1692 56012 153 58508 56012 577 208 58508 1692 56012 153 58508 4 1692 56012 9521 208 58508 4 56012 153 58508 1692 56012 6756 208 58508 4 1692 56012 153 58508 56012 9330 208 58508 4 1692 56012 153 58508 56012 577 208 58508 1692 4 1692 56012 153 58508 56012 9330 208 58508 4 1692 56012 153 58508 1692 56012 9521 208 58508 1692 56012 153 58508 1692 4 56012 9046 208 58508 4 1692 4 56012 153 1692 56012 6756 17299 183 53 9155 3 954 19 37442 337439 4 47 31 8913 8 5828 10 46 267 4 10 3 8867 176 97 5
37442 954 21 2794 954 21 1595 10 20498 685 5
20498 685 5
7710 2794 954 16277 5
14441 22635 22635 35 202 33 208 58508 4 56012 153 58508 1692 56012 6756 208 58508 4 1692 4 56012 153 58508 1692 56012 6756 20498 341 5
17 12171 7 3 292 13987 5
470655 48336 84181 11230 489 79 350804 418657 1557 489 2636 4142 484 1291 3298 3777 2482 29653 871 5132 37442 11830 13129 1291 35 134603 33 7168 130190 7 134603 5828 20498 459 5
17 3851 410 25 2397 2507 35 26918 4672 33 5
16773 11230 489 35 79 33 350804 418657 1557 489 35 2636 33 4142 484 1291 35 3298 33 3777 147 14302 35 2482 33 29653 871 35 5132 33 11830 13129 1291 35 134603 33 35 7168 33 134603 130190 35 5828 33 172955 14230 127398 157841 14230 704 167171 172955 11788 704 223360 11788 53607 140487 172955 8893 53607 155820 8893 95998 106342 172955 9455 25054 190617 9455 92719 7459 172955 183 500 150958 183 500 196051 80440 4333 2757 14 3 13987 98586 341 5
80440 4333 2757 14 3 13987 5
20498 503 5
17 8515 270 2408 14 290 13987 5
79 2636 3298 2482 5132 7168 5828 9207 2408 10548 12018 9525 503 8825 8370 8370
23838 4 104 683 1656 2780 1416 1190 10 11381 10 200 869 484 10900 49 120 83 421 270 1715 4 95 3 1282 284 71 10793 26 811 76 9 1416 1573 5
54522 1416 4982 581 2383 3318 7 1212 6 1470 133 21 7138 10167 4390 10 13571 8 10 1691 206 11040 5
81 46 176 4 9 13604 1589 10 415722 1566 543 15 3 1273 628 4242 5533 16 1595 6 5441 3 2673 7 3 1273 284 35 98586 503 33 5
10052 21 10 3 767 176 4 307 13987 105 3777 8 2397 2507 518 489 31 3467 4 671 19 3 3851 1564 7 3 11830 13129 5458 72 183 85 5
17 711 15974 3 628 15 523 1547 13987 8 3 3851 869 484 13 16 7545 10 9 159972 3359 5
273 3099 4 32 159972 3359 16 1146 8 4286 3 518 489 628 4 3 418657 350804 1557 489 4 3 1214 484 1291 35 17983 33 4 3777 4 3 4661 915 4 3 11830 13129 5458 4 8 3 2864 13422 7 134603 25 4 21 10 98586 500 5
17 4650 11924 7 3 13604 98586 503 5
17 4650 11924 7 3 13604 5
79 159972 3359 4286 3 550 19393 98586 500 5
79 159972 3359 4286 3 550 19393 5
81 1243 4 3 4333 4859 8 8515 3033 270 2408 7 290 13987 383 26 2118 103 3 1315 5
17 104 1029 5018 7 5261 22190 2757 16 8357 15 3 97660 7 32 2516 10 3 1654 352 5
81 46 267 4 3 711 86 1741 5886 15 3 2757 25 229 1149 5
17 4333 4859 8 3 8515 2770 144 26 27726 76 159972 5342 5
435 18118 3 159972 5342 76 3 447 4 3 4650 71 5339 3 3936 7 3 17807 150 84181 4 37442 8 189 4 21 1595 10 98586 708 5
66 6654 289 3 17807 144 26 1595 10 3 899 49 665 404 10 3 954 5
17 3936 66271 6654 3 1726 7 3 22190 197 105 8 5
435 18118 3 159972 3359 98586 708 5
435 18118 3 159972 3359 5
435 5577 4 3 23989 954 31 1595 10 3 2942 2031 4 21 1595 10 98586 708 5
17 522 71 26 15218 76 9 166860 3359 4 21 10 98586 700 5
17 166860 3359 71 26 454 1589 8 26 1125 24 3 2505 26983 5
17 23989 3320 954 71 26 3677 10 3 421 270 284 268 5
349 3 83 881 4 9 11476 6027 7 3 10291 7 2109 10 3 522 7 523 13987 16 1595 10 3 665 2031 5
17 4650 71 259 47 17807 345 9 48 533 604 10 3 954 197 4 8 71 581 9 1821 8 1906 2376 8283 5
17 15218 522 54 1396 4242 98586 700 5
17 15218 522 54 1396 4242 5
67577 3 869 200 484 16 17133 6 120 683 136 49 1570 4650 5
17 1510 152 7 869 484 10900 2818 2383 3318 7 628 2137 4 8 317 8 45268 2376 15 329 1570 869 5
931 1715 1871 177 632 229 2505 8 3242 7 89 5
145 542 29 1595 32 2693 14 32 2516 284 15 200 10900 5
17 284 71 321 6 9 272 683 3961 25 523 1162 276 7623 120 229 2376 97660 5
187 31 964 9063 677 6 3 83 628 4242 4538 8 7732 1442 41154 5
17 23989 22190 3320 954 71 26 220 6 581 706 19 2794 5897 148 523 20388 13987 8 3 1570 869 200 484 5
81 1243 4 3 23989 954 71 26 220 10 9 421 270 284 47 71 581 1821 421 1987 6 3 1481 5
17 421 270 4859 71 6464 1128 3 552 10 683 1715 5
527 4 87 16 9 12433 10 3 1273 284 5
659 4498 9 272 8958 4 229 2505 29 6 26 3677 65 12430 3 22190 197 8 8515 871 103 7623 3 284 6 3 521 200 5
5753 27 2653 61 13 189 1752 5818 3 8958 7 3 954 4242 35 282519 323 68162 4 502 33 5
17 5077 4589 9 2383 1058 7 1714 8 89 6 1746 3 19547 2757 8 34082 5
2491 3 2770 31 1254 4 3 2770 27 6 26 5764 16139 5
66 71 26 381 13 1481 71 2780 3 5018 8 1297 3 7362 7 683 92 3 19393 71 26 197 55 10 9 206 4230 5
145 601 1708 9 14324 152 10 4242 2794 5897 14 869 200 871 10900 8 10260 3 1315 7 3 1273 5018 5
13945 27 6 3473 3851 628 8 236 6 1741 185 25 1149 6 197 55 22190 2757 8 8515 2770 14 3 284 5
17 1273 5018 1708 32 4213 152 10 628 4242 8 59457 4 10 1691 1714 10 421 270 5
26406 5897 8 954 10 3 3851 1564 71 26 170 24 3 22190 3320 1396 1217 5
17 954 31 1369 6 1445 8 71 26 2816 10 3 2505 26983 5
8616 4 9 421 270 284 71 26 1148 543 15 3 23989 954 5
17 1273 5018 71 1297 3 1028 7 1481 10 363 683 1866 10 3 869 200 5
6876 162 16 1282 6 24107 3 17592 7 12430 6943 22190 2757 8 8515 2770 6 6298 3 11040 5
66 16 3448 13 48 601 16 10605 15 9409 6943 2757 8 8515 2770 6 1297 3 11040 8 19898 7 3 421 270 284 5