17 498 536 3568 10 104 7 3 378 16 7789 2311 15 7504 6846 4 47 1250 14 52 202 7 676 536 220 5
17 15898 956 52 818 4550 8 391 2486 31 3863 3528 231 7 2176 4980 3531 133 21 2114 8 3355 536 5
81 46 1381 4 7737 7732 18843 11521 31660 35 33 16 3677 6 25450 3 12469 8 1308 470 7 1315 7 326 284 5
17 6951 2129 7 2114 326 16 18213 538 13300 3201 4859 35 27783 33 5
7219 4 3 4046 10 2114 326 16 1109 10 3 470 1506 24 150 3 326 18503 970 133 21 176202 8 114029 569 7 558 2114 326 5
659 27241 3 7362 7 1273 5018 4 23 16 74 3677 6 108 2029 960 1443 2016 523 2911 12453 133 21 17105 16344 1102 4 10005 7400 4 13083 489 2980 4 4703 5
81 169 176 4 3 1102 7 2114 326 2020 15 17067 470 8 12469 16 10637 14 306 1925 960 284 5
79 19079 2376 19 83 825 27708 4538 6886 13 3 1273 5533 29 333 2104 8958 8 23462 522 5
17 1045 7 3 131 2106 326 2046 1657 2372 19 1375 727 4 3338 49 390 21 1325 6570 6 1097 5842 14770 5
17 746 17458 3560 727 1632 982 1863 5202 16 3 689 899 7 391 2486 5
17 1863 431 16 57 7 558 1170 14 3 534 3891 6 2907 3 1783 718 13 71 185 6 1128 3 13537 7 3560 6025 5
2625 378 27 2504 6 5507 1863 431 6 1128 1461 727 12469 10 1070 6 3 2240 163 165 1786 6684 3492 15 994 337 35 41180 33 35 20986 4 32758 4 323 7914 4 590 33 5
17 1723 1923 4590 2818 13 3 284 3802 144 1605 2372 6 1163 22 2654 537 470 8 19 3033 1632 5
187 31 307 6599 6 1128 1632 10 326 2046 4 133 21 231 7 2155 6846 19 9 799 12469 785 4 337 10 3 2374 326 17067 5310 4 6192 7 18525 3531 10 254 7 3 1806 3531 5
1471 1217 16 231 7 4980 536 1714 133 21 2114 8 3355 5
473 5681 7 292 4684 8 83 534 12251 4 87 16 9 875 2826 14 2114 536 11531 70 180 3 131 5
527 4 3 5344 2129 7 2114 326 71 26 9 1236 6 3 5842 284 4 47 29 8736 6 2647 6 10887 10 3 796 14 2372 24 27012 326 25 4759 326 2046 5
81 767 2062 4 2114 326 16 351 76 1250 24 8500 2170 1877 8958 6 2258 282 537 2374 326 3035 14 9 392 6885 35 19763 323 1127 94950 4 502 109 1604 4 274 109 1604 4 14879 4 63801 4 323 113211 4 2076 109 63801 4 2076 109 287809 4 4 4 111388 4 323 9246 4 359 33 5
79 2190 4174 5702 29 45 1109 10 192 2062 6 1368 11323 284 1315 4 92 3 2114 326 16 523 25 3 1877 5
349 3 83 881 90 2062 6274 2506 6 13797 565 538 22190 1506 35 16581 323 11830 4 744 33 49 538 31270 2114 1952 628 35 6794 323 5014 4 274 33 14 2114 1952 10900 5
81 308 2062 4 3 27783 16 1109 6 26 3 282 10104 1506 14 3 34130 2114 1952 3201 35 4 476636 4 4 4 323 187165 4 2560 109 30412 12283 32330 4 2560 109 301898 4 15152 4 323 4 274 109 7914 323 23551 4 590 109 9048 4 6794 4 13115 4 53618 4 323 247186 4 2560 109 13115 12283 32330 4 2560 109 209509 4 86056 4 323 170936 105547 77757 4 6833 33 5
19699 4 3 292 17067 35 42385 33 16 104 1940 3322 4462 10 326 284 1315 8 1330 5
17 3316 7 8176 42385 16 6 19946 3 2374 326 3354 7 7470 2367 6 12042 3 676 1219 470 125 15596 8864 8 15728 12453 5
349 3 83 881 4 3 292 12469 17067 35 33 565 16 9 108140 95531 6905 27708 565 1254 6 293 19 156894 7 67 11130 8808 13563 1096 470 8 818 4550 25 12030 326 2046 8255 5
17 5139 7 5238 12453 133 21 13083 489 2980 4 17105 397 16344 1102 4 10005 1219 7400 35 33 8 1923 1632 321 6 9 103860 8 14510 115615 27708 565 19 2479 7 325 5
5104 4 14 7470 2367 19 108140 8 14510 115615 10777 4 3 4759 4309 133 21 391570 43241 8 66590 4309 71 3517 1018 3 282 537 49 401 282 537 2104 5
1113 192 4538 27 45 13787 873 10 117 2333 4 43 3817 221 7 9705 2638 463 6 108140 2129 7 6905 4859 106 7 17105 16344 1896 8 1892 7 5
7219 4 14 9 8587 284 4 3 8176 4309 27 405935 544 21 43 31 3538 6 2007 2082 4 3979 10 287 8958 49 9 147174 2104 8 46333 2235 5
81 1654 3 2020 13797 565 2506 2016 14510 6754 470 4859 8 523 5238 12453 4605 10 308 2062 4108 7301 15 84 8 5373 27964 133 21 80440 33855 9832 34148 23763 27708 4 35 33 35 37750 4 6793 4 6793 4 28700 4 323 7277 4 4 8862 33 4 98956 182 1046 281407 5018 35 33 35 187165 4 86730 4 323 377570 4 2560 33 4 176633 14900 1046 35 21421 33 35 6794 323 6793 4 6833 33 4 18982 23763 27708 35 33 35 323 70127 4 6833 33 4 39168 18982 23763 27708 35 33 35 1082 4 51933 4 20630 4 323 1604 4 590 33 33 4 98956 124913 35 33 35 15089 4 4 323 13731 4 590 33 4 37515 1046 904 19206 2069 18982 23763 27708 35 33 35 130854 4 6833 33 4 28902 26914 6942 35 33 35 40731 323 4 6833 33 4 100401 31660 35 104750 33 35 7277 4 4 323 4 2560 33 4 22510 9832 18982 23763 30026 210979 5979 27708 35 33 35 37750 4 6793 4 6793 4 28700 4 323 7277 4 4 8862 33 4 118 13417 18843 24038 27708 35 33 35 476636 4 4 4 323 395901 4 2076 33 4 80440 33855 18982 23763 27708 35 57466 33 35 476636 4 590 33 4 72312 26914 6942 19 3 22190 33855 124913 35 33 35 476636 4 4 323 4 4 8862 33 4 43241 18982 23763 27708 35 33 35 24730 323 4 2076 33 4 301639 5373 5018 35 33 35 323 194028 4 2076 33 4 120795 27708 31660 35 51538 33 4 35 8539 4 32396 4 323 474365 4 2560 33 4 22510 23725 15312 3581 18982 23763 27708 35 33 35 149288 4 4 156100 4 96940 4 323 484349 4 2076 33 4 22510 23763 1442 543 14900 1046 35 26303 33 35 4 537216 4 81402 4 30907 4 323 541769 4 2076 33 4 10197 1046 8 187157 5514 35 71218 33 35 14879 4 4 323 47153 4 2076 33 4 22510 41748 2204 543 18982 23763 27708 35 33 35 13320 4 19118 4 323 493684 4 2076 33 4 21847 174871 1046 35 81748 33 35 115711 4 4 323 4 2076 33 4 39780 7117 33855 521 30557 4624 31660 538 90108 5018 35 33 35 4 4 323 4 2076 33 4 80440 33855 5607 18982 23763 27708 35 33 35 476636 4 4 323 4 590 33 4 64933 2411 182 1046 281407 35 33 35 4 4 66978 4 323 4 2560 33 4 22510 4624 31660 35 78180 467707 33 35 323 522441 4 2560 33 4 296675 543 27708 35 502812 33 4 35 86056 323 343096 4 590 33 4 43241 124913 19 89 11264 10750 225419 35 152704 33 35 54127 4 4 4 323 97872 4 2560 33 4 118 124913 19 325 6951 1046 35 33 35 272940 323 4 359 33 4 28859 18863 124913 35 484638 33 35 272940 323 4 274 33 4703 5
49474 18843 11521 35 2616 33 31660 35 323 258031 4 274 33 9312 616 10 744 16 57 7 3 23763 1442 27964 13 36073 3 37138 3074 7 13417 12940 8 29 1595 485 785 8 206 773 6 4855 544 14 48480 108140 8 14510 11065 904 7410 5
13166 6 50 1906 2981 8 2411 23462 1175 4 2616 31660 29 45 6227 10 3184 3685 8 14510 3685 2333 5
7219 4 32 2616 29 45 3639 3677 6 523 3547 7 326 284 150 292 17067 35 62670 4 6833 109 323 2820 4 590 33 8 19547 326 3154 35 207091 4 295792 4 323 4 6833 33 5
17 83 2333 1038 4942 2124 37582 35 18150 323 7914 4 6833 33 4 19547 35713 326 3154 35 229760 323 4 2560 33 4 6062 2020 532 35 405484 4 98418 4 323 4 2560 33 4 6062 33583 3013 35 405484 323 98418 4 2076 33 4703 5
659 132 2616 48 1783 4 10 1087 2333 4 3 2370 2616 16 2164 19 83 13991 27708 27964 6 916 5373 2616 31660 5
81 1654 4 63801 4 4 57035 4 8 480640 35 2560 33 12966 32 33855 7732 18843 11521 31660 14 1739 292 17067 10 74959 34852 1443 4 92427 4 4 4 2820 4 8 147900 35 2560 33 6274 30557 7732 18843 11521 31660 14 12030 1513 2240 565 4 6793 4 6794 4 8 9536 35 6833 33 12966 9 5373 7732 18843 11521 7748 26914 6942 31660 14 19547 35713 326 3154 565 125 17208 7732 18843 11521 19 325 1046 35 120155 33 16 184 19962 7 2616 217 616 24 8 103394 35 6833 33 14 292 17067 2062 5
81 7294 7 192 4091 4 2616 142 1484 3303 6 1531 10 3 2586 7 3 391 19547 14 158122 108140 7410 5
622 2069 1185 7 2616 31660 18166 3 317 7 391 282 2104 76 3 2104 1046 14392 7 2370 2616 31660 16 217 10 46 1381 5
66 16 3677 6 2114 12030 292 12469 17067 35 33 565 2016 2114 326 21 160269 12911 5
17 1273 2616 31660 16 6008 543 15 7737 7732 18843 11521 31660 35 33 35 20928 323 86474 4 590 33 47 16 5373 7 2370 2616 8 104 974 18982 23763 27708 31660 5
17 689 4117 7 46 162 31 21 3177 53 17 1273 17592 16 3677 6 108 4482 292 17067 544 2016 70 5238 12453 5
31660 16 6227 15 9 5607 306 1925 960 284 14484 7 288 12030 2367 8 67 2114 5506 6 4855 565 5
17 282 522 3455 25 3 2104 7 3 42385 565 24 31660 31 677 19 138 845 10 3 308 66017 1450 254010 5
17 939 7 3 1381 16 4393 21 3177 5
8941 341 1929 3 17315 24656 7 3 42385 565 8 2114 1952 28917 109 8941 459 1708 2104 4644 6 5507 14 565 109 8941 503 6274 20260 522 8 2898 15 2104 1277 5
193592 31 43628 10 8941 500 5
145 2124 1900 19 17315 24656 7 565 2016 3 160269 5681 7 2114 326 8 12469 3012 35 1863 431 33 5
17 1506 3899 22 29404 1863 431 8 1308 470 7 5257 47 1038 1096 470 7 12030 2367 8 83 569 2442 19 2114 326 5
237457 160269 2129 7 2114 238 1595 10 35 410803 323 13141 4 744 33 4 3 15565 7 2114 1952 10887 71 26 962 24 13300 3201 4859 4 19 3157 2916 8 2430 2916 5
1498 120 392 89 12634 4 3 13300 7 2114 7434 110 71 26 1465 21 10 35 249 33 4 35 249 33 17 970 16 3 7468 7 89 14 47 3 2114 1952 16 4 5
17 16364 3201 4859 4 16 3 13300 13 3 2114 1952 16 216 49 287 58 392 24 35 341 33 4 35 341 33 17 16364 3201 4859 16 3 13138 7 27783 5
17 3354 7 3 2114 14029 15165 14 9 392 2114 1952 9796 16 392 1298 24 35 459 33 35 500 33 53 35 459 33 35 503 33 35 500 33 114 16 3 818 15183 10 4 16 4532 352 7 2114 14029 16723 10 4 55969 16 423 10 1952 4 16 423 61 1952 8 16 6595 1952 7 2114 14029 284 5
17 13300 7 3 2114 326 110 4568 4 6595 8 10 148 4568 8 6595 16 392 3995 24 35 708 33 35 704 33 35 13115 12283 32330 4 2560 33 4 35 708 33 35 700 33 35 704 33 7013 5
131804 95531 6905 292 12469 17067 24656 17 1308 470 7 1315 7 4759 8 2114 8252 14770 16 392 24 35 782 33 35 13115 12283 32330 4 2560 33 4 35 782 33 17 557 1043 10 35 782 33 2464 470 4859 7 12030 15165 8 1038 17105 16344 1896 18213 10 970 7 532339 4859 5
17 169 1043 2610 14 1821 470 7 2114 326 4580 25 2114 2810 3802 47 16 5892 6 26 1876 24 180124 3802 5
2680 3 2114 536 7332 1443 27 799 12911 569 4 3 1315 8 4518 470 16 3292 5
17 296 1043 42540 6 1936 470 47 16 463 6 114029 7 558 2114 326 13 522 10 2114 55110 8 12146 637 7 47341 558 2114 326 5
10052 3 740 1043 2464 4174 470 47 16 463 6 176202 7 558 2114 326 5
145 1043 2742 964 65 9 528 2114 326 16 5870 176 7 1308 326 2168 7 284 10 47 3 284 19712 1117 569 6 581 5314 7075 14 3 2114 9260 35 323 194494 4 2560 33 5
17 73 1043 42540 6 1863 12469 470 47 16 463 6 12469 1601 24 12030 14770 5
17 1043 16 226 1863 431 484 35 56 33 8 50 871 5473 15 534 3891 7 151 5
5898 12453 17 131804 27708 24656 10 35 782 33 16 1441 6 3 508 197 7 8864 8 15728 12453 5
4465 1760 17 8864 37863 10 35 183 33 1929 3 326 1760 148 2020 8 6885 4 150 3 7084 1174 35 33 5
17 12453 10 35 407 33 8 35 403 33 2123 3 326 3354 7 12030 2367 8 2114 536 7332 284 496 40 798 8 4416 2980 5
35 183 33 35 407 33 35 403 33 114 3 7084 637 4 16 92443 10 970 7 177751 21 9 4859 7 3 521 3354 326 7 12030 2367 10 3 508 916 4 35 698 33 5
131154 1219 2440 7 12030 14770 17 1096 470 23070 7 5238 8272 14029 2434 14770 31 228461 21 1081 7 3 1513 1219 1079 16 34 535 558 14 2930 17067 3035 463 6 90 15172 10 3 4081 49 40 9946 133 21 11311 4 36115 18003 4 49 34395 10 19671 6752 5
66 770 13 3 12030 2367 27 35 323 16258 4 3495 33 47 522 10 164865 10 470 11963 8 12146 23 2818 856 1164 6 384 16079 2104 5
81 1407 4 3 284 3802 16 34 805 6 162 10 192 3248 5
17 16079 1219 7400 7 12030 2367 71 26 3380 21 35 685 33 114 2464 3 221 7 7 12030 1513 4 8 31 3995 3 798 8 4416 2980 7 10005 2440 7 12030 1513 5
107360 489 2980 7 12030 14770 81 2755 1407 3 284 3802 8361 30392 10494 329 1390 49 347 32 1390 14 9 392 6885 5
238 3 6885 15 284 893 10 4831 1330 20587 3 326 3354 7 12030 2367 16 1406 6 8743 2367 3354 6 868 3 6885 5
145 337 340 34 159 254 56882 7302 6885 893 5
355 3 15165 13083 489 2980 31 1109 4 3 1219 2980 7 3 7470 1513 31 5607 21 3177 35 121406 4 17730 4 323 71920 4 274 33 4 35 409 33 114 16 3 767 1219 397 7 3 12030 1513 8 8 31 3 124 8 55 13083 489 2980 4 3995 5
16347 4859 14 2114 2810 14689 3 2114 5506 31 1876 24 540 1162 8 3 7132 4262 331 14 2114 326 4580 25 2114 2810 4262 543 15 3 326 2120 809 5
79 27728 470 4859 14 326 10978 25 3 134505 3802 16 392 1298 35 301898 12283 32330 4 274 33 4 35 697 33 114 16 3 1821 470 85612 14 2114 2810 5
17 2376 10 6854 842 13 3 676 569 7 2114 2020 16 180 4271 202 7 3 676 12030 569 35 61119 323 65753 4 6833 33 5
458 46 470 85612 71 26 3112 14031 10 19547 17067 24656 5
16347 463 6 114029 7 558 2114 326 622 4967 7 2114 2020 463 6 114029 7 2114 326 142 899 284 1219 544 133 21 7084 517 9055 13 2697 6 2114 15165 326 65639 154 1966 1315 5
11386 2810 4262 31 9282 4808 1918 2372 200 2981 5
145 1058 16 2239 202 7 3 1058 13 3 2114 2810 3802 86 27 1874 2631 35 34783 12283 32330 4 280 33 5
17 1936 470 14 34 538 558 2114 326 14 2114 2810 16 27394 1298 21 53 35 800 33 114 16 1936 470 85612 463 6 114029 7 2114 326 14 2114 2810 10 56 4 16 4209 49 558 2114 326 7 2114 2810 10 20502 8 16 9 13300 15183 4859 7 2114 326 3354 5
16347 463 6 176202 7 2114 326 17 4174 470 21 9 665 7 176202 7 558 2114 326 25 2114 2810 16 27394 21 53 35 630 33 114 16 4174 470 85612 463 6 176202 7 2114 326 14 2114 2810 10 56 5
12811 7 176202 8 114029 569 17 2376 7 176202 470 16 1303 61 24 8500 2114 2810 7 3267 6595 326 5
3062 3 36680 2114 326 7 9 2114 2810 16 5892 6 26 35 33 8 326 958 1601 16 5
17 176202 470 16 392 24 35 947 33 4 35 947 33 35 302 33 35 1004 33 17 114029 470 16 10637 10 9 825 4230 8 16 392 24 446326 35 985 33 35 985 33 114 35 1135 33 35 889 33
49474 18843 11521 31660 17 11521 7 7732 12940 9286 7 108 3351 7 12940 13563 4723 12940 35 33 4 59304 12940 35 33 8 19191 12940 5
766 12940 13 31 1001 14342 9 514 1351 35 10520 1026 2104 33 31 226 4723 12940 125 3 12940 1767 10 3 30450 31 226 59304 12940 5
17 19191 12940 1046 14 84 514 1543 10 9 6951 152 5
17 4723 12940 2831 13173 7 43326 25 3 514 1351 6 3 30450 8 59 432 3 317 52 3 827 7 514 1351 19 59304 12940 24 4149 2190 2125 7 2997 5
766 18725 1454 3 3184 15338 2828 24 4723 12940 8 543 15 3 317 597 25 4723 12940 3 18725 2401 9 282 514 1351 5
79 1654 514 1351 16 3467 24 59304 18843 4808 15 50 13300 35 33 871 538 35 605 33 4 35 605 33 114 16 3 5188 871 7 3 1026 2104 35 514 1351 33 8 5
17 1043 6154 221 7 421 23394 5
135778 35 605 33 2048 13 3 206 514 1543 3823 48 59304 12940 677 6 788 1603 5
145 770 48 18725 31 188597 6 254 114 3 13300 7 587 206 1277 514 1351 16 48 5
17 18725 49 19191 12940 31 123429 21 4723 18843 480 43 384 9 514 1351 8 2179 14342 23 5
622 4723 18843 2742 19191 12940 4 480 3 514 1351 2442 19 23 4 1487 2112 9572 5
17 19191 6950 14 84 514 1351 14027 232 6 35 1239 33 5
35 1239 33 114 2464 4416 8 798 2980 7 421 12911 7 2104 8 3 1043 2464 6951 221 148 6494 8 249 5
17 1332 2104 60401 14 514 1351 10 3 1193 71 26 3380 24 5
81 2616 31660 4 3 1519 1193 2464 9 197 7 537 2506 4 47 59 2464 827 7 514 1351 5
17 1046 650 10 2616 31660 16 1303 61 10 179 1959 120429 5
4 4723 18843 4141 4 59304 18843 4141 8 19191 18843 4141 5
81 3 650 4 9 197 7 1026 2506 31 14027 4209 538 35 1239 33 5
3194 4723 8 59304 18843 16 6234 9 2485 7 4231 9 84 514 1351 24 27396 3 2442 514 1351 538 446326 35 1173 33 53 35 1173 33 114 16 9 6951 221 10 3 12634 1356 4 249 1362 4 16 84 1026 2104 35 514 1351 33 4 16 498 514 1351 2442 19 4723 18843 4 16 514 1351 10 3 11552 7 8 72539 14027 3112 1291 133 13 5
17 84 514 1351 16 677 19 11771 4 3 43326 1058 7 84 514 1351 16 677 19 551 57 6 1865 3 333 2104 49 514 1351 5
17 18843 9547 84 514 1351 92 23 16 333 58 551 57 2631 551 514 1351 16 7324 10 3 2900 79022 5
14203 3394 650 16 3677 5
3194 514 1351 10 3 2616 31660 29 9 4543 4444 1013 21 87928 5
208 3 84 514 1351 2442 19 4723 8 59304 12940 71 34 26 454 5607 54 9 1087 221 7 4543 2980 4 3 514 1351 16 14386 8 6229 3 2442 18843 2742 9 19191 18843 5
17 19191 18843 95 4209 14027 6950 9 84 514 1351 232 6 35 1239 33 8 2742 32 4723 18843 369 5
17 4543 2123 16 9 532 96734 7 2616 31660 8 23 3466 2020 7 19191 12940 5
332 3 194 7 290 1046 4165 3 4543 2123 871 16 677 19 4543 2123 4444 5
208 3 871 7 4543 2123 4444 15471 3 125444 4543 2123 871 4 3 4723 18843 7 46 514 1351 2742 9 19191 18843 5
17 1519 514 1046 650 7 7732 18843 11521 31660 16 1595 10 98586 249 5
283578 7 3 2616 31660 98586 249 5
283578 7 3 2616 31660 5
7737 7732 18843 11521 31660 35 33 17 2370 2616 31660 340 34 231 3 391 282 2104 7 1193 10 290 2020 6 1821 3 1046 16480 1537 391 19547 2104 5
66 29 45 217 10 551 6854 13 3 2616 31660 29 206 391 1046 7453 44 1024 325 1046 7453 4 125 3 124913 29 206 325 1046 1175 44 1024 391 1046 1175 5
81 678 6 6298 3 12732 7453 7 2616 31660 11771 4 6 1297 3 1175 6 2780 3 2505 7 3 767 206 2506 6 384 141 333 1026 2506 4 32 1117 1043 16 2042 10 35 1173 33 35 20928 323 86474 4 590 33 5
17 5607 446326 35 1227 33 16791 3 1046 2785 1537 391 5
35 1227 33 114 3298 16 9 6951 221 10 3 12634 148 1356 6494 4 341 1362 8 3 1043 4 2464 5606 7 3 391 282 2104 10 498 2020 5
39168 31660 659 454 4656 3 12732 7453 7 2616 31660 4 446326 35 605 33 16 5607 6 4498 3 508 446326 35 1403 33 35 4 250777 4 4 323 2560 33 4 35 1403 33 114 16 3 5188 871 7 391 282 2104 79022 5
3 282 2104 297 498 2104 60401 5
8616 3 84 1046 650 1141 1653 7 2505 7 3 391 282 2104 6 13655 3 1046 16480 825 6 124913 5
17 24220 96734 3298 144 26 3577 3112 95 13 3 84 2104 16 34 2434 305 25 13228 1026 2104 5
17 396 871 7 46 532 96734 142 34 1297 2104 1277 21 35 1173 33 8 35 1227 33 5708 440 216 522 5
349 3 83 881 4 3 528 871 7 3298 142 1128 5633 7453 7 1046 650 5
22026 4644 6 5507 14 565 17 4000 23394 10 27708 650 31 2374 326 55906 7 12030 2367 8 2114 2810 3354 326 10 20502 5
17 30392 871 7 192 4000 23394 5708 13228 326 22 3033 470 5
17 1092 24 1092 4644 6 28669 3 565 538 31660 16 21 3177 53 17299 249 38 5
311402 3 470 8 12469 225419 4 17105 397 225419 4 10005 1219 7400 4 13083 489 2980 8 2374 326 2980 14 290 12030 1513 5
2453 5
311402 19393 7 13300 3201 4859 7 2114 1952 4 2374 326 2980 8 470 225419 7 2114 9260 5
6054 5
311402 19393 7 3 31660 133 21 3 221 7 4723 12940 35 33 4 18725 35 33 4 794 4444 2123 35 87928 33 8 24220 4599 35 3298 33 5
17299 341 35 7 1193 19 6951 2506 33 14983 1193 16 4209 39386 25 3 100096 1046 904 4 4 114 16 3 1646 7 3 1193 8 31 1026 2506 5
3194 2104 60401 16 8004 6 140746 1046 6589 7 3 4723 12940 4 3 59304 12940 8 3 19191 12940 5
17 1291 8 4 3995 2464 3 221 7 12030 2367 8 2114 5506 4 5
766 421 23394 392 24 60401 31 5146 30985 148 40 4416 8 798 2020 2980 5
273 2114 12030 17067 542 3 6951 2770 7 2104 60401 31 1601 538 5
35 306 33 8 35 1078 33 5
35 306 33 35 1078 33 273 392 13797 10398 4 32 2007 1193 16 4209 232 6 35 2131 33 4 35 2131 33 17299 459 35 20865 8557 33 17 5188 871 7 290 514 1351 827 16 5291 24 12752 6905 4859 871 5
11686 3 4165 2408 21 249 8 4619 3 1959 392 1298 285 3 3235 221 7 12104 31 1049 35 14152 6680 33 5
17299 503 35 122169 18843 4141 33 81 46 1092 4 290 4723 18843 5708 9 84 1026 514 1351 10 3 20163 7 50 498 827 538 35 1227 33 5
208 9 871 7 421 96734 1601 24 35 1227 33 35 306 33 15471 50 2123 4 3 96734 16 197 6 50 2123 871 5
17 5607 514 1351 827 16 5291 14 12453 10 35 183 33 35 403 33 5
1516 12453 133 21 13083 489 2980 8 31 59 5291 4808 1918 960 284 5
17 8864 12453 31 5487 24 4644 392 10 35 36859 4 1515 33 5
1301 3 5188 871 35 6905 4859 871 33 7 290 1026 514 1351 16 12354 5
208 3 84 5188 871 16 333 58 3 551 57 4 3 84 514 1351 827 16 6212 109 2631 4 3 551 57 16 7324 10 3 2900 5
17299 500 35 113596 46025 33 622 59304 13220 9 514 1351 827 7 4723 18843 4808 1918 2177 35 13300 33 7 587 141 333 514 1351 538 35 1403 33 5
17299 708 35 71315 4141 33 2491 3 59304 18843 29408 3 514 1351 827 7 4723 18843 4 23 16 454 5607 6 4498 333 514 1351 827 24 538 35 1227 33 5
8077 14203 3394 16 3677 6 4643 333 2104 8 28764 19618 2104 5
17299 700 35 19105 18843 4141 33 208 3 9 1654 2104 16 34 2069 14 1087 794 2980 4 23 16 14386 8 3 19191 18843 5708 9 84 6951 2104 232 6 35 306 33 8 35 1078 33 5
17299 704 8546 3 282 2104 35 514 1351 827 33 3455 95 300 5
130904 3 43241 2408 5
17299 782 208 3 5964 38020 16 34 15251 4 198 6 1092 503 5
17 5964 38020 10 46 267 16 3 3235 221 7 12104 35 231370 33 5
17 20260 1586 14 1273 31660 16 6227 538 415722 8 5913 15 9 9073 62778 4 128845 11986 13821 19 341 13336 39479 5
81 678 6 1798 14076 3 391 4231 1175 7 3 1273 31660 508 745 31 1109 5
11664 79 35 21241 7410 33 659 3617 3 7453 7 1273 27708 31660 4 1273 16 28581 15 500 87625 4482 7410 5
17 282 522 7 31660 54 575 1002 31 392 10 20498 249 5
17 522 842 10 970 7 1153 871 8 2029 44398 10260 3 1175 7 1273 31660 6 3209 25 325 8 206 1046 7453 21 104 7 192 4482 7410 31 841 6 4855 24 83 27708 27964 5
20498 249 5
75250 7 522 14 3 1153 8 3 2029 44398 14 2616 4 8 1273 5
89969 23179 15209 12231 904 35 6517 33 2616 35 20928 323 86474 4 590 33 35 3298 3082 3127 33 35 20928 323 86474 4 590 33 35496 35 3298 3082 3127 33 29139 28249 29139 28249 29139 28249 48616 341 1356 4 577 1362 6494 6494 6494 6494 6494 6494 459 341 1356 4 306 1362 459 99816 306 1356 4 577 1362 1054 306 1356 4 3784 1362 1054 306 1356 4 80188 1362 1054 112591 306 1356 4 2131 1362 1054 11664 2636 35 837 6905 33 81 46 267 108 960 1443 14484 7 708 4 409 8 716 12030 2367 31 4400 8 522 31 677 19 616 1589 27964 6 5441 3 773 7 31660 5
11664 3298 35 95531 6905 33 81 46 267 306 1925 960 284 26080 5607 6 7933 2114 326 25 67 2114 5506 16 4400 8 3 19547 522 3455 24 31 677 19 83 4309 5
394789 3394 7 31660 17 3656 21365 24220 96734 16 1568 1217 5
17 1273 1217 29 108 532 19393 13563 3 221 7 4723 12940 35 33 4 221 7 18725 35 33 4 8 87928 871 5
81 46 1381 3 221 7 59304 12940 16 3112 6 26 48 58 3 4723 12940 4446 1494 2616 5
17 2770 7 221 7 59304 12940 8 794 2123 31 1221 24 15826 3 523 960 745 5
766 8365 42 336 14 1317 61652 125 21853 19547 9937 7 19393 5
273 65894 5060 4 658 4 3 960 284 7 409 1513 16 1109 5
39937 7 221 7 18725 35 409 1513 960 284 33 435 464 523 16691 7 19393 3 282 871 7 221 7 4723 12940 14 409 1513 960 1443 16 170 6 26 1814 5
17 871 7 4543 2123 96734 16 197 183 5
17 221 7 18725 16 9833 25 1814 6 8807 10 1092 7 1814 5
273 329 1092 3 447 18 336 14 306 9790 8 1153 470 871 18 2236 5
98586 341 842 3 13422 7 1153 470 14 523 2770 7 59304 12940 5
66 16 6453 13 3 31660 1929 248 1153 470 871 65 3 221 7 59304 12940 16 218 400 4723 12940 11771 4 9222 5
7219 3 1153 1096 470 3455 24 1273 5018 16 56 65 3 221 7 18725 31 3628 6 221 7 4723 12940 5
1949 3 1153 1096 470 871 340 34 337 24 964 1058 65 3 221 7 59304 12940 42 853 1281 9222 623 3 66413 89 2238 5
12502 4 3 221 7 18725 14 409 1513 960 284 16 197 6 9222 14 282 522 8 5870 46333 89 5
130190 7 1153 470 14 523 2770 7 18725 35 409 1513 284 33 98586 341 5
130190 7 1153 470 14 523 2770 7 18725 35 409 1513 284 33 5
39937 7 4543 2123 871 81 678 6 196 3 1102 7 87928 96734 15 3 1153 1096 470 4 3 221 7 4723 12940 16 197 6 1814 8 221 7 18725 16 197 6 9222 79022 5
218 400 221 7 4723 12940 5
17 98586 459 842 3 13422 7 1153 470 14 523 871 7 87928 9833 25 459 6 1992 5
355 3 871 7 87928 16 177 799 79022 5
287 58 183 3 1153 470 3455 24 31660 16 15 568 487 5
7219 4 14 568 871 7 2123 96734 3 1153 470 7952 6 474 5
273 46 960 284 4 3475 4 3 19547 522 14 1153 470 42 3455 14 871 7 87928 96734 10 3 11552 7 183 5
130190 7 1153 470 14 523 2770 7 18941 44692 96734 35 409 1513 98586 459 5
130190 7 1153 470 14 523 2770 7 18941 44692 96734 35 409 1513 960 284 33 5
39937 7 96734 3298 81 678 6 1821 3 1046 16480 1537 16079 1033 4 6943 871 7 96734 3298 29 6 26 3467 5
17 13422 7 96734 3298 19 2201 6 1153 1096 470 14 409 1513 960 284 16 392 10 98586 503 5
66 71 26 381 13 3 1153 1096 470 14 409 1513 284 16 3033 14 3298 96734 871 7 5370 5
20498 341 1929 3 13422 7 96734 3298 19 2201 6 1153 1096 470 14 70 108 960 1443 5
31337 2770 10 20498 341 4459 3 282 871 35 3 8855 871 33 7 1096 470 14 392 3298 96734 5
66 16 6453 13 3 6943 871 7 96734 3298 14 708 1513 960 284 16 5370 4 125 14 409 8 716 1513 960 1443 46 871 16 3127 5
130190 7 1153 470 14 523 2770 7 96734 3298 35 409 1513 960 284 33 98586 503 5
130190 7 1153 470 14 523 2770 7 96734 3298 35 409 1513 960 284 33 5
20498 341 5
72312 7 1153 1096 470 19 96734 3298 14 708 4 409 8 716 1513 960 1443 5
3298 29139 1096 470 35 56 33 708 8576 960 284 409 8576 960 284 716 8576 960 284 5853 249 5696 4611 5061 5370 3127 5700 6448 6094 7627 341 459 503 500 10548 5
11664 79 35 18996 6905 292 17067 33 5
2954 284 249 35 19 10005 1219 7400 4 13083 489 2980 4 8 7084 992 637 33 145 960 267 9286 7 288 12030 2367 8 676 6885 796 16 197 6 344138 20502 5
17 284 628 14 46 960 284 16 558 10 35 476636 4 4 323 4 4 8862 109 4 1095 109 323 103394 4 6833 33 5
17 221 7 4723 12940 4 59304 12940 8 871 7 87928 96734 14 46 960 284 31 197 6 4 4 3995 5
17 19547 17067 3035 7 14770 8 282 1096 470 24 3 1273 31660 8 83 4309 16 2209 10 20498 459 10 47 109782 6154 676 2020 10 20502 4 87928 6154 676 1174 10 20502 4 11809 16 1096 470 10 56 5
17 19547 470 3455 24 5533 54 575 9790 16 56 47 16 333 58 616 217 4309 5
17 1096 470 217 10 35 149288 12283 32330 4 2076 33 4 35 323 194028 4 2076 33 4 35 4 4 66978 4 323 4 6833 33 4 8 120155 35 323 103394 4 6833 33 4 16 3995 56 35 20502 33 4 56 35 20502 33 4 56 35 20502 33 8 56 35 20502 33 16 333 58 13 7 3455 24 1273 5018 5
17 11036 10 18415 6154 3 637 217 10 12510 1381 5
527 3 637 7154 538 2636 40056 7 35 4 1095 33 16 3995 20502 4 20502 4 20502 8 20502 5
145 770 3 798 1096 470 1036 10 192 3174 16 22 3 470 7 37863 5264 5
17 23462 15565 14 31660 14 288 1513 284 16 2209 10 98586 500 5
20498 88566 1929 3033 4 596 8 3235 1096 470 486 19 2029 44398 8 596 50773 89 1272 14 23462 24 1273 8 83 4309 133 21 4624 31660 35 37566 33 35 323 16258 4 3495 33 4 2489 174871 1046 35 81748 33 35 4 4 323 4 274 33 4 23763 27708 35 124913 33 35 4 1095 33 4 26914 6942 35 19895 33 35 153421 323 219629 4 274 33 4 5373 14900 1046 35 26303 33 35 323 4 280 33 4 7732 5587 284 35 86698 33 35 537216 4 43311 4 99925 4 323 90898 4 359 33 4 3897 2981 543 37566 35 33 35 34490 4 4 8862 33 8 108384 124913 35 4 4 4 323 210632 359 33 5
20498 459 5
75250 7 20260 522 7 523 4309 14 708 1513 960 284 19 6885 796 7 344138 20502 5
8576 25947 35 323 70127 4 6833 33 502812 35 86056 323 343096 4 590 33 35 149288 12283 32330 4 2076 33 35 12283 32330 4 2560 33 35 323 194028 4 2076 33 120155 35 323 103394 4 6833 33 4 78408 82162 85341 115210 58565 163524 109782 87928 11809 109782 6154 676 2020 10 20502 4 87928 6154 7084 637 10 20502 8 11809 6154 1096 470 10 56 5
16347 23462 10777 7 708 1513 284 24 31660 98586 500 5
16347 23462 10777 7 708 1513 284 24 31660 5
20498 503 5
75250 7 23462 522 14 708 1513 960 284 54 575 794 1002 14 6885 7 344138 20502 5
64362 40782 470 35 56 33 29139 470 35 56 33 37642 470 35 56 33 3260 44398 215543 50773 89 35 2106 33 37566 35 323 16258 4 3495 33 368994 368994 81748 35 12283 32330 4 274 33 35858 35858 124913 35 4 1095 33 196680 196680 35 323 522441 4 2560 33 50443 50443 19895 35 153421 12283 32330 4 274 33 50443 50443 26303 35 323 4 280 33 50443 50443 86698 35 537216 12283 32330 4 359 33 50443 50443 35 34490 4 4 8862 33 50443 50443 341 35 12283 32330 4 359 33 50443 50443 35 476636 12283 32330 4 2076 33 50443 50443 35 15089 12283 32330 4 590 33 50443 50443 50443 50443 383426 131585 5
2954 284 341 35 19 13083 489 2980 8 10005 1219 7400 33 145 284 29 409 12030 2367 9720 9 284 6885 796 7 20502 5
145 960 284 7 12030 2367 29 14510 115615 8 103860 470 4859 19 12453 133 21 8 13083 489 2980 5
17 282 665 14 1096 470 217 10 254010 29 1773 1079 7 523 148 3 2770 25 56 35 323 103394 4 6833 33 4 6 56 35 130854 4 6833 33 5
145 16 463 6 523 871 7 3893 7 8862 40056 5
81 46 1381 3 871 7 10 8862 40056 16 197 6 5853 35 130854 4 6833 109 4 4 4 323 4 590 33 5
17 284 628 16 558 10 35 4 1095 33 5
2018 3 523 27012 2367 4 2367 341 4 500 8 708 27 108 10005 7400 4 8 1513 403 29 67 10005 7400 5
17 19547 2020 470 3455 24 16 333 58 70 83 4309 982 616 217 293188 35 130854 4 6833 33 5
20498 500 842 3 282 17067 3035 7 12030 2367 14 3 523 4309 150 1273 57 5
17 391 3033 3455 54 575 794 1002 24 16 56 44931 70 12453 4 133 21 2020 2980 4 326 1760 4 13083 489 2980 8 5
17 3033 1096 470 217 10 323601 35 323 4 590 33 4 104750 35 7277 12283 32330 4 2560 33 4 8 26303 35 323 4 280 33 16 3995 56 35 301648 20502 33 4 56 35 20502 33 8 56 35 20502 33 5
17 915 10 18415 3001 3 7084 637 217 10 12510 1381 5
17 2755 7084 637 16 99065 24 538 3 19547 2020 3035 392 24 35 323 4 590 109 323 4 280 109 7277 12283 32330 4 2560 33 4 538 3 9796 628 7 35 4 1095 33 4 8 31 170 6 26 3995 20502 4 20502 8 20502 5
931 4309 3303 6 8922 3 326 1760 14392 79022 5
3 6885 796 20502 16 34 15251 5
17 23462 15565 14 25524 1513 960 284 14 1273 31660 16 392 10 98586 708 5
20498 708 1929 522 14 3033 4 3235 8 596 1096 470 3455 24 8 83 4309 133 21 155240 8690 124913 35 476636 12283 32330 4 2076 33 4 124913 19 5607 160269 10750 2193 35 476636 12283 32330 4 2076 33 4 6748 37138 35 98083 33 35 537216 323 4 274 33 4 8 17229 255197 105 18982 23763 27708 115711 35 34490 4 4 8862 33 5
20498 500 5
75250 7 20260 522 7 523 4309 14 409 1513 960 284 19 6885 796 7 20502 5
8576 35 24730 12283 32330 4 2076 33 2616 35 12283 32330 4 590 33 25947 35 12283 32330 4 6833 33 35 32330 4 6833 33 78408 82162 85341 115210 58565 163524 175676 362158 65097 234990 73723 62216 70716 52847 62098 109782 20502 33 87928 35 20502 33 11809 35 56 33 16347 23462 10777 7 409 1513 284 24 31660 98586 708 5
16347 23462 10777 7 409 1513 284 24 31660 5
20498 708 5
75250 7 23462 522 14 409 1513 960 284 54 575 794 1002 14 6885 7 20502 5
64362 40782 470 35 56 33 29139 470 35 56 33 37642 470 35 56 33 3260 44398 9897 50773 89 35 2106 33 37566 35 4 1095 33 50443 50443 124913 35 4 1095 33 50443 50443 86698 35 537216 12283 32330 4 359 33 50443 151488 98083 35 537216 4 43311 4 99925 4 323 90898 4 359 33 50443 50443 81748 35 12283 32330 4 274 33 45671 174167 35 476636 12283 32330 4 2076 33 7170 167760 35 476636 12283 32330 4 2076 33 50443 124884 104750 35 7277 12283 32330 4 2560 33 50443 115711 35 34490 4 4 8862 33 183853 2616 35 8 2820 4 590 33 50443 99130 35 323 70127 4 6833 33 109710 50443 6154 34 217 5
2954 284 459 35 19 17105 397 1896 4 13083 489 2980 8 33 145 960 284 9286 7 716 12030 2367 19 17105 397 16344 1102 9720 9 676 796 7 32837 20502 5
17 470 11963 225419 4 1219 2980 7 2367 4 13083 489 2980 8 31 558 10 35 62674 323 118657 4 502 33 5
17 6885 796 14 46 267 16 32837 20502 5
17 7084 637 16 34 1109 10 46 267 5
17 629 19393 7 1273 5018 133 21 221 7 4723 12940 4 59304 12940 8 871 7 87928 96734 14 46 960 284 31 197 6 4 4 3995 5
17 665 7 3 3033 1096 470 3455 24 31660 16 56 8 16 18089 333 58 83 4309 133 21 2069 2025 13991 5979 35 52273 4 48845 4 323 343096 4 1095 33 4 39168 26914 6942 35 98130 33 35 62674 4 37608 4 323 118657 4 280 33 4 198770 26252 31660 35 243202 33 35 62674 323 118657 4 590 33 4 521 30557 37566 35 323 115763 4 280 33 4 5607 19895 35 323601 33 35 323 4 590 33 4 64933 2411 182 1046 281407 35 12283 32330 4 2560 33 5
17 3033 1096 470 3455 24 1273 5018 16 177 408 6 35 40731 323 4 6833 33 4 658 3 2020 3035 16 523 5
20498 700 1929 282 1315 3035 3455 24 8 83 4309 5
17 19547 2020 7 290 1513 16 496 40 3033 8 3235 2020 2980 5
17 23462 15565 14 3 282 2104 3455 24 1273 5018 16 1595 10 98586 700 5
17 10028 7 3033 4 3235 8 596 1096 470 16 392 10 20498 704 5
20498 700 5
75250 7 20260 522 7 523 4309 14 716 1513 960 284 35 32837 20502 33 5
8576 2616 35 8 2820 4 590 33 351375 35 323 70127 4 6833 33 35 130854 4 6833 33 35 40731 323 4 6833 33 78408 82162 85341 115210 58565 163524 175676 362158 65097 234990 73723 62216 70716 52847 62098 57932 66394 518349 66880 117062 74014 424983 82675 75160 145398 87781 96493 92201 92579 84206 95610 99359 112932 112687 124533 134417 155916 138295 223070 421546 109782 35 20502 33 11809 35 56 33 16347 23462 10777 7 716 1513 284 24 31660 98586 700 5
16347 23462 10777 7 716 1513 284 24 31660 5
20498 704 5
75250 7 23462 522 14 716 1513 960 284 54 575 794 1002 14 6885 7 32837 20502 5
64362 40782 470 35 56 33 29139 470 35 56 33 37642 470 35 56 33 402280 125780 9897 50773 89 35 2106 33 35 52273 12283 32330 4 1095 33 35 62674 323 118657 4 502 33 35 272940 323 4 359 33 50443 484638 35 272940 323 4 274 33 50443 35 12283 32330 4 2076 33 2616 35 8 2820 4 590 33 50443 285820 35 62674 12283 32330 4 280 33 351375 35 323 70127 4 6833 33 50443 50443 35 86056 323 343096 4 590 33 50443 35 323 115763 4 280 33 50443 50443 57466 35 476636 4 590 33 50443 19895 35 153421 12283 32330 4 274 33 50443 50443 104750 35 7277 12283 32330 4 2560 33 50443 50443 323601 35 323 4 590 33 50443 50443 35 62674 323 118657 4 590 33 50443 35 130854 4 6833 33 281499 35 476636 4 4 323 4 590 33 50443 50443 35 476636 12283 32330 4 2076 33 50443 50443 35 12283 32330 4 2560 33 50443 50443 152704 35 54127 4 4 4 323 97872 4 2560 33 50443 50443 35 1082 12283 32330 4 590 33 985 10873 5
11664 2636 35 12469 292 17067 33 81 46 2124 4 292 12469 17067 565 16 10455 14 2016 306 1925 284 3797 67 2114 5506 16 10455 5
6876 46 2124 9670 3 773 7 1273 5018 19 31660 1273 10 35 13115 12283 32330 4 2560 33 5
187 31 676 179 523 11952 1109 6 4498 19547 2104 7 565 5
17 74 267 35 11664 249 33 8612 837 6905 27708 565 14 288 1513 284 276 2016 12469 8 2114 326 5
17 169 267 35 11664 341 33 37469 95531 6905 27708 565 14 288 1513 284 276 2016 2114 326 5
17 296 267 35 11664 459 33 37469 837 6905 27708 565 2016 288 12030 2367 8 67 2114 5506 44 276 2016 12469 37863 5
17 740 267 35 11664 503 33 34298 565 2016 288 12030 2367 8 67 2114 5506 5
273 3 8347 7 4631 4 3 871 7 1863 431 4 8 12469 225419 7 306 1925 284 392 10 35 13115 12283 32330 4 2560 33 31 1109 10 3 2376 6 1667 5
11664 249 8 341 81 189 745 16 6227 15 69558 306 1925 960 284 9286 7 288 12030 2367 19 17105 397 1896 5
17 282 30392 17067 3035 14 6885 796 7 22585 20502 4 23061 20502 8 19786 20502 14 11664 249 8 11664 341 31 392 10 20498 782 5
17 3033 1096 569 3455 24 1273 31660 14 11664 249 14 523 6885 2779 7 22585 20502 4 23061 20502 8 19786 20502 31 146 333 58 138 217 10 35 13115 12283 32330 4 2560 33 5
7219 4 3 676 470 7 1315 54 2016 3601 1863 431 22 302 56 35 267 341 33 14 6885 7 22585 20502 16 56 47 16 146 333 58 35 13115 12283 32330 4 2560 33 5
17 216 2826 16 170 14 6885 7 23061 20502 8 19786 20502 5
20498 782 5
75250 7 20260 522 7 1273 5018 19 35 13115 12283 32330 4 2560 33 14 22585 4 23061 20502 8 19786 20502 6885 5
8576 60009 12271 35 87928 33 20502 60009 12271 35 87928 33 20502 60009 12271 35 87928 33 20502 11664 249 11664 341 11664 249 11664 341 11664 249 11664 341 35 13115 4 12283 32330 4 2560 33 35 13115 4 12283 32330 4 2560 33 35 13115 4 12283 32330 4 2560 33 35 13115 4 12283 32330 4 2560 33 35 13115 4 12283 32330 4 2560 33 35 13115 4 12283 32330 4 2560 33 78408 538318 336676 178001 155807 451196 359600 271573 257638 521288 466563 82162 201366 61722 507814 550137 164701 134292 130215 85246 210937 85341 301025 115210 58565 405561 163524 491689 168936 168936 304794 168936 283393 168936 393161 168936 459026 168936 109782 553111 553111 553111 61722 61722 61722 61722 61722 61722 87928 553111 553111 553111 553111 553111 553111 553111 553111 553111 553111 11809 50443 50443 50443 5132 50443 50443 50443 77108 6154 1863 431 10 35 56 33 4 11809 6154 1096 470 10 56 4 5132 2464 12469 470 10 56 8 77108 1308 470 7 1315 10 35 56 33 5
11664 459 8 503 81 46 2124 565 16 12354 24 9375 15 5607 69558 306 1925 960 284 35 13115 12283 32330 4 2560 33 2016 67 2114 5506 5
17 282 30392 17067 3035 14 6885 796 7 22585 20502 4 23061 20502 8 19786 20502 14 11664 459 8 11664 503 31 392 10 20498 183 5
17 18503 470 392 10 46 20498 183 2464 5806 7 176202 8 114029 470 10 56 5
17 30392 2770 7 676 470 35 77108 33 3455 24 31660 31 677 19 138 217 10 35 13115 12283 32330 4 2560 33 5
17 522 3455 24 5018 14 22585 20502 4 23061 20502 8 19786 20502 19 8 276 1863 431 31 392 10 20498 183 5
66 16 7587 13 3 522 14 676 470 7 1315 3455 24 1273 5018 31 333 58 35 13115 12283 32330 4 2560 33 5
7219 4 21 3 1821 470 7 2114 326 16 5892 6 26 4568 10 1379 162 21 166 21 10 35 13115 12283 32330 4 2560 33 4 3 2114 326 4413 144 26 408 6 50 6595 871 5
527 4 3 2114 326 19000 217 10 35 13115 12283 32330 4 2560 33 16 177 396 8 3475 3 470 7 1315 16 7211 272 5
631 3 2114 326 19000 3455 24 1273 5018 16 408 6 50 6595 871 463 6 4568 871 7 2114 326 470 85612 5
17 23462 10777 14 3 282 2104 14 19786 20502 6885 14 267 459 8 267 503 31 1595 10 194896 5
704 8 782 5
20498 183 5
75250 7 20260 522 7 1273 5018 19 35 13115 12283 32330 4 2560 33 19 12469 470 5
8576 60009 12271 20502 60009 12271 20502 60009 12271 20502 11664 459 11664 503 11664 459 11664 503 11664 459 11664 503 35 13115 4 12283 32330 4 2560 33 35 13115 4 12283 32330 4 2560 33 35 13115 4 12283 32330 4 2560 33 35 13115 4 12283 32330 4 2560 33 35 13115 4 12283 32330 4 2560 33 35 13115 4 12283 32330 4 2560 33 78408 307741 354071 61722 329683 361430 61722 230720 279973 61722 82162 359600 130215 281645 61722 354528 130215 134292 147238 265679 130215 85498 61722 85341 115210 58565 469516 163524 238641 442117 339260 168936 302914 453267 393161 168936 168936 393419 168936 138021 293638 25054 325846 170081 293638 273677 293638 146515 315570 411907 293638 396129 231553 396654 398134 190151 350115 301310 528378 190151 347350 455579 109782 553111 553111 553111 553111 61722 61722 61722 61722 61722 61722 70731 50443 50443 50443 50443 50443 50443 11809 50443 50443 50443 50443 50443 50443 29111 50443 50443 50443 77108 310691 6154 2114 2810 326 3354 5
70731 6154 676 18503 470 35 5806 7 176202 8 114029 470 33 10 56 5
5640 470 23462 10777 7 708 1513 284 14 11664 459 98586 704 5
5640 470 23462 10777 7 708 1513 284 14 11664 459 5
5640 470 23462 10777 7 708 1513 284 14 11664 503 98586 782 5
5640 470 23462 10777 7 708 1513 284 14 11664 503 5
11391 2376 5
63040 15565 8 46333 3961 1655 98586 500 4 23 16 530 13 3 1273 5018 195414 6 282 1096 470 7 56 14 288 1513 284 496 100 183 61652 5
10052 4 98586 708 842 13 3 19547 2104 14 409 1513 960 284 24 16 1049 496 575 61652 5
527 4 14 189 960 1443 3 1117 61652 31 2828 6 1377 3 391 3033 2104 5
7219 3 23462 15565 14 716 1513 960 284 392 10 98586 708 14 1273 5018 1141 1054 61652 14 5479 282 1096 470 871 125 3 35 40731 323 4 6833 33 1141 48 58 2536 61652 6 1018 6 216 665 5
81 70 960 1443 150 69558 306 1925 284 3 2104 16480 3665 23462 6 19547 871 8 12146 3 1273 5018 29 333 66413 3961 17 596 50773 89 7 1273 5018 16 18089 287 58 83 4309 21 1595 10 65588 503 4 708 8 704 5
22026 1277 8 53562 1655 3 665 381 10 65588 4 23 16 3081 13 3 3033 470 8 596 3455 24 31660 16 248 677 6 83 166 2203 4309 5
17 2029 44398 14 70 960 284 16 177 396 677 6 83 3915 4309 5
219929 16 13292 10 70 160269 20260 4538 5
145 16 463 6 3 644 13 3 2007 1193 7 1026 2506 16 1146 538 6951 1051 5
16816 3 773 7 160269 1046 27964 16 8106 24 1770 61 221 7 3524 5
1655 20498 407 4 66 71 26 381 13 3 3033 470 3455 24 1273 5018 14 183 1216 9790 14 409 1513 960 284 16 10 3 1079 7 56 5
17 10291 7 587 1096 470 333 58 3 1153 470 871 7 56 16 272 5
1949 3 10291 7 23462 6 3 19547 1096 470 871 14 716 1513 960 284 22 523 11612 7 2020 470 8 14 6885 796 7 32837 20502 16 2209 10 20498 403 5
66 16 7587 13 3 10291 7 38326 6 9 3033 2104 16 568 14 21 677 6 3 83 4309 5
145 9270 13 3 1273 5018 16 5394 8 10 3747 798 470 5
20498 407 5
14333 3035 14 409 1513 960 284 14 6885 796 7 20502 14 183 1216 9790 5
8576 249 341 459 503 500 708 700 704 782 183 78408 82162 85341 115210 58565 163524 175676 362158 65097 234990 73723 62216 70716 52847 62098 109782 87928 11809 20498 403 5
39272 7 23462 10 575 794 1002 14 716 7470 2367 19 6885 796 7 32837 20502 5
201601 17245 7 676 2020 470 35 11297 4 56 33 11102 243698 6117 192315 6494 575 6494 6494 6494 6494 6494 6494 51538 35 8539 12283 32330 4 2560 33 6494 6494 6494 6494 6494 6494 6494 35 52273 12283 32330 4 1095 33 6494 6494 6494 407 605 782 341 341 35 272940 323 4 359 33 6494 6494 716 183 6494 6494 6494 6494 35 272940 8 4 359 33 6494 6494 2919 698 6494 6494 6494 6494 35 272940 323 4 359 33 6494 6494 1239 800 700 6494 6494 6494 35 121406 12283 32330 4 274 33 6494 6494 575 6494 6494 6494 6494 6494 35 20986 12283 32330 4 590 33 6494 3356 704 249 6494 6494 6494 6494 35 86056 323 343096 4 590 33 6494 575 6494 6494 6494 6494 6494 6494 502812 35 86056 323 343096 4 590 33 6494 2918 403 6494 6494 6494 6494 6494 35 45205 12283 32330 4 590 33 6494 341 1173 302 249 6494 6494 6494 9 17 3033 470 7154 538 3035 392 10 46 1381 16 523 25 958 217 470 5
81 46 1381 4 32 2673 7 7737 7732 18843 11521 31660 14 544788 565 16 1589 6 128 3254 8 333 27708 773 5
23620 12453 133 21 17105 397 16344 1102 4 13083 489 2980 4 8 1923 12469 31 351 76 5139 6 4855 3 14510 115615 8 103860 2129 7 544788 565 5
17 5018 29 3639 45 3677 6 108 2029 960 1513 1443 4 14484 7 708 4 409 8 716 12030 2367 5
17 1381 59 4353 3 2673 7 31660 6 288 1513 960 284 14 565 2016 1102 7 2114 326 5
17 3961 7 3 1273 31660 16 1091 24 9901 3 522 19 3 104 616 217 254010 5
17 5018 16 1369 6 2780 8 3 23462 489 16 2086 2025 5
1949 3 46333 20554 31 177 287 21 221 7 24220 19393 16 177 287 677 6 83 4309 5
1655 3 20260 522 23 71 26 3058 13 1273 5018 16 9 2651 4462 6 4855 3 14510 6754 2129 7 2020 13797 565 10 326 284 19 108140 2114 1952 1506 5