8561 7204 10 3 857 7 7732 1442 27 420 6 3 11030 7 2516 1443 14 784 2333 5
7219 4 10 3 73 265 1208 46333 3648 27 45 1254 6 1297 3 4485 8 10612 7 7018 14 363 1866 52 40 826 5
19408 957 16 3 72406 957 10 303 8 16 3 169 557 899 7 957 365 35 104602 12283 32330 4 1095 33 5
1113 23 16 54009 65 7947 261 4 52 57 296 7 303 19 3632 957 2644 7 3 1222 35 473831 4 5660 4 323 336875 4 911 33 5
81 46 542 4 80 27 1589 32 2516 284 13 80 226 21 32 16401 35 31879 284 14 77231 7 19408 5378 33 4 106 57286 148 13677 8 23450 194654 2334 4 658 4 16 1144 841 5
2196 202 7 46019 2828 15 44 4990 27187 2148 23450 35 1999 4 413223 4 23005 4 323 236487 4 4973 33 5
17 5809 2029 14 6708 7 3632 957 16 28790 5
75 4 28790 71 26 9 1351 7 2119 13105 4 8526 8 4206 4 8 71 4710 3 244 361 284 19 1355 569 5
8616 4 6 1128 6647 28790 489 27 3564 334 3238 5
17 22190 954 47 36 26 231 10 42101 2869 7 16401 284 42 170 24 538 186564 22190 5018 5
16401 71 26 220 21 9 632 13752 4462 19 9579 202 48581 4 6417 202 9512 4 8708 202 1432 8 7335 202 2366 31392 2770 14 35972 7 3632 957 5
214 3 1589 284 2106 1432 31392 16 272 16 177 533 5
999 770 7 46 284 71 26 5144 6647 28790 5
49574 23 71 26 6716 25 46 284 14 928 7 619 10 3570 5
2018 303 4 3 108 104 7081 4277 8873 36 26 8873 7 3 3632 4 6536 8 233223 4 8 15173 8 53476 5
98033 11142 22 192 1265 31 230 6 1250 14 52 2970 94 7 84 957 745 5
19408 957 1363 16 230 6 1250 14 2131 94 35 33 7 70 84 957 745 297 303 10 1095 35 104602 12283 32330 4 1095 33 5
1707 7657 7 303 19 3632 957 2644 7 3 1222 4 742 23 16 54009 65 7947 261 35 473831 4 5660 4 323 336875 4 911 33 5
19408 8873 10 261 4290 9229 1657 93 3498 65 3 9366 16 149 396 8 12146 166 30449 5
12502 4 23 16 841 44 22 3 216 89 533 6 7367 3632 8873 22 32 261 967 5
1354 24218 3524 8 90693 22015 7 4463 35265 27 1595 13 261 9674 7 3632 957 137 35265 6464 11657 3 2392 7 4397 35 20354 4 145994 4 12090 4 323 32848 4 1422 109 86738 12283 32330 4 1278 33 5
138811 71 2705 957 307 85 103 2215 3498 31 1601 8 3475 23 16 4218 21 3 104 1783 3632 957 4463 5018 558 298 5
527 4 52 202 7 3 35265 522 31 11737 21 15924 49 19882 285 454 16175 105 20271 9939 49 3632 28790 321 6 9 380 9088 7 1966 49 13677 3632 6948 5
66 16 217 13 97 202 7 70 3632 46019 958 240 9 23450 29645 35 4 3824 33 5
17 272 221 7 6647 3632 46019 3117 346 2699 8 2215 13105 14 3 826 21 166 21 6647 1950 702 14 16175 5
458 4 23 16 1622 6 1800 1408 7379 5018 6 4517 3 3632 957 5
40013 4538 8 7732 1442 4538 27 45 220 6 4764 3 3632 957 24 307 1296 35 4 4 18225 4 323 14009 4 2773 109 4 59196 4 4 17221 4 323 116808 4 2391 33 5
17 6905 7 192 7379 4538 16 6 23335 826 6 883 9 13677 182 13 340 34 27 3632 957 49 9 23450 182 37 29 632 660 7 441 3632 957 5
458 4 3632 957 13752 544 31 48 614 8 1940 2994 19372 565 35 3027 4 5810 109 19322 323 17131 4 5810 109 21045 4 6962 109 1104 323 4 1422 33 5
91025 24 3 236 7 9 632 13752 4462 14 3632 957 4 10 46 542 4 80 1589 32 2516 284 16401 6 11076 19285 3 3632 957 5
17 1589 284 2527 22190 954 14 6708 5
17 1652 7 3 1381 16 4393 21 3177 5
17 508 169 2124 1929 3 1622 3519 317 52 628 197 14 3632 957 4 220 186564 22190 5018 8 2516 284 5
17 296 2124 16 7993 14 5230 7 3 1589 284 16401 8 50 5937 5
17 740 2124 4286 492 7 13752 326 7 16401 284 5
17 73 2124 16 2898 8 4774 14 46 542 5
194654 2199 628 197 273 46 542 4 3 35265 2199 628 197 16 1252 25 22930 17112 12586 125008 5
145 628 197 71 26 220 6 4764 3 10674 35 13677 49 23450 33 7 9 194654 2199 59277 25 95531 486284 13987 8 3 2119 2106 731 5
66 4286 9 95531 486284 3490 4 3 2119 2106 731 8 108 95531 486284 13987 671 19 3 922 2576 35 3 10674 857 33 14 59206 13677 8 47000 23450 11518 13 27 45 1658 15 556 857 2088 24266 3883 22 3 1642 7 53966 7 3 430 441160 148 1095 8 502 5
3194 3099 29 2442 95531 486284 3490 4680 25 249 35 3850 13677 33 6 500 35 1695 26613 7 83147 33 6234 10 9 1405 1165 650 24 7018 5
20216 13 70 745 19 95531 486284 9758 1370 49 3628 9 392 871 35 11264 25 249 6 500 33 4 31 23450 8 3 83 745 13677 4 26192 8 2442 292680 71 26 7154 5
33166 8 10570 7 13987 7 46 628 197 42 392 10 20498 249 5
20498 249 5
326407 7 194654 2199 628 5
337439 317 95531 486284 95531 486284 3490 53 35 33 7729 7729 53 2119 2106 731 10 85 35 216571 33 52324 52324 53 2199 3157 53 860 3082 249 4 24241 3082 341 4 225047 3082 459 4 18297 3082 503 35 17365 33 56461 56461 53 2199 3053 53 70244 3082 249 4 3082 341 4 23227 3082 459 4 64194 3082 503 4 3082 500 35 17365 33 168511 168511 53 2199 15183 272 3082 249 4 487503 3082 341 4 799 3082 459 4 3810 4623 3082 503 35 33 6722 174213 53 13677 3082 14099 49 23450 3082 183 7013 5
31879 284 8 186564 22190 5018 622 2516 284 16 9 1416 284 47 41020 3 2505 8 5077 7 9 746 2516 5
622 2516 284 109 2778 29 9 528 5536 7 2505 109 2778 2228 3 5536 6 26 21333 109 2778 29 9 197 7 954 35 42101 2869 33 14 363 18211 5
273 946 4 10 4970 4 2516 1443 31 110 220 14 1222 6708 5
17 2119 2106 1056 8 3498 31 9796 4 8 3 284 55906 10520 23713 4 3448 4760 49 1083 47 142 26 9530 5
17 9063 7 32 2516 284 14 1448 109 2778 79 528 5536 7 2505 71 26 304 6 8 1206 20455
2778 17 284 71 34 3993 49 128 4008 1171 5
2778 66 18234 6091 5
187 16 93 637 7 2505 21 87 16 65 9 2037 23649 5
2778 17 1416 71 909 3514 2505 13 9 2037 142 34 27 5
81 46 542 4 32 2516 284 29 45 1589 47 29 22190 954 3455 24 186564 22190 5018 5
186564 22190 5018 2527 9 191244 2854 31660 446 272 773 29 45 2436 10 784 6708 8 52950 35 4 4 4 323 287189 4 359 109 323 4 274 109 553302 4 1095 33 5
8616 4 16401 284 29 9 632 42101 2869 4623 22190 954 13 71 7367 4438 1682 10 3 267 52692 24 3 746 2516 5
16401 86 19285 19 8708 202 1432 8 7335 202 2366 31392 2770 14 3632 957 5
17 186564 22190 284 29 9 459 9419 511151 6358 13 16 10978 25 9 8942 22190 7059 35 553302 4 200306 4 323 75011 4 2773 33 5
17 2367 10 46 992 231 9575 19772 49 9575 21 30110 7410 5
17 4438 9419 2464 22190 954 5
80440 2757 31 58458 21 35 22190 33 2205 17509 5
145 1069 7 9 22190 284 14103 3 628 3154 496 3 284 35 628 8 3768 5300 33 4 8 50 8690 2129 5
186564 22190 284 21 9 856 108 26237 511151 32542 992 114 2778 3 74 9419 2464 3 9796 23394 13 770 3 5195 4 2778 3 4438 9419 2464 22190 954 4 2778 3 296 9419 2464 3 3354 23394 13 770 57 1513 14 329 1427 4 2778 3 2367 231 9575 19772 8 9575 21 30110 7410 4 2778 3 22190 2757 31 58458 21 35 22190 33 2205 17509 5
134 4729 282 22190 1506 7 19372 14 194654 5046 628 197 5
238 9 665 4 80 3455 282 954 6 231 10 42101 2869 7 16401 284 5
17 186564 22190 1506 1146 14 16401 2106 42101 2869 17 6358 7 1506 220 14 46 542 16 1595 10 98586 249 5
17 74 9419 4286 108 9796 2367 3364 3 5195 2000 5
17 4438 9419 2609 1396 2367 3364 3 22190 954 4 8 3 296 9419 9286 7 67 3354 2367 5
81 46 542 4 3 4438 9419 4286 836 22190 954 538 95531 486284 4 52324 8 56461 13987 4 3995 53 42959 92 95531 486284 16 177 528 8 52324 16 177 528 8 56461 16 177 528 153 489671 109 53652 92 95531 486284 16 177 528 8 52324 16 177 528 8 56461 16 6127 153 489671 109 75850 92 95531 486284 16 177 528 8 52324 16 528 8 56461 16 396 153 489671 109 88566 92 95531 486284 16 177 528 8 52324 16 528 8 56461 16 6127 153 489671 109 99264 92 95531 486284 16 177 528 8 52324 16 528 8 56461 16 177 528 153 489671 109 61418 92 95531 486284 16 177 528 8 52324 16 396 153 489671 109 88080 92 95531 486284 16 6127 153 167630 109 103984 92 95531 486284 16 396 153 167630 109 116139 92 95531 486284 16 528 153 167630 5
17 186564 22190 1506 1146 14 16401 2106 42101 2869 98586 249 5
17 186564 22190 1506 1146 14 16401 2106 42101 2869 5
238 46 2673 16 1254 6 26 220 24 1448 4 37 31 34 2410 1416 1481 4 80 1827 6 1800 3 4650 11924 7 3 3632 957 21 4650 3641 5
17 447 29 45 6227 10 31580 3298 5527 35 72445 6372 3215 744 5440 4462 33 8 59758 10764 744 18 220 21 9 5536 2912 5
16401 1002 15 3909 1566 5
134 9168 9 5536 14 16401 284 10 47 3 3297 317 7 290 2119 51 26 1206 5
19147 221 13 16 392 6 290 2119 14 3 45484 4 610 8 21191 4 784 2770 9317 6 3 2119 4 3 2037 2106 6708 857 4 3 16401 2106 6708 857 8 521 6708 857 16 1942 10 5536 5
98586 341 842 143 16401 284 8 50 42101 2869 42 1254 5
6459 4 521 23450 2052 2233 42 220 15 3519 7 6136 10 46 1746 5
17 1746 7 16401 284 98586 341 5
17 1746 7 16401 284 5
26148 4 23 16 943 19 32 5588 2424 65 16401 284 1002 5
40044 11371 209 4650 610 8 18580 5
208 3 4650 29 34 45 4939 10 3 284 49 754 9 1171 5588 153 23 340 34 852 909 8 1929 9 1729 5
520 48579 317 1547 6 3 284 1464 15 2424 54 5588 5
4649 4 650 3394 2424 4 689 5965 7 16401 284 16 5185 35 98586 459 33 5
79 515 7 6589 293 19 628 1084 4 19285 8 932 6852 15 46 5965 5
980 9 515 52 192 6589 36 26 3915 10 71206 5
27300 3394 2424 98586 459 5
27300 3394 2424 5
187 31 550 6589 15 46 5965 53 249 5
80706 34777 5
7337 1084 8557 5
7337 1084 8 650 5
138811 5447 5
29451 6708 5
40044 8 1829 5
40044 8 18580 5
3194 4650 71 231 6589 976 7117 1829 4939 24 3 284 7751 5
273 3099 4 65 32 13699 4650 3804 6 2707 3 7337 8854 8 27300 2424 4 3 284 8564 4650 8 340 34 852 120 909 5
20536 8029 15 3 5965 2424 11542 70 526 6589 10 3 284 5
80706 34777 81 46 650 4 6708 7 3632 957 86 5054 24 3675 97 194654 2199 628 7857 6 57 2119 276 4229 3 2119 2106 317 10 5536 35 98586 503 33 5
931 628 31 95531 486284 4 2119 2106 731 4 2199 3157 4 2199 3053 4 8 2199 15183 5
80706 34777 2424 98586 503 5
80706 34777 2424 5
7337 1084 8557 29756 7 6708 71 26 115 14 70 826 2236 10 16401 5536 5
67782 4 70 826 37 27 45 2236 10 3 284 5536 71 26 45372 25 46 2424 4 355 3 19285 8029 16 2154 4 3 858 7 522 14 13228 826 71 26 381 15 3 2424 44590 35 98586 500 33 5
81 1243 4 11245 317 1900 19 11775 8557 133 21 221 7 13677 8 44242 267 8 676 267 71 26 381 22 3 260 7 46 2424 5
7337 1084 8557 2424 98586 500 5
7337 1084 8557 2424 5
7337 1084 8 650 2196 4836 4650 71 231 46 650 5
17 858 7 1519 2119 16 1942 10 3 1870 22 3 2245 7 3 2424 5
17 4650 71 5339 57 7 826 24 17782 10 3 1870 8 46 2119 2106 317 71 26 19696 10 996 2124 5
81 83 1299 6708 8 18298 16 45372 25 46 2124 5
18413 3 2119 1564 4 5588 7 9 84 2119 4 4231 14 32 277 2236 2119 49 25418 9 2119 25 3 5813 31 90 7 3 884 13 2697 6 3 1444 7 9 5536 5
17 4650 71 3030 70 192 884 24 11109 1745 46 3394 35 98586 708 33 5
7337 1084 8 650 2424 98586 708 5
7337 1084 8 650 2424 5
138811 5447 17 1519 826 31 381 10 3 1870 22 3 2245 7 46 2424 5
332 3 216 89 4 3 4650 71 5518 120 2119 2106 35265 1973 24 17782 1547 2119 410 5
17 4650 71 37412 46 1973 14 1051 7 400 24 2684 37412 8029 35 98586 700 33 5
81 1243 4 92 23 16 3456 4 3 1973 71 26 1085 19 1973 5447 447 133 21 35145 8 143387 42907 5
81 46 152 4 3 4650 71 57 24 57 5518 3 35265 2233 30292 5
138811 5447 2424 98586 700 5
138811 5447 2424 5
29451 6708 145 650 29 45 1254 21 932 1827 10 6708 3632 957 5
206671 3467 784 628 9317 6 290 2119 16 661 322 8 16401 284 844 4650 6 19285 70 2119 49 826 3467 24 27649 5
238 9 665 16401 284 9670 4650 6708 19 7117 6708 8 521 6708 92 23 16 1321 2167 10 284 8 46 11245 8557 16 661 22 3 2245 7 3 2424 5
16401 284 2981 16 2422 4650 3641 21 23 16 1369 6 11689 19 50 515027 11924 35 98586 704 33 5
29451 6708 2424 98586 704 5
29451 6708 2424 5
40044 8 1829 2196 3 104 4836 4650 71 2707 10 322 5
145 4650 15103 83 4650 8 40 570 5
6506 6 46 650 4 1806 570 14 1481 71 26 1574 49 2112 18864 5
40044 8 18580 766 1481 71 337 209 20746 24 538 46 650 5
77231 16 32 3456 1092 10 784 361 5
14689 46 4589 13752 1665 7 90 6652 5
79 244 1970 16 59 9 182 7 13752 1665 5
33354 52 784 953 31 115 15 3 1625 7 960 522 5
931 1665 31 9512 4 48581 4 1432 8 2366 31392 2770 5
52593 960 522 7 16401 42 392 10 46 2124 5
156269 126073 53 126073 7 9 960 16 3 2156 7 70 826 19 1222 1379 37 27 9 1432 960 5
478640 53 478640 7 9 960 16 3 2156 7 70 826 276 1222 37 27 9 2366 960 5
151262 871 53 17 31392 871 7 9 960 16 9 1415 35 202 33 7 3 400 13 3 871 35 1432 49 2366 33 16 3 1359 871 4 79022 5
3 94 7 70 1432 1665 13 31 1359 23261 16 3 1432 31392 871 5
622 5043 4 49 3245 5050 4 960 36 535 371 9 1432 665 19 1222 4 8 9 2366 665 276 1222 5
145 16 34 3 267 14 70 1665 5
81 1407 46 770 13 34 70 1432 960 522 36 3001 1222 5
145 16 962 24 3 1432 31392 871 35 158870 33 5
20524 4 34 70 2366 522 36 3001 93 1222 5
145 16 962 24 3 2366 31392 871 35 104876 33 5
17 1906 196460 1870 16 57 7 3 104 20945 4309 14 3 2376 7 13752 16175 35 56292 4 3824 33 5
1504 46 4 3 5018 16 3682 7 13196 2362 8 326 10 28143 3003 3 773 8 2376 7 13752 16175 5
17 2370 867 7 9 13752 960 9088 16 6 13012 3 13300 9 2119 29 9 1222 163 5139 392 9 1087 960 665 5
273 46 4 9 196460 1870 16 220 21 9 133649 2354 35 4 1095 33 5
17 1870 16 10921 19 3 960 522 15 3 203 487 8 3 1222 1799 15 260 21 1595 10 20498 341 5
20498 341 5
17 196460 1870 5
2954 3116 35 16401 33 6874 1379 6874 8451 5640 2954 1432 35 33 8664 23261 35 59433 3082 34938 33 36905 1432 35 65599 3082 403 33 40440 2954 2366 35 33 36905 2366 35 78468 3082 9686 33 8664 21541 35 60809 3082 52169 33 57444 5640 48105 62162 37377 20498 341 842 9 22365 628 25 32 5867 6 8612 3 8958 7 9 1087 960 3116 14 9 1087 197 7 826 19 3606 10383 5
17 628 31 1051 7 303 19 23450 49 13677 3632 12249 5
30764 6 3 1870 4 3 9512 8 48581 7 3 196460 1870 142 26 12859 5
999 538 3 1051 10 3 126265 4848 4 3 9512 7 9 22365 960 3116 10 3 5907 7 303 16 60675 202 35 34938 61 7 48105 33 8 48581 7 960 3116 16 7154 21 62518 202 35 52169 2366 522 61 7 62162 303 19 13677 27187 33 5
126073 478640 29091 31392 871 35 158870 33 42343 31392 871 35 104876 33
1203 7 3 162 15 6708 3632 957 5
520 7 192 1131 3316 22 19841 57 49 48 7 3 108 15924 6294 10 24266 35 80392 4 7914 4 323 220752 4 3495 33 53 297957 35 19717 323 27953 4 3495 33 4 70244 11518 35 197028 12283 32330 4 3728 33 8 12241 27187 35 7914 323 220752 4 2773 33 5
1516 4309 5524 15 48975 3 3632 27187 21 13677 49 23450 35 4 25279 4 323 4 3728 33 5
187 31 544 19 3 23125 2376 7 194654 2233 24 791 7 3 746 3802 4 44 23 16 59 1768 24 10451 8 83 274097 2193 5
81 1243 4 3 9088 16 9 22960 2485 13 2818 515 7 1164 6 1836 1056 5
16816 4 23 2818 515 7 607 89 8 900 4 47 522 10 5653 3 6708 89 5
349 3 83 881 4 3 6905 2376 7 24266 4 47 16 1303 61 24 11356 1443 4 1708 4547 773 44 50 8958 16 1618 798 5
13166 6 3 9512 7 46 565 4 80 494 13 50669 144 26 694 8 3149 144 34 2323 91 2112 5
527 4 1416 1443 71 185 91 3030 333 24 14426 3 1277 7 2233 4 10407 3 4990 3248 8 1691 333 2376 3648 5
36355 4 4 144528 4 36330 4 8 36355 35 1422 33 1273 32 2516 284 543 15 3 9088 7 194654 8 20271 2233 13 142 26 220 24 2516 8 173005 1448 10 3 9088 8 48975 7 2119 745 5
17 2516 284 1586 9286 7 9 194654 35 33 8 3632 20271 35 33 784 2516 1443 47 142 26 220 6 61477 745 232 6 3 19408 28094 25598 8 7337 5898 35 95531 486284 33 543 1918 826 586 4 2215 8 3606 3490 21 166 21 24266 8 3632 20271 2233 5
1692 1277 33980 2233 31 272 3101 8 528 1646 2233 5
31617 192 2233 1871 272 46333 5615 5
17 7084 7 192 2233 72 3 1050 16 1484 1568 907 92 3 6708 7 3327 50669 16 1272 5
4 4 293997 4 3462 4 8 13646 35 502 33 2042 9 445498 5533 14 2790 3 1646 8 14426 3 1277 7 49468 8 33980 2233 5
17 31660 16676 3 33980 1973 6 2258 92 178663 6 136680 7332 650 16 1272 5
54157 16 3677 268 979 24 9 16619 650 6 1128 3 33980 1646 5
17 3800 7 3 27964 31 12354 38925 8 131318 5
349 596 8390 202 2807 10 1646 16 3455 19 93 637 7 628 22 3 3632 642 5
4 4 8 78694 35 359 33 2209 67 3093 52678 6599 13 189 12680 32 77817 421 650 6 4764 3632 28790 8599 25 95531 2334 5
622 77817 14618 650 16 32 533 5702 14 3 7012 7 52678 1443 24 7018 5
17 74 1217 52770 9 391 1506 543 15 421 3472 2854 5
17 169 1217 16 543 15 267 543 14618 8 8323 32 314219 27647 1415 5
158 27 12354 3 773 7 189 52678 6599 15 67 528 2496 558 35265 4249 14431 538 6051 1219 15565 35 102187 33 2376 4 187384 12540 4 8 3 11245 7444 960 5
1354 6599 23997 3 6708 1866 7 3 7018 5
16816 4 189 1443 27 3 785 6 1128 3 221 7 6647 3632 46019 10 3606 1407 5
79 4631 7 3 773 7 3 1273 421 3472 8 125535 6599 19 9 164 7 3 1450 1217 543 15 7732 32542 2642 35 49894 33 842 13 3 125535 1217 12134 1927 333 58 3 49894 1217 4 47 10 786 522 10 1927 333 773 58 3 421 3472 1217 5
253605 148 13677 8 23450 194654 2334 16 841 5
2196 202 7 46019 2828 15 44 4990 27187 2148 23450 35 1999 4 413223 4 23005 4 323 236487 4 4973 33 5
17 272 221 7 6647 3632 46019 3117 346 2699 8 2215 13105 14 3 826 21 166 21 6647 1950 702 14 16175 5
12502 4 3 3316 7 16401 16 6 132 192 746 5464 3033 24 7932 8 26704 266 13 142 26 52692 24 3 47048 5
273 46 4 3 7732 1442 718 6 26 220 10 16401 29 632 42101 2869 13 71 7367 4438 1682 10 3 267 52692 24 3 746 2516 5
16401 284 36 26 32 4567 1217 10 6708 7 3632 957 5
6459 4 10 3 498 542 1589 16401 284 29 272 1432 31392 489 35 8708 202 33 8 48581 35 9579 202 33 14 3632 957 5
8616 4 46 1506 71 581 964 14792 6 1368 6647 28790 10 6708 7 3632 957 5
6459 23 71 26 6716 25 46 284 14 928 7 619 10 3570 5