17 19372 565 7 31370 307 11537 76 523 600 2053 32 533 604 10 224 421 363 8 117 83 692 5
21869 48 5050 8 1940 10436 19372 2520 29 964 5940 10 192 692 5
66 16 3 1033 13 680 7 3 3184 19372 2520 558 4 3 601 14 3096 3 7362 7 192 2520 29 299 1505 5
36925 307 2520 49 538 5373 2520 29 343 9 1029 1407 10 678 6 4417 3 19428 7 837 2520 8 71 26 32 1783 152 7 3096 1918 40 31392 773 4 907 65 3 2520 10 3109 31 1144 523 5
81 46 1381 4 9 3093 129294 7 7732 32542 2642 35 439493 33 16 1273 538 2489 27728 56018 2520 10 678 6 4047 48 614 8 48 5050 1506 58 1510 7732 32542 2642 14 12538 19372 544 5
146183 522 4459 13 3 1273 5373 1506 13875 2875 2069 19372 8958 10 4631 19 1510 7732 32542 2642 8 59 90 83 19372 2520 133 21 27728 2376 35 66891 33 4 210979 2376 35 33 4 11856 8668 5737 35 33 4 8 270 60401 4081 35 33 538 4482 8 19630 2673 628 2757 5
931 628 2757 7702 10 3 221 7 3597 35 67 4830 2489 33 8 3 1351 7 3 628 35 12643 4830 19630 33 5
12502 4 23 71 26 3677 21 32 3206 12678 1217 14 12538 19372 544 4 4108 65 568 11249 8958 16 666 5
55706 16 32 533 352 7 601 13 1477 19 31370 32 5811 6 57 7 9 197 7 3597 4 543 1918 13987 7 13 5811 5
17 773 7 3 19372 650 16 6325 15 143 166 3 4859 14 3 2190 565 12134 5
79 4859 16 1589 6 12042 3 165644 489 4 232 6 90 392 5036 7 9796 8 3354 60401 3833 4 47 31 3876 6 21 928 628 197 5
145 4859 16 153 220 14 48975 84 11537 76 1321 4939 600 8 14 2279 3 8958 7 3 19372 5
55706 544 27 45 5422 10 3547 21 5471 21 224 4 3570 4 11457 4 1973 4355 4 4703 5
8 538 7 192 2520 29 343 48 22284 10 25646 692 4 907 10 224 8 1474 5
2625 523 19372 6599 27 45 1273 10 3 6854 121 3 8104 162 7 5988 35 15393 33 5
17 19372 6599 31 2239 40345 10 67 689 5835 4 27728 8 108140 6599 5
90977 19372 6599 24065 3 9796 904 76 9 2137 7 3248 4 6564 24 27728 421 8026 5
49618 6200 7 27728 19372 4538 13 27 45 1940 220 10 19372 539 138 24 2489 27728 56018 35 200810 33 4 27728 2376 35 66891 33 4 67929 56018 4 14627 62230 3647 4 4703 5
931 19372 4538 162 166 65 3 3597 31 180305 249022 5
527 4 10 117 521 131 544 3 628 142 34 26 180305 249022 8 59 628 31 177 2402 41996 8 3475 9 1695 108140 421 11763 16 1272 10 678 6 1687 3 628 35 12283 32330 4 280 33 5
2625 3597 7 108140 19372 4538 27 45 1273 10 3 6854 10 678 6 4417 3 27728 16018 7 3 27728 19372 4538 5
931 4538 539 138 24 3 8176 4538 133 21 210979 2376 35 33 4 11856 8668 5737 35 33 4 4703 5
8 7732 32542 2642 6599 133 21 32542 2855 4 156936 35 150750 33 4 131804 32542 2642 35 33 4 270 60401 4081 35 33 4 4703 5
49474 32542 2642 31 57 7 3 104 5050 8 1940 220 19372 4538 13 27 3276 28338 2333 10 117 692 5
2625 32485 2000 7 7732 32542 2642 132 91 4321 8 4153 14 19372 8090 5
1532 4 21 2400 6 3 1510 213849 4538 4 7732 32542 2642 31 70624 7117 33855 4309 10 13 87 31 265 9 139061 7417 52 3 2520 14 544 163 542 5
3668 4 7732 32542 2642 71 79117 5
435 2854 3 628 2209 6 91 35 9 5907 33 4 7732 32542 2642 71 477 9109 44732 3 19041 176 7 9 1193 141 92 3 5907 628 3576 13703 317 5
6449 4 7732 32542 2642 31 6182 12329 5
66 29 45 1595 13 9 992 71 26920 120 11065 4859 6 120 13228 8958 5
5583 4 7732 32542 2642 31 108140 35 4 89222 4 323 4 274 33 5
4036 3 9063 7 7732 32542 2642 4 23 16 34 4179 13 46 17592 29 4200 5788 1164 10 19372 35 323 280619 4 590 33 5
49474 32542 2642 27 45 170 6 26 9 6695 7871 6 1678 1510 19372 2520 10 117 523 692 35 44672 4 373880 4 323 48845 4 359 109 20848 323 4 359 33 5
123379 8 46126 35 280 33 1213 3 1746 8 3 928 7 9 156936 303777 14 7379 7 5542 33555 12400 25 11245 2000 7 5542 11933 2233 5
12283 3462 5
35 280 33 5441 3 2177 7 538 7732 32542 2642 14 3 29243 924 8486 19372 5
8 35 1095 33 8850 538 3 7732 32542 2642 10 678 6 3383 3 921 3554 19372 544 8 6 474 3 19372 773 5
53315 4 58984 4 110449 4 8 35 274 33 1379 32 7732 32542 284 14 19372 8 7379 7 161560 22170 2502 543 15 3 317 2038 7 262970 3079 19348 5
106856 4 105336 4 112678 4 29227 4 8 116009 35 1095 33 293 19 3 19372 7 1087 4394 538 7732 32542 992 8 22190 61826 1682 5
17 921 489 34602 16 220 21 3 1084 3905 25 47 1087 19393 31 16277 8 2209 6 3 7732 32542 992 14 19372 5
404595 8 20848 35 502 33 7309 15 3 6708 7 257574 2117 137 3 2376 7 49053 35 86948 33 5300 19 538 7 3 7732 32542 992 5
115282 19372 35 4 1278 33 4 14073 957 19372 35 70027 4 36818 4 20024 4 323 12825 4 359 33 4 7619 2981 19372 35 323 196324 4 280 33 4 39671 19372 10 202352 826 35 480185 4 80880 4 242799 4 323 4 280 33 4 2328 10900 565 35 4 744 33 4 6120 1735 19372 35 65453 4 321823 4 146002 4 262500 4 323 73125 4 280 33 31 90 83 1408 2333 7 3 7732 32542 2642 10 4631 19 83 138 7 3 1510 19372 2520 5
1113 7732 32542 2642 31 6633 8116 48737 8 6182 13 71 26 3677 6 9 1773 1079 7 11249 544 19 9 272 2463 7 8958 4 40 773 10 90 2190 5771 133 21 27728 544 16 13033 35 323 4 590 33 5
81 3 6854 4 307 3174 31 5446 6 9901 7732 32542 2642 19 27728 2520 5
1504 7 3 307 2062 4 47 27 1595 7732 32542 2642 31 2537 333 58 3 4759 27728 2520 8 40 522 7671 8 5562 48 10366 4 90 83 2062 27 217 13033 522 35 10141 4 4 323 5707 4 2804 33 5
520 1296 494 13 10 90 2190 5771 114 7732 32542 2642 3030 1734 58 27728 11245 2520 4 3 1033 142 1122 26 13 3 628 16 27728 276 146 15026 4 3475 109 71 34 26 230 13 7732 32542 2642 6 112 333 58 27728 2520 14 27728 3898 35 323 4 590 33 5
527 4 14 2767 1033 4 538 7732 32542 2642 6 1506 27728 544 27 10559 3196 522 109 8 12146 4 23 16 34 8057 6 2780 32542 2642 32647 6 120 2125 7 628 5
1354 2489 27728 56018 8 7732 32542 2642 2520 27 3439 9847 10 40 209 27728 49 108140 30951 5
527 4 2477 7 91 16 9 6182 1506 13 16 6943 14 70 2686 5
17 60029 7 3 2489 27728 56018 2520 6 1812 108140 544 21 166 21 7732 32542 2642 6 1506 27728 544 142 26 4120 7128 4 8 59 4 10 544 13 17244 189 27728 8 108140 17521 6294 5
6832 5373 2520 49 10503 307 2520 29 343 9 1029 1407 10 678 6 4417 3 9705 7 290 6825 1506 35 4 4 323 83743 4 280 33 5
17 2370 867 7 192 41748 1506 6599 16 3 231 7 290 6825 1506 2106 2665 7453 6 333 3968 523 5897 10 3 628 5
81 1243 4 121 23 16 841 6 2112 259 3 10777 7 3 628 10 9 521 565 4 5373 17592 13 29 189 27728 8 108140 17241 5615 71 26 9 206 1264 14 5238 231 5
81 3 6854 4 523 3109 4538 27 45 1273 10 678 6 4417 3 19428 7 837 19372 2520 8 4047 48 5050 522 35 68802 323 2552 4 274 33 5
17 3109 4538 71 26 2239 40345 10 67 689 5835 4 2651 8 13569 64152 5
81 9 2651 6358 4 3 3316 16 6 1088 3206 19266 6 3001 523 1172 4 8 6 26 488 6 4056 532 6 3 104 3206 1506 5
81 9 13569 31462 4 3 3316 16 6 7801 2520 6 1088 9 1332 1868 25 9 221 7 7553 2506 5
17 9513 16 13 9 1506 142 34 26 4783 6 3001 3 1332 3074 7 9 163 542 284 5
81 308 85 4 307 5373 19372 2520 27 45 1273 4 538 7732 32542 2642 8 3677 6 3 19372 544 19 206 773 5
149288 35 280 33 12966 32 5775 1217 14 19372 8 12911 3394 538 3 175314 11856 8668 5737 8 160269 1046 12911 3394 5533 14 16335 957 19372 8 6843 3394 5
145 1506 1708 9 556 131804 953 14 11856 8668 5737 486 19 33855 12911 3394 5
15257 4 24378 4 8 75903 35 590 33 8850 32 33855 19372 284 35 33880 33 13 10556 9 22190 32542 992 303777 6943 14 17208 2854 4 8 9 7039 18982 23763 27708 35 33 31660 3682 7 1913 8 5479 307 325 10 3 27708 904 4 14 134304 453 4355 5
4 1515 12966 9 6633 5373 4624 22190 32542 992 35 33 31660 14 19372 544 13 10556 4624 66413 19 138 15 22190 32542 2642 5
4 281100 4 241465 4 8 5737 35 590 33 8850 9 5373 5018 24 538 11856 8668 5737 4 175314 2520 8 4624 27964 10 678 6 2769 1408 522 15 48975 24 8547 628 13 132 841 6 1849 5
293353 8 217266 35 280 33 8850 9 3093 5373 19372 284 543 15 421 3472 303777 8 57 111 70 1217 6 30174 3 41748 1427 544 10 678 6 1297 3 19372 8958 10 3 267 7 41748 1427 19372 544 5
4 52714 4 8 318424 35 590 33 4301 9 84 5373 1506 24 10503 28792 8 7732 32542 2642 6 30174 3002 31466 7687 35 17192 33 5
6794 4 6793 4 10141 4 225125 4 8 18150 35 590 33 8850 9 3093 12516 5018 47 10556 1084 131804 32542 2642 35 33 536044 19 2621 5354 197 1506 543 6843 2807 5
35 1278 33 8850 9 5373 13991 32542 1217 14 46302 19372 13 20178 9 856 928 628 72 10104 29404 3394 4644 14 3096 3 10900 8958 15 32044 5907 5
145 1217 29152 8690 391 1046 7453 7 4624 27964 35 727 33 8 325 66590 10529 1046 7 3 119 71966 31660 5
52273 8 35 502 33 8850 9 84 186564 22190 303777 13 10556 32542 2642 8 13538 7 22190 8783 14 3 19372 7 12400 24 25418 2000 10 75563 4044 8529 2233 5
81 46 1381 4 3 2489 27728 56018 2520 8 7732 32542 2642 4 47 31 57 7 3 104 5050 8 1940 220 27728 8 108140 19372 4538 109 3995 4 31 2164 671 10 678 6 13014 9 84 5373 1506 7 32542 2642 6 4417 3 27728 20791 7 192 2520 8 4047 9 48 5050 19372 1506 58 1510 7732 32542 2642 5
81 129 1273 1506 4 3 2489 27728 56018 35 200810 33 2520 31 3677 10 678 6 54870 3 27728 5937 7 3 13987 13 142 34 26 2112 18213 24 32542 992 8 3855 3 1622 628 25 3 13987 14 538 10 7732 32542 2642 5
12502 4 10 3 74 4141 7 3 1273 1506 4 3 27728 5937 7 13987 31 43628 10 3 84 17807 538 9 2489 27728 56018 1506 14 333 17241 24 32542 992 5
1301 4 10 3 169 4141 4 9 32542 992 16 220 10 678 6 1506 8 30174 628 538 1494 13987 8 9 4209 27728 17807 24 2489 27728 56018 5
3516 6682 4482 8 19630 628 34335 12643 628 197 4 3 34256 1452 18054 628 197 4 3 5988 46442 628 197 4 3 21038 3171 628 197 4 3 1480 510 628 197 4 8 3 11478 6635 628 220 10 46 1381 10 678 6 240 3 54827 8 7362 7 3 1273 1506 14 19372 8090 5
17 939 7 3 1381 16 4393 21 3177 5
81 3 161 2124 4 3 2370 13538 8 17241 6599 7 3 7732 32542 2642 35 439493 33 8 90 83 220 19372 2520 10 46 1381 31 4241 5764 5
81 8941 459 4 3 24656 7 3 1273 1506 16 2042 5
81 8941 503 4 9 19079 3490 7 70 6599 538 4482 628 2757 16 2209 5
17 773 522 7 1273 1506 14 67 2757 7 19630 2333 31 2994 10 8941 500 5
1563 14615 2932 31 2209 10 8941 708 5
81 46 2124 4 3 2370 13538 8 17241 6599 7 3 7732 32542 2642 35 439493 33 4 270 60401 4081 35 33 4 11856 8668 5737 35 33 4 210979 2376 35 33 4 8 27728 2376 35 66891 33 2520 14 19372 31 4241 5764 5
90977 2376 35 66891 33 90977 2376 35 66891 33 16 9 177 1906 8 1783 12391 19372 5018 19 1773 2333 5
17 2370 3695 7 27728 2376 16 6 30174 10904 24 13500 32 9424 61638 142200 904 76 67 3248 13 31 6564 24 9 13 16 4939 24 9 27728 4859 5
2376 2239 28792 19372 544 76 7410 13 24065 628 76 3597 4 3847 2790 3 565 6 3 7379 7 9 4859 5
17 1101 7 2376 16 15 9409 46 12329 916 8 21853 50 225419 5
81 27728 2376 4 46 4859 16 5892 6 26 27728 5
17 27728 4859 18 2042 24 5988 35 15393 33 5
5988 2106 27728 4859 35 5988 4 15393 33 1131 24 1913 3 1153 7 3 197 7 13987 14 290 1427 8 538 3 1153 7 192 770 21 3 11763 5
17 4859 25903 46 24 20323 3 17807 266 2011 3 60401 13 149274 19756 40 1427 770 8 53300 40 496 1427 48517 5
5988 2106 27728 4859 71 26 1465 53 35 249 33 114 6219 16 3 60401 7 3 6453 2770 4 4 16 3 1153 7 2770 14 290 182 4 2567 16 3 5907 40056 7 70 23394 4 8 8258 16 3 470 4859 5
208 3 165644 470 7 290 182 16 1109 3628 4 8258 16 197 6 4568 5
79 771 16 6401 76 57 182 92 3 665 7 3 14392 16 1370 58 8258 35 49 4568 33 8 76 3 83 92 287 58 8258 35 49 4568 33 5
79 665 3628 6 8258 6154 13 9 5907 71 34 26 6401 76 883 1427 543 15 3 2000 220 10 3 2376 5
17 27728 4859 34152 148 67 3597 5
208 9 628 197 29 48 58 67 3597 4 3 650 383 26 1961 124 76 2489 160072 544 5
17 27728 4859 18 170 14 290 1427 4830 70 5036 13 42 34 7 13 1427 35 57 4830 70 33 5
7710 1427 4333 14 290 5907 18 2118 24 3 27728 4859 13 1601 3 1391 871 5
90977 2376 16 19547 65 3 23394 31 3615 5146 19 3628 177751 5
81 46 267 4 3 27728 4859 16 10 3 216 2586 21 3 120540 19547 303777 35 24472 323 1604 4 1422 33 5
17 27728 16 424 6 3030 166 15 3753 5907 9059 65 677 6 48 1812 4309 35 323 10426 4 590 33 5
238 9 9802 17315 4859 4 4951 802 48 4093 58 40056 32689 4 3 27728 16 2086 1906 6 3030 5
17 9513 7 157631 10 3 1427 11763 4 658 4 2980 3 6269 7 2673 14 27728 2376 5
263736 628 3684 71 34 26 6564 24 9 27728 11763 5
355 8026 31 108140 4 3 773 7 3 27728 142 26 19618 6 83 19372 4309 5
210979 2376 35 33 210979 2376 35 33 4 74 2042 24 1072 35 11514 33 4 16 184 3457 543 303777 47 16 177 825 6 3 27728 4859 303777 5
81 644 4 210979 2376 16 32 2262 7 3 27728 4859 5
1354 7410 4753 13 3 2770 7 290 17807 10 290 1427 31 3615 5146 4 658 4 3 1846 148 290 5907 8 290 1427 16 7154 538 3 5907 40056 7 290 1427 8118 623 58 3 1308 32397 40056 8 95 16 9 5018 13 1141 76 1250 3 523 48517 7 290 1427 5
349 3 83 881 4 10 27728 2376 23 16 5892 13 3 177751 7 3 600 31 3628 4 8417 210979 2376 754 93 133 9513 5
355 3 177751 31 34 3628 4 3 11763 148 3 3597 36 26 9 62230 8 10 3695 3 231 7 210979 2376 36 665 10 333 5240 8 19372 713 5
527 4 463 6 3 853 221 7 1117 19393 13 236 6 26 1221 4 23 16 1144 537 13 3 19372 24 210979 2376 16 1734 58 13 7 27728 2376 35 62053 4 19118 4 323 48114 4 2391 33 5
17 210979 16 170 24 12752 3 14392 53 35 341 33 17 216 912 2780 6 3 2129 7 8258 8 19372 10 3 267 13 3 665 16 3628 6 8258 49 4568 5
238 19 3 27728 4 3 210979 4859 34152 148 67 3597 5
273 2489 1427 628 2757 4 46 18 5487 3 216 21 14 27728 2376 5
17 1646 7 3 3272 10 87009 18020 143 146 333 3 210979 4859 36 3030 58 3 27728 5
273 528 48517 3272 4 3 210979 42030 65 677 6 3 27728 5
9049 4 7 3 67 4 97 3 210979 71 26 220 65 1193 770 31 3628 35 10523 323 11666 4 7416 33 5
1113 48 7768 10436 58 3 27728 4 3 210979 16 287 12228 163 396887 912 5
17 210979 71 10779 1734 58 3 27728 14 396 5907 9059 5
9049 4 628 13 16 34 3615 5146 522 10 9 8666 773 24 3 210979 4 65 677 6 3 27728 5
10523 8 11666 35 7416 33 170 3 773 7 3 210979 4859 6 26 48 3538 6 3 17020 7 3 628 58 3 27728 4 3096 21 3 221 7 13987 2238 6 9 1087 19547 221 4 153 3665 5026 5
90977 8 108140 7410 31 3 104 1940 220 19372 4309 5
145 3010 7012 16 463 6 40 3279 7 231 8 3 1773 5681 7 3648 5
1354 4 658 4 4753 3 916 7 3 1427 11763 16 424 8 9346 9 2190 3157 5
145 3157 16 5892 6 26 6754 8 962 24 9 424 4859 5
931 7417 142 3303 10 117 745 5
81 678 6 3030 19372 14 9 3528 1079 7 19630 628 4 9 5018 383 26 488 6 4301 8026 7 4000 4 8 2285 228461 4 12483 5
11856 8668 5737 35 33 17 11856 8668 5737 35 33 1506 16 9 6682 12391 2854 31660 14 5195 4355 13 74 2042 24 31652 8 28779 35 13466 33 4 8 16 149 57 7 3 104 974 2520 14 19372 544 35 31652 323 28779 4 13466 4 13834 33 5
11856 8668 5737 12726 13 11537 47 31 408 671 31 338 6 27 3 216 19372 5
17 13300 13 9 397 14937 9317 6 9 1427 71 26 1221 24 3 5084 7 928 266 10 9 14644 2621 7 14937 13 7857 6 13 1427 35 31652 323 28779 4 13466 33 5
17 397 142 883 26 6401 24 1045 505 49 24 9 27647 2463 5806 7 3 14644 221 35 11856 33 7 8668 266 5
81 1045 2133 4 3 221 7 266 10 3 2621 7880 6 290 1427 16 6074 4 8 3 1427 6 47 3 1391 5084 7 266 9317 16 3 104 338 19372 7 14937 5
17 27647 2463 5806 22462 9 27647 1846 14 290 1427 543 15 3 11856 8668 266 8 51835 14937 76 3 1427 19 3 1391 27647 1846 5
13166 6 50 798 9512 6 85651 4 1045 2133 16 48 7081 220 58 3 27647 2463 5806 35 4 359 33 5
81 46 1381 4 1045 2133 16 220 14 3 628 2757 5
81 678 6 2258 47 266 7857 10 3 2621 4 3 14561 25 14937 6 70 266 10 3 928 197 383 26 7154 5
3701 3457 4859 13 45453 47 7 67 266 16 2211 6 3 5907 397 86 26 4723 35 31652 323 28779 4 13466 33 5
17 104 1029 3457 13377 220 10 11856 8668 5737 16 3 234324 3457 35 4 4 4 323 4 1422 33 5
17 234324 3457 148 290 960 397 13881 8 928 197 397 522258 4 290 19 9424 13987 4 16 7154 538 3 14392 53 35 459 33 81 614 3 508 1959 31 2828 14 3 11856 8668 5737 1506 35 105862 4 4 323 526610 4 274 33 53 35 249 33 61587 7 11856 871 5
35 341 33 49239 13571 5
35 459 33 49239 1835 10 42645 678 5
35 503 33 16268 11856 1427 2770 5
35 500 33 16268 5770 1427 5
364 1236 6 231 3 11856 8668 5737 16 6 2258 3 19547 1646 7 11856 4 47 3395 21 9 42146 96734 5
79 396 11856 36 34 26 4783 6 10366 2882 3 1193 14635 180 3 960 397 35 323 16453 4 5981 33 5
79 1978 11856 36 665 10 287 48517 10 13300 2082 44 3 552 7 7285 48 9124 35 12283 32330 4 1422 33 5
9273 144 26 528 385 6 12042 3 13300 7 9 14510 421 4 44 396 385 13 3 266 848 371 32 5050 2882 7 3 1359 1427 5
8 16453 35 5981 33 170 13 3 19547 871 7 11856 5473 1918 3 5907 1646 8 6294 10 290 1193 4 21 166 21 3 14635 14 290 1193 10 3 676 5907 5
273 745 10 47 3 3272 10 3 177751 8 3 1884 148 5907 14635 42 883 189 396 49 189 528 4 8 16453 35 5981 33 170 13 3 19547 11856 6 26 4 114 6517 16 3 221 7 5036 10 3 928 197 5
355 87 18 9 528 1884 148 177751 8 9 396 1884 148 5907 14635 4 49 1797 22206 4 8 16453 35 5981 33 2118 6 26 3 19547 871 7 145 1506 6274 307 9063 35 4 4 323 4 359 33 53 35 4114 33 1738 17315 17635 4 47 340 34 1368 23 25 7759 19372 522 21 206 21 35 49 141 333 58 33 83 48 1812 5195 4355 4538 5
35 25547 33 66 16 481 25 11245 7417 4 133 21 3 1966 3201 7 3 23394 5
35 31883 33 1738 7362 340 34 5524 15 3 904 3201 7 3 3597 5
81 1117 4 65 3 8026 148 3597 71 34 26 962 21 62230 27728 49 62230 4 11856 8668 5737 12134 333 58 3 27728 8 210979 7410 5
8 16453 35 5981 33 170 13 3 27728 12134 1927 333 58 11856 8668 5737 65 1193 177751 31 3628 4 9 1215 13 2048 9 27728 11763 5
238 3 3272 10 3 177751 2238 4 11856 8668 5737 12134 1576 333 58 3 27728 4859 35 323 16453 4 5981 33 5
527 4 680 7 3 70 9063 3039 14 3 11856 8668 5737 2520 4 43 59 27 90 33192 5
11856 8668 5737 1506 71 34 162 166 92 528 3272 31 1379 10 3 221 7 5036 10 290 1427 5
11856 8668 5737 1708 1024 317 52 3 2981 7 3 3597 8 7 3 3703 3238 7 290 12911 10 3 19372 5
10526 4 23 340 34 852 9 45268 8593 7 3 522 4 8 10 3 267 7 528 221 7 5036 4 3 66413 71 343 23069 2063 5
81 1243 4 11856 8668 5737 1506 146 568 2900 8 5447 3212 58 83 4309 5
766 30134 10 3 928 197 383 26 7545 10 2900 8 220 6 13012 3 234324 3457 25 329 960 5907 5
17 46333 10119 8527 28668 21 3 221 7 30134 2238 35 323 4 502 33 5
9207 60401 4081 35 33 9207 60401 4081 35 187305 33 16 9 84 5195 4355 4462 21297 3230 15 2106 11245 2854 3695 35 4 2804 33 5
9207 60401 4081 4 2925 1254 14 46302 19372 4 6655 12391 2854 6 384 3 19547 14627 148 3 67 600 7 628 5
3879 170 133 9 1535 4 270 60401 4081 71 153 4764 3 19372 7 32 129618 946 24 1855 15 47 487 7 3 14627 1535 3 946 3443 5
9207 60401 2953 3395 21 9 27728 303777 10 9 272 61638 2419 904 11359 24 9 13808 7 3 1494 9796 904 4 3 3979 303777 16 10 614 103860 10 3 9796 904 8 23 25903 206 83538 3800 24 32838 3 3053 148 3 67 3597 5
81 3 508 80 371 9 814 9560 7 1444 7 270 60401 2953 5
12097 9 197 7 928 6200 21 3177 53 35 503 33 114 3 94604 31 521 9424 61638 5195 83735 8 3 348130 31 282327 7005 5
9207 60401 2953 9013 3 5195 83735 14937 80460 76 9 2285 568 61638 2419 904 8 13014 32 19547 19966 17563 64399 1635 8862 3082 6494 10 2419 904 6 1687 6200 25 3 67 3597 5
273 270 60401 2953 19 122075 4011 3053 24656 4 46 16 617 24 12538 3 35871 27708 565 21 3177 53 35 500 33 114 3298 16 9 375055 96734 220 6 1865 9 72076 148 3 928 3768 8 3 3053 4 8 35 4114 3082 249 4 341 4 4 15441 33 31 17617 23394 5
17 996 565 16 205930 10455 538 3 2104 7 50 9460 916 53 35 708 33 114 16 3 54861 4859 13 27368 7673 9 15987 5
17 3979 421 4859 16 53 35 700 33 766 54861 7410 27 6 11922 16170 110626 35 10558 323 24067 4 744 33 109 658 4 3 104 7081 220 54861 7410 31 395088 54861 8 70865 1625 4859 54861 4 3995 5
35 704 33 35 782 33 9207 60401 4081 5697 25 2376 10 67 964 1225 5
1532 4 3 2419 904 7 9 19372 565 16 34 5892 6 26 180305 249022 5
6001 4 9 108140 15987 4859 35 59 226 9 54861 4859 33 16 220 6 3001 3 628 10 568 17020 114 3 11763 148 3597 16 5892 6 26 27728 35 128359 4 6351 4 323 65731 4 1278 33 5
3668 4 3 11763 16 3380 24 270 60401 4081 1016 7 9 837 11763 5
9207 83735 336 137 3 5907 5897 47 31 3 104 841 6 30174 4 3847 3 5907 5897 13 31 5426 6 3 2755 11763 35 128359 12283 32330 4 1278 33 5
16 5144 24 31291 9 3235 3053 13 19756 3 62230 1535 25 3 3597 5
42412 47 9498 46 3053 31 22285 5
17 1646 7 3 1936 16 9 96734 477 3876 6 21 3298 35 529 12283 32330 4 1515 109 323 486170 4 1515 33 5
49474 32542 2642 35 439493 33 49474 32542 2642 35 439493 33 31 1416 1443 1589 6 18465 3 884 7 3 746 2032 24 40916 17241 50 186564 29991 2981 5
49474 32542 2642 27 45 1595 6 26 1783 22 91415 1812 108140 7410 35 10141 4 1278 33 5
273 19372 8090 4 192 7410 3001 3 3157 7 3 24065 148 3597 5
81 7732 32542 2642 4 46333 2367 226 23791 2323 3 8460 2469 8 3 11414 7 3 115168 31 3380 24 17509 4 10 47 3 2198 317 16 7545 5
145 2665 6214 71 5603 90 7 3 17235 5447 1175 7 3 7207 2032 133 21 2854 8 3683 7951 25 791 5
49474 32542 2642 7801 3 6928 7 3 11763 3157 170 10 11856 8668 5737 19 3 3961 8 799 4250 3212 7 7410 5
2224 3 11856 8668 5737 4 7732 32542 2642 31 628 2434 109 87 31 93 5892 1506 10777 49 23033 4 21 16 3 267 19 2376 35 84033 323 10141 4 2391 33 5
18996 4438 9419 4018 850 992 16 3 104 1940 220 1506 916 14 17241 4 11249 4 8 19372 35 7894 4 43611 4 323 22916 4 274 33 5
17 1506 16 12072 24 9 992 7 108 10746 7 1906 5447 2367 3797 24 3151 35 98586 249 33 5
17 1322 148 3 3354 35 11348 33 8 3 29132 35 273290 4 309581 4 4 173111 33 29 3 508 17315 8593 53 35 183 33 114 60385 4 72539 35 4114 3082 6494 4 249 4 341 4 4 9421 4 72539 3082 249 4 341 4 4 72846 33 8 35 72539 3082 6494 4 249 4 341 4 4 72846 33 31 1506 19393 477 226 2205 17509 109 9421 16 3 221 7 9796 30864 109 8 72846 16 3 221 7 4438 30864 5
7337 11371 3 992 137 3 9796 9419 4 2503 137 4438 9419 4 8 18859 137 3 3354 9419 5
3194 4438 9419 8 3354 9419 38105 15974 628 25 3 30864 996 23 35 883 3 9796 9419 49 4438 9419 33 8 8323 32 30110 4859 5
121867 7410 71 159 307 3497 5
17 2125 7 30110 4859 16 2573 24 3 983 7 3 61279 496 3 992 5
81 3 1045 7 745 9796 9419 23791 112 34 27 32 30110 4859 4 21 40 604 16 6 2589 3 29132 6 3 4438 9419 5
17 67929 8 55853 7410 31 477 220 21 4438 9419 8 3354 2589 4859 14 19372 544 13 31 1595 10 5
35 407 33 8 35 403 33 4 3995 5
1516 2589 7410 71 59 26 220 133 21 27728 8 210979 4 290 19 9 2726 7 17241 2333 5
35 407 33 35 403 33 133951 992 2981 35 6517 35 9421 72846 249 33 98586 249 5
133951 992 2981 35 6517 35 9421 72846 249 33 5 33 5
17 1906 992 392 24 35 183 33 16 5885 1509 10 13 23 16 488 6 26920 3 16084 4859 21 3 221 7 4438 30864 65 72846 16 10581 528 5
81 1407 4 1906 992 2981 13 29 9 396 221 7 4438 30864 477 1131 166 10 61 7 5907 11249 5
145 142 26 463 6 3 1102 3054 170 10 3 32542 992 17241 650 5
622 1506 29 9 206 2338 6 3 5907 220 14 1506 589 44 29 1024 547694 6 628 61 7 3 5907 5
187 4447 117 523 6599 133 21 3 37578 31660 4 3 395088 89 31660 4 3 65183 47246 5533 4 8 3 992 317 38020 14 1913 3 19547 6358 7 32 7732 32542 992 5
931 6599 71 26 2239 40345 21 3177 35 323 4 590 33 53 35 4114 33 146183 49 11245 4309 13 31 220 6 542 3 1102 7 2634 19393 8 2401 3206 2770 14 91 543 15 3 773 7 1506 5
17 104 14324 8 614 7 192 4309 32629 3 4860 25 90108 2106 1746 7 8365 5
35 25547 33 22510 4309 133 21 22190 42101 114 3 7732 32542 992 71 26 11737 21 32 33855 22190 284 49 23 71 3270 15 22190 1016 7 521 1051 5
35 31883 33 121722 37578 27964 13 4 3995 4 1753 2821 23791 25 32 2007 6358 538 9 1321 14644 38020 6 4459 143 7732 32542 992 773 16 1768 24 3 893 5
17 2370 954 31 13 23791 31 304 65 928 16 2063 49 65 3 1153 26327 3768 16 1978 58 9 14644 871 5
81 3634 4 23791 31 2207 65 9 337 10 9 61279 2106 871 340 34 35471 6 9 337 10 3 992 2106 1070 49 65 3 2059 2770 13 31 2442 19 46 61279 816 4599 14 9 528 221 7 928 129759 5
35 40378 33 5
54480 5310 13 1046 72 151438 904 24 11264 3 221 7 4438 10746 8 4438 23791 137 2673 7 4624 4262 8 8557 7 3 523 64152 232 6 32 6905 4859 35 323 4 359 33 5
1113 117 523 6599 4447 10 678 6 384 3 19547 6358 7 32 7732 32542 992 4 192 4309 31 1618 1144 1812 10 2129 8 31 841 6 5507 35 10141 12283 32330 4 2804 33 5
10526 4 2477 7 192 4309 71 3489 3 19547 2104 14 70 521 11249 544 5
659 1294 4 87 16 93 1906 25255 5018 14 6013 7 192 19393 8 3 2795 4644 16 6 960 3184 2642 19 11264 1051 7 4438 2367 4 2882 83538 3768 14 290 8 5339 3 992 19 3 2654 83538 3768 35 39325 4 25279 4 323 8441 4 502 33 5
2491 9 992 2981 16 14644 4 3 992 16 1334 14 928 9 650 7 96734 37582 5
17 19393 31 1221 133 13 3 470 4859 7 32542 992 16 42726 5
16347 4859 16 32 1308 8958 38020 133 21 3 508 1153 26327 3768 53 35 698 33 114 4 6517 16 3 221 7 3768 970 5
145 156894 16 617 19 90 4213 108140 27708 27964 83 58 3 2370 928 31660 35 323 43536 4 5981 33 4 10 47 3 19393 7 3 32542 992 4 60385 4 72539 4 31 1406 24 32 1058 4 72539 4 232 6 3 508 6363 53 35 685 33 114 4 3 96734 16 3 2854 489 8 4 72539 16 3 7553 16496 7 3 4859 5132 19 2201 6 3 2059 60385 4 72539 5
145 16496 16 7081 43420 10 67 3191 5
81 3 850 1042 4 32 9796 60401 25 3 928 197 16 3677 6 3 9796 2367 7 3 992 8 16 60484 137 3 992 4 9419 24 9419 4 3747 3 380 3354 5
1498 3 12807 1042 4 3 3354 7 3 992 16 677 19 3 13228 3354 8 3 3979 3768 16 153 60484 12807 137 3 992 4 13999 3 17509 14031 5
659 1952 55 3 2854 650 4 125 7138 3 8998 7 3 31660 4 8 43536 35 5981 33 2042 9 4050 1043 10 446326 35 708 33 4 3847 9863 3 508 2854 1396 53 35 409 33 17 4050 1043 142 59 26 7141 6 1368 3 2854 650 25 110 4423 76 1024 325 244038 4 8 16 1618 3112 10 3 12634 1356 6494 109 249 1362 5
5583 4 3 1221 1506 16 12354 538 9 1687 141587 5907 13 16 34 3509 6 3 928 650 5
1504 3 3184 19372 2520 558 4 3 8958 16 4867 6 117 421 6589 4 8 12146 4 299 601 76 1225 7 3096 3 7362 7 3 19372 2520 45 392 55 5
966 1296 27 2164 3 7736 7 2489 536044 6 1657 9 333 303777 4 47 29 45 217 6 1297 773 35 7744 4 14879 4 323 58618 4 590 33 5
17 7362 7 9 5373 8635 15 3 3525 6 47 50 536044 132 523 5464 4 49 31 3768 1216 5
74487 252 25 179 5158 4 13 16 4 523 628 12540 4309 4 523 96734 9937 4 523 536044 4 8 523 3109 5310 35 9117 4 2391 33 5
999 770 7 3 2164 7736 7 307 536044 4 9 333 773 58 13 7 120 7 3 1570 536044 16 1787 5
9965 6 2489 1149 7 536044 13 27 4964 3 785 6 1128 3 83538 3768 7 9 303777 1506 25 500 202 6 1551 202 5
81 678 1299 4 2489 536044 142 581 48 5050 19372 522 58 837 303777 35 4 2391 33 5
81 46 1381 4 9 3093 5373 19372 1506 7 7732 32542 2642 16 1273 10 678 6 4047 48 5050 522 538 3 2489 27728 56018 2520 5
17 689 3316 7 3 1273 1506 16 6 231 3 2665 9063 7 3 2489 27728 56018 2520 10 27728 17241 10 678 6 4417 3 27728 17241 16018 7 3 1510 7732 32542 2642 5
12502 4 10 3 74 4141 7 3 1273 1506 9 2489 27728 56018 1506 16 220 10 678 6 54870 3 27728 5937 10 3 13987 14 333 538 24 32542 992 10 3 169 4141 5
1301 3 29573 27728 5937 31 43628 10 9 84 17807 21 4659 35 9424 1635 17807 33 5
17 689 733 7 538 3 2489 27728 56018 2520 16 6 8612 3 1322 148 13987 21 1216 49 34141 23394 8 1427 871 21 6325 12911 5
145 16 617 24 10104 9 1071 517 6 9 221 7 11537 5
18027 4 9 517 16 1601 95 13 3 26327 64441 7 3 6453 266 25 13 517 31 42726 5
8616 46 4644 16 2239 3876 6 21 248 20085 37582 35 4 467865 4 323 81861 4 280 33 5
151834 4 92 3 1427 871 16 157631 6325 15 3 2770 7 40 13987 4 153 9 2489 56018 1506 16 21 3177 53 35 697 33 114 94604 35 4114 3082 6494 4 249 4 341 4 4 9424 33 31 13987 8 35 4114 3082 6494 4 249 4 341 4 4 9424 33 31 4000 225419 13 31 1221 24 3 248 20085 5018 5
1301 4 10 3 169 4141 7 3 1273 1506 5
1301 4 10 3 169 4141 4 9 32542 992 16 220 10 678 6 8775 1506 189 27728 8 108140 6294 8 30174 538 1494 13987 8 9 4209 27728 17807 24 2489 27728 56018 21 3177 53 35 800 33 114 4 4 60385 4 72539 35 4114 3082 6494 4 249 4 341 4 4 9424 1635 249 4 72539 3082 6494 4 249 4 341 4 4 72846 33 8 35 72539 3082 6494 4 249 4 341 4 4 72846 33 31 2205 17509 4 9424 1635 249 16 3 221 7 3 70 13987 35 9796 30864 33 4 8 72846 16 3 221 7 4438 30864 5
1113 4 10 46 1381 4 3 1273 1506 16 97 220 14 21025 5373 1506 24 156936 35 106153 33 14 19372 3644 4 46 17592 71 26 2239 3677 6 9 1773 1079 7 7732 32542 2642 133 21 270 60401 4081 35 33 4 614 56018 32542 2642 35 33 4 131804 32542 2642 35 33 4 4703 5
14 17241 4 8360 11249 4 8 19372 5060 5
35496 1506 14 160072 19372 17 3354 7 3 1273 1506 16 11065 5
55706 544 5697 10 13 50 3354 16 33770 5
527 4 19372 71 59 26 4129 21 3 650 7 3683 9 24065 148 3597 5
17 1273 1506 71 26 220 6 26920 9 4859 13 16502 46 24065 5
1563 1273 1506 340 34 4753 3 3157 7 3 24065 4 4446 3 27728 8 210979 2376 5
81 2906 6 3 11856 8668 5737 5018 4 3 1273 1506 340 34 1871 4250 7 928 628 5
2491 3 1506 29 45 3559 4 23 12134 146 3254 58 11856 8668 5737 106 23 340 34 236 6 296456 137 1570 928 5036 5
17 1273 1506 340 34 1871 26753 8 380 3394 7 9 54861 4859 8 9 1936 96734 21 16 1272 24 3 270 60401 4081 5
1563 1273 1506 7180 8635 15 9 928 650 10 678 6 2705 3 380 303777 1506 5
5583 4 3 1273 1506 6731 34 29 3 3196 522 10 27728 544 8 59 4 10 544 13 17244 189 27728 8 108140 17521 6294 21 1510 7732 32542 2642 5
81 678 6 2780 3 1273 1506 6 19372 4 1087 13613 6 3 1506 666 6 26 115 5
238 19 83 19372 2520 35 19 3 5694 7 11856 8668 5737 33 4 3 3354 7 3 1273 1506 16 11065 4 125 19372 2818 33770 522 5
11649 6 83 2520 4 11065 3354 7 3 1273 1506 16 4902 6 9 33770 1427 24 31370 9 5907 6 3 1427 6 47 3 3354 18 5426 5
3194 1427 16 6234 9 70256 871 5
17 1884 148 3 3354 8 290 70256 871 16 153 7154 4 8 3 5907 16 255 10 3 1427 19 47 50 3354 29 3 8855 1884 5
81 1273 1506 14 160072 19372 544 4 3 2770 7 58508 4 56012 8 58508 6494 4 56012 31 3995 1109 21 1427 2770 4 65 3 55853 8 67929 7410 31 220 21 3354 2589 7410 7 3 1273 1506 5
527 4 10 267 7 538 3 27728 2589 4859 14 3354 9419 7 3 1273 1506 142 26 333 6 2780 3 2770 7 58508 4 56012 49 58508 4 56012 21 1427 2770 5
17 1978 1427 2770 2601 396 3272 10 3 3354 4 1533 3 1506 6 343 48 3538 6 10887 10 3 9796 5
284111 1273 1506 14 2489 1427 19372 81 46 2124 4 3 52301 1273 1506 14 2489 1427 19372 16 2042 5
17 1117 10119 13292 10 2489 1427 19372 544 6274 9 1236 6 117 19372 2520 5
622 1217 13 29 45 7081 220 10 678 6 1297 2489 1427 773 7 536044 16 52301 2520 5
9524 52301 536044 539 52301 32542 2642 8 421 2855 5
29507 2855 477 2705 57 49 48 13987 220 6 2714 628 22 290 38105 4 285 290 5907 7318 9 14613 38105 22 47 23 16 6234 6 9 1427 35 323 187871 4 274 33 5
17 52301 32542 2642 142 252 10 9 2726 7 64152 5
1604 8 187871 35 359 33 4301 9 52301 32542 992 10 47 841 928 5036 31 1830 25 3 74 9419 8 220 14 928 10 4831 10746 5
2552 4 4 181901 4 8 10776 35 1095 33 74 4386 3597 13 71 26 2093 6564 4 153 231 2419 3394 6 1088 1117 5982 14 3 1652 3597 4 9409 47 2000 6 231 22 290 38105 7 3 3472 5
5583 4 32542 2642 31 220 22 290 38105 6 1297 3 773 7 3 3472 5
45006 14 538 52301 536044 1101 15 2790 10119 5
10907 8 7914 35 3495 33 4301 52301 536044 21 9 33498 7 31462 536044 5
158 1919 13 31462 536044 477 11851 65 9 3109 7 2193 539 9 528 221 7 3597 4 3597 27 841 12483 35 31 34 9824 4 115615 4 49 3797 33 4 3597 112 34 27 9022 8026 4 8026 31 1695 108140 4 8 165644 7 90 266 4263 9 272 1936 5
1604 8 187871 35 359 33 4301 52301 19372 21 9 152 10 47 6 7367 628 47 31 48 841 6 30174 10 678 6 30174 192 628 7196 5
81 46 1381 4 108 523 6599 4 13563 57 4830 57 4 57 4830 939 4 8 57 4830 70 31 5422 10 678 6 1800 9 52301 1185 7 3 1273 1506 508 3 25646 14618 5
81 70 7 192 6599 31 96355 13 92 9 1427 16 2207 25 3 628 197 4 3 1652 3597 142 343 2538 6 30174 276 3 1951 7 3 2207 1427 5
349 3 83 881 4 10 678 6 21095 3 928 8 1297 3 773 4 2489 1427 19372 544 71 26 1961 124 76 307 160072 628 2757 5
17 17241 470 7 3 57 4830 57 1217 10 678 6 1800 7 3 52301 1273 1506 16 215 272 5
273 9 267 7 11856 3597 4 3 57 4830 57 1217 738 160072 536044 4 125 3 57 4830 939 4 8 3 57 4830 70 109 6599 97 236 11856 115998 249 8 11856 160072 536044 5
12502 538 3 57 4830 57 1217 14 1572 7 3 52301 1273 1506 16 34 4203 5
81 3 57 4830 939 1217 4 14 9 267 7 11856 3597 4 9 1427 25 192 11856 3597 16 74 1109 21 9 3936 4 8 3 939 11856 115998 249 3597 21 184 3936 4 8 9 160072 303777 16 9168 5
2927 4 46 1427 16 8766 4 8 153 3 962 650 16 3629 14 9 267 7 11856 115998 249 3597 5
349 3 83 881 4 9 1427 25 1652 11856 115998 249 3597 16 1109 21 9 3936 4 8 3 939 11856 115998 341 3082 35 11856 115998 249 33 115998 249 3597 21 184 3936 4 8 9 169 160072 303777 16 9168 4 8 95 15 8 95 6242 10721 3 73 160072 303777 16 9168 5
81 46 152 4 11856 115998 249 160072 303777 383 26 9168 10 70 14 9 267 7 11856 3597 5
17 57 4830 70 1217 16 825 6 3 57 4830 939 1217 19 9 1023 1884 5
81 3 57 4830 70 1217 4 14 9 267 7 11856 3597 4 9 1427 25 192 11856 3597 16 59 1109 21 9 3936 4 8 3 939 11856 115998 249 3597 21 184 3936 4 8 9 160072 303777 16 9168 109 658 4 46 1427 16 34 8766 5
81 46 152 4 11856 160072 303777 383 26 9168 10 70 14 9 267 7 11856 3597 5
17 19372 773 7 3 1273 1506 16 677 19 3 27728 2376 35 66891 33 4 210979 2376 35 33 4 11856 8668 5737 35 33 4 270 60401 2953 35 187305 33 4 8 1510 7732 32542 992 35 49894 33 2520 538 179 6682 4482 628 2757 5
3194 628 197 3112 14 231 10 3 4482 10602 29 45 220 10 2489 845 2062 6 5548 19372 773 7 1678 19372 2520 5
901 7 192 27 67 3597 4 8 67 3576 2489 35 108 8 179 33 3597 5
3194 628 197 16 3868 76 9 928 197 8 9 960 197 4 8 290 1506 16 3677 14031 5
17 19372 3768 489 14 290 1427 16 7154 8 16 2209 4 21 166 21 3 94 3070 10 3768 489 14 3 1273 1506 5
17 4482 160072 628 2757 238 19372 4589 3 95453 7 904 148 67 49 48 2757 7 628 4 117 19372 2520 31 15055 6 231 65 32485 148 67 3597 5
21847 3597 1753 10119 24 4951 3 3465 7 2489 64360 5
901 1427 628 2757 1752 5441 3 7362 7 3 24065 1146 24 290 19372 1506 5
17 628 2757 220 14 61715 539 9 12643 628 197 24 34335 35 3578 33 8 19630 628 197 7 4171 6708 297 34256 5522 35 77185 323 10192 4 359 33 5
1354 7 192 628 2757 27 45 1940 220 10 3 845 6854 6 5548 773 7 1678 19372 2520 5
34335 12643 628 197 17 34335 12643 628 197 16 1146 24 34335 14 30 8557 7 3 231 7 511151 4 119 71966 32542 2642 14 19372 35 34335 4 3578 33 5
17 628 197 9286 7 66683 5036 19 67 13987 5
901 3674 8 20025 5036 31 220 14 928 4 8 57 4746 5036 31 220 14 2279 5
17 67 3597 31 4351 3380 10 3 628 197 5
3194 1427 9286 7 67 3615 5146 6482 4 95 3 556 197 7 290 17807 14 290 1427 16 34 3615 5146 5
1210 6 3 767 1131 4 290 303777 16 3559 15 3 74 3602 5036 4 8 153 2870 23 15 3 1652 11226 5036 5
81 678 6 4498 3 30392 992 6358 7 3 1273 1506 4 543 15 3 13538 7 7732 32542 2642 1746 35 4 744 33 8 538 37578 27964 10 415722 700 1560 1586 4 523 992 64152 31 12354 6 6786 3 439493 773 5
17 282 9098 992 47 16 3467 4 8 3475 4 3 6358 47 2209 3 282 8958 19 3 960 628 4 16 9935 7 108 29132 4 179 4438 8 57 3354 23791 35 10 35026 916 4 6517 35 306503 33 33 5
17 2981 7 3 282 9098 992 16 1595 10 98586 341 5
17 17509 8 34710 7 3 282 9098 992 14 3 34335 12643 628 197 31 392 10 20498 249 5
17 165644 22045 7 3 290 1506 8 3070 22045 7 3 1273 1506 10 4631 19 138 7 83 19372 2520 14 3 34335 12643 628 197 10 189 928 8 960 628 2757 31 43628 10 65588 341 8 459 4 3995 5
71674 7 3 282 9098 992 35 34335 12643 628 197 33 4 6517 35 306503 33 98586 341 5
71674 7 3 282 9098 992 35 34335 12643 628 197 33 4 6517 35 306503 33 5
20498 249 5
107327 8 34710 7 3 380 992 14 34335 12643 628 197 6517 35 306503 33 5
84181 17509 26406 17509 34710 4 72539 20498 341 5
67 1427 4482 628 2757 19372 522 5
15060 55706 3768 35 202 33 34335 12643 628 197 34256 1452 18054 628 197 15469 2954 15469 2954 90977 2376 35 66891 33 26737 23013 47384 48580 210979 12811 35 33 26737 24031 45827 52381 11856 8668 5737 35 33 55274 30273 44680 49243 9207 60401 4081 35 187305 33 27932 21633 20568 82316 49474 32542 2642 35 49894 33 15585 34040 46367 22510 1273 1506 19050 18063 33267 39798 20498 459 5
67440 3070 7 3 1273 1506 10 4631 19 138 7 83 19372 2520 35 160072 745 33 5
15060 25143 35 202 33 34256 1452 18054 628 197 34335 12643 628 197 15469 2954 15469 2954 90977 2376 35 66891 33 369213 132173 183853 210979 2376 35 33 369213 279908 152503 321560 11856 8668 5737 35 33 145264 120476 237347 9207 60401 4081 35 187305 33 290917 154340 351098 49474 32542 2642 35 49894 33 93341 75451 266497 5
34256 1452 18054 628 197 17 34256 1452 18054 628 197 16 3883 24 3 379 1642 7 18054 8 89130 8 26824 19769 8 9286 7 4171 23713 35 1432 49 2366 33 8 13987 7 1905 826 37 31 22 248 1004 85 551 8 7 34256 1452 4399 35 77185 323 10192 4 359 33 5
17 583 13987 3001 35 249 33 3 221 7 400 3403 4 35 341 33 3 522 7 32 8676 17269 9903 960 4 35 459 33 79655 1327 775 35 26741 88386 33 4 35 503 33 59220 3046 13091 26269 35 26741 33 4 35 500 33 341 18398 41640 12594 35 29406 33 4 35 708 33 636 2199 1291 35 2059 10 35 4801 10 15441 33 33 4 35 700 33 4171 19422 4859 4 8 35 704 33 731 35 64 33 5
17 628 197 9286 7 72440 5036 4 52 67 296 7 47 27 9 2366 4171 6708 8 57 296 19 9 1432 6708 5
17 628 197 16 14027 2714 76 3628 1646 928 8 960 2757 7 43796 5036 290 5
6297 15 3 767 1131 4 290 303777 16 3559 15 3 347 7 3 628 197 4 8 153 2870 23 15 3 1652 347 7 3 628 197 5
81 9 825 2066 4 24 538 37578 27964 10 1560 1586 4 3 282 9098 992 47 16 3467 4 16 9935 7 836 29132 4 108 4438 8 57 3354 23791 35 6517 35 338229 33 33 5
17 2981 7 3 282 9098 992 16 1595 10 98586 459 5
17 17509 8 34710 7 3 282 9098 992 14 3 34256 1452 18054 628 197 31 392 10 20498 503 5
17 165644 22045 7 3 290 1506 8 3070 22045 7 3 1273 1506 10 4631 19 138 7 83 19372 2520 14 3 34256 1452 18054 628 197 10 189 928 8 960 628 2757 31 59 43628 10 65588 341 8 459 4 3995 5
71674 7 3 282 9098 992 35 34256 1452 18054 628 197 33 4 6517 35 338229 33 98586 459 5
71674 7 3 282 9098 992 35 34256 1452 18054 628 197 33 4 6517 35 338229 33 5
20498 503 5
107327 8 34710 7 3 380 992 14 34256 1452 18054 628 197 6517 35 338229 33 5
84181 17509 26406 17509 34710 4 72539 476981 554916 500634 551252 5
75250 19 83 19372 2520 14 4482 160072 628 2757 81 3 34335 12643 628 19372 267 4 307 523 64152 7 7732 32542 992 31 1254 8 5422 5
622 6358 9935 7 67 29132 4 108 4438 8 57 3354 23791 35 6517 35 234211 33 33 21 4723 24 34335 35 3578 33 29 45 170 6 26 3 104 5050 297 70 83 49894 64152 4 19 9 15585 202 3768 489 5
527 4 129 1273 1506 93475 46 1506 15 3 960 4410 7 3 628 197 4 19 32 3768 489 7 18063 202 4 32 3070 7 93341 202 677 6 3 282 1510 32542 992 522 7 15585 202 5
81 1243 4 543 15 3 2129 7 3 628 197 4 23 16 230 13 27728 8 210979 2376 36 34 26 19547 536044 21 192 2520 31 3 282 65 70 40 13987 31 3615 5146 5
145 8265 16 1091 24 3 773 7 290 5
17 27728 2376 8 210979 2376 2520 27 3 3768 489 7 23013 202 8 24031 202 15 3 960 4410 7 3 628 197 13 240 3 19372 489 132173 202 8 279908 202 1734 58 129 1273 1506 4 3995 5
17 270 60401 2953 11657 1927 15 27728 2376 8 210979 2376 4 19 9 21633 202 3768 489 5
527 4 46 3768 489 16 32 154340 202 568 58 3 1273 1506 15 3 960 4410 7 3 628 197 5
81 2906 7 83 19372 2520 4 3 1273 1506 71 34 23997 3 11856 8668 5737 1506 15 3 960 4410 7 3 628 197 5
1563 1273 1506 19050 202 8 18063 202 7 3 928 8 960 5036 4 32 3070 7 145264 202 8 202 677 6 3 282 11856 8668 5737 522 7 55274 202 8 30273 202 4 3995 5
81 3 34256 1452 18054 628 19372 267 4 129 1273 1506 29 3 2654 3768 15 3 960 4410 7 3 628 197 10 4631 6 83 138 220 2520 14 3 34256 1452 18054 628 197 4 19 9 165644 489 7 39798 202 5
238 767 267 4 307 523 64152 7 7732 32542 992 31 1254 8 5422 5
17 282 4149 6358 14 9 1510 7732 32542 992 5708 9 46367 202 3768 489 4 47 1273 1506 11657 24 351098 202 5
90977 2376 12134 169 282 19 32 3768 489 7 48580 202 4 9 19372 489 183853 202 1734 58 3 1273 1506 5
210979 2376 52381 202 7 3 960 5036 4 47 16 59 9 321560 202 1734 58 3 1273 1506 5
238 11856 8668 5737 3247 71 26 3538 6 3 3703 7060 7 523 13987 4 70 13987 31 12010 24 40 64399 3247 103 538 11856 8668 5737 1506 35 63429 4 502 33 5
17 282 11856 8668 5737 4 19 9 9273 3082 698 29 3768 713 7 49243 202 13 16 9 237347 202 568 58 3 1273 1506 3768 5
17 270 60401 2953 1506 5708 32 3768 489 7 82316 202 5
17 1273 1506 11657 1918 192 24 351098 202 14 3 270 60401 2953 1506 5
273 189 46302 19372 4482 628 2757 4 1273 1506 12134 333 58 3 1510 7732 32542 992 5
17 3070 16790 25 93341 202 6 266497 202 10 4631 6 3 32542 992 14 3 34335 12643 628 197 6 3 34256 1452 18054 628 197 5
81 1243 4 3 773 7 3 1273 1506 16 1308 333 58 270 60401 2953 8 59 83 1510 19372 2520 133 21 27728 2376 8 210979 2376 14 189 3 34335 12643 8 3 34256 1452 18054 628 2757 5
931 522 1919 13 3 1273 1506 71 3030 166 15 628 2757 19 9 2726 7 10777 5
21847 1427 628 2757 263736 2333 3684 1871 19372 76 48 58 67 3597 5
55706 76 2489 3597 16 300 48 1812 58 160072 19372 5
966 19372 4309 2258 3 24065 148 67 2757 7 628 5
9656 3597 1871 9932 6 3 19372 4309 13 3684 665 10 568 3768 713 5
273 27728 8 210979 2376 4 3 9424 115998 249 57 4830 70 2520 35 114 9424 16 3 221 7 3597 33 8 6401 290 5907 21 962 996 5
5988 46442 628 197 17 5988 46442 628 197 16 1259 3 4592 8 104 1940 220 19372 628 197 5
17 628 197 16 1013 14 5988 4 37 220 23 10 30 22744 15393 1381 15 27728 2376 35 5988 4 15393 33 5
17 628 197 9286 7 2536 5036 4 2714 14189 148 108 3597 5
17 3597 3001 108 2502 7 46442 53 24044 4 24044 4 8 24044 345983 5
3194 46442 16 12072 24 179 13987 4 35 249 33 4385 4 35 341 33 22690 4 35 459 33 88199 4385 4 8 35 503 33 88199 22690 5
17 628 197 16 14027 3868 76 2628 928 8 2628 960 5036 5
11649 6 3 767 1131 4 290 303777 16 3559 15 3 347 7 3 628 197 4 8 153 2870 23 15 3 83 347 7 3 628 197 5
81 9 825 2066 4 24 538 37578 27964 10 1560 1586 4 3 282 9098 992 47 16 3467 4 16 9935 7 218 29132 4 67 4438 8 57 3354 23791 35 6517 35 187924 33 33 5
17 2981 7 3 282 9098 992 16 1595 10 98586 503 5
17 17509 8 34710 7 3 282 9098 992 14 3 5988 46442 628 197 31 392 10 20498 500 5
17 165644 22045 7 3 290 1506 8 3070 22045 7 3 1273 1506 10 4631 19 138 7 83 19372 2520 14 3 5988 46442 628 197 10 189 928 8 960 628 2757 31 59 43628 10 65588 708 8 700 4 3995 5
66 383 26 1744 13 3 57 4830 70 1217 16 3677 10 678 6 13014 3 52301 1273 1506 14 3 5988 46442 628 197 463 6 333 522 10 4631 19 57 4830 939 1217 5
71674 7 3 282 9098 992 35 5988 46442 628 197 33 4 6517 35 187924 33 98586 503 5
71674 7 3 282 9098 992 35 5988 46442 628 197 33 4 6517 35 187924 33 5
20498 500 5
107327 8 34710 7 3 380 992 14 5988 46442 628 197 6517 35 187924 33 5
84181 17509 26406 107327 34710 4 72539 52420 20498 708 5
2489 1427 4482 628 2757 19372 522 5
15060 55706 3768 35 202 33 5988 46442 628 197 21038 3171 628 197 15469 2954 15469 2954 90977 2376 35 66891 33 22130 57951 72239 61982 210979 2376 35 33 5061 5061 155921 123614 11856 8668 5737 35 33 7923 7923 94081 55898 9207 60401 4081 35 187305 33 94081 5061 52381 57692 49474 32542 2642 35 49894 33 11125 117614 22510 1273 1506 35 277332 33 94081 7923 275345 346139 22510 1273 1506 35 52301 33 94081 5061 49048 51829 20498 700 5
67440 3070 7 3 1273 1506 10 4631 19 138 7 83 19372 2520 35 2489 1427 745 33 5
15060 25143 35 202 33 5988 46442 628 197 21038 3171 628 197 15469 2954 15469 2954 90977 2376 35 66891 33 130215 411431 290570 120829 210979 2376 35 33 130215 64283 320400 11856 8668 5737 35 33 130215 239182 141337 9207 60401 4081 35 187305 33 64283 95745 120985 49474 32542 2642 35 49894 33 280293 5
21038 3171 628 197 17 21038 3171 628 197 16 59 220 24 34335 10 30 1381 15 32542 2642 14 19372 35 34335 4 3578 33 5
17 1494 628 197 29 9 1646 7 29958 5036 4 44 34335 23305 8 44752 90 5907 4 3979 10 17694 5036 10 179 3597 53 35 4114 33 2801 12192 3171 4 35 25547 33 2801 14510 12192 3171 4 35 31883 33 1366 2801 3171 4 8 35 40378 33 83 3171 5
17 2801 12192 3171 8 2801 14510 12192 3171 3597 31 612 19 1551 8 6417 5036 4 3995 5
17 1366 2801 3171 1427 16 8855 19 800 5036 4 8 3 83 3171 9286 7 985 5036 5
17 13987 220 6 26077 290 5907 17244 7 35 249 33 98826 1291 35 60215 33 4 35 341 33 2059 94 7 3 16173 24284 35 19329 33 4 35 459 33 2059 94 7 3 36365 24284 35 430639 33 4 35 503 33 2059 94 7 3 12412 24284 35 1889 33 4 35 500 33 2059 94 7 3 19911 24284 35 51364 33 4 35 708 33 2059 94 7 3 31732 24284 35 9273 33 4 35 700 33 2059 94 7 3 17597 24284 35 67696 33 4 35 704 33 2059 94 7 3 112984 24284 35 36401 33 4 8 782 33 2059 94 7 3 5009 24284 35 18474 33 5
1210 6 34335 2106 162 4 3 21038 3171 628 197 16 14027 3868 76 9 928 197 7 8750 8 9 960 197 7 8708 5036 5
81 9 825 2066 4 24 538 37578 27964 10 1560 1586 4 3 282 9098 992 47 16 3467 4 16 9935 7 2752 29132 4 179 4438 8 57 3354 23791 35 6517 35 411777 33 33 5
17 2981 7 3 282 9098 992 16 1595 10 98586 500 5
17 17509 8 34710 7 3 282 9098 992 14 3 21038 3171 628 197 31 392 10 20498 704 5
17 165644 22045 7 3 290 1506 8 3070 22045 7 3 1273 1506 10 4631 19 138 7 83 19372 2520 14 3 21038 3171 628 197 10 189 928 8 960 628 2757 31 59 43628 10 65588 708 8 700 4 3995 5
17 57 4830 70 1217 16 59 3677 10 678 6 13014 3 52301 1273 1506 14 3 21038 3171 628 197 463 6 333 522 5
71674 7 3 282 9098 992 35 21038 3171 628 197 33 4 6517 35 411777 33 98586 500 5
71674 7 3 282 9098 992 35 21038 3171 628 197 33 4 6517 35 411777 33 5
20498 704 5
107327 8 34710 7 3 380 992 14 21038 3171 628 197 6517 35 411777 33 5
84181 17509 26406 17509 34710 4 72539 5
75250 19 83 19372 2520 14 4482 2489 1427 628 2757 81 3 5988 46442 628 19372 267 4 825 6 3 767 2124 4 307 523 64152 7 7732 32542 992 31 1254 8 5422 5
622 6358 9935 7 179 29132 4 67 4438 8 57 3354 23791 35 6517 35 231897 33 33 21 5422 24 4 4 8 2642 35 3578 33 29 45 170 6 26 3 104 5050 297 70 83 32542 992 64152 4 19 9 11125 202 3768 489 15 3 960 4410 7 3 628 197 5
527 4 3 52301 1273 1506 93475 46 1506 15 3 960 4410 7 3 628 197 4 19 32 3768 489 7 5061 202 4 32 3070 7 202 5
17 52301 1273 1506 8 270 60401 2953 12134 3 282 15 189 928 8 960 5036 19 9 94081 202 8 5061 202 3768 489 290 10 3 928 8 960 5036 4 3995 5
17 210979 2376 59 12134 282 19 9 5061 202 3768 489 15 3 960 4410 7 3 628 197 35 197323 97 57 5907 33 109 658 4 50 773 15 3 928 4410 7 3 628 197 16 1734 58 3 52301 1273 1506 8 270 60401 2953 2520 5
17 277332 1273 1506 8 11856 8668 5737 189 27 9 7923 202 3768 489 15 3 960 4410 7 3 628 197 109 658 4 3 3768 489 7 3 277332 1273 1506 15 3 928 4410 7 3 628 197 16 333 58 3 11856 8668 5737 1506 5
81 9 825 2066 4 14 11856 8668 5737 4 70 13987 31 12010 24 40 64399 3247 103 538 11856 8668 5737 1506 5
90977 2376 12134 1207 10 928 8 960 5036 19 32 3768 489 7 22130 202 202 4 3995 5
81 3 21038 3171 628 19372 267 4 129 52301 1273 1506 59 29 3 2654 3768 15 3 960 4410 7 3 628 197 10 4631 6 83 138 220 2520 14 3 21038 3171 628 197 4 19 9 165644 489 7 51829 202 5
238 767 267 4 307 523 64152 7 7732 32542 992 31 1254 8 5422 5
17 282 4149 6358 9935 7 836 29132 4 288 4438 8 57 3354 23791 35 6517 35 556056 33 33 21 1254 24 34335 35 3578 33 14 9 1510 7732 32542 992 4 5708 9 117614 202 3768 489 5
527 4 46 773 16 9 280293 202 798 58 3 52301 1273 1506 5
81 1117 4 3 19372 3768 489 14 27728 2376 16 61982 202 5
17 52301 1273 1506 11657 1918 46 24 120829 202 5
17 21038 3171 628 197 6274 1117 2235 14 210979 2376 106 3 112984 8 5009 11975 13987 97 27 2770 7 4568 14 1087 3597 4 3979 10 770 8 87009 7 4568 5
17 43655 7 192 87009 16 3475 57335 5
238 3 210979 4859 2818 3 43655 40056 14 290 1427 4 192 13987 27 6 26 8766 14 3 210979 2376 5
210979 2376 4 25979 24 3 6381 7 67 13987 4 141804 123614 202 7 3 5036 4 4149 320400 202 1734 58 3 52301 1273 1506 5
11856 8668 5737 29 3 161 2654 3768 489 19 55898 202 141804 4 141337 202 568 58 13 7 3 52301 1273 1506 5
17 270 60401 2953 32 3768 489 7 57692 202 4 120985 202 568 58 52301 1273 1506 5
273 189 2489 1427 19372 4482 628 2757 4 3 52301 1273 1506 12134 333 58 3 1510 7732 32542 992 5
17 3070 16790 25 202 6 280293 202 10 4631 6 3 32542 992 14 3 5988 46442 628 197 6 3 21038 3171 628 197 5
81 1243 4 3 52301 1273 1506 12134 21 166 21 49 333 58 270 60401 2953 8 59 83 1510 19372 2520 133 21 27728 2376 4 210979 2376 4 8 11856 8668 5737 14 189 5422 628 2757 5
931 522 369 240 13 3 1273 1506 5708 5562 206 522 10 9 2726 7 745 5
81 678 6 5518 19630 2333 7 3 1273 1506 4 628 2757 25 2755 12714 8365 31 3677 13 31 4400 24 83 1296 5
17 522 14 9 19630 2673 2096 9 160072 628 197 8 184 538 9 2489 1427 628 197 31 2209 5
17 19372 773 7 3 1273 1506 16 59 677 6 27728 2376 4 210979 2376 4 11856 8668 5737 4 7732 32542 992 4 8 270 60401 4081 14 192 628 2757 5
1480 510 628 197 81 46 2124 4 10 678 6 240 3 54827 8 7362 7 3 1273 1506 14 160072 12714 628 197 19372 4 3 1480 510 628 197 16 59 220 5
47153 35 274 33 5422 3 7362 7 32542 2642 8 270 60401 4081 27964 10 229 1866 5
47153 2870 307 628 2757 2096 510 1866 8 2328 5
931 628 2757 848 3 1480 510 628 197 5
145 628 197 1038 48027 5036 19 409 13987 5
47153 35 274 33 9833 307 19393 7 3 19372 4538 4 150 3 2714 148 928 8 960 628 35 202 4 202 4 8 202 33 4 3 108140 15987 4859 14 3 270 60401 2953 35 27728 4 395088 4 8 70865 1625 33 19 11264 19393 2190 6 3 15987 4859 4 8 3 221 7 4438 30864 8 2854 55978 14 3 32542 2642 5
273 3 270 60401 4081 4 47153 155 34 7702 3298 4 1016 538 9 4768 96734 7 3298 3082 249 5
81 46 1381 4 3 202 14027 2714 7 3 1480 510 628 197 19 74 575 202 10 3 928 197 8 169 575 202 10 3 960 197 16 220 5
11649 6 3 767 2124 4 24 538 37578 27964 10 1560 1586 4 3 282 9098 992 47 16 3467 4 16 9935 7 43444 29132 4 108 4438 8 57 3354 23791 35 6517 35 436560 33 33 5
17 2981 7 3 282 9098 992 16 1595 10 98586 708 5
17 17509 8 34710 7 3 282 9098 992 14 3 1480 510 628 197 31 392 10 20498 782 5
17 165644 22045 7 3 290 1506 8 3070 22045 7 3 1273 1506 10 4631 19 138 7 83 19372 2520 14 3 1480 510 628 197 10 189 928 8 960 628 2757 31 59 43628 10 65588 183 8 407 4 3995 5
71674 7 3 282 9098 992 35 1480 510 628 197 33 4 6517 35 436560 33 98586 708 5
71674 7 3 282 9098 992 35 1480 510 628 197 33 4 6517 35 436560 33 5
20498 782 5
107327 8 34710 7 3 380 992 14 1480 510 628 197 6517 35 436560 33 5
84181 17509 26406 17509 34710 249 341 459 4 72539 20498 183 5
263736 628 2757 19372 522 5
15060 55706 3768 35 202 33 1480 510 628 197 11478 6635 628 197 15469 2954 15469 2954 90977 2376 35 66891 33 24156 27789 28390 34000 210979 2376 35 33 22130 31433 15155 23808 11856 8668 5737 35 33 23109 27789 15520 16978 9207 60401 4081 35 187305 33 27462 27789 12018 11940 49474 32542 2642 35 49894 33 21852 12604 76888 22510 1273 1506 35 277332 33 23109 16885 12604 13299 22510 1273 1506 35 52301 33 7627 9525 20498 407 5
67440 3070 7 3 1273 1506 10 4631 19 138 7 83 19372 2520 35 19630 745 33 5
15060 25143 35 202 33 1480 510 628 197 11478 6635 628 197 15469 2954 15469 2954 90977 2376 35 66891 33 163529 224648 210979 2376 35 33 328531 373977 366786 11856 8668 5737 35 33 64283 224648 415619 382868 9207 60401 4081 35 187305 33 124074 224648 295886 215397 49474 32542 2642 35 49894 33 167400 238886 359975 12099 5
11478 6635 628 197 11478 6635 628 197 16 184 12714 628 197 4 220 10 678 6 240 3 54827 8 7362 7 3 1273 1506 14 2489 1427 12714 628 197 19372 5
28410 8 35 744 33 5518 3 231 7 9 499320 32542 992 14 19372 7 6594 76 6635 5897 543 15 9 507 7 155471 13693 22 550 89 266 5
931 6635 5897 31 4116 10 4907 3 4859 7 1570 6594 4 21 6594 13 31 1867 22 825 400 31 477 694 10 3 216 49 1547 7410 5
17 32542 2642 2870 24 28410 8 35 744 33 31 511151 4 119 71966 32542 2642 19 9 837 4438 9419 19 218 6 17003 23791 5
17 375055 16 1303 61 10 678 6 6754 3 628 8 694 27396 3 470 4859 19 9 1936 1043 14 10119 5
28410 8 35 744 33 231 9 628 197 10978 93198 24 18685 35 2804 33 5
17 556 628 197 539 6594 109 658 4 97 62052 7 192 31 6401 76 550 49668 6635 5897 5
931 6635 5897 31 543 15 3 89 22 47 3 6843 2742 104 2374 8 10921 21 85675 4 5160 38 4 5160 2453 4 5160 1931 4 1931 4 1931 7135 4 8 7135 5
17 4719 628 848 13693 7 1461 3905 4 1461 3519 4 1426 3905 4 8 1426 3519 22 550 89 266 53 6494 4 5853 4 459 4 708 4 700 4 782 4 8 16622 216890 238 962 24 28410 8 35 744 33 4 3 628 14 290 89 397 16 6740 21 3177 53 35 630 33 238 19 3 83 628 2757 4 3 11478 6635 628 197 16 14027 3868 76 928 8 960 628 2757 5
238 28410 8 35 744 33 13 231 67 296 7 3 5036 14 928 8 57 296 14 2279 4 80 112 3 216 5
81 3 650 7 14087 3 628 4 80 384 13 57 7 3 3597 4 411 4 29 97 218 5036 5
238 46 16 215 265 5036 14 3 19372 2520 6 162 3577 4 3 3597 31 2164 671 543 15 3 104 13980 10 40 17807 2770 10 179 3597 5
17 3979 179 3597 16 5160 35 5160 38 8 5160 2453 33 4 1931 35 261 12122 8 1931 33 4 7135 35 12122 411 8 7135 33 4 8 85675 5
11649 6 3 767 7268 4 24 538 37578 27964 10 1560 1586 4 3 282 9098 992 47 16 3467 4 16 9935 7 583 29132 4 288 4438 8 57 3354 23791 35 6517 35 538454 33 33 5
17 2981 7 3 282 9098 992 16 1595 10 98586 700 5
17 17509 8 34710 7 3 282 9098 992 14 3 11478 6635 628 197 31 392 10 20498 403 5
17 165644 22045 7 3 290 1506 8 3070 22045 7 3 1273 1506 10 4631 19 138 7 83 19372 2520 14 3 11478 6635 628 197 10 189 928 8 960 628 2757 31 59 43628 10 65588 183 8 407 4 3995 5
11649 6 3 767 2124 4 3 52301 1273 1506 16 9168 24 3 57 4830 70 1217 14 333 522 10 4631 19 57 4830 939 1217 5
71674 7 3 282 9098 992 35 11478 6635 628 197 33 4 6517 35 538454 33 98586 700 5
71674 7 3 282 9098 992 35 11478 6635 628 197 33 4 6517 35 538454 33 5
20498 403 5
107327 8 34710 7 3 380 992 14 11478 6635 628 197 6517 35 538454 33 5
84181 17509 26406 17509 34710 4 72539 272232 12604 5
75250 19 83 19372 2520 14 19630 2673 628 2757 81 3 1480 510 46442 628 19372 267 4 825 6 3 767 2124 4 307 523 64152 7 7732 32542 992 31 1254 8 5422 5
622 6358 9935 7 25524 29132 4 43444 4438 8 57 3354 23791 35 6517 35 409 697 249 33 33 21 1254 24 47153 35 274 33 29 45 170 6 26 3 104 5050 297 70 83 32542 992 64152 4 19 9 21852 202 3768 489 15 3 960 4410 7 3 628 197 5
527 4 3 1273 1506 93475 46 1506 15 3 960 4410 7 3 628 197 4 19 32 3768 489 7 16885 202 4 32 3070 7 167400 202 5
81 1243 4 3 1273 1506 12134 3 282 15 189 928 8 960 5036 4 2936 14 928 3768 489 7 3 210979 2376 4 19 32 23109 202 8 16885 202 3768 489 10 3 928 8 960 5036 4 3995 5
90977 2376 4 11856 8668 5737 4 8 3 270 60401 2953 70 3030 169 282 19 32 3768 489 7 27789 202 15 3 960 4410 7 3 628 197 4 224648 202 568 58 3 1273 1506 3768 489 5
210979 2376 29 32 3768 489 7 31433 202 4 47 16 328531 202 568 58 13 7 3 1273 1506 5
81 3 11478 6635 628 19372 267 4 129 52301 1273 1506 59 29 3 2654 3768 15 3 928 8 960 11136 7 3 628 197 10 4631 6 83 138 220 2520 14 46 628 197 4 19 9 165644 489 7 7627 202 8 9525 202 10 3 928 8 960 5036 4 3995 5
238 767 267 4 307 523 64152 7 7732 32542 992 31 1254 8 5422 5
17 282 4149 6358 14 9 1510 7732 32542 992 5708 9 12604 202 8 76888 202 3768 489 10 928 8 960 5036 4 47 52301 1273 1506 11657 24 238886 202 8 359975 202 4 3995 5
9207 60401 2953 12134 169 282 19 32 3768 489 7 11940 202 15 3 960 4410 7 3 628 197 4 215397 202 568 58 3 52301 1273 1506 3768 489 5
11856 8668 5737 29 32 3768 489 7 16978 202 4 382868 202 568 58 13 14 3 52301 1273 1506 5
210979 8 27728 2376 27 3768 713 7 23808 202 8 34000 202 4 47 16 366786 202 8 202 568 58 13 7 3 52301 1273 1506 4 3995 5
527 4 192 522 4 825 6 3 767 7268 4 4459 13 3 1273 1506 5708 5562 206 522 10 9 2726 7 521 745 5
55706 2053 32 533 604 10 117 2333 1547 6 7732 1442 10 3 1065 7 31392 421 10 317 5447 5
931 2333 21963 9 1773 1079 7 601 3547 150 224 4 3570 4 11457 4 1973 4355 4 628 4242 4 4703 5
966 42211 10 19372 27 45 2186 13 3 773 11657 10 2164 2520 5
81 5373 2520 4 3 3316 16 6 1128 3 552 7 538 32 7128 1506 24 10503 307 2520 6 1128 3 552 7 1606 8 4498 522 13 31 48 5050 5
16436 4 46 16 617 106 3 4919 650 71 34 2093 26 2118 5
17 9688 14 10503 2520 624 25 3 9513 13 883 57 71 34 2705 3 1359 628 7470 650 49 13 9 837 1506 142 34 26 4783 6 2705 70 3 10777 7 3 89 507 5
81 46 1381 4 9 84 5373 1506 7 7732 32542 2642 16 1273 21 32 2155 1506 14 19372 544 538 3 2489 27728 56018 2520 5
17 689 3316 7 3 1273 1506 16 6 231 3 2665 9063 7 3 2489 27728 56018 2520 10 27728 17241 10 678 6 4417 3 27728 17241 20791 7 3 1510 7732 32542 2642 5
17 1273 1506 9286 7 67 16200 4 35 4114 33 60347 3 27728 5937 10 3 13987 10 9 84 17807 14 333 17241 24 32542 2642 4 8 35 25547 33 48975 628 24 9 32542 992 538 1494 13987 8 9 4209 27728 17807 24 2489 27728 56018 5
3516 6682 4482 35 12643 8 12714 33 8 19630 628 34335 12643 628 197 4 3 34256 1452 18054 628 197 4 3 5988 46442 628 197 4 3 21038 3171 628 197 4 3 1480 510 628 197 4 8 3 11478 6635 628 220 10 46 1381 10 678 6 240 3 54827 8 7362 7 3 1273 1506 14 189 160072 8 2489 1427 19372 8090 5
17 3455 522 7 3 160072 544 4459 13 3 1273 1506 6 26 7156 6 70 2155 2520 14 189 12643 8 12714 4482 628 2757 5
81 678 6 4855 2489 1427 544 4 10 46 1381 9 52301 1185 7 3 1273 1506 16 1589 24 7533 108 523 6599 150 57 4830 57 4 57 4830 939 4 8 57 4830 70 5
2018 192 6599 4 3 57 4830 70 1217 4047 48 5050 522 8 2780 14 21025 3 52301 1185 7 3 1273 1506 5
146183 522 14 46 182 7 544 4459 13 3 52301 1273 1506 5562 93475 1510 156936 8 83 2520 220 10 46 1381 133 21 27728 2376 4 210979 2376 4 11856 8668 5737 4 8 270 60401 4081 5