81 46 601 4 3 1102 7 4122 2763 7 47267 15 3338 481 12887 1291 29 45 4400 24 7732 32542 992 4309 5
49474 32542 2642 35 439493 33 5018 14 48 58 1992 93927 18 220 14 12752 481 12887 1291 871 5
81 46 777 4 90 7 9796 19393 35 440 183 33 42 220 5
273 13896 3 282 1506 14 46 542 4 55906 7 2520 42 677 5
79 259297 49894 18 170 6 26 30392 19 6358 7 403 8 500 23791 10 3 74 8 169 4438 9419 4 3995 4 8 249 61279 10 3354 9419 5
81 46 162 4 928 8 960 628 2106 2842 17521 225419 35 82478 33 3439 52445 8 65981 4 3995 5
126073 2376 842 13 4 17336 35 3953 33 4 1863 35 3953 33 4 9657 35 3953 33 4 163194 35 3953 33 4 5431 935 35 3953 33 8 3601 1863 35 3953 33 27 1432 1896 8 19349 4 7526 35 3953 33 4 12195 35 3953 33 8 676 27470 35 3953 33 27 2366 1896 15 100407 5
5583 4 3 3601 1863 18 170 6 27 3 2654 1102 35 33 15 100407 5
211631 31 5092 82137 7021 13 27 40 8416 25 9 2726 7 1457 2873 8 17363 17588 10 48 49 287 25656 3459 35 4 140919 4 323 38463 4 4540 33 5
79 3338 16 12072 24 9 221 7 4122 4 2215 4 4122 8 2763 5
81 85846 2376 4 19349 4 12195 4 5431 935 8 3601 1863 31 2118 5
7 3338 16 32 533 7998 96734 7 47267 154 2790 650 10 3293 30520 5018 5
145 16 1618 2118 24 481 12887 1291 5
17 22340 960 6 8612 289 9 3338 16 6943 14 797 7 36062 16 3 481 12887 1291 960 5
145 4589 5636 9 396 5907 7 3338 10 9 18139 52308 6 180 3918 35 17648 33 5
17 481 12887 1291 10 283 9178 5458 35 97825 33 80499 35 3 52308 12887 1291 221 35 68283 33 10 27216 80499 33 16 9 1415 7 474 10 3 3583 7 3338 65 7628 4 19 3 14446 7 818 5
145 96734 16 4116 10 12752 47267 14 46404 8 25124 5
211631 19 9 799 481 12887 1291 35 33 31 34 6943 14 36062 10622 5
211631 19 272 12887 1051 35 33 71 34 26 220 24 792 6 1657 36062 4 21 3 37839 36062 16 1618 2325 8 36 34 270 3 13173 3511 496 3 3226 30520 35 1522 4 1422 33 5
355 151093 47267 31 7628 4 43 1800 3131 2763 22 52 6180 8 21 9 665 7902 46823 4 12887 4 2840 8 8908 10 3583 8 54 1657 9 16615 26097 446 2362 5473 15 3 7577 7 3 3338 5
145 3131 955 7 47267 16 7081 2573 10 481 12887 1291 4 4 85707 4 8 8248 5191 45935 1665 5
8 85707 31 7081 220 6 542 47267 3131 2763 14 36062 363 5
81 4 3 19451 4879 4 21072 312431 4879 8 3235 46823 7 47267 31 2118 6 4764 40 36062 1175 5
81 85707 4 3 46404 2168 4 5828 4 16 4939 24 374336 21 35 4985 323 4 6104 33 35 249 33 16 220 6 4764 3 7 47267 5
355 3 3338 18982 16 7628 4 50 3076 2742 3131 125 8887 25 189 976 8 525 3 18982 5
19850 19393 133 21 3338 2125 4 5636 912 8 3338 2763 2498 15 481 12887 1291 5
273 946 4 4400 1102 7 4 4 5431 935 8 5636 912 15 18670 35 4 359 33 5
81 46 162 1102 7 3338 4122 2763 15 12887 1291 42 4400 5
435 5636 14 9 14644 89 4 49 285 70 263056 31 2434 123 4 9 396 36062 8029 840 10 3 52308 5
17 2858 75885 3892 7 46 36062 8029 677 6 9 197 7 18139 10809 18020 3 481 12887 1291 35 1522 4 1422 33 5
49474 32542 992 35 49894 33 16 32 34130 17241 4462 4 47 16 43989 6 3 3074 7 7207 32542 6294 35 13115 4 4 381262 4 323 105258 4 744 33 5
133951 2642 31 1509 3648 13 27 3 10612 6 2705 4919 1695 1812 3898 25 628 97 35 4 2391 33 5
2330 3 73 183 85 4 7732 32542 2642 35 439493 33 4 8 4 10 1654 4 4018 850 7732 32542 2642 35 33 4 27 45 13787 4400 6 1379 650 2520 4 8 40 231 10 386 29 45 3665 875 35 155105 4 34267 4 74254 4 323 1319 4 3495 33 5
81 46 777 4 183 9796 19393 133 21 19349 4 5431 935 35 3953 33 4 3601 1863 35 3953 33 4 12195 35 3953 33 4 676 27470 35 5092 8 33 35 3953 33 4 35 3953 33 4 1863 35 3953 33 4 9657 35 3953 33 17336 35 3953 33 21 166 21 7526 35 3953 33 42 220 5
81 3 4644 7 49894 3 508 9339 31 1618 220 53 42959 6098 3 19393 7 49894 53652 6625 7 628 75850 337482 7 5536 88566 928 7 49894 99264 20260 8 10900 24 538 3 3559 49894 5
81 46 1381 4 192 4290 42 220 10 3 1572 7 3 1506 5
7337 197 17 3883 628 18 3868 76 928 8 2279 93927 538 17309 5018 6 2384 11245 12890 5
93927 14 2279 42 16277 22 1685 20587 25 3 16771 5536 8 3 1652 93927 42 220 14 928 5
17 216 93927 42 220 14 70 2642 6 132 9 5870 2376 7 523 6358 5
81 3 1379 542 4 48 58 1992 93927 42 3883 297 47 183 202 42 3112 14 2279 5
931 628 42 3883 25 2476 164 3338 7405 8 20939 5536 35 2158 53 628 33 5
84181 19393 81 3 498 542 4 9796 19393 539 19349 4 12195 35 3953 33 4 5431 935 35 3953 33 4 3601 1863 35 3953 33 4 676 27470 35 3953 33 4 163194 35 3953 33 4 1863 35 3953 33 4 9657 35 3953 33 4 17336 35 3953 33 8 7526 35 3953 33 14 7678 3 100407 5
17 11612 7 9796 23394 6 100407 10900 14 3 1992 5036 31 1595 10 20498 249 5
20498 249 5
17 11612 7 23394 10 3338 5036 35 21 2118 33 5
13947 4122 2763 5736 27485 29139 1580 125780 5
105850 35 202 33 236987 88767 108800 87622 935 4 3953 35 202 33 209228 277393 468002 31839 1863 4 3953 35 202 33 542721 243688 211940 23172 4 3953 35 202 33 333251 76850 108080 5640 27470 4 3953 35 202 33 139065 50261 44593 4 3953 15116 4 3953 35 202 33 284756 47119 4 3953 35 202 33 86911 52810 69810 96844 4 3953 35 202 33 64217 38604 32221 37761 4 3953 35 202 33 117674 46526 133098 4738 12887 1291 42536 32590 64393 7170 5
49474 32542 992 1746 8 726 49474 32542 992 2520 27 45 4400 14 67 1208 4 19 32 6905 7 7759 746 105 773 10 117 3547 7 2505 3685 5
133951 2642 31 1509 3648 13 27 3 1175 6 2705 4919 1695 1812 3898 25 628 97 35 4 6104 33 5
17 542 7 32542 992 16 32 1186 6 1445 3 16408 7 9 2032 5
26786 4 49894 16 32 1217 6 7732 1442 4 10 47 9 992 7 5447 3893 16 1254 5
6876 4 16063 1626 61 317 5447 14 544 446 2506 1871 2505 13 16 841 6 4301 35 2237 4 3728 109 343027 4 3728 33 5
439493 10978 25 40 7207 5934 4 439493 31 543 15 3 4102 13 9 1695 28508 284 7 1906 5447 3893 35 59 226 30864 49 23791 33 71 1849 1812 108140 251124 1806 148 9796 8 3354 23394 7 9 628 197 35 4 12382 4 10141 4 323 28466 4 1095 33 5
273 1572 49894 1506 7 9 284 4 511151 6358 13563 16 104 7081 220 5
145 992 1618 9286 7 9 52301 2981 7 108 10746 962 21 9796 4 4438 4 8 3354 10746 4 16007 38 4 4520 4 8 4659 221 7 5447 30864 4 3995 35 12283 32330 4 1095 33 5
903 106153 6358 19 67 4438 10746 16 1595 10 98586 249 5
355 32 9796 5195 16 2042 6 3 32542 992 4 3 126095 17509 148 3 23791 31 29673 8 192 5300 52052 137 10746 8 32 3354 5195 16 3192 5
17578 15 143 408 3 3192 3354 5195 16 6 3 230 3354 5195 4 3 17509 148 3 10746 8 3 23791 31 5607 10 133 9 152 13 161 89 3 216 9796 5195 16 2042 4 3 32542 992 36 581 32 3354 5195 13 36 26 2211 6 3 230 1070 35 13141 12283 32330 4 359 33 5
106153 6358 19 67 4438 10746 35 13141 12283 3462 98586 249 5
106153 6358 19 67 4438 10746 35 13141 12283 32330 4 359 33 5
19850 27964 31 558 14 928 7 32542 2642 5
448659 119 71966 31660 16 3 104 17852 8 5394 5533 4 47 1708 3 104 4213 2854 4644 14 156936 7059 35 106153 33 32542 2642 5
1949 4 3 644 13 3 119 71966 31660 16 907 3682 7 12538 31392 544 754 23 95 974 5
17 1506 2209 10 46 1181 16 9 12391 119 71966 32542 992 4 363 231 7 3 60029 5
145 31660 16 48 1509 58 3 1029 220 66590 10529 4309 4 106 3 60029 754 928 48 5050 8 3254 401 244038 15 3 3768 3076 35 11333 323 4 5810 33 5
17 5018 16 21 3177 53 35 341 33 81 446326 35 459 33 3 5210 2059 40056 16 7154 538 9 40056 4520 4 9 78865 40056 50505 4 9 4599 52097 15441 4 9 5580 40056 38 8 32 3768 60401 141233 17 40056 4286 3 17509 7592 7 3 5464 53 35 459 33 208 3 463238 16 177 528 4 3 31660 102333 3 1966 66590 10529 5018 4 125 92 23 16 396 4 3 6635 28792 76 3 5018 35 4 2391 33 5
273 48 3297 317 3 3550 31 3876 6 11333 8 35 5810 33 5
435 290 1408 1092 35 798 5464 33 3 4599 15441 16 5668 4 3518 3 5210 2059 40056 6 7532 21 1003 21 537 6 3 2104 5
355 54 9 1092 3 5464 474 3 4599 15441 16 853 6229 5
17 17509 7 3 5210 2059 40056 35 446326 35 459 33 33 31 220 10 3 850 1042 5
17 16063 7 189 3 850 8 12807 1042 16 4241 2921 10 3 508 5
17 1050 9796 35 33 7 61279 72539 10 9 9419 4659 8 3 3354 35 33 7 3 216 61279 7 3 928 1808 35 79022 5
3 29132 8 3 12510 12887 1291 871 7 5907 33 31 7154 24 53 35 503 33 114 3 221 7 23791 10 3 767 9419 35 4659 115998 249 33 31 4939 24 9424 3082 249 6 73 61279 8 3 17509 148 3 23791 7 9419 4659 8 4659 115998 249 24 5
17 3354 35 33 16 7154 538 3 149091 2589 4859 53 35 500 33 114 16 3 9124 7 61279 72539 5
81 614 3 3354 60401 4 4623 70 7 3 23791 7 3 3354 9419 4 16 34 3 216 21 3 1359 3354 60401 35 79022 5
3 5559 100407 871 33 5
145 1359 3354 60401 16 9935 7 3 60816 7 5
17 3768 148 192 83735 16 3 3768 115 125 5447 3 60401 1808 8 16 7154 21 3177 53 35 708 33 355 9 992 16 3559 19 9 5536 4623 9 3292 1058 7 9796 8 3354 60401 9906 3 676 3768 5132 35 5806 7 3 928 5464 397357 33 71 26 7154 35 4 2391 33 35 700 33 659 1128 3 928 3768 4 3 2205 17509 31 1406 154 9 6362 7 9 850 8 12807 1042 24 9932 35 33 7 70 3 5595 17509 212239 5
35 459 33 8 35 503 33 13012 138 9932 5
145 650 36 595 285 3 928 3768 7318 9 125444 1341 8515 3768 5
64785 992 6358 2818 48 58 13896 9 1087 221 7 23791 4 979 24 928 97 5
14246 24024 133 21 72 10104 8 163 10104 144 26 4218 8 5259 10 678 6 1000 9 5314 992 5
1526 67 5158 72 10104 8 163 10104 2258 6 9 528 3525 3 380 21365 8 928 12453 7 3 992 35 4 2391 33 5
12266 8 2279 7 3 1506 238 3 92987 4 3 9796 9419 29 288 23791 24917 4 4114 3082 249 4 341 4 4 708 5
17 221 7 23791 10 3 4438 9419 16 2497 12662 4 3 3354 7 47 16 40345 21 202616 4 72539 3082 249 4 341 4 4 12662 5
17 3354 9419 29 57 61279 47 68806 1058 7 1459 21946 5
66 16 5892 13 3 2205 2059 40056 148 9796 8 4438 10746 16 4 8 3 2205 2059 40056 148 4438 8 3354 10746 16 4 9273 68806 3 2854 5907 1051 5
79 81495 5287 7 3 1081 650 16 1595 10 98586 341 5
49894 650 283578 98586 341 5
49894 650 283578 5
532677 35 4 33 8 27728 35 33 7410 71 26 220 21 2589 7410 35 194896 5
459 8 503 33 5
17 149091 4859 35 33 16 4939 21 35 161037 323 32085 4 3578 33 35 704 33 8417 4 3 105487 4859 35 33 16 4939 21 3177 35 161037 323 32085 4 3578 33 53 35 782 33 114 16401 16 3 16036 5806 7 3 29132 14 9 5447 1513 5
2589 7410 98586 459 5
2589 7410 5
146175 2589 4859 98586 503 5
146175 2589 4859 5
17 221 7 9796 8 3354 23791 16 3 216 21 3 221 7 9796 8 3354 23394 5
273 46 601 4 523 156936 992 64152 31 5422 35 20498 341 33 5
20498 341 5
11391 7 9 4631 148 90 7 3 2520 5
720 5
19437 4859 15060 249 36696 341 8642 459 38857 503 32546 500 48432 708 6822 700 704 28544 782 224967 1498 3 1746 8 726 7 3 32542 992 14 46 542 4 23 18 2118 13 9 426229 992 19 685 23791 10 3 4438 10746 35 67 10746 33 51 26 104 3206 5
49474 32542 992 35 49894 33 6358 14 7678 7 3 481 12887 1291 16 1595 10 98586 500 5
49894 6358 14 7678 3 481 12887 1291 98586 500 5
49894 6358 14 7678 3 481 12887 1291 5
659 2258 3 30392 992 4 48531 18 7154 14 1678 2520 24 3 508 6363 53 35 183 33 114 79036 4 101858 8 6517 3001 3 5559 3354 4 3 2655 3354 8 3 221 7 628 9906 4 3995 35 4 2391 33 5
17 2854 489 7 3 992 18 5210 95 13 928 89 18 42726 5
1498 3 928 4 307 19393 39 6 26 2402 2393 5
66 18 533 6 1649 3 992 241 385 95 23 51 1849 70 3 6200 13 42 1252 5
66 18 59 4351 533 6 1262 72 928 4 47 51 899 93876 7 3 9796 628 24 3 992 5
1498 3 593 7 928 4 3 992 16 14448 464 6 4007 1010 8 2769 3 2654 537 3768 35 391 3033 33 14 329 946 6 47 23 16 3509 5
17 992 773 154 3 928 650 16 1595 10 98586 708 4 21 1595 4 3 30392 129759 7 1649 3439 52 2591 129759 5
3673 773 154 3 928 650 98586 708 5
3673 773 154 3 928 650 5
273 8557 7 9 1506 4 9 4631 148 2655 8 5559 2770 7 100407 71 26 15251 5
273 46 3644 4 165419 35 266493 33 8 1153 3703 3768 35 48519 33 71 26 220 5
266493 8 48519 31 43420 21 3177 35 4 2391 33 35 407 33 35 403 33 114 79036 8 101858 3001 3 5559 8 2655 3354 5
273 3 30392 1506 266493 8 48519 42 3628 6 8 3995 5
75250 148 5559 8 2655 481 12887 1291 14 928 8 2279 628 31 1595 10 194896 5
700 8 704 3995 5
394050 3439 25 192 915 4 148 5559 8 2655 481 12887 1291 25 928 8 2279 628 4 4459 13 3 992 29 272 1175 14 7678 481 12887 1291 35 194896 5
782 8 183 33 5
75250 7 5559 8 2655 481 12887 1291 14 523 5036 98586 700 5
75250 7 5559 8 2655 481 12887 1291 14 523 5036 7 928 628 5
75250 7 5559 8 2655 481 12887 1291 14 523 5036 98586 704 5
75250 7 5559 8 2655 481 12887 1291 14 523 5036 14 960 628 5
186293 148 5559 8 2655 481 12887 1291 14 928 628 98586 782 5
186293 148 5559 8 2655 481 12887 1291 14 928 628 5
186293 148 5559 8 2655 481 12887 1291 14 2279 628 98586 183 5
186293 148 5559 8 2655 481 12887 1291 14 2279 628 5
126073 2376 79 4116 4102 29 45 1273 6 2705 3 7444 7 290 2916 35 9796 33 15 3 2193 35 55906 33 538 9 3559 992 5
145 7928 286 6 259058 4517 3 104 3538 2193 67453 3338 12887 1291 5
145 16 2828 24 18166 2770 7 3703 2362 7 1102 35 33 35 2552 4 81784 4 12283 32330 4 1278 33 5
435 9 29 45 3559 3639 4 3 32542 992 16 93 902 805 6 8744 5
17 3354 14 9 57 4438 9419 992 71 26 1465 21 53 35 698 33 114 35 685 33 35 409 33 114 19966 16 9 3797 2059 4 16 9 8515 8 212174 16 3 871 7 9796 1513 5
8616 4 80 27 5
35 697 33 1249 3 30110 4859 16 446326 35 698 33 4 23 16 5
17 48517 7 30012 19 3 337 7 14 9 992 19 9424 4438 10746 71 26 7154 24 3 45484 7 3 508 14392 53 35 800 33 114 5828 35 33 3082 35 249 1635 33 341 4 4 4 4 4 60121 3 4438 2367 10 3 9424 4 9424 115998 249 4 9424 115998 341 4 4 249 4438 10746 4 3995 35 2552 12283 32330 4 1278 33 5
7977 4 93 935 96 3 32542 992 102333 4 70 1822 15 3 243 881 487 7 446326 35 800 33 535 4447 5
1210 6 446326 35 800 33 4 9 84 96734 71 26 4939 21 3 291678 14 9796 1513 4114 15 3354 1513 11856 35 2552 12283 32330 4 1278 33 5
53798 7 291678 53 273 9 392 5907 197 2567 3082 58508 4 4 4 4 4 4 130231 56012 114 3082 58508 6219 4 12662 56012 4 6219 3082 58508 273290 4 309581 4 232256 4 4 173111 56012 4 12662 3082 58508 4 4 4 4 56012 4 92 87 16 9 32542 992 3559 24 119 71966 31660 19 46 197 7 5036 4 3 6848 21 53 35 630 33 114 3298 16 9 48871 4599 47 3466 3 3235 6474 871 7 21 1513 8 3 4859 5828 68806 45484 7 3 30110 4859 5
5828 4 19966 8 16054 31 70 3 216 21 10 446326 35 800 33 5
66 144 26 1744 13 3 532 7 291678 16 617 19 2201 6 3 12510 3354 1513 4 47 770 70 291678 2770 14 329 9796 1513 15 12510 3354 1513 31 12010 19 3 216 2430 85612 5
16816 4 23 16 530 13 291678 11612 25 6 249 35 2552 12283 32330 4 1278 33 5
13751 19 446326 35 800 33 291678 16 825 6 3 16496 2936 14 50 16619 871 5
75 23 16 9 523 4102 25 3 45484 7 3 1494 15987 4859 5
291678 16 9 843 7 96734 47 86 26 6 1415 3 3703 3238 7 9796 2193 6 3354 2367 4 8 23 842 97 3 3703 8452 623 58 3 45484 7 57 6 57 9796 8 3354 5
17 1978 3 6474 871 7 291678 4 3 1370 3 1102 3 12510 9796 1513 29 15 3 3354 1513 5
1949 4 3 997 7 291678 6154 3 2586 7 1951 4 47 770 9 1432 652 8323 6 3 3354 65 291678 6117 6494 4 8 9 2366 652 8323 65 291678 11102 6494 5
2569 4 9 1432 652 68806 13 3 3354 2238 19 3 76783 7 3 12510 9796 4 8 17094 19 2807 7 3 12510 9796 5
349 3 8101 4 2366 652 6154 13 3 3354 17094 65 3 12510 9796 474 8 2238 65 3 12510 9796 17094 5
17 3354 29 93 7488 19 3 9796 92 291678 3082 6494 5
291678 16 9 7039 96734 47 893 19 3 48517 7 9796 2193 5
81 9 454 2124 4 3 291678 36 26 220 14 9 9512 2376 7 3 1951 7 2193 15 481 12887 1291 2655 24 9 3559 32542 992 5
98586 407 842 3 596 291678 2770 7 3 2193 7154 14 70 7 3602 857 628 13 220 10 3 767 7268 5
66 71 26 381 10 98586 407 13 19349 8 17336 31 1618 3 104 3538 19393 5
47561 2193 539 163194 35 3953 33 4 1863 35 3953 33 4 3601 1863 35 3953 33 4 9657 35 3953 33 4 7526 35 3953 33 4 676 27470 35 3953 33 8 5431 935 35 3953 33 47 42 4400 10 32542 992 5018 4 59 5
81 1243 4 9 1432 871 7 291678 6154 13 14 946 4 92 1863 29 9 1432 291678 35 196 98586 704 33 2238 3 871 7 291678 4 3 100407 36 474 4 8 43655 1896 36 159 254 10 3 267 7 2366 291678 35 79022 5
12195 4 4703 5 33 5
126073 2376 148 3 481 12887 1291 8 3338 4122 98586 407 5
126073 2376 148 3 481 12887 1291 8 3338 4122 2763 5
81 46 777 3 1102 7 3338 4122 2763 15 481 12887 1291 42 4400 5
11391 25 32542 992 661 13 17336 35 3953 33 4 1863 35 3953 33 4 9657 35 3953 33 4 163194 35 3953 33 4 5431 935 35 3953 33 8 3601 1863 35 3953 33 39 1432 1896 15 100407 4 3995 5
17 2366 1896 7 9796 19393 42 1547 6 4 19349 4 7526 35 3953 33 4 12195 35 3953 33 8 676 27470 35 3953 33 4 3995 5
194896 5
503 8 500 240 13 3 5559 8 2655 481 12887 11335 871 31 825 5
17 522 7 7732 32542 992 842 13 928 8 960 628 2106 2842 17521 225419 35 82478 33 3439 8 3995 5
81 46 601 4 6 8612 3 1896 7 4122 2763 7 3338 15 100407 4 7732 32542 992 1217 18 4723 5
84181 19393 42 19349 4 5431 935 35 3953 33 4 3601 1863 35 3953 33 4 12195 35 3953 33 4 676 27470 35 5092 8 33 35 3953 33 4 35 3953 33 4 1863 35 3953 33 4 9657 35 3953 33 4 17336 35 3953 33 8 7526 35 3953 33 5
1210 6 3 522 3455 25 46 601 4 3 30392 49894 6358 29 45 170 6 26 183 8 503 23791 10 3 74 8 169 4438 9419 4 3995 4 8 57 61279 10 3354 9419 5
10941 17336 35 3953 33 4 1863 35 3953 33 8 163194 35 3953 33 9339 10 3338 71 665 10 568 481 12887 1291 8 568 19349 4 7526 35 3953 33 8 12195 35 3953 33 9339 10 3338 522 10 798 481 12887 1291 5
81 49894 2106 5018 4 522 7 7732 32542 992 842 13 928 8 960 628 2106 2842 17521 225419 35 82478 33 3439 8 4 3995 5
11391 25 9512 2376 240 13 17336 35 3953 33 4 19349 4 7526 35 3953 33 4 1863 35 3953 33 4 12195 35 3953 33 4 676 27470 35 3953 33 4 163194 35 3953 33 8 5431 935 35 3953 33 42 1783 96734 15 481 12887 1291 35 98586 407 33 5
273 992 928 773 4 65 221 7 129759 16 2591 4 3768 7 928 992 18 42726 8 54 46 397 6943 773 18 3439 5
11391 25 32542 992 661 13 17336 35 3953 33 4 1863 35 3953 33 4 9657 35 3953 33 4 163194 35 3953 33 4 5431 935 35 3953 33 8 3601 1863 35 3953 33 39 1432 1896 15 481 12887 1291 4 3995 5
17 2366 1896 7 9796 19393 42 1547 6 19349 4 7526 35 3953 33 4 12195 35 3953 33 8 676 27470 35 3953 33 4 3995 5
17 3601 1863 18 170 6 27 3 2654 1102 35 33 15 100407 5
249 21847 9419 7059 5
341 17 992 16 1589 10 370952 16482 4 538 59 9 32542 992 63888 5