6832 89 1884 7 3770 35 33 16 57 7 3 67 6599 13 19491 89 2800 14 18417 1351 90997 5
36925 3 3455 671 19 93880 3898 496 18417 5937 522 10 9 284 7 55853 42584 5
80304 192 55853 42584 16 34 9 18795 4644 907 10 3 267 7 9 528 221 7 25849 5
17 2104 16 45052 14082 24 5435 7 523 10569 5
17 1381 21519 3 773 7 32542 2642 10 23955 9 55853 13267 565 538 9 448659 32542 992 21 9 3890 5
273 9345 5060 4 48 58 1515 1864 5342 42 2236 24 704 137723 19985 25849 4 14 21 117 39386 3112 18417 1351 2371 5
17 5036 42 31336 24 272 653 31270 5266 8 162159 5
6832 2858 17521 4 19 767 3905 337482 4 42 12354 14 329 1808 7 25849 5
349 3 1625 7 3 3455 8 5050 1864 1351 2371 4 3 32542 992 18 3559 6 3030 1864 1351 90997 5
17 773 18 5422 538 9 528 221 7 5036 10 970 7 523 18417 10363 78266 4 992 38060 8 928 19393 5
17 5867 1252 4116 4005 14 3 5238 7254 7 448659 32542 2642 10 3 238593 18417 90997 5
17 4644 340 34 1871 3292 2505 7 3905 5447 8 13 16 524 23 16 6943 14 9 3010 1079 7 1481 5
82519 1351 90997 16 3 6013 7 1864 1351 827 4 3703 6 90 4249 5483 4 24 538 1864 5300 5
66 16 220 10 5471 275 4 1784 4 3186 4 387 4 8 139 2333 14 1150 3905 5447 35 14380 4 4 323 10276 4 6962 33 4 7112 882 10711 35 222852 4 4 4 142140 4 323 29552 4 9770 33 4 4518 8 8466 3726 1443 35 12283 32330 4 7560 33 4 22209 35 69395 323 3716 4 2560 33 4 4246 1443 35 4 251879 4 4 323 4 2076 33 49 6 10680 1543 7 11168 645 35 25640 4 4 407243 4 4 323 26398 4 2560 33 5
17 650 16 2828 50405 49 6724 8 71 159 254 10 21493 4 6025 8 55296 5
102510 1443 231 1864 5300 663 25 18417 1543 6 10680 91 5
349 3 83 881 4 2374 90997 16 220 14 27717 2329 13 31 34 4202 18417 1543 5
11938 32351 31 691 8 40 13717 4 4669 25 6034 4 31 220 14 90997 35 69395 323 3716 4 2560 33 5
966 61361 7 18417 90997 1443 690 6 32281 6633 8 5775 27364 16408 7 2226 35 4 2552 4 323 2895 4 2560 33 5
1108 8 2226 31 488 6 397 22 3 20045 2586 13 1864 16 663 25 538 1927 523 5300 13 3773 22 290 7629 35 14879 4 243315 4 23551 4 323 74814 4 7782 33 5
273 3 14042 2586 4 2000 7 3 1864 6805 4 1601 24 9 1864 101190 35 33 35 38185 323 94911 4 6833 33 4 31 220 21 3 50048 17462 5
17 90997 1175 71 26 2203 24 3 650 7 2854 137 3 25724 7 1627 5
201825 3581 4 6050 90997 1443 71 26 5054 24 97 57 4 67 49 24 6157 7 25849 35 4 25814 4 323 4 7782 109 4 6355 4 32664 4 323 99169 4 7782 109 4 22596 4 4 4 323 27308 4 7560 33 5
30014 90997 71 26 3677 15 523 16506 4 47 1629 5473 15 3 1864 326 653 5
280906 7 6461 24024 4 12032 3190 35 83652 12283 32330 4 7560 33 49 74656 35 54627 4 4 195337 4 323 489430 4 9770 33 4 14 3099 4 16 2828 25 2387 7 5687 4 125 10 3 267 7 396 12398 12251 49 1943 2981 777 90997 16 2828 15 3 50846 2430 35 140207 12283 32330 4 9770 109 20024 4 20928 4 30119 4 6794 4 12825 323 58105 4 9770 33 5
17 3768 16 2118 24 3 34193 7 3 12638 6157 4 8958 7 3 12638 17721 4 5435 10 25849 3459 4 1292 7 66508 496 25849 4 75186 71966 3881 4 18229 7 20610 32351 4 1892 7 5266 1543 4 28579 860 123 5464 4 4 8681 10 3 71966 2785 8 83 970 5
7763 4309 7 18417 90997 31 7665 1884 4 15059 8440 8 538 89 2800 37582 35 33 5
931 4309 3348 5697 10 2215 23394 25810 14 3 1864 1351 90997 5
17 74 5018 2527 3 6347 7 17073 3 1864 1351 536 21 23 142891 137 3 6127 35 12825 4 6794 4 28242 4 323 32758 4 7560 33 5
15059 8440 2527 9 2137 7 5300 4 25 3 6157 7 25849 4 14 8116 9 17521 40056 4 47 16 14166 220 14 3 6013 7 1864 1351 2586 35 14462 4 110009 4 323 31713 4 7560 33 5
17 4644 4 424 21 39177 20973 4 16 543 15 3695 5
17 73 1217 2527 3 89 2800 7 3770 35 311972 33 4 14 3 267 7 300 857 90997 4 49 3 89 1884 7 3770 35 33 4 10 3 267 7 238593 90997 4 3883 22 523 39177 2371 5
181753 3881 31 220 4 671 19 3 93880 2371 148 18417 5937 4 14 21853 3 27026 827 5
401 857 90997 16 59 424 21 55853 90997 106 23 2818 12538 55853 42584 35 1082 4 121339 4 323 2552 4 7560 33 5
17 10119 7 11129 666 14 7759 5050 90997 2238 4480 19 3 1646 7 3 15721 6157 35 12283 32330 4 7782 109 12283 32330 4 7560 33 4 483 3 565 71 26 36164 24 682 90 7 3 5447 15 3 15721 2912 5
17 5867 2209 10 46 1381 5169 19 401 857 7557 18417 90997 4 6252 24 3 2177 7 27717 2727 6034 4 133 21 11903 49 12731 4 10 3 401 857 7 3 12638 6157 15 3 1625 7 18417 5300 43 17053 5
66 18 2828 163 2422 788 912 4669 10 272 20754 8 162159 5
133951 2642 42 4723 14 12752 18417 1351 2737 106 7 40 272 1952 154 12732 8 2177 6 1506 90 7 3 5435 10 3 9345 17721 35 12638 2371 4 3459 7 85777 102243 4 1292 7 66508 496 25849 33 5
17 773 7 32542 2642 18 4729 538 9 2370 4 448659 4 32542 992 4 21 9 3890 4 10 970 7 15721 19393 4 992 21365 8 928 19393 5
17 522 8 3 19547 2104 7 3 90997 565 31 2994 8 2209 22 3 194 5
11938 5300 597 15 67 137723 6564 6050 13687 71 26 1867 24 42584 35 249 33 35 341 33 114 35 9575 33 16 3 3905 7 27026 4 93836 35 9575 33 8 80055 35 9575 33 31 3 126851 4568 1153 201026 5266 6589 4 16 3 12010 1884 10 97727 148 3 67 597 5300 5
435 4 3 767 42584 159 3 916 35 459 33 35 503 33 114 11856 16 3 89 5907 1291 8 14305 16 3 17521 14608 148 3 5036 5
2897 1884 7 3770 4 4 148 5300 16 7081 2118 538 3 2858 17521 4859 35 500 33 21 3 2685 14305 13 77180 50 871 496 3 1079 7 537 23322 35 708 33 114 146179 16 3 12540 10291 8 3116 16 3 1646 7 3 9892 2801 5
79 206 60029 7 3 2858 17521 4859 71 26 3455 538 3 43655 33770 166754 8586 35 700 33 114 35 18365 33 16 3 2858 326 54766 15183 35 33 35 704 33 520 83 37582 27964 1589 14 3 3644 7 37582 31 4141 7532 4 3235 7662 152482 4 596 2842 1884 5018 4 33855 73 1153 2842 13720 4 4703 5
766 7 91 5697 10 8958 8 46333 10119 5
37582 10 521 2686 16 535 15498 1768 24 20754 7 1678 10569 5
17 1277 7 3905 16 5559 24 3 5514 148 3 1494 3905 97727 8 3 97727 7 5266 5
66 16 1618 1867 10 39306 35 782 33 208 228001 3809 1298 9 1087 8515 70 4309 343 16474 5
273 3 267 7 3 2858 17521 4859 23 16 52 698 97692 8 14 3 4141 7532 31660 52 97692 35 4 135024 4 323 145690 4 590 33 5
1249 46333 768 27 1574 1102 4 228001 5514 16 2069 538 523 3351 7 18683 5
17 604 7 9 13720 16 6 15745 3 5266 125 1134 3 3905 6057 5
17 614 14392 7 203207 18722 1070 35 154407 33 18683 4 10 3 89 9962 4 29 3 508 916 35 183 33 4749 31276 18722 1070 35 195464 33 18683 4 3 426 164 7 154407 18683 5473 34 97 15 3 31276 221 7 767 29132 4 44 59 15 3 31276 221 7 767 55906 5
17 2589 4859 7 154407 18683 71 26 3455 54 3 64399 8586 7 446326 35 183 33 35 407 33 79 13720 1746 4644 770 4231 14 6943 2589 4859 225419 13 36 581 9 13720 6 772 3 34520 5
273 3099 4 9 3848 34520 7 9 799 1042 13720 9286 7 3 508 19393 53 2778 1356 6494 4 1362
87721 1746 2818 4900 2505 52 3905 5447 8 10291 1070 7 189 3905 8 5266 5
11227 4 90 18683 12124 3 2177 6 8744 3 2589 4859 232 6 32 27708 31660 5
74900 33855 18683 340 34 1871 9 139061 2505 7 3905 8 5266 5
98586 249 5
40195 8593 7 3848 799 1042 13720 34520 19393 5
79 1864 3905 142891 137 9 14510 62736 6127 4 19 9 4599 1952 4 10 70 8249 5
214 16 524 32 18417 1351 71 26 1109 21 3 2669 7 9 61282 3042 5
527 4 10 104 5238 61361 4 3 3042 815 16 5892 6 26 254327 5
1113 3 9513 2537 55220 17315 17241 8 5447 4 23 2610 97 92 3 23348 7 3 3042 815 16 146 1370 58 3 3457 148 25849 5
81 83 1299 4 3 1864 1351 29 6 26 10 3 300 857 7 3 12638 6157 5
17 665 7 300 857 90997 16 3 2586 25 47 3 1864 16 663 5
622 2155 1506 4 1589 14 3 267 7 238593 7254 4 16 3 61282 1506 5
66 16 146 48 205930 1812 44 1929 3 37582 7 1864 1351 827 5
7219 4 3 1029 267 10 5238 2333 16 13 3 3905 3883 24 3 12638 6157 16 9 8087 7 300 857 8 238593 18417 1543 5
17 827 7 32 18417 1351 16 3455 538 93880 1682 148 3 1401 18417 1351 8 3601 25849 5
17 14561 31 1221 15066 24 9365 3 89 23 1141 14 3 3905 6 1018 3 25849 25 3 1864 1351 5
277268 3 3455 400 24 3 28321 7 3 1864 6819 4000 14561 5
17 1952 7 1864 16 2497 6 26 424 49 50 19210 19 2201 6 4279 2215 19393 5
238 1595 103 35 708 33 4 29 6 26 7154 14 3 1081 1079 7 537 3881 5
160068 5300 3074 19354 16139 95 3 99252 4141 1884 16 5973 6 5
659 1262 13096 3 1079 4 3 99252 805 1884 7 14561 148 290 1808 7 25849 144 26 35 403 33 114 16 3 8355 3042 4385 1379 10 3 3905 5
11227 4 3 1045 7 521 5300 31 422081 4 47 770 43 299 4619 16139 10 3 1954 216 4230 5
81 133 745 4 3 1079 7 537 23322 16 1574 97 24 46333 10119 5
38396 13 39456 35 94604 4 348130 4 33 4 4114 1356 249 4 6517 1362 4 31 3 39177 25927 7 6517 16084 19985 25849 8 35 4 4 33 31 3 39177 25927 7 32 18417 1351 35 98586 341 33 5
208 3 1351 28237 9 1864 16236 22 9 89 243785 4 153 3 89 7 3 16236 3770 22 3 12638 16 392 24 35 698 33 114 122019 16 3 89 7 3770 22 3 12638 39456 4 103306 16 3 3457 148 3 1864 27026 8 3 12638 39456 5
17 1952 7 1864 8258 5473 15 523 2215 912 35 4879 4 4801 4 17332 33 5
79 1906 6363 14 3 267 7 3953 818 4 7081 220 14 3 60029 7 1864 28321 10 5238 2333 4 16 35 685 33 114 16 3 4879 7 818 10 3964 15266 35 33 5
98586 341 5
15575 857 1864 1351 90997 5
6832 446326 35 698 33 3 89 2800 7 3770 148 67 25849 71 26 12354 24 35 409 33 17 6635 35 409 33 4 3244 4 5181 9 23708 106 4 10 970 7 169738 25927 4 83735 103306 71 26 43420 24 35 697 33 114 94604 4 348130 4 8 4 4 31 3 169738 25927 7 3 12638 39456 8 3 1864 1351 3995 35 293357 4 7560 33 5
36925 5
35 409 33 8 35 697 33 14 70 9906 7 25849 1929 9 284 7 42584 35 800 33 114 9424 16 3 221 7 25849 5
1249 87 31 459 4000 23394 4 4 8 4 108 16335 42584 4 133 21 446326 35 800 33 4 31 1622 6 2258 3 1864 27026 827 5
9537 4 141 108 42584 31 34 385 14 9863 9 2665 2104 106 7 3 2842 6808 970 35 126181 323 130593 4 1422 33 5
13317 184 12638 1708 57 48 14392 8 9 2665 2104 7 3 565 5
2431 42584 59 45052 1297 3 8958 7 3 1221 827 5
980 25849 581 9 333 11037 7 4 4202 1379 4 20754 7 523 10569 5
214 16 524 141 48 58 503 25849 31 220 10 1407 5
2249 87 31 48 42584 58 4000 23394 35 9424 6117 459 33 4 284 7 446326 35 800 33 16 285986 8 1913 50 2104 2742 9 108140 27708 565 5
66 16 3455 2429 24 2096 9 1087 1277 38020 35 6905 4859 33 5
17 104 477 220 10 1407 16 3 248 20085 38020 5
2625 27964 7 523 10119 27 45 1273 14 12538 55853 90997 544 5
17 5018 35 202078 4 502 33 1708 5050 8 5394 522 44 29 272 46333 10119 5
66 71 26 6009 4417 24 538 90 7 3 66590 4309 35 4 2391 33 5
4749 3 5018 4 3 66590 4309 112 34 1871 3 66413 7 3 43655 40056 5
527 4 43 59 1871 9 206 2007 4111 4 125 23462 16 34 5053 10 3 1892 7 272 20754 8 16 149 1144 6696 205930 5
17 31660 35 7744 4 9770 33 4 47 16 220 14 3 4631 10 46 1381 4 10556 9063 7 3 66590 8 3 31660 5
273 3 267 65 3 221 7 39386 1942 25849 16 3628 6 3 221 7 42584 4 3 43507 12 5018 35 43507 4 3728 33 1708 32 5551 2104 8 16 205930 287 6696 10 4631 19 140746 4309 5
12090 12 35 4 2076 33 2104 16 7716 14 189 300 857 8 238593 90997 5
66 16 333 58 43507 12 10 3 1065 13 23 1708 9 2177 7 3096 8958 538 12689 14555 5
527 4 23 16 34 6943 65 3 653 7 20754 16 2086 272 5
32542 2642 35 321658 33 31 9 108140 1506 1369 6 1445 8 3270 19 5
931 2642 27 3 1175 6 7367 1812 108140 3898 148 6325 8 1216 23394 5
1249 992 30864 3576 17417 7410 4 40 3074 16 2118 24 11975 954 4 27368 1942 10 3 71861 5195 5
17 11141 7 3 5195 16 617 34 24 32 10023 5979 44 137 32 33855 5018 226 3 2854 31660 35 6355 4 3495 33 5
17 2854 31660 142 26 2063 44 3 23462 16 1087 5
2249 7 40 1650 227620 4 321658 31 205930 4213 907 154 12732 5
17 1207 955 7 32542 2642 16 3 760 2031 2854 1217 47 340 34 581 120 9088 7 3 1682 148 9796 8 3354 628 5
17 1219 642 16 1574 6 3 5559 642 106 32542 2642 31 16134 7 85616 3 522 525 3 5559 642 5
187 31 2479 7 2333 7 32542 2642 14 1864 1351 35 4 4 4 590 109 323 4 7782 109 2208 4 37346 4 323 4 280 109 31955 4 4 68185 4 32383 4 323 148654 4 9770 109 10141 4 7914 4 10141 4 10141 4 323 58105 4 9770 33 5
81 46 5867 4 448659 32542 2642 42 3112 106 7 40 1952 7 3905 5447 154 12732 5
66 18 3456 106 7 3 4701 6 10680 2025 6034 5
17 2854 650 7665 71 26 5259 2093 10 3 267 7 2199 797 5
81 1243 4 32542 2642 581 1906 2215 87290 115 24 13999 2979 5937 276 17253 5
17 2215 1217 1708 333 227620 8 24658 3254 3905 5447 5
49474 32542 2642 17244 7 1906 5447 3893 226 7732 23791 5
79 61279 29 67 12329 1172 35 98586 459 33 4 3 17938 8 30110 4859 5
17 17938 4859 9704 9424 9796 4298 6 9 837 871 5
17 104 220 17938 4859 16 3 5806 4859 35 630 33 742 23 71 26 90 83 4 105 81040 5
17 169 176 4 3 30110 4859 4 5708 3 3354 7 3 38105 427 3 665 7 17938 21 50 2685 5
133951 2642 19 9322 27728 30110 7410 31 488 6 26920 27728 544 35 323 4 7782 33 8 3 104 1029 30110 4859 14 91415 108140 544 16 3 35 55853 105487 33 4859 35 947 33 98586 459 5
31617 5606 35 7732 61279 33 5
66 106014 3 3354 9962 6 9 4330 1079 4 18365 35 14937 33 1356 6494 4 249 1362 5
17 16496 7 3 4859 71 26 2118 24 9 1906 6363 35 302 33 47 2537 9704 46333 10119 5
81 3 267 7 32542 2642 4 2239 4 120 49554 30110 4859 29 90 9063 35 6355 4 3495 33 5
17 4859 35 947 33 7952 6 3 1092 4859 21 4599 8258 6599 37214 5
17 1092 4859 29 97 67 537 2770 4 57 8 4568 4 95 23 16 220 14 4149 11580 884 5
17 2155 30110 7410 31 137408 4 55853 4 105487 4 13083 4 4703 5
17 151438 7 32 7732 32542 992 16 2118 24 3 221 7 5447 3893 35 7732 23791 33 8 3 152 43 31 3797 35 98586 503 33 5
49474 23791 31 4393 10 10746 5
17 8355 21365 9286 7 57 9796 8 57 3354 9419 7 23791 5
6912 192 142 26 32 16084 221 7 4438 10746 5
79 32542 992 16 30037 92 23 4286 120 4165 5
208 70 55906 3154 850 6 3 161 9419 4 276 120 7895 4 3 992 16 226 9 448659 32542 992 5
17 16408 7 32 180443 992 16 2118 97 24 50 151438 5
349 3 83 881 4 290 2205 7 9 16036 992 16 27704 24 32 3206 29784 2916 5
17 2916 18020 3 1102 7 290 9796 15 3 380 421 35 98586 459 33 5
17 391 4859 7 9 16036 992 16 3439 24 3 151438 8 24 3 19547 3109 7 17509 5
98586 503 5
255218 7 9 448659 32542 992 5
51697 14 6943 29784 2193 13 581 3 13228 4859 7 32 7732 32542 992 16 226 928 49 2854 5
17 2854 650 71 26 12391 49 32601 5
17 733 7 12391 2854 16 6 26920 32 4000 15987 4859 148 3 424 9796 8 3354 628 5
322926 2854 16 2828 15 3 1625 7 9796 8 93 3354 628 5
17 733 16 6 1506 3 4919 2981 49 3201 10 3 628 10 678 6 1823 7951 52 91 5
82519 90997 2818 9 1821 7488 7 9796 100402 6 9 12510 197 7 3354 628 8 13 16 524 97 12391 2854 4309 31 6943 14 46 3644 35 323 4 7782 33 5
17 4859 16 392 24 9 197 7 9906 4 4 114 24917 31 3 9424 61638 8 31 3 15441 61638 83735 5
17 3109 7 17509 13 53300 3 3768 148 3 5054 8 3 392 628 197 16 1109 6 26 9 2104 7 3 2854 565 5
17 104 5770 2854 31660 4 10 1407 4 16 3 31660 5
66 6950 14 3 8355 3768 4 10 29784 904 4 538 3 5018 7 66590 10529 5
1249 3 5018 2818 66413 7 3 66590 4 22 290 43241 1092 4 15550 8 7 3 3768 4859 27 6 26 5053 5
17 4644 16 2828 10 67 16200 1204 19 39386 3112 992 17509 5
81 3 74 4 448659 4 4141 29132 31 5543 76 3 992 5
17 17417 7410 8 40 7592 31 7154 22 290 38105 8 7592 31 7545 5
273 3 1029 267 7 5806 6582 8 30110 4859 3 3354 7 9 837 61279 16 392 24 35 1004 33 17 992 5708 3 3354 60401 101858 2239 523 25 3 1341 60401 79036 5
17 3768 16 4939 24 35 985 33 114 101858 16 3 3354 60401 8 79036 16 3 1341 60401 8 3 66590 7 3 3768 24 3 14392 35 1135 33 114 14305 16 3 676 221 7 17509 10 3 1081 992 5
81 3 169 4 119 71966 4 4141 7 3 31660 4 4599 249 16 5543 76 3 55906 8 3 992 16 336 14106 5
17 16364 665 7 3 12807 66413 55 6 3 498 38105 16 226 3 3768 5
208 3 3768 22 3 38105 16 103415 24 4 9 7553 16496 7 3 3768 71 26 1867 24 3 14392 35 889 33 114 16 3 2059 148 3 211736 8 30864 5
435 70 7 3 7553 7592 31 43420 4 3 66590 5293 16 2828 24 29575 290 2059 24 3 76783 35 605 33 17 13760 7 992 17509 4 24 3 2916 4 16 3 380 1092 7 3 43241 5
79 837 43241 7 3 928 31660 16 2631 424 21 9 928 55978 5
17 4644 16 3629 285 3 3768 4859 35 985 33 3809 163 3 15105 3768 49 3 221 7 129759 7318 3 99252 805 57 5
17 2854 4599 16 3112 93198 6 8894 928 3 31660 5
1471 2177 7 10750 16 7285 9 4050 1043 10 3 13760 6363 35 605 33 35 1239 33 114 16 3 767 13760 2586 8 16 3 4050 2916 5
2758 32 1217 4 226 3 19 4050 4 1708 9 843 7 35052 13 2939 7138 5420 97760 7 3 3768 4859 5
79 14132 7 3 9345 17721 16 2209 10 98586 500 5
79 1351 7 9889 34395 16 8449 25 9 1870 3794 1094 8 9 2052 890 33789 5761 976 23 5
17 2052 890 5761 11820 3 3625 7 3 1094 28997 9 422081 6050 3905 13 13863 3 40359 7 3 8191 7 9 32536 4 9 528 2546 49 90 83 18640 5
17 1351 918 496 9 5700 15441 2452 241 7879 904 13835 15 108 11709 5
17 3634 194 7 290 3897 18 5966 180 9 1092 5761 2434 78141 5
1796 7 192 92279 42 119017 1942 10 7 9 20045 4 2429 47631 15441 2452 241 271299 22087 4 996 3 7879 904 4 589 9 1906 22853 7787 5
79 7034 11798 8 30513 7 3 92279 18 220 14 7759 120 14644 2737 7 3 1864 1351 496 3 7879 904 5
17299 21223 42 2434 24 32 205065 100959 1512 8 3 1512 18 13214 538 9 5274 137 3 16162 2205 8 3 96711 5
93880 1682 7 3 9345 17721 8 3 5054 39177 2371 7 3 1864 1351 42 6621 5559 538 3 5640 5079 5
17 8531 2228 10855 14555 7 14561 19 3 8958 7 26741 4 22 3 220 1079 7 9998 4 93876 8 6062 628 2589 137 32 228866 3911 5
435 3 5559 2371 42 677 19 3 392 2371 4 3 3979 1153 6474 3768 4 3439 24 3 22853 7787 4 18 2429 183 26741 5
1249 3 392 2371 42 14027 3112 4 3 5054 2371 42 3322 21 3112 4 8 220 14 3 66413 7 18423 3881 148 4875 5
98586 500 5
68128 7 3 9345 17721 5
17 1864 18 2236 24 704 4 799 470 4 15032 6613 25849 4 1254 14 8059 35 46350 6467 5538 33 313 2741 8 3797 6 9 5274 137 32 704 3822 46363 1864 1536 5
931 25849 42 137723 19985 22 7 9 341 15441 2452 4385 30917 4 174757 180 3 1864 1351 1324 2440 4 19 3 31324 3112 9903 7 26741 5
85777 101190 8060 42 3677 15 290 12638 21 6050 3905 9889 65633 5
7689 7 3 27026 1324 904 4 1515 2371 42 14027 3112 8 21 117 21 704 3822 6050 5342 42 2236 22 3 12540 10291 7 76402 175873 8 290 14 9 566 7 459 139815 332 3 216 4230 17955 266 42 351 486 3 928 2785 5
17 1864 1351 18 1505 22 290 827 154 3 566 7 9583 1864 5036 5
17 5867 18 2828 10 9 1695 162468 787 556 7 15998 1864 1543 35 990 8 1092 21223 33 5
12502 4 3 2236 6050 5036 42 31336 24 3 272 653 31270 5266 8 162159 5
228001 5514 18 12354 6 97692 659 7551 3 2366 1102 7 2306 6 37582 8958 4 5300 42 23642 24 9 6943 169 678 154407 13720 5
332 3 1431 3 13720 225419 42 3112 14027 8 153 14549 55 137 140746 1959 7 9 4624 31660 10 678 6 12042 3 1153 6474 37582 3768 72 3 2236 5036 5
17 3768 18 7154 21 9 1884 148 1221 538 3 23642 3905 8 3 18423 7154 15 3 1625 7 1952 7 1864 8 93880 2371 7 18417 5937 5
435 27708 3 13720 253 9 916 7 9 1975 1042 13720 19 3 2589 4859 35 1173 33 8 3 10291 1070 21 1595 10 98586 708 5
17 13720 9098 97 3 2190 1864 1351 8 3 1923 912 220 10 3 5867 5
12081 19547 13720 225419 4 3 4624 31660 18 4723 6 2258 90 83 37582 19393 4 133 21 3 99252 805 14608 4 8 6 1865 15 9375 3 6474 3802 13 59 661 9 1432 1102 15 37582 8958 5
98586 708 5
39272 1070 7 3 19547 4 169 678 4 2088 13720 3455 24 3 4624 31660 5
37582 18 2828 538 3 2858 17521 4859 19 3 99252 805 14608 14 329 7 1227 537 16691 4 19 704 4875 4 8 14 329 1864 1351 827 5054 10 3 5867 35 272549 2236 5342 33 5
66 3619 10 3 40056 7 272549 98236 1227 3893 5
41221 3 40056 19 3 18423 3881 4 43420 15 3 1625 7 521 1864 1351 2371 4 594 9 1153 6474 3768 7 2429 34030 64478 273 3 1864 28321 7 4 1547 6 3 4879 7 13 954 154 3 5867 35 685 33 4 3 1153 6474 3768 48779 6 3 4385 7 1814 26741 5
145 16 1144 16672 121 3 1646 7 3 18417 1351 10 3 9345 17721 18 716 26741 5
82519 90997 18 2828 15 3 1625 7 3 3455 538 9 448659 32542 992 19 3 30110 4859 8 3 31660 19 4050 5
17 992 18 5054 8 3 31660 18 2828 2903 15 3 1625 7 42584 25 3 67 767 15355 5
17 221 7 23791 10 3 9796 9419 18 2118 24 3 221 7 4723 25849 5
81 678 6 2769 3 282 8958 4 70 12689 9906 13 35471 6 3 1087 221 7 25849 42 4723 21 29132 5
704 25849 4 14 946 4 594 1227 523 8 21 117 992 29132 5
17 221 7 55906 18 535 459 106 3 39177 827 18 2118 24 459 1216 25927 5
1113 219471 25927 42 220 10 3 5867 4 83 447635 1443 71 26 3677 10 3 216 4230 5
17 939 7 3 992 21365 35 221 7 4438 10746 8 7732 23791 10 91 33 18 9 1441 7 5448 5
17 773 7 3 448659 32542 992 10 18417 90997 18 5422 4 22 74 4 19 2201 6 3 24223 7 25849 5
17 1951 7 24223 15 3 90997 3768 18 7587 982 14 3 267 7 503 25849 5
1249 704 25849 42 3601 10 3 7 9 7879 904 4 9 523 24223 7 503 25849 18 3439 24 2143 347 7 91 15 49 123 5
17 522 42 3455 24 9 32542 992 19 183 23791 10 9 837 4438 9419 4 15 3 1625 7 58485 928 266 4 538 3 2854 489 7 8642 4 3 4050 2916 7 10355 8 19786 928 129759 5
17 928 3768 18 4939 21 9 1153 6474 1884 148 5054 35 2755 33 8 1221 2371 7 928 266 4 8 3 2279 3768 18 4939 21 9 1153 6474 1884 148 2755 8 1221 2371 7 2279 266 5
435 13693 42 115 14 2479 7 523 50788 4 108 523 600 42 22950 15 3 1625 7 3 3768 2770 35 20498 249 33 5
1249 3 992 773 18 1321 3991 5422 19 2201 6 3 928 19393 4 9 272 5514 148 2279 8 928 5464 383 26 9 8867 7 5435 8 13 42 34 166 92443 24 32542 992 8 3 272 44398 7 1022 24 19580 9345 912 5
17 99252 3768 18 14 3 25849 1942 10 3 1535 13 58482 60243 3 7879 904 5
40140 798 2770 7 928 8 2279 5464 42 12510 6 3 24223 7 25849 10 3 20045 8 14042 1535 4 486 3 487 7 3 7879 904 5
2625 400 798 5464 42 3455 14 120 24223 114 25849 42 1942 61 7 9 1535 5
66 16 11580 6 4753 13 3 2029 27728 24223 7 25849 51 27 2422 19580 1102 15 3 90997 3768 5
472 3177 25 3 4176 522 16 13 25849 27 6 26 4071 4351 10 70 108 39177 8249 10 678 6 2769 19547 8958 7 3 401 857 7557 18417 90997 5
20498 249 5
29139 6474 90997 5464 19 2201 6 3 12638 24223 14 3 267 7 503 25849 5
164718 24223 12266 3768 35 26741 33 27311 3768 35 26741 33 123209 49 14042 1535 4012 31125 1535 4640 42585 6165 7 1535 459 4765 17 19210 7 90997 5464 19 2201 6 3 221 7 25849 16 2209 10 98586 700 5
17 522 42 3455 19 3 216 19393 21 10 3 767 267 538 3 104 8121 24223 14 290 221 7 25849 5
158 240 9 1375 9980 7 17073 189 5464 19 2201 6 3 1723 221 7 25849 5
349 3 83 881 4 3 221 7 8 3847 5447 89 4480 2238 19 9 568 221 7 25849 232 6 3 2842 14392 35 1227 33 114 9424 16 3 221 7 537 538 2990 25849 5
17 19547 221 7 25849 14 18417 90997 29 6 26 9 4013 148 8958 8 3 805 10119 5
98586 700 5
29139 6474 90997 5464 19 2201 6 3 221 7 25849 5
17 508 1441 7 777 18 3 992 21365 5
1210 6 3 614 1396 4 32 19547 1051 7 23791 8 10746 31 3439 65 3 1506 1277 340 34 337 2537 24 1463 1117 23791 8 10746 35 323 4 7782 33 5
17 1277 16 5559 24 3 871 7 928 8 2279 5464 5
332 3 1431 4 3 32542 992 18 2497 6 26 19 9 837 4438 9419 5
17 42749 10 98586 704 3001 3 3979 1153 6474 928 3768 8 3 1153 6474 2279 3768 19 2201 6 3 221 7 23791 10 9 837 4438 9419 5
17 522 42 3455 19 704 25849 4 27503 928 129759 8 3 216 1652 19393 21 10 3 767 267 5
66 16 3081 13 3 19547 221 7 23791 14 3 267 7 9 837 4438 9419 16 2429 183 5
17 161 1092 18 6 3972 184 4438 9419 7 23791 5
17 19210 7 3 1153 6474 2279 3768 19 2201 6 3 221 7 23791 10 67 4438 10746 16 2209 10 98586 782 5
17 12510 29540 14 3 928 3768 39 9 177 825 3157 5
17 67 9419 21365 155 34 240 120 1653 10 4631 19 3 837 9419 21365 13 39 3 216 221 7 4438 23791 4 95 3 837 9419 21365 19 183 23791 18 3322 21 19547 5
98586 704 5
29139 6474 90997 5464 19 2201 6 3 221 7 7732 23791 10 9 837 4438 9419 5
98586 782 5
29139 6474 2279 3768 19 2201 6 3 221 7 23791 10 67 4438 10746 5
17 42749 10 98586 183 4 3455 19 3 216 19393 21 10 3 767 267 4 3001 3 1153 6474 928 8 3 1153 6474 2279 3768 19 2201 6 3 221 7 928 266 5
17 19547 221 7 928 266 16 2239 6325 15 3 221 7 23791 8 3 10119 7 3 284 5
17 568 15183 7 266 1708 333 8958 7 3 60029 44 2238 46333 10119 7 3 928 31660 5
66 29 45 4861 4 10 1407 4 13 22 248 1429 21 117 928 266 31 1272 21 3 221 7 17509 1379 10 3 992 35 323 4 7782 33 5
273 3 498 21365 4 19 3 676 221 7 18606 17509 4 23 16 2429 3784 928 266 5
17 2279 3768 10 98586 183 11080 13 3784 928 266 581 3 19547 8958 7 3 928 31660 5
6876 1723 3 15183 7 928 266 594 93 964 3070 7 3 928 3768 5
349 3 1625 7 3 29540 4 1317 18 3322 21 3 19547 221 7 928 266 5
17 928 3768 1927 2238 21 3 221 7 928 266 2238 121 3 992 71 34 26920 70 14555 5464 166 5
98586 183 5
29139 6474 90997 5464 19 2201 6 3 221 7 928 266 5
332 3 194 4 3 773 7 3 992 18 5422 19 2201 6 3 19393 7 31660 5
355 3 15105 3768 18 34 424 9 139061 4 3 97 38020 14 5964 3 31660 18 3 99252 805 221 7 928 129759 5
66 71 26 1574 4 2239 4 24 3 11861 7 3 928 650 4 44 14 3 3644 7 18417 90997 46 38020 71 26 11296 10 23904 19 83 1959 13 27 6 26 351 35 4197 7 3 1593 4 5979 4 9365 4 4703 5 33 5
81 3 3612 7 83 6680 4 3 99252 805 221 7 129759 71 26 2118 4 825 21 3 221 7 23791 4 21 3 221 22 47 3 1506 1277 340 34 337 2537 24 1463 84 129759 5
81 1407 4 3 928 3768 2179 6 134295 54 9 1087 221 7 129759 5
17 99252 805 221 7 129759 71 26 2142 21 1927 798 6 1368 133 3074 5
17 19210 7 90997 5464 19 2201 6 3 676 221 7 928 129759 16 392 4 10 46279 2430 4 10 98586 407 5
66 16 3455 19 1317 928 266 8 3 216 1652 19393 5
17 42749 240 13 189 5464 4472 19 2201 6 3 221 7 928 129759 285 2429 39970 5
6876 15849 7 928 142 321 6 3 97760 7 3 3768 5
98586 407 5
29139 6474 90997 5464 19 2201 6 3 221 7 928 129759 5
17 2854 489 8 3 4050 2916 31 2118 93198 5
10941 2770 7 2854 489 1952 55 3 928 31660 44 4472 3 8958 5
17 565 71 26 36164 24 7285 32 3206 4050 2916 5
98586 78340 2464 3 665 7 4231 14 3 19547 2854 489 8 4050 2916 10 67 61638 904 538 3 928 3768 21 3 4231 38020 5
17 522 42 3455 54 39970 928 129759 8 3 216 1652 19393 21 10 3 767 267 5
17 29540 2048 13 3 19547 2770 31 8642 14 3 2854 489 8 10355 14 3 4050 2916 5
98586 403 5
29139 6474 2279 3768 19 2201 6 2854 489 8 4050 2916 5
17 380 522 7 90997 31 2209 10 98586 698 5
17 6754 35 1426 33 517 16 3 2755 2785 7 3 18417 1351 486 17955 6275 266 5
17 2412 57 16 3 665 7 3 37582 538 704 25849 8 3 448659 32542 992 19 4 93198 3455 4 19547 19393 5
17 1153 6474 2279 3768 18 2429 58076 26741 47 16 48 58 16672 106 3 18629 7 3 25810 18417 1351 18 716 26741 5
17 665 7 90997 24 3 31660 16 2209 19 3 1461 517 5
66 16 3455 538 3 216 628 197 8 3 14152 9903 7 185780 17 3979 1153 6474 2279 3768 18 2429 61084 26741 47 16 460 3 216 21 10 3 267 7 3 32542 992 5
349 3 83 881 4 3 5447 89 18 48 58 14308 400 902 5
98586 698 5
22827 2785 8 1221 11023 7 18417 1351 5
35 273 9088 7 3 8785 6 4591 10 3 2942 4 3 7067 16 3876 6 3 3377 1185 7 46 1181 5 33
17 5867 2436 3 7362 7 3 448659 32542 992 10 12538 55853 13267 544 163 3 5435 7 12638 2371 8 3455 5
17 773 18 5422 8 10637 538 9 528 221 7 1864 5036 4 14 523 10363 78266 4 523 992 38060 8 928 19393 5
17 2376 661 13 3 992 16749 3639 14 90 7 3 9345 5435 35 12638 2371 4 3459 7 85777 102243 33 5
17 3619 2371 39 141 333 8958 58 3 3455 10 7294 7 538 9 2086 396 221 7 25849 5
17 1381 1708 4116 4005 14 5238 7254 7 32542 2642 10 3 238593 1864 1351 90997 5
17 4644 71 26 2828 538 9188 1593 4 558 1586 8 340 34 1871 3292 2505 7 3905 5447 5