382241 16 32 533 8 974 5533 10 628 4242 5
66 64360 9 197 7 6034 10 133 9 4230 13 6034 10 3 216 18679 31 48 825 6 290 184 58 6034 10 3 523 10753 232 6 1087 125444 6680 5
11856 770 16 1906 483 32 4213 5018 220 10 628 67818 5
527 4 11856 770 29 9 9980 6 26518 6 325 8 5473 15 2007 871 7 10753 3710 5
81 3 271 4 117 191244 27964 27 45 2042 6 4417 46 325 565 5
7448 4 192 27964 215 3520 307 239508 5
81 46 1381 4 80 1379 32 4213 5373 13991 628 67818 31660 3876 6 21 11856 4 15121 4 80 7801 11856 770 19 5607 30087 1442 5
1563 1273 31660 16 2870 15 307 2029 628 2757 25 22930 17112 12586 125008 8 50 773 16 677 19 83 6682 27964 133 21 11856 770 4 11856 4 30087 1442 35 60567 33 4 5607 30087 1442 35 62420 33 4 4624 31660 35 37566 33 4 17229 255197 35 15329 33 4 174871 1046 35 54069 33 4 34148 11521 27708 35 143030 33 4 13417 18843 24038 27708 35 33 8 18982 23763 27708 35 124913 33 5
17 20260 522 31 177 3982 10 3 970 7 1277 7 2104 8 23462 1952 7 31660 5
382241 16 32 32601 19372 5533 47 64360 9 197 7 6034 10 133 9 152 13 6034 10 3 216 18679 31 48 825 6 57 184 58 3 6034 10 523 18679 232 6 1087 125444 38020 35 42544 4 110449 4 323 13021 4 2391 109 19486 323 4 744 33 5
17 1043 32601 770 13 16839 16 3434 543 15 3 31389 2981 7 3 628 276 120 236 6 1605 3 650 19 928 1822 5
382241 29 45 3677 356 117 2333 4 11771 4 2953 2854 35 89233 323 4 2076 109 24290 4 7744 4 323 1604 4 274 33 4 1973 5447 35 30907 323 151248 4 280 109 379282 4 139058 4 323 50974 4 7560 109 323 4 2076 109 19959 4 24290 4 323 7914 4 7560 33 4 628 4242 35 33785 12283 32330 4 2560 109 483275 4 4 323 6207 4 359 33 4 5195 4355 35 323 4 2076 109 31845 323 34490 4 274 33 4 119151 35 86056 323 4693 4 590 109 85186 4 6624 4 143711 4 299827 4 323 60485 4 590 109 19619 4 43693 4 323 28724 4 7560 33 4 1444 891 35 24087 323 165577 4 280 33 4 1971 35 2552 323 55642 4 274 109 34490 4 622 4 6794 4 323 19366 4 502 33 4 3024 67818 35 22636 4 1082 4 323 36277 4 7560 33 4 19337 9674 35 22636 12283 32330 4 7560 33 4 2189 35 217266 4 293353 4 323 174958 4 590 109 38966 4 7744 4 7277 4 323 18318 4 6833 33 8 317 45679 35 12090 4 274 109 4 274 33 5
382241 27964 71 2239 26 3868 76 67 5835 109 52301 67818 8 67818 35 10583 4 744 33 5
284111 67818 600 6034 76 229668 2981 538 50425 49 35749 6599 5
1563 601 658 7301 15 24065 67818 4 47 132414 3 628 197 76 9 307 18679 13 31 19547 10 970 7 90 125444 6680 5
187 117 27964 27 45 1273 10 6854 6 4855 3 67818 544 5
17 11856 770 31660 16 3 104 974 8 1940 220 31660 10 67818 5
1113 4 11856 770 16 177 2025 8 1906 31660 4 23 9043 25 67 346 26966 5
26148 4 3 773 7 11856 770 31660 16 1695 6325 15 3 2007 2770 7 10753 3710 5
20379 4 3 6905 4859 7 3 11856 770 16 14510 115615 8 23 142 3576 117 325 244038 5
12502 4 10 3 650 7 29404 3 6905 4859 4 3 2104 250 2093 26518 6 9 325 3033 623 58 9 391 3033 35 110290 323 16833 4 5810 33 5
11856 31660 18 1273 24 5967 8 35 359 33 4 47 18506 9 10753 3710 4644 6 2703 3 2007 3710 9512 565 7 9 2029 11856 770 5
527 4 23 215 9043 25 9 8225 23462 6 9 325 30392 5
81 678 6 14306 3 325 244038 565 4 117 191244 67818 6599 27 45 1273 72 3 85 5
273 3099 4 110290 8 35 3952 33 1273 9 17229 255197 1217 14 12538 67818 544 5
79 174871 1046 5018 47 10556 84 3803 226 11413 8 7004 18 4723 6 1262 325 10 67818 544 35 24641 323 22926 4 1515 33 5
34989 31660 543 67818 5018 18 2042 24 8 432408 35 1515 33 6 1297 3 391 4231 7453 5
81 4 53579 4 8 35 359 33 4 9 13417 18843 24038 27708 18 3677 14 12538 67818 544 5
4 190633 4 8 136024 35 911 33 1273 32 34148 11521 27708 35 143030 33 14 67818 544 5
79 18982 23763 27708 543 1217 35 124913 33 14 67818 18 2042 24 7744 8 32883 35 911 33 8 333679 35 2560 33 5
79 5373 5533 14 67818 226 11856 57466 4 47 10556 3 11856 770 4 96505 8 124913 18 1273 24 56289 4 74195 4 8 56289 35 274 33 5
10141 4 113153 4 8 46376 35 590 33 1273 32 7732 18843 11521 1217 14 67818 5
980 616 4 760 2892 35 128070 33 27708 31660 35 4 6833 33 18 2042 6 4855 67818 544 5
1113 192 191244 27964 1213 3 10763 7 11856 770 44 43 149 3520 307 26966 5
273 946 4 104 7 192 191244 27964 31 3054 177 2063 6 384 30392 2104 5
10526 4 192 27964 31 205930 1908 14 528 544 5
84963 1442 35 60567 33 16 9 3093 27708 31660 1273 616 24 136024 4 4 8 13320 35 6833 33 5
145 31660 18 3581 25 1375 8 1757 9980 7 30087 7 2854 25 57 184 5
17 2854 9965 6 9 30087 1026 2106 900 6 7117 20609 50 3074 8 454 8744 6 3 3074 7 83 1026 47 23 7952 6 1667 5
145 754 329 1026 6 50 209 8 1599 3 1519 30087 3074 5
60567 18 2870 19 307 2029 544 8 677 19 83 27708 27964 133 21 30026 210979 5979 35 33 4 5320 35 33 4 5394 5373 124913 35 33 8 180305 17073 2059 124913 35 33 5
60567 29 45 4861 6 26 205930 5870 8 141 333 2828 10 970 7 1277 7 2104 8 46333 3961 65 677 19 192 27964 5
931 10602 71 26 170 10 3 22744 1381 15 60567 35 136024 12283 32330 4 6833 33 5
527 4 14 67818 544 4 21 3 221 7 18679 8 551954 7 628 474 4 60567 250 26518 177 3827 8 4423 10 325 5
10087 4 117 1296 27 11828 17904 3802 76 40 31660 6 4855 338900 48480 544 5
2625 84 23299 7 143030 27964 27 45 1273 24 7285 17904 6 3 1510 143030 27964 8 2769 146 333 773 35 1604 4 30119 4 86391 4 323 7914 4 274 109 19959 4 12825 4 19959 4 323 64868 4 590 33 5
17414 4 4 8 68184 35 1095 33 8 19959 12283 3462 5
35 590 33 59 27 5775 17904 76 3 2029 124913 1488 4 49 13613 7 23 5
81 678 6 14550 3 239508 7 60567 4 80 1379 9 5607 30087 1442 35 62420 33 24 18166 17904 3802 76 60567 6 37412 3 4231 1079 8 1262 261 23462 5
5583 4 6 19491 3 1212 7 189 11856 770 8 62420 4 80 8850 9 84 5373 11856 31660 14 67818 5
81 46 31660 4 11856 770 16 3677 6 1297 3 1260 3074 13 4209 24 62420 22 290 43241 103 201 137 3 17904 650 7 62420 5
17 84 1273 5373 11856 16 34 97 488 6 1657 9 333 1277 2506 44 23 59 137325 48 1003 58 83 191244 27964 150 60567 8 62420 5
81 10028 4 129 4413 10 46 1381 16 46017 53 249 5
33630 9 5607 30087 1442 35 62420 33 5
33630 9 84 5373 11856 31660 14 628 67818 5
145 1381 16 4393 21 3177 53 8941 341 4286 3 6652 7 3 67818 565 8 11856 770 31660 5
81 58486 459 8 503 4 3 1056 7 30087 1442 8 3 5607 30087 1442 31 2921 5
81 8941 500 4 80 2994 3 5373 11856 31660 8 50 2673 6 67818 544 5
8941 708 6274 3 9345 522 13 2148 129 1273 5018 93475 83 4309 5
5583 4 80 7336 8 55741 3 1381 10 8941 700 5
3062 4 114 4 26 9 197 7 6517 628 6034 6 26 30209 8 26 9 197 7 9273 18679 5
81 67818 4 290 628 10 197 1883 36 26 9806 10 57 7 3 9273 18679 10 133 9 152 13 23 36 12042 3 6905 4859 5
17 6905 4859 4 258900 10753 48517 16 4939 21 3 5806 7 26327 234324 3457 148 290 5811 8 3 1055 7 3 10753 47 23 9317 5
145 6905 4859 16 392 24 53 35 249 33 1949 4 2778 2778 8 2778 81 67818 4 3 689 733 7 11856 770 31660 16 6 2258 3710 7 9273 18679 5
81 46 601 4 80 4753 13 3 221 7 18679 9273 16 424 2543 6 12538 3 67818 565 5
17 508 31 3 689 1959 7 11856 770 31660 53 2778 206671 2401 9273 10753 3710 7 25 628 197 21 3 2007 3710 5
2778 189516 290 5811 10 197 1883 6 3 5426 3710 5
2778 355 70 6034 27 45 6234 4 109537 3 2371 7 3 9273 3710 5
2778 41701 27760 341 8 459 285 9 14152 38020 16 943 35 3 3235 221 7 61652 1049 49 3 770 31 3601 33 5
5967 8 35 359 33 2042 9 2190 152 7 6098 3 2007 3710 14 11856 770 31660 5
17 4644 7 11856 31660 16 6755 1298 53 2778 26708 57 1055 4 30985 22 6951 25 4770 2778 273 290 628 397 4 49075 4 3 3457 148 8 3 8668 1055 13 29 277 45 3112 5
2778 4941 84 1055 4 6098 19 13300 5
2778 41701 27760 341 8 459 285 9273 3710 27 45 3112 5
2778 804 13 3 2007 3710 27 45 3112 4 6899 538 2029 11856 770 67818 5
84963 1442 35 60567 33 16 9 84 2627 27708 31660 4 47 16 3581 25 1375 8 1757 9980 7 30087 1260 7 2854 25 57 184 5
17 1043 30087 9965 6 9 182 7 1260 4135 8 27319 19 57 184 6 2769 90 1570 733 47 16 16930 1029 6 70 3 1260 5
3194 1026 3804 6 1297 50 209 3074 24 15705 329 83 1260 10 9 30087 5
3265 1026 250 1667 1087 3074 10 3 30087 47 232 6 1010 142 665 3070 10 50 209 3074 5
145 2228 329 1026 6 1849 57 184 8 11657 30087 2106 3074 5
208 3 1260 3074 340 34 1297 7671 54 9 221 7 61652 4 3 30087 3074 16 1109 15150 5
273 3099 4 9 614 87625 565 35 10 156894 1065 33 16 392 24 53 162941 5
17 12540 12634 4 16 392 24 4 4114 3082 162236 4 4 6517 70797 3 6905 4859 3395 21 3 3074 7 32 1570 1026 10 9 30087 4 15121 3 1570 36 6661 3804 6 15831 1010 24 27396 50 4 5
81 9 30087 19 3298 221 7 1260 4 329 1570 1026 8258 29 50 209 197 2000 47 754 3 3074 7 5
17 1570 3074 7 290 1026 8258 36 26 6453 24 329 83 1026 21 166 21 24 1010 496 13 30087 5
659 26 48 2190 4 9 1026 29 9 1375 9980 6 1667 92 23 16 333 58 4 79022 5
5
1249 16 333 58 4 3 1026 36 3130 6 1667 3 2000 7 4 47 16 392 24 19 1087 10887 224603 17 508 5181 3 7254 7 60567 53 17299 249 53 504204 3 221 7 1260 3298 4 12540 12634 14 290 1277 4 12540 12634 2807 2916 4 23462 96734 4 221 7 61652 9424 8 221 7 10887 224603 17299 341 53 17 13300 7 13896 3 3074 7 329 2442 1026 8258 16 7154 538 53 35 341 33 17299 459 53 3265 1026 12244 9 6951 221 28324 1356 1362 8 538 3 39274 6339 1217 8050 6 1667 12510 3074 8 50 2000 5
17 6154 13 3 3074 16 3467 24 3 1026 8 34 424 10 2379 5
17 39274 6339 1217 86 26 104 3206 21 23 1708 808 6 329 3074 10 3 30087 6 128 3467 543 9322 15 50 1277 5
81 1243 4 23 59 142 2238 3 2392 7 120 1026 6 5339 3 333 3074 21 3 2442 13300 2209 10 446326 35 341 33 16 1752 22652 6 3 1277 7 3 3074 5
81 83 1299 4 3 333 3 2104 4 568 3 13300 7 110 979 24 3 1260 10 3 30087 5
17299 503 53 3265 1026 29880 3 12540 12634 14 50 329 2000 6 50 325 2621 5
145 16 2828 21 3177 53 35 459 33 114 5
17299 500 53 3194 1026 5036 9575 9075 25 496 3 3353 12540 12634 14 329 50 2000 8 110458 9 197 7 2442 9575 14141 4 79022 5
8 29408 3 282 3074 25 197 5
145 754 30087 19 3298 1260 7212 50 3074 8 71 26 1867 21 5
17299 708 53 208 87 16 93 964 3070 10 3 3074 7 329 1026 10 3 30087 4 3 30087 3074 86 26 1109 15150 5
17 1884 148 3 1570 14141 16 34 177 964 14 6275 4900 221 7 61652 4 92 53 35 503 33 35 500 33 35 708 33 17299 700 53 63267 120 7 3 14141 25 498 197 7 14141 10 3 30087 21 3 380 6905 4859 871 8 737 92 883 7 3 67 6680 2888 1298 16 7716 49 1248 595 6 17299 341 53 249 5
208 3235 221 7 61652 8641 5
208 30087 147342 6 3 216 3074 24 12404 3 912 7 5
35 503 33 35 708 33 5
81 46 1381 4 80 1379 9 5607 30087 1442 35 62420 33 6 1297 3 8958 8 3 23462 1952 7 60567 5
72034 23462 142 11851 65 3 30087 137325 6 9 325 30392 49 3 4231 650 7 31660 16 177 2063 5
12502 4 80 2042 9 17904 7787 6 60567 10 678 6 37412 3 4231 1079 4 2601 3 7139 7 2506 8 1262 261 23462 5
70797 14 211736 43241 4 9 1026 10 9 1654 30087 16 3380 24 9 197 7 9273 221 7 10753 3710 4 4 114 8 2464 3 10753 2106 1055 5
273 32 946 4 98586 249 16323 9 1026 2104 7 9 565 19 108 18679 4 8 70 3 628 6034 27 179 17020 4 5
8616 4 3 1026 2104 12859 10 98586 249 71 26 3380 24 4 114 5
1301 4 290 1026 10 13 30087 36 7380 17904 650 6 3855 38435 1026 21 508 53 35 700 33 252980 8 31 108 1260 47 31 3467 14027 25 3298 1260 10 133 9 152 13 5
35 704 33 17 3467 1026 51 26 53 35 782 33 35 183 33 114 16 9 6951 221 148 6494 8 249 4 16 9 6951 221 287 58 249 8 2482 16 3 551954 7 628 6034 5
8616 4 3 84 2000 14 1026 8258 10 3 211736 43241 31 3467 543 15 50 6905 4859 53 35 407 33 145 17904 650 16 2828 6 83 1652 1260 10 30087 5
59268 7 9 1026 2104 98586 249 5
59268 7 9 1026 2104 5
81 46 1381 4 80 8850 9 3093 31660 3876 6 21 3 5373 11856 770 5607 30087 1442 35 11856 33 14 628 67818 5
81 46 31660 4 11856 770 16 25810 6 1297 3 1260 3074 4209 24 62420 5
435 9 507 336 7 11856 770 4 153 290 1026 36 198 137 3 17904 650 21 962 10 8941 503 5
17 84 1273 31660 1212 25 3 9063 7 189 11856 770 8 62420 5
145 3109 2228 3 1273 31660 6 26518 48 1003 8 2769 9 48 5050 2506 276 587 4423 6 9 325 30392 5
17 2673 7 3 5373 11856 15 3 628 67818 16 2209 10 46 2124 5
81 678 6 4855 3 67818 565 538 3 84 1273 31660 4 508 1959 144 26 3677 8 3629 53 17299 249 53 168335 3 2007 1260 5
17 2007 3298 1260 31 14027 4209 21 962 1298 53 35 403 33 35 698 33 35 685 33 114 16 3 221 7 18679 4 8 2482 16 3 551954 7 10753 1055 5
8616 4 35 409 33 17 12540 12634 16 392 24 4 114 4 8 35 290 2419 7 1055 33 31 3033 8 3235 871 7 290 397 7880 6 3 10753 5
17299 341 53 71343 11856 770 31660 14 290 1026 21 962 10 8941 341 5
17299 459 53 71343 17904 1315 14 290 1026 21 962 10 8941 503 5
17299 503 53 17 6905 4859 14 290 1026 16 7154 538 446326 35 249 33 5
17299 500 53 17 13300 7 13896 3 3074 7 329 1026 16 7154 538 446326 35 341 33 5
17299 708 53 3265 1026 12244 9 6951 221 28324 1356 1362 8 24 538 3 39274 6339 1217 8050 6 1667 12510 3074 8 50 2000 5
273 946 4 1026 142 1865 6 1667 3074 7 1026 8 50 2000 5
17299 700 53 3265 1026 29880 3 12540 12634 14 50 329 2000 6 50 325 2621 232 6 446326 35 459 33 17299 704 53 3194 1026 5036 9575 9075 25 496 3 3353 12540 12634 7 50 3467 2000 5
1301 4 290 1026 110458 3 6905 4859 14 192 9575 14141 8 29408 3 282 3074 25 46 197 5
273 3099 19 4 1026 8050 6 1667 3 3074 7 1026 8 50 2000 5
1301 4 1026 36 5907 409 9075 25 50 3353 12540 12634 2000 7 5
2927 4 1026 36 49075 3 6905 4859 7 50 14141 232 6 446326 35 249 33 4 79022 5
8 29408 3 282 3074 25 496 46 197 5
17299 782 53 63267 120 7 3 3298 14141 25 498 197 7 14141 10 3 30087 21 3 380 6905 4859 871 8 50 2000 8 737 92 883 7 3 67 6680 2888 1298 16 7716 49 1248 595 6 17299 341 53 249 5
208 3235 221 7 61652 8641 5
208 30087 147342 6 3 216 3074 24 12404 3 912 392 24 5
35 503 33 35 708 33 5
17 3154 6027 7 3 5373 11856 16 12859 10 98586 341 17 3154 6027 7 3 5373 11856 98586 341 5
17 3154 6027 7 3 5373 11856 5
3516 521 628 2757 31 220 6 27241 129 1273 31660 5
3194 628 197 25 22930 17112 12586 125008 29 9 523 221 7 18679 4 628 6034 8 2000 21 962 1298 35 127608 323 4 6833 33 53 24044 628 197 35 6517 3082 2536 4 2482 3082 503 4 9273 3082 459 33 53 47 9286 7 108 523 2502 7 24044 5658 53 24044 4 24044 8 24044 345983 5
273 290 2502 4 575 5036 19 179 2000 35 4385 4 22690 4 88199 4385 4 8 88199 22690 33 42 3883 5
12546 628 197 35 6517 3082 24449 4 2482 3082 698 4 9273 3082 459 33 53 145 628 197 31 3 522 7 9 4122 2376 7 8486 2708 10 3 216 642 10 1530 44 10978 25 108 523 167671 53 1427 249 35 4467 9584 33 4 1427 341 35 5246 9584 33 4 8 1427 459 35 2879 9584 33 5
17 2376 2118 3 10771 7 698 2000 170 10 290 7 3 108 3351 7 8486 5
931 698 2000 31 2473 4 310110 8303 4 12195 4 151336 7 12195 4 36365 4 676 240023 4 555017 4 14510 240023 4 4 4591 7665 4 32747 4 7 6042 8486 4 8 405300 5
13056 628 197 35 6517 3082 29958 4 2482 3082 782 4 9273 3082 708 33 53 47 9286 7 288 523 3351 7 3171 53 589 3909 12192 9490 35 1551 6034 33 4 589 3909 14510 12192 9490 35 6417 6034 33 4 1366 3909 12192 9490 35 800 6034 33 4 9973 35 698 6034 33 4 68394 35 782 6034 33 4 8 67752 35 1403 6034 33 5
3194 2125 7 3171 29 836 2000 4 47 31 98826 1291 4 16173 4 36365 4 12412 4 19911 4 31732 4 17597 4 112984 4 8 5009 5
19408 5378 5017 628 197 35 6517 3082 80260 4 2482 3082 782 4 9273 3082 341 33 53 145 628 197 4286 80260 6034 5
187 31 67 5835 53 23450 35 45399 6034 33 8 13677 35 33318 6034 33 5
3194 2125 7 1427 9286 7 836 2000 4 47 1038 47824 26269 4 2052 1646 51647 4 2052 3157 51647 4 11992 86895 4 837 112938 2052 1646 4 8548 56951 4 20608 216853 4 1966 8 5
84224 628 197 35 6517 3082 56232 4 2482 3082 459 4 9273 3082 708 33 53 47 17244 7 56232 1452 153373 64917 3554 5
187 31 288 24651 84224 3597 53 35 4765 9584 33 4 9 35 8750 9584 33 4 4114 35 24194 9584 33 4 28825 35 24013 9584 33 4 16054 35 27293 9584 33 8 9450 35 7183 9584 33 5
3194 1427 29 108 9796 2000 12510 6 3 74 4 169 4 8 296 84224 26831 5
202738 41403 11067 628 197 35 6517 3082 244104 4 2482 3082 782 4 9273 3082 459 33 53 145 628 197 16 9 33498 7 3 6104 379 3741 202738 133815 7605 5
17 5036 31 1917 303 37 883 42 34 3403 49 155 34 259 92 43 42 22 3 89 7 1008 5
17 565 16 6 4764 3 1414 7 498 29157 5018 35 93 231 29 68706 6034 4 1739 4309 27 44244 6034 4 8 4251 4309 27 33369 6034 33 7 9 499 543 15 62 9908 8 30074 10777 5
17 773 7 129 1273 31660 15 192 3467 628 197 16 677 19 307 3848 160269 27964 133 21 3 60567 4 62420 4 143030 35 12283 32330 4 911 33 4 124913 35 56289 12283 32330 4 274 33 4 15329 35 476636 323 53579 4 590 109 110290 323 4 3952 33 4 37566 35 323 432408 4 1515 33 4 54069 35 476636 323 53579 4 590 33 4 35 323 53579 4 274 33 4 11856 770 8 11856 27 25810 67 6680 6 8612 3 773 7 192 27964 53 35 4114 33 3 258900 10753 14561 4 21 4939 10 446326 35 249 33 8 35 25547 33 3 221 7 5188 4859 8557 35 33 5
273 3 74 6680 4 83889 1731 3 871 7 3 258900 10753 14561 6154 568 3 1277 7 3 67818 16 5
238 14 3 169 6680 4 2464 3 221 7 400 13 3 67818 31660 29 7154 3 6905 4859 14392 35 249 33 6 1018 3 19547 2104 5
17 1731 871 6154 3 272 23462 1952 7 3 1109 31660 5
17 1272 19393 14 3 7254 7 5373 11856 4 62420 8 60567 14 67818 31 1595 10 20498 249 5
17 27964 31 6227 19 370952 30273 15 9 4898 2912 538 6015 17924 136498 4 9371 62778 8 704 13336 39479 1416 5
20498 341 842 3 10028 7 3 258900 10753 14561 3455 24 3 67818 27964 15 3 3467 628 2757 5
17 522 31 282 4 596 4 1207 8 3 2029 44398 7 2506 72 302 1216 1002 5
17 6680 10 20498 341 6154 23462 1952 7 3 7562 27964 5
20498 249 5
470655 7 5373 11856 4 62420 8 60567 14 628 67818 5
7337 60567 98956 60567 8258 9575 24880 8258 9575 24880 8258 9575 24880 24044 500 409 56159 500 409 56159 8642 500 409 65981 8642 12546 500 409 56159 500 409 56159 8642 500 409 53837 8642 5378 500 409 56159 500 409 56159 8642 500 409 56159 8642 84224 500 409 52445 500 409 52445 8642 500 409 59133 8642 34526 500 409 52445 500 409 52445 8642 500 409 52445 8642 13056 500 409 52445 500 409 52445 8642 500 409 59133 8642 20498 341 5
73239 522 14 67818 27964 5
100402 81381 11856 770 11856 37566 15329 54069 143030 124913 60567 62420 11856 24044 3487 9897 24793 436529 250845 6494 6494 1614 5246 511555 78915 59821 12546 3487 9897 24793 436529 6494 6494 6494 28785 35148 391974 484751 5378 3487 9897 24793 436529 487439 382231 156369 6494 4728 14715 111763 64821 27503 34526 3487 29139 24793 436529 378100 224967 26900 24996 26318 47109 49113 13056 3487 128422 29139 24793 436529 328603 58704 33369 81203 48190 20676 84224 3487 29139 24793 436529 22872 19261 49113 436818 111763 17 29182 522 392 10 20498 341 4 842 13 129 1273 5018 12134 146 333 58 83 4309 14 70 960 628 2757 5
1563 1273 5018 16 488 6 2769 3 282 19547 871 19 9 1731 2029 44398 677 6 83 4309 5
81 814 4 3 522 5042 3 12398 8 53562 7 3 1273 11856 677 6 83 27964 150 60567 8 62420 5
273 24044 628 197 4 11856 8 62420 31660 31 488 6 26518 6 391 30392 7 14 290 336 4 125 3 282 2506 14 60567 4 11856 770 4 11856 4 37566 4 15329 4 54069 4 143030 4 8 124913 31 4 4 4 4 4 4 4 8 5
17 2029 44398 14 11856 16 4568 4 47 16 146 287 58 83 4309 5
11856 16 59 488 6 2769 3 282 391 665 8 29 9 333 596 8 1207 665 14 3 12546 628 197 677 6 83 4309 5
238 14 34526 628 197 4 11856 29 3 282 2104 7 4 125 3 282 2506 14 60567 4 62420 4 11856 770 4 11856 4 37566 4 15329 4 54069 4 143030 4 8 124913 31 4 4 4 4 4 4 4 4 8 5
10526 4 11856 29 9 146 1731 2029 44398 58 3 83 4309 14 34526 628 197 5
273 84224 628 197 4 129 1273 5018 59 7162 6 2769 282 4 596 4 1207 2104 8 2029 44398 7 4 4 8 5
931 3455 2770 31 146 1731 58 83 4309 5
134 3088 3 1102 7 7623 17904 3802 6 60567 24 9901 3 522 148 62420 8 60567 25 20498 341 5
273 3099 4 62420 29 3439 9 282 4 596 4 1207 2506 7 4 8 19 9 2029 44398 7 14 12546 628 197 125 60567 29 3455 282 4 596 4 1207 2506 7 4 8 19 9 2029 44398 7 5
8616 4 24 7623 17904 3802 4 62420 16 488 6 1657 9 333 1277 2104 677 6 3 1494 60567 5
17 20260 522 25 20498 341 14 11856 4 62420 8 60567 266 61 3 9063 7 277382 11856 770 76 62420 5
17 282 391 2104 7 11856 4 62420 8 60567 14 3 12546 628 197 31 4 8 5
931 522 2148 13 3 11856 1708 9 568 67818 1277 58 3 27139 62420 8 60567 5
6459 3096 3 67818 1277 4 3 3109 7 11856 770 19 62420 4 36 454 6298 3 23462 10777 5
60567 8 62420 236 37634 8 53216 4859 22015 4 3995 6 4498 3 282 2104 14 12546 628 197 5
349 3 83 881 4 11856 97 1141 484751 4859 22015 6 2769 3 282 19547 2104 14 3 216 628 197 5
16816 4 11856 137325 6 19547 2104 177 1003 5
1113 27139 11856 770 8 11856 27964 26518 146 3254 58 83 27964 150 11856 4 43 27 9 9980 6 17066 26518 6 9 325 30392 5
273 3099 4 11856 31660 97 738 35148 4859 22015 6 4498 3 282 2104 14 12546 628 197 44 192 2104 522 31 136586 5
81 10028 4 3 20260 522 25 20498 341 52491 13 129 1273 5018 16 488 6 25272 9 333 391 2104 19 9 1731 2029 44398 8 2121 1051 7 4859 22015 14 67818 5
5583 4 80 27 848 65588 6 14076 3 282 3710 170 24 11856 10 3 960 628 5
20498 459 5
17 3439 282 3710 15 3 24044 4 12546 8 34526 628 197 5
100402 874 249 874 341 874 459 24044 12546 34526 20498 503 5
17 3439 282 3710 15 3 3171 8 84224 628 197 5
100402 874 249 874 341 874 459 874 503 874 500 874 708 13056 84224 20498 500 5
17 3439 282 3710 15 3 957 628 197 5
100402 874 249 874 341 5378
60567 16 9 84 2627 27708 5018 4 47 29 9 485 785 6 4855 117 27708 544 150 628 67818 5
527 4 60567 142 26518 177 3827 8 17066 26518 6 325 65 3 551954 7 628 8 221 7 18679 474 5
473 3 3644 7 111465 192 26966 4 80 1273 5607 60567 35 62420 33 24 9375 17904 3802 76 60567 5
66 93475 60567 10 970 7 189 1277 7 2104 8 3 23462 1952 5
5583 10 46 1381 4 80 1273 9 3093 5373 11856 31660 14 628 67818 5
145 84 31660 3804 6 9239 3 11105 7 67 27964 8255 4 114 11856 770 16 25810 6 1297 3 1260 3074 22 290 43241 103 192 1260 31 392 119 369 6 62420 14 27708 5
145 3109 7 11856 770 8 62420 2228 129 1273 31660 6 23462 48 1003 8 12424 23 25 1641 6 325 5
134 2870 129 1273 5018 538 3 2029 628 2757 25 22930 17112 12586 125008 8 677 129 522 19 288 217191 67818 4309 5
17 9345 522 4459 13 129 31660 71 1657 9 568 1277 18679 19 9 1731 2029 44398 15 3 3467 628 197 6786 6 83 67818 4309 5
7219 4 3 23462 1952 7 11856 6 391 16 333 58 83 191244 27964 5
81 83 1299 4 129 1273 5018 71 26 1109 21 32 4213 8 5314 5018 6 384 3 19547 2104 14 67818 544 5
187 31 9 221 7 426 601 8249 71 26 1109 6 1297 8 2975 46 601 5
17 46333 773 16 13214 24 19393 133 21 3 12540 12634 2807 4 8616 4 9 7117 33855 1488 71 26 2042 6 1597 7322 3 12540 12634 2807 5
81 46 601 4 80 5892 3 221 7 18679 31 424 9 2543 65 12538 3 67818 544 5
12502 4 80 71 454 13655 129 31660 6 3030 6062 67818 276 120 2543 2505 7 221 7 18679 5
134 142 7801 62420 19 83 191244 27964 6 4855 67818 544 4 47 71 26 381 21 184 601 2586 5
5583 4 129 1273 31660 142 26 3677 6 4855 83 10034 533 544 133 21 1973 87930 35 130944 4 5014 4 13320 4 323 5014 4 7560 33 4 4132 14361 565 35 412311 323 4 2076 33 4 650 1330 8 13797 35 4 141606 4 323 4 6833 33 8 6885 17067 7 326 284 35 85257 4 590 33 5