325979 98922 35 61725 33 16 9 2484 650 13 1388 9 221 7 9063 35 171463 5
93 9889 2847 33 72 50 8668 4666 21 1087 4695 10 797 398 1537 3 29406 2430 5
43427 30392 61725 650 912 14264 568 98922 3961 8 773 5
145 1381 6274 3 726 7 9 22190 8783 10768 6 1753 1442 6 3 61725 650 5
622 9345 61725 5194 13186 4 22 430 7 1468 4 18 2069 137 3 6582 7 9 22190 8783 10768 76 3 1806 532 284 5
370952 35 80440 34074 176107 33 18 220 6 1088 9 22190 8783 10768 284 4 47 3466 3 4018 489 7 3 4462 8 3 3154 489 7 3 89264 5
17 6905 7 3 22190 8783 10768 18 6 1297 98922 773 8 8958 24 6573 3 61725 650 23394 5
17 522 1485 6 4556 4567 8953 8 581 785 14 426 2333 7 22190 8783 532 35 343321 33 10 61725 5
22510 11379 13 11032 22190 8783 76 3 532 284 852 14 746 105 10554 1442 6 26 11828 76 61725 11379 5
17 1101 7 46 1381 16 3 19898 7 343321 10 61725 4 44 3 522 27 3 785 7 110 3677 6 5
238 3 426 7 61725 2503 1537 128039 35 33 4 3 236 14 650 4046 532 10 46 352 142 26 943 24 343321 4 47 29 9063 72 4759 4309 7 650 532 5
912 10 61725 31 6951 10 2129 463 6 3 12911 164 7 3 89264 1215 8 3 98922 650 1010 16 1441 6 1678 5238 7436 35 171463 5
5619 10 3 3014 2406 10432 33 13 2498 98922 773 35 35681 4 307460 4 91895 4 323 4 1095 33 5
1949 4 1568 3802 98922 1866 31 543 1918 3 3802 2106 2505 8 791 25 538 3 13186 5
273 46 1033 3 2673 7 22190 8783 16 166 9760 14 133 9 532 565 4 21 3 22190 448377 954 581 3 3959 14 32 2516 2505 1084 8 42101 2869 5
145 42101 2869 71 153 26 11828 76 9 532 284 6 581 10534 10554 1442 6 4112 8 532 3 98922 650 5
66 18 3847 3 689 6905 7 3 601 6 1000 9 22190 8783 10768 6 26 5775 76 3 1806 430 7 1468 61725 13186 31580 18087 35 171088 33 532 284 4 8259 3 532 284 6 1333 37676 1411 3 98922 650 5
28848 9 22190 8783 10768 36 1485 67 5060 53 35 249 33 6 3617 3 4102 7 17938 22190 8783 76 3 9345 61725 5194 13186 109 8 35 341 33 6 3617 3 785 7 22190 8783 532 35 343321 33 6 1377 568 926 7 98922 773 137 66619 67126 3014 532 5
325979 8 128039 29406 98922 61725 16 32 128039 25854 650 35 4693 15797 323 6456 4 1422 33 5
10197 498 16 1198 148 9 35 3 151536 33 8 9 40476 9470 4462 35 3 78759 33 4 19 89264 8186 137 3 3014 6 1332 3 6221 5
17 4462 3157 16 16898 35 3192 33 76 3 3076 137 3 3446 110 14310 76 22655 44560 24 173215 652 5
16816 61725 893 3 3157 7 3 24 6375 3446 137 173215 652 5
29 8736 25 61725 463 6 161286 1572 21 9 426 2826 10 797 2779 5
149116 4 84332 4 8 25919 35 1422 33 965 13 106 7 3 13292 98922 9063 61725 29 72 83 6589 4 61725 1464 6 26 177 3982 21 9 426 5533 35 149116 12283 32330 4 1422 33 5
931 4888 164 13 4 81 3 66619 67126 3014 532 2053 32 533 55541 66 3177 13 3 66619 67126 3014 29 9 346 604 10 3 8958 7 3 98922 650 35 149116 323 144052 4 109 149116 12283 32330 4 1422 109 4693 7894 8 147266 4 2804 109 35681 12283 32330 4 1095 33 5
81 4774 4 149116 12283 3462 5
35 1422 33 965 13 454 162 16 1272 76 66619 67126 3014 532 8 98922 96734 532 5
149116 8 144052 35 4 33 1009 40 162 76 8 2209 454 2334 25 40 9345 13186 16443 5
158 1588 2000 133 21 66619 67126 3014 532 4 47 9286 7 9 326529 350707 532 284 13 9670 326 9796 5300 6 9 4249 33583 5
17 773 7 61725 16 1768 24 117 254478 98922 650 23394 35 4693 7894 323 147266 4 2804 33 5
75750 650 912 852 14 272 61725 773 10 970 7 3076 2002 8 489 7 98922 5
66 3177 13 30392 650 23394 31 12818 10 678 6 1377 30392 98922 912 8 773 5
27300 10220 16 1658 137 11742 9088 7 9 650 12911 1324 61 7 3 5944 5257 1079 5
17 254478 23394 31 1695 108140 8 1812 10 2129 8 23 16 3475 177 841 6 1800 32 5551 17315 1506 6 532 3 98922 650 5
17 665 16 13 4759 27728 532 5310 343 2422 1812 6 13014 8 142 149 34 11435 1506 3 61725 650 5
24892 5257 3803 14 61725 4081 31 2638 543 1918 14375 794 8 3768 8365 6 2769 650 96734 89463 5
103161 35 1278 33 1310 13 4 61725 19393 8 4462 1746 149 8635 177 146 15 3 9796 24 3 746 2516 543 15 30 897 2505 8 24736 66 866 13 32 386 2029 4 10 970 7 30392 650 19393 4 142 34 26 95 9802 5
80440 8783 163251 35 9749 33 2042 22190 197 3695 10 3 4205 5
78 6148 13 117 14105 7 7712 170 10 3 521 131 42 34 2278 24 326529 8783 5
81 22190 8783 1016 7 449 110 577 202 1359 49 2915 23 1900 10 3964 7 4333 4680 25 4568 6 57 4 8 95 449 71 26 6009 1359 8 2915 22 3 216 89 5
32567 326529 8783 14404 103 22190 8783 4 3 867 110 3 1081 7242 86 26 883 79 49 34 9 8 95 1137 16 6422 14 8801 883 24 57 182 49 184 5
527 4 23 18 4861 24 35 3578 33 4 13 32567 326529 8783 16 100 9 856 267 7 22190 8783 5
80440 8783 2228 108140 7410 6 26 25710 109 23 16 1369 6 231 4 6 1445 8 6 5507 5
6297 1918 3 1379 4888 601 2334 4 343321 16 19519 9760 6 61725 4 21 343321 16 32 1783 532 1264 14 650 2333 5
20406 7 22190 8783 27 45 1273 24 3 74 2234 7 46 1381 10 9 2726 7 2333 133 21 4518 35 323 153571 4 502 33 4 1746 35 323 153571 4 744 33 4 166778 2484 35 35643 323 153571 4 4 33 4 8 797 13797 35 323 153571 4 1422 33 4 21 166 21 2333 7 22190 2757 10 1746 35 153622 323 153571 4 744 33 5
81 308 400 4 845 162 5630 6 3 2673 7 22190 8783 6 61725 16 1574 5
527 4 343321 29 45 3677 6 83 320 7 3 94937 98922 6589 234 4 171463 5
98922 35 14879 4 19366 4 323 18150 4 1278 109 10141 12283 32330 4 1422 33 5
8 35 2804 33 3677 9 22190 8783 10768 6 7 43317 59600 9388 2008 64258 5
158 2209 9 22190 8783 10768 19 697 22190 954 4 47 2112 11356 3 38814 650 5
17 22190 8783 10768 1217 16 220 6 10775 629 254478 98922 650 2000 4 11807 46 2505 10 9 22190 1396 1084 6 26 220 21 3 532 284 2106 42101 2869 5
17 1243 7 343321 6 61725 1708 2516 10534 5257 1442 4 47 142 665 10 48 4547 926 7 98922 773 5
17 508 2124 6274 108 65054 2678 6 4552 3 7067 6 1811 32 9099 14 3 61725 5194 13186 5
98586 249 6274 9 1868 7 3 1081 61725 5194 13186 4 3 346 1172 31 1658 21 3 532 5274 4 3 326 1605 8 3 61725 13186 5
11880 1571 3 1081 61725 5194 13186 98586 249 5
11880 1571 3 1081 61725 5194 13186 5
98586 341 4 6274 9 48 3297 436 22 3 61725 13186 98922 5741 5
766 2215 5194 1141 254 496 3 98922 4429 5
17 4462 16 5543 14106 8 12193 25407 538 3 182432 5761 4 47 16 3275 137 3 171088 447 15 3 5274 5
17 4462 16 18337 6 852 89264 6 26 9919 137 23 5
66 59 29 3 2366 67126 3797 6 23 4 47 2228 23 6 159 9 2366 886 154 98922 5
17 1432 67126 16 59 1595 4 47 16 4916 6 3 1797 13 62729 3 5
17 98922 4429 158147 70 98922 1534 8 12424 3 89264 25 13414 5
66 59 29 67 3154 119 14188 6 852 650 89264 6 462 6 3 689 89264 4429 5
349 90 5674 89264 10759 142 3209 25 3 4429 8 95 9 2424 29 45 4514 180 3 1081 5741 6 1316 7229 13186 5937 916 3 89264 4 47 16 9 302 202 24 2059 16173 44998 35 241782 33 2104 5
17 61725 98922 5741 16 6726 1918 9 25013 1870 4 47 59 29 3 99002 12102 15 23 5
81 46 1868 3 27529 75242 5841 8 6062 17105 16 1595 5
145 6880 89264 25 3 89264 4429 8 11311 23 55 6 8 61 7 3 4462 5
11880 1571 3 689 61725 13186 2000 98586 341 5
11880 1571 3 689 61725 13186 2000 5
5583 4 98586 459 6274 3 89264 891 284 5
622 16171 3154 12102 16 2852 100 54 3 6062 17105 6 852 12276 6 26 351 7 3 650 89264 3154 489 5
17 89264 4429 2609 9 3583 7 180 7555 14305 7 2104 8 23 29 9 15167 6 1368 29565 89264 43003 25 663 76 1569 19 83 13186 5937 5
187 31 67 16929 13 159 12276 25 3 89264 53 35 249 33 244862 68136 8 35 341 33 71900 68136 5
766 12276 31 5543 119 6 3 5274 8 2236 5
1637 54 3 5841 4083 2892 9 187724 16 4514 19 184 10167 6926 17105 3797 54 3 9575 4386 5
145 10167 6926 17105 2228 14 89264 72 3154 6 26 34291 119 6 3 89264 4429 5
17 27529 75242 5841 16 34 9 12911 1605 5841 4 8 535 2252 22 3235 3354 5
238 9 665 89264 1605 2254 5420 8 95 3 10167 6926 17105 1708 9 770 6 32462 3154 119 6 3 89264 4429 4 3847 2790 3 3154 7 89264 6 3 650 5
11880 1571 3 89264 891 284 98586 459 5
11880 1571 3 89264 891 284 5
12811 8 24065 7 3 532 284 11218 4 98922 1866 42 1441 6 9088 25 3 2953 3802 4 21 3 2953 3802 1725 3 171088 10768 8 13186 25407 137 11742 9088 7 650 12911 13693 35 171463 5
208 3 3154 489 7 3 89264 9704 4 153 3 10167 3154 17105 16 1085 33 5
81 678 6 532 3 61725 5194 650 4 3 508 9796 23394 42 1658 8 5559 53 33583 4 498 4 5559 3154 489 4 89264 99002 8 89264 4879 5
931 31 220 6 4112 3 61725 5194 650 8 371 3 3802 32 5039 7 650 912 5
238 46 18 3 74 1186 22 17938 343321 76 3 9345 61725 5194 13186 4 9 1906 22190 8783 10768 18 1146 109 44 57 13 51 149 581 3 770 6 3617 601 8808 5
17 22190 8783 10768 18 1146 10 534539 35 911 33 370952 80440 34074 176107 5
901 22190 8783 11379 4 14484 7 67 29132 8 57 3354 290 4 42 1146 6 4112 8 532 189 3 4018 489 8 3 3154 489 35 17105 827 33 7 3 61725 650 5
1354 86 26 2164 671 3747 57 22190 8783 10768 4 14484 7 67 29132 8 67 55906 35 196 98586 503 33 5
527 4 3 74 2234 1148 67 1687 11379 106 23 18 2538 6 3617 40 53562 8 8958 65 1687 5
145 16 34 6 140 13 43 71 34 26 2164 4 44 13 43 31 8118 9168 8 268 6227 21 57 22190 8783 10768 76 3 2215 284 5
81 3 2164 22190 8783 10768 87 31 67 9796 23394 4 44 43 71 26 1109 1429 4 995 179 9796 12911 5
145 16 106 10 290 267 742 3 9796 23394 31 3 216 4 43 31 9168 7196 4808 15 3 3354 43 31 24717 6 5
145 16 3055 21 3 3802 5630 3 29132 6 3 3354 4 10 290 267 4 538 523 25429 23874 4 8 95 3 29748 173645 35 458636 33 31 523 5
17 22190 8783 10768 98586 503 5
17 22190 8783 10768 5
73245 3 9796 8 3354 4333 7410 435 5261 1918 3 29132 8 55906 7 3 80440 196615 5898 35 58122 33 3 161 1092 18 6 7673 70 3 458636 8 7242 7 16223 14 290 12911 5
17 221 7 458636 15103 3 12398 7 3 284 5
17 48 458636 4 19 1731 6269 4 2466 72 3 216 7242 7 16223 4 3 48 12398 16 1148 76 3 284 5
17 34113 322 16 13 48 458636 665 10 48 954 4 8 57 142 252 6 9 397 114 1416 5447 89 16 2063 106 7 3 221 7 954 3 10768 29 6 8612 5
80440 8783 2228 12398 6 26 3637 123 111 7444 8 95 4808 1918 3 983 3 221 7 458636 71 26 1842 19 3 284 149 16970 3 13228 3354 665 5
17 7242 7 16223 7 3 31817 4 14 290 12911 4 18 4939 137 767 8365 8 3802 13186 5
273 946 4 21 3 17105 186269 16 3275 137 9 9485 9796 1079 4 3 7242 7 16223 16 197 25 6494 6 183 13719 1516 58895 7 16223 31 53 84181 498 16 79 109 84181 5559 3154 489 16 109 8 3354 4018 489 16 5
766 458636 8 40 7005 4 14 290 12911 4 71 26 381 10 194896 5
5
84181 458636 14 3154 489 4 498 35 203 33 8 5559 3154 489 35 243 33 98586 500 5
84181 458636 14 3154 489 4 498 35 203 33 8 5559 3154 489 35 243 33 5
84181 458636 14 4018 489 4 498 35 203 33 8 5559 3154 489 35 243 33 98586 708 5
84181 458636 14 4018 489 4 498 35 203 33 8 5559 3154 489 35 243 33 5
6165 255 458636 14 3154 489 35 203 33 8 4018 489 35 243 33 98586 700 5
6165 255 458636 14 3154 489 35 203 33 8 4018 489 35 243 33 5
17 17105 827 4 21 3915 1321 4 71 26 148 6494 8 183 13719 273 3354 12911 53 4018 489 4 57 31817 2228 14 3 532 284 6 3354 4435 4018 489 2770 5
66 59 3395 21 9 4444 1760 4 10 13 65 3 58122 8323 3 155142 5018 7 692 13 539 31817 53 19547 8 53917 4018 489 4 1731 4018 713 31 3 3979 3354 5
81 970 7 3 6905 7 46 601 6 231 22190 8783 6 2384 3 66619 67126 3014 4 57 71 196 13 9 48 11902 337 10 3354 4018 489 36 665 92 650 23394 337 5
2971 7 3 954 98586 704 842 3 409 954 4209 4 7 47 3 74 836 3009 3 89264 3154 489 137 3 532 7 3 13186 2106 197 5
14441 4 532 3 4462 4018 489 4 47 1819 14 3 4462 1324 10 883 9 1432 35 305 25 3 33 49 2366 35 1537 3 33 2586 5
766 954 42 4209 137 3802 791 8 153 64958 6 581 3 13228 1102 4 47 1819 14 3 221 7 954 110 409 8 34 2131 5
14441 704 8 782 9130 137 3 532 9962 8 12146 1128 3 221 7 954 2537 5
17 22190 954 98586 704 5
17 22190 954 5
37442 532 12554 145 2898 3899 6 2565 629 532 692 7 3 3354 12554 4209 25 3 58122 1148 10 370952 4 5630 46 119 6 3 2215 61725 650 5
238 3 98922 650 2899 3 4462 16 5543 1537 3 4 498 2179 6 474 8 3 3154 489 883 8051 3 216 49 7684 1927 5
145 16 6148 24 3 30759 967 15 3 532 3076 35 98586 782 33 5
2491 3 30445 827 16 1049 3 66619 67126 3014 144 816 9576 4599 4 47 16 3 30392 98922 352 7 3 532 3076 5
66 16 3 6905 7 3 22190 8783 10768 6 422 3 61725 650 496 46 30392 98922 352 7 3 532 3076 8 95 92 3154 489 9704 3 5559 498 2238 3 10768 36 3354 9 665 6 807 912 119 6 30392 5
37442 532 3076 14 4018 489 98586 782 5
37442 532 3076 14 4018 489 5
98586 183 6274 3 3354 3076 14 3154 489 532 5
17 30759 967 8 3 30392 98922 352 31 59 2573 15 46 3076 5
81 3 267 114 3 5559 3154 489 7684 8 3 5559 498 2238 463 6 3 4462 1324 215 408 6 3 4 3 3354 665 16 14 3 17105 827 6 526 6 9 3235 4 79022 5
183 9485 4 1723 3 3154 489 5
37442 3076 14 3154 489 532 98586 183 5
37442 3076 14 3154 489 532 5
343321 6582 76 3 171088 10768 17 1806 10768 15995 7 14375 1586 1589 10 171088 6 532 3 4462 4018 489 8 4697 10534 4486 628 329 169 5
17 5385 7 3 84 197 805 14 3 89264 3154 489 6 26 3275 538 32 10437 1185 7 3 171088 10768 5
17 380 6416 4141 14 3 171088 10768 18 3 6582 7 3 343321 5
39097 6 46 601 864 4 3 282 152 51 26 6 132 3 171088 447 1752 36781 3 58122 1146 10 370952 5
145 51 26 537 19 454 777 76 370952 8 37515 7337 1981 35 198122 33 5
13166 6 3 601 864 75356 35 4 911 33 46 18 34 537 8 32 2155 5018 18 220 6 11032 343321 76 3 1806 171088 10768 5
17 5018 220 18 6 3855 267451 6160 1752 25 3 343321 543 3354 532 12554 4 496 370952 1010 5
17 267451 6160 3576 3 628 266 13 4301 3 3354 12554 1146 5
458 24 17938 91 76 3 171088 10768 43 1485 21 3 10768 2505 1084 35 42101 2869 33 4 21 3 171088 447 18 10437 6 6786 650 12276 19 2770 10 3 267451 6160 4 8 153 1865 1918 96 4462 4018 489 8 89264 3154 489 35 17105 827 33 6 197 21 3 3354 5
17 4888 6007 13 46 29 50 9705 5
370952 36 535 3855 3 216 221 7 3076 628 397 35 9222 628 266 33 5
17 565 322 16 65 3 2215 650 2696 9 2043 55094 628 266 5
81 46 983 3 171088 447 1389 14 3 8668 628 397 6 3 2043 4 6 5603 96 652 3354 871 6 159 5
98586 407 842 9 284 81495 45546 19 3 10113 7 3 22190 8783 10768 5
17 343321 6681 7 3 5274 10768 3395 21 9 2302 2031 496 3 171088 10768 4 21 23 9013 9796 904 6 3354 904 538 343321 5
5898 81495 45546 98586 407 5
5898 81495 45546 5
33962 17592 766 8365 231 3 216 708 26741 18629 18337 10135 4462 109 9 1204 4018 489 7 8642 35 9 13186 2190 30392 4018 489 170 137 767 26753 33 8 290 2892 18 125354 6 9 183 26741 5719 5
364 7 3 1665 13 36 26 2828 36 26 9 343321 1568 960 4 47 4589 3518 3 4462 76 9 814 6221 983 8 153 2143 15 3 343321 4859 7 3 61725 10768 6 196 143 3 22190 8783 10768 12134 10 133 9 983 5
145 16 32 16699 4209 983 8 10 1851 3 22190 8783 10768 36 34 852 3 650 6 1018 133 1778 912 5
527 4 46 960 16 2161 6 2148 13 343321 71 26 220 6 422 61725 650 912 6 30392 926 5
27619 960 522 66 71 26 6453 13 15 108 5674 3 22190 8783 10768 811 3 98922 650 119 6 30392 912 35 5559 498 8 3154 489 7 2429 8 3995 33 4 276 120 3802 4653 5
27619 912 4527 3 4462 4018 489 6 4435 8 59 3 6062 17105 6 526 35 196 98586 403 33 5
1113 3 22190 8783 10768 1927 72 49507 14 3 1568 498 15778 4 46 71 26 5210 137 1597 24220 7 3 31817 5
472 192 522 1485 6 2148 16 13 343321 71 26 220 6 6197 532 3 61725 650 5
231105 1571 3 22190 10768 29575 108 1568 98922 98586 403 5
231105 1571 3 22190 10768 29575 108 1568 98922 5771 5
145 161 665 18 1146 24 9 98922 336 13 18 4120 1725 24 3 22190 8783 10768 35 196 98586 698 33 5
145 18 3 73 98922 336 7 46 601 864 4 8 21 9 665 3 89264 18 10 50 1207 1215 5
17 1426 842 3 5559 498 1723 6 50 1391 2236 653 154 3 98922 336 5
145 665 842 13 3 22190 8783 10768 11085 13 3 98922 650 1318 276 120 10432 53022 5
231105 1571 9 22190 8783 125354 2892 98586 698 5
231105 1571 9 22190 8783 125354 2892 5
17 343321 1217 6 66619 67126 3014 532 16 523 25 83 3014 532 4309 5
1516 4309 35 149116 323 144052 4 4 109 149116 12283 32330 4 1422 109 35681 12283 32330 4 1095 33 4 231 326529 8783 1443 4 47 7367 9 61069 983 8 153 27 9 8783 9149 5913 21 9 665 5
527 4 3 343321 1217 3899 6 4120 1262 3 14318 7 9 61069 983 5
1113 343321 2254 9 3093 1217 87 16 149 236 14 454 35880 7 3 458636 6 3617 3 785 7 9 22190 8783 10768 3747 333 3076 10816 5
98586 685 6274 9 1868 7 32 164428 2124 137 3 22190 8783 125354 2892 5
4239 3076 2002 16 6453 4 658 4 46 16 2921 21 3 22190 8783 10768 33594 14 3 1024 89264 912 6 1262 650 10432 5
622 48759 1033 14 46 1024 2002 86 26 2921 24 3 5018 7 17938 343321 76 3 61725 10768 5
208 3 5018 7 17938 343321 76 3 61725 10768 42 24 538 198122 19 370952 4 153 3 556 58122 1146 10 370952 51 26 21333 14 3354 2586 5
3176 46 51 4 10 1010 4 4855 176 7 3 1024 3076 2002 565 4 21 893 10 3354 522 51 1523 26 11902 8 1359 6 3 22190 3354 532 12554 5
11880 1571 32 164428 2124 137 9 136903 5719 2892 125354 538 3 98586 685 5
11880 1571 32 164428 2124 137 9 183 26741 5719 2892 125354 538 3 22190 8783 61725 10768 5
903 2995 5
343321 21 32 61725 10768 17 644 13 650 532 18 149 3439 4 141 10 3 1892 7 1024 89264 912 4 2697 6 9345 522 110 962 21 3863 5
17 3863 522 1919 13 3 2673 7 343321 6 1377 568 926 7 98922 773 10 61725 29 785 5
17 22190 8783 10768 16 6453 6 3030 1866 8 1945 68695 19 96 9 746 3802 51 112 5
17 346 1653 23 29 72 10167 98922 16 13 3 22190 8783 10768 2106 1866 8 1945 31 44676 109 19 16335 532 7 189 3 4462 4018 489 8 3 17105 827 5
81 3 267 7 10167 98922 3 746 3802 51 25407 8743 189 3 4462 4018 489 8 3 17105 827 57 54 3 83 5
343321 2228 3 791 8 2505 7 3 2953 3802 6 26 28980 76 3 650 10768 1749 23 6 1333 3254 8 1918 2489 2953 23394 5
22510 11379 8 66619 67126 3014 532 17 1043 5373 10768 496 46 1181 16 4939 21 9 10768 13 10556 343321 19 83 4309 7 532 6 2769 3 13228 650 773 10777 5
17 785 7 343321 10 61725 71 26 18460 15 67 523 926 5
364 653 16 3 6284 231 7 343321 6 4112 8 532 3 66619 67126 3014 4 21 166 21 581 1308 284 532 5
17 83 653 16 6 231 32 2155 5018 6 532 3 3014 19 343321 110 220 6 581 1308 284 421 8 532 652 5
343321 1708 3 61725 10768 19 10554 1442 5
17 813 16 289 343321 71 26 220 6 2875 532 3 66619 67126 3014 88
145 1181 3831 13 23 71 26 220 6 1368 814 6221 5771 25 15178 4 44 92 3 3115 7 426 162 770 13 3 3076 2002 36 26 10962 153 46 36 132 343321 28357 21 9 3014 532 5018 5
208 46 162 16 4566 6 4 114 3 8953 7 10432 31 8237 153 3 22190 8783 10768 142 26 9 1405 6996 14781 4 10 13 23 51 1368 10432 25 11142 44 3 3076 2002 142 26 10962 463 6 3 2475 11264 4462 4018 713 5
208 426 162 9270 343321 6 26 7128 14 66619 67126 3014 532 10 4 153 90 916 7 5373 10768 51 26 3 161 4141 7 777 5
343321 71 26 2164 19 184 48 7608 5018 7 66619 67126 3014 532 6 916 9 5373 10768 4 9 10768 13 20178 3 282 5018 7 66619 67126 3014 532 19 3 1175 6 132 1308 650 4 7112 746 105 1866 5
343321 18 1408 5775 76 3 430 7 1468 61725 5194 13186 4 538 9 267451 1870 5018 5
1113 23 16 2554 24 3 4888 13 23 16 34 3 104 5394 5018 4 23 16 5100 5944 463 6 3 5141 7 343321 7 61725 110 88478 8871 5
17 1568 960 2828 3619 10 3 22190 8783 10768 1571 3863 532 773 5
349 108 5674 3 13186 18 876 76 32 16699 1146 814 6221 983 5
17 22190 8783 4859 7 3 10768 18 153 725 15 8 10 70 108 745 23 811 3 284 119 6 30392 650 912 5
145 10 1010 18 32 3863 665 21 23 2048 13 3 2673 7 343321 6 61725 29 785 5
17 3863 665 18 13 3 22190 8783 10768 661 1478 7 5714 3 66619 67126 3014 8 1505 120 40986 7 10432 5
472 16 3058 16 13 343321 16 1595 6 37782 3 61725 650 4 46854 746 2505 8 17938 23 76 3 61725 10768 6 371 23 1442 5
187 16 785 10 343321 14 3 4518 7 650 912 496 30392 11612 4 8 3847 3 785 14 333 98922 773 5
6876 162 738 6 26 617 6 3434 96 604 343321 144 159 496 3 61725 10768 4 21 1547 6 3 996 2898 5
6876 162 36 59 436 76 45099 3 58122 458636 10 678 6 2769 3 13228 522 5
208 343321 16 170 6 26 32 5944 66619 67126 3014 532 5018 4 153 9 614 22190 8783 10768 14 61725 8 4081 71 26 1146 8 12630 5
208 343321 1929 30199 522 677 6 83 4309 7 66619 67126 3014 532 4 153 90 916 7 5373 10768 16 1273 21 9 537 426 14 650 532 5
79 5373 10768 51 7801 184 5018 7 66619 67126 3014 532 76 32 1308 22190 8783 284 10768 4 47 51 149 4552 3 61725 10768 6 7902 1308 284 8 650 1442 5
2491 9 22190 8783 10768 2125 29 45 1658 4 162 76 343321 7 66619 67126 3014 532 14 36 159 1387 967 5
17 58122 2209 10 46 1181 2464 3 74 1959 351 6 12874 343321 76 61725 5
17 58122 13 29 45 9168 16 2190 6 57 4462 8 3847 3 7242 7 16223 14 290 22190 197 16 543 1918 46 4462 5
208 46 4462 42 6 26 1406 153 9 84 58122 51 27 6 26 1148 25407 24 9 22190 8783 28609 5
8932 162 15 3 58122 86 26 10 3 352 7 33855 186564 22190 42101 284 35 33 35 36277 4 3454 4 323 195261 4 2773 33 5
2228 3 22190 8783 10768 6 1849 25 3 628 23 16 23955 8 5998 1657 31817 13 282 1506 3 628 5
249 145 1381 16 32 2262 1185 7 9 648 1381 35 4 153571 4 17190 4 323 12109 911 33 5
66 36 1379 10 1370 3856 3 522 4 2995 8 7951 7 3 601 5
341 273 9088 7 3 8785 10 7201 10 46 1233 7044 4 3 7067 16 3876 6 3 3377 1185 7 46 1181 5