145 1381 6274 32 3768 9674 17592 6 4552 4942 9674 3581 15 308 5587 3695 5
17 4942 9674 565 16 9 3558 565 463 6 6589 1723 10119 8 29009 1622 6 1262 23221 49 6086 5
17 629 1236 16 9409 3 1884 148 1966 8 785 8621 1715 5
79 3982 2104 16 2627 10 3 916 7 49474 87967 5898 35 86698 33 5
81 46 1181 4 5573 26796 35 49975 33 5587 2469 12251 3581 32 86698 5
17 86698 1273 2527 308 7207 7787 133 21 53 49975 30110 8 932 10042 5
4482 18 3677 6 6786 3 1273 86698 773 6 461 4942 9674 27964 5
17 522 240 13 3 3093 1217 1589 1708 333 9674 489 8 2915 15841 72076 65 677 6 83 4309 10 6854 5
2159 29 45 1538 32 1723 489 7 14318 1547 6 2484 2089 4 3145 48 58 30962 764 10 359 5
1210 6 47588 2062 148 2391 8 359 4 3 887 6086 1547 6 2484 18023 180 1596 202 7 676 6086 35 47588 4 280 33 5
81 359 4 14 3099 4 2484 2089 6086 42 3 346 899 7 6086 21 13075 24 98586 249 5
35 9 33 31551 6027 1571 3 221 7 676 6086 8 97 3 1603 98586 249 5
35 9 33 31551 6027 1571 3 221 7 676 6086 8 97 3 1603 1547 6 3 2484 1566 154 2391 8 359 35 73 64 845 24 47588 33 5
35 8862 33 47588 6086 1809 6027 3136 359 53 14805 2697 3 629 6808 899 7 3775 6086 5
7443 4015 842 13 1551 202 7 3 6086 31 1022 24 746 4390 8 4262 236 421 363 3648 6 1000 9 48 511374 1784 1566 35 12283 32330 4 1095 33 5
81 46 5114 4 4942 9674 16 57 7 3 3047 5937 14 3 123908 22195 2622 35 235753 33 25279 4 10141 4 19959 4 323 10141 4 911 109 12283 32330 4 1095 5
235753 2742 3558 463 6 3 1646 8 10119 7 3803 8 3 3010 1715 6269 4 29092 9 2726 7 2193 133 21 53 22609 7 3 650 4 7722 4 13746 8 34 5314 13693 5
17 235753 29 45 2143 76 9 3558 565 463 6 3 1646 8 10119 7 3803 8 3 3010 1715 6269 5
1718 2106 1236 16 3 235753 4942 9674 22629 4 8 3 9573 7 1416 1443 6 1297 23 4 7623 7732 1442 4309 133 21 22190 35 85782 4 28468 4 323 45386 9516 6690 4 280 109 4 4 323 109266 4 280 33 8 32542 2642 35 24067 323 13115 4 274 109 12825 323 7914 4 280 33 5
5573 32573 35 4693 5567 4 744 109 24067 323 13115 4 274 33 4 48 4108 4 49474 87967 5898 35 86698 33 487844 12283 32330 4 274 4 29 45 2640 46 5114 35 67250 4 19959 4 323 28306 4 280 109 32061 323 100183 4 280 33 5
17 86698 27 2061 25 2532 6 1506 8 2780 105486 4860 49 50267 76 3 726 7 84 46333 3648 5
49474 87967 4478 35 86698 33 31 4939 21 9 84 46333 24204 543 15 36997 7 3 7207 5587 1443 5
5587 543 4538 27 45 3677 10 9 1773 352 7 2333 133 21 19337 9674 35 17543 323 78 4 274 33 4 27708 27964 35 323 4 280 33 4 5394 532 35 104085 4 4 4 323 93313 4 359 33 8 461 35 215147 8 16144 4 280 33 5
17 1509 317 5447 7453 4 5195 4355 4 2854 4 2900 8 5587 89982 2129 581 2005 36997 14 50 7732 35 46333 33 6824 5
17 3093 5533 16 543 15 9 40807 7 105486 6575 4 50 279227 538 5573 32573 4 8 3 55568 9674 5114 21 1595 24 98586 341 5
87967 3581 4942 9674 53 79 7039 9464 148 4942 9674 4 98586 341 5
87967 3581 4942 9674 53 79 7039 9464 148 4942 9674 4 56838 8 1375 8116 31 3 346 5937 3322 10 46 1181 5
81 46 1181 3 55568 9674 2146 1595 24 98586 341 4939 3 773 9224 6 852 3 4631 19 6854 27964 109 56838 1252 3 6575 6 1800 3 86698 4942 9674 1488 1013 238487 8 5573 32573 1333 9 1512 6 10456 3 5587 50267 76 27964 5
26148 4 23 16 533 6 2847 13 3 629 1181 4413 16 32 86698 3581 15 308 6854 7 5573 26796 35 49975 33 2052 12251 35 26693 4 274 109 111600 4 17041 4 24494 4 23485 4 323 6355 4 274 109 186015 323 319356 4 274 33 6 4552 235753 4942 9674 5
20379 4 3 3093 86698 16 9 90693 31660 5
17 5587 284 29 9 197 7 49975 2469 13 57052 50050 6 1018 32 1308 3115 8 23 16 34 543 15 9 837 49975 2052 21 1273 24 83 6854 2520 35 4 4 323 421291 4 274 33 5
5583 4 46 3093 12971 16 3677 6 9 4482 35 303863 4 502 33 3979 19 9 333 9674 489 8 2915 15841 72076 65 677 6 83 4309 10 6854 5
17 1181 16 10032 10 3 508 7268 53 2778 5573 26796 87967 15882 53 5181 5573 26796 53656 2000 13 3581 3 86698 4 2778 22535 8 64362 53 6274 52231 148 3 1273 86698 8 49975 2469 4 2778 189317 53 5181 3 4482 220 14 86698 1665 4 2778 11391 8 30978 53 15682 31660 522 8 6786 50 773 4 2778 193592 53 266 61 3 346 1212 8 86698 4091 5
145 2124 5181 5573 26796 2469 308 5587 6854 8 1056 629 2000 13 3581 3 1273 86698 5
49975 2052 5587 20071 49975 2469 31 32 3456 6825 7 7407 111 17584 8 12290 5359 2469 35 4 21304 4 323 16532 4 1278 33 5
49975 2469 31 694 10 261 14162 35 186015 323 319356 4 274 33 5
81 3 5114 7 3685 4 11771 4 10 3768 9674 4 46 2190 15565 16 4116 480 23 16 13228 6 7367 9 4942 21 831 21 23 456 4 907 10 3 267 7 54146 15172 5
17 49975 2469 10959 16 8795 24 39440 8 149858 3076 2052 28052 35 26693 4 274 109 97756 4 319356 4 4 160693 4 323 4 274 33 5
66 770 13 49975 2052 10042 16 9935 24 39440 8 149858 15398 13 31 488 6 6143 91 76 1341 2469 3076 15398 5
49975 2469 7367 893 10 3 1341 2052 3076 23450 8586 49 4206 3979 10 637 49 1811 7 15398 13 31 7947 24 3 49975 2052 3076 28052 5
6297 15 3 2000 962 4 3 49975 2052 5587 1506 13 15103 3 49975 37231 16 962 10 3 508 1959 53 2778 131288 7 28052 6635 53 16 962 24 2020 7 49975 2469 149858 8 30110 28052 137 9 160269 650 6 8149 3 49975 15882 28052 46 4644 36 3855 26397 49975 2469 4 2778 3605 650 53 3899 6 14391 3 19894 2763 7 3 26397 49975 53656 28052 32838 50 19894 2763 46 4644 36 3855 8342 49975 2469 4 2778 44076 4141 53 8342 49975 2469 50050 19 461 2469 7623 3 1760 148 2366 8 1432 5300 109 43 142 26 4527 35 7470 13097 49975 2469 33 49 34 35 7470 96170 49975 2469 33 5
208 23 16 4527 4 23 6342 16716 9963 226 137804 6 3905 23 6 83 2469 5
931 629 1959 31 454 3297 10 3 161 7268 5
49975 87967 2052 28052 28767 17 49975 15882 28052 28767 16 9 650 13 36 1657 3 49975 53656 28052 5
1210 6 6854 3 28052 31 4209 24 9 160269 7787 5
79 1506 170 10 3 6854 35 26693 4 274 33 5181 23 21 32 11141 7787 543 15 332 248 57 3695 8 16266 5806 1760 5
17 332 248 57 19379 16 3511 6 4301 49975 2469 18189 650 5
1210 6 46 3695 4 6 2769 7117 9903 35 323 21304 4 502 33 35 340 34 22098 12356 33 49975 2469 383 27 22 248 57 149858 28032 5
79 650 383 22108 3 49975 2052 19 22 248 57 149858 28032 109 2631 23 36 26 13097 12356 5
17 16266 5806 1760 12865 31 12859 24 98586 459 5
17 33050 2124 6154 9 181568 3905 5
1210 6 35 186015 323 319356 4 274 33 4 3 49975 2469 726 684 31 53 2778 62831 29 277 3439 16266 5806 1760 35 171463 5
196 98586 341 2052 79 33 137 149858 8 39440 28052 1760 4 2778 248404 49 35 171463 5
196 98586 341 2052 2636 33 49975 2052 36 34 22098 463 6 3612 7 149858 49 39440 28052 4 2778 30504 8342 35 171463 5
196 98586 341 2052 3298 33 250 2769 3 16266 5806 1760 137 9 454 932 650 5
15060 14 181568 8 149858 28767 98586 459 5
15060 14 181568 8 149858 28767 5
15882 79 29 3439 1760 10 3 456702 7 1432 8 2366 5300 35 7900 24 3 221 7 28052 4 180539 97794 33 8 16 3475 149274 3538 6 893 10 1491 2052 5
15882 2636 8009 149858 28052 109 192 2469 31 12490 5
15882 3298 29 189 181568 8 149858 28052 44 29 34 1018 16266 5806 1760 5
49975 5587 2052 932 650 1113 9 160269 7787 1464 6 61300 3 2007 6635 7 3 28052 4 3 380 12329 49975 2052 21234 16 9470 24 32 932 650 35 323 21304 4 502 33 5
17 733 7 3 932 650 16 6 14391 3 19894 2763 7 3 49975 2469 5
1700 5215 1896 31 6 1377 9 21234 7 49975 2052 16 189 7117 19637 8 4116 5
17 7117 19637 955 19102 49975 2052 7128 30110 4 4108 6 22098 10 9 1966 983 4 8216 2469 7 3 209 27723 5
187 31 132064 13 3 932 7787 77180 3 49975 2469 5240 2763 44 46 650 8 50 10042 16 149 6698 3055 35 12283 32330 4 1278 33 5
49975 5587 2052 4355 4141 49975 2469 7410 31 8795 24 9 7039 1760 148 2366 8 1432 5300 10012 54 5871 7 2052 3076 149858 8 39440 28052 35 12283 32330 4 1278 33 5
79 7039 1760 16 12859 24 98586 503 5
49975 2052 4355 4141 98586 503 5
49975 2052 4355 4141 5
8455 6139 240 3 49975 2052 11018 5
234273 1341 2469 477 124 8114 149858 174472 35 8862 33 8 55 8114 39440 28052 8393 35 8258 33 5
158 59 19572 26705 90300 13 9124 136981 2052 4355 8 13973 10 3153 7 10959 35 5547 33 5
530668 90300 35 2013 8 9343 2059 33 8246 3 30445 13973 10042 5
4979 6139 842 11455 148 3 67 2469 5
17 684 7 9 8342 49975 2052 31 53 2778 165413 24 99721 7 149858 56564 53 49975 15882 28052 48265 19 1341 2469 28052 8 23 18 4527 24 3612 7 1341 2052 149858 28052 4 2778 165413 24 234273 56564 53 49975 15882 28052 48265 19 1341 2052 181568 28052 8 3 49975 2052 18 4527 24 3 1892 7 181568 28052 4 2778 1329 165413 12261 53 49975 2052 28052 48265 19 1341 2052 149858 28052 8 3 49975 2052 36 34 26 4527 5
66 16 533 6 2847 3 604 7 26705 90300 9 16716 4440 5247 531 24 26705 2469 16 9 7787 13 250 8246 9 125444 7039 1760 5
81 614 4 49975 2469 31 488 6 723 523 3351 7 137804 4808 15 3 16716 11455 19 83 2469 5
17 7039 1760 7 9 1654 49975 2052 250 26 9887 24 26705 90300 531 24 83 2469 21 12859 24 98586 503 35 5547 33 25004 3 5669 49 2143 23 48 841 5
17 8941 341 962 49975 2469 5587 12251 8 50 10042 13 3581 32 49474 87967 5898 35 86698 33 14 4942 9674 5
17 86698 1273 10 46 1181 18 3581 15 3 49975 2469 962 15 6500 2453 5
17 1543 7 6575 42 53 35 9 33 131288 7 3 49975 53656 28052 53 66 16 4209 538 3 332 248 57 19379 8 3 16266 5806 1760 4 35 8862 33 3605 650 53 49975 5587 1070 16 7737 24 9 7039 1760 7 67 3905 28052 39440 8 149858 5
49975 28052 31 5210 24 32 932 7787 6 14391 50 773 4 35 8258 33 44076 4141 53 17 4209 49975 2469 36 4112 3 83 2469 10 83 6 10158 92 43 31 13097 543 15 40 149858 8 39440 28052 5
17 49975 2469 5587 5114 16 11737 21 32 20621 6 8850 9 4942 9674 86698 5
81 46 5662 4 3 1966 8 57868 558 5897 36 10779 21 149858 8 39440 3905 7 3 4942 9674 17592 5
12502 4 3 1966 5897 31 3055 21 149858 28052 8 3 57868 1603 21 39440 28052 5
79 160269 7787 36 17815 49975 2469 1193 28052 543 15 3 558 5897 35 1966 8 15924 33 5
6876 4 32 932 650 36 26 1622 6 25450 3 49975 2052 1193 5
98586 500 61685 629 52231 7 3 49975 2469 5587 284 12251 50267 5
75250 7 3 49975 2052 5587 1506 8 3 86698 629 1959 98586 500 5
75250 7 3 49975 2052 5587 1506 8 3 86698 629 1959 5
17 108799 2124 36 3856 143 290 7 192 1959 42 16699 1589 7470 3 86698 1273 5
131288 7 3 49975 2469 28032 145 4141 8323 9 16621 14 143 181568 8 149858 16764 7 3 49975 2052 28052 31 5775 154 3 28032 3310 4141 7 49975 2052 726 7470 26397 49975 2469 5
98586 708 5181 3 629 1959 7 3 49474 49975 297377 131288 31660 47 16 5587 3581 10 3 28767 7 3 49975 53656 28052 5
49474 49975 297377 131288 31660 356469 3 160269 98586 708 5
49474 49975 297377 131288 31660 356469 3 160269 28767 7 3 49975 2469 28052 5
66 16 533 6 3125 3 7207 20621 19 3 31660 538 3 332 248 57 19379 8 3 16266 5806 1506 14 29872 3 49975 53656 28052 6635 35 12283 32330 4 1278 33 5
17 7732 332 248 57 31660 3380 24 2146 35 249 33 22 98586 708 567 9 49975 15882 28032 21234 19 22 248 57 149858 28032 10 678 6 1000 18197 49975 2469 35 476130 49 537 476130 33 5
17 7732 16266 5806 31660 3380 24 2146 35 341 33 22 98586 708 15103 3 49975 2052 30110 642 5
66 16 40372 543 15 3 221 7 28052 21 9 74 16153 7 16266 5806 1760 5
81 46 267 3 2125 7 3 28032 12678 148 58508 7168 56012 8 58508 6517 56012 538 9 6951 1414 4 3747 9 6955 197 7 149858 8 39440 28052 5
20379 4 23 6409 3 24612 148 3 28052 7 149858 8 39440 6 7673 49975 2052 1070 5
17 16266 5806 1506 16 3380 24 9 517 14392 13 9346 3 596 3457 266 148 9 2190 149858 28032 8 70 39440 28052 5
931 2469 250 236 9 454 4819 650 6 1760 3 11414 7 290 149858 8 22098 13973 8 3475 31 1109 26397 49975 2469 1193 5
81 678 6 14076 3 160269 7787 7 49975 2052 7566 9 67 1427 565 4 9 67 61638 904 4 16 13075 22 98586 700 5
59268 7 28052 4209 137 49474 49975 297377 131288 98586 700 5
59268 7 28052 4209 137 49474 49975 297377 131288 31660 5
17 39440 28052 2824 19 1635 7253 6 57868 912 8 3 149858 28052 35 98236 33 6 1966 912 5
17 8393 180 3 28052 4459 3 160269 28052 3467 24 49474 49975 297377 131288 31660 35 39440 8 149858 28052 33 5
17 1583 2824 19 1910 4459 3 4568 5806 1583 4209 5
66 144 26 4172 13 3 221 7 49975 2469 39440 8 149858 28052 36 26 3628 8 3 49975 2469 4209 36 27 22 248 57 149858 28032 8 1583 6 7673 3 16266 5806 1760 7 23 5
17 31660 1141 21 9796 53 2778 55568 11686 18365 1356 273290 1362 53 931 31 3 9424 650 23394 2770 1768 65 3 4942 8887 5
931 5937 36 3855 3 49975 2469 39440 28052 5
2778 25976 11686 9424
931 5937 36 3855 3 49975 2469 149858 28052 5
17 629 31660 19393 31 53 2778 15441 53 66 16 9 4599 521 221 4939 24 3 4650 5
66 15103 3 221 7 248404 49474 49975 2469 13 3 1193 36 27 5
2778 24880 53 66 16 9 4599 521 221 4939 24 3 4650 5
66 2464 3 221 7 28052 35 149858 8 39440 33 13 3 49975 2469 36 36053 5
2778 2106 53 66 16 9 4599 521 221 4939 24 3 4650 5
66 2464 3 4385 7 3 28032 4209 5
3605 7787 17 932 7787 733 16 6 14391 3 49975 1193 19894 2763 133 21 49975 2052 7117 9903 8 220 24 160269 12251 5
17 932 7787 12244 8342 49975 53656 137 3 26397 1193 5
17 49474 3605 48527 31660 1273 6409 3 7117 9903 14555 8 773 21 28389 14555 5
17 31660 16 2209 22 98586 704 486 50 629 19393 5
49474 3605 48527 31660 126579 3 4819 650 6 98586 704 5
49474 3605 48527 31660 126579 3 4819 650 6 14391 773 7 3 49975 2052 1193 5
17 629 7 3 49474 3605 48527 31660 16 3380 24 2146 35 249 33 10 98586 704 4 114 3 19894 2763 35 7117 9903 4 773 8 55806 33 31 8871 5
26148 4 9 8515 8342 16 5291 6 10158 92 3 3033 773 16 1049 2631 3 2052 36 26 14386 5
20379 4 3 49474 3605 48527 31660 6409 3 49975 2052 7117 9903 4 2677 10 46 5114 13 2469 36 34 26 4527 12356 4 7470 2915 15841 5
12502 4 9 7787 7 7138 9 49975 2052 19841 209 149858 28052 21 39440 28052 16 6227 5
81 46 267 4 3 31660 36 16376 3 7732 16266 5806 1506 35 517 42584 33 13 17242 10 7128 983 5
208 70 4568 5806 2520 31 34 7117 19637 4 3 2052 16 18864 5
5583 4 3 773 16 8871 21 110 3 49975 2052 28389 5
49975 2052 4007 17242 14 1966 8 4942 983 4 2016 209 2052 28052 8 9 25017 197 7 424 28052 4 31 3677 5
17 49975 2052 36 26 304 6 3 8342 1193 92 23 11657 3 1308 1193 773 4 2143 76 9 8342 49975 2052 35 196 98586 782 14 1056 33 5
145 37863 3899 6 1000 9 1193 13 340 34 27 12689 2505 4 8 535 1723 50 2168 6 1297 773 19 9 5973 221 7 49975 2469 35 96734 33 5
35 9 33 428124 946 7 9 8342 49975 2052 4209 98586 782 5
35 9 33 428124 946 7 9 8342 49975 2052 4209 5
17 39440 28052 1635 9965 6 537 57868 983 8 3 149858 28052 2824 19 98236 5
17 8393 10 3 1583 35 4568 5806 2520 33 2573 3 16266 5806 7117 19637 2824 19 8393 5
35 8862 33 79 49975 2052 16 97 304 6 3 8342 1193 92 23 2238 1308 1193 773 5
81 46 946 4 3 1193 29 179 8342 49975 2469 5
17 629 31660 19393 31 53 2778 34411 53 50 4599 521 221 4939 24 3 4650 5
66 15103 3 3235 221 7 248404 49474 49975 2469 13 3 8342 1193 36 27 5
2778 111405 53 50 4599 521 221 4939 24 3 4650 5
66 2464 3033 49975 2052 773 6 1611 3 8342 49975 2052 1193 5
2778 450506 53 50 4599 521 221 4939 24 3 4650 5
66 2464 3 221 7 2532 6 49975 2469 5
66 16 9 737 38020 7 3 932 7787 5
44076 4141 17 8342 49975 2469 1193 36 12248 19 4000 2052 28052 13 23 18075 6 30174 10 1460 49 1778 983 538 3 11455 10042 962 24 98586 459 5
17 2469 36 12248 19 3 181568 8 149858 3905 25 3 1341 2052 7470 53 2778 530668 137804 543 15 3 3457 7 3 1341 2052 28052 8 50 16266 5806 11018 53 1432 35 996 16266 5806 1760 33 8 2366 35 1298 23 33 5300 5
2778 26903 35 4527 49 34 4527 33 4527 65 1432 26705 90300 31 1370 58 2366 26705 90300 4 2631 197 21 34 4527 5
17 4942 9674 86698 6409 4942 983 538 3 1045 505 7 3 8342 49975 2469 1799 6154 4527 4 2631 3 4942 9674 86698 6154 1966 1215 21 1595 24 98586 183 5
35 9 33 17 1273 86698 16 9 90693 31660 13 2228 11455 98586 183 5
35 9 33 17 1273 86698 16 9 90693 31660 13 2228 11455 148 3 49975 2469 3354 5
81 46 1381 3 4482 16 220 6 27241 3 1273 17592 8 6 6786 50 773 6 83 4942 9674 4309 5
17 4482 9286 7 32 186269 6573 3 509 9796 3154 10 9 19650 5
17 19650 2209 16 176 7 9 650 7 44437 11824 7 218 4290 7 9 4584 3243 10 3461 5
17 4482 18 1589 24 9 601 182 10 573 226 53 2971 8 26010 64362 14 77231 7 186269 10 7443 4866 4478 5
17 650 186269 16 9935 7 108 3893 53 9 532 17105 9485 4 3 58599 173545 5761 2567 8 3 7104 17 17105 9485 3466 3 3154 7 509 13 3191 137 9 8529 7146 3 19650 5
17 58599 173545 5761 2567 197 3 254 7 17105 9485 9374 2106 10 678 6 1333 15 3 489 7 3154 7 509 5
17 16 3 2354 220 6 4007 9 7 3 19671 7 3 2869 4 1022 24 2634 49 6404 1543 4 133 21 53 14919 4 10887 10 775 7543 6 3 173545 5761 8 95 15 5
98586 407 14103 3 81495 45546 7 3 186269 5
1784 650 81495 45546 98586 407 5
1784 650 81495 45546 5
25976 1315 650 17241 17 650 962 18 18213 538 9796 8 3354 23394 4939 24 65588 249 8 341 5
20498 249 5
84181 23394 3677 6 3 1506 5
84181 17245 8576 62856 170713 1356 6494 249 1362 202 37442 3905 25 10768 75312 7092 17 871 7 3 9796 775 82162 7092 17 871 7 3 3354 775 3298 73272 4879 20498 341 5
37442 23394 3677 6 3 1506 5
37442 17245 8576 62856 7168 40544 3154 6219 1356 6494 577 1362 202 146335 871 7 20068 22117 81 678 6 581 9 7039 284 1506 6 24457 1966 912 4 9 32542 992 18 3677 5
17 32542 992 2981 18 4209 24 9 8515 25017 3768 8 23 16 13075 24 98586 403 5
4018 850 156936 3677 6 1506 3 1966 1457 14130 98586 403 5
4018 850 156936 3677 6 1506 3 1966 1457 14130 5
273 928 4141 3352 266 10 1966 1315 42 220 53 575 202 14 928 8 73 575 202 14 960 5
17 12540 89 3677 18 249 139815 17 5907 89 18 2142 10 678 6 1262 5
17 737 928 38020 18 3 6127 2842 3768 1298 6909 202 5
17 32542 992 19393 4209 24 928 31 3297 10 74184 79 5
66 16 533 6 2847 13 3 4209 1506 18 3439 24 32542 992 928 538 1966 628 5
66 770 13 3 1506 16 488 6 4301 3 1457 3074 276 15172 5
12502 4 3 230 3074 7 3 26097 35 1884 148 650 55906 8 1506 55906 33 16 6 26 401 6 4568 10 3612 7 15172 5
1949 4 2477 20973 1217 18 3677 6 3 26097 5
7732 15172 17 20260 3648 805 307 7732 15172 20260 4 6 27241 3 86698 1273 5
20498 459 6274 3 15172 558 6 26 3677 10 46 5114 5
20498 459 5
49474 4942 558 22 3 5
55568 62856 4866 17105 15172 49050 73925 32957 395170 73925 9374 49 17105 1847 123446 212034 73925 9374 49 17105 1847 12854 150413 25733 110052 17105 49 38313 88492 14919 147710 33360 32327 35 32642 4 4490 4 16204 33 179280 10129 32327 35 17105 30251 33 441176 40544 44437 49 1568 3154 310793 173545 5761 15172 513737 67596 173545 5761 2106 75996 20068 173545 5761 2106 1034 49 16204 30251 173545 5761 2106 65202 118802 173545 5761 2106 1916 4942 15172 49053 58599 158580 4942 9840 22117 15721 4942 19986 15721 4942 9464 4942 903 15172 1605 775 1253 66103 775 337 356 3 17105 35041 49 3086 1085 10903 25192 31022 489 15721 4942 81 678 6 6786 3 1273 86698 773 6 461 170 10 3 6854 4 3 508 15172 42 1109 53 242490 4 441176 4 5
17 5973 15172 197 31 220 480 83 4888 97 1252 40 665 14 46 197 5
273 290 4942 9 27503 266 5536 16 558 6 1649 8 5548 3 86698 1308 773 5
17 3354 51622 35 3 1884 148 3 32542 992 1506 8 3 521 5559 55906 33 25 6219 8 7168 10 1966 8 15924 5771 42 3677 6 3855 3 149858 8 39440 28052 5
17 26097 10 1966 8 15924 983 18 2142 6 3001 49975 2052 28052 480 15172 25583 21 5464 8 36 4552 454 4942 9674 5
12502 4 3 3467 1506 29 9 629 604 15 3 1273 31660 5
81 678 6 6786 3 1273 86698 773 6 83 4309 10 3 27372 3677 6 3 4 9 2858 25017 5018 18 3677 5
17 508 15172 42 8871 53 242490 4 441176 4 4 5
79 1649 8 960 197 18 4209 14 290 4942 5
17 5536 220 9 89401 11856 13091 2858 25017 114 11856 249 31080 42 928 31080 8 57 14 960 5
79 89401 73322 2858 25017 35 4 502 33 18 3677 6 2882 3 596 3768 21 13075 24 98586 175217 11856 13091 2858 25017 538 98586 175217 11856 13091 2858 25017 538 11856 3082 183 5
17 1966 8 4942 628 42 30985 5146 10 678 6 3855 6955 31080 5
3194 7 3 183 31080 29 9 676 7 11226 266 35 1317 7880 6 1966 100402 8 1317 6 4942 100402 33 5
1249 97 57 73322 2858 25017 336 142 34 26 385 6 4498 9 5314 3768 2882 4 3 1308 773 7 3 86698 18 43420 21 3 596 25017 3768 14 577 1002 7 3 89401 73322 2858 25017 5
622 533 421 13 738 6 26 2994 16 52 3 31660 19393 6300 5
9508 7 61648 35 39452 33 16 666 14 5867 19 12714 1443 4 8 19 883 112968 49 6951 20260 2520 35 4 274 33 5
39452 18 3677 6 10158 3 1273 86698 96734 9512 2376 8 7673 96 197 7 19393 1657 282 773 5
17 9345 1746 1109 70 86698 31660 19393 13 42 962 10 3 108799 2124 5
20498 503 4995 3 31660 19393 8 40 2442 2770 35 49 926 33 3677 15 3 8365 15063 3 282 1603 14 3 4482 5
20498 503 5
12418 7 19393 8 12510 926 1109 14 3 8365 5
69510 238487 8 96734 610 38102 115998 1635 79 49474 49975 297377 131288 53 183 306 2636 49474 49975 297377 131288 53 459 500 3298 49474 3605 48527 53 716 1054 2482 49474 3605 48527 53 459 500 5132 49474 3605 48527 53 459 500 17 29182 596 522 14 290 197 7 19393 31 1595 10 74184 2636 5
81 678 6 1445 3 1102 7 290 96734 10 3 9674 489 3 689 1102 3331 18 4209 14 3 29182 8 16 1595 24 98586 685 5
8135 1102 3331 14 3 8365 4939 10 46 1181 98586 685 5
8135 1102 3331 14 3 8365 4939 10 46 1181 5
22012 3 31660 21931 2376 4 3 96734 29 1595 6 26 3 104 3538 57 35 1884 7 12099 202 33 14 3 926 28581 979 24 3 3145 8642 202 1884 21 1595 24 98586 685 5
1949 6 10158 143 290 96734 6654 3 461 3 11455 3331 18 4209 8 23 16 1595 24 98586 409 82124 3331 14 3 8365 4939 10 46 1181 98586 409 5
82124 3331 14 3 8365 4939 10 46 1181 5
17 86698 1273 773 538 282 19393 926 35 2573 10 6636 22 20498 503 33 31 1595 24 20498 500 486 19 50 2029 64441 5
20498 500 59 6274 3 522 170 10 6854 538 3 508 773 9224 53 2778 126094 9897 9674 489 21 3 202 7 4007 52950 4 2778 121828 9897 2915 5590 21 3 202 7 2915 1432 52950 5
20498 500 5
13385 9224 14 4942 9674 5
69510 86698 1273 126094 35 202 33 121828 35 202 33 126094 35 202 33 121828 35 202 33 126094 35 202 33 121828 35 202 33 242490 114379 196049 5696 6494 196049 6494 351449 6494 154431 28107 441176 95521 196049 4611 6494 196049 6494 6494 154431 28107 110420 196049 8370 6494 196049 6494 6494 231021 28107 136383 196049 12679 6494 196049 6494 356100 6494 230220 6494 83571 15172 242490 4 441176 8 3 1273 31660 3439 568 9674 489 58 3 35 323 4 502 33 31660 5
81 614 5158 4 3 1273 86698 9674 489 16 177 272 65 677 6 31660 19 17281 3 216 2915 15841 489 4 2936 3 4942 5
13751 3 8871 665 14 4942 4 23 18 14580 13 3 27964 27 17281 3 216 9674 489 35 1493 653 7 5180 202 33 19 3 1273 86698 8409 2537 48 2915 5590 489 35 460 3145 249 202 7 2915 5590 33 58 31660 5
145 1884 16 463 6 3 26097 2376 340 34 1798 581 8960 148 1966 8 15924 983 4 7470 14 3 86698 1273 32 853 2915 5590 489 5
145 644 22188 3 50519 7 3 17241 3803 6 3 86698 1273 31660 773 5
145 1381 29 1273 8 24637 9 3093 49474 87967 5898 35 86698 33 543 1217 14 4942 9674 3581 15 3 308 49975 2052 5587 3695 5
17 1217 25017 220 9 89401 73322 2858 25017 8 4942 9674 5536 5
17 39452 18 3677 6 1970 21931 2376 8 7673 3 282 96734 773 5
41221 3 1273 86698 773 6 3 31660 21 1595 10 20498 503 4 23 16 530 13 3 1273 86698 16 488 6 581 9 333 9674 489 19 3 216 49 10 90 745 798 2915 5590 489 14 307 5536 15172 5
17 522 240 13 3 1273 86698 76578 3 235753 4942 9674 1092 1691 9 333 72076 297 9674 489 8 2915 5590 489 137 3 84 1217 1273 5
74184 3129 133951 992 19393 74184 2636 5
19419 8365 522 69510 79 2636 3298 2482 5132 126094 35 202 33 121828 35 202 33 249 1635 1635 1635 1635 115998 547521 196049 50281 6494 196049 6494 341 1635 115998 1635 1635 1635 353344 196049 64619 25343 196049 25343 459 115998 115998 115998 1635 115998 342770 196049 101068 42098 196049 48445 503 115998 115998 1635 115998 1635 8770 196049 55905 6494 196049 6494 500 1635 1635 1635 115998 1635 127874 196049 38292 6494 196049 6494 708 1635 115998 1635 115998 115998 452348 196049 76434 35789 196049 37177 700 1635 1635 115998 115998 126977 196049 37264 6494 196049 6494 704 115998 115998 115998 1635 1635 196049 74393 6494 196049 6494 782 115998 1635 1635 1635 1635 541265 196049 46597 6494 196049 6494 183 115998 115998 1635 1635 115998 294870 196049 42811 6494 196049 6494 407 1635 1635 115998 1635 115998 408198 196049 34437 6494 196049 6494 403 115998 115998 1635 1635 1635 278796 196049 85201 7853 196049 38857 698 115998 1635 115998 115998 115998 504708 196049 55966 6494 196049 6494 685 115998 1635 115998 1635 1635 196049 64848 6494 196049 6494 409 1635 1635 115998 115998 1635 405407 196049 37264 6494 196049 6494 697 115998 1635 115998 115998 196049 59490 6494 196049 6494 800 1635 115998 1635 115998 1635 409646 196049 68785 6494 196049 6494 630 1635 1635 1635 1635 1635 424365 196049 37264 6494 196049 6494 947 1635 1635 115998 1635 1635 114379 196049 36805 6494 196049 6494 302 1635 115998 115998 1635 115998 279194 196049 68726 28544 196049 31852 1004 115998 1635 1635 115998 1635 196049 42928 6494 196049 6494 985 115998 1635 115998 115998 1635 196049 36228 6494 196049 6494 1135 1635 115998 115998 115998 115998 366301 196049 78596 35789 196049 37177 889 1635 115998 115998 115998 1635 196049 70355 35789 196049 29487 605 1635 115998 115998 115998 405436 196049 35953 6494 196049 6494 1239 115998 1635 1635 115998 115998 534825 196049 56793 6494 196049 6494 1173 115998 115998 115998 115998 1635 196049 63759 6494 196049 6494 1227 1635 115998 1635 115998 385156 196049 91977 35789 196049 37177 1403 115998 1635 1635 1635 115998 333257 196049 37605 6494 196049 6494 306 115998 115998 1635 115998 115998 196049 79718 28544 196049 27063 1078 1635 115998 115998 1635 1635 471727 196049 86450 6494 196049 6494 2131 115998 115998 115998 115998 115998 391928 196049 76650 35789 196049 37177