187 16 9 23656 7 2062 28991 6 3 1951 7 15 2443 7908 8 2443 7359 297 799 470 8 556 394 3365 5
7187 2062 27 5559 394 1277 538 3 3014 500 1506 19 109 658 46 542 1388 9 84 5138 24 538 3 19 32 32542 2642 31392 49310 1217 5
145 16 523 25 3 767 2062 21 23 14792 6 2673 7 2516 1443 8 7112 27964 10 3 5114 7 799 470 8 556 394 2251 5
17 2334 1556 964 12467 7 17020 15 2443 7908 1537 2443 7359 19 102630 202 8 70931 202 48517 2921 5
17 5940 25 46 601 142 185 14066 8 2582 7 3 818 1030 8 4422 386 547 6 132 333 1866 10 40 6570 1330 967 4 22 3 216 89 3096 2443 7908 8 7359 5
81 3 84 2877 7 3 89050 131 8 1828 1757 671 19 3 11030 7 799 470 3365 4 818 4635 29 45 9 843 7 11240 623 58 9 3044 1534 5
13166 6 3 3542 1223 297 391 25290 4 1678 1971 5310 8 6599 27 45 4723 6 474 3150 8 4952 1617 3583 5
7448 4 391 2251 224 29 2548 9 38601 6347 154 3 73 265 85 5
1210 6 3 2407 7 1634 1585 4 3 391 2251 386 29 2142 55 50 2202 369 10 590 125 3 1877 14 2076 16 3863 377 19 5606 7 6501 35 1634 1585 4 590 6631 4745 33 5
17 647 1634 5734 1063 35 33357 4 7560 33 29 36680 3 386 2106 1050 1234 653 25 174 10 6833 6 174 14 7560 5
33357 454 2082 9 12604 202 10 3150 561 35 378140 33 14 6833 8 13387 202 14 7560 25 554336 2775 1807 6 2775 10 7560 5
81 970 7 3 395 1182 3150 5687 35 378140 33 4 33357 29 1221 9 12775 202 561 125 14 3 395 10434 12531 5687 35 285581 33 4 9 14828 202 561 10 6833 5
81 3 6071 3365 386 5114 4 14 3 64 590 4 23 2548 9 23166 202 561 7 3150 1617 979 24 9 561 489 7 22130 202 14 2076 8 97 500 202 14 2560 35 135140 37161 1192 4 6833 33 5
66 6140 6 9 42169 410 272 7 32720 202 10 6833 35 135140 37161 1192 4 7560 33 5
17 2251 386 10 6071 16 3604 24 556 394 6071 3408 35 70233 33 21 3 389 2251 19 577 7829 1857 8 1634 1585 21 3 74 799 470 4211 2041 2628 7829 10 1004 1467 2151 50 1634 1585 6219 4 3741 1634 1585 8 5377 1634 1585 8191 35 15011 323 17772 4 2076 33 5
1634 1585 29 597 3 3487 242354 19833 3936 22 2355 50432 2106 2560 887 7363 3836 2275 10 2397 2507 35 17 3506 4 2560 33 4 3 74 17184 9955 7700 4322 6833 10 127641 35 17 3506 4 33 21 166 21 3 414 2106 3487 12615 16347 3408 2183 14 280 8 590 25 128980 8 18 1771 21 3 260 108 3487 7248 3365 10 3 799 470 4211 3936 24 128980 414 19833 4322 10 502 5
26502 4 23 29 59 227 3 2183 14 414 2106 8 1585 2106 3487 242354 3408 10 3 1662 6833 414 3408 4322 35 17 3506 4 33 8 3 414 7363 3836 1585 8 57889 10 2664 35 17 3506 4 33 15121 70233 18 59 1013 21 1585 2106 11325 19833 5
17 1223 148 3 67 3365 29 45 3994 907 19 1634 1585 4711 6723 50 49776 804 5328 2806 23246 5
81 644 4 3 2251 1031 29 45 69334 6 26 32 21771 394 386 24 364721 4 67250 4 56289 4 8 54319 35 274 33 5
79 206 394 1277 35 271279 33 36 321 6 474 10 1763 35 187801 323 25376 4 4540 33 125 5714 32 1698 2106 2651 1653 35 1082 4 8286 4 323 12825 4 911 33 5
12502 4 3 969 7 271279 15 2251 834 7908 8 7359 16 973 4907 21 3 2334 51 26 9992 6 34 97 3 67 3365 44 59 83 3365 1857 10 1723 40 3150 1617 21 166 21 3096 3 8474 5
7675 7 3 767 2062 35 20498 249 33 27 1967 15 9365 3365 271279 538 3 2106 3014 500 1506 5
3176 46 601 16 297 3 74 6 28207 3 1821 969 7 3 17020 1537 556 394 8 799 470 3365 35 95057 33 2443 7908 35 29195 33 8 2443 7359 35 56856 33 538 9 59627 135778 84630 35 110709 33 32542 992 31392 49310 1217 5
151262 21615 31 4116 14 7470 84 3695 4 1572 84 1170 4 9901 4135 9648 4 3096 1806 9648 4 11367 3 16301 7 9648 4 8 11367 3 40708 7 34130 24024 35 382003 323 4 2076 4 157451 70975 33 5
5583 4 87 31 3262 120 196509 2062 13 5518 289 3272 4447 10 3 1252 148 556 394 8 799 470 2251 5
20498 249 5
6371 15 394 1277 4 2443 7908 4 7359 14408 4701 7 2251 386 5
44461 35 2106 33 5251 40373 1646 8576 7 2376 58676 1506 7 394 1277 41403 7 2376 55315 4494 12283 3462 5
35 359 33 6071 47826 22422 22 3 18923 19358 647 3438 35 328801 33 10091 2376 4 48426 2842 960 8 56018 2376 17020 1951 29195 4 4701 6 21072 14525 8 7662 6 5830 6 461 395427 12283 3462 5
35 590 33 6071 577 22422 7 799 470 4790 6264 35 33 22 328801 10091 2376 8 211739 2489 56018 2376 43675 8 11662 18 3 104 533 15209 7 394 1277 979 24 11040 4 47193 4 19093 8 6372 29561 5
2196 8301 8 11662 2537 4764 834 7908 15 394 1277 4 4 8 287189 35 274 33 2308 22651 22422 22 3 87480 647 3438 112027 9575 1665 8 14843 2376 102701 4447 14 3 17020 7 514 8 12894 4 6780 4 28974 4 8853 4 70306 4 23009 1715 8 2849 79701 8 56289 35 280 33 3431 34649 22422 22 119262 647 3438 8 318 6055 647 3438 14077 5907 9575 1665 8 27728 56018 17 3014 500 9059 1277 17020 27 964 969 15 29195 8 394 871 364721 12283 3462 5
35 274 33 118 2748 61522 647 818 17676 21847 56018 2376 4 4 9575 1665 26853 4 5067 4 8853 4 66942 4 146218 4 5192 4 313 8 927 31 10655 2442 6 269289 5
269289 16 1768 24 5222 5805 4 731 4 7512 4 15230 1799 8 959 5
269289 8 484 1951 29195 5
29195 29 9 632 1951 15 426 47441 12112 12283 3462 5
35 1422 33 101 8 930 11327 35 101 33 12016 7 32 1486 15436 447 538 818 3977 382860 2376 178 53 11040 4 5595 8 23009 5067 1951 29195 5
157175 6 21072 81894 16 1768 24 11040 8 15749 14537 35 930 33 930 53 11040 4 552 2193 8 10382 2498 29195 5
157175 6 21072 81894 16 1768 24 1308 552 8 11040 18150 35 280 33 3431 55651 22422 22 119262 647 3438 110709 1476 1277 29 1821 1896 15 1807 14408 4701 17354 8 14879 35 744 33 3431 8 239 35750 35 3431 33 30375 148 3431 8 43368 239 110709 4 29195 16 7900 24 227588 4 11040 4 47193 8 10382 44 34 15749 5
20518 2106 8684 16 1768 24 227588 8 11040 20981 35 239 33 457554 12283 3462 5
35 274 33 10092 66951 362 10092 389 2251 3150 110709 17020 10655 1951 29195 8 16734 4701 5
29195 10655 12467 39373 1082 4 8286 4 8 12825 35 744 33 1062 26393 1684 395 3150 110709 135814 394 8 8853 8 26606 27 1432 1102 15 2251 1973 8 14408 4701 1082 4 8286 4 8 12825 35 502 33 1062 26393 1684 395 3150 110709 141925 484 4 6085 871 4 3150 7908 8 2251 1973 27 1821 1102 15 1807 426 14408 7113 35 359 33 29349 6327 22422 13016 1386 25 6121 5187 6 29349 112027 9575 1665 4 2916 2376 8 211739 56018 2376 83740 7 394 31 7900 24 394 3961 8 2498 4 394 63251 4 11040 8 227588 5
29195 8 6237 6 5830 31 6325 15 394 3961 8 2498 25187 8 35 280 33 3574 111932 22422 7 799 470 4790 110709 227588 4 922 607 4 1386 10494 8 16199 1951 29195 5
29195 6654 47441 8 39373 5
234927 6654 47441 5
15011 8 17772 35 2076 33 6071 48721 22422 22 328801 8 168934 10091 12811 538 5131 6825 2376 19 10235 1634 1585 18 6085 333 10 484 4 5926 8 39373 15209 125 6071 3408 18 6085 333 10 227588 4 2669 394 4 2611 8 2944 11346 53 269289 3082 6085 394 1277 109 29195 3082 2443 7908 109 56856 3082 2443 7359 109 47441 3082 14408 4701 35 4701 6 21072 81894 33 109 110709 3082 59627 135778 84630 5
16816 4 108 601 952 42 27394 53 53 472 31 3 17020 7 394 1277 773 7 3 2251 386 88
53 1554 87 120 964 1884 148 556 394 8 799 470 3365 10 970 7 13014 18550 7 3 17020 8 3 38506 3898 10 3 8466 1506 88
53 472 16 3 969 7 192 394 17020 1537 2443 7908 7 3 2251 386 88
145 542 3899 6 5518 3 10076 7 3 17020 15 2443 7908 1537 7359 10 3365 386 543 15 3 92987 601 952 5
16816 4 25 3 311558 7 3 2251 386 4 87 16 93 1837 13 9 542 15 3 10076 7 3 17020 1918 2443 7908 8 7359 16 3244 177 146 4279 8 13750 5
17 8254 7 3 1381 16 6103 21 133 53 55242 7 3 1165 7 6854 5
2971 7 3 53259 5
172459 15 601 17592 5
64561 7 628 2376 8 522 5
35135 7 5940 4 4774 4 9705 8 426 2062 5
76360 14 24648 17 1506 16 25810 10 9365 50 10076 15 2443 7908 8 50 11742 1896 15 3 2443 7359 25 3 5114 7 799 470 8 556 394 2251 1807 5
9286 7 500 17020 13563 227588 4 11040 4 47193 4 10382 8 15749 21 1595 10 98586 249 5
1192 1506 98586 249 5
1192 1506 5
1476 1277 35 271279 33 1476 1277 35 271279 33 4088 834 7908 125 29128 4284 8 4711 4701 6 462 35 457554 323 11997 4 744 33 5
81 462 4 834 7908 321 6 828 10 8474 4 462 7 683 8 200 432 35 4 2804 109 5096 4 83273 4 323 24256 4 3401 33 5
720 2829 4 271279 29 45 57 7 3 2165 7429 7 1077 10 3 394 6854 35 153141 4 14879 4 20024 4 323 40900 4 2076 33 5
271279 16 2239 4939 21 65 3 2314 394 16 488 6 772 834 1879 4 3212 8 7908 5
66 16 59 4939 21 834 614 5535 7 3 19079 19629 49 53857 7 9 394 49 1698 35 253210 323 229824 4 3578 33 5
451264 4 4 8 11406 35 6760 33 4939 271279 21 3 23066 148 1163 12988 7 416 1252 24 9 1654 136 8 40 1879 52 291 1365 133 416 5
451264 4 4 8 11406 35 4973 33 1273 9 985 6500 8531 34801 218 629 3893 10 9 1506 5
931 17020 539 35 451264 12283 32330 4 4973 4 157451 1135 33 53 9 5
227588 3 2215 1566 23417 24 6034 35 79022 5
4924 1746 33 8 5269 35 79022 5
3 436 7 1032 33 5
8862 5
65253 3 394 3417 2106 7453 6 582 7608 8 26736 416 5
128951 282224 9 711 2106 13046 6 185 50 834 24 1691 8870 8 4213 394 773 5
59879 26853 48647 2000 13 371 1493 6 834 35 79022 5
3 711 2106 1654 394 2505 4 37821 8 26736 3074 7 1032 33 5
141233 96886 3 394 711 2106 6237 6 582 290 2443 19 1570 394 5
17 3014 1506 22541 13 3 834 8557 7 3 614 271279 16 69334 24 3 653 8 2586 7 3 3014 148 96 16 230 8 96 16 6085 7 3 2755 773 5
364 7 3 74 265 6169 845 15 2251 271279 42 10 4973 35 4 4973 33 109 125 3 1821 2673 7 3 271279 3014 1506 2061 10 3952 35 139125 323 13178 4 3952 109 323 4 3952 33 5
1249 153 4 117 1296 35 20498 249 33 27 12239 15 538 46 2430 10 2251 386 5
6459 13 4 1506 16 59 1940 3677 10 1678 83 4814 133 21 38308 35 4367 4 3401 33 4 1957 1705 35 1604 323 1604 4 2773 33 4 229 416 35 10192 4 1278 33 4 244 361 35 219388 4 13567 4 13567 4 323 4 911 33 4 3529 35 4 911 33 8 173 1031 35 57879 4 1278 33 5
527 4 3 1506 29 45 3240 24 98417 35 3728 4 157451 3132 33 37 1282 13 23 16 333 6 4697 628 10 970 7 3 1884 1752 623 58 6 1374 52 290 8118 5
66 16 59 533 6 159 76 1250 3 653 7 791 7 3 2443 19 3 394 5
349 3 83 881 4 3 1506 18 2042 24 44270 8 2346 35 3824 33 19 3 2685 13 271279 6745 6 26 55427 21 32 4651 8 2247 3 231 7 7059 1263 97 10 3 271279 14555 5
1700 2334 1556 13 2921 48 13422 10 3 14555 7 271279 10 70 3 179 394 3609 79022 5
3953 6109 4 495 4 2025 514 416 4 8 24157 532 5
16816 4 16 4723 10 46 542 6 5548 3 2251 271279 5
20518 7908 35 29195 33 20518 7908 35 29195 33 142 26 4939 21 32 1570 2106 7059 883 13519 49 6807 24 9901 3 6085 773 7 9 1247 19 2201 6 57 2106 1879 35 14879 4 7744 4 323 75656 4 590 33 5
3027 4 158095 4 8 30574 35 3578 33 4939 29195 21 3 1308 8557 543 15 3 676 2120 8 3568 791 19 9 206 49 394 72 89 5
55631 4 271279 71 59 26 962 21 3 3115 7 9 23125 8557 148 96 16 230 8 96 16 6085 14 308815 12968 35 4 911 33 5
271279 36843 364093 4701 35 44270 323 2346 4 3824 109 158095 4 3824 109 451264 4 11406 4 323 4 33 8 1432 39373 35 101476 4 6559 33 125 12033 834 35 158095 4 3824 33 8 6802 56856 35 4 4164 33 5
7448 4 3 38506 1322 148 271279 8 29195 29 45 5515 9612 19 90 1296 2711 13 271279 2697 6 29195 35 44270 323 2346 4 3824 109 451264 12283 32330 4 4973 33 11061 461 2186 13 29195 16 9 58042 7 271279 35 6505 323 6250 4 3952 109 6456 4 5108 33 8 141 90 12674 13 87 16 93 1322 148 271279 8 29195 35 158095 4 3824 109 162459 4 4164 33 5
12502 4 9 542 15 192 38506 3898 16 3244 18360 6 454 28207 192 851 5
20518 7359 35 56856 33 20518 7359 35 56856 33 21722 364093 4701 4 6237 6 1919 6 461 9 1247 49 394 8 10512 6 337 6 184 8973 35 44270 323 2346 4 3824 33 5
66 71 26 40174 10 14141 133 21 364093 4701 35 44270 323 2346 4 3824 109 158095 4 3824 109 451264 12283 32330 4 33 49 39373 35 44270 323 2346 4 3824 109 4 4164 33 5
81 678 6 4643 56856 8 2651 1653 4 23 16 3456 13 2251 291 5548 8 12339 40 5310 25 89 6 89 35 4494 4 170698 4 323 27773 4 359 33 5
273 946 4 8 35 1095 33 3448 13 1290 2251 291 144 3834 3791 10 40 11204 319 5
23489 35 1422 33 4172 13 56856 71 26 929 137 5005 25789 1190 109 125 5252 8 62670 35 3578 33 12674 13 70306 8 10382 36 32082 56856 5
1113 56856 16 13750 14 3 4397 7 394 291 4 23 738 6 26 4400 454 35 323 529 4 3495 33 5
46788 148 394 1277 8 2443 7908 17 17521 148 271279 8 29195 29 45 1940 9612 5
238 3915 996 4 90 1296 1036 13 271279 2697 6 29195 125 461 883 11043 49 2186 13 87 16 93 1322 148 192 57078 5
262871 4 271279 8 29195 27 45 5100 37777 35 25187 323 4 280 33 5
271279 16 8871 24 9 17682 773 7 9 394 19 4974 6 9 2190 394 17807 109 125 29195 16 12354 24 2443 2106 614 791 7 9 394 35 6456 4 4164 33 5
659 25272 9 568 653 7 29195 4 1045 7 3 1296 3448 13 9 272 2463 7 271279 6745 6 26 2314 121 23 16 1109 21 9 58042 7 29195 35 44270 4 643 4 6053 4 323 216031 4 1515 109 44270 323 2346 4 3824 33 5
949 377 104 1296 1648 15 3 93209 7 3 24648 14 189 57078 4 3 38506 1322 16 483 6 26 69334 35 25187 323 4 280 33 5
227588 451264 4 11406 4 8 35 4 157451 3356 33 4939 227588 21 3 2109 7 2215 2089 4 1593 4 2849 8 4440 2873 5
8 35 2560 33 4 457554 4 11997 4 4 8 11376 35 274 33 4 2552 8 1604 35 2076 33 8 1604 4 1604 4 8 35 1515 33 1669 13 227588 142 371 964 1432 969 15 2443 7908 5
81 3 5114 7 2251 386 4 3 11662 17020 7253 6 2215 1215 7 3 4211 4 3 2089 8 1593 4514 4 3 2109 7 3 6780 4175 4 3 514 8 14429 21 166 21 2043 2815 2873 1252 15 1386 5
208 192 227588 31 7722 4 12323 49 10 1024 912 4 153 104 338 834 36 34 756 6383 19 3 394 7 2251 4211 5
16816 4 3 19379 16 27394 53 50697 227588 27 964 8 1432 1951 15 2443 7908 5
65253 65253 16 962 21 3 1175 6 3030 3 1985 394 123764 8 10366 35 451264 12283 32330 4 4 157451 3356 33 5
65253 29 45 170 6 27 964 1951 15 2443 7908 35 323 4 2560 109 1604 12283 32330 4 1515 33 5
81 970 7 2251 386 4 11040 15209 16 3876 6 21 3 2463 6 47 9 4211 16 488 6 581 7608 8 511374 416 21 1985 6 3 834 5
145 1038 1386 3035 44392 4 5050 8 20455 1386 317 4 9250 927 8 2280 4 897 927 8 313 4 14673 358 4 4703 5
208 3 653 7 11040 16 272 4 834 36 3850 26 6383 19 3 2251 394 5
12502 4 3 19379 1273 16 53 48599 187 16 9 964 8 1432 1951 7 11040 15 2443 7908 5
282224 282224 142 26 962 21 3 6237 6 185 834 8 581 9425 394 35 451264 12283 32330 4 4 157451 3356 33 5
282224 16 9 964 133470 7 2443 7908 35 323 4 2560 109 2552 323 1604 4 2076 109 1604 12283 32330 4 1515 33 5
81 3 2251 5114 4 47193 9965 6 3 217595 7 652 351 7302 87 31 4360 49 2668 25 3 834 5
59374 652 383 26 351 10 678 6 581 3 394 2765 8 185 666 5
208 3 1070 89 16 1024 153 3 394 16 5100 6 26 26381 8 36 822 9 2366 969 15 3 2443 2106 7908 5
16816 4 3 161 19379 16 21 1667 53 68737 282224 29 9 964 8 1432 1951 15 2443 7908 5
26853 26853 71 26 962 21 3 2505 8 10094 7 1032 8 40 1175 6 12986 1958 8 1493 35 451264 12283 32330 4 4 157451 3356 33 5
11394 2062 35 364721 12283 32330 4 274 109 1604 12283 32330 4 1515 109 19174 323 2796 4 1095 33 27 170 13 10382 8501 9 964 1432 969 15 2443 7908 5
81 3 2251 5138 4 23 16 3876 21 3 1175 7 9 4211 6 581 1958 8 1493 6 3 834 5
7219 4 3 7453 6 7902 5903 8 10094 36 345 9 3047 604 10 589 834 1493 8 1958 5
145 2697 6 3 7566 7 3 161 19379 53 244493 26853 29 9 964 8 1432 1951 15 2443 7908 5
96886 96886 16 3876 6 21 3 8301 8 46982 1164 1252 6 3 2443 35 451264 12283 32330 4 4 157451 3356 33 5
145 15209 16 3876 6 3 4211 2106 1175 6 581 46982 1164 6 3 834 5
96886 29 45 170 6 27 964 1102 15 2443 7908 35 323 4 2560 109 364721 12283 32330 4 274 109 1604 12283 32330 4 1515 109 122373 4 7560 33 5
79 6780 1785 37 29 9 272 2463 7 15749 36 27 3 1175 6 1445 3 5098 4 738 8 844 7 40 834 5
11332 36 3850 756 11616 8 3847 7601 9 206 45903 1322 5
12542 8301 1164 36 1000 9 3452 1566 14 834 154 3 1386 5
8616 4 80 51 255 850 3 508 19379 53 106768 96886 29 9 964 1432 1951 15 2443 7908 5
20518 7908 8 2443 7359 56856 16 4939 21 3 2463 6 47 9 2443 8787 4 8 21636 9 8684 14 426 231 7 9 1654 136 35 4931 4 359 4 157451 24996 33 5
56856 2254 40174 10 3 916 7 21072 4630 4701 4 39373 35 450256 33 4440 8 4284 115 7 3 136 35 457554 12283 32330 4 274 33 5
450256 16 4939 21 3 9147 4440 148 1163 52 3 10777 7 9 224 49 9 1247 35 174216 323 94768 4 502 4 157451 11297 33 5
81 3 5114 7 3 2251 386 4 364093 4701 9965 6 834 358 6 2546 10 40 161 1187 5
6371 27 1595 13 568 3 29195 4 568 3 364093 8 450256 4440 35 113441 4 1095 109 323 471069 4 359 33 5
12502 4 3 508 19379 16 255 850 53 454422 20518 7908 29 9 964 8 1432 1951 15 56856 5
40373 8 2137 3803 12487 4 9 222922 18 1303 61 19 67 11407 6 28207 3 453 8 2038 18550 7 3 1339 19026 5
1301 9 2947 960 18 2173 19 306 1807 6 8612 3 19026 10 970 7 19205 4 10019 4 77590 8 89 702 5
5583 4 9 162079 1339 19026 18 9145 6 6180 1807 22 3 18923 19358 647 3438 35 328801 33 14 11861 7 67 388 2151 8853 12540 5533 5
6165 7 192 4 575 25625 42 45042 21 43 42 13746 5
16816 3 1070 489 16 110350 202 538 3 825 66413 5018 21 24087 4 7744 4 8 15669 35 274 33 8 7744 8 15669 35 744 33 5
106395 5907 18 3725 21 87 16 93 12540 5483 558 8 3 1807 10 328801 31 104 338 3 834 7 818 59663 49 70233 5
10526 4 23 16 59 10 9067 19 3 1217 220 24 24087 12283 3462 5
35 274 33 4 7744 8 15669 35 744 33 8 8 35 274 33 5
6459 13 4 232 6 3 1594 4 3 3892 7 3 6725 16 1144 825 19 3 5005 30885 7 3 1594 10 970 7 5805 4 731 4 15230 1799 8 7512 35 7744 323 15669 4 744 33 5
72312 13693 5
4130 12911 53 1170 659 28207 13014 11040 8 18550 7 3 1216 12911 35 15209 33 4 985 1822 42 9888 25 271 2062 1595 10 20498 341 5
79 82791 525263 2430 18 4723 6 1415 3 653 7 809 14 329 6500 1204 25 3092 7683 35 249 33 6 3092 1648 35 700 33 5
20498 341 5
10182 7 9888 57078 5
544084 11292 7 1822 10182 227588 35 37184 33 503 13320 4 61232 4 227382 4 8 35 590 33 8 451264 4 11406 4 8 35 33 65253 35 80191 33 500 13320 12283 3462 5
35 590 33 8 451264 12283 3462 5
35 33 282224 35 59245 33 503 13320 12283 3462 5
35 590 33 8 451264 12283 3462 5
35 33 26853 35 14289 33 503 13320 12283 3462 5
35 590 33 8 451264 12283 3462 5
35 33 96886 35 45301 33 500 13320 12283 3462 5
35 590 33 8 451264 12283 3462 5
35 33 20518 7908 35 29195 33 459 8 18409 35 502 33 8 451264 12283 3462 5
35 33 20518 7359 35 56856 33 503 16833 4 238350 4 9630 4 8 115494 20175 35 502 33 8 451264 12283 3462 5
35 33 5
97146 23394 53 2443 7908 8 2443 7359 901 6325 23394 13563 29195 8 56856 42 5559 19 9 82791 525263 2430 1204 19 249 14 3092 7683 6 700 14 3092 1648 5
187 42 503 1822 14 29195 8 503 1822 14 56856 47 42 70 9888 25 767 2062 6 3489 13014 11040 8 18550 5
7337 2376 5
3040 7 6725 20498 459 842 13 3 5907 50250 9286 7 79107 202 9094 8 63158 202 10852 5
21838 8057 4 62543 202 3207 1298 4 35428 202 3207 148 8 4 2592 202 3207 148 8 8 29892 202 3207 48 58 5
20498 459 5
90711 3892 7 3 6725 5
252980 39272 67440 39501 21122 20731 79107 19922 24013 63158 7729 11102 1239 15844 61084 15844 61084 3722 31163 6117 1814 2511 55274 127019 1799 18996 27213 88959 22327 9930 59561 82050 183 9102 704 7923 54000 913 3313 28390 5444 7602 54626 132401 3801 68955 12016 4937 88480 80667 630 24990 10797 889 30273 21120 698 10873 19419 2864 959 11102 9521 62543 3706 35428 14292 115217 6117 3440 29892 11346 53 56730 3082 480075 6071 35 12064 2219 1513 33 5
20498 503 842 13 10 970 7 2443 87930 4 104378 202 7857 6 1634 1585 4 1078 202 7857 6 6071 3408 35 70233 33 8 7923 202 461 5
20498 503 5
22785 7 2251 9573 4 1030 3644 8 2251 3394 5
252980 39272 67440 53568 220 2251 1634 1585 19399 104378 6071 3408 35 70233 33 8770 101210 3754 704 7923 9897 231 7 2251 416 11102 500 400 9 64 29970 194232 400 9 64 4937 88480 6117 183 400 9 64 409 21328 46964 7 1030 2355 3356 26520 25381 4687 46085 31334 13143 94371 3754 700 7170 2547 2939 13896 2251 46709 6327 65219 950 302 13134 7363 2204 716 27037 9579 61982 3754 459 15483 11088 5
40013 2376 659 5518 3 38506 1322 148 3 57078 4 59627 135778 84630 35 110709 33 5018 19 37642 222551 289139 35 33 18 2828 8 10637 19 630 5
79 54395 4644 18 3677 6 3 14555 35 40512 33 1506 8 3 8466 1506 21 3448 24 20864 4 2302 4 121417 4 8 3027 35 590 33 4 70410 4 213266 4 20024 4 8 153141 35 6833 33 4 70410 4 153141 4 40900 4 8 14879 35 6833 33 8 6794 4 47153 4 8 47153 35 7560 33 5
17 74 967 4589 3 168934 10091 12811 35 142887 33 13 16502 3 4919 57078 4 47 16 153 979 24 3 169 967 7 106805 2916 2376 35 40512 33 6 28207 3 38506 1322 148 192 57078 2151 2785 2376 35 323 60066 4 502 109 7914 12283 32330 4 7560 109 76104 4 1604 4 1127 95170 4 323 33201 4 590 109 4 76170 4 323 4 6833 109 8582 4 134680 4 323 176371 1053 4 6833 109 76170 4 3976 1072 4 323 70287 4 6833 109 458 4 1453 4 19294 4 323 6794 4 7560 109 28750 323 372502 4 911 109 4 222458 4 323 4 7560 33 5
27311 3 7417 7 234675 2376 2625 234675 7417 31 1272 10 32 110709 2376 5
931 539 29311 7 100402 4 4 157631 4 85651 4 9124 4 13014 11040 8 18550 4 6607 5907 1646 4 96860 8 18550 5
238 3 5907 1646 14 46 601 16 1992 4 23 16 6607 14 3 110709 2376 35 20864 12283 32330 4 590 33 5
9524 35855 2916 19 630 1556 9 2457 48517 7 51975 202 14359 127676 7 1029 5018 48517 8417 3 23394 11102 459 6154 127676 7 234675 85651 35 1604 4 153141 4 20024 4 323 40900 4 2076 33 5
17 3235 6474 2770 7 8 31 35 11102 33 8 35 11102 33 3995 35 28246 4 744 109 70410 4 213266 4 153141 4 323 14879 4 2076 109 20024 4 4 153141 4 213266 4 323 40900 4 7782 33 5
17 4 1966 8 10422 7 56018 18139 19407 454 14580 3 5248 7 29311 125 30773 10422 14580 157631 35 20024 4 153141 4 40900 4 323 213266 4 7560 33 5
17 612 252185 15179 10091 35 33 16 35 11102 183 33 8 3 8855 9903 16 35 6117 6909 33 5
766 17521 225419 31 1298 9193 7237 93 15778 7 35 28246 4 744 109 77759 4 20024 4 153141 4 213266 4 323 64059 4 7782 33 5
188396 8 11040 659 5518 3 7 329 13014 4 16577 7 2338 5458 35 77720 33 14 290 13014 16 12354 5
20498 500 842 13 77720 2770 11466 25 6 156763 47 16 1370 58 3 59574 8515 35 323 2397 4 274 33 7237 9 206 7 3 57078 5
17 13014 11040 35 30936 33 11612 25 6 42 1370 58 3 3448 8515 7 53837 35 218097 323 13650 4 3578 33 5
14990 11040 35 34493 33 47 2527 3 2755 2916 201772 1016 7 3 3628 2059 14 70 3 57078 18 59 7154 5
17 34493 2770 11466 25 6 19 70 3 2916 201772 964 22 9421 11102 69246 5
6459 13 9897 252185 213271 35 75943 33 18 59 7154 19 871 4680 25 6 5
20498 500 5
188396 4 11040 8 96860 18550 5
1532 678 35855 57078 1532 678 3668 678 83719 126497 16344 126497 16344 35 77720 33 65253 35 4 419376 109 110743 33 227588 35 37184 33 17 2251 13 38 2401 29 2176 8 3452 3082 17 2251 13 38 2401 581 4783 23009 2089 4 171463 5
2815 4 890 4 4703 5
34493 3082 17 13137 1032 7 3 2251 13 38 2401 31 12454 5307 552291 75943 3082 22535 2442 19 3 394 31 19489 5142 22 3 2251 13 38 2401 4 171463 5
940 4 7072 4 3929 4434 4 4703 5
65253 35 80191 33 355 3 2251 13 38 2401 3791 6 1332 834 2190 2485 24 9 1087 89 4 43 112 3082 355 38 27 9 565 4 3 2251 13 38 2401 842 14581 518 10 12538 23 34493 3082 17 2251 13 38 2401 12134 3 394 243 22 3 74 89 75943 3082 17 2251 13 38 2401 1708 3 394 22 3 89 23 3791 6 112 95 17 2251 13 38 2401 7574 3768 481 1564 282224 35 59245 33 10702 7 3 2251 13 38 2401 1107 228 1954 65 3 394 36 26 2828 4 171463 5
5523 89 3082 10702 7 3 2251 13 38 2401 371 9425 394 228744 34493 3082 10702 7 3 2251 13 38 2401 31 535 2006 6 185 228 75943 3082 10702 7 3 2251 13 38 2401 31 299 215 3208 6 2647 6 160 1882 26853 35 14289 33 17 3074 7 1032 10 3 2251 13 38 2401 35377 1493 6 228 435098 3082 38 756 1460 10 3 2251 13 38 2401 513225 34493 3082 10702 7 3 2251 13 38 2401 31 5562 37821 19 228 75943 3082 10702 7 3 2251 13 38 2401 27 3 2505 6 1647 160 952 257287 96886 35 45301 33 17 2251 13 38 2401 1929 228 1570 1164 3082 17 2251 13 38 2401 29 581 695 394 13 10139 6 70 50 834 34493 3082 17 2251 13 38 2401 29 1032 37 1485 228 10 9 12304 4230 75943 3082 17 2251 13 38 2401 29 1595 228 282 518 22 921 17 1032 7 3 2251 13 38 2401 7186 160 2190 236 20518 7908 35 29195 33 38 743 6383 19 160 421 6 231 46 2251 156763 3082 1025 1414 6 231 46 2251 18 9 2937 57 533301 34493 3082 38 756 13 160 791 19 46 2251 29 45 15259 165883 75943 3082 20518 7359 35 56856 33 38 140 1432 512 52 3 2251 6 83 68 3082 435098 38 2161 6 595 110 9 3023 7 3 2251 14 9 241 89 6 252 34493 3082 38 36 2729 872 8 3043 6 231 3 416 998 24 3 2251 75943 3082 659 228 4 3 2251 1798 16 488 6 581 3 282 416 11346 53 199601 18 14386 463 6 1024 18139 16344 5
9 3082 2106 30936 5
8862 34493 3082 35 33 1356 35 33 341 1635 33 1362 4 35 3082 18139 2916 201772 4 4114 3082 6453 23394 4 3082 3768 48517 33 5
8258 75943 3082 35 4114 3082 249 9424 4 3082 18139 2916 201772 4 4114 3082 6453 23394 33 5
58676 1506 106805 2916 2376 188396 18550 1170 3 653 6 47 9 2430 1170 96 23 5234 6 1415 35 213266 323 70410 4 2076 4 157451 1004 33 5
1498 3 40512 967 4 96860 8 18550 42 14580 35 7744 323 7744 4 7560 109 1604 4 6833 33 5
149688 18550 5181 3 1175 7 3 13014 6 1415 96 23 16 2497 6 1415 5
158095 8 35 6962 33 12674 13 96860 18550 16 27279 92 70 3 31 1370 58 34231 4 70 3 350449 31 1370 58 53837 8 70 3 2916 201772 31 964 5
238 1595 10 20498 500 70 192 6680 42 6383 4 7237 3 57078 10 3 5368 27 3639 1198 3 96860 18550 960 5
18550 4 15 3 83 881 4 5181 3 653 7 3 13014 8 50 9224 6 26 523 25 83 57078 8 40 7562 9224 5
28246 35 2804 33 1282 13 6 5518 18550 4 3 17521 225419 144 1079 148 33783 8 59574 5
20498 708 842 13 46 38020 18 15251 5
18550 16 3455 21 3 75943 7 9 13014 16 1978 58 3 2842 6808 7 50 17521 225419 19 83 57078 35 70410 4 213266 4 153141 4 323 14879 4 2560 109 77759 4 330806 4 70410 4 213266 4 323 39391 4 2560 33 21 1595 10 20498 708 5
10526 4 48426 2842 1884 960 35 323 4 2076 33 18 59 2828 8 3 665 661 13 70 57078 42 2537 523 5
16816 4 14 3 14555 1506 4 189 3 11040 8 18550 7 3 57078 27 45 3639 14580 5
20498 708 5
18550 53 17521 225419 8 48426 2842 1884 960 5
188396 54210 8 2842 6808 7 75943 37184 80191 59245 14289 45301 29195 37184 80191 35 33 59245 35 33 35 33 14289 35 33 35 33 35 33 45301 35 33 35 33 35 33 35 33 29195 35 33 35 33 35 33 35 33 35 33 11346 53 9424 3082 1992 109 1910 1910 1910 9421 11102 69246 109 1910 1910 9421 11102 25343 109 2842 6808 7 75943 35 10 6636 33 16 1595 15 3 38540 109 123 38540 3893 31 3 17521 225419 8 2770 10 3 30045 240 3 48426 2842 1884 4015 19 3082 249 109 37184 3082 227588 109 80191 3082 11040 109 59245 3082 47193 109 14289 3082 10382 109 45301 3082 15749 109 29195 3082 2443 7908 5
23385 25 3 74 678 14555 1506 4 9 169 678 14555 1506 543 15 3 1153 2770 7 3 9224 7 290 13014 18 59 1589 5
659 5548 3 5188 7 3 14555 1506 19 3 100402 4 2752 16577 7 2338 1170 42 220 13563 3 48426 2842 4 188745 4 16577 7 2338 5458 35 77720 33 4 12560 16577 7 2338 5458 35 33 4 64982 19992 5458 35 112751 33 4 19992 5458 35 148396 33 4 109965 19992 5458 35 206703 33 4 114442 134680 5458 35 33 4 37388 29139 3389 96368 7 60029 35 33 8 126497 37388 29139 134089 35 33 5
238 12859 10 20498 700 4 70 192 1170 35 3082 4 9421 3082 109 77720 3082 109 3082 109 112751 3082 156763 109 148396 3082 109 206703 3082 156763 109 3082 156763 109 3082 435761 109 3082 33 8641 3 3448 34082 35 5707 323 4 2391 33 5
8616 4 23 142 26 3058 13 3 14555 1506 16 488 6 2338 177 166 19 3 100402 5
20498 700 5
23883 7 3 1506 2338 5
59126 7 2338 1170 960 9421 871 77720 112751 148396 206703 50944 871 6117 40512 1506 156763 156763 156763 435761 59627 1506 156763 156763 156763 435761 10182 53 77720 3082 16577 7 2338 5458 109 3082 12560 16577 7 2338 5458 109 112751 3082 64982 19992 5458 109 148396 3082 19992 5458 109 206703 3082 109965 19992 5458 109 3082 114442 134680 5458 109 3082 37388 29139 3389 96368 7 60029 109 3082 126497 37388 29139 134089 5
9 8 19174 35 4973 33 8 20864 12283 3462 5
35 590 33 5
8862 92619 35 274 33 4 12135 35 1278 33 8 20864 12283 3462 5
35 590 33 5
8258 10997 8 35 4164 33 5
5547 90344 4 4 8 35 502 33 5
75250 7 182 148 799 470 8 556 394 3365 17 4631 148 3 799 470 8 556 394 3365 16 617 543 15 522 7 3 2489 182 2376 35 38669 33 5
81 678 6 3030 38669 4 48426 2842 960 18 220 8 9 7444 10 3 1884 7 3 48426 2842 871 148 3 1506 35 87625 33 8 3 18751 1506 35 114 70 11023 42 18751 6 3628 14 189 600 33 14359 5248 7 3272 148 3 67 600 35 12135 4 590 109 29523 4 4 20024 4 323 337519 4 502 33 5
659 3434 289 9 964 1884 6848 4 3 1884 10 48426 2842 871 8 2463 7 2558 16 677 6 3 1568 871 7 3 48426 2842 960 22 27063 653 5
208 23 16 1978 58 46 1568 871 153 87 16 964 1884 148 3 600 5
20498 704 2573 93 964 1884 6848 148 3 556 394 8 799 470 3365 14 70 3 57078 7 3 1506 2936 14 3 11040 15209 5
145 6154 13 104 7 3 57078 7 3 1506 31 5394 356 189 556 394 8 799 470 3365 5
20498 782 454 75345 3 182 7 3 14555 1506 7 3 15209 8 3847 87 31 93 3272 10 970 7 13014 18550 356 3 67 600 5
81 970 7 38506 1322 1884 10 3 8466 1506 356 3 600 4 742 3 48426 2842 1884 960 35 20498 782 33 2573 9 964 1884 44 1918 2211 6619 4 23 18 170 13 192 3272 42 34 15 3 288 69993 11023 15121 70 3 1568 13544 14 3272 35 20498 183 33 14 192 11023 27 6474 2770 287 58 22 9421 11102 27063 35 12135 4 590 33 5
16816 4 9 83538 71 26 115 13 93 964 3272 4447 10 970 7 3 38506 3898 148 3 67 600 5
20498 704 5
75250 7 14555 1506 7 3 17020 148 799 470 8 556 394 2251 5
17020 20692 1506 276 7425 8864 122289 15060 19 8864 122289 3511 51253 148 1494 8 18751 2520 1568 871 923 48517 35 33 35 33 227588 35 249 33 35 249 33 341 708 503 43577 65253 35 503 33 35 503 33 509664 704 698 500 2567 282224 481353 35 341 33 35 341 33 503 700 525894 459 43577 26853 35 341 33 35 249 33 352453 459 708 459 43577 96886 35 459 33 330786 35 341 33 500 407 708 43577 11346 53 43577 34 964 109 2567 964 5
20498 782 5
75250 7 3 8466 1506 7 17020 148 799 470 8 556 394 2251 5
20692 1506 276 7425 8864 122289 15060 19 8864 122289 3511 51253 148 1494 8 18751 2520 1568 871 923 48517 35 33 35 33 58676 1506 35 503 33 482294 35 503 33 704 685 708 43577 59627 1506 35 700 33 35 700 33 685 1227 685 2567 11346 53 17 1884 10 48426 2842 871 16 677 6 3 1568 871 7 3 48426 2842 4015 19 3 12510 2463 7 2558 22 7444 653 7 9421 3082 27063 5
85364 556 394 4211 109 63671 799 470 4211 109 43577 34 964 109 2567 964 5
20498 183 5
27619 13544 14 3272 148 19393 35 8466 1506 33 5
1634 1585 35 63671 33 80191 129708 29195 14289 129708 29195 59245 129708 29195 37184 129708 29195 45301 129708 29195 29195 129708 56856 70233 35 85364 33 80191 129708 29195 14289 129708 29195 59245 129708 29195 448652 556022 37184 129708 29195 546447 45301 129708 29195 29195 129708 56856 532798 11346 53 17 6300 7 93 964 1884 10 3 2785 225419 148 3 70233 8 1634 1585 600 16 543 15 3 6474 2770 7 70 6636 38540 1568 13544 47 31 287 58 22 9421 3082 27063 7444 653 5
85364 556 394 4211 109 63671 799 470 4211 109 37184 3082 227588 109 80191 3082 11040 109 59245 3082 47193 109 14289 3082 10382 109 45301 3082 15749 109 29195 3082 2443 7908 109 56856 3082 2443 7359 5
59627 1506 11649 6 3 14555 1506 4 2752 16577 7 2338 1170 42 220 6 8487 3 16577 7 2338 7 3 8466 1506 5
238 217 10 20498 700 4 70 3 1170 35 3082 4 9421 3082 109 77720 3082 109 3082 109 112751 3082 156763 109 148396 3082 109 206703 3082 156763 109 3082 156763 109 3082 435761 109 3082 33 8641 3 3448 34082 5
16816 4 3 8466 1506 18 488 6 2338 177 166 19 3 3883 628 5
143636 2279 81 3 2785 2376 4 7444 7 9 2785 16 2118 543 15 50 188745 5
98586 341 842 3 18139 2785 85612 35 33 19 188745 10 18415 671 19 3 12510 48517 2921 24 3 1506 35 82478 33 5
17 522 9603 13 102630 202 7 3 48517 10 29195 16 2921 24 3 4279 15209 125 29195 16 488 6 2565 70931 202 7 3 48517 10 56856 5
238 4964 10 20498 407 4 3 2334 454 3817 13 227588 35 3082 4 9421 11102 69246 33 4 11040 35 3082 4 9421 11102 69246 33 8 47193 35 3082 4 9421 11102 69246 33 27 964 8 1432 969 15 29195 125 29195 35 3082 4 9421 11102 69246 33 10655 11388 15 56856 5
12502 4 50697 4 48599 4 68737 8 454422 42 2247 5
110709 2376 665 98586 341 5
110709 2376 665 5
20498 407 5
11391 7 2785 2376 5
143636 23985 32605 402280 5
96368 27619 5514 9421 871 66172 50697 37184 129708 29195 354585 54464 48599 80191 129708 29195 300412 321845 54464 68737 59245 129708 29195 431812 374041 54464 244493 14289 129708 29195 545362 309054 1329 54464 106768 45301 129708 29195 494380 410054 555758 494380 1329 54464 454422 29195 129708 56856 355513 54464 11346 53 17 6636 871 6154 3 19379 16 2247 22 7444 653 7 9421 11102 69246 5
1910 9421 11102 69246 109 37184 3082 227588 109 80191 3082 11040 109 59245 3082 47193 109 14289 3082 10382 109 45301 3082 15749 109 29195 3082 2443 7908 109 56856 3082 2443 7359 5
527 4 10382 35 3082 545362 4 9421 3082 33 8 15749 35 3082 494380 4 9421 3082 494380 33 155 34 240 964 969 15 29195 5
16816 4 244493 8 106768 42 34 2247 5
6459 13 4 543 15 3 470139 7444 7 3 9124 16456 46993 5018 538 410961 35 20498 403 33 87 42 11742 1896 7 227588 35 33 4 11040 35 33 8 47193 35 33 15 56856 5
145 6154 13 29195 125288 3 38506 1322 148 227588 4 11040 4 47193 8 56856 5
527 4 87 42 93 964 11742 1896 7 15749 8 10382 15 56856 5
20498 403 5
126497 11742 1896 19 187384 7444 5
45301 14289 59245 80191 37184 56856 458349 290900 35 33 35 33 35 129944 33 35 236303 33 35 171722 33 11346 53 17 6636 871 6154 3 1322 16 964 5
19241 10 18415 6154 470139 7444 538 9124 16456 46993 5018 19 187384 109 1910 9421 11102 27063 109 1910 1910 9421 11102 25343 109 37184 3082 227588 109 80191 3082 11040 109 59245 3082 47193 109 14289 3082 10382 109 45301 3082 15749 109 29195 3082 2443 7908 109 56856 3082 2443 7359 5
49474 32542 992 2376 1113 110709 29 45 7081 3677 10 30435 69993 38506 3898 4 23 29 45 3691 2164 19 83 2516 1443 49 7732 1442 27964 35 40900 4 109 18409 4 61979 4 18150 4 14879 4 323 14879 4 280 109 15011 4 3421 4 323 100473 4 2076 33 5
1249 110709 16 97 488 6 5518 27728 3898 4 23 142 1484 117841 3 20554 694 10 3 746 421 363 6589 5
659 3577 1213 46 492 4 49894 16 11828 10 7995 3 14510 36817 8 103860 3898 10 3 601 1506 21 23 16 3682 6 1849 1812 27728 8 103860 3898 148 17020 8 2443 7908 5
11394 27728 8 36817 1506 29 3 7662 6 4753 13 3 7901 10 57 7 3 58818 71 26 16749 24 3096 83 58818 5
273 946 4 3 7901 10 47193 1537 2443 7908 142 26 16749 24 3 2069 11040 4 15749 49 83 17020 5
527 4 36817 1506 142 34 26 10436 6 3 17020 21 192 17020 31 2903 523 8 27 523 10076 1537 2443 7908 5
5602 3 7379 7 103860 1322 4 49894 36 26 488 6 5518 3 14510 36817 1896 7 15 2443 7908 5
6459 13 4 49894 16 3682 7 3747 48 5050 7736 677 6 3 1510 56018 4538 133 21 110709 4 67929 4 2489 8 56018 35 23907 4 10141 4 323 17555 4 502 109 40900 4 109 70410 4 213266 4 12283 32330 4 6833 109 5363 4 25047 4 4053 4 323 4201 4 911 33 5
17379 4 7732 32542 992 35 49894 33 9965 6 9 2354 13 16 115 6 1506 3 4230 10 47 746 2032 16131 9 2190 4859 49 417 137 3 231 7 2979 5937 49 1416 1586 20260 5
49894 16 962 21 9 16693 8690 5146 13821 115 55 7 1906 5447 2367 4 47 29 9 1375 27824 14 16925 58065 2505 8 363 23 558 14 231 35 4 2391 4 157451 889 33 5
49894 16 115 55 7 9 528 221 7 1906 5447 3893 424 21 30864 49 23791 35 8582 4 12482 382473 4 323 4 502 4 157451 100416 33 5
13751 19 1510 27728 2520 133 21 168425 4 110709 4 64604 382860 8 21847 12811 4 49894 16 32 7732 1442 35 43826 33 4462 13 29 22308 192 2520 21 23 29 3 1175 6 7367 189 27728 8 108140 3898 19 272 31392 8958 35 70410 4 213266 4 12283 32330 4 6833 33 5
6459 4 49894 2818 93 234675 7417 133 21 29311 4 157631 49 6 26 15251 35 1604 4 70410 4 213266 4 323 153141 4 6833 33 5
949 19 192 9063 4 130820 16 34 95 6943 14 38506 1322 19379 2279 463 6 50 92750 1219 2129 8 121 27728 2520 35 171463 5
110709 4 168425 33 27 3 8953 7 322013 3 20554 10 421 363 6589 35 36330 4 20024 4 15011 4 153141 4 323 213266 4 7560 33 4 3 231 7 3 1217 10 46 542 51 13759 290 83 5
16816 4 10 46 542 4 3 964 87584 25 3 110709 2376 42 4723 21 3 9796 23394 14 3 49894 2376 5
273 46 542 4 80 27 3725 179777 35 106153 33 19 448659 119 242485 35 33 31660 114 3 9796 5300 31 5543 10 850 2586 125 3 3768 5300 52052 10 12807 2586 5
17 106153 9286 7 108 10746 79022 5
9796 4 4438 8 3354 10746 5
81 678 6 1262 72 10104 4 9 94145 2858 25017 19 628 24065 7 14 928 8 2279 18 2173 538 90457 1004 5
17 221 7 4438 23791 18 4209 5998 8 3 4859 18 220 14 189 3354 8 4438 10746 35 20024 4 153141 4 70410 4 323 14879 4 7560 33 5
17 16301 7 3 34141 23394 18 24637 543 15 3 221 7 310387 126095 2059 3797 6 3 4438 9419 35 20498 698 33 5
20498 698 5
256197 7 34141 23394 543 15 22 248 57 310387 126095 2059 19 4438 23791 5
84181 133951 2642 12911 37184 80191 59245 11346 53 17 5167 6154 13 3 12911 16 4279 109 37184 3082 94892 4 80191 3082 65253 4 59245 3082 282224 5
37388 29139 3389 7 96368 35 33 18 220 10 11367 3 8958 7 3 130820 1506 125 3 48871 3238 14 290 34141 18 7154 10 3 9512 2376 35 20498 685 33 5
17 1153 2770 1079 25 6 4 47 4459 9 272 31392 8958 5
6297 15 3 9512 2376 4 47193 18 217 6 26 3 104 3456 58042 7 2443 7908 979 24 227588 8 11040 5
20498 685 5
2770 8 126073 12811 5
133951 992 84181 23791 53 37184 4 80191 4 59245 84181 23791 53 29195 133951 992 58589 3238 37442 30864 53 29195 37442 30864 53 56856 37184 80191 59245 12266 27311 12266 27311 249 535131 249 341 341 459 409706 459 522416 503 503 500 500 708 383483 708 700 700 704 529547 704 782 535131 782 542861 183 183 29139 29139 3703 3238 3260 44398 437186 447388 550306 190965 3238 35 202 33 122456 132527 102590 11346 53 37184 3082 11662 4 80191 3082 11040 4 59245 3082 47193 4 29195 3082 2443 7908 4 56856 3082 2443 7359 5
17 231 7 3 54395 31392 49310 35 1996 323 136355 4 280 109 382003 323 4 2076 33 992 2376 142 581 9 48 27997 3003 8 3847 142 581 964 90679 4413 25 3 11245 397 7 1069 5
145 16 106 3 14510 36817 32542 992 2376 16 488 6 13759 3 12110 7 3 36817 8 27728 110709 2376 5
17 542 36 526 55 184 84 5138 10 3003 3 969 7 15 2443 7908 148 799 470 8 556 394 3365 543 15 3 522 7 3 2489 182 2376 5
145 16 57 7 3 964 1117 4117 6 3 1806 6854 10 3 1065 13 2516 284 49 7732 1442 18 3677 10 9 84 5114 7 394 1277 15 2443 7908 7 799 470 8 556 394 3365 5
145 16 523 25 3 42179 7 767 2062 15 383603 6192 35 40900 4 33 4 66619 19019 284 2029 6192 35 12090 323 40900 4 2560 33 4 526 276280 6192 35 40900 323 37179 4 7560 33 4 275923 1401 510 1536 7012 35 70410 4 213266 4 12283 32330 4 6833 33 4 1401 719 7012 35 36330 12283 32330 4 7560 33 8 1401 2854 7012 35 20024 12283 32330 4 7560 33 5
17 3272 10 3 678 7 3 394 1277 17020 15 2443 7908 148 3 110709 8 3 49894 16676 31 230 21 3 110709 2376 16 3682 7 15826 97 36817 27728 3898 8417 3 49894 16 48 5394 8 16 3682 7 15826 189 36817 27728 3898 8 14510 36817 8 14510 27728 3898 5
13166 6 192 3272 4 3 678 7 56018 17509 25 3 110709 142 34 26 3 216 21 3 678 7 48871 3238 25 3 49894 5
931 3272 31 825 6 138 7 12090 8 40900 35 2560 33 4 40900 35 4 8862 33 4 40900 8 37179 35 7560 33 8 36330 12283 3462 5
35 7560 33 5
6297 15 3 644 13 49894 29 136538 83 1510 56018 4538 133 21 110709 4 67929 4 2489 8 56018 35 23907 12283 32330 4 502 109 40900 4 109 5363 12283 32330 4 911 33 4 3 48871 3238 7 3 58818 3455 25 3 49894 2376 42 220 1016 7 3 110709 56018 17509 5
227588 17 522 7 3 49894 2376 1556 13 227588 31 3 169 533 34141 7 29195 5
145 16 10 809 19 4494 12283 3462 5
35 359 33 4 395427 4 401415 4 14903 4 8 35 590 33 4 17354 8 14879 35 744 33 4 457554 12283 3462 5
35 274 33 8 25187 8 35 280 33 5
66 29 3 5591 1821 969 15 29195 10310 441 3 5591 11742 1102 15 56856 5
12502 4 3365 236 6 1377 13 3 2215 912 7 40 74656 4 2089 8 1593 21 166 21 3 2043 8 2815 2873 581 23009 8 3 2109 7 40 6780 4175 31 535 93207 5
66 16 97 19 3 19145 1566 4 834 36 26 6383 19 40 3463 5
1249 227588 59 27 9 632 964 11742 1102 15 56856 4 3365 236 59 255 12708 3008 8 1164 10 970 7 3 227588 15209 95 13 1806 834 71 26 7324 4 3847 5918 241 1043 56856 95 13 43 36 26 488 6 7963 3 2651 9063 5
65253 81 3 542 4 11040 18 170 6 27 9 964 1821 969 15 29195 742 23 16 3 296 533 34141 54 47193 8 227588 5
145 16 10 9067 19 4494 12283 3462 5
35 359 33 4 395427 12283 3462 5
35 590 33 4 12112 4 2432 4 8 1604 35 1422 33 4 17354 8 14879 35 744 33 8 457554 12283 3462 5
35 274 33 5
16816 4 3 3365 236 6 1377 13 40 729 8 416 31 535 511374 8 5314 5
145 71 26 617 24 1691 44392 10 1386 10494 4 5918 927 7 9250 8 40 8925 4 17210 3 927 8 313 7 40 1807 4 1691 3 5050 8 20455 1386 317 8 2411 1945 15 14673 358 7302 87 31 14261 49 32638 5
39042 8 73759 3726 8 7852 16 1272 15 70 3 227588 7 3 4211 21 9 152 6 2384 3 1391 653 7 2215 1215 8 2109 5
17 20592 236 6 41665 792 137 199772 25 89 6 89 6 4713 1970 13 70 3 227588 31 10 206 1215 5
1249 11040 59 29 3 169 5591 11742 1102 15 56856 4 2251 3365 144 535 581 3 282 5314 729 8 416 10 678 6 1088 3 1493 7 40 834 5
355 834 27 40 1493 1537 3 4211 4 43 36 1384 6 21072 14525 19 3 216 4211 10 426 5
145 36 321 6 4484 6 4056 6 83 4666 8 12146 12033 56856 5
282224 282224 18 170 6 27 3 104 533 34141 7 29195 47 16 4547 6 17354 8 14879 35 744 33 4 4494 12283 3462 5
35 359 33 4 457554 12283 3462 5
35 274 33 8 395427 12283 3462 5
35 590 33 5
12502 4 3365 236 6 1384 4500 7 8870 8 9425 416 10 678 6 772 834 2779 5
35240 2765 8 185 1272 7302 87 31 4360 49 2668 25 3 834 5
81 678 6 1213 46 492 4 4599 8 73759 101542 31 1272 14 70 6780 4175 8 922 24168 3136 3 1070 89 8 18197 1945 10 1678 5771 5
6459 13 4 3365 144 535 581 9 3822 10 3 916 7 2443 394 8557 916 4 5840 4925 4 2443 9464 916 4 4923 4 4703 21 9 152 7 9365 3 47193 7 40 571 5
19647 142 59 26 617 24 3 20592 6 8612 40 571 1070 89 8 1945 5
282224 59 15066 8501 9 964 1102 15 56856 8 3847 3365 236 6 255 463 1164 6 1377 13 834 31 6106 6 40 136 5
145 36 1128 192032 489 7 834 6 40 4666 125 16512 3 2651 2452 5
26853 26853 29 22250 1821 969 15 29195 5
66 29878 6 3 2062 1303 61 24 4494 12283 3462 5
35 359 33 4 12112 12283 3462 5
35 1422 33 4 17354 8 14879 35 744 33 8 457554 12283 3462 5
35 274 33 5
2758 9 1913 71 26 31669 24 3 272 653 7 2505 8 10094 297 3 6780 1785 7 3 3365 5
273 946 4 3 3419 416 7 70233 8 1634 1585 27 45 4861 24 3 1678 3120 2209 6 189 70233 8 1634 1585 5
81 644 4 70233 227 3 4791 14773 1476 14 1585 8 414 2106 3487 304893 6722 3120 22 3 414 19833 3836 10 11845 35 414 19833 3120 4 590 33 8 1585 2106 11325 19833 2183 22 3 414 7363 3836 1585 8 57889 10 2664 35 17 3506 4 33 5
1634 1585 227 3 414 2106 3487 242354 19833 2183 14 3 296 2458 64 10 2076 35 414 19833 3120 4 2076 33 5
12502 4 834 112 34 18386 10382 21 9 2916 10 9409 40 7908 1537 9 4211 5
6297 15 192 1328 1564 4 3365 236 6 2384 9 272 653 7 10382 19 40 834 95 13 40 834 31 535 6383 8 6106 6 91 5
6459 4 93 964 11742 1102 18 7947 7 10382 15 56856 5
16816 4 834 112 34 18386 10382 21 9 2916 10 9409 40 7359 1537 3 4211 5
1700 1866 42 15066 7900 24 227588 4 11040 8 47193 7 3 17020 21 144264 996 5
96886 96886 16 217 6 27 32 22250 969 15 29195 8 23 16 8101 6 4494 12283 3462 5
35 359 33 4 457554 12283 3462 5
35 274 33 8 395427 12283 3462 5
35 590 33 44 10 809 6 17354 8 14879 35 744 33 5
17 22250 969 142 26 463 6 3 834 7059 13 43 31 166 3055 8 43 27 45 2513 6607 1570 1164 8 361 25 3 6780 1785 8 12146 112 34 1384 15749 21 9 2916 10 9409 40 7908 1537 3 4211 5
1471 1033 16 13 463 6 3542 1223 10 2251 386 4 104 3365 27 392 4900 1101 6 581 1570 8 897 1164 8 361 6 40 834 21 9 1264 7 2443 12724 5
20518 1532 16 3 8121 49776 297 104 7 3 3365 5
7219 4 93 964 11742 1102 18 217 7 15749 15 56856 15121 834 112 34 1384 23 6 26 3047 10 9409 40 7359 6 9 4211 5
20518 7908 17 601 1556 13 29195 29 9 177 632 1821 969 15 56856 5
145 16 10 517 19 364721 12283 3462 5
35 274 33 4 457554 12283 3462 5
35 274 33 8 25187 8 35 280 33 5
16816 4 2251 291 236 6 1377 13 290 8 329 57 7 40 1807 16 6383 19 3 729 8 416 1252 10 678 6 3489 426 21072 23196 8 15286 2443 7359 5
81 678 6 2769 46 6905 4 43 144 581 9 206 3822 49 2912 14 834 6 5124 40 15695 8 7908 3136 3 729 8 416 597 5
273 3099 4 2443 9464 916 4 1339 19026 4 814 13218 1008 49 7908 3626 2031 31 297 3 4284 6 26 1109 5
6459 4 695 6544 4 2315 3294 8 9672 1008 142 59 26 83 2003 6 5439 317 28991 6 834 7908 5
1301 543 15 3 9464 317 4 3 4211 142 454 46684 8 6416 40 729 8 416 95 13 3 2463 8 30476 297 40 834 142 26 454 8843 8 3365 3316 6 128 2443 34779 5
93816 5940 55631 4 46 601 29 45 488 6 398 850 3 6854 28991 6 3 969 7 271279 8 29195 15 56856 7 3 2251 386 5
17 601 16 297 3 74 6 5518 192 10076 538 3 1506 19 9 107112 992 1217 10 189 556 394 8 799 470 3365 5
6459 4 3 13667 1896 42 59 4400 543 15 3 11742 1896 7 3 110709 2376 5
81 1243 4 3 1506 16 297 3 74 6 26 2870 14 182 148 556 394 8 799 470 3365 8 18 170 6 26 5394 356 189 600 5
8616 3 25147 1506 7 46 542 142 26 220 21 9 1351 7 4249 14 83 1296 37 31 2274 10 4907 3 969 7 271279 15 189 29195 8 56856 5
181336 5940 81 970 7 15978 5940 4 3 34130 2334 3455 25 46 542 71 4569 6 14066 8 2582 7 3 2251 386 24 1691 91 3 3047 317 52 3 17020 7 3 1506 13 6654 271279 21 166 21 3 3238 7 16512 271279 10 678 6 1075 56856 5
1249 227588 42 170 6 26 32 533 133470 7 29195 4 32 1355 900 16 1272 6 1377 13 3 2215 912 7 40 74656 4 1593 8 2089 21 166 21 3 4407 7 40 24168 31 10 3 260 3497 5
66697 3 5640 11083 2622 35 33 284 671 19 3 7254 7 3 27216 53703 1639 142 26 90 7 3 2003 5
29383 5314 729 8 416 31 297 3 83 533 2193 6 26 166 4605 5
19833 291 31 8004 6 3 8557 15 11040 24 40 834 5
13166 6 3 272 12693 7 3 2251 386 4 120 17617 49 59896 10 46 352 36 4559 321 6 10748 522 5
12502 4 2634 3490 8 25479 144 26 1303 61 10 678 6 1415 3 653 7 11040 5
33360 1170 133 21 1339 916 4 13218 814 1008 4 695 49 2315 1339 4 4923 9464 4 4703 31 297 3 2003 6 26 3112 5
999 8614 192 3077 7 105461 4 3365 236 6 159 3 1622 1945 6 13539 120 13753 95 13 3 2463 7 11040 16 5308 5820 5
659 948 2651 4 9 4211 142 59 581 2025 8 18197 416 6 40 834 5
282224 16 13750 6 1377 29195 5
16816 4 8557 8 3490 383 26 2173 16139 6 28207 3 272 653 7 47193 297 50 571 5
152865 8 12692 1665 142 26 617 6 1970 3 653 7 47193 133 21 1070 89 4 1070 1945 4 1175 6 1333 4808 15 1678 4809 5771 4 4703 5
6459 13 4 9464 916 4 1339 19026 4 1008 4 4703 142 59 26 220 6 5439 317 3136 3 2463 7 47193 297 3 571 5
878 44 34 3 248 4 2251 3365 236 6 1377 13 29195 16 535 3742 21 23 16 3 533 133470 6 56856 5
66 16 97 19 7908 4 834 36 343 6106 6 91 5
81 46 5138 4 43 383 337 40 5310 329 107 8 153 6 2490 3 3212 8 844 7 3 834 10 678 6 422 91 6383 5
659 2769 46 3316 4 629 773 9224 35 163918 33 142 26 2042 6 70 571 95 13 3 773 7 290 3051 71 26 18774 8871 5
5356 4 23 16 5438 6 231 3 42329 8 3608 534 6 1377 13 97 3 282 571 948 8 97 3 282 729 8 416 31 998 5
145 601 94425 3617 2106 1951 15 189 29195 8 56856 297 3 556 394 8 799 470 3365 10 3 12064 2251 386 4 19 9 454 5448 15 289 9 964 1884 3443 148 556 394 8 799 470 3365 10 970 7 13014 18550 7 3 17020 5
81 1070 6 74 601 813 35 33 4 3 17020 7 394 1277 773 7 3 2251 386 3112 14 46 601 31 11662 4 11040 4 47193 4 10382 8 15749 5
238 14 3 169 601 813 35 33 4 93 964 1884 18 217 6 4447 148 556 394 8 799 470 3365 14 70 57078 2936 14 3 11040 6825 5
10526 4 93 964 3272 4447 10 970 7 38506 1322 1884 10 3 8466 1506 356 3 67 600 5
238 14 3 10076 7 17020 1537 2443 7908 7 3 2251 386 4 227588 4 11040 8 47193 42 170 6 27 9 1821 4 964 8 1432 969 15 29195 5
332 3 216 89 192 15066 969 15 56856 21 166 5
631 10382 8 15749 5340 93 1821 8 964 969 15 29195 8 93 11742 964 969 15 56856 4 3847 9986 3 296 601 813 35 33 5
364 7 18423 4117 7 46 601 16 3 231 7 2516 1443 8 7732 1442 1443 35 79022 5
49894 33 10 3 84 5114 7 799 470 8 556 394 3365 677 6 83 1806 2062 15 383603 6192 35 40900 4 33 4 66619 19019 284 2029 6192 35 12090 323 40900 4 2560 33 4 526 276280 6192 35 40900 323 37179 4 7560 33 4 275923 1401 510 1536 7012 35 70410 4 213266 4 12283 32330 4 6833 33 4 1401 719 7012 35 36330 12283 32330 4 7560 33 8 1401 2854 7012 35 20024 12283 32330 4 7560 33 5
10526 4 3 231 7 1016 7 3 150386 17020 538 2489 182 2376 142 581 333 3003 25 9 84 5138 5
473 3 31392 49310 35 1996 323 136355 4 280 109 382003 323 4 2076 33 1217 4 3 542 142 59 581 90679 4413 10 970 7 11245 2376 4538 5
2625 9705 42 170 10 46 601 5
26148 4 46 601 18 2173 10 9 1572 17184 151 8 12146 3 522 142 34 26 488 6 79117 6 83 17677 3248 5
8932 601 71 4417 133 16018 24 1770 61 9 16427 19079 542 5
20379 4 23 220 9 162079 1339 1217 8 3847 3 1102 7 89 18 34 5422 5
66 16 1282 13 10 426 4 9 73805 1339 142 26 2173 5
17 601 220 3 1506 8 46 29 1574 8593 4 3475 4 10 426 83 271279 2520 133 21 35 129550 4 1278 33 4 16036 8 35 42544 323 22605 4 911 33 142 26 4071 6 5518 40 10076 15 29195 8 56856 5
66 51 26 32 2794 1913 92 9 601 86 26 1303 61 15 3 3746 6279 715 133 21 3 8157 372 7 3 12064 19833 4148 28253 7169 35 17 3506 4 7560 33 15 2443 7359 5
5583 4 10 426 4 9 542 15 3 969 7 834 2163 14165 15 29195 8 56856 142 59 26 2173 5