364 7 3 2235 7 7112 1443 14 932 16 6 231 17882 628 3883 10 1416 10711 10 3 916 7 993 49 16764 6 44732 317 19 9104 7444 538 7732 1442 4538 4 8 1379 23 137 99604 10 9 7034 8 1783 152 5
2018 46 317 4 3305 628 16 5656 1328 10 24 18215 10 40 4819 1715 5
966 1212 71 26 3455 92 32 7112 1443 71 807 2246 19 2505 52 40 42136 2106 7992 4 2854 3117 4 8 2854 3898 19 7992 5
81 46 1381 4 80 8850 8 6646 9 197 7 99604 14 32 7112 284 6 581 4590 52 3 7992 7 3 31633 6 3 11373 543 15 3 31633 16764 10 40 3149 5
134 2780 192 42136 2106 74962 99604 10 9 5979 593 22 430 653 19 48 58 1992 619 4 8 12262 8 15564 3 1323 2106 3305 522 10 2205 19 3 2854 650 5
12586 21615 29 2061 21 9 84 1509 4462 35 3748 4 4 323 354403 4 359 33 5
9457 115774 4819 11952 3855 528 3318 7 628 52 3 16764 7 31633 19 593 1943 4 3648 8 19 83 31633 5
17 2137 7 46 628 16 3 74 7 108 4290 13 31710 3 4165 7 9 2854 21615 650 35 154856 4 2560 33 5
8406 14 6625 46 799 653 628 25 523 5146 1543 27 45 1273 133 21 3 260397 24027 386420 1217 35 4 69636 4 4 323 27520 4 359 33 114 628 16 7545 21 55069 5
17 317 71 59 26 7545 10 83 16292 21 57363 35 117253 12283 32330 4 590 33 5
131197 628 16 10637 8 9490 10 9 169 967 4 19 3 733 7 112664 67010 317 13 71 26 220 6 1297 3 2854 791 14 189 11373 8 3 42136 5
522430 31 32 533 40394 6 3001 46 317 8 71 26 7 799 49 272 653 628 35 194119 4 24652 4 4 323 4 744 33 5
7396 71 231 99604 14 101610 35 42550 4 432584 4 4 188997 4 323 4 2076 33 35 4 590 33 4 44 99604 14 1691 4590 7 619 6 2246 16 59 32 533 6681 4 21 2247 24 3 644 13 3 1322 14119 31 48 2274 14 2854 21615 16 10 2246 1533 40 619 35 323 4 2560 33 5
17 1746 8 726 7 7112 1443 13 31 488 6 7532 25 17882 4819 628 76 317 13 16 7034 14 2246 538 7732 1442 4538 16 9 1236 5
145 272 653 317 2818 9 5447 7 3 799 653 628 8 1038 3 2020 7 99604 13 31 22 3 216 89 1369 6 1445 24 14119 44 59 1332 385 95 13 533 1056 52 3 2854 650 31 34 23227 5
622 946 7 67010 317 4321 24 18215 16 3 8489 13 9 42136 16 2073 10 9 392 1129 5
187 16 660 7 3 3898 7 7992 8 2854 35 248188 4 3401 109 9039 4 7108 4 323 27609 4 1422 109 219944 4 359 33 8 9 8867 16 13 2246 71 231 40 619 74962 2505 14 3096 2854 5
12502 4 23 16 1029 14 4819 15204 6 1384 3 7992 7 31633 10 678 6 8172 14031 35 5244 12283 32330 4 502 109 219944 4 359 33 5
273 3099 4 65 9 42136 16 2073 5555 3 11373 250 8172 19 32 5230 7 3 5890 110 4400 24 3 42136 5
10052 4 92 9 42136 16 8661 3 11373 250 256 6 159 1653 8 690 6 2769 48 841 2854 2235 5
931 14583 4722 10 3 296 967 7 3 2854 21615 4165 5
81 678 6 8172 4 3 11373 383 26 2303 7 3 3305 164 7 3 31633 22 32 1570 8 182 653 5
66 16 9 1236 143 6 3001 3 3305 317 8 47 317 6 240 10 32 7112 284 95 13 18215 71 8172 2093 8 19 9 1332 8 7608 317 10978 25 17882 628 5
81 46 1381 4 80 8850 9 197 7 99604 6 581 4590 7 3 7992 48044 5
931 9104 99604 27 45 3677 10 9 5979 593 19 44244 619 4 10 3 5114 7 568 932 4 10 9 169 593 7 9 2463 22 77564 3882 6054 1376 3590 5
134 240 143 2246 71 12262 8 15564 3 42136 2106 3305 522 10 2205 19 3 2854 650 543 15 3 99604 392 24 3 7112 284 5
17 939 7 46 1381 16 10032 21 3177 5
8941 341 6274 9 1165 7 3 6854 1547 6 3 43971 7 7992 10 2854 11952 4 21 166 21 83 99604 14 2854 21615 5
81 8941 459 80 4241 2565 3 12251 6 4697 628 8 6 44732 7992 543 15 3 17882 628 5
8941 503 5181 3 1273 99604 6 581 4590 7 7992 8 6274 3 522 14 31633 7 9 5979 593 4 125 8941 500 6274 9 2898 7 3 99604 21 166 21 426 162 5
364 7 3 13753 7 307 2516 1443 16 3 5093 14 8409 1509 44 22 3 216 89 1369 6 1445 99604 14 3 14119 52 3 67823 13 31 3 665 7 1087 5447 7 628 5
1192 52 143 6 4498 1369 6 231 8 15564 99604 14 694 14119 10 192 1443 29 45 4605 10 307 1131 5
81 46 2586 4 32 2069 43971 5018 14 198770 4434 16 1273 14 363 2538 6 1445 3 1547 317 35 283486 323 63801 4 2560 33 4 49 90 4538 27 45 3677 14 43971 7 7387 35 47153 4 2076 33 522430 1547 6 3 2854 650 31 32 533 492 5
23620 1131 2209 4116 99604 14 718 6804 2854 13 112 34 539 7992 5
931 99604 539 6570 88646 72 89 35 70710 323 124020 4 744 33 4 3297 317 52 3 16764 19 8391 8 12005 35 3716 3061 4 2560 33 4 1715 15 32 96370 35 10141 4 4 6193 4 22672 4 323 14406 4 359 33 4 221 8 3351 7 993 8 1822 35 4 4 27520 4 323 61060 4 2560 109 4 61060 4 1376 6446 70481 158968 4 1376 5567 4 323 17733 296520 4 2560 109 12035 4 4 4 323 27520 4 2560 33 49 855 16764 35 55625 12283 32330 4 280 33 5
7448 4 97 265 1131 27 4605 3 43971 7 7992 10 9 2854 5114 5
1203 7 3 1806 1131 3001 7992 21 9 4591 22055 13 2388 290 3305 164 19 9 523 4591 35 38349 4 10141 4 6793 4 19619 4 323 7277 4 2076 33 5
81 1243 4 104 1131 1101 15 3 9674 7 7992 10 11557 543 15 51423 2376 35 4 70077 4 323 4 2560 33 5
81 46 517 4 35 12283 32330 4 2560 33 16 9 4462 5775 10 240034 13 12443 7992 25 2942 8 16 488 6 3001 90 7992 154 89 5
1563 1217 4088 23623 7 7992 72 89 21 10 35 12283 32330 4 2560 33 44 80 4517 7992 543 15 3 9149 8 4650 16764 19 2854 1714 1016 7 19 2942 4355 5
273 46 1033 4 129 1217 7928 3 1892 7 83 99604 133 21 3 2854 3117 7 7992 5
10526 4 129 1217 1929 84 6372 272 653 23623 14 7992 4 171463 5
92 31633 31 4599 49 337 9 515 10 40 7992 4 49 3305 5595 19 380 8542 5
81 678 6 2565 3 99604 2209 268 10 46 1381 4 46 2124 4853 3 4719 628 2925 3883 10 9 2854 1534 8 3 17592 220 6 12262 8 650 133 628 6 44732 7992 5
17 8557 8 8958 7 3 1506 6 7367 7992 962 1298 31 61 7 3 5114 7 3 1381 4 47 7301 10 3 99604 6 581 4590 7 31633 7992 5
17 628 962 10 46 2124 29 45 3883 10 9 3298 5979 593 7 9 169 64 7 32 3685 2463 5
17 11861 7 3 593 18 179 190 8 628 18 2236 154 6232 1715 617 10 3 1845 8 65 31633 155 13090 15 9 1252 1566 5
12586 1566 8 628 2137 100844 31 1252 19 9 4731 2953 19 70 7 3 3648 43 236 154 3 1043 5
17 4731 2953 16 59 34171 6 410 3 11455 7 31633 19 9 197 7 2333 5
520 3648 31 2190 6 3 9962 7 3 1427 35 96835 4 339840 4 2900 90862 4 4183 9425 8 3323 436949 284 33 125 461 31 7 8942 231 35 2942 3236 8 3377 9160 33 5
17 11455 19 3 2888 3648 4 150 3 89 8 2125 7 652 2828 24 3 42136 4 16 7545 10 9 3359 424 21 10024 5
100844 31 467 6 6153 40 162 137 9 532 436949 284 109 486 19 40 162 3 4462 18243 31 691 6 3 10764 508 9 54377 1217 5
4036 13 18243 7545 10 3 885 10764 27 523 16292 232 6 3 4462 317 43 3576 4 43 383 26 48871 5
172692 31 73301 8 13792 76 9 5536 13 3177 3 260397 24027 386420 35 97952 33 6170 35 12283 32330 4 359 33 5
273 48 317 7 3 628 2137 650 4 14529 12283 3462 5
581 454 1056 10 35 4 61060 4 47002 4 323 17733 296520 4 2560 33 5
112664 7992 25 17882 628 2625 2520 9439 3 15778 7 993 6 3 19001 7 7992 35 34792 323 4 2773 109 4 165063 4 323 5003 4 3728 109 120670 323 4 911 109 35885 4 1515 33 5
79 1029 15565 297 3 2520 16 13 993 31 6401 21 8121 49 19580 1537 3 5149 7 9 733 5
81 129 1994 4 3 733 7 3 42136 16 6 1332 9 2854 1534 3639 5
145 29 45 3 689 15565 6 7673 9 1506 6 10456 715 19348 6 3305 684 5
4036 3 236 6 7367 5897 10 9 9149 7 11537 4 80 31 538 26406 49569 28043 35 354604 33 5
27 67 2757 7 3893 53 197 7 537 11537 8 9 197 7 684 5
1796 35306 7 46025 7673 3 3074 7 3 1506 53 9 60401 7 46025 14 290 164 6 26 3 2007 57 4 9 40056 7 46025 14 290 164 6 3855 290 537 9892 4 8 9 40056 7 32966 148 684 5
1563 1506 15103 218 684 10 3 354604 53 8979 15 2485 4 1913 9 565 4 580 14 2104 4 12538 9 565 4 8 110 11473 5
17 197 7 11537 16 4939 24 3 1945 13 3 42136 71 3030 10 3 4731 1566 5
520 6200 7 3 11537 31 22296 9 447 3639 4 22296 9 447 12685 4 13866 9 447 4 2598 593 1943 10 3 9160 4 8 2598 3377 2038 83 58 3 593 1943 5
17 4195 46025 148 684 31 523 14 290 8489 5
273 3 99604 80 36 1101 15 179 7992 53 9621 4 5362 4 6498 8 25292 5
1113 3 73 67 31 6401 1618 21 11797 684 4 80 539 91 10 3 2520 392 3 1712 6 4434 91 19 652 5897 5
273 946 4 9 7122 42136 10 129 5662 3804 6 447 15 9 120841 1217 5
79 13050 42136 51 104 338 112 8090 10447 6 3 2854 1534 133 21 19189 3377 2038 83 58 593 1943 5
1301 4 80 13012 3 13300 14 9 9149 7 11537 6 26 4209 24 3 1506 7 290 8489 8 4434 13 13300 6 9 2430 25 4568 6 57 13 6154 3 653 7 3 8489 10 13 1129 5
81 46 2124 80 1379 307 99604 19 3 689 6905 7 6620 3 3305 164 7 3 31633 4 21 2113 8 21 9 182 5
89 543 99604 17 13328 43971 35 98586 249 33 6274 3 12642 7 290 8489 14 9 392 42136 446 2838 29 45 1206 540 5
17 14937 22723 2464 3 13328 4 1204 25 1294 65 3 42136 4209 62 74 715 4 285 3 1294 65 3 42136 4209 62 73 715 5
17 11348 22723 2464 3 653 7947 14 3 8489 5
238 2921 1321 4 3 8489 653 10 129 1506 1287 25 4568 6 57 5
101005 43971 7 3 8489 926 154 9 1043 98586 249 5
101005 43971 7 3 8489 926 154 9 1043 5
81 3 946 1233 4 3 42136 39 9 21048 7 6498 8 5362 24 411 584 5
81 1243 4 3 11373 71 10992 13 24 261 620 87 18 9 21048 7 25292 7947 10 3 42136 109 8 3 7992 1206 10 9 3275 1079 154 3 939 7 3 1043 5
81 1243 4 3 43971 358421 2794 266 13 705 525 7 9 8515 4 21 166 21 3 2854 715 13 16 1547 6 13 3305 164 5
17 5018 220 6 2705 3 3220 266 16 543 15 13896 138 266 568 58 3 1153 2288 9 2029 44398 5
81 3 946 4 3 1391 3330 8887 243 54 3 31633 39 9 565 6 23096 62 447 5
8616 4 32 11373 16 488 6 2705 65 9 42136 16 7542 32 3594 8489 5
17 11373 16 59 488 6 2705 3 715 13 1022 3 337 7 8489 10 3 1506 5
145 628 2164 371 3 11373 9 4900 1058 7 4653 6 1333 76 3 2854 1534 8 4530 3 42136 5
66 16 537 6 132703 3 6942 7 70 619 7992 72 89 10 3 3331 35 21 10 98586 249 44 150 70 619 33 5
10526 4 3 1153 14 3 7992 7 3 6831 71 26 848 5
145 16 177 4116 6 7367 171463 5
619 19 544 106 31 163 3 1153 104 7 3 89 4 619 19 74447 544 10 3 89 4 49 4736 114 3 8489 7 104 619 31 2325 5
81 3 4991 267 4 18215 71 219 10 6478 3 2854 1715 154 46 566 4 21 43 1601 9 2190 8489 14 104 619 5
17 43971 7 1562 12609 993 24 40 2442 8489 16 129 83 1581 7 9 159343 43971 5
238 381 10 98586 341 4 3 43971 6852 67 5158 13 31 7 518 14 3 11373 53 3 1562 1534 7 3 42136 4 72006 25 3 1058 7 993 4209 13 168 4 8 3 8489 13 18 2442 6 290 7 138 993 5
81 3 946 4 3 42136 18 177 2374 154 3 73 122 7 681 4 44 62 1534 18 10034 55833 3 74 67 388 7 591 5
17 4591 7 6498 16 34 1461 21 10 3 939 7 3 99604 10 678 6 12681 23 333 25 3 25292 2261 5
2327 193579 7 993 29371 24 7992 98586 341 5
2327 193579 7 993 29371 24 7992 5
5114 543 99604 17 6905 7 46 197 7 99604 16 6 3250 3 2854 5114 10 47 3 7992 42 7947 5
145 71 185 6 1445 3 2854 3117 7 90 7992 5
17 74 1581 10 46 197 16 3 43971 7 7992 24 4462 8 2125 7 8489 35 98586 459 33 5
145 43971 842 3 40986 7 993 4209 24 9 2190 42136 65 8398 9 392 8489 8 538 9 2190 4462 5
473 46 2125 7 8836 4 18215 71 259 47 3648 4209 333 74962 684 6 40 619 5
81 1243 4 9901 46 2125 7 29540 19 3 1153 7 3 6831 71 321 6 4556 18679 7 619 4808 15 3 523 1896 4209 24 523 3648 5
61162 7 993 24 4462 8 2125 7 8489 14 67 392 31633 98586 459 5
61162 7 993 24 4462 8 2125 7 8489 14 67 392 31633 5
81 3 946 4 3 42136 15 3 203 1195 7122 4 5555 8 141 324 13050 125 538 3 2900 90862 35 4 296 25 203 6 243 33 5
17 96835 35 29313 4 74 15 3 203 33 842 9 825 653 7 6498 8 5362 44 192 31 4417 24 3 528 1058 7 993 2442 6 9621 5
66 16 59 973 20891 13 3 653 7 25292 125 538 3 2942 3236 35 4615 4 169 25 203 6 243 33 16 2086 272 677 19 83 7992 109 46 338 770 13 3 42136 5515 10897 62 5979 2485 24 15206 3377 2038 10447 6 3 1427 5
238 9 397 7 4631 4 3 42136 15 3 243 4209 117 993 2442 6 6498 125 538 3 2900 90862 5
17 1058 7 993 16 141 48 58 1429 7 138 7 3 96835 5
145 6154 13 3 42136 16 441 667 10 1654 19 3 2900 90862 4462 4 8 3 11373 86 11804 7429 1547 6 3 5890 7 2900 891 5
1471 4102 1273 21 9 5114 14 7992 16 3 380 1846 13 3 31633 3455 10 3 593 5
17 8489 4 1846 8 1534 99604 35 98586 503 33 2399 3 7488 148 31633 7992 4 3 1058 7 993 43 4209 10 3 2854 5662 4 8 40 380 1846 10 3 593 5
82584 4 1846 8 1534 99604 98586 503 5
82584 4 1846 8 1534 99604 5
4749 3 767 99604 4 3 1846 1547 99604 31 34 1146 1918 3 100402 7 97 57 42136 44 1918 3 1081 1427 182 5
145 2228 9 1821 4631 7 3 3247 3455 24 31633 8 40 7488 6 3 7992 13 290 42136 1867 3 104 154 3 1043 5
81 3 43971 15 3 203 7 98586 503 4 290 5685 49 5713 42540 6 3 8489 7 9 42136 4 8 9 197 7 65509 76289 2464 9 42136 5
364 523 4591 16 220 14 290 523 2125 7 8489 5
17 5425 352 16 22652 6 3 653 7 3 8489 5
81 90 745 3 5685 16 408 6 26 7 97 57 4591 4 47 770 13 46 18 3 37063 8489 14 9 4650 5
17 827 7 3 5713 197 15 3 6219 22723 16 4939 24 3 380 5365 13 3 42136 3455 10 3 593 5
100844 1042 3 593 19 9 5365 7 21328 4 3847 329 42136 15 3 203 347 7 3 2842 732 6 1042 125 3 243 347 1198 3 1427 3639 5
17 12662 22723 16 197 232 6 3 1058 7 993 597 25 3 2854 1566 5
17 5426 9 42136 16 6 3 2245 7 3 2842 4 3 287 2374 82 18 154 3 2854 1715 7 3 1427 5
100844 22 3 260 7 3 2842 31 85651 13 4209 528 3318 7 993 5
17 8960 148 3 13544 7 3 8393 5473 15 3 596 653 14 290 8489 5
17 197 7 8393 16 16771 24 1646 10 29766 678 4 2677 13 138 8393 19 9 528 182963 5685 10 3 1055 27 1195 48 7122 10 596 58 138 19 9 396 182963 5685 5
364 946 13 14103 46 1884 16 3 67 85651 22 3 260 5
17 6498 352 15 3 57 13 732 6 1042 3 593 16 623 1978 58 3 57 15 3 243 4 37 958 1198 3 593 5
79 169 1185 7 3 76289 43971 16 848 15 3 243 7 98586 503 5
17 216 317 16 3345 10 46 8593 44 3 221 7 993 16 34 351 76 1250 5
17 6219 22723 16 149 2442 6 3 380 1846 7 3 42136 10 3 593 4 8 3 1646 7 3 76289 16 59 1722 24 3 596 653 14 3 392 8489 8 3 392 42136 5
187 31 67 964 893 10 46 1185 5
1532 4 9 42136 16 34 3380 24 65509 8393 6360 44 24 9 197 7 8393 14518 29595 5
17 169 1884 16 13 28 827 22 12662 22723 16 3601 232 3 4669 8489 5
1655 189 7 192 73 99604 4 23 16 2794 8 59 230 6 196 31633 19 9 272 653 7 6498 6 3303 3 593 5
81 614 4 23 16 59 2794 13 14 104 31633 3 2073 7 9621 18 3 1391 57 4 54352 289 43 1198 3 1427 22 3 194 7 34 5
81 1243 4 9621 8 25292 31 3 37063 7992 14 619 19 272 3247 8 265 993 5
522430 7 337 10 8489 17 296 2125 7 99604 16 1547 6 893 7 7992 154 3 2854 1534 5
17 43971 16 46 3936 35 196 98586 500 33 16 52 3 893 7 7992 1601 24 290 4462 13 3 42136 220 5
17 946 842 46 317 14 3 216 31633 7 3 98586 459 5
66 16 2794 6 196 13 958 3 2900 90862 35 33 4209 104 7 3 893 76 3 164 7 6498 4 125 3 96835 35 29313 33 9032 893 6 3 164 7 9621 5
151988 7 3648 13 9032 8489 893 14 67 31633 98586 500 5
151988 7 3648 13 9032 8489 893 14 67 31633 5
17 42136 15 3 243 842 9 523 5195 742 19 90 13980 5
300832 8 3377 9160 422 35 174287 33 15 2406 3 42136 705 76 3 9621 8489 4 44 322 3 3377 9160 340 34 12882 6 705 76 3 6498 164 5
81 1243 8 4446 3 74 42136 4 4183 9425 35 33 8 2942 3236 35 4615 33 31 4279 3648 14 3 42136 6 756 7122 5
622 1117 15565 7 518 14 3 11373 16 3 95312 14 290 8489 1867 24 3 42136 5
17 6300 7 95312 220 10 46 162 16 3 2029 44398 7 290 8489 7947 5
622 946 7 46 43971 16 1252 10 98586 708 4 9935 7 179 6139 4 57 14 290 7 3 7 3 95312 653 5
17 449563 42540 6 3 95312 653 7 6498 4 8 10 46 267 23 842 143 117 31633 31 3244 4547 15 40 653 7 6498 5
79 825 7726 71 26 3455 25 3 25292 3936 4 15133 182963 5
527 4 5362 8 9621 35 1426 8 2412 4 3995 33 4459 13 3 42136 27 31093 48 58 10 3 83 7992 5
7 3 95312 7 290 8489 154 3 1043 98586 708 5
7 3 95312 7 290 8489 154 3 1043 5
522430 7 12609 317 81 46 197 80 539 179 99604 13 3001 3 7992 7 3 1081 1427 154 3 1043 5
17 6905 7 46 843 7 99604 16 6 581 3 11373 19 9 1332 20071 7 3 7992 1867 24 31633 10 62 1427 5
145 317 16 220 6 1333 15 9 2190 42136 44 6 12262 5158 13 2498 3 182 35 171463 5
2854 1943 4 1566 8 3648 33 5
17 74 43971 16 9 11476 29540 7 3 596 653 7 290 8489 14 3 1081 182 7 31633 5
17 946 35 98586 700 33 842 13 3 596 653 16 460 3 216 297 3 7992 5
34132 653 16 1927 568 58 3 939 7 7992 4 110 3 57 5362 623 1731 5
9897 926 7 8489 14 3 182 7 31633 98586 700 5
9897 926 7 8489 14 3 182 7 31633 5
17 169 43971 10 46 197 842 3 676 1058 7 993 25 290 4462 8 2442 6 290 8489 5
66 16 2794 6 196 13 9621 16 3 37063 8489 154 3 9892 7 993 5
17 4183 9425 16 3 4462 1629 220 154 3 593 8 59 3 57 13 4209 3 104 993 2442 19 9621 5
238 23 86 26 33040 4 3 4462 13 31633 220 3 104 125 2073 13050 18 3 3377 9160 4 995 13 43 220 23 6 909 6404 3377 2038 5
17 161 43971 16 3 596 653 7 290 8489 125 538 290 4462 10 3 2854 1534 5
631 3 1391 653 7 9621 16 1595 24 3 4183 9425 21 10 3 767 43971 4 87 31 83 266 973 6 12262 5
1532 4 3 653 7 9621 16 4154 22 9 6127 397 24 104 7 3 3648 4 2936 2900 90862 4 726 1566 35 33 8 339840 35 33 5
1113 46 86 1153 192 3648 39 9 2366 969 15 3 31633 9621 10 614 4 23 144 59 26 1109 13 3 3648 31 59 3 248 220 35 7253 6 98586 704 33 5
29451 14 946 3 9621 596 148 3 2942 3236 35 4615 4 296 25 203 6 243 33 8 3 726 1566 35 2905 25 203 6 243 33 109 742 31633 112 825 8090 15 91 4 3 2942 3236 842 9 4900 568 596 653 7 9621 5
8616 4 3 4631 16 1768 24 3 143 146 31633 220 290 4462 5
11292 7 993 24 4462 8 8489 14 70 31633 98586 704 5
11292 7 993 24 4462 8 8489 14 70 31633 5
1471 2794 644 1595 10 98586 782 16 3 272 653 7 6498 2457 24 3648 105 3 96370 35 4 74 15 3 203 33 8 3 3377 9160 5
145 6154 13 31633 873 6 4855 40 5979 5464 24 580 14 15041 10 3 1427 1943 4 8 59 24 580 14 317 10 120 83 3377 433 5
9897 653 7 290 8489 24 4462 98586 782 5
9897 653 7 290 8489 24 4462 5
238 230 4 4183 9425 8 96835 31 3 3648 13 240 3 1391 14407 7 6498 8 5362 10 31633 5
145 644 8635 59 15 3 1506 220 6 44732 7992 121 441 9 565 125 22296 9 447 16 57 7 3 993 104 2442 6 138 7992 5
17 73 43971 35 98586 183 33 16 1148 538 3 216 317 58 3 767 57 35 79022 5
3 596 653 7 290 8489 65 538 290 4462 4 14 70 31633 33 5
17 1884 8635 15 3 317 110 2209 10 9 70865 6170 623 58 27728 5
17 2854 3648 31 9806 180 3 41506 441 179 38451 3758 290 5
17 5514 7 290 2261 496 3 41506 16 197 24 3 596 653 7 3 2442 8489 5
141156 43971 7 3 596 653 7 290 8489 24 4462 98586 183 5
141156 43971 7 3 596 653 7 290 8489 24 4462 5
134 27 2209 2752 3351 7 99604 6 581 4590 7 3 74962 164 7 31633 8 80 27 3677 91 10 3 5114 7 932 10 9 5979 593 5
931 99604 31 272 653 317 13 16 10978 21 9 665 7 9 5447 25 799 653 628 7 1481 16764 19 523 7998 4819 3648 5
17 99604 31 29371 10 179 5835 53 159343 4 5114 543 4 3305 893 4 8 12609 317 5
89 543 99604 852 3 11373 6 12262 3 893 7 290 8489 154 3 1043 7 3 1427 5
17 11373 16 153 488 6 196 120 5195 10 3 3305 893 7 3 42136 8 6 259 96 1022 3 42136 6 337 32 8489 11439 5
622 2794 231 7 192 99604 16 6 12262 3796 8 855 1715 13 2273 65 3 893 7 7992 1230 5
273 946 4 8489 7 31633 16 230 6 337 154 3 7784 566 7 3 1845 5
34417 7 855 1715 13 86 2498 3 8489 13 31633 240 10 1427 31 4279 2087 993 49 281 9712 5
5114 543 99604 42 2209 21 9 152 6 12262 3 1102 7 53163 3893 2011 9 42136 2106 7992 5
1563 2105 1967 15 67 53163 3893 53 2854 3648 8 380 8542 5
1516 2003 6 26 1109 86 26 2854 1943 10 678 6 7367 2190 2038 13 6654 15498 3 2854 791 5
1471 533 176 7 5114 16 42136 2737 90997 4 121 46 86 581 4321 317 52 15 143 7992 31 1768 24 682 9 2854 1534 22 139 1016 7 3 1845 5
931 84 3893 71 59 26 10637 10 3 5114 7 893 7 7992 8 852 12538 952 105 53 4799 3 254 114 3 2854 1534 16 617 12882 9 337 7 8489 88
472 254 12244 48 5362 65 9 42136 2527 3 96835 88
2420 31633 128 48 13050 22 139 58 22 3 1845 88
8932 162 1038 3 8557 7 3 99604 1273 10 46 1381 5
134 31 1330 67 22015 4 57 2828 24 1149 10 3 352 7 7992 10 2854 11952 8 184 57 19 18215 7 3 593 3380 10 3 99604 5
17 689 3644 7 3 8557 16 6 2705 138 99604 13 333 3250 3 7992 7 3 31633 4 3847 1533 3 11373 6 26 2303 7 3 3305 5114 7 62 2854 1715 5
1471 537 517 7 162 16 3 7254 7 192 99604 76 9 284 6733 6 18215 137 3 1081 1043 5
81 46 517 4 3 3112 1217 86 26 6 5507 307 19266 76 157663 12586 26350 5898 35 33 35 12283 32330 4 2560 33 5
5583 4 80 31 59 2274 15 12430 84 99604 24 14426 49 24 10503 3 1603 1273 10 46 1381 5
145 1217 86 539 59 3 5633 7 150 7039 49 7392 3893 76 3 99604 5
8616 4 3 43971 86 231 1627 6 3001 10887 10 3305 317 486 17020 133 21 89 4 696 4 2854 4462 4 8 42136 2737 5
249 273 9088 7 4591 10 98586 708 4 3 7067 16 3876 6 3 3377 1185 7 46 1181 5