17 1381 6274 32 6062 1217 6 3 4355 7 3 1784 3648 15 3 1625 7 40 1973 2809 24 3 2741 5
17 10455 8090 539 53 3 6062 90997 7 3 3648 10 3 1973 4 445498 7 3 1973 35 4 5266 6381 4 6574 3 3757 4 40937 4 4703 5
33 4 2020 7 3 28579 145935 4 13566 7 145935 10 3 604 7 3 13752 2000 4 3394 7 3 2000 8 380 967 7 19372 7 3 3648 5
17 3961 7 3 1589 284 29 45 14580 15 3 946 7 21260 197 7 1784 3648 8 3 522 7 46 13566 31 2209 8 2994 10 3 1381 5
17112 3309 1443 31 110 1576 220 14 5242 2333 133 21 4355 8 19372 7 523 6589 5
622 533 8448 10 3 726 7 7112 6619 1443 29 45 3 4430 561 7 8116 326 10 308 85 4 9556 19 3 867 13 80 86 3639 17515 3 17882 12251 7 3 2032 5
6506 6 3 17592 998 24 3 7732 1442 4309 4 43 31 488 6 4855 841 46333 544 15178 10 3 2485 7 5811 4355 5
17 1375 746 6372 284 29 3 1175 6 4517 32 5811 680 893 10 3 5811 2106 827 10 3 9796 857 4 50 1646 4 49 50 12602 5
273 117 1784 2333 2096 19372 7 3893 163 4355 4 3 2953 3309 1443 383 59 27 46 1175 5
966 1784 2333 7 2953 3309 852 6034 6 26 1658 8 6401 24 40 11763 82242 49 27167 35 2552 323 23499 4 3401 109 323 8539 4 1422 33 5
622 946 7 23 16 9 10051 4355 7 1784 1172 8 3648 10 3 2916 1566 5
81 104 4197 49 17309 1583 307 523 3351 7 3648 7 3 12483 424 10 2379 31 5487 5
1700 4355 9317 6 3 565 7 5811 4355 49 5195 7100 35 128359 4 6351 4 323 65731 4 1095 33 5
145 162 6274 8 21519 3 2673 7 2953 3309 4309 10 3 5447 7 837 2741 41748 62377 2233 14 39811 5811 4355 8 19372 5
17 11763 82242 317 18 3112 21 3 1625 14 3364 3 3112 1784 3648 22 40 4355 5
17 12362 3157 7 3 5811 142 916 3 197 7 13752 2000 4 220 21 3 9796 317 6 3 303777 4 1479 14 3 380 4355 7 3 5811 5
81 129 1217 6 3 7 1784 5937 80 6797 3 650 76 67 346 4290 5
17 74 57 16 3 21946 7 3 6825 7 518 25 3 2809 1973 8 28917 7 23 24 3 28579 2000 166 3364 50 3157 5
81 3 169 967 3 28579 145935 4 226 59 3 13752 2000 4 31 255 6 3 9796 7 6062 303777 4 1479 14 3 380 4355 5
966 308 2506 7 536044 4 150 7732 32542 2642 142 3030 3 604 7 380 4355 5
81 46 162 80 36 2780 67 104 4213 2506 53 3 6951 4895 7 421 2855 8 9207 58540 17112 35 187305 33 5
17 28579 8365 36 26 617 15 3 197 7 1906 1784 3648 17693 24 3 3157 4 1646 4 2737 8 12602 10 3 9796 857 5
17 445498 1959 36 10775 3 6825 25 3 1973 4 6585 91 6 3 48871 2000 1216 15 40 2737 4 12602 8 1646 5
435 3 3394 650 80 128 3 104 533 2000 4 47 31 220 21 3 9796 317 6 3 303777 4 4149 3 380 4355 5
17 1973 7 3 9796 857 142 3576 3 2794 5811 3380 10 614 24 170832 4591 5937 8 90 1731 3893 3364 3 5266 5
17 689 2485 7 46 967 16 6 119744 3 5811 8 23 10 3 152 8259 6 128 50 28579 28917 5
7 3 1973 17 7 3 1973 16 3 650 7 12390 3 1973 76 3 46302 57 4 10 47 290 50676 29 57 7 67 537 7665 926 53 883 57 49 4568 5
17 74 1092 16 6 6585 3 4591 76 8248 926 5
145 16 617 14 290 50676 10 3 827 35 14937 4 11348 33 24 538 2029 7488 35 6355 323 2149 4 2076 33 35 249 33 114 1883 4 5828 8 2636 3001 3 108 4591 28917 7 3 50676 5
81 3 169 967 3 31274 8248 926 31 4902 6 9 760 8 924 1973 24 6098 3 3206 8515 871 4 8 48975 70 39079 19 2770 996 46 8515 21 924 4 8 70 83 39079 21 760 5
17 533 565 16 6 5339 3 4007 8515 5
66 5473 15 3 6461 912 22 3 1973 5813 21 166 21 15 3 2125 7 3 1973 5
17 8515 871 142 26 3467 15 3 152 7 117 3524 49 24 7623 3 33855 5018 4 14 946 3 506237 5018 35 33 5
280906 7 32 5811 17 161 1092 7 5447 16 3 90997 7 3 4462 10 3 9796 857 1973 5
17 2370 9513 16 13 3 4462 20330 3 612 352 10 3 857 5
12502 80 9015 3 1081 857 4231 14 3 612 9824 642 5
145 31660 16 226 3 9431 561 35 6355 323 2149 4 2076 109 4 1095 33 8 16 7762 15 1913 70 39079 8440 9824 642 5
17 31660 2179 916 3 1559 7 3 1973 580 14 3 760 50676 5
2927 80 398 6 70 537 760 39079 9545 6 3 277 170 4 1723 10 46 152 3 9431 5
17 612 170 9824 642 9935 7 97 760 39079 16 351 21 129 5811 7 518 5
766 83 39079 7 3 1973 31 1804 21 3 3519 8 1406 6 3 924 4591 5
17 73 1092 16 6 3189 3 3757 10 3 1669 5811 5
145 16 617 24 7623 3 107736 1315 7 986 8 2157 35 4 1095 33 5
98586 249 14103 3 650 7 9431 561 3677 14 11533 3 3157 7 9 49128 5
17 74 1973 35 9 33 14103 249 202 19260 4 3 169 35 8862 33 716 202 7 19260 7 9431 561 4 3 296 35 8258 33 577 202 7 9431 561 8 3 73 57 35 5547 33 3 3157 7 3 4462 54 6574 3 3757 5
17 19798 7 3 650 7 9431 561 14 11533 3 49128 10 98586 249 5
17 19798 7 3 650 7 9431 561 14 11533 3 49128 10 3 9796 857 53 35 9 33 249 202 7 19260 4 35 8862 33 716 202 7 19260 4 35 8258 33 577 202 7 19260 4 35 5547 33 3 380 3157 54 6574 3 3757 5
53798 7 28579 145935 7 3 1973 435 13851 3 3157 7 3 5811 3 161 1092 16 6 7673 3 28579 145935 53661 3 5811 5
81 129 2104 80 27 7762 15 3 93880 145935 5
17 1625 7 46 6652 16 3192 24 3 93880 28917 7 3 5811 4 907 3 521 8 115615 692 7 3 5811 4 3 521 8 115615 91005 4 21 166 21 2031 6535 15209 35 26442 4 502 33 5
17 521 352 7 3 5811 16 1804 21 3 676 221 7 760 39079 8440 3 5811 5
17 15410 16 3 221 7 11763 39079 7 3 5811 5
17 115615 19393 35 352 8 15410 33 27 45 4939 538 3 4102 7 115615 15270 3601 15 3 11763 266 7 3 3157 7 3 5811 35 4 4 277941 4 323 14380 4 280 33 5
17 2031 6535 15209 9317 6 57 7 3 1170 3684 220 10 124746 3695 5
66 16 9 5018 7 15826 628 7 1812 5897 24 2958 3 5811 76 1731 8 1731 3077 226 4925 4 8 15826 3 3077 22 290 1731 2430 5
17 3316 7 46 650 16 6 5518 143 11537 7 3856 337 19 2430 5
81 5131 23 1170 143 3 4385 7 3 1812 11963 16 2571 65 3 14555 16 2828 19 3 853 8958 35 26442 4 502 33 5
3062 286 4753 13 3 5811 163 28917 16 1942 15 3 3076 2278 19 3 197 7 1685 31958 35 20085 10 331242 904 33 7 3 1646 5
1301 80 2408 3 221 7 31958 13 3576 120 26262 7 3 5811 5
145 221 16 17763 6325 15 3 1646 7 5
3062 286 60121 23 21 6517 35 33 5
22769 3 1646 80 128 523 2770 7 6517 35 33 4 2239 1723 65 16 5668 5
81 1407 1016 7 80 231 3 221 7 9383 31958 4 290 7 3 1646 4 3601 15 3 1109 10637 26327 352 5
17 871 7 2106 16 61531 22652 6 5
81 46 152 3 6300 7 3 2031 6535 15209 5547 71 26 1465 10 3 916 35 341 33 17 871 5547 4 11737 21 3 14314 7 3 11963 10024 35 6517 35 2106 33 33 19 2201 6 10024 35 2106 33 4 2464 3 2031 6535 15209 4 53661 3 10119 7 3 11963 5
659 231 3 2031 6535 5141 80 27 6 7673 97 57 96734 3 221 7 4925 4 6325 15 139815 145 221 15103 59 3 1646 7 3 9383 46302 40056 2106 98236 139815 134 1970 92 120 26262 7 3 11963 11371 290 2031 5
208 3458 4 80 255 57 10 3656 2737 7 3 40056 4 10 83 267 4568 5
81 46 152 80 128 3 221 6517 35 2106 33 5
6832 3 7488 35 341 33 80 128 3 871 7 3 2031 6535 15209 5
17 2031 6535 15209 71 916 3 1821 28579 142200 4 121 232 6 3 6300 23 2464 3 3703 871 5
349 3 83 881 25 3 2376 7 3 2233 23 16 7587 13 3 2370 93880 19393 35 352 8 15410 33 86 34 26 220 21 3 1821 145935 4 121 40 2770 337 19 3 1646 7 3 5811 5
1858 80 27 231 90 7592 7 91 4 4939 10 9 3703 152 5
3062 286 60121 3 1752 5559 19393 24 3 508 12171 53 79 521 352 7 3 5811 190530 115615 352 7 3 5811 3280 15410 7 3 5811 12330 115615 15410 7 3 5811 2636 2031 6535 15209 349 3 1625 7 91 80 27 4939 3 508 145935 4 110 3 785 13752 2000 35 126100 4 4 323 4 359 33 2778 149911 5514 35 459 33 2778 388247 149911 5514 35 503 33 2778 132170 2916 35 500 33 2778 388247 132170 2916 35 708 33 2778 2916 35 700 33 2778 297276 2916 35 704 33 2778 17 5514 7 2636 8 3280 35 782 33 2778 17 5514 7 2636 8 12330 35 183 33 2778 17 5514 7 2636 8 79 35 407 33 2778 17 5514 7 2636 8 190530 35 403 33 931 183 145935 8 3 2031 6535 15209 916 3 197 7 407 785 13752 2000 220 24 3 303777 6 4517 3 6034 5
39937 7 3 2000 17 5998 4209 145935 142 27 523 969 15 3 19372 650 35 128359 12283 32330 4 1095 109 323 4 1095 33 5
520 7 91 142 13223 3 216 2770 14 523 3597 8 90 3001 3 5266 25 3 397 7 1069 7 5195 4355 5
3589 2419 144 26 12072 24 3 3449 2770 14 5036 7880 6 3 216 1427 8 22 3 216 89 43 144 5697 2537 14 523 3597 5
8616 3 533 565 10 3 19372 8 2953 2854 16 6 384 61 3 2000 7 3 1391 3238 14 3 565 2104 5
71479 13 3 11037 7 90 2000 2697 6 3 2807 7 3 551954 7 3 2419 904 8 3070 7 773 7 3 303777 10 3 2279 7927 14 3 628 34 427 176 10 2854 5
1655 117 424 4538 7 2419 3394 35 128359 12283 32330 4 1095 109 323 4 1095 33 105 3610 6825 2376 4 2376 7 17521 1806 297 2000 4 17521 148 3 2000 8 3 3597 4 2673 7 2419 5791 24 7623 3 27728 187305 4 3 2376 7 1153 8 48517 7 3 2000 7880 6 523 3597 4 80 27 3112 3 73 57 5
17 48517 7 3 2000 12510 6 320 7 57 1427 144 26 21 396 21 537 5
349 3 83 881 4 6 12681 148 523 3597 4 3 2371 7 770 7 2419 2770 14 3 628 7880 6 523 3597 144 26 6564 25 290 83 21 146 21 537 5
1354 3212 31 2164 671 6 916 3 5240 85612 61856 35 18365 33 4939 14 3 2419 18365 22 4355 7 67 6034 7880 6 523 3597 79 8 2636 35 698 33 81 46 6300 38809 8 31 3 1153 2770 7 3 2419 18365 10 3 1427 79 8 2636 4 3995 5
17 23394 8 3001 3 2029 64441 2118 14 3 7562 1427 5
17 528 871 7 61856 35 18365 33 6154 206 785 8960 1175 7 3 2419 18365 14 192 67 3597 5
349 3 83 487 50 396 871 770 13 46 1654 2419 16 34 206 14 3 4355 148 3597 79 8 2636 5
17 197 7 145935 7 1391 2770 7 5240 225419 916 3 19547 197 7 2000 5
17 3467 197 7 2000 16 3 13752 317 255 6 3 9796 7 3 536044 5
659 128 3 282 522 7 5195 4355 80 27 6 2780 3 104 4213 536044 5
1210 6 3 2755 2505 6 3 282 2506 7 3 536044 7857 3 9207 58540 17112 35 323 518108 4 1422 109 4 2804 33 8 6951 4895 7 3 421 2855 35 4 1278 33 5
931 67 1443 7 536044 6227 10 370952 35 370952 4650 10167 19 220176 4 2560 33 36 26 3677 8 4400 10 3 1381 5
18484 3 187305 16 9 27728 2953 4 418 10 3 272 61638 2419 904 3192 24 3 103860 15987 7 3 9424 61638 9796 60401 14937 76 9 14305 61638 2419 904 35 4659 6117 6517 33 137 3 231 7 9 54861 4859 9273 35 14937 4 94604 33 5
66 16 424 21 32 3419 303777 7 206 83538 1175 35 4 2804 33 5
17 2854 565 7 187305 16 27394 21 3 2485 7 14627 3 2854 83735 76 67 3597 7 3 5024 2770 883 14634 3082 249 35 57 1427 33 49 14634 3082 35 3 3634 1427 33 4 19 3 99252 8960 3053 5
17 8960 3053 3192 10 3 2854 967 232 6 3 5892 871 7 3 375055 4599 3298 1708 90 7407 7 46 303777 6 3 5266 4 8328 3345 10 3 2279 628 5
17 485 1653 7 187305 16 3 2665 24656 7 2854 565 557 6 3 210979 5979 19 27728 12453 4 47 16 1369 6 4855 5
17 187305 7 3 201026 54861 29 45 220 10 129 2673 5
17 7 3 201026 4859 8 3 375055 4599 3298 31 1618 5210 24 12684 3 2854 8365 14 3 197 7 40 125444 2770 8 6098 3 282 57 22 3 25017 628 2757 5
17 3848 2770 7 192 19393 14 3 48871 9796 628 31 249 8 3298 11226 5
659 293 19 9 565 7 117 3597 3 57 111 57 49 57 111 70 6599 418 15 9 5131 7 3 1045 2133 35 323 518108 4 1422 33 31 1618 3677 5
81 129 2104 80 27 3677 3 57 111 57 1217 4 121 46 1217 321 6 3 333 676 522 7 4355 5
17 35 4 1278 33 6951 4895 16 32 12516 7 117 421 2855 8 55906 3 1427 2653 24 3 1045 7 3 1570 2855 5
17 5018 10556 47449 867 8 3 6951 3394 7 2000 14 290 38105 10 678 6 13014 9 2137 7 421 2855 19 3275 13422 5
3194 3472 10 3 4895 16 9168 10 9 152 1691 3 1391 2463 7 2744 5
70797 13 3 221 7 928 745 16 9421 4 8 3 221 7 9796 23394 10 3 303777 26 12357 60121 24 15441 3 221 7 9796 23394 6 26 220 6 2258 3 421 22 9 38105 7 3 3472 109 15441 144 26 287 58 12357 26708 9 928 197 14 3 3472 24 6098 9424 400 35 19 3780 33 25 70 9421 558 928 745 5
10555 3 939 7 3 745 6 2882 3 3768 7 3 3472 4 24 7678 40 3597 5
273 290 38105 7 3 3472 4 2401 14027 15441 23394 15 47 6 1084 3 421 22 13 38105 5
104853 3 282 2714 543 15 192 15441 23394 10 3 928 197 5
34222 290 3472 6 26 1816 2708 8 34 56619 5
17 1427 10900 7 9 84 5907 16 617 24 2684 23 124 3 197 7 2855 5
3194 3472 48692 3 4336 7 3 928 5907 10 3 6264 822 23 3006 55 10 5
17 216 4644 16 313332 72 70 2855 10 3 12516 4 8 3 1045 7 1584 7 70 2855 10 3 4895 23677 3 1427 5
7337 1084 81 3 28579 8365 80 27 4218 782 3597 7 3 1784 3648 5
17 4218 3597 539 53 1427 249 4 1427 341 44718 7498 4 1427 459 34117 4 1427 503 4925 4 1427 500 90195 4 1427 708 55655 4 1427 700 15948 4 1427 704 14857 14 88176 4 1427 782 88176 5
17 837 21260 3553 7 290 1427 31 2209 10 98586 341 5
17 6200 7 3648 220 14 4355 10 3 28579 8365 35 290 98586 341 5
17 6200 7 3648 220 14 4355 10 3 28579 8365 35 290 4462 16 3380 24 9 837 946 33 5
81 3 74 197 7 8365 7 3 5195 4355 80 27 3380 290 1427 24 2511 2113 4 17693 2537 25 290 83 5
98586 459 6274 3 21260 197 7 3648 3364 3 1427 7 34117 5
238 23 16 381 43 5697 2537 24 3 3157 4 1646 4 5084 7 19393 4 12602 4 827 10 3 6712 857 4 4703 5
17 197 7 2511 2233 7 9577 220 10 3 8365 98586 459 5
17 197 7 2511 2233 7 9577 220 10 3 8365 5
81 3 169 197 7 8365 80 27 5291 143 129 6062 284 16 148355 6 523 3351 7 5266 8273 3 1570 1973 5
145 89 80 27 5892 13 3 284 12443 57 3112 3890 7 290 4462 4 3380 10 9 523 2430 4 1678 2371 10 3 6712 857 4 22 3 1892 7 90 12006 4 10509 7 5911 7 523 3157 4 5248 7 54293 4 4703 5
17 221 7 3553 7 290 1427 18 59 3628 2511 5
17 21260 197 7 49128 2106 14857 220 10 8365 31 2209 10 98586 503 5
17 21260 197 7 13703 2233 7 14857 7 49128 220 10 3 169 2125 98586 503 5
17 21260 197 7 13703 2233 7 14857 7 49128 220 10 3 169 2125 7 8365 5
17 522 7 3 74 197 7 8365 17 3316 7 3 74 8365 18 6 1970 143 3 1589 284 16 148355 6 3 893 7 3 3157 7 3 3648 4 133 21 13 2209 10 98586 459 14 34117 5
81 3 74 967 7 445498 4 54 21946 7 3 12483 7 290 4462 4 3 104 533 18 3 2020 8 3394 7 3 13752 2000 4939 10 8941 7170 5
134 27 5291 3 379492 2362 7 290 142200 14 70 16691 7 3597 35 2592 9906 7 341 1427 544 33 5
273 290 1808 7 3597 3 871 7 5988 85612 29 45 7154 8 153 7074 72 70 9906 5
17 16364 13752 871 7 3 142200 344578 35 11856 3082 249 4 341 4 4 407 33 16 4939 21 35 685 33 98586 500 6274 3 3201 7 3 2770 7 2567 35 344578 33 14 3 15663 2000 4 7074 72 70 16691 7 23 16 381 3 1391 16364 871 2464 46195 2916 4 47 16 72 67 400 333 58 3 161 57 35 3 115615 132170 2916 33 5
17 248 379492 2770 31 2442 19 70 179 13544 7 2031 6535 17020 19 2201 6 3 93880 19393 5
527 3 2031 6535 15209 2636 1010 16 9576 206 5
17 7074 16364 2770 7 3 5988 1415 14 3 98586 500 5
17 7074 16364 2770 7 3 5988 1415 14 3 15663 2000 10 3 74 197 7 8365 5
659 1970 3 1277 7 133 2770 7 3 379492 1170 7 3 13752 2000 80 27 24717 3 628 76 9 331242 284 3380 24 67 282 145935 5
98586 708 6274 3 3201 7 628 10 67 61638 904 3192 24 31679 8 35 67 282 145935 33 5
17 3201 7 628 266 10 3 11572 284 3380 24 67 98586 708 5
17 3201 7 628 266 10 3 11572 284 3380 24 67 104 533 2000 5
134 71 196 3 2794 3201 7 3 628 266 5
17 3553 7 3597 31 1942 10 523 3248 7 3 1535 4 1618 10 3 9824 2757 5
527 4 90 3597 264213 19 3 83 4 363 40 4355 2784 5
66 16 7587 4 13 3 4355 7 3597 538 97 67 13752 2000 16 2784 5
134 27 6 231 11477 197 7 145935 5
659 128 40 19547 11036 80 27 115 22623 8365 7 4355 22 2673 7 11264 221 7 3 2000 6103 10 3 17073 678 7 40 379492 1175 5
238 3 303777 80 27 3677 3 201026 54861 187305 418 10 57 111 57 7927 5
901 296 7 3 628 29 45 220 10 2854 8 3 939 35 7 628 33 10 2279 5
238 9 522 7 192 8365 80 27 170 3 19547 221 7 145935 16 3628 500 35 31679 4 4 4 8 2636 33 5
2927 80 27 2828 3 183 13091 2858 25017 8365 7 4355 538 192 500 13752 2000 21 3 9796 317 14 3 201026 54861 187305 1219 10 57 111 57 7927 5
17 628 18 3868 76 183 1172 5
7620 1172 42 220 10 2854 8 3 73 57 10 2279 5
81 290 5867 3 2279 176 18 9703 19 57 7 3 2854 1172 5
17 522 7 2279 42 7074 5
17 1153 871 7 3 3703 2279 3768 18 3628 146445 202 5
20498 249 16323 3 6498 40056 7 3 4355 4 2209 10 3 916 7 4355 522 7118 3 2279 628 34 427 176 10 2854 10 70 183 2858 25017 8365 5
20498 249 5
17 6498 40056 7 4355 7 782 3597 7 1784 3648 5
40692 249 341 459 503 500 708 700 704 782 249 35 33 2511 6494 6494 6494 6494 6494 6494 6494 6494 341 35 315480 7498 33 6494 1403 6494 6494 6494 249 459 6494 6494 459 35 30266 33 6494 341 306 6494 6494 249 6494 6494 6494 503 35 68608 33 6494 6494 6494 1403 6494 6494 6494 503 6494 500 35 90195 33 6494 249 6494 6494 1078 249 6494 6494 6494 708 35 442860 33 6494 249 249 6494 6494 306 6494 6494 249 700 35 251357 33 249 341 249 6494 6494 249 1227 6494 6494 704 35 68077 14 88176 33 6494 6494 6494 459 6494 6494 6494 306 6494 782 35 541763 33 6494 6494 6494 6494 6494 249 6494 6494 2131 17 216 8365 27 45 3629 538 3 6951 4895 21 3 303777 5
901 296 7 628 266 42 220 10 2854 8 7 2279 5
17 282 522 7 4355 27 45 3455 24 8500 15441 3082 459 23394 220 6 2258 3 421 22 9 38105 5
17 282 522 7 4355 3455 22 2673 7 306 421 2855 10 3 4895 18 46 89 1734 58 13 22 2673 7 187305 5
17 1153 871 7 3 3703 2279 3768 18 3628 100915 202 5
17 522 7 3 169 197 7 8365 17 169 197 7 8365 1827 15 6457 3 9512 7 3 1589 284 15 3 5248 7 3 5266 8 83 20754 1806 10 3 1973 7 3 3648 5
145 89 3 1494 3157 7 3 4462 18 2665 8 3 20754 27 45 2042 16699 24 286 5
17 21260 197 7 13703 2233 7 14857 7 49128 220 10 3 169 2125 7 8365 18 1595 10 98586 503 5
17 83 3648 27 45 59 12500 10 9 825 2066 5
10052 6 3 767 8365 14 290 1808 7 3597 80 27 7154 3 871 7 5988 225419 8 153 7074 72 70 9906 5
17 16364 13752 871 7 3 15663 145935 6103 10 3 17073 678 31 2209 10 98586 700 5
2491 369 3 1391 16364 871 2464 46195 2916 4 47 16 48 58 108 400 568 58 3 161 57 35 3 132170 2916 33 5
17 248 379492 2770 31 2442 19 3 2031 6535 15209 8 50 5514 6 3 93880 19393 5
659 1970 3 379492 1277 7 67 282 145935 80 27 2209 3 3201 7 3597 10 9 331242 284 35 98586 704 35 9 33 33 5
238 23 16 381 104 7 3 3553 7 3 3597 916 3 9824 18679 1942 177 408 6 290 83 5
2196 837 5036 7 523 3597 31 114469 19 290 83 35 57 5907 7 1427 782 1942 408 9575 1427 341 4 3 3553 7 1427 249 177 408 6 1427 503 33 5
17 7074 16364 2770 7 5988 14 3 15663 98586 700 5
17 7074 16364 2770 7 5988 14 3 15663 2000 10 3 169 197 7 8365 5
17 3201 7 628 266 10 3 11572 284 3380 24 35 9 33 67 98586 704 5
17 3201 7 628 266 10 3 11572 284 3380 24 35 9 33 67 104 533 2000 53 46195 8 2193 8 35 8862 33 67 248 964 145935 5
659 1970 143 5314 16 2673 7 5988 1415 7 5240 1175 7 145935 80 27 677 3 628 3201 22 2673 7 97 67 1207 2000 35 2636 8 33 5
66 16 1595 10 98586 704 35 8862 33 5
238 23 16 381 46 89 3 3553 7 70 3597 31 114469 19 290 83 363 3 4355 7 3597 177 572 5
17 8365 7 4355 27 45 115 24 7623 3 201026 54861 187305 418 10 57 111 57 7927 8 6951 4895 7 421 2855 22 15441 3082 503 4 170 6 26 3 282 5
44828 8365 27 45 2173 10 3 216 152 21 10 3 74 267 35 67 296 7 3 628 220 10 2854 8 3 939 10 2279 4 8365 6103 10 9 73322 2858 25017 33 5
17 282 522 27 45 3455 22 2673 7 3 74 179 145935 53 31679 4 4 4 220 21 3 13752 2000 5
17 7074 522 7 2279 3455 22 2673 7 187305 8 6951 4895 27 45 677 5
145 89 3 1153 871 7 3 3703 2279 3768 18 146 1731 8 3628 32418 202 14 187305 8 97 51604 202 14 6951 4895 5
20498 341 842 3 6498 40056 7 3 5195 4355 22 538 3 6951 4895 21 3 303777 284 5
158 31 2209 10 3 916 7 4355 522 7 2279 628 34 427 176 10 2854 10 70 183 2858 25017 8365 5
20498 341 5
17 6498 40056 7 4355 7 782 3597 7 1784 3648 10 3 169 197 7 8365 5
40692 249 341 459 503 500 708 700 704 782 249 35 33 2511 6494 6494 6494 6494 6494 6494 6494 6494 341 35 315480 7498 33 6494 2511 6494 6494 6494 6494 6494 6494 6494 459 35 30266 33 6494 6494 2131 6494 6494 249 6494 6494 6494 503 35 68608 33 6494 6494 6494 2511 6494 6494 6494 6494 6494 500 35 90195 33 6494 6494 6494 6494 2511 6494 6494 6494 6494 708 35 442860 33 6494 6494 6494 6494 6494 2511 6494 6494 6494 700 35 251357 33 6494 6494 6494 6494 6494 6494 2511 6494 6494 704 35 68077 14 88176 33 6494 6494 6494 6494 6494 6494 6494 2511 6494 782 35 541763 33 6494 249 6494 6494 6494 6494 6494 6494 2131 238 230 80 27 324 146 1731 3768 7 4355 4 121 3 3157 7 290 4462 18 46 89 424 10 2379 8 3 97 3272 297 3 5036 27 45 1022 24 3 1102 7 5266 4 16699 2042 6 3 1494 2233 5
17 1381 29 2209 3 6062 1217 6 3 4355 7 3 1784 3648 24 538 3 4309 543 15 3 7732 1442 8 2410 1973 5447 5
17 11763 82242 317 18 3112 21 32 1783 5018 7 3364 3 1784 5937 163 4355 5
17 1204 397 7 3 4355 4644 16 3 2741 1973 7 3 3648 5
17 15663 4290 7 1589 4644 848 53 3 6062 90997 7 3 3648 10 3 1973 4 445498 7 3 1973 133 21 3 4 5266 6381 4 6574 3 3757 4 8 40937 4 2020 7 3 28579 145935 53661 3 3157 7 3 3648 4 13566 7 145935 10 3 604 7 3 13752 2000 4 3394 7 3 2000 8 380 967 7 19372 7 3 3648 5
901 523 2506 7 3 380 303777 284 27 45 873 5
364 18 543 15 9207 58540 17112 8 3 169 3677 3 6951 4895 7 3 421 2855 5
1354 7857 6 3 104 4213 6062 19372 1443 5
17 3961 7 3 1589 284 29 45 14580 15 3 946 7 782 21260 2757 7 3 1784 3648 5
17 3648 17693 2537 19 9 3157 4 1646 8 2737 27 45 1109 74 10 3 4355 650 5
17 28579 522 7 46 13566 27 45 2209 8 2994 10 3 1381 5
17 161 9345 197 5892 4355 7 3 424 10 2379 3157 7 3 3648 163 3 13703 1566 5
33962 522 240 3 206 773 7 3 1273 284 189 10 9 495851 8 3 13703 1566 5