17 52443 566 14819 9 3558 4195 89 14 303 2106 244 5
267126 303 3520 25 11264 3498 4 47 2498 40 247 1277 10 523 3964 5
145 542 7301 15 52443 3498 8 552 2193 5
81 678 6 4764 3 10674 7 52443 3498 35 5559 24 3 1846 33 4 80 8850 32 7732 32542 992 1506 5
267126 5036 42 3883 25 90 688 14 46 542 5
134 8482 61 836 785 552 2193 21 3 29132 4 47 848 731 4 4819 3519 4 3004 1799 4 2864 959 4 636 2199 1291 4 731 22 185954 4 20040 4 29157 8 5418 1222 5
1846 18 1109 21 3 3354 5
17 992 18 30512 19 893 6 928 31660 4 992 2981 8 2156 7 928 5036 5
134 59 677 3 7732 32542 992 19 11245 2376 10 3 10104 8958 5
126073 542 18 153 1303 61 6 2705 3 2193 47 27 964 969 15 1846 5
5583 4 3 4117 4 9705 8 426 162 42 43628 5
145 542 1708 4116 317 14 3 3606 1407 5
89629 16 3 3050 26035 7 64712 3979 25 637 7 19686 105252 1534 35 414 1059 4220 12283 32330 4 3495 33 5
17 52443 4195 2884 893 22 3 28532 4 29991 4 8 22019 653 35 29829 12283 32330 4 2560 33 5
931 27512 4 4730 24 32334 247 4485 8 4935 893 4 36 321 6 32 853 552 7 5418 339731 8278 297 303 35 4220 4 280 33 5
89629 8887 477 22 3 731 7 19 7671 34602 297 378 35 1522 4 69802 4 325808 4 19895 4 323 4 1278 33 5
66 16 1221 24 3 414 1059 4220 13 10 12946 87 36 26 180 4611 174 47015 35 98586 249 33 35 220360 12283 32330 4 1278 33 303 4 19 3573 99 303 3675 46 967 7 247 329 64 35 64640 4 4 57445 4 323 4 274 33 5
1210 6 184 210 4 3 221 7 303 72 575 10 239 18 52 34030 174 10 1515 4 19 32 37582 7 48 58 39964 174 24 12946 35 6793 4 15152 4 9413 4 3454 4 323 7277 4 274 33 5
634 52443 303 132 55 9 938 1193 4 8951 48 1164 8 361 5
17 496628 8395 284 98586 249 5
17 496628 8395 284 5
81 1243 4 239 16 107 1538 32 7065 1757 5
1210 6 634 8799 522 4 3 5084 7 68 72 1054 85 551 36 474 25 403 202 10 590 6 72 306 202 10 10347 4 125 3 596 247 14337 7 303 10 10347 36 1018 376836 85 5
17 474 10 3 221 7 7065 1193 8 247 14337 770 13 634 303 3130 6 638 902 54 22237 5
17 52443 4195 566 14819 9 3558 4195 89 14 303 2106 244 4 8 206 52443 244 16 2409 6 2267 7065 35 29829 12283 32330 4 2560 109 4220 4 280 33 5
267126 303 142 3520 25 1678 3351 7 3498 5
520 2062 170 13 3 16316 7 52443 3498 18 48 58 575 202 35 323 4 2076 33 5
527 4 90 2062 217 13 3 16316 8 10674 7 52443 3498 9833 297 303 10 523 4709 600 35 17641 4 4 323 125913 4 590 109 4 4 438632 4 323 4 280 33 5
267126 5458 35 33 35 32758 4 7277 4 323 12825 4 590 33 16 1940 220 10 2549 6 8612 3 10674 8 7665 7 3 52443 3498 5
238 9 16364 18381 1846 4 23 16 4209 24 42642 55 3 1846 392 14 290 7 3 698 3498 4 150 2165 70435 8 22354 4 274196 4 22735 4 24381 4 4156 4 51886 4 10451 4 221189 8 194340 4 10479 4 921 272953 4 4 1903 2668 4 8 29907 19222 4206 5
6297 15 3 1846 1639 4 3587 31 1109 21 3615 4 17233 4 17465 8 5436 34087 19 3 676 2620 287 58 49 3628 6 708 4 4 8 1978 58 306 266 5
6297 15 3 528 221 7 52443 303 8 3 16316 7 52443 3498 4 80 1303 61 9 542 25 584 6833 6 591 6833 10 3 89629 11090 7 4139 21645 1108 2106 1841 4 9 528 3592 62331 653 3738 688 4 3230 10 31529 4 4139 4 239 5
238 80 6453 4 1448 8 6231 702 9 515 7 89 9365 3 1846 6 2258 3 1215 65 1905 826 350 6 3 4989 5
1210 6 3 4015 4 23 6422 14 48 58 57 296 7 3 1081 6708 8 953 89 5
81 13 267 4 80 51 105 6 1741 14 2155 4309 6 1003 8 10366 4498 3 1846 5
364 16079 152 16 6 1088 9 17315 1506 13 1846 16 1109 21 3 3354 5
36925 498 601 522 8 3606 791 7 3 688 4 80 1435 1384 836 785 20761 2193 21 1216 23394 7 3 1506 5
273 614 4859 60029 544 4 3 5018 7 56018 2376 29 45 1940 220 5
527 4 65 3 221 7 3 1506 29132 1487 528 4 133 2376 16 477 11266 5
17173 3 528 221 7 2193 8 4093 16764 4 80 2780 3 5018 7 7732 32542 992 6 4855 3 565 979 24 9512 2376 6 4517 964 2193 5
66 142 26 3 74 89 14 7732 1442 220 10 52443 2062 5
145 1381 16 4393 21 3177 5
8941 249 4241 5181 3 10674 7 22237 10 239 4 8 3 3644 7 46 542 5
81 8941 341 4 254010 15 52443 3498 8 20761 2193 31 5764 5
8941 459 18506 3 5018 6 26 4400 5
8941 503 1038 3 5287 8 9088 7 3 522 4 19 3297 2995 10 8941 500 8 380 7951 10 8941 708 5
659 3 282 7 129 2505 4 767 2062 10 22237 71 26 3868 76 179 731 22 47 3 22237 2179 8 3 20761 2193 35 456188 12283 32330 4 7560 33 4 6652 7 52443 3498 8 15029 35 30402 4 28083 4 365752 4 323 15262 4 7782 33 4 2193 2442 19 52443 3498 35 38425 12283 32330 4 7782 33 8 5385 52 52443 16506 35 12283 32330 4 7560 33 5
145 1381 2638 1900 19 3 565 7 589 32 7732 32542 992 1506 19 1846 8 20761 2193 5
6297 15 13 4 254010 2096 3 10674 7 52443 3498 8 552 2193 31 43628 21 3177 5
11394 2062 42 543 15 1193 8 97 11245 4309 42 220 5
13166 6 523 1193 5036 8 23491 4 3 7951 42 1484 825 4 13033 8 141 17915 5
6793 12283 3462 5
35 2560 33 1273 13 33511 1799 35 959 8 932 3519 33 4 13231 2199 1291 35 16048 33 4 8 20040 42 2442 19 3 10674 7 52443 3498 4 125 8676 29157 18 34 5
527 4 4 4 4 307634 4 8 35 2076 33 975 13 16048 4 20040 8 185954 731 155 34 27 964 1951 5
1516 2062 2638 8520 15 837 52443 18381 4 105 4156 5
79 162079 542 35 6794 4 11724 4 24067 4 12825 4 323 7744 4 6833 33 19 73454 303 10 2413 3431 1282 13 29477 3498 9408 6 26 1768 24 5418 1222 4 125 184 542 2173 10 33589 303 59 25 2413 3431 35 20986 4 36798 4 14879 4 241038 4 323 54716 4 280 33 170 93 964 7488 148 5418 1222 1799 8 29477 3498 5
11127 18 4357 21 9 552 2916 2442 19 29477 3498 10 90 2062 35 364969 4 4 323 4 2076 33 5
2149 12283 3462 5
35 274 33 170 9 2366 17521 148 731 8 29477 3498 5
81 2906 4 86057 8 114330 35 590 33 170 9 1432 17521 5
527 4 104 2062 27 1595 93 964 7488 148 731 8 29477 3498 35 529 4 4 133373 4 323 7250 4 280 109 20986 12283 32330 4 280 33 5
1210 6 9 542 1303 61 10 3 165 246 35 448266 323 4 7782 33 4 8244 303 35 272 16048 33 42 48 338 6 210 222850 3498 35 2165 70435 8 22354 33 154 3 52443 4195 4 47 18 10 809 19 12283 3462 5
35 359 33 5
3673 2981 98586 341 5
3673 2981 5
17 16316 7 1903 544 14 52443 303 142 7702 232 6 4709 8 2845 600 5
26848 297 1826 8 3574 47015 303 27 217 9 568 16316 35 4 4 323 169904 4 2076 109 4 4 4 4 323 4 274 33 4 125 138 25 2272 378 27 217 9 798 16316 35 14009 4 359 109 140929 12283 32330 4 359 33 5
1249 3 221 7 2062 2173 14 3 10674 7 52443 3498 8 552 2193 16 1574 4 8 3 7379 7 3 20761 2193 16 2336 4 80 1101 15 46 5890 8 51 105 6 231 3 7732 1442 5018 6 1088 9 7608 17315 1506 8 153 690 6 4498 3 964 2193 5
6297 15 3 498 601 522 8 3 628 3883 25 3 688 4 80 11109 4974 731 4 4819 3519 4 3004 1799 4 2864 959 4 636 2199 1291 4 731 22 185954 4 20040 4 29157 8 5418 1222 21 3 29132 8 1846 21 3 3354 5
49474 32542 992 16 9 17315 1506 49 46333 1506 38542 3 2981 8 4859 7 7207 32542 2642 5
17 2370 1513 16 7732 61279 5
3194 9796 7 3 61279 16 3797 6 57 49 307 55906 7 83 825 23791 4 3847 8440 9 992 5
8802 32542 992 16 9 103860 11245 628 17241 4462 6 3250 3 1322 148 29132 8 55906 4 49 6 5576 3 628 5195 35 15669 4 7744 4 75656 4 323 7744 4 280 109 38870 4 2076 109 18409 4 2076 33 5
13751 19 4759 56018 2376 4 23 29 3081 9063 5
2778 55568 9903 16 206 5
17 32542 992 71 7933 5036 19 485 1570 3272 5
35 89629 5036 7702 6464 19 290 83 33 5
2778 12586 773 16 485 5
2491 443 15282 2113 4 3 992 71 5603 84 2854 8 1392 46 2900 5
2778 149815 773 16 3419 5
3673 142 34 236 6 1849 8 132 9 206 10900 10 90 745 5
3673 2981 145 542 8323 9 837 4438 9419 119 71966 850 992 35 98586 341 33 5
9424 4 11856 8 15441 31 2824 21 3 221 7 2469 10 3 9796 4 23449 8 3354 9419 5
154757 6 3 52443 745 4 3 992 29 836 29132 8 57 3354 5
9551 2464 3 2755 1846 5
17 221 7 23791 10 3 1559 9419 16 40372 197 6 26 183 5
244271 7 67 9545 10746 31 3797 19 1087 17509 5
84181 7 3 992 53 273290 4 4 4 3995 3001 731 4 4819 3519 4 3004 1799 4 2864 959 4 636 2199 1291 4 731 22 185954 4 20040 4 29157 8 5418 1222 5
17 17509 1198 25 3 9796 9419 6 3 4438 9419 53 17 1050 9796 76 3 4438 9419 53 17 3354 7 3 4438 9419 53 17 17509 1198 25 3 4438 9419 6 3 3354 9419 53 17 3354 7 3 992 53 9073 5
3673 928 7 52443 5036 17 992 36 26 3559 54 50 5358 5
1498 290 928 4 3 17509 7 523 10746 31 1406 5
5583 4 3 3206 992 36 26 3455 8 3 4859 60029 16 6 26 1681 5
659 1415 3 773 7 3 992 4 3 5018 7 17444 3 2842 5806 7 3 5464 16 220 5
17 2190 928 650 16 2209 10 98586 459 5
26148 4 3 992 16 9168 19 2007 6951 17509 8 34710 35 92 87 31 120 33 4 8 3 5464 7 3 6904 71 153 26 7154 5
208 3 5464 31 34 396 385 4 3 992 36 26 3559 24 1547 27964 4 285 23 16 5944 6 1012 3 14808 5
17 650 7 992 928 98586 459 5
17 650 7 992 928 5
17379 4 87 31 67 600 7 27964 14 511151 992 928 53 3 66590 4309 8 4309 5
17 20624 66590 17868 5018 35 67610 4 9615 33 4 3 282 6682 297 3 66590 1603 4 16 3 74 928 31660 6 26 220 10 46 542 5
66 16 1509 6 4855 104 4859 60029 544 125 23 59 29 5438 26966 14 34 10104 3 2329 166 10 90 745 8 153 184 5018 144 26 12956 5
134 2401 3 5018 35 323 15152 4 590 33 5
17 20624 66590 17868 31660 53 273 3 20624 66590 17868 31660 4 3 650 13 22462 3 16496 7 2842 5806 7 3 5464 8 6599 3 3033 397 22 9 1087 2854 489 16 226 66590 10529 5
1498 3 2854 650 4 17509 31 535 3353 10 3 2366 66590 2586 5
17 20624 66590 10529 5018 7081 2527 80932 2981 4 114 3 30110 4859 16 10 3 23449 9419 8 3354 9419 5
435 17444 3 2842 5806 7 3 5464 24 3 3354 8 3 1341 4 3 16496 71 26 3455 53 17 9464 15 17509 16 53 208 3 26327 3768 16 149 528 4 3 928 650 16 1009 5
17 31660 53 31660 16 958 9 3109 7 3 20624 66590 10529 5018 8 3 5018 4 7412 6 3665 474 3 10104 8958 22 3 1431 8 1018 3 1341 21 831 21 537 65 3 10104 3768 16 408 6 3 3033 397 5
81 46 31660 4 3 992 16 15995 7 4438 9419 8 27728 3354 9419 5
40056 16 3677 1016 7 196094 40056 5
40056 10 3 3354 9419 53 40056 10 3 9796 9419 53 17 18298 650 7 3 17509 16 53 16 2106 9 1432 221 8 38 16 9 1513 40056 5
17 871 7 18020 3 1952 7 928 5
17 996 3803 240 3 18298 650 7 9 837 3099 5
10052 4 92 3 2842 3768 16 149 215 528 4 3 992 928 1755 5
3673 773 19 523 928 27964 17 992 16 2203 15 3 1625 7 3 996 67 27964 5
123 517 35 24452 4 3495 33 5018 16 220 14 992 928 5
81 678 6 2769 3 282 57 4 290 992 16 2556 3559 2667 400 5
98586 503 842 3 4631 7 3 67 2642 5
17 108 23070 3001 3 49766 7 3 2755 1846 8 3 55906 7 67 2642 5
17 522 10978 25 3 67 2642 31 3999 523 25 3 2755 1846 5
75 3 55906 543 15 3 69972 31660 31 2211 6 3 2755 2770 5
75250 7 3 992 55906 8 2755 3247 98586 503 5
75250 7 3 992 55906 8 2755 3247 5
1301 3 56018 2376 16 1303 61 5
17 30773 3331 98586 500 5181 23033 7 3 266 5
10270 4 3 266 10 31 48 10867 6 7309 15 189 1612 7 3 517 125 138 10 20624 31 48 18227 5
6459 4 3 871 7 24880 71 59 26 6453 5
81 644 4 23 6154 3 16577 7 2338 8 16 15218 24 5
17 28579 522 31 6217 10 20498 249 5
4830 69972 8 20624 98586 500 5
4830 69972 8 20624 5
20498 249 5
382860 2376 53 4830 69972 8 20624 5
382860 2376 53 4830 69972 12811 7 48517 21788 109312 16407 13357 3280 382860 249 435761 134089 3768 22872 28575 5640 14121 382860 2376 53 4830 20624 12811 7 48517 21788 109312 16407 13357 3280 382860 249 435761 134089 3768 22872 86929 5640 14121 1655 20498 249 4 3 3961 7 3 1506 71 26 4669 24 3 5084 7 3 56018 1506 48517 6 3 676 48517 5
157 43 31 89539 202 8 45885 202 4 3995 4 47 770 3 10104 7 3 172 16 333 5
3673 27708 435 9901 3 67 2642 4 3 333 57 71 26 3112 14 454 542 5
66 16 1744 13 3 4631 16 543 15 3 216 5084 7 928 5036 35 1614 202 33 8 992 2981 35 183 23791 10 3 4438 9419 33 5
134 17164 6 5576 48 3419 992 19 2201 6 396 893 6 3 67 19393 5
17 30773 3331 7 2071 503 8 500 98586 708 5
17 30773 3331 7 2071 503 8 500 5
81219 628 19 66851 928 17 5036 31 3868 76 108 108791 13 539 928 4 25017 8 2279 1603 5
273 19547 928 4 3 8365 31 1303 61 15 523 628 6035 4 2571 3 22045 7 108 108791 8 12752 3 3800 5
17 928 197 2179 22 2715 202 4 8 153 2238 6 4481 202 5
3194 5867 16 3629 2667 400 4 979 24 9 56018 2376 148 3 992 6904 8 3 12510 2329 5
17 17521 225419 31 1595 10 20498 341 5
20498 341 5
40373 2156 4830 56018 773 5
3689 12266 35 202 33 106449 35 202 33 2954 35 202 33 382860 249 1054 605 409 341 1551 302 183 459 2628 409 183 503 1614 409 500 500 4481 183 500 1655 20498 341 4 2071 503 8 500 3030 333 19 8 5
98586 708 842 3 10104 522 7 3 67 6035 5
238 23 6852 4 65 3 928 33498 7318 4481 202 7 3 5036 4 3 992 1487 3 104 12404 6904 5
22769 3 4438 9419 1646 17 2898 7 6098 3 31660 8 2071 7 628 16 543 15 3 3206 1646 7 4438 9419 5
81 644 4 80 53144 5357 32 2007 183 61279 4438 9419 5
17 1646 7 3 4438 9419 71 26 30512 24 8365 5
187 31 117 306883 4309 14 9409 3 4007 221 7 23791 10 3 4438 10746 4 133 21 3 508 1603 53 2778 17 221 7 4438 23791 144 26 148 3 1646 7 3 9796 9419 8 3 1646 7 3 3354 9419 5
2778 17 221 7 4438 23791 144 26 67 12877 3 1646 7 3 9796 9419 4 2288 3 1646 7 3 3354 9419 5
2778 17 221 7 4438 23791 144 26 287 58 1429 3 1646 7 3 9796 9419 5
6297 15 13 4 3 221 7 23791 10 3 4438 9419 16 197 25 704 6 403 8 3 3800 31 5559 24 3 2842 5806 7 3 5464 35 48531 33 5
15814 4 3 2642 31 3559 2752 4746 400 6 1128 6951 48517 5
17 928 33498 1819 14 4481 202 7 70 5036 10 3 8365 5
17 522 7 3 4631 31 2888 10 20498 459 5
20498 459 5
26406 9419 1646 4830 773 5
26406 9419 1646 6077 24880 871 48531 27311 24880 871 704 782 183 407 403 134 690 6 384 3 992 19 5944 928 5464 8 206 992 83538 4 47 16 5559 24 798 48531 8 1978 6077 24880 871 5
1655 20498 459 8 98586 700 4 9 2752 61279 4438 9419 16 3 282 1414 5
17 773 7 523 4438 9419 1646 98586 700 5
17 773 7 523 4438 9419 1646 5
75250 148 1510 11245 4309 8 32542 992 40013 4309 31 1940 220 6 4855 52443 544 4 907 56018 2376 10 589 17315 2520 5
527 4 23 16 34 558 14 7678 1846 5
273 2489 27728 56018 4 80 71 34 128 1783 56018 522 5
17 871 7 24880 35 2464 3 7444 653 7 10104 33 16 3628 6 4 114 3 871 1978 58 10355 770 3 56018 16 7716 5
13751 19 13 4 2489 67929 56018 141 71 34 26 1681 106 87 31 215 117 2193 8 90 7 91 3576 215 117 926 5
6459 4 80 27 59 873 3 5018 7 11963 10104 2376 8 153 80 1233 61 13 3 3201 7 3 1494 628 16 2422 33770 5
273 946 4 3 522 7 3 20260 148 731 8 1846 31 2888 10 20498 503 5
20498 503 5
42267 10104 148 731 8 3247 5
19057 7 10104 19241 7 24880 3260 44398 90977 210979 125368 149091 276162 1655 20498 503 4 3 871 7 24880 16 408 6 6822 10 2767 27728 49 103860 10104 1225 4 47 6154 11266 56018 5
15814 4 3 19816 1322 148 83 1216 23394 8 1846 71 34 26 962 883 5
13751 6 56018 2376 4 3 5018 7 32542 992 71 3489 272 10104 8958 35 1978 58 10355 33 5
66 16 206 22 6293 3 1443 19 2968 108140 10777 8 841 6 5124 10 7608 17315 2520 5
126073 2376 134 27 3455 3 19547 992 19 31660 4 4481 202 928 5036 8 183 61279 10 3 4438 9419 4 114 3 871 7 24880 16 5
10526 4 80 51 105 6 384 3 964 2193 24 9512 2376 5
17 5018 4 255 850 24 8 2346 35 4 2346 4 323 6855 4 2804 33 16 3677 5
17 5131 16 6 13012 3 9512 543 15 3 17509 8 61279 3354 871 5
17 969 1198 7 3 9796 61279 4114 15 3 4438 9419 61279 72539 53 17 969 1198 7 3 4438 9419 61279 72539 15 3 3354 9419 61279 11856 53 17 9512 25 3 9796 94604 6 3 3354 53 17 4719 628 16 848 76 35 33 54 11427 5447 8 3 2059 40056 71 26 3354 137 3 19547 992 5
17 522 31 2888 21 3177 5
134 59 231 3 5018 7 17521 2376 25 90457 35 44123 947 33 6 10775 3 689 2193 5
17 522 31 6217 10 20498 500 5
20498 500 5
17 522 7 17521 2376 5
15479 130840 653 7729 435761 18109 3519 200460 12845 1799 28622 959 272777 13231 2199 1291 7729 22 185954 86849 202738 34540 1222 36925 3 522 7 9512 2376 8 17521 2376 4 80 71 7336 13 731 4 4819 3519 4 3004 1799 4 2864 959 8 5418 1222 31 3 964 2193 5
17 11414 8 4938 81 46 542 4 80 2780 3 5018 7 7732 32542 992 4 523 25 11245 4309 220 10 767 52443 2062 5
17 9063 7 3 7732 1442 5018 31 3081 5
26148 4 23 71 3489 272 8958 7 1506 4 14 3 206 4942 9903 4 2854 8 14618 773 5
238 71 26 381 25 3 996 2898 4 463 6 3 528 221 8 272 10119 7 3 1216 23394 4 21 166 21 3 33770 628 4 11245 4309 71 34 128 1783 522 5
81 2906 4 3 10104 8958 7 3 7732 32542 992 16 272 5
20379 4 3 992 71 26 30512 24 2571 3 928 31660 4 5084 7 3 928 5036 4 8 4438 9419 1646 5
238 9 665 4 3 10104 8958 71 1018 56159 54 3 27708 5
53519 4 206 773 7 3 1506 71 807 206 10900 522 4 47 71 26 381 25 27311 24880 871 10 20498 459 5
878 44 34 248 4 3 30512 992 71 26 454 4400 6 2705 964 20761 2193 4 114 3 2059 40056 7 3 992 16 2409 6 3 9512 2376 5
17 4938 7 3 1273 5018 16 13 3 2190 17315 1506 16 4000 463 6 3 13292 2419 7 7732 32542 992 5
66 16 100 105 9 760 2031 4 97 3 29132 8 55906 71 26 6453 5
8616 143 3 552 2193 2498 3 10674 7 52443 3498 8 3 11455 297 3 2193 71 34 26 3455 5
17 9688 7 129 542 543 15 3 498 601 5771 5
17 221 7 2062 15 52443 3498 8 552 2193 16 1574 8 3 7951 10 3 1806 42211 31 1484 13033 49 141 17915 5
81 1243 4 97 11245 4309 31 3677 10 70 3 1806 2062 8 2477 7 91 29 562 1148 17315 2520 5
17 104 533 16 13 80 236 6 1741 14 17315 5018 6 4498 3 1846 106 6574 61 3 2430 1141 215 146 89 10 3606 1407 5
17 2638 4117 7 46 542 31 43628 21 3177 53 40372 4 80 27 8482 61 836 552 2193 232 6 3 1806 42211 8 3606 1407 5
1249 3 7379 7 3 2193 16 2336 4 80 27 1109 70 3 785 20761 2193 21 3 29132 7 3 1506 5
20379 4 80 27 1589 32 7732 32542 992 6 4764 1846 4 114 23 86 26 74 89 6 2780 46 5018 10 52443 2062 5
17 7732 1442 5018 16 7156 6 11245 2376 10 10104 8958 106 87 31 215 117 29132 8 33770 1494 628 5
53519 4 80 27 677 67 928 27964 4 9022 992 6294 8 22045 7 928 5036 6 5576 3 19547 992 5
238 9 665 4 3 10104 8958 2238 6 5
878 44 34 248 4 80 27 1303 61 3 9512 2376 8 4218 3 964 2193 5
18027 4 731 4 2864 959 4 4819 3519 4 3004 1799 8 5418 1222 27 1370 969 15 3 10674 7 52443 3498 5
187 31 149 90 9705 14 46 542 5
349 3 57 881 4 3 221 7 3 52443 745 16 9 1023 396 8 3847 3 1148 992 16 34 95 4024 5
17 12404 522 86 34 26 3455 285 3 2642 42 2556 3559 117 400 5
349 3 83 881 4 742 80 27 1148 9 992 19 272 8958 4 3 1322 148 3 2193 8 1846 16 149 4000 5
1504 192 9705 4 46 542 1708 32 2155 5018 14 12538 52443 544 5
6297 15 11264 601 7429 4 80 71 1384 48 17315 4309 10 1243 6 11245 2376 5
7219 4 3 522 7 46 542 71 581 4116 317 14 3 3606 1407 5
2927 4 80 36 595 6 162 19 3 688 8 4697 48 9584 6 25450 3 1806 1506 5
157 153 80 36 690 6 11032 3 992 76 9 1586 5
238 241 21 6574 10 3 826 317 4 3 10674 7 3 52443 3498 71 26 5998 2118 4 47 36 807 485 8853 189 6 3 1448 8 3 826 5
980 42211 71 26 2173 15 3 552 2193 5
349 3 57 881 4 80 36 1626 15 4907 143 3 964 2193 2498 3 1846 5
349 3 83 881 4 454 542 16 666 6 1384 48 2193 4 105 3 15230 1799 4 1923 8 4935 2193 5