1498 3 73 67 1208 87 29 45 9 875 518 10 77250 141081 35 32752 33 5
527 4 32752 9043 25 67 8856 544 13 31 3876 6 21 5907 173349 8 99577 5
134 31 2414 4309 13 31 982 4213 22 77250 22785 77918 35 140434 33 6 919 5907 173349 8 99577 4 19 32 5983 15 1442 4073 5
931 4309 1497 25 133 4309 21 49569 30085 14395 10336 4309 4 1153 2435 27964 4 7732 1442 27964 35 17905 4 77250 147461 77918 4 34989 238487 8 38691 30865 77918 33 4 2953 2854 6599 35 17905 4 67818 4 14087 8 18831 33 8 40 13789 4 8440 9 16615 20109 6 6298 3 18982 13720 5
17 418 7787 4 273420 4 15954 8 23524 7 192 6599 31 1252 5
81 1243 4 6599 13 31 1783 14 2957 19 272 551954 31 5764 5
631 3096 3 13720 773 10 970 7 8958 4 53562 8 23462 4 23 16 1744 13 2410 4538 4723 10 32752 477 3117 1117 46333 5702 13 36 10 786 6504 3070 3455 10 521 247 20973 5
145 644 4 4438 10 6835 29182 4 7349 3 1164 7 3 1481 8 5968 7 84 18683 5
17 213967 14395 10336 35 75004 33 1217 2228 42101 7 556 59833 23033 2151 175314 20973 10 614 108140 164 904 2520 114 3 16960 7 3 1506 71 26 14510 5
187 29 45 485 518 10 7623 3 75004 1217 6 293 19 9 1773 2726 7 108140 20973 544 5
145 5018 16 3615 226 3 77250 87721 35 37279 33 35 32752 33 7164 40285 4 3495 4 59 3876 6 21 213967 491086 35 7914 323 7744 4 3401 33 4 3 14395 10336 13720 35 158561 4 3495 33 4 3 352481 13720 35 423822 323 6142 4 2804 33 4 8 3 4397 7 47081 8 3 7662 29784 31660 35 136619 4 78600 4 323 64557 4 3401 33 5
659 1294 4 18982 18683 27 45 3639 3677 10 523 692 150 1474 35 51605 323 4 2076 33 4 96734 37582 35 552172 4 69828 4 5014 4 323 21114 4 911 109 4 69828 4 5014 4 323 4 280 33 4 64031 1443 35 3751 206791 4 280 33 4 3866 4440 35 273294 12283 32330 4 1095 33 4 421 363 35 4 108922 4 323 7277 4 590 109 4 4 323 4 280 33 4 5479 8 1184 35 12283 32330 4 7560 109 362017 4 4 323 1409 4 911 109 44427 4 10141 4 3454 4 323 58105 4 2076 33 4 29280 35 174195 4 1422 33 8 90 247162 2333 35 552172 12283 32330 4 911 109 72271 4 502 33 5
9049 4 9 2726 7 5310 27 45 1273 6 1297 3 773 7 3 18982 13720 10 970 7 8958 4 23462 4 46333 1952 4 4703 5
17 5110 1339 7 523 85 71 26 381 109 6200 539 1515 35 69828 4 4 323 552172 4 1515 33 4 1422 35 4 152172 4 1409 4 323 80053 4 1422 33 4 359 35 4 4 323 4 359 33 4 280 35 69828 323 72271 4 280 33 4 590 35 143711 4 590 33 4 4703 5
527 4 32752 1755 6 3520 25 67 6704 544 53 5907 173349 8 99577 4 47 16 8679 9 8856 5890 10 3 668 5
79 2726 7 4309 27 45 4729 6 919 192 67 544 10 678 6 2470 3 4938 7 3 18982 13720 5
145 542 340 34 52547 6 371 883 9 3592 1165 7 3 726 7 614 18982 18683 49 50 856 2333 5
1354 31 2278 10 3 25646 1339 3174 5
1563 3316 16 6 3617 9 182 7 2627 7112 1225 4723 496 32752 13 27 6716 25 9 2726 7 7112 8 191244 27964 5
931 10887 7 4538 4 2466 10 523 1225 6 25450 3 39177 3201 7 10498 13563 77250 22785 77918 35 140434 33 4 31 982 1783 10 39987 5907 173349 8 99577 4 8440 9 177 14324 20109 13 16 189 40916 1864 8 10034 4213 6 6298 32752 5
81 1243 4 6599 13 31 1783 10 2957 19 272 61638 20973 4 184 10202 14 3 75004 4 31 5764 5
145 542 3899 6 11572 192 4525 76 9 26445 6684 4 12591 40 15954 8 23524 8 9834 9292 454 4091 7 1806 4910 5
145 1339 16 4108 230 6 1485 21 3 74 3592 1676 7 7732 1442 8 2953 2854 4538 3677 10 32752 5
17 2370 3519 7 32752 16 2209 10 8941 341 19 5983 15 50 67 4867 4166 53 5907 173349 8 99577 5
931 67 4166 27 6252 3 726 7 9 2726 7 140434 6599 4 47 31 5764 10 3 5835 1658 10 8941 459 5
6876 2995 15 3 140434 6684 150 3 46333 3961 8 272 551954 1236 31 392 10 8941 503 5
17 4774 16 392 10 8941 500 5
2382 80 6899 4 80 581 9 2941 1165 7 32752 8 7673 3 66271 5
17 1325 104296 220 31 43628 10 20498 249 5
20498 249 5
9469 104296 5
17 164 7 518 22 89 9575 3 586 2785 7 3 164 500604 48894 22 89 9575 500604 3 586 2785 7 3 9892 222351 35 454403 33 17 164 4195 14392 22 89 9575 166003 35 454403 33 17 9892 14392 22 89 9575 76341 38222 5818 3 284 7039 14392 222351 35 454403 33 4 22 89 9575 149147 38222 5818 3 9892 14392 166003 35 454403 33 4 22 89 9575 17 164 7 18982 4114 4 22 89 9575 17 2059 7 18982 4114 4 22 89 9575 157968 17 676 221 7 10498 22 89 9575 35 454403 33 17 13672 2199 2852 10 14937 6517 35 5
53 9 4 8862 33 201026 15183 19 1153 9 8 8862 4 35 454403 33 79 54861 4859 19 18229 18398 532677 20973 16 9 1427 7 3905 5447 13 1940 6848 10 3685 4 8 16 3475 9 177 3010 601 5890 5
17 2104 7 3 11065 89 20973 565 71 26 3380 21 9 5514 7 67 1879 7 1087 7410 7 3 3905 650 5
527 4 10 1407 4 97 3 2770 7 3 9892 12510 6 9 33770 89 24065 31 558 109 3 11065 89 7039 284 29 6 26 4902 76 9 33770 89 20260 1506 4 17905 4 33770 49569 5898 4 24 106466 12540 3 55906 137 5
145 1381 16 1477 19 3 565 7 33770 20973 4 47 71 26 962 10 3 490 3680 15060 35 151991 33 13 9286 7 67 42584 53 35 249 33 35 341 33 17 20973 565 12538 3 11992 59833 15183 9421 35 5786 500604 33 71 26 2118 24 3 172930 175314 37582 4 47 29 67 1959 53 35 249 33 53139 35 459 33 35 249 33 118614 49 13760 35 503 33 81 35 459 33 8 35 503 33 4 3 6582 7 477 4000 8 2254 272 61638 7410 16 1272 4 47 71 26 205930 177 841 5
145 754 49310 19547 2506 133 21 3 83924 13720 26352 5
364 6633 2104 16 3 14395 10336 1217 4 21 3 5890 7 46 1381 4 47 2527 6951 221 2020 6 49075 5
214 16 4 3 13138 4 1867 21 32 8265 7 18365 35 14937 33 72 3 15183 9421 35 14937 33 4 16 92443 24 9 221 7 6951 23394 14937 35 249 33 4 14937 35 341 33 4 14937 35 6517 33 35 226 5036 49 10498 33 13 31 2682 25 3 15183 9421 35 14937 33 35 92 537 33 4 153 35 500 33 145 16 32 30771 2882 8 4 1252 3 48517 7 18365 35 14937 33 16 31276 4 23 29 9 48517 47 16 22652 6 5
527 4 57 16018 10 7623 14395 10336 6582 35 500 33 10 175314 42101 35 459 33 8 35 503 33 16 13 12540 1752 25 9421 35 14937 33 16 841 4 141 2784 4 92 272 15183 3248 10 9421 35 14937 33 112 34 868 55 18365 35 14937 33 19 692 114 23 29 9 528 7060 5
79 10139 2104 14 46 16 3 65570 101627 35 9756 33 5
20216 3 15183 72846 35 14937 33 2817 102333 3 15183 35 7 518 33 9421 35 14937 33 4 153 35 708 33 145 3497 3 1625 7 14395 10336 9756 47 2527 3 16036 5806 7 9 197 7 5036 25 72846 35 14937 33 6 26920 35 708 33 53 35 700 33 622 2155 24656 7 9756 16 6 231 35 704 33 19 3 48517 392 24 35 782 33 114 14937 35 4114 33 16 2682 25 3 1581 15183 72846 35 14937 33 5
17 48517 16 42726 6 4568 92 9421 35 14937 33 3082 72846 35 14937 33 35 69828 4 1376 87313 4 323 1409 4 1278 109 11714 323 336217 4 1095 33 5
187 31 117 785 4073 14 72846 35 14937 33 557 6 1678 6582 8 27708 27964 4 21 1595 10 3 10028 1252 10 7164 40285 4 69828 4 8 35 502 33 5
81 614 4 72846 35 14937 33 144 27 9 2086 1545 9600 95 13 23 16 23869 6 3 85651 5
81 3 3238 12540 3 152482 34 97 5473 15 3 2770 7 9421 35 14937 33 44 59 15 3 2903 16084 1414 7 3 1581 15183 72846 35 14937 33 5
145 522 10 1545 9295 15 11177 317 72846 35 14937 33 5
145 12540 5093 866 5438 21 3 15183 9421 35 14937 33 7 518 16 2239 535 4000 109 3475 4 23 16 2784 6 1821 3 12540 5
273 46 1033 4 90 2410 533 12540 4309 27 45 1273 4 133 21 365505 3238 12540 35 33534 4 1278 33 4 175314 3238 12540 35 11714 323 336217 4 1095 33 4 33855 3238 12540 35 7914 323 466 4 1278 33 4 83889 9111 3238 12540 35 277983 4 7981 4 323 4 2076 33 4 8 3238 12540 35 4 2076 33 5
19506 4 12540 5310 133 21 9281 12540 35 165967 4 5393 4 323 354444 4 3495 33 4 2146 12540 35 69828 4 68461 4 323 4 502 33 4 49569 30085 14395 10336 35 433470 33 12540 35 165967 323 4 1278 109 7164 40285 12283 32330 4 502 33 8 23455 12540 35 53315 323 4 590 109 423822 323 6142 4 2804 33 27 59 45 220 4 10 1243 6 2923 26787 5310 133 21 2489 4290 7 533 12540 35 6793 4 31019 4 99724 4 38737 4 323 4 274 33 5
75004 123286 31 4108 1589 6 5907 37665 25 9 9149 7 13300 23033 13 2228 3 13571 7 9 2059 4219 14392 14 523 1581 54861 35 7164 40285 12283 32330 4 502 33 5
659 1262 32 10072 3010 2898 4 3 7067 16 3876 6 3 392 8785 14 454 1056 5
17 3238 12540 6227 163 3 172930 175314 7924 16 3876 6 21 213967 65570 101627 35 51239 33 4 47 16 3 1625 7 32752 5
86853 4 3 2669 867 7 16 6 3968 3 4015 7 3 164 13300 3201 24 9 197 7 6951 10498 19 2442 17509 4 11771 4 35 183 33 35 407 33 17 17509 36 26 48871 6 5806 6 57 35 14 3 837 1341 3354 267 33 5
32567 14395 10336 3803 2903 5731 3 164 2770 7 10498 10 3 164 904 65 8440 3 2882 4 196 35 11714 323 336217 4 1095 33 5
81 3 650 7 71966 4 10498 3030 9 1092 7 49569 3278 14 10900 8 153 3 60029 15183 738 6 26 5210 137 305707 3 10498 5
435 9 265 61652 10 3 18982 71966 650 4 3 2059 36 7309 15 9 265 10498 97 8 104 10498 36 27 22946 2059 4 3979 10 13563 5907 173349 4 196 35 6793 4 46007 4 323 3454 4 2560 33 5
145 16 32 13292 4768 7 3 51239 5
659 1213 5907 173349 4 3 2029 32752 16 7081 4730 19 3 4644 35 3876 6 12540 3238 4 23924 49 213967 65570 101627 8 4 33 6 674 10498 6 692 7 272 7662 24 39915 272 16036 10498 125 12053 799 16036 10498 5
145 4 658 4 142 899 184 565 53 5907 99577 4 47 8887 65 177 265 10498 27 964 2059 125 104 83 10498 19 396 2059 31 3561 154 3 650 5
659 14306 46 4 23 16 537 6 1760 3 34113 24 7623 97 22 112968 1959 109 13 16 4 6 12730 97 65 3 48517 7 3 14510 48871 17509 16 7156 6 9 144169 8515 35 47 16 351 21 9 3905 7 5907 173349 33 5
81 3 614 837 1341 267 4 9 1906 37582 7 3 30553 40373 36349 35 172102 33 38020 16 392 24 35 403 33 17 172102 1141 2770 148 249 8 157968 8 3 16 6227 97 65 23 16 1298 9 8515 29502 4 17905 4 29502 3082 157968 126 341 4 157968 16 3 5907 1646 22 89 224603 17 1322 148 173349 8 99577 71 26 13075 21 1595 10 98586 249 10 47 3 1646 7 3 8393 2464 3 2059 7 3 10498 109 10 3 2245 1843 4 3797 8393 432 3 216 164 54 8942 5
81 3 650 4 97 10498 19 964 2059 35 1595 10 1461 10 98586 249 33 31 26119 4 125 83 396 16036 10498 35 1595 10 1426 33 31 3561 5
238 1595 34947 4 5907 173349 16 1859 3 665 7 10498 110 5146 215 1940 4 125 5907 99577 71 26 4129 21 10498 110 72 8520 5
17 173349 18888 6 99577 21 9 1821 665 7 5
208 3 16 30771 4 153 3 48 812 3 173349 4 3 48 812 3 99577 5
81 48 614 970 6 10861 15 40 55179 4 5907 173349 8 99577 31 9 1808 7 23363 13 71 26 11593 962 21 9 34113 148 3 236 7 7139 8 3 236 7 1101 10 7914 4 7744 4 8 35 1278 33 4 21 9 565 10 3032 3 1724 7 3 18982 197 10 3 164 904 6 1760 11130 3212 10 61858 4 152847 4 8 7366 35 359 33 4 49 10 184 5138 4 21 3 8116 6570 38326 17066 883 24 2059 49 24 164 10 6793 12283 3462 5
35 2560 33 5
40373 173349 8 99577 12859 10 249 61638 164 904 98586 249 5
40373 173349 8 99577 12859 10 249 61638 164 904 5
35 273 9088 7 3 8785 6 7201 10 46 1233 7044 4 3 7067 16 3876 6 3 3377 1185 7 46 1181 5 33
40373 173349 8 99577 31 8679 9 1808 7 4867 4166 7 4 47 52287 792 21 26381 18982 3201 5
14795 53144 4 3 2104 6 14550 46 565 16 6 25450 3 3201 7 10498 883 10 2379 49 10 21037 5
145 3497 3 1625 7 129 1339 5
81 96 3177 4 768 5446 10 46 6443 31 5764 10 523 139327 6 14076 3 9688 4 61361 8 5940 7 140434 5
1700 251124 4 15954 4 23524 8 272 551954 1236 31 1252 5
659 293 19 5907 173349 8 99577 4 87 31 2638 67 5066 7 317 52 3 16036 10498 13 71 26 351 76 1250 65 57 27708 1315 16 5913 53 2059 8 164 5
17 140434 6599 2209 10 46 1381 31 907 2274 10 3 164 7 10498 5
13751 6 3201 42146 4309 4 104 6599 1333 10 9 48 7112 4230 8 1497 25 9 2726 7 7112 49 191244 4538 133 21 433470 4309 4 1153 2435 27964 4 49474 5309 35 43826 33 27964 17905 4 77250 147461 77918 35 124913 33 4 34989 238487 35 37566 33 8 38691 30865 77918 35 143030 33 8 17112 12586 35 57021 33 6599 17905 4 67818 4 14087 8 18831 4 4703 5
158 916 9 16615 5138 6 25450 3 3201 7 10498 5
81 614 970 4 3 1324 7 10498 71 26 5958 35 18982 31 918 276 9 2190 2586 33 49 28199 35 10498 31 918 10 9 2190 2586 33 5
81 3 4991 267 4 84 11537 31 220 6 1821 3 1324 1315 13 71 26 3876 6 21 70624 4309 4 47 16 3 689 176 7 46 542 5
81 1654 4 1678 43826 8 57021 296538 14 32752 31 11109 5764 5
66 16 973 4936 13 4 87 16 2239 93 2029 7254 7 290 5018 109 1016 4 57 7112 5533 71 26 3677 10 117 523 1225 496 32752 5
81 46 267 4 215 146 16 21 788 21 215 312 5
17 542 21131 3 27647 7 70 1131 10 678 6 916 3 1029 140434 5131 4 8 23 36 34 1311 70 7 3 537 61361 5
17 1325 140434 4538 13 36 26 5764 10 46 1381 31 40345 21 1595 10 20498 341 5
81 290 3936 4 3848 6200 36 26 392 21 32 5230 92 537 5
17 2370 867 36 26 4241 2042 74 4 8 153 3 273420 8 856 7063 7 523 61361 31 2209 14 454 64561 5
20498 341 5
110141 7 1325 140434 6599 6 1165 5
140434 4462 30879 140434 955 9469 8785 216015 42146 17301 165430 12283 3462 5
35 2076 33 4 1409 12283 3462 5
35 4164 33 4 1522 8 4705 35 280 33 4 109713 12283 3462 5
35 1278 33 4 88050 12283 3462 5
35 280 33 4 6793 12283 3462 5
35 6833 33 415261 5018 433470 250343 69828 8 72271 35 280 33 4 33534 35 1278 33 4 61858 12283 3462 5
35 359 33 4 165967 8 35 1278 33 4 2208 35 2560 33 4 8 80053 35 1278 33 4 29059 35 1422 33 4 552172 12283 3462 5
35 590 33 1153 2435 250343 61858 12283 3462 5
35 359 33 4 25784 12283 3462 5
35 911 33 4 15669 8 38848 35 744 33 4 85392 8 196989 35 744 33 4 181218 12283 3462 5
35 1515 33 43826 27964 35 20257 8 1193 33 37566 17301 270083 35 3495 33 4 1082 12283 3462 5
35 280 33 4 8 1376 19577 35 280 33 4 89720 12283 3462 5
35 744 33 4 12283 3462 5
35 911 33 124913 250343 19959 8 6793 35 590 33 4 32758 12283 3462 5
35 502 33 4 10141 12283 3462 5
35 274 33 4 1604 8 1604 35 2076 33 4 6794 12283 3462 5
35 502 33 143030 250343 23551 12283 3462 5
35 590 33 4 15152 8 19619 35 2076 33 4 163443 8 230641 35 274 33 4 46727 8 42877 35 2560 33 57021 4538 382241 17301 25784 12283 3462 5
35 911 33 4 213735 12283 3462 5
35 502 33 4 12825 12283 3462 5
35 280 33 4 88979 12283 3462 5
35 1422 33 4 7277 8 33572 35 744 33 4 12283 3462 5
35 2076 33 4 8 218253 4 35 1095 33 4 4201 8 4193 35 359 33 17301 6793 12283 3462 5
35 590 33 4 8 143711 35 274 33 4 7914 12283 3462 5
35 274 33 3754 30773 1046 650 35 12283 3462 5
35 744 33 4 12283 3462 5
35 274 33 33 4 270 60401 4081 323 270 60401 628 6652 35 53315 8 35 590 33 33 4 4703 5
22510 140434 20257 1635 67818 35 213735 12283 3462 5
35 502 33 33 4 7732 5587 284 1635 124913 35 30429 12283 3462 5
35 2076 33 33 4 54861 1153 2435 1635 365505 32752 35 61858 12283 3462 5
35 359 33 33 4 7732 32542 2642 1635 4624 31660 35 273949 8 35 1095 33 33 5
4 216015 42146 8 375055 4 47 16 9 2125 7 237632 8 305707 7 10498 35 6793 4 4 323 4 7560 33 4 16 2925 3322 6 674 10498 6 692 7 272 7662 25 799 7662 692 5
527 4 21 261 21 18 74 1273 14 32752 10 1409 4 10839 4 8 1072 35 4164 33 4 50 487 1102 35 11771 4 5907 99577 33 18 1859 170 6 899 9415 148 10498 8 14031 9 2104 226 18 1273 6 6754 3 59833 5
64340 4 322 2466 21 3 5188 4 522 10 9 11065 164 13300 3201 4 47 6271 9 333 3201 7139 7 3 10498 35 12283 32330 4 359 109 165430 4 28170 4 323 15762 4 2076 33 5
17 4644 35 3 970 306816 35 1522 323 4705 4 280 33 4 123151 35 4 38704 4 323 266593 4 744 33 4 33886 35 323 41030 4 502 33 4 18003 4 31 59 220 33 6008 3859 32 1216 201026 145003 5266 19 4568 1153 8 4599 4 140 4 6 290 18982 5
38396 13 3 1494 59833 15183 16 103415 21 5
1249 3 1243 7 67 1216 6951 23394 42540 6 9 431860 1315 10 3 15183 9962 4 3 26920 59833 15183 3455 54 3 650 71 26 23455 21 35 323 143711 4 274 33 35 698 33 114 454403 68806 3 431860 1315 4 4939 21 5
16561 4 92 9421 35 33 5786 53 9575 33 16 201026 19 1153 8 119711 4 153 35 685 33 81 35 685 33 80 71 196 13 4 3 1264 142 26 6227 48 1752 24 1723 3 20260 5266 7 3 7039 71966 7 10498 4 226 1821 35 6793 4 46007 4 10583 4 323 3454 4 6833 33 5
10526 4 10 1341 5479 745 4 142 26 4723 97 10 3467 1959 4 15 7553 10498 8 10 7553 17020 35 6793 12283 32330 4 7560 33 5
66 16 59 1282 6 8245 3 9892 5266 6 2430 3 306816 2362 95 13 306816 51 34 21251 3 827 2082 61 7 3 1079 7 3 9892 5
473 4974 6 28401 3 2489 4647 7 3 216 10498 4 16 177 3267 6 538 9 201026 54861 6 6754 3 59833 15183 5
17 2370 5131 7 54861 42146 16 13 325 8810 49 42146 16 2828 19 2201 6 9 54861 4859 5
659 5507 54861 42146 40916 4 290 18982 16 19 9 44040 54861 5
17 3201 16 392 21 3177 35 409 33 19 3 412518 216015 15183 35 697 33 114 3 18229 18398 6117 6494 4 5547 16 3 551954 5
1716 6438 912 35 18398 383 4472 19 1723 157968 33 3 54861 2882 137325 10 13300 6 3 1359 15183 5
17 54861 8 18229 31 3112 95 21 6 12042 3 1153 3768 49 3 1153 5775 2842 3768 148 3 59833 3201 8 3 12510 499320 16036 34130 1415 5
6297 15 3 216015 5018 4 3 2395 375055 35 7 3 34130 3201 2442 6 3 10498 33 5533 22462 9 11065 19816 6635 14 3 18982 13300 3201 35 12283 32330 4 1422 33 5
187 31 67 523 129854 226 40476 499320 32752 35 40476 33 8 1270 499320 32752 35 1270 33 4 4808 15 289 3 375055 1092 16 351 103 49 54 3 13760 1092 4 196 35 109713 4 4 323 4 1278 33 5
631 3 19547 54861 16 53144 5142 4 8 59 44931 32 459997 38020 7 90 1835 4 23 144 26 1744 13 23 16 537 6 5907 1752 25 133 9 54861 8 6 8612 3 2059 13138 140082 97 10 2190 3597 7 1506 35 12283 32330 4 359 33 5
17 3394 7 42146 19393 35 17905 4 54861 18229 49 48517 33 16 16673 6 2190 544 8 866 2538 58 23 16 5
273 9 856 1165 7 3 54861 543 27783 37582 27964 8 40 7562 773 4 3 7067 16 3876 6 35 88050 4 4 53315 4 323 5623 4 280 33 5
415261 4309 216015 42146 16 9 9802 7449 5958 152 6 39190 3 7139 7 10498 6 919 3 5907 173349 8 99577 4 10 47 93 84 317 16 4723 5
66 16 48 4203 6 8743 3 3201 7 10498 10 9 628 28199 4230 4 17905 4 398 3 18982 6 9 333 827 24 538 3 8102 11537 4 13563 84 9892 2434 4309 21 2994 1298 5
17 3316 7 84 9892 2434 140434 4309 16 6 231 3 8102 9892 4 10 47 3 10498 3130 6 10753 10 3248 114 3 15327 59833 3201 14 3 498 164 29 9 272 13300 2199 5
187 31 67 6682 70624 6599 6 589 333 1581 15183 5
364 16 3 31936 12911 5018 35 8824 323 72725 4 2391 33 47 105344 3 1806 206 10498 10 3 1065 13 3 31392 359620 31 528 14 3 206 10498 4 47 16 1144 825 6 3 2543 13866 1273 10 1409 12283 3462 5
35 4164 33 5
17 169 1217 2527 3 414399 5310 35 1376 87313 12283 32330 4 911 33 49 325 52409 12540 35 273949 323 4 1278 33 6 13014 4213 1581 23033 5
1354 12874 3 317 7 3 164 14130 8 3 498 9892 6 2470 3 20788 7 51239 5
4665 7 46 2038 16 166 10066 10 6854 8 36 34 26 3629 322 5
134 36 107 1384 90 7 3 48 8745 23299 7 3 4860 3509 95 300 14 12540 25 3 13228 3201 3096 3 7139 7 10498 5
158 31 49569 2614 4195 4 1153 2435 8 90 7732 1442 27964 5
433470 53 433470 4309 150 6951 1964 14395 10336 31 9 1427 7 27964 14 12540 25 13300 23033 543 15 21025 9 49569 30085 13 29 3 13228 3201 21 50 30445 3201 5
53514 1918 49569 64431 19 3206 528815 23033 4 433470 36 3855 7386 7 31270 5036 5
659 4685 19 3 12540 5093 4 121 80 3073 10498 6 26 2682 25 9421 35 273290 53 9575 5786 53 9575 33 4 23 866 4203 6 1746 49569 2614 4195 64431 4 441 9421 35 273290 53 9575 5786 53 9575 33 21 3 21431 3201 5
238 19 83 14395 10336 4309 4 3 34130 596 351 72 3 5036 16 220 6 2882 3 8265 7 518 5
4749 30026 3238 12540 4 3 5036 25 433470 31 5551 35 2682 25 3 13228 3201 33 8 83945 4 31 481 7 5907 173349 8 99577 4 742 3 433470 9043 25 83 33192 5
364 7 91 16 13 4 433470 4309 71 34 26 220 10 32 695 30026 175314 37582 5114 35 7164 40285 12283 32330 4 502 33 5
238 19 9756 4 114 9 206 3238 4859 9751 48 5036 6 26 2682 25 272 13300 3248 4 433470 6951 5643 1266 48 89 10 3248 7 3 96734 904 19 272 46025 4 3747 48 5036 25 138 692 5
187 31 117 6682 1225 6 2769 46 4 150 3 35 91015 33 4309 8 5427 74713 35 72271 12283 32330 4 502 33 5
80965 528815 3201 9421 35 14937 33 8 1581 3201 72846 35 5786 14937 35 4114 33 33 4 47 4589 12540 9 1026 871 392 3 498 871 14937 35 4114 33 4 3 49569 2614 153 2503 1537 19 7012 13300 35 800 33 2631 23 840 22 14937 35 4114 33 5
81 120 267 4 3 31660 36 3130 6 3153 5036 13 474 3 7662 5514 4 658 50 160269 2129 2228 23 6 1484 1933 2770 13 4472 3 7662 5514 4 1749 23 6 3209 325 244038 5
81 16063 4 3 4195 54861 14 3 91015 31660 16 35 630 33 114 24880 35 14937 35 4114 33 33 16 3 1043 2442 19 9281 35 947 33 527 4 87 31 5771 114 9 177 528 221 7 433470 61652 51 26 1272 10 678 6 1018 3 1341 3201 4 907 65 3 7662 14 3 84 628 397 16 300 25 3 266 26119 25 3 3238 3201 72846 35 5786 273290 53 9575 249 33 5
659 4417 46 4 9 507 7 1731 32966 16 2445 24 9 837 528 4195 10 8 80053 35 1278 33 109 3 14395 10336 13422 7 3 3238 17509 16 59 1842 87 5
10526 4 3 17229 255197 35 33534 4 1278 33 71 26 220 10 433470 14 3510 5325 23865 8 1913 3 3235 7 9 1812 4859 19 2489 12768 5
203349 255197 16 177 2402 1547 6 49201 12540 35 44 340 34 1871 12430 3 1581 3201 10 91015 12540 33 4 17693 97 10 13 3 13300 79 35 14937 35 4114 33 33 7 9 398 16 392 24 35 302 33 114 3 4859 3116 35 9575 33 16 226 3 10021 3035 35 1994 3116 3082 249 15148 49201 12540 33 5
81 644 4 3 17229 255197 1264 1010 71 26 4723 10 32752 4 133 21 10 61858 12283 3462 5
35 359 33 4 181218 4 6142 4 8 3444 35 1515 33 47 36 26 962 268 10 3856 5
66 16 2239 841 6 5548 65 3 49569 2614 4 141 3 17229 255197 4 29 1049 50 21431 2344 8 15 3 8101 23 71 343 2093 4423 10 325 23865 5
81 7294 7 3 1408 3004 7 3 433470 12540 6 2323 3 533 12540 35 7164 40285 12283 32330 4 502 109 165967 323 4 1278 109 323 80053 4 1278 33 4 87 31 83 692 114 433470 86 1497 75004 4 907 6 39190 3 18982 7139 35 29059 4 1422 14 946 33 8 10 786 75004 71 59 1497 433470 4 3054 133 21 18982 433470 35 552172 4 69828 4 323 4 590 33 5
273 946 4 3 398 31660 13 3859 9 433470 398 1092 54 3 1092 7 3 75004 31660 3497 9 26656 152 6 145003 3 18982 3459 4 8 3847 1128 99577 35 165967 323 4 1278 33 5
81 1243 6 3 398 5018 4 2146 12540 16 1273 109 23 3899 6 5907 97 6825 22 89 9575 10 3248 7 272 13300 2199 35 125 3 1321 26119 2770 7 3 5937 53 9575 249 26119 31 1122 14386 33 4 8 153 231 433470 2503 6 39190 53 9575 54 9 1092 35 69828 323 72271 4 280 109 69828 12283 32330 4 502 33 4 114 4659 16 3 4385 7 3 14608 5
1354 398 4644 8 2146 12540 31 477 351 21 9109 16036 14395 10336 18298 4910 5
17 433470 4195 47 16 6661 8690 5447 71 26 4723 6 12730 47 16 3 1325 10202 14 7 32752 35 2208 4 2560 33 5
273 3 7 3 8 32752 4 3 7067 16 3876 6 35 6793 4 4 12283 32330 4 7560 33 14 9 3592 1165 5
134 494 87 36 26 48 785 5373 7 433470 8 75004 14 454 1212 7 189 5
2382 13738 6 3 43826 8 57021 5835 4 3 508 2124 36 1165 184 1427 7 70624 5018 14 140434 4 543 15 3 1153 2435 31660 5
1153 2435 5
1153 2435 16 9 66590 543 140746 14510 96734 27708 5018 14 27717 3 204858 7 9 15183 4859 392 33770 628 26119 25 13 4859 5
4036 32 2007 2882 14937 8 9 14644 54861 4859 9273 35 454403 33 19 18229 18398 4 3 16036 1153 7 3 15183 16 35 1004 33 114 6517 35 14937 33 16 3 2621 7 14937 4 9 197 7 266 14 47 9273 35 14937 33 6117 6494 5
81 1654 4 15441 35 14937 33 115998 14937 16 226 1153 2435 5
17 1153 2435 31660 197 15441 35 14937 33 21 14937 4 8 19354 3 37582 285 15441 35 14937 33 137325 6 14937 5
81 46 152 4 54861 1153 2435 7915 20463 1537 3 1341 4 29404 3 3457 148 1341 8 1506 1260 5
142410 31 47315 35 18549 21 37393 10 25784 4 22803 4 8 35 911 33 4 918 10 15669 8 38848 35 744 33 8 10978 10 85392 8 196989 35 744 33 33 6 40 325 7927 7 3 59833 15183 35 49 9892 33 24 825 1153 2435 2376 10 5373 35 15669 323 38848 4 744 109 85392 323 196989 4 744 109 25784 12283 32330 4 911 33 5
273 946 4 3 54861 32752 35 392027 33 15669 323 38848 4 744 16 825 6 107065 10 3 1065 13 9 54861 15183 2882 35 109713 12283 32330 4 1278 33 16 220 6 26920 3 59833 27783 5
527 4 4446 107065 4 47 2527 5036 25 3 54861 15183 2882 6 2323 3 1494 10498 4 392027 2082 3 66590 7 3 54861 15183 8 2503 10498 1189 3 23865 7 3 59833 24 3 1153 2435 31660 4 557 6 9 48 1783 13324 7 10498 5
659 55741 4 3 216015 1153 2435 71 26 4129 21 32 1186 6 10753 1724 10498 19 216015 1153 2435 109 658 4 92 32752 7952 1537 32 12340 325 3235 3 1153 2435 1092 36 8894 3 650 5
659 14550 46 4 3 54861 1153 2435 31660 71 26 2164 19 3 365505 32752 623 58 19 3 2370 32752 21 10 61858 12283 3462 5
35 359 33 5
17 365505 32752 35 181218 12283 32330 4 1515 33 2527 255197 6 6754 61 3 8557 4859 4 363 3 391 3235 10973 8 1749 10498 6 1724 454 24 1723 3 650 5266 35 3581 24 3 1217 33 5
145 36 34 26 1502 15 325 25428 121 3 1153 2435 6825 86 2524 10498 119 1537 3 1359 1341 5
145 22797 27708 7 3 3201 7 10498 842 4 6 9 485 3525 4 9 2125 7 1442 4 14 47 48 1821 2506 31 2209 10 3 508 100561 5
43826 27708 53 20257 8 25152 238 9 1375 3109 7 7732 1442 8 837 5447 4 3 20257 8 25152 27708 5310 11409 10 43826 27964 142 26 4723 14 140434 109 46 36 26 3876 6 21 43826 140434 10 46 1381 5
17 13991 187739 8 90693 1046 37469 1812 27708 544 24 5714 9 1193 7 1026 2506 4 8 31 16079 14 9863 4213 140434 5
10733 121 415 2532 6 231 3 4624 31660 13720 42 2042 4 87 27 45 117 768 5446 6 46 2485 35 270083 4 3495 33 4 3 365505 32752 35 181218 12283 32330 4 1515 33 35 59 3 365505 3238 12540 35 33534 4 1278 33 8 3 333220 9424 324126 35 273949 323 4 1278 33 5
10087 4 192 2627 161185 161491 5373 6599 27 45 13787 4400 5
81 3 508 2124 4 80 1165 90 3890 2062 6 1384 40 1029 10777 10 678 6 1800 9 8745 3003 7 43826 140434 5
17 43826 27964 13 36 26 5764 539 37566 4 124913 8 143030 5
134 36 255 5983 15 143 192 7732 7112 27964 162 6 25450 3 3201 7 10498 6 2470 5907 173349 8 99577 5
37566 53 37566 16 13214 24 3 537125 167849 4 47 18 2925 10978 25 46302 3897 8593 7 3 6594 7 9 28451 496 32 1570 5
17 537125 167849 71 26 1867 21 3177 4 196 59 35 89720 4 58105 4 323 17555 4 744 33 5
35 985 33 114 15441 35 4 9575 33 16 3 221 7 185455 22 2020 9575 4 18365 35 33 16 3 596 5188 7 31527 441 3 216 185455 4 16 3 596 5188 7 3 1081 1193 4 63764 16 3 47032 13300 4 35 33 16 3 4385 7 9 185455 4 4659 16 3 28451 4385 4 10441 16 3 213753 13300 8 9450 35 33 16 3 678 7 9 185455 5
17 1193 7 3 727 37169 10 9 1223 14 4397 24 523 4624 884 150 39937 4 47032 4 8 213753 5
37566 16 9 14395 10336 5018 5
81 9067 19 3 5188 2770 4 3 2113 31 3467 6 7380 47032 8 213753 8 1046 14 32 19547 2104 5
47032 9906 67 2113 8 12148 91 4 8 213753 14027 38557 3 3467 1570 5
34989 4262 31 220 10 32752 4 883 8118 49 10 3109 4 6 25450 3 827 7 3 10498 24 3 4624 884 109 43 31 220 6 293 19 3 983 10 47 104 10498 27 2967 22 9 837 35 11771 4 5907 99577 33 397 5
931 27 45 3086 3439 121 35 270083 4 3495 33 4 8 2069 10 523 1225 24 89720 12283 3462 5
35 744 33 4 4 96134 4 323 415901 4 911 8 35 1082 4 35381 4 2552 4 323 23235 4 280 33 5
273 32 20945 3003 4 57 13991 32752 13075 10 71488 10570 16 392 10 1082 12283 3462 5
35 280 33 114 9 84 916 7 3 3238 2059 16 10978 5
659 454 1262 8225 7353 7 3 10498 4 3 1046 642 7 10498 71 26 18314 496 37566 35 323 1376 19577 4 280 33 5
124913 53 81 3 2370 124913 31660 4 9 197 7 10498 31 4209 14027 4 8 40 2371 35 684 33 31 3353 232 6 40 209 791 8 3 791 7 3 23763 35 49 4863 10498 33 5
17 10498 31 3353 232 6 3 508 42584 53 35 1135 33 35 889 33 114 4 4114 16 3 498 43241 1092 4 149147 16 3 2727 1952 7 10498 4 16 3 18982 2106 2737 22 47 3 282 5188 29 45 3439 4 3 1193 391 2737 35 49 325 2621 827 4 10 9 2621 1185 7 3 31660 33 22 47 3 282 5188 95 300 29 45 3439 8 31 29784 2193 5
238 9 1396 7 11815 4 3 67 6951 532 2193 10 446326 35 1135 33 31 3054 2682 25 3 6158 3201 15850 35 6494 4 40319 33 5
79 528 35052 2059 72846 35023 9 391 1046 125 9 396 35052 2059 35023 9 325 1046 5
238 9 665 4 3 508 180305 17073 29784 4859 16 1618 25810 10 35 1135 33 35 605 33 114 4 16 3 2007 2059 4 16 3 380 2059 4 8 38 16 3235 43241 221 5
999 7816 3 7662 3201 7 3 308 11537 4 3 124913 18982 2727 1264 71 185 32752 6 4498 5036 19 272 359620 35 32758 4 43507 4 323 23551 4 502 109 10141 4 5707 4 135140 4 6793 4 323 20928 4 274 109 19959 323 6793 4 590 33 5
17 124913 31660 18366 3 10498 10 272 7662 352 4 5226 7 3 2059 7 10498 10 267 7 3 7039 1506 16 12323 5
81 1243 4 67 523 1084 266 31 220 6 8149 10498 10 678 6 2769 7139 8 23462 10 19959 8 6793 35 590 33 5
66 16 141 1595 13 10 9 175314 42101 1069 3 30026 124913 6684 16 9 23763 1442 7737 156936 3238 12540 1264 35 10141 12283 3462 5
274 33 5
527 4 7623 124913 1752 6 32752 4589 67 544 13 27 6 26 5169 19 5
364 16 3 637 7 18982 7139 54 3 124913 4644 5
659 14550 46 4 10498 71 26 47315 6 474 3 7139 54 124913 35 10141 12283 32330 4 274 33 5
17 169 565 16 13 9 837 23763 250 34 26 385 463 6 3 13422 7 3 3235 7662 397 5
659 3383 46 4 9 41748 23763 7787 5714 2489 60240 14 9 537 1341 827 29 45 304 6 3 8942 124913 31660 14 5394 5479 10 1604 8 1604 35 2076 33 5
4749 3 13991 5979 8 13991 5310 10 37566 4 124913 340 34 5507 3 5131 7 3 4397 7 3 47081 4 21 87 16 93 3394 8 17764 1315 5
659 6298 46 4 3 18982 2727 1264 2164 19 3 17904 1315 16 1273 10 6794 4 33761 4 7914 4 8 33794 35 502 33 14 140434 5
143030 53 17 143030 88899 191244 13 16 2337 1273 14 12538 338900 27708 544 35 284468 33 71 1497 32752 14 140434 21 166 4 907 54 23 16 4939 10 3 11065 30951 35 33 35 163443 323 230641 4 274 33 5
17 885 6825 7 143030 27964 16 3 102104 1506 4 47 16 220 6 5907 3 1046 904 5
143030 2532 6 4855 3 565 24 500835 67 1959 53 2778 17299 249 53 79 221 7 7732 21846 1088 2506 6 3 565 24 12540 9 27783 47 16 10978 25 3 102104 317 5
81 3 2370 38691 5898 35 14289 33 4 3 211736 34148 2503 25 164 14937 35 4114 33 6 164 13300 35 1239 33 114 35 14937 35 4114 33 33 8 35 14937 35 4114 33 33 31 4 3995 4 3 1058 7 102104 17588 8 3 57649 35 191244 871 33 2442 19 3 164 4195 25 164 14937 35 4114 33 6 164 4 31 1432 521 19393 446 2770 2258 3 3703 3238 7 102104 4830 191244 317 5
2778 17299 341 53 17 2506 31 220 6 13655 3 102104 133 13 3 13300 6 13014 272 1277 2506 16 853 5
145 16 3439 24 1723 3 102104 926 2442 19 3112 206 2104 126113 24 9 1087 871 4 8 24 17073 70 3 102104 2770 137 102104 44437 35 1173 33 114 1356 6494 4 249 1362 16 3 102104 44437 85612 5
81 1243 6 3 996 67 1959 4 565 2190 24128 1945 35 261833 1945 33 142 26 1272 35 163443 323 230641 4 274 33 5
143030 8 31 11828 76 32752 14 1324 10498 6 40 325 1391 59833 15183 4859 10 46727 8 42877 35 2560 33 4 47 16 6 140 4 1537 3 642 7 3 164 904 19 3 84 9892 35 15152 323 19619 4 2076 33 5
17 23462 665 7 34148 160269 421 543 32752 16 2209 10 23551 4 20928 4 8 23551 35 590 33 4 10 47 290 18982 37169 10 883 7 3 67 1273 1225 6 7933 1506 10887 5
142410 31 153 3467 35 21072 12540 33 232 6 34148 158471 3564 25 558 9892 5
66 16 177 2794 6 3088 13 143030 140434 1131 10 9 70624 4230 13 16 177 825 6 3 433470 4195 4 1153 2435 4 8 3 124913 140434 21 166 5
158 70 1230 6 27 3081 18982 1324 2163 4 17693 97 10 7254 4538 8 10711 5
527 4 87 383 26 9 1760 397 6 25450 3 18982 3201 6 1262 72 1324 5
145 16 4669 10 3 3656 96734 1994 8736 4 21 14580 10 3 124913 10292 32752 35 1604 8 1604 4 2076 33 5
66 144 26 1744 13 4 177 287 660 16 558 6 5441 3 23462 49 3 459997 955 7 192 43826 140434 5310 5764 95 300 496 32752 5
145 16 106 10190 23462 2376 16 477 170932 14 191244 8 7112 27964 5
949 95 4 57 738 6 26 4959 65 7623 7112 4538 10 32752 2631 3 522 142 3 5551 3634 7 96 16 13228 5
273 46 4 4203 96734 9937 31 1568 6 2769 3 3235 1497 19 3 248 487 1896 5
145 29 45 4436 10 163443 8 230641 35 274 33 10 47 3 102104 44437 18 3677 6 1262 215 4430 9 23462 7 3 37566 31660 35 322 3 23462 16 17670 4939 33 5
6876 4159 7 6942 27964 4 226 543 15 3 11455 148 2502 35 25279 4 2397 4 323 6793 4 744 33 4 16 32 1712 6 5313 7139 496 3 1193 7 13991 27964 5
57021 77918 53 67818 4 18831 8 14087 17 7139 7 10498 8 3 1221 4046 7 31 4363 40174 10 3 39177 3201 35 15183 33 7 10498 4 47 16 3475 973 2016 14 13999 3 5907 1646 8 5714 3 7139 7 10498 5
79 614 867 14 1994 32 3206 5907 1646 16 6 2401 9 396 221 7 10498 35 11771 4 5036 33 92 3 15183 16 1967 15 9 396 176 7 3 164 904 4 2631 9 528 221 7 10498 144 26 3112 4 35 196 2284 4 1095 109 6793 4 3454 4 323 46007 4 6833 33 5
142410 5146 10 3 216 24065 7 3 164 904 31 1109 6 581 3 216 4413 6 3 7139 7 10498 35 6793 12283 32330 4 2560 33 4 8 48 4108 4 3 234324 3457 16 220 21 9 1415 7 3 7139 7 10498 35 4 38704 4 266593 4 323 38774 4 274 33 5
273 946 4 65 3 164 4046 16 272 4 10498 36 26 50675 8 5146 6 9 3528 164 904 5
355 3 164 4046 16 799 4 10498 36 26 24128 8 5146 6 9 396 164 904 5
6297 15 46 3003 4 3 152424 35 49239 33 12540 1217 35 2284 4 1095 33 8 35 6793 12283 32330 4 6833 33 2258 3 1272 221 7 10498 157968 95 13 3 152424 148 5907 543 3235 7662 2882 35 33 8 3 1359 59833 340 34 7717 9 144169 3768 4787 8515 24 538 3 508 14392 35 1227 33 114 4 11856 16 3 221 7 30988 19 270 4 8 16 3 4416 7 3 2029 1966 3201 5
17 14392 842 13 3 221 7 10498 16 440 22652 6 3 221 7 7132 19 270 4 47 16 543 15 3 7132 95453 7 3 164 904 5
364 267 7 7132 95453 10 9 331242 164 904 16 1595 10 98586 341 5
77250 18831 8 14087 12859 10 331242 164 904 98586 341 5
77250 18831 8 14087 12859 10 331242 164 904 5
81 96 3177 4 80 1384 9 84 1427 7 140434 4538 13 1497 146 25 4538 133 21 67818 4 18831 8 14087 8 13 236 6 3383 3 551954 7 3 164 904 5
4749 43826 140434 4538 4 192 6599 142 34 26 70624 49 191244 4 44 31 1016 4 1859 4 2923 26787 21 43 31 12695 6 40 1654 2333 17905 4 10051 90997 35 18549 21 14395 10336 280906 4 110944 33 8 1341 5479 4 47 31 7 2086 799 551954 5
382241 16 9 1375 8783 2376 543 19114 421 5
999 6300 4 10753 2376 49 67818 16 3 10808 7 9 392 197 7 628 266 76 523 600 4 49 18679 4 543 15 90 1029 2763 7 3 266 5
17 644 13 137723 408 10498 3001 9 825 164 5121 3 867 7 67818 137723 408 10498 671 6 1384 40 1029 955 5
382241 7 10498 16 34 97 9 770 6 1128 3 5907 1646 4 44 59 9 770 6 20609 3 5479 23462 4 6 2384 3 7139 7 10498 35 19 3 785 1175 6 4855 856 544 133 21 3 6178 10051 565 4 47 9965 6 9 983 114 3 10051 16 1303 6 32 16084 2737 8 3 5479 16 2112 372 33 8 6 10775 41748 2082 4 4703 5
364 565 19 110944 16 13 3 6762 187384 13720 1484 14414 137325 6 9 3201 13 16 2051 6 2384 158122 23033 5
659 4855 46 565 4 137723 408 10498 31 30209 671 109 290 10753 16 1109 6 26 9 19379 7 3 1359 164 8 16 8610 9490 35 88979 4 4 323 11842 4 1422 33 5
145 2228 14 3 2104 7 3 6178 10051 565 5
631 290 10753 22576 9 13300 13 2464 3 3944 7 3 10051 110 22 13 2737 4 3 10753 19 3 1391 13300 51 26 220 6 2258 3 10051 2106 2737 22 13 6205 10 89 5
66 144 26 1744 13 189 3 20973 2125 8 3 67818 5018 31 34 14644 8 142 26 120 2410 1414 4 133 21 3 51899 110944 35 7277 323 33572 4 744 33 4 5806 7 19772 35 121087 33 67818 35 4 119080 4 323 445828 4 2076 33 5
17 3201 7 3 10498 1708 32 4590 52 3 2463 7 5479 23462 35 12825 4 7744 4 323 6794 4 280 33 47 16 7141 6 259 3 1531 7 3 90997 10 110944 5
6297 15 46 4 3 18982 67818 5533 16 220 6 3489 13 3 2082 31 16079 22 70 400 8 2371 35 323 218253 4 1095 33 5
17 261685 2129 7 18679 71 26 220 6 3489 333 1676 7 3 1566 4 1749 1164 6 26 1967 97 114 3 13300 6 384 3 521 10051 16 568 35 213735 4 4 184658 4 323 4 502 109 25784 12283 32330 4 911 33 5
81 1243 4 10 3 41748 5811 5479 267 543 15 3 107176 35 13300 19379 15183 33 13720 35 4201 323 4193 4 359 33 4 2082 31 477 16277 24 3330 4231 7 3 18982 3201 2151 67818 35 11856 770 4 42296 37642 4 4703 5 33
7449 19 50 46333 52175 8 76184 5
79 48 5242 7254 7 67818 2228 48 5050 8 5314 2882 21946 4 907 14 3 267 7 2329 35 12283 32330 4 7560 33 5
81 2906 6 11700 67818 496 32752 4 32752 71 10 786 1485 14 67818 28538 323 35 744 33 5
118207 8 91830 53 2224 3 67818 5533 4 3 18831 8 14087 35 2990 323 2567 33 4538 31 59 543 15 3 39177 27647 7 10498 6 1626 61 140434 5
158 1230 10 10887 543 15 523 5269 53 10498 35 6793 4 3454 4 323 95554 4 590 109 323 143711 4 274 33 49 18982 18679 35 7914 4 9048 4 19959 4 323 23551 4 274 33 5
81 3 2395 18982 2990 323 2567 32752 35 6793 12283 32330 4 590 33 4 523 1051 7 10498 31 220 14 10900 8 18298 8118 6 26235 3 22114 148 3 37582 8958 35 3 48 10498 4 3 333 8958 33 8 46333 1952 35 3 2121 10498 4 3 3254 1952 33 5
145 1131 163 3 13578 13 2059 18298 16 48 205930 1908 58 3 10900 1092 4 10 47 3 8116 1952 36 26 1695 2069 65 3 221 7 10498 14 18298 16 1842 35 24 18831 10498 4 196 3 203 176 7 98586 341 33 125 3 10900 53562 8 37582 8958 71 149 26 166 4154 19 9 2185 10900 221 7 10498 35 24 14087 10498 4 196 3 243 176 7 98586 341 33 5
17 18831 8 14087 10 3986 12730 9 843 7 8515 543 35 6793 4 4 12283 32330 4 7560 33 13 71 1262 3 44028 7 396 16036 10498 5
81 1243 4 32 3206 42146 17905 4 3677 15 3 2714 10498 4 36 26 454 7141 14 3 7139 7 10498 5
10526 4 24 770 7 18831 8 14087 3 3192 18679 10 3 48323 32752 4 9 7039 30209 32752 16 1273 10 7914 12283 3462 5
35 274 33 5
966 83 2953 2854 27964 133 21 3 30773 1046 650 31 558 6 12730 140434 14 32752 109 3 7254 71 59 26 1144 6633 35 196 12283 32330 4 744 109 12283 32330 4 274 33 5
659 1297 3 1952 7 3 54861 15183 251459 10 3 25646 54861 42146 1264 4 2953 2854 6599 133 21 270 60401 4081 35 33 8 3 270 60401 628 6652 35 33 15183 37582 5018 35 53315 323 4 590 33 27 45 1589 10 32752 5
1504 6830 900 4 140434 543 15 2953 2854 149 29 146 787 6 1800 4 34 97 14 3 1497 7 333 18982 7139 35 23462 8 53562 33 8 3254 1952 4 44 59 14 3096 37582 8958 5
134 71 34 1100 6 120016 70 3 140434 1896 34 97 106 3 6854 16 1144 2005 8 36 12375 2601 14 90 89 6 252 4 44 59 106 23 16 572 6 3773 22 9 10190 6300 7 140434 13 16 8255 4302 4 22248 4 249022 8 12404 5
659 7309 15 9 48 16615 8 20945 3003 7 140434 4 287 1164 16 1942 15 6682 162 133 21 31936 12911 4309 35 82373 323 72271 4 2076 33 4 375055 4309 35 7914 4 6794 4 323 9413 4 2076 109 109713 12283 32330 4 1278 33 4 50675 8 414399 32752 35 5041 4 4 87313 4 323 4 2560 33 5
17 768 80 27 5764 95 300 852 9 3093 20109 6 1297 32752 13 31 982 1783 10 2957 19 5907 173349 8 99577 5
81 1243 4 3 20973 11040 8 23462 7 32752 250 26 2069 14031 5
66 16 1622 6 1963 13 4 3 1497 7 140434 4538 16 2239 565 6325 8 96734 3538 53 249 33 3194 140434 5533 142 97 162 166 15 1574 2520 4 907 65 23 16 2337 1254 14 9 2190 565 4 17905 4 5479 372 35 6178 10051 33 565 35 88979 12283 32330 4 1422 33 5
341 33 17 1212 1695 5524 15 3 96734 1994 5
273 3 565 14644 140434 4538 4 9 177 523 773 142 26 3439 163 523 565 2520 49 523 96734 1994 5
459 33 17 1212 31 34 1216 44 1016 1695 144104 1547 6 290 83 5
17905 4 6 474 37582 8958 16 477 4730 19 9 4472 10 8116 1952 5
79 48 9951 2898 15 3 969 7 8116 1952 6 3 37582 8958 16 392 10 3 508 100561 5
22510 140434 8 46333 3961 1858 7 22565 9 837 140434 5533 4 87 31 90 454 5373 6599 538 67 49 48 4538 6 32697 290 83 14 5373 27708 5
273 946 4 9 5018 543 15 928 7732 32542 2642 16 2042 10 273949 8 35 1095 33 6 5507 3 325 1046 10 3 333220 9424 324126 7 273949 8 35 1278 33 5
1516 5373 140434 6599 539 6942 486 19 67818 35 213735 12283 32330 4 502 33 4 7732 5587 284 19 124913 35 30429 4 10262 4 76497 4 323 98331 4 2076 33 4 8 54861 1153 2435 31660 19 3 365505 32752 35 61858 12283 32330 4 359 33 4 18003 4 6 610 9 265 5
187 31 10 644 83 2377 694 19 140434 13 142 34 1194 95 3081 5
527 4 23 16 1622 6 1963 13 6599 13 31 215 1812 142 3520 25 272 46333 4710 13 71 2311 6504 3 37582 1277 10 1407 4 742 87 340 34 1230 6 26 894 1171 10 29182 5
145 16 106 9 1812 13720 1746 477 27527 9 181862 12540 1952 4 47 6154 9 902 43241 566 8 13259 12634 5266 35 17905 4 3 164 4195 5266 33 5
17 853 5266 71 10 786 6504 3 773 7 3 13720 5
17 206 773 7 1812 18683 4 217 10 117 7 3 140434 5310 65 538 3 216 7039 5266 10 3 20260 4 16 1695 4990 5
208 3 20973 1952 16 1109 10 1407 4 40 4091 142 34 26 3455 22 70 5
145 644 16 10845 10 6835 29182 114 3 20260 5266 16 4599 5226 7 3 20973 1952 5
81 644 4 189 18423 8 5238 132064 240 13 4073 13 1194 6 26 53144 4007 142 321 6 3800 141 1734 58 13 7 3 6762 187384 13720 4 35 196 4 4 323 36106 4 274 109 477326 323 4 274 33 5
145 11016 286 13 9951 1164 144 26 747 6 3 1746 8 8557 7 9 84 13720 4 2631 23 142 26 23119 5
273 1935 8557 8 4631 10 29182 4 3 164 4195 5266 144 26 17229 232 6 3 12540 1952 7 290 13720 47 16 93 1369 2485 5
145 16 46587 10 3856 10 6793 8 3454 35 6833 33 5
273 46 1033 4 9 1510 20260 4631 7 523 140434 6599 340 34 916 176 7 129 1165 5
272 551954 66 29 45 1595 10 1607 4 158013 4 175323 4 8 3027 35 274 33 4 175323 4 6793 4 8 158013 35 274 33 4 8 3751 28064 35 6833 33 8 158013 4 175323 4 8 6793 35 274 33 13 4 232 6 35 704 33 4 3 2029 14395 10336 3768 44931 35 1403 33 114 6517 16 3 221 7 10498 4 35 454403 33 16 3 34130 1415 4859 4 3 4599 3298 3054 340 34 5524 15 89 9575 44 383 26 46279 10 3 15209 7 3 164 904 7 3 4919 1506 5
17 46279 561 10 3 221 7 10498 14 1723 17020 35 424 21 3 7872 7 551954 4 196 3 660 1252 10 1607 12283 3462 5
35 274 33 33 16 57 7 3 603 2235 14 140434 4 21 166 21 57 7 3 1325 8681 14 3 2673 7 32752 5
66 29 45 1940 4218 13 14395 10336 4309 142 3303 10 528 2430 1443 35 158013 12283 32330 4 274 109 4 274 33 4 907 10 172973 35 3751 206791 4 280 109 3290 206791 4 590 109 323 4 590 33 47 86 27 57 99 49 141 48 17020 5
17 2847 14 140434 2673 6 272 61638 1443 16 3314 15 904 95453 4 55184 8 4231 7 10498 10 3 164 904 5
659 723 46 2847 4 2410 4538 8 2506 71 26 2817 47387 21 3177 53 35 249 33 1128 3 4149 551954 24 62984 825 4538 133 21 35 25508 33 35 69828 4 87313 4 4396 4 323 4296 4 1515 109 1376 87313 12283 32330 4 911 109 120871 4 143711 4 323 375073 4 744 33 4 91375 35 7744 4 120871 4 119080 4 323 445828 4 2076 33 4 14478 35 201028 4 518892 4 323 4 502 109 273294 4 20986 4 323 4 359 33 4 75644 12540 35 151626 323 6142 4 2391 33 4 18003 4 35 341 33 1746 187739 3803 35 12283 32330 4 744 33 6943 14 272 61638 164 904 49 16117 7 551954 481 4262 35 323 4 590 33 4 18003 4 35 459 33 1262 3 565 24 11700 48 6383 12540 7 290 18982 6 852 9 396 221 7 10498 35 3751 20556 59815 12283 32330 4 1515 109 3290 206791 4 590 33 49 24 8690 8116 35 323 4 280 33 5
134 97 581 2941 25634 6 290 7 192 10 3 508 29189 109 14 454 1056 4 3550 31 3876 6 3 8785 1252 5
17 25508 35 69828 4 87313 4 12283 32330 4 1515 33 1217 64360 3 164 60401 95 13 3 83924 13720 16 220 14 3 176 7 3 164 904 1506 13 16 351 21 27728 4 125 32752 16 220 14 3 83 176 5
273 946 4 3 164 60401 10 3 96746 10150 71 27 21 117 21 1173 684 4 8 322 4 3 83924 13720 71 26 220 14 3 889 684 4 8417 32752 16 3677 6 3 8540 827 164 35 143711 4 590 33 5
81 678 6 2821 3 27728 9295 538 83924 13720 4 3 537780 32752 35 184527 33 35 7744 12283 32330 4 2076 33 19918 3 20973 565 76 67 76220 11933 544 4 8 153 10834 3 67 76220 11933 544 538 4 47 22394 25 25508 10 13 3 3201 7 3 169 182 7 23394 16 59 92443 24 9 15327 32752 5
10526 4 3 164 904 142 26 75644 76 48 8 336 32752 8118 10 290 35 273294 12283 32330 4 359 33 5
10052 4 14087 3 164 904 6 1128 3 533 12540 15209 35 6793 12283 32330 4 2560 109 4 274 33 4 25418 52301 6 13720 8118 35 201028 12283 32330 4 502 33 4 75644 12540 543 15 52301 1046 35 151626 323 6142 4 2391 33 4 8 699 75004 123286 10 8690 10 523 3248 7 3 164 904 19 454 2177 6 12248 19 290 83 35 4 69828 4 18255 4 323 7202 4 274 33 4 31 70 825 8 71 26 6401 76 3 205930 4213 5533 95453 8 6 14306 3 4710 7 551954 10 3 272 61638 1046 904 21 3 448617 1919 5
66 29 45 2186 13 23 16 477 537 4 22 248 10 5131 4 6 1800 9 325 18982 20973 31660 446 60029 3768 16 15209 481 35 8 3751 28064 4 6833 33 5
349 3 83 881 4 768 27 45 5446 6 11804 3 231 7 290 18982 8 3847 6 1128 3 676 221 7 10498 1272 5
79 333 1581 15183 538 3 2395 35430 5018 35 426 11537 31 4723 10 3 1581 15183 6 1823 10498 1189 3 11537 33 16 12956 4 1749 3 10498 6 259 114 3 11537 31 10 678 6 1128 3 1272 221 7 10498 35 3290 206791 4 590 33 5
10526 4 23985 35 9788 33 8 30773 1046 31 13991 88899 187739 13 27 45 3639 3677 6 32752 14 272 61638 37582 544 4 35 196 12283 32330 4 744 33 5
17 3802 4919 3 23604 30988 1217 4 47 35787 391 60029 25 3 16117 7 551954 4 16 1273 14 234675 6582 10 8 35 590 33 5
931 71 2585 48 6928 6 32752 14 2957 19 272 551954 4 907 10 3 267 13 97 9 396 221 7 10498 31 805 49 4020 5
21847 160269 88899 10529 17023 31 1589 21 3782 10498 6 1328 272 61638 24831 6294 19 300 2121 10498 35 34488 4 4 323 3751 4 359 33 5
17 2031 18982 35 4 362017 4 4 323 39220 4 6833 33 20330 9 396 8 58752 32442 642 441 9 310387 3583 10 3 164 904 47 9704 3 46333 10119 8 16 6943 14 12538 272 61638 544 5
9069 4 6599 13 31 1783 14 5907 27708 10 3 164 904 7 883 799 551954 49 272 551954 31 70 973 2016 5
238 4216 277 4 3 3979 12540 1952 7 3 13720 144 26 351 76 1250 5
145 1381 29 5764 9 507 7 7112 768 13 27 45 115 15 48480 3 3201 7 10498 10 40 71966 650 10 3 18982 13720 5
931 768 31 982 4213 14 8409 49 39987 5907 173349 8 99577 5
17 1339 21131 3 27647 4 251124 4 15954 8 23524 7 192 6599 623 58 581 1056 15 3 2726 7 2333 7 290 31660 5
622 3003 7 140434 18 1589 24 2016 70 27964 8 4538 13 432 3 216 10777 496 9 58656 5138 4 1691 9 14324 8 16615 20109 6 542 32752 8 1749 454 4091 6 26 115 5
520 667 42 34 2994 150 3 10190 11040 8 23462 955 7 3 140434 1217 5
16268 48 1783 2506 14 140434 10 272 61638 544 840 4 9851 4 32 2374 8 3558 5890 10 47 87 16 149 146 48 6 112 4 907 10 745 114 97 9 396 221 7 10498 31 805 5
273 946 4 3 3340 5307 5018 35 323 4 280 33 8 23725 20973 35 4 3751 28064 4 323 880 4 502 33 142 27 9 785 1497 14 32752 5
208 272 551954 16 5438 4 3 231 7 10534 4538 105 8690 5447 8 2923 26787 4538 1547 6 6728 3070 16 1282 5
949 4 6645 6 3 23924 133 21 433470 31 4900 5
134 27 4436 13 104 7 2410 4538 220 6 6298 32752 112 34 162 14 70 745 44 31 565 6325 8 96734 3538 5
81 1654 4 3 853 46333 470 463 6 1812 31660 1746 142 6504 773 1277 10 521 247 37582 4 47 16 477 10845 10 9 6835 20260 13 2527 4599 19393 14 70 18683 5
238 9 665 4 3 20260 3115 16 34 2161 6 3001 3 3115 7 9 521 247 983 5
145 7349 3 1164 7 3 1481 8 5968 7 84 33770 18683 4 34 97 32752 5
659 4417 3 3014 148 20260 8 521 247 1407 4 9 1568 1092 694 16 6 17721 3 20260 1506 19 2201 6 3 8116 1952 7 523 18683 5
145 16 3 629 397 6 21302 6143 20260 8 1851 8 2818 32 5327 2104 5