17 1444 433 17136 35 52430 33 1746 6274 9 982 2794 352 7 542 106 7 50 2086 272 653 7 1164 6 48450 9075 4 10 1243 6 1029 3685 8808 133 21 470 8 773 5
527 4 23 16 841 338900 27708 565 14 5395 5
147461 1442 35 46886 33 18 177 974 8 1940 220 10 117 1812 27708 544 47 18 5961 3074 7 855 1443 133 21 13417 12940 35 18843 31660 4 5678 33 8 3814 35 18982 23763 27708 4 124913 33 5
145 542 1273 32 27708 5373 23763 31660 13563 18982 18843 31660 35 106974 33 543 15 9 1654 7112 3074 7 13417 18843 8 5086 39740 24 29152 12265 9063 5
145 542 9670 3 773 7 106974 19 13 7 5678 8 124913 14 21411 1444 3685 7 52430 544 5
17 522 240 13 3 773 7 106974 16 5870 6 138 7 3 3915 27964 8 71 26 11076 4723 6 4855 138 21411 52430 544 19 272 551954 5
9456 433 17136 35 52430 33 544 31 982 2794 106 10 1243 6 1029 3685 8808 133 21 470 8 773 4 2033 1746 16 907 1477 19 28974 8 48450 9075 7 9 17136 35 47750 4 124067 4 323 4 1422 33 5
17 52430 565 16502 9 16079 2737 14 9 197 7 89051 6034 13 772 70 1746 3212 8 77180 1746 1277 10 970 7 1746 13885 125 29404 676 470 2442 19 16764 148 192 2089 5
569 1618 3250 3977 569 66619 2033 358703 13885 35 137069 323 4 1422 109 47750 12283 32330 4 1422 33 5
52430 544 11851 10 3 1746 7 2549 4 394 3710 8 83 2089 35 63430 4 502 33 5
527 4 70 133 544 31 424 21 328942 572 8 106 7 3 338900 10119 4 23 71 34 26 10455 67396 14 9576 20683 17136 544 35 63430 4 502 33 5
273 9424 2089 4 3 221 7 537 6645 16 9424 278 4 47 1929 528 1051 141 14 396 9424 2770 5
355 183 2089 31 694 4 537 6645 221 166 72 4 8 409 2089 27 537 6645 36074 10 3 2775 5
81 5238 2673 4 658 4 9 864 19 9424 3082 409 16 149 1109 396 35 63430 4 502 33 5
81 3 271 4 2505 8 7732 1442 543 4309 27 45 3677 6 12538 52430 544 4 17905 4 2505 543 1443 27 45 1589 6 581 1481 19 565 2190 191244 2505 6 10792 3206 2033 29544 35 24087 4 3824 109 4 36921 4 323 4 3952 33 5
273 3 161185 543 27964 4 8 368842 35 1278 33 220 9 5373 32542 992 6 2705 19547 433 17136 5
63430 35 502 33 3677 365505 32542 2642 6 4855 1444 433 653 52430 544 5
1516 6682 27964 4 17905 4 174871 1046 35 54069 33 4 17229 255197 35 15329 33 8 4624 27964 35 727 33 31 220 1940 6 4855 433 17136 544 5
54069 16 9 325 1046 5018 4 47 16 220 14 3 7965 61 7 463646 2089 35 10999 323 20839 4 1515 33 5
15329 16 9 5018 14 12538 3109 544 2239 3677 6 3 17136 1746 7 41748 6905 2089 35 52566 323 145690 4 4164 33 5
105512 8 327191 35 2773 33 11828 3 4102 7 4624 3685 76 3 37566 284 14 12538 589 904 17136 544 5
6793 8 4096 35 1515 33 8 18404 4 79209 4 8 9630 35 1095 33 220 37566 6 4855 433 17136 544 10 140791 20683 2089 5
17 6905 7410 7 3 92987 27964 42 6 25450 3 11455 148 2089 4 133 21 676 66619 2033 3977 569 8 10291 7 66619 2033 4119 5
368842 8 35 2391 33 1589 9 3592 284 14 433 17136 1330 543 15 322385 4 368842 4 96035 4 8 35 1278 33 2209 9 5238 1506 14 3035 6325 433 17136 1330 10 1444 24 10503 9 71179 284 4 22190 8783 8 322385 1526 767 601 1967 15 12538 523 27708 544 24 7623 138 27964 163 523 12453 47 1277 7 2506 42 1574 24 3 7453 7 3 27964 5
147461 1442 35 46886 33 29 45 7 1723 518 6 601 1638 10 308 85 5
46886 18 4939 24 12283 3462 5
21 120 1186 6 1746 27964 49 5146 39844 2438 543 15 3 5961 3074 3581 7 855 18640 17355 49 83 2226 35 4 230641 4 323 4 2391 33 5
12283 3462 5
1967 3348 15 3 855 3074 3581 7 21846 35 230641 4 3824 33 4 2577 35 6793 4 1095 33 4 3814 35 1824 323 146080 4 3401 33 4 12940 35 59850 12283 32330 4 502 33 4 4703 5
527 4 3 1043 23763 71 26 3677 48 2239 6 7253 6 120 14912 2137 7 27319 2210 49 2113 5
1113 12940 31439 180 9 30450 16 3 8176 946 7 23763 4 39740 71 2093 26 2262 6 83 1443 19 825 64152 5
79 265 2520 27 45 1589 6 1506 3 7112 14141 7 64793 39740 8 3677 6 4855 338900 2125 544 5
7277 35 744 33 2209 9 4731 18843 31660 35 245884 33 13 16 1783 65 3677 6 4859 27708 544 5
245884 18 2870 15 67 7410 19 67 19393 4 837 11099 8 41748 11099 4 3995 5
11391 240 3 245884 21 2537 48 4213 58 322385 8 35 280 33 2209 32 7732 18843 11521 35 2616 33 31660 8 3643 50 9345 522 35 258031 323 4 502 33 5
66 29 45 2653 61 13 3 2616 31660 93475 37566 14 7410 25246 348873 49 71155 127032 5
59850 12283 3462 5
35 502 33 2209 32 1494 18843 31660 35 5678 33 8 3677 6 67 2029 12329 27708 544 19 67 8 288 17020 5
11391 4964 5678 488 6 384 2506 177 408 6 3 30392 4 1571 13 5678 2239 22308 322385 4 4 8 35 590 33 1589 9 5607 5678 35 59850 12283 32330 4 502 33 6 4855 48015 10808 544 35 90556 33 13 2209 32 34458 2614 2621 7787 5
11391 170 13 3 1273 5678 1388 3 785 6 4855 90556 5
527 4 125 5678 35 59850 12283 32330 4 502 33 1388 3 785 6 2494 391 6950 8 2527 9 13911 7787 10 4631 19 37566 4 23 9295 15 6951 1046 754 23 2086 2325 10 325 1046 1715 8 340 34 1564 271 4231 4485 154 3 27708 1046 650 5
273 3099 4 9 12690 7 3814 142 26 554 7 21 9 23763 446 1570 2210 31 3814 5
77250 23763 27708 35 124913 33 4 47 29 343 1144 974 14 117 1296 616 35 323 4 359 109 47153 4 590 33 4 2520 3 855 3074 3581 7 3814 35 59850 12283 32330 4 502 33 5
124913 2475 220 10 325 4231 4 8 1564 271 4231 4485 154 27708 1046 650 5
527 4 23 137325 261 10 1695 33770 544 8 16541 76 3 325 30392 2104 35 4 415901 4 323 4 502 33 5
16816 4 10 678 6 1297 5678 8 124913 4 46 542 1273 32 2069 27708 5373 23763 31660 226 3 18982 18843 31660 35 106974 33 13 81070 9 1654 7112 3074 3581 7 5086 8 13417 18843 39740 8 29152 40 9063 5
81 1243 4 46 542 59 1273 9 2621 3909 35 14671 33 5533 14 3096 106974 1046 3961 8 1273 9 7117 96734 18298 35 515629 33 5533 14 5470 21544 76 9 325 30392 10 272 61638 544 5
145 542 9670 3 773 7 106974 31660 19 13 7 5678 35 59850 12283 32330 4 502 33 8 124913 14 21411 1444 3685 7 52430 544 5
17953 31660 35 5678 33 17953 31660 35 5678 33 16 32 27708 31660 3581 24 3 1375 37138 3074 7 52236 35 146080 4 9048 4 323 1824 4 1278 33 5
5678 283578 16 1595 10 98586 249 5
5678 35 59850 12283 32330 4 502 33 2818 3 1994 7 9 221 7 19393 4 150 221 7 19191 12940 35 9424 33 4 221 7 3949 1265 3467 25 9424 2448 1265 35 16054 33 4 221 7 282 1265 61 7 9424 2448 1265 35 8862 33 4 221 7 12940 7791 14 3949 16054 1265 35 114180 33 4 221 7 12940 7791 14 282 8862 1265 35 33 4 221 7 12940 7791 14 83 2448 1265 35 24880 33 4 8 2621 35 33 7 12940 2997 1046 8 5964 38020 5
17299 35 249 33 504204 19191 12940 5678 2179 19 9424 19191 12940 1942 14027 10 3 1046 904 5
17299 35 341 33 139052 5188 12137 3 14808 8 8612 19191 18843 5188 5
17299 35 459 33 13088 3949 1265 35 16054 33 25 19191 12940 19105 12940 13 27 3 1391 5188 31 3112 21 3949 12940 4 8 1265 43 598 31 3112 14 2621 1046 5
17299 35 503 33 104511 12940 35 114180 33 353 2621 2997 1046 17 31660 16131 6950 10 3 2621 7 3467 1265 4 31370 48 7767 12940 6 2997 401 6 3949 1265 5
104511 12940 71 26 3112 1752 232 6 3 5188 2442 19 40 2190 2997 1265 446326 35 249 33 5
35 249 33 114 94604 16 211736 14937 8 4114 3082 249 6 9424 109 5547 16 15209 10 94604 8 5547 3082 249 6 2482 4 9575 16 43241 109 35 9575 1635 249 33 16 15209 10 211736 14937 8 10 9575 1635 249 43241 109 35 9575 33 16 15209 10 211736 14937 8 10 9575 43241 109 19779 16 9 30985 5146 521 6951 221 496 3 1079 6494 6 249 109 9424 16 221 7 19191 12940 5
17299 35 500 33 13088 282 1265 35 8862 33 25 19191 12940 10974 4 22374 12940 19 3 5369 1391 5188 31 3112 21 282 12940 4 8 1265 43 598 31 3112 14 2621 1046 5
17299 35 708 33 104511 12940 35 33 353 2621 5638 1046 17 31660 16131 6950 10 3 2621 7 3 3467 1265 4 31370 48 7767 12940 6 2997 401 3 282 1265 5
104511 12940 71 26 3112 1752 232 6 3 5188 2442 19 5638 1265 446326 35 249 33 5
22610 12940 5697 25 282 12940 21 3 172 1101 15 325 1046 10 678 6 1046 3 325 30392 2104 4 8 3 4991 1101 15 391 1046 10 678 6 1262 1268 83 785 391 30392 2506 5
19506 4 5188 2770 31 220 6 2258 3 12940 3467 5
8931 6950 10 3 2621 7 3949 8 282 1265 13 3001 48 3982 2506 31 115 48 3297 24 7091 48 12940 6 1667 91 58 461 5
17299 35 700 33 104511 6951 12940 35 24880 33 14 83 2448 1265 17 1652 12940 10 3 1193 31 6234 14027 180 3 1046 904 19400 14 84 785 2506 5
17299 35 704 33 63040 88
9818 1092 35 459 33 6 1092 35 700 33 4 133 26914 7705 16 9 629 5678 1315 5
527 4 10 1092 35 704 33 97 12940 19 3 1391 5188 14 3 498 43241 36 26 3467 14 3 508 43241 5
631 87 16 93 133 15914 10 2129 4 23 16 2042 322 6 1128 3 221 7 266 6 26 12956 5
931 1959 31 3629 285 9 5964 38020 16 943 13 18020 289 12940 31 6 26 3561 49 57788 5
17953 31660 283578 98586 249 5
17953 31660 283578 5
1655 446326 35 249 33 4 5678 9295 15 6951 1046 754 23 2086 2325 10 325 1046 1715 5
1949 4 5678 340 34 27 271 4231 1564 7 124913 5615 5
77250 23763 27708 35 124913 33 77250 23763 27708 35 124913 33 16 32 27708 31660 3581 24 3 1375 37138 3074 7 3814 6 384 32 19547 2104 35 1824 323 146080 4 3401 33 5
81 124913 4 9 1193 7 10498 2179 6 398 10 9 1046 904 24 508 498 30392 10498 8 2571 40 2371 10 678 6 384 3 30392 5
17 827 7 9 18982 9965 6 9 537 2104 7 3 4859 6 26 30512 5
113242 3 4859 24 3 18982 2106 827 1708 3 5188 7 13 2104 5
81 329 43241 4 290 18982 16 3353 24 508 3 282 498 18982 2104 3439 95 300 35 325 282 33 8 3 282 7 3 1193 35 391 282 33 5
355 9 18982 1141 176 7 3 1193 21 50 220973 4338 4 3 282 871 2742 9 325 282 5
142410 3130 6 398 1189 206 692 10 3 1046 904 10 1070 6 317 5488 137 3 23763 5
79 18982 2503 6 9 84 827 7154 24 3 28321 3353 22 290 89 1092 9575 24 446326 35 341 33 5
446326 35 459 33 16 153 220 6 13012 3 84 28321 4 21 3 5806 7 3 767 827 8 3 28321 5
35 341 33 114 94604 16 211736 14937 8 4114 3082 249 6 9424 109 55969 16 211736 8033 109 5547 16 15209 10 94604 49 8033 8 5547 3082 249 6 2482 109 9575 16 43241 109 35 9575 33 16 15209 10 211736 14937 8 10 9575 43241 109 177965 35 9575 1635 249 33 16 15209 10 211736 8033 8 10 9575 1635 249 43241 109 35 9575 1635 249 33 16 15209 10 211736 14937 8 10 9575 1635 249 43241 109 9424 16 221 7 10498 5
35 459 33 114 177965 35 9575 33 16 15209 10 211736 8033 8 10 9575 43241 109 19966 16 35052 2059 8 3466 3 7060 7 3 551 28321 177965 35 9575 33 10 3 13571 7 3 84 28321 109 255362 35 9575 33 16 15209 10 211736 325 282 18982 8 10 9575 43241 109 423106 35 9575 33 16 15209 391 282 18982 10 9575 43241 109 8 267846 2258 3 7444 7 255362 35 9575 33 8 423106 35 9575 33 109 19779 16 9 30985 5146 521 6951 221 496 3 1079 5
10526 4 177965 22 120 89 1092 7 3 31660 16 18751 24 19393 8 5
17 23763 10 124913 16 24 31370 290 18982 6 9 30985 8 14027 3112 827 10 3 1046 904 5
518950 31 14027 10 3 1079 6 5
77250 107136 15 290 15209 31 27854 6 9 3235 28321 5
208 3 28321 7 13 15209 15471 49 35 4650 14644 19393 33 4 15209 28321 16 1574 6 49 5
124913 283578 16 1595 10 98586 341 5
17299 35 249 33 504204 10498 124913 2179 19 9424 10498 110 14027 2042 19 7562 2371 8 107136 76 3 1046 904 5
17299 35 341 33 139052 5188 12137 3 14808 8 8612 18982 5188 5
17299 35 459 33 19346 18982 17 31660 7212 391 282 18982 137 565 61652 5
17299 35 503 33 19346 10498 17 31660 7212 325 282 10498 137 3 498 565 43241 5
17299 35 500 33 19346 10498 538 1959 35 459 33 8 35 503 33 17 31660 7212 10498 538 5
35 341 33 8 35 459 33 5
17299 35 708 33 63040 88
77250 23763 27708 283578 98586 341 5
77250 23763 27708 283578 5
17 996 1959 31 3629 285 3 737 38020 16 943 5
527 4 125 124913 142 26 4723 10 325 1046 8 29 9 1328 410 7 791 110 220 10 27708 1046 6589 4 23 7952 6 2769 261 23462 10 1695 33770 544 35 12283 32330 4 502 33 5
35496 18982 18843 31660 35 106974 33 81 678 6 11032 5678 391 1046 1175 19 3 325 1046 9063 7 124913 4 46 542 1273 32 27708 5373 23763 31660 4 3 18982 18843 31660 35 106974 33 4 543 15 3 7112 14141 7 5086 8 64793 39740 5
273 2069 5678 325 1046 1175 4 124913 391 1046 1175 8 6 1741 1564 271 791 154 27708 1046 650 4 46 542 211598 3 2621 2997 1046 35 59850 12283 32330 4 502 33 21 9 124913 1046 35 1824 323 146080 4 3401 33 5
6297 15 3672 148 12940 35 5678 33 8 3814 35 124913 33 4 3 1273 31660 11657 5678 2621 1046 538 124913 1046 5
12502 4 106974 6655 93 7767 18843 4231 180 3949 49 282 2371 35 21 5678 340 33 5
1858 4 9 124913 1046 16 220 14 70 3949 8 282 12940 5
81 83 1299 4 54 124913 1046 4 3 221 7 3949 4 282 8 6951 12940 16108 3 221 7 19191 12940 5
81 106974 4 3 18982 18843 11521 4286 179 600 4 13563 35 249 33 221 7 19191 12940 35 9424 33 4 35 341 33 221 7 3949 1265 3467 61 7 9424 2448 1265 35 16054 33 4 35 459 33 221 7 282 1265 61 7 9424 2448 1265 35 8862 33 4 8 35 503 33 221 7 12940 7791 14 3 83 2448 1265 35 24880 33 5
17 74 347 7 3 18843 11521 9286 7 3949 12940 4 8 3 169 347 1038 3 282 8 6951 12940 5
17 18982 18843 11521 4286 67 19393 4 11771 4 221 7 43241 14 3949 12940 24 124913 35 475319 33 8 221 7 43241 14 282 12940 24 124913 35 33 5
106974 283578 16 1595 10 98586 459 5
17299 35 249 33 504204 19191 12940 106974 2179 19 9424 19191 12940 110 14027 1942 19 7562 2371 8 107136 10 3 1046 904 5
17299 35 341 33 139052 5188 12137 3 14808 8 8612 19191 18843 5188 5
17299 35 459 33 13088 3949 1265 35 16054 33 25 19191 12940 5
22610 1265 31 3467 14 290 3949 18843 4 446 676 221 16 3628 6 347 3 221 7 19191 12940 5
17299 35 503 33 22610 12940 17815 3 124913 4644 24 475319 43241 14 2621 3909 35 14671 33 81 46 1092 4 84 18982 12940 25 3949 8 282 12940 31 1601 538 446326 35 341 33 5
22610 8 282 18843 28321 7212 31 2828 21 2573 10 446326 35 459 33 5
145 542 454 1273 9 2621 3909 35 14671 33 5533 6 1297 124913 4231 3961 21 240 10 446326 35 503 33 5
8616 4 54 35 9575 1635 249 33 16 22682 76 446326 35 341 33 8 446326 35 459 33 4 3 14671 14264 124913 4231 496 3 6173 8 5
81 83 1740 4 92 3 5806 7 35 9575 1635 249 33 15471 49 153 35 9575 1635 249 33 16 1574 6 49 5
98586 503 842 14671 3074 10 124913 35 67 17020 33 5
35 503 33 114 94604 16 211736 14937 8 4114 3082 249 6 9424 109 5547 16 15209 10 94604 8 5547 3082 249 6 2482 109 9575 16 43241 109 35 9575 1635 249 33 16 15209 10 211736 14937 8 10 9575 1635 249 43241 109 9424 16 221 7 10498 5
17 3074 7 14671 10 124913 98586 503 5
17 3074 7 14671 10 124913 5
17299 35 500 33 13088 282 1265 35 8862 33 25 19191 12940 5
3487 1265 31 3467 14 290 282 18843 4 3 676 221 7 47 16108 21364 7 3 221 7 19191 12940 5
17299 35 708 33 3487 12940 353 3 124913 4644 538 3 14671 43241 81 46 1092 4 84 18982 12940 25 3949 8 282 12940 31 1601 538 446326 35 341 33 5
22610 8 282 18843 28321 7212 31 3564 538 446326 35 459 33 5
17 14671 5533 11657 124913 1046 3961 4 21 240 10 446326 35 503 33 8 98586 503 5
17299 35 700 33 104511 6951 12940 35 24880 33 14 83 2448 1265 17 6951 12940 10 3 1193 31 6234 14027 180 3 1046 904 19400 14 84 785 2506 5
17 676 221 7 6951 12940 16 21364 7 3 221 7 19191 12940 5
17299 35 704 33 7117 96734 18298 35 515629 33 14 3949 4 282 8 6951 12940 10526 4 10 678 6 1368 110 4423 76 9 325 30392 10 272 61638 544 4 46 542 1273 9 2104 4 11771 4 3 7117 96734 18298 35 515629 33 5533 4 3 867 14 47 269 25 8 35 280 33 5
446326 35 500 33 842 3 515629 14392 5
35 500 33 35 708 33 35 700 33 114 94604 16 211736 14937 8 4114 3082 249 6 9424 109 5547 16 15209 10 94604 8 5547 3082 249 6 2482 109 35 247079 33 16 15209 10 211736 14937 8 10 498 2104 109 35 84 33 16 15209 10 211736 14937 8 10 84 2104 109 19779 16 9 30985 5146 521 6951 221 496 3 1079 109 72539 16 3 1291 7 3 2104 3112 14027 25 3 11521 21 842 10 446326 35 708 33 4 11856 16 3 1291 7 3 15209 3112 14027 25 3 15209 21 842 10 446326 35 700 33 109 9424 16 221 7 19191 12940 5
18982 18843 31660 283578 98586 459 5
18982 18843 31660 283578 5
81 1092 35 704 33 4 54 3949 4 282 8 6951 12940 27 45 5146 543 15 5188 4 5188 31 5291 6 2258 289 43 31 6 26 3561 49 57788 538 446326 35 500 33 5
12502 4 92 169296 7 3949 4 282 49 6951 12940 31 189 2069 538 446326 35 500 33 8 2069 72 767 169296 4 3 84 169296 31 57788 5
81 1092 35 459 33 137 1092 35 704 33 4 46 26914 7705 16 9 629 1315 7 3 106974 5
17 4859 16 1252 21 9 5907 14 15705 3 1273 27708 4644 3074 10 46 542 5
4859 6363 8 1233 31 1595 4 3995 4 10 446326 35 704 33 8 98586 500 5
81 46 542 4 125 3 14671 4263 61 3 124913 1046 7 3 325 27708 22 3 353 7 290 43241 1046 904 4 5678 6951 12940 8 3 515629 5533 532 3 391 27708 22 3 194 7 290 43241 1046 904 5
12502 4 10 3 106974 4644 4 3 1273 27708 1046 4538 142 1046 356 290 43241 1046 904 543 15 13 1654 1046 904 2106 785 5
17 4644 7 46 542 10556 14671 4 5678 2106 6951 12940 8 3 515629 5533 4 21 240 10 98586 708 5
35 704 33 114 80188 109 18365 35 6494 33 3082 6494 17 4859 98586 500 5
17 4859 5
77918 4644 3074 10 290 43241 98586 708 5
77918 4644 3074 10 290 43241 5
17299 35 782 33 63040 88
81 46 1092 4 97 3 18843 19 3 1391 5188 36 26 3467 6 916 3 161 18843 1193 5
931 1959 31 3629 285 3 737 38020 16 943 8 12940 31 3467 6 26 3561 49 57788 5
81 106974 4 19191 12940 31 220 6 30174 189 3949 8 282 12940 5
55706 16 3275 24 19191 18843 5188 8 30512 24 532 19393 226 475319 8 4 47 31 59 533 106974 532 19393 5
81 106974 4 3 867 7 475319 14 3949 12940 1929 9 568 785 6 1046 27708 2506 5
17 867 7 14 282 12940 1929 9 169 1251 6 1046 27708 2506 106 5233 1755 6 345 9 604 10 6570 7379 5
12502 4 10 46 542 4 475319 16 535 1978 153 5
81 9 5394 1046 650 4 5633 8 12732 6589 383 26 1303 61 671 5
81 106974 4 125 3949 12940 35 475319 33 5507 3 12732 650 10 3 1046 904 4 282 12940 35 33 8 6951 12940 532 46 650 5
79 9512 2376 14 475319 8 18 1273 24 24087 8 65463 35 10 5923 33 10 2076 5
84630 7 9 1444 433 17136 565 5
79 21411 1444 433 17136 79 16565 864 16 3322 21 9 21411 1444 433 35 24087 323 65463 4 10 5923 33 6 2258 19547 433 17136 137 124913 4 5678 8 106974 5
17 21411 864 16 9 4759 113217 10829 4097 309 2146 4 8 1131 150 3959 4 7965 4 8466 1131 4 6404 1131 8 589 416 7579 5
17 25033 17136 7 3 1444 433 16 1595 10 98586 700 5
79 21411 7 1444 433 17136 98586 700 5
79 21411 7 1444 433 17136 5
11292 8 2125 7 2089 145 542 6409 90 1029 433 2089 4 133 21 9 433 387 4 9 2835 21300 4 9 2873 4250 352 4 9 689 6926 8 9 5827 4250 352 35 24087 323 65463 4 10 5923 33 5
17 18884 433 2089 31 2888 10 20498 249 5
17 689 6926 4 2873 38390 8 5827 46289 31 4357 21 3601 2089 35 196 98586 700 33 5
17 2737 7 3 689 6926 16 1618 2118 10 3 25604 342 4 8 16 3475 13832 14832 285 3 194 7 3 864 5
20498 249 5
31076 220 15 3 267 542 5
15740 720 5
15740 610 11346 79 18542 387 2636 47839 4250 352 3298 332319 6396 2482 351942 12118 8 1392 5132 3852 21300 7168 22535 4250 352 5828 8135 6926 31839 8913 22535 38390 31839 38 77628 46289 31839 5
7363 3457 148 433 3459 17 1030 3457 148 3459 16 5559 538 3 32442 3457 3364 3 2755 884 8 6570 5690 15 433 5
20498 341 842 3 1030 14561 148 3 537 2033 3459 35 24087 323 65463 4 10 5923 33 5
20498 341 5
7363 3457 148 2089 5
49239 33944 249 341 459 503 500 708 700 704 782 183 407 403 698 33944 249 6494 249 341 708 700 782 403 685 697 800 698 503 782 341 249 6494 249 500 708 704 407 698 409 697 403 459 704 459 341 249 6494 503 500 700 183 403 685 409 407 341 700 503 708 500 503 6494 249 459 700 782 407 403 782 341 500 500 700 708 500 249 6494 341 708 704 183 407 704 459 503 708 782 704 700 459 341 6494 459 500 700 704 704 500 503 700 403 407 183 700 708 459 6494 341 503 500 700 708 459 704 685 698 403 782 704 500 341 6494 341 459 500 704 459 782 697 409 685 407 183 700 503 341 6494 249 459 407 708 183 800 697 409 403 407 704 500 459 249 6494 341 403 700 407 698 403 407 782 704 704 700 500 459 341 6494 782 500 403 503 459 341 341 459 500 708 704 407 403 782 6494 503 698 782 704 700 500 503 503 459 459 708 700 500 503 6494 5
29322 10291 148 2089 29322 10291 148 2089 12467 433 17136 1330 8 3 12743 7 42346 433 2089 5
12502 4 3 10291 7 4119 115 148 2089 10 9 837 168 31 5892 35 24087 323 65463 4 10 5923 33 21 1595 10 20498 459 5
20498 459 5
297742 7 4119 148 2089 5
39272 15740 249 341 459 503 500 708 700 704 782 15740 249 6494 70595 75451 79718 57418 99947 104576 52892 44408 341 70595 6494 55172 59718 10314 60137 77337 66932 67327 459 75451 55172 6494 63545 503 11088 72361 98056 51043 503 79718 59718 63545 6494 81543 68785 77611 12793 48166 500 57418 10314 503 81543 6494 32362 64393 69893 59762 708 99947 60137 11088 68785 32362 6494 81915 12793 41330 700 104576 77337 72361 77611 64393 81915 6494 74329 26795 704 52892 66932 98056 12793 69893 12793 74329 6494 55966 782 44408 67327 51043 48166 59762 41330 26795 55966 6494 5
84812 4859 17 6905 4859 7 3 1444 433 17136 35 52430 33 565 383 8922 67 3212 53 35 249 33 23 383 26 272 14 97 138 2506 19 9 272 1746 8684 109 8 35 341 33 23 383 26 272 14 97 138 2506 13 8922 3 17136 12453 5
12502 4 46 542 16 543 15 77784 5
24087 8 65463 35 10 5923 33 4 995 3 6905 4859 21 3177 446326 35 782 33 53 35 782 33 1441 6 2778 208 93 4203 2506 4447 13 3 871 7 522 16 2536 5
2778 208 4114 3082 72539 153 3082 6494 109 208 4114 3082 11856 153 3082 3082 360860 114 9424 16 3 221 7 2089 109 16 3 123192 40056 12911 133 13 65 2033 4114 16 6234 6 2737 72539 109 16 3 12743 1322 148 2089 4114 8 11856 109 8 16 3 3457 148 3459 4114 8 9073 5
11391 8 2898 14 267 38 7 52430 565 145 542 18 9888 25 306 9345 1002 19 3 2770 170 10 20498 503 137 1317 61652 24 5678 4 124913 8 106974 5
20498 500 8 98586 704 1379 3 6942 7 3 52430 565 665 5
238 381 10 20498 500 4 3 282 1153 8 2654 2029 3768 14 106974 31 3995 8 4 47 16 333 58 5678 35 433957 8 33 8 124913 35 8 33 5
6459 4 742 5678 8 124913 189 4498 3 216 282 871 21 106974 35 553349 33 2812 71 1262 15048 2104 522 19 3 1207 871 35 11771 4 2536 33 5
12502 4 106974 1708 9 333 6942 7 1153 5188 4 2029 3768 4 8 1207 665 13 58 5678 8 124913 5
20498 503 5
394789 2770 220 10 3 8365 5
124913 5678 106974 35 28724 12283 32330 4 359 33 9424 575 9424 575 9424 575 19966 16054 16054 8033 8862 8862 24880 24880 114180 341 19966 249 8033 475319 409 782 9424 3082 25152 1646 35 11521 1646 33 109 19966 3082 35052 2059 109 8033 3082 2123 7 28321 109 16054 3082 3949 18843 221 109 8862 3082 282 18843 221 109 24880 3082 6951 18843 221 109 114180 3082 3949 18843 2621 221 109 3082 282 18843 2621 221 109 475319 3082 124913 43241 7 3949 12940 109 3082 124913 43241 7 282 12940 5
20498 500 5
17 665 7 108 27964 5
29139 402280 5
3487 24793 106974 553349 5678 433957 553349 441876 124913 553349 441876 20257 7 1153 282 2770 14 267 38 7 52430 565 98586 704 5
20257 7 1153 282 2770 14 267 38 7 52430 565 5
17 282 17136 6645 7 106974 8 28724 35 28724 4 46376 4 323 36355 4 359 33 31 1595 10 194896 5
782 8 183 5
17 282 17136 1746 7 106974 8 28724 35 28724 12283 32330 4 359 33 16 553349 8 198520 4 3995 4 21 7154 24 446326 35 782 33 5
194896 5
782 8 183 189 254 3 433 387 401 3 689 6926 95 13 433 607 71 2707 3 433 387 2151 3 19838 2515 5
81 9 5238 1444 417 433 4 3 2835 21300 144 26 9545 6 3 433 387 95 13 3 4254 352 14 3 433 607 8 571 71 26 8520 10 9 1654 2440 4 8 95 3 1444 342 16 1369 6 11689 5
17 106974 665 1561 3 433 387 16 401 2835 21300 35 98586 782 33 5
10526 4 23 16 2475 1778 14 3 433 6 27 6 1030 25 3 433 387 6 3 2835 21300 137 3 5619 4250 352 4 3 2873 4250 352 4 8 3 55794 12118 8 1392 35 196 98586 183 33 5
6459 4 3 814 3457 148 3 2873 38390 8 2873 1392 35 14 47 106974 16 333 58 77784 5
28724 12283 3462 5
35 359 33 33 770 13 433 571 71 11076 2831 2873 6 3 95721 5
8616 4 106974 522 14 46 21411 52430 565 142 333 58 77784 5
28724 12283 3462 5
35 359 33 5
106974 282 17136 1746 98586 782 5
106974 282 17136 1746 5
28724 35 28724 12283 3462 98586 183 5
28724 35 28724 12283 32330 4 359 33 282 17136 1746 5
84630 7 9 1444 433 17136 565 5
79 21411 7 1444 433 17136 79 16565 864 16 3322 21 9 21411 1444 433 35 6793 323 4096 4 1515 33 6 2258 19547 433 17136 137 124913 4 5678 8 106974 5
17 25033 17136 7 3 1444 433 16 1595 10 98586 407 5
85136 700 8 704 31 173422 3459 4 125 3 461 31 118811 3459 5
79 21411 7 1444 433 17136 98586 407 5
79 21411 7 1444 433 17136 5
11292 8 2125 7 2089 145 542 6409 3 2737 7 90 1029 433 2089 4 133 21 9 433 387 4 12118 4 2835 5632 8 67 124097 35 6793 323 4096 4 1515 33 4 19 3 18884 433 2089 2888 10 20498 708 5
17 487 6926 8 689 6926 31 4357 21 3601 2089 5
17 433 387 4 2835 5632 8 4097 11775 12118 383 26 38793 22 118811 3459 5
20498 708 5
31076 220 15 3 267 542 5
15740 720 5
15740 610 11346 79 18542 387 10206 1646 2636 12118 6784 1646 3298 3852 5632 10206 1646 2482 66622 249 6784 1646 5132 66622 341 6784 1646 7168 351942 12118 6784 1646 5828 332319 3786 12118 6784 1646 8913 6971 6926 31839 827 38 29261 4 509 8 83 8152 532 787 6784 1646 4520 41166 74994 12118 10206 1646 9273 8135 6926 31839 827 5
7363 3457 148 433 3459 17 1030 3457 148 3459 16 5559 538 3 32442 3457 3364 3 2755 884 8 6570 5690 15 433 5
20498 700 842 3 1030 14561 148 3 537 3459 7 3 2089 35 6793 323 4096 4 1515 33 5
20498 700 5
7363 3457 148 2089 5
49239 33944 249 341 459 503 500 708 700 704 782 183 407 33944 249 6494 409 605 2511 716 2913 3573 2970 1596 306 302 341 409 6494 183 630 605 1173 2131 2913 575 1814 1596 459 605 183 6494 704 409 800 985 2131 3706 2970 1814 503 2511 630 704 6494 700 782 685 889 3132 3722 4012 500 716 605 409 700 6494 341 700 800 2919 2913 3706 708 2913 1173 800 782 341 6494 500 409 1596 716 575 700 3573 2131 985 685 700 500 6494 183 306 1596 716 704 2970 2913 2131 889 800 409 183 6494 302 605 1596 782 1596 575 3706 3132 2919 1596 306 302 6494 500 409 183 306 1814 2970 3722 2913 716 1596 605 500 6494 183 407 302 1596 1814 4012 3706 575 716 1596 409 183 6494 5
29322 10291 148 2089 29322 10291 148 2089 12467 433 17136 1330 8 12743 148 42346 433 2089 5
12502 4 3 26831 7 4119 115 148 2089 15 9 837 168 31 5892 35 6793 323 4096 4 1515 33 21 1595 10 20498 704 5
20498 704 5
297742 7 4119 148 2089 5
39272 15740 79 2636 3298 2482 5132 7168 5828 8913 38 4520 9273 15740 79 6494 500 341 341 249 249 503 249 341 782 249 2636 500 6494 341 500 249 341 700 704 341 459 704 3298 341 341 6494 700 503 503 782 503 500 708 500 2482 341 500 700 6494 704 700 704 249 704 500 249 5132 249 249 503 704 6494 459 503 249 459 459 708 7168 249 341 503 700 459 6494 500 704 503 700 500 5828 503 700 782 704 503 500 6494 700 708 459 341 8913 249 704 503 249 249 704 700 6494 782 503 704 38 341 341 500 704 459 503 708 782 6494 500 459 4520 782 459 708 500 459 700 459 503 500 6494 500 9273 249 704 500 249 708 500 341 704 459 500 6494 5
84812 4859 145 542 16 543 15 77784 5
6793 8 4096 35 1515 33 4 995 3 676 6905 4859 21 3177 446326 35 183 33 53 35 183 33 35103 6 2778 208 93 4203 2506 4447 13 3 871 7 522 16 1515 5
2778 208 4114 3082 72539 153 3082 6494 109 208 4114 3082 11856 153 3082 3082 360860 114 9424 16 3 221 7 2089 109 16 3 123192 40056 12911 133 13 65 2033 4114 16 6234 6 2737 72539 109 16 3 26831 7 4119 147 168 115 24 1444 2849 148 2089 4114 8 11856 109 8 16 3 3457 148 3459 4114 8 10548 5
11391 8 2898 14 267 2453 7 52430 565 145 542 18 9888 25 306 9345 1002 19 3 2770 170 10 20498 503 137 575 61652 24 5678 4 124913 8 106974 5
20498 782 8 98586 403 1379 3 6942 7 3 52430 565 665 5
238 381 10 20498 782 4 3 282 1153 8 2654 2029 3768 14 106974 31 8 96030 4 47 16 333 58 5678 35 8 311929 33 8 124913 35 8 33 5
1113 3 282 871 3455 24 124913 35 33 16 408 6 13 3455 24 106974 8 5678 35 33 4 124913 71 34 1262 32 15048 2104 665 19 3 1207 871 35 11771 4 1515 33 5
12502 4 106974 1708 9 333 6942 7 1153 5188 4 2029 3768 4 8 1207 665 58 5678 8 124913 5
20498 782 5
17 665 7 108 27964 5
29139 402280 5
3487 24793 106974 96030 5678 311929 124913 20257 7 1153 282 2770 14 267 2453 7 52430 565 98586 403 5
20257 7 1153 282 2770 14 267 2453 7 52430 565 5
17 282 17136 6645 7 106974 4 124913 8 4096 35 6793 323 4096 4 1515 33 31 1595 10 194896 5
5
17 282 17136 1746 7 106974 4 124913 8 4096 35 6793 323 4096 4 1515 33 16 4 8 4 3995 4 21 7154 24 446326 35 183 33 5
194896 5
698 8 685 1379 825 2506 19 97 3 3459 7 3 2835 5632 8 67 124097 17693 5
527 4 742 3 6905 106974 8 124913 2770 31 189 333 153 77784 5
6793 8 4096 35 1515 33 4 3 77784 5
6793 8 4096 35 1515 33 17136 522 31 48 4203 10 9 5238 52430 983 5
81 3 77784 5
6793 8 4096 35 1515 33 17136 665 4 3 433 387 8 2835 5632 31 189 401 3 689 6926 35 196 98586 409 33 4 125 3 106974 8 124913 17136 522 852 433 607 6 2707 3 433 387 2151 3 5305 2515 35 196 98586 685 33 5
6459 4 189 106974 8 124913 17136 522 1379 6378 6 3 433 6 27 6 1030 25 3 433 387 6 3 2835 5632 137 3 4097 11775 12118 35 106974 4 196 98586 698 33 8 180 347 7 3 1979 35 14 124913 4 196 98586 685 33 5
81 10028 4 742 3 106974 8 124913 71 26 4498 9 333 6905 871 58 77784 5
6793 8 4096 35 1515 33 4 3 3979 50933 31 189 15048 10 9 5238 52430 983 5
145 21411 52430 267 542 97 6409 1030 3457 148 2089 8 26831 7 4119 148 2089 44 66674 5238 52430 2193 133 21 162 3154 4 317 3154 4 927 8 1566 5
10974 4 3 3915 27964 71 59 581 9 48 4203 2104 6 46 21411 52430 565 5
106974 282 17136 1746 98586 698 5
106974 282 17136 1746 5
124913 282 17136 1746 98586 685 5
124913 282 17136 1746 5
4096 35 6793 323 4096 4 1515 33 282 17136 1746 98586 409 5
4096 35 6793 323 4096 4 1515 33 282 17136 1746 5
81 3 767 2124 4 3 773 7 3 18982 18843 31660 35 106974 33 18 677 19 18982 23763 27708 35 124913 33 4 8 18843 31660 35 5678 33 10 970 7 189 1444 433 17136 35 52430 33 544 5
11391 240 13 106974 12134 333 58 3 3915 27964 15 290 52430 544 5
81 267 38 7 21411 52430 565 4 3 6942 7 1153 8 282 5188 4 106974 31 8 333 58 5678 31 433957 8 8 124913 31 8 5
6459 4 10 3 4631 148 106974 8 4249 4 3 522 240 13 3 106974 31 48 4203 58 4249 5
81 267 2453 7 21411 52430 565 4 3 6942 7 1153 8 282 5188 4 106974 31 8 96030 333 58 5678 31 8 311929 8 124913 31 8 5
81 3 4631 148 106974 4 124913 8 4249 4 742 3 106974 8 124913 71 26 1046 3 6905 871 333 58 45191 44 3 17136 522 189 15048 19 5238 52430 983 5
17 5771 142 2285 46 21411 52430 267 542 66674 3 5238 52430 317 133 21 162 3154 4 317 3154 4 927 8 1566 2193 5
10974 4 3 3915 27964 59 71 26 12538 46 21411 52430 565 48 4203 5