145 1381 6274 9 84 7732 5587 31660 19 11065 2854 4 47 16 3581 24 3 7207 5587 284 4 6 4534 3 33583 6708 10 5842 3201 1443 5
145 21279 2228 57 6 31710 9 6708 284 13 71 14448 1849 276 65 84 20754 4722 463 6 3 6942 7 3 5842 284 5
901 7732 5587 27964 4 47 31 3 2366 3394 31660 8 3 459177 3394 31660 4 31 220 14 3 5195 4355 650 8 3 2854 650 4 3995 5
17 3610 2673 7 46 84 5018 20392 3 1315 154 6179 4 45381 3 1720 284 4 8 71 15071 19 3 326 1443 6 14448 5603 84 2505 5
145 84 17592 29 9 1821 969 10 3 352 7 6708 10 5842 1443 4 21 166 21 4 10 3 5195 4355 565 4 106 3 689 4413 8 16580 7 46 5018 16 3 11065 2854 7453 4 47 7928 3 284 6 1849 4000 5897 276 441 6 9723 3 2505 5
145 16 3 346 1653 7 46 17592 5
659 8612 3 3961 8 773 7 46 84 5018 4 1606 29182 42 2828 10 9 521 3201 284 19 19711 5445 538 3 1586 5
17 522 240 53562 8 3961 5
23838 4 9 84 4102 7 5842 326 1443 226 9356 258006 2818 307 2472 6 7532 3 5842 1443 13 581 1828 3531 6 3855 4 18686 8 16963 8149 5842 536 1443 35 4 45205 4 323 10558 4 2076 33 4 35 265203 12283 32330 4 2076 33 5
17 3782 7132 4102 16 543 15 32 3373 9573 7 22629 4 66413 8 38308 3531 6 4112 8 532 5842 1443 13 852 3 7254 7 84 532 4 4440 4 1720 8 27708 5310 6 1297 3 3961 7 3 1001 558 1443 35 265203 12283 32330 4 2076 33 5
8616 4 307 3531 31 220 4 982 2088 8 317 718 35 12283 32330 4 1278 33 4 47 852 3 726 7 5775 1443 13 7801 3310 4 2376 8 628 5447 4538 4 6 581 3 1622 2765 6 22629 4 532 8 10554 6589 35 1461 323 2850 4 359 33 5
17173 3 1606 6708 14 3 3782 7132 4 138 1443 383 26 543 15 522408 867 4 11771 4 43 383 26 488 6 5998 7367 4 12262 4 2647 8 3745 6179 35 12283 32330 4 2076 33 276 746 4653 5
8616 4 538 7112 4538 35 7732 32542 2642 4 22190 8783 4 7732 5587 1443 4 4703 5 33
16 32 2155 6 3 6708 565 5
2625 4538 543 15 46 4102 27 45 220 6 1015 3 4262 10 18976 17125 10 5842 1443 4 47 1708 313 4 28321 8 3961 10 1330 25571 1945 5
527 4 104 1606 6708 4309 543 15 1442 1273 6 3 2755 5842 1443 27 9 2854 1264 6 4498 3 2505 4 15 47 70 3961 8 53562 5524 5
15804 4 192 5310 35 928 49 2854 27964 33 383 535 3 2854 650 65 3 284 16 5913 49 9 84 15026 8887 109 3475 4 3 284 16 34 2537 7112 5
17 284 340 34 5515 1849 4 8 65 9 84 5195 1464 4 329 2854 650 16 5913 369 5
79 1828 8 7112 1606 6708 284 6 3 3782 30988 383 14448 1849 4 1667 12408 8 214742 7 3 5842 284 4 47 539 84 3351 7 3311 6179 4 1849 19 791 8 5515 15071 5
21869 9 284 19 192 10777 16 9 1812 2485 5
81 3 6854 4 117 2062 1379 4309 6 4855 3 565 7 3 6708 7 20754 4 21 10 35 4 4 323 4 274 33 4 35 12283 32330 4 280 33 4 35 10141 4 6793 4 323 5707 4 2076 33 4 35 17096 4 4 323 4 7560 33 4 35 17096 4 4 494940 4 323 334961 4 7782 33 4 658 192 6599 112 34 1384 3 3033 211884 6 3 3782 30988 4 11771 4 3 6905 6 581 11065 2854 6 9 5195 4355 284 5
145 23343 543 15 522408 867 4 11771 4 11065 2854 581 3 1175 6 3030 3 9674 4 12262 4 2647 8 30174 6179 276 746 4653 5
81 3 6854 4 87 31 9 265 6599 13 8850 41154 6 1800 9 284 19 11065 928 6 4534 6708 5
273 946 4 10 59850 8 111688 35 359 33 16 1273 32 695 2854 45689 5392 536044 14 5811 9674 5
145 1217 16 57 7 3 74 6 690 3 11065 2854 10 4538 7 5195 4355 5
81 3 4249 35 4 118056 4 4 4 323 51605 4 2076 33 3 4888 6274 9 17592 6 12262 3 30759 3241 10 5842 536 1443 538 4 9 234324 32542 992 19 11065 928 5
81 46 1381 3 234324 32542 992 18 5607 6 2854 14448 8 2705 73999 10 3 2376 7 3 30759 3241 10 5842 1443 4 190760 141233 4 3 234324 32542 992 18 488 6 2705 4000 5897 4 47 42 34 2198 483 10 3 928 650 5
81 81341 4 4 4 8 35 7782 33 3 4888 1379 9 5018 6 9674 8 19372 7 33583 20754 10 5842 326 1443 538 9 5607 234324 32542 992 19 64933 12266 5
81 46 1264 3 32542 992 16 2337 3559 6 4498 3 2505 5
81 3 695 650 4 92 9 5195 10 2376 16 4000 24 3 13752 284 4 16 5913 32 695 2854 4141 4 8 1204 46 4 3 13752 284 16 488 6 2705 8 30174 3 5195 13 18 4000 6 3 284 5
145 5018 6274 9 12398 7 411590 202 10 3 33583 15026 6708 5
81 46 1065 4 46 162 3899 6 8850 9 84 1217 6 1800 9 284 19 11065 928 6 4534 3 33583 20754 6708 10 5842 3201 1443 543 15 3 24539 87967 5898 35 48817 33 5
901 5587 27964 42 220 6 31710 46 284 53 3 42343 39937 238487 35 31361 33 35 22664 4 497387 4 2895 4 323 291082 4 3578 33 8 3 459177 3394 31660 35 33 35 1376 5567 323 16144 4 1515 33 5
17 7732 5587 31660 4 47 16 3581 24 3 48817 4 16 9 3982 5533 10 27143 32573 35 45441 33 5
17 48817 205930 78332 3 3610 10777 8 3 42045 108506 8 10612 5
66 29 9 3449 4 5314 4 8 33855 6358 4 1749 3 11065 10113 7 3 928 14533 5
145 42045 2228 3 284 6 4556 84 4485 8 2505 276 3 236 6 3 5587 2900 7 3 284 5
145 16 57 1653 7 538 49474 87967 4478 4 47 852 3 2177 7 11065 928 4446 10 83 4538 133 21 538 49474 133951 9861 35 439493 33 5
81 90 439493 4 6 1297 3 928 4 23 16 1622 6 3 650 4 24658 8216 3 2505 1321 3564 4 2936 14 9 265 64152 13 27 3 90588 42045 21 10 3 32542 2642 7 3 56222 35 65179 119524 28252 33 234 35 15642 4 218208 4 4 131623 4 323 19292 4 3824 33 5
17 689 4413 8 16580 7 3 1217 1273 10 46 1381 16 3 24204 2435 4 13 16 4 4552 11065 2854 14 3 5195 4355 4309 5
145 1175 2228 485 6942 6 7112 1443 4 114 3 4309 31 488 6 1849 10 695 7927 4 9583 2505 7 3 4000 5897 14 3 284 5
659 8612 8 27241 3 3961 7 46 84 1217 4 3 522 42 677 19 9 4759 6708 284 543 97 10 3 31361 4 1273 8 2209 10 17096 4 4 8 35 6833 33 5
145 1381 16 4393 21 3177 5
8941 341 15682 3 48817 4 8941 459 7301 15 3 31361 4 8 8941 503 11493 3 5
17 17241 8 29182 16 2209 10 8941 500 5
17 1273 17592 16 2209 10 8941 708 4 8 3 2333 8 522 31 2994 10 8941 700 5
17 7951 31 2209 10 8941 704 5
17 48817 16 3 3610 1184 7 18335 111 307 214947 2210 13 3 746 636 5
81 46 267 4 3 48817 383 56882 1333 24 2875 5985 6 3 18051 2210 8 7995 91 6 1316 3 746 636 35 7237 3 1222 33 5
187 31 67 3351 7 6904 53 3 26705 5587 284 8 3 33855 5587 284 5
17 26705 5587 284 16 3 74 1184 517 19 9 2025 1070 12072 24 116268 2469 35 175982 49931 15882 33 8 35 4 98078 4 4703 5
33 4 47 31 1479 14 45607 4999 10498 6 3 27723 8 83 3351 7 14162 4 133 21 2215 6889 35 3046 33 8 5800 35 1376 5567 4 1278 33 5
17 33855 5587 284 16 3 169 653 4 47 71 4517 53879 4 133 21 9801 4 6748 4 33089 4 181915 4 4 8 90 3351 7 20049 5
17 33855 5587 284 16 1479 14 15750 3 2854 650 15 3 214947 2210 15 3 74 1569 19 3 81692 4 11771 4 3 74 3534 6 3 214947 2204 5
81 1243 4 23 16 1479 14 2172 2900 5587 2469 25 3 74 3534 6 3 214947 2204 6 8894 9 1070 6 46 2125 7 214947 2204 10 426 3534 35 1376 5567 323 487844 4 1422 33 5
7518 7 3 5195 4355 7 3 48817 17 7207 27723 4 982 3 746 636 4 16 9935 7 307 2469 8 15398 13 162 10 14900 8 2647 6 4999 2210 13 2707 3 27723 4 47 31 226 81692 5
17 48817 29 4867 10777 133 21 5195 4355 4 2854 8 186146 7 214947 2210 5
931 1959 3001 32 5587 1070 4 47 16 12859 15 98586 249 5
98586 249 5
74691 7 3 48817 5
17299 35 38 33 2464 3 48817 3534 6 32 45968 35 214947 2204 33 5
17 48817 71 8035 19 67 3351 7 6904 53 3 26705 5587 1070 4 47 2899 22 1092 35 2453 33 4 8 3 33855 5587 1070 4 47 2899 22 1092 35 28509 33 5
208 3 650 2899 19 3 26705 5587 284 35 1092 35 2453 33 33 4 3 214947 2204 16 1109 6 26 32 4000 2204 24 3 48817 4 8 3 214947 2052 10 3 27723 383 26 1658 8 3696 9 109 153 4 3 33855 5587 284 2899 32 33855 1070 35 1849 8 3855 21180 6 33810 3 45968 33 5
208 3 650 2899 19 3 33855 5587 284 35 1092 35 28509 33 33 3 45968 16 424 24 3 48817 4 8 3 9674 650 16 5054 24 3 2900 141351 10 3 27723 5
81 1092 35 2453 33 4 3 26705 5587 650 2899 65 90 45968 35 214947 2204 33 16 33204 24 9 116268 2052 35 175982 49931 15882 33 5
332 46 4141 4 3 81692 31 33204 8 34749 76 45968 71444 5
81 1092 35 6054 33 4 3 3077 7 71444 31 1888 6 3 83588 35 3966 192605 20590 33 15398 8 2209 6 3 3076 7 3 116268 2052 5
81 1092 35 11986 33 4 3 3116 141351 4 47 27 22002 15398 22 3 3076 4 71 523 45968 13 31 9490 24 3 116268 2469 4 11771 4 65 87 16 9 2662 35 3109 33 4 3 45968 16 4218 4 8 3 255292 164 16 13097 5
145 1092 2464 3 3656 5240 7 3 27723 4 47 34152 3656 2469 25 3 214947 2210 35 1376 5567 4 1278 33 4 35 100183 4 2804 33 5
6297 15 46 5195 4355 5131 4 4249 35 22664 12283 32330 4 3578 33 12966 3 31361 5
435 3 45968 9674 4 22 1092 35 9485 33 4 3 141351 3116 31 13097 8 78716 4122 5300 35 33 13 1919 6 83 48817 5937 13 9 2052 16 5359 5
435 32 5359 2052 16 1658 35 1092 35 21456 33 33 4 2636 141351 71 4517 3 5359 2052 8 353 3 2854 650 4 47 16 48 7081 424 21 3 5131 7 459177 3394 35 1092 35 28509 33 33 5
81 46 267 4 2636 141351 71 4517 481 1658 81692 276 45607 8 42801 3 8409 2469 35 82193 33 5
355 2636 2469 4517 32 45968 35 24 5039 49 2900 33 4 3 459177 3394 650 2899 4 47 16 59 424 21 2854 650 35 1092 23647 33 5
81 46 1092 4 3 141351 1042 163 9 29289 8 62230 17904 650 4 47 12244 9 197 7 2636 141351 10 3 27723 5
1301 4 1092 35 48484 33 16 9 31644 650 4 114 2636 141351 19 272 24612 31 6564 6 63572 6 3 2900 197 4 8 138 19 799 24612 31 13097 8 6740 10 35 1092 6219 33 6 78716 21180 5
81 1092 35 19186 33 4 3 148446 7947 81692 31 58741 24 3 4209 21180 4 47 26200 3 552 35 1222 33 5
81 1092 35 39327 33 4 3 272 24612 141351 10 3 32485 650 31 6740 8 97427 6 2900 141351 6 6357 14 138 19 799 24612 5
17 84 2900 141351 1224 6 28195 10 3 27723 6 1377 32 4213 8 2025 1070 6 9 426 3534 6 3 216 45968 35 214947 2204 33 5
66 16 9667 13 3 1519 650 16 5054 19 3 3672 7 3 2469 13 916 3 48817 4 290 7 47 16 1479 14 9 2086 1906 4859 4 8 3 197 13 21220 32 2422 1812 162 35 1376 5567 4 1278 33 4 35 100183 4 2804 33 5
145 1381 18 3581 24 3 48817 1315 4 5195 4355 8 2854 6589 5
17 31361 16 543 15 3 5195 4355 650 7 3 7207 5587 284 8 46587 21 9 46333 1506 5
17 31361 16 1273 10 22664 12283 3462 5
35 3578 33 5
81 46 31660 35 2366 3394 33 3 3116 141351 13 4722 22 9 2190 89 8 51912 3 3656 2469 10 3 27723 5
17 31660 16 5913 10 67 16200 4 133 21 2209 10 194896 5
341 8 459 35 1376 5567 4 1278 33 53 98586 341 5
283578 7 3 26370 4141 7 3 31361 5
98586 459 5
283578 7 3 3726 4141 7 3 31361 5
17 26370 4141 7 3 31361 9286 3348 7 7470 9 20035 197 25 3 628 13 42 14027 3112 8 30435 47 628 71 4517 9 14510 3656 5195 5
17 17009 31 825 6 3 8342 3116 2469 13 71 6468 65387 2210 35 17096 12283 32330 4 6833 33 5
17 3726 4141 9286 7 3726 9 284 6 2705 9 337 10 3225 109 3847 4 46 3726 4141 51835 3 337 538 3 20035 197 13 18 1146 10 3 26370 4141 5
17 26370 4141 8887 10 3 66851 7927 4 8 3 3726 4141 8887 10 10534 7927 35 1376 5567 323 487844 4 1422 33 4 35 100183 4 2804 33 5
17 7026 22 3 31361 3001 3 5897 24 628 6294 35 83735 33 5
931 7026 71 26 6401 10 67 3351 7 31361 53 3 81692 35 66312 33 8 3 141351 35 87975 33 5
17 66312 16 3 3905 6 26 10637 4 4000 24 3 31361 8 3380 24 6635 35 249 33 5
17 17009 4 13 16 4 3 141351 35 87975 33 4 31 1867 232 6 6635 35 341 33 35 17096 12283 32330 4 6833 33 4 35 1376 5567 323 487844 4 1422 33 53 35 249 33 35 341 33 114 53 4659 16 3 15209 7 3 141351 35 87975 33 8 81692 35 66312 33 5
66 16 9667 13 3 26370 8 3726 16200 7 3 31361 31 5913 66851 8 26653 4 3995 35 1376 5567 323 487844 4 1422 33 5
75106 38020 8 24612 489 79 38020 226 7100 49 3109 16 220 6 8612 3 24612 19 3 7026 35 81692 8 141351 33 8 2258 40 27647 5
17 7100 71 26 2170 49 7553 5
145 1381 2527 3 7553 7100 8 24612 1273 10 6992 8 46417 35 1422 33 5
17 24612 489 2464 3 27647 5365 19 3 67 10637 7026 5
1210 6 6992 8 46417 35 1422 33 4 3 24612 16 4939 21 3177 53 35 459 33 114 53 24612 489 109 622 221 7 1966 7026 10 3 565 35 3656 7026 33 109 332 676 221 7 7026 10 3 565 35 3656 8 14510 3656 7026 33 5
17 7608 24612 489 71 26 7154 538 446326 35 459 33 4 114 9 11245 7488 19 3 5036 16 1273 5
79 44398 4 11771 4 9 9903 489 4 16 1273 114 3 3109 19 3 5897 16 5944 8 71 1297 3 6708 35 17096 12283 32330 4 6833 33 53 35 503 33 114 53 263120 17365 871 7 827 4114 7 3 45968 35 5195 163 2376 33 109 17365 871 7 827 4114 7191 3 44398 3322 10 3 28961 35 20035 5195 33 109 17365 871 7 827 4114 2288 3 44398 3322 10 3 28961 35 20035 5195 33 5
70704 35 500 33 2464 3 5018 6 25767 3 676 24612 19 3 10637 5897 35 6992 323 46417 4 1422 33 4 35 17096 323 4 87817 7560 33 53 35 500 33 114 53 70629 2156 7 24612 19 3 10637 5897 109 4659 676 221 7 2371 109 12330 7100 827 109 5806 35 221 33 7 3 7100 2371 5
8616 4 92 70629 16 1370 58 4 153 3 19 3 5897 8887 4 11771 4 3 5897 31 1109 5
10974 4 87 16 93 7100 19 3 5897 5
17 459177 3394 31660 4 4 18 2925 1273 10 1376 5567 8 16144 35 1515 33 5
187 31 67 558 5207 7 3 31660 10 3 6854 4 57 7 47 37469 2953 2854 544 8 5195 4355 4 8 3 83 37469 27708 544 35 1376 5567 4 1278 33 5
17 14 4355 544 8 2953 2854 29 3 508 1959 35 1376 5567 4 1278 33 4 35 1376 5567 323 487844 4 1422 33 53 17299 38 53 53 3855 9 6951 1193 35 58508 2990 56012 1635 87975 58508 1883 56012 33 19 6517 141351 14 290 45968 35 263120 33 5
6517 16 392 24 109 17299 2453 53 74979 8557 53 290 45968 35 263120 33 16 2209 6 329 87975 7 3 1193 35 87975 33 10 9 650 7 24612 8557 5
79 60401 18365 7 24612 16 2118 109 17299 6054 53 39937 53 3 9424 207196 19 272 24612 18365 6 263120 31 3467 6 31710 9 11933 1193 35 87975 58508 9424 56012 33 109 17299 11986 53 109900 53 3 9424 3467 87975 2106 45737 35 29289 33 47930 6 3 97794 7 3 45968 35 263120 33 8 3855 9 3298 1193 7 30347 10 290 3467 87975 109 17299 9485 53 62230 17904 53 3 3298 1193 7 30347 16 4406 6 3 55806 24612 650 4 47 12244 9 84 1193 4 3298 1910 4 114 290 87975 36 33152 19 9 489 61531 22652 6 3 24612 18365 109 17299 21456 53 74979 8557 53 2258 3 24612 18365 1910 19 3 197 3298 1910 7 33128 30347 8 3 45968 263120 109 17299 28509 53 21072 3394 53 25 3 8342 1193 3298 1910 4 21072 5339 3 9424 282 8342 87975 2106 6 132 9 355878 35 87975 58508 9424 56012 33 5
1655 46 355878 4 2401 3 282 207196 6 2707 3 2900 197 35 87975 58508 9424 56012 33 5
79 87975 11371 3 2900 197 92 23 29 272 24612 489 8 71 6357 9 87975 7 3 2900 109 17299 23647 53 88899 14130 53 6357 5547 21180 7 35 87975 58508 1883 56012 33 24 84 2113 35 87975 58508 5547 56012 33 6 132 3 21234 5471 5
17 371710 19 3 2654 24612 31 22682 109 17299 48484 53 41701 1959 25547 76204 285 3 737 38020 16 6383 5
332 3 194 7 3 140746 650 4 3 2900 197 35 87975 58508 2990 56012 33 29 2990 207196 19 272 24612 713 6 3 45968 35 263120 33 5
145 2900 197 71 26 220 24 3 31361 6 7367 8 30174 2198 81692 10 3 459177 3394 650 5
273 2854 544 4 1092 23647 35 88899 14130 33 16 34 5913 109 3475 4 5547 3082 6494 5
17 221 73367 7 30347 4209 10 17299 11986 14 290 66349 16 392 24 446326 35 708 33 35 1376 5567 4 1278 33 53 35 708 33 114 53 16 9 532004 2916 148 1356 1362 4 6517 16 3 676 221 7 207196 7 1193 87975 4 8 860 35 5 33
16 3 60029 3802 6 3 5426 216571 5
17 17904 489 35 33 7 290 29289 16 4939 232 6 446326 35 700 33 35 1376 5567 4 1278 33 53 35 700 33 114 53 16 9 532 50622 96734 7 3 46279 4859 8 18365 9424 16 3 48871 871 7 24612 18365 4 47 16 7154 538 446326 35 704 33 5
35 704 33 1301 4 290 29289 70248 232 6 35 782 33 35 1376 212523 4 16144 4 323 1376 5567 4 744 33 53 35 782 33 114 53 15441 16 3 221 7 17199 13 290 29289 29 4 860 35 5 33
16 3 60029 3802 6 3 5426 216571 4 16 3 17904 489 4 8 6517 35 33 16 3 201026 6951 12911 19 1153 4568 8 3082 249 5
1113 87 18 93 5536 7 3201 1443 163 238496 4 3 628 6 8612 3 17592 18 1252 46254 993 10 960 1443 5
6832 3 4082 2520 35 4 3495 33 25 3 1586 35 2076 33 4 9 521 3201 284 19 19711 5445 18 18213 5
79 5907 10291 7 128422 175873 4 47 16 3267 6 31274 5036 147 4165 4 18 220 21 9 96734 5
17 20260 89 18 1410 64478 273 3 33583 20754 4 3 18423 1506 1273 24 4 56063 4 34029 4 26425 4 8 107392 35 911 33 18 220 14 3 29182 4 114 290 15026 18 4209 24 11264 3 19393 10 3 42584 13 3380 3 138135 7 3 20754 5
81 676 4 72970 29182 42 5913 14 3 19711 1925 284 35 2076 33 5
17 29182 1109 3 4141 114 3 15026 2273 4 202 6 16344 284 4 8 3 19393 7 3 18423 1506 5
20498 249 6274 3 11036 7 5913 29182 14 290 1427 7 15026 5
20498 249 5
11292 7 29182 5913 5
79226 15026 19711 5445 369837 2879 160068 19560 108288 4765 77874 4765 108288 19 52348 8708 77874 19 52348 8708 405935 30759 8708 5640 72970
145 2124 5181 3 17592 1273 6 4534 3 33583 15026 6708 10 5842 3201 1443 538 3 7732 5587 31660 19 11065 2854 5
17 33583 15026 6708 284 19 11065 2854 10 46 2124 16 3581 24 3 5195 4355 8 2854 650 7 3 48817 4 47 18 962 10 8941 7 46 162 5
659 205930 28669 8 21362 46 7207 650 4 3 31361 1273 24 22664 12283 3462 5
35 3578 33 8 3 1273 24 1376 5567 8 16144 35 1515 33 42 220 5
17 31361 21220 3 33583 6708 15026 8 3 21 9 1264 14 2854 5
17 6708 284 19 11065 2854 29 218 3610 1959 53 31361 35 66851 33 37783 4 16580 9674 4 11065 2854 4 31361 3726 8 2505 18298 5
17 2146 45546 16 1595 10 98586 503 5
1210 6 98586 503 4 10 3 66851 650 226 26370 14533 4 3 3656 8 15026 17009 14 3 31361 31 4939 4 47 916 3 197 7 31361 17009 5
98586 503 5
77231 284 19 11065 2854 5
8616 4 25 3 628 3310 284 35 133489 35 43760 323 447940 4 274 33 33 4 33583 12276 31 5913 22 3 5842 3201 44021 6 4498 3 5
1301 4 3 26370 14533 15103 3 3656 20035 197 5
273 5842 3201 1443 4 3 3656 5300 27 3 1966 1315 10777 5
1301 4 31274 2801 5036 7 3 3905 13 2464 3 1966 284 1315 31 1177 21 3656 17009 5
36743 4 3 26370 14533 16 5913 6 3855 3 15026 17009 4 8 14 290 2125 7 15026 4 3 26370 14533 16 5913 480 5
81 46 4141 4 3 17009 31 14027 4209 25 9 197 7 5300 13 3001 3 12500 284 5
8616 4 249 4165 35 31274 266 33 10 3 17229 628 16 139730 8 192 628 31 677 2801 24 2801 19 3 3656 17009 5
208 87 16 7100 4 3 6951 60401 16 1830 5
10974 4 23 16 2404 8 1177 21 9 15026 20035 10 3 197 7 3 15026 17009 5
17 26370 650 16 12859 10 98586 500 5
98586 500 5
249807 53189 7 31361 5
17 284 3802 15103 3 221 7 17009 35 3656 49 20754 33 5
17 20035 197 16 220 14 3 16580 9674 8 3726 1959 7 3 31361 5
17 3726 650 35 26653 33 16 5913 54 3 66851 650 5
17 960 197 35 81692 33 4 47 16 3455 25 3 3310 284 35 133489 35 43760 323 447940 4 274 33 33 4 16 3192 538 329 558 3905 10 3 5536 5
1301 4 9 6951 3905 16 3467 6 26 10637 5
17 16580 9674 1092 16 5913 65 9 3905 16 3467 6 26 10637 4 8 3 10637 3905 16 677 19 3 20035 197 7 3 31361 5
17 7100 7 3 3905 19 90 20035 16 14580 5
208 43 868 4 3 10637 3905 16 424 24 3 284 4 11771 4 87 16 93 16580 5
10974 4 3 3905 16 1109 9 16580 49 4000 24 3 284 5
355 3 284 16502 9 16580 4 3 11065 2854 1092 16 5913 6 1849 52 3 84 45968 35 10637 3905 33 4 8 3 2854 650 8887 4 47 16 5054 24 3 5
17 6905 7 3 16 6 3855 9 2900 197 35 2505 33 25 32 4000 3905 35 45968 33 5
145 650 3177 3 1959 10 8941 503 7 46 162 5
12487 4 9 1193 7 141351 16 14027 4209 5
659 14027 3855 9 255292 4 3 3235 8 3033 2770 7 3 33583 3905 6 26 7947 35 45968 33 31 1658 4 8 9 60401 19 31274 2371 16 1146 8 14027 2756 19 521 2770 148 3 3235 8 3033 109746 4 47 12244 9 6951 3905 5
446326 35 500 33 16 220 6 25767 3 24612 19 3 141351 7 3 1193 35 87975 33 8 3 45968 5
1301 4 3 9424 282 141351 19 1391 24612 2770 6 3 45968 31 3467 14 3 459177 650 5
659 25767 3 24612 19 3 141351 7 3 1193 35 87975 33 8 3 45968 4 446326 35 500 33 16 220 5
1301 4 3 9424 282 141351 19 1391 24612 2770 6 3 45968 31 3467 14 3 21403 8 62230 17904 6589 5
17 221 7 30347 16 7154 538 446326 35 708 33 4 8 3 221 7 17199 6 26 5054 15 3 30347 5473 15 3 29389 7 5
35 700 33 35 782 33 5
213753 16 32 13991 650 6 12730 312 13613 10 3 255292 2981 6 474 3 24612 6 3 45968 5
13166 6 3 10637 5300 31 1867 24 83735 19 521 1432 8 2366 1051 4 46 5018 2527 3 129910 17904 4538 35 43760 323 4 2560 33 4 47 16 32 13991 31660 5533 6 4855 46 2125 7 544 5
8616 4 3 17904 650 9286 7 15750 9 17904 538 446326 35 183 33 10 9 6951 827 7 3 3905 35 255292 33 5
35 183 33 114 53 16 3 8342 255292 4 16 3 827 6 26 33128 4 16 3 733 35 2854 5195 33 4 8 16 9 6951 221 148 1356 6494 4 249 1362 5
435 3 141351 31 27334 4 3 9424 282 27334 30347 31 374163 6 26 848 10 3 1193 5
17 3467 141351 2323 3 1207 141351 7 3 1193 5
10526 4 3 282 141351 31 6564 14 3 2900 197 5
17 650 16 3629 285 3 737 38020 16 6383 5
81 46 162 4 3 737 38020 16 13 329 255292 7 3 2900 197 7318 22 248 9046 202 24612 19 3 45968 35 3905 6 26 2198 33 5
98586 708 14103 3 2854 650 7 6 1849 9 52348 3905 5
98586 708 35 9 33 14103 3 3905 6 26 2198 5
98586 708 35 8862 33 842 3 2900 28961 14027 4209 10 1426 10 3 43241 249 5
98586 708 35 8258 33 4 35 5547 33 4 35 16054 33 4 35 18365 33 4 35 19440 33 4 35 18398 33 8 35 4114 33 842 3 2900 28859 636 54 575 4 577 4 2536 4 1410 4 3602 4 1992 8 6180 61652 4 3995 5
5583 4 98586 708 35 72539 33 14103 3 2900 28859 636 54 3 737 38020 16 6383 4 11771 4 3 24612 19 3 6951 3905 8 3 5195 6 26 2198 31 1370 58 9046 202 5
98586 708 5
12586 650 7 3 5
332 3 194 7 3 650 4 87 16 9 2900 197 35 2505 33 1547 6 3 4000 45968 5
145 2505 197 16 848 6 3 20035 197 7 3 31361 6 581 2505 6 3 284 5
273 946 4 10 184 2376 7 3 216 2125 4 3 284 71 4517 8 30174 3 15026 5
145 15565 16 424 21 11065 2854 5
355 3 16580 9674 1092 340 34 2705 9 16580 4 11771 4 65 3 45968 16 424 24 3 31361 4 3 650 8887 232 6 98586 700 4 7521 6 3 4759 31361 5
8616 4 3 3905 163 2376 383 26 677 19 3 20035 197 7 3 31361 8 8612 3 7100 8 24612 6 7367 3 42737 8 268 30174 3 3905 232 6 3 1427 7 15026 114 7100 8887 5
98586 700 5
24296 53189 7 3 31361 5
435 3 3905 16 10637 4 3 3726 650 7 3 31361 10816 5
10526 4 3 2505 14533 16 3353 4 47 16 1479 14 12752 289 87 16 9 5702 6 4219 3 20035 197 7 3 31361 35 2505 33 6 1297 3 15026 9674 8 19372 6589 5
145 267 2527 3 7100 7 3 17009 19 3 45968 3905 35 3905 163 2376 33 21 3 38020 5
208 1551 202 7 3 15026 17009 868 3 10637 3905 4 23 16 34 1622 6 4219 3 9674 197 7 3 31361 14 3 3905 6401 5
208 287 58 1551 202 7 3 17009 112 34 868 19 3 6401 5195 4 3 2505 18298 650 8887 5
355 3 31361 71 34 4517 3 3905 19 287 58 1551 202 7 3 17009 4 23 16 1622 6 4219 3 20035 197 7 3 31361 6 1297 3 4355 650 8 231 3 45968 6 1849 35 4498 2505 33 5
12502 4 23 16 1622 6 4219 3 2505 7 3 2854 650 4 47 16 5913 232 6 3 767 6652 8 8639 6 3 650 5054 24 3 11065 2854 14533 5
435 3 2854 650 8 9 197 7 2900 141351 7 3 45968 3905 35 3905 163 2854 33 16 3455 4 3 282 255292 7 3 2900 197 383 26 3467 8 3353 6 3 20035 197 7 3 31361 5
17 18298 8887 15 3 29555 7 57 20035 13 340 34 868 3 45968 5195 5
145 20035 16 22682 24 3 282 255292 7 3 2900 197 4209 15 3 2854 650 5054 24 3 5
17 2854 18298 97 8887 65 87 16 3 236 6 11804 3 31361 2505 4 11771 4 65 2121 58 1551 202 7 3 17009 112 34 8922 3 24612 38020 4 7100 93 45968 5
1301 4 46 20035 16 22682 24 9 84 20035 4209 10 3 2854 650 4 47 16 226 3 18298 2505 5
17 650 10 98586 503 16 3629 285 329 45968 35 960 197 33 16 10637 5
145 2124 6274 3 3455 522 7 3 1273 5018 10 3 17229 960 284 5
17 31660 18 1589 538 35 415722 2076 33 5
3265 960 8 20260 18 2828 538 9 5274 6015 17924 341 48124 7627 62778 19 341 13336 7 39479 35 6951 909 23903 33 5
17 1273 31660 220 9 521 3201 284 19 19711 5445 35 2076 33 5
17 1273 5018 18 12354 6 10158 3 3961 4 12398 8 53562 10 3 33583 15026 6708 538 3 4759 31660 35 276 11065 928 33 4 1273 8 2921 10 17096 12283 3462 5
35 6833 33 4 8 3 31660 19 11065 928 5
17 23491 3322 6 3 3961 4 12398 8 53562 31 53 1175 6 1849 4000 5897 4 2156 7 4007 4411 8 46333 89 5
20498 341 6274 3 19393 10 3 1665 4 47 42 3455 538 32 34130 960 650 5
20498 341 5
470655 5
470655 31361 276 11065 928 31361 19 11065 928 316250 202 316250 202 6517 605 2990 782 1883 697 9424 500 6822 503 5547 6494 1796 5897 42 8766 154 3 26370 4141 10 189 1443 35 19 8 276 11065 928 33 6 8612 3 773 7 3 16580 9674 4 11065 2854 8 2505 18298 19266 7 3 1273 31660 5
17 8766 5897 42 53 17639 4 52348 8 405935 30759 5
158 42 14027 3112 105 120 15026 4 8 3 27964 456 3 3726 650 695 276 4282 192 5897 5
20498 459 842 3 522 19 3 1321 3915 5897 8 38060 14 3 4759 6708 4 11771 4 3 6708 276 11065 928 5
20498 459 5
11391 7 3 284 276 11065 928 5
124897 19711 5445 93534 5897 75106 5897 75106 35 202 33 108288 4765 6494 64283 77874 4765 1551 412921 369837 2879 2879 130215 160068 19560 6494 64283 108288 19 52348 8708 8708 130215 77874 19 52348 8708 5180 368449 405935 30759 8708 6494 64283 5640 72970 43843 404385 17 4759 6708 284 71 34 2705 3 8766 5897 25 3 26370 650 4 11771 4 23 71 34 2705 192 3351 7 5897 5
20498 503 6274 3 522 7 3 6708 650 19 11065 928 5
17 38060 8 19393 31 8639 6 138 220 14 3 4759 31361 31660 5
20498 503 5
11391 7 3 11065 928 284 5
124897 19711 5445 93534 5897 75106 5897 75106 35 202 33 108288 4765 5246 406812 77874 4765 4765 130215 369837 2879 2879 130215 160068 19560 6327 412921 108288 19 52348 8708 8708 130215 77874 19 52348 8708 8708 130215 405935 30759 8708 5180 368449 5640 72970 71884 20498 503 842 13 3 11065 928 284 71 1849 3 4000 20754 8 12730 3 6708 10 184 2376 5
81 1243 4 3 18298 2505 14533 14792 6 474 3 7100 489 14 90 424 20754 106 3 284 7212 3 20035 197 7 3 31361 10 3 695 3726 650 4 47 22188 8 11657 3 2505 5
65588 459 8 503 240 32 3070 10 35972 3 20754 4 11771 4 3 284 19 11065 928 71 15071 19 3 791 8 19285 3 20754 13 42 34 1321 4277 5
17 8766 5897 25 3 26370 650 42 34 4218 24 3 284 276 11065 928 19 6494 202 2388 5
435 538 3 11065 928 4 3 5897 31 1658 19 9 7100 489 7 2429 368449 202 14 3 17639 4 412921 202 14 3 52348 8 368449 202 14 3 405935 30759 5
81 4774 4 23 16 537 6 532 3 1277 7 3 4209 141351 10 3 2900 197 7 3 2854 650 19 3 5
659 2002 3 2854 650 4 3 141351 7 3 2900 197 8 3 81692 35 5195 6 26 2198 33 383 27 32 24612 7 22 248 9046 202 5
473 46 38020 4 23 16 537 6 1377 13 3 2900 141351 27 272 24612 2770 8 581 3961 10 3 6708 650 5
98586 704 5
231105 7 3 3961 19 89 5
98586 782 5
231105 7 3 12398 19 89 5
194896 5
704 8 782 240 42749 7 3 3455 522 19 8 276 11065 928 6 12262 3 2388 8 3 12398 10 9 392 89 5
17 6205 7 89 16 3 15778 7 9 1606 4 11771 4 3 11036 7 6179 13 3 284 29528 285 3 1109 6205 5
98586 704 842 9 27728 1322 148 3 6205 7 89 35 221 7 6179 33 8 3 221 7 2388 285 46 6205 7 89 5
355 3 284 14448 19601 4 3 27728 1322 7952 6 27 32 38451 85612 7 2429 249 8 9 27728 85612 7 2429 6494 14 290 10637 6205 4 11771 4 32 24535 7 2429 2464 32 19547 12398 5
273 3 284 276 11065 928 4 3 27728 1322 6274 523 225419 19 32 24535 7 2429 4 47 11080 13 54 3 11065 928 4 3 284 11657 3 773 19 89 5
5583 4 98586 782 842 3 12398 7 3 284 2016 3 10637 258274 7 89 35 6179 33 285 3 1129 5
17 284 276 11065 928 29 9 799 3768 12398 7 2429 575 202 285 3 194 5
17 284 19 11065 928 29 460 93 3768 8 6866 9 12398 7 2429 577 202 154 3 1519 89 5
64982 542 20498 500 6274 9 19079 542 13 2527 7100 232 6 3 1273 5018 8 3 3610 8785 13 31 558 10 3 6854 5
145 542 2209 4309 19 11065 2854 8 4309 276 11065 2854 5
20498 500 5
64982 9757 5
45191 29261 1506 41403 220 5640 868 35 202 33 35 12283 32330 4 274 33 35 12283 32330 4 911 33 156936 35 33 16054 489264 35 10141 12283 32330 4 2076 33 1329 14644 29507 3472 8 166754 7532 201955 35 17096 12283 32330 4 6833 33 19711 1925 42343 39937 238487 411838 35 12283 32330 4 280 33 252109 156936 16054 464191 35 4 4 4 323 4 2076 33 19711 277077 80440 32542 992 8 7532 376847 35 17096 4 4 323 4 7782 33 19711 277077 42343 39937 238487 19 7532 130215 35 17096 12283 32330 4 7782 33 19711 277077 98956 42343 39937 238487 130215 35 81341 12283 32330 4 7782 33 19711 1925 98956 234324 32542 992 19 11065 2854 411590 145 162 19711 1925 186196 31660 19 11065 2854 17 1273 5018 6274 9 7100 1291 8 9 12398 13 16 825 6 83 1131 13 31 558 10 3 6854 5
66 144 26 15349 13 3 231 7 3 11065 2854 893 3 9512 7 3 33583 15026 6708 8 71 7367 8 30174 120 42737 109 3475 4 206 522 31 2209 5
20223 52 3 31660 435 1770 61 3 1665 8 9863 3 522 4 80 1658 3 11414 8 12110 7 3 1273 31660 109 192 31 2209 10 46 2124 5
141802 53 2778 17 1273 31660 2209 3419 773 4 8409 9 206 8958 489 35 202 33 65 677 6 3 282 1131 558 10 3 6854 5
2778 17 31660 1871 799 5447 89 5
2778 145 31660 29 3 2168 6 2705 4000 5897 35 4000 20754 33 5
2778 145 5018 29 3 2168 6 14448 3 2505 8 8330 1849 276 3 2854 650 5
2778 145 5018 16 488 6 1667 12408 8 214742 7 3 5842 284 4 47 539 84 3351 7 3311 6179 4 1849 19 791 8 5515 15071 5
135640 53 2778 17 31660 1273 27 307 19393 13 383 26 197 10 2379 5
145 162 6274 9 84 1217 14 33583 15026 6708 19 11065 928 543 15 3 48817 5
901 7732 5587 27964 42 220 14 3 6708 8 2854 53 31361 8 5
17 11065 2854 31660 16 677 19 3 4759 31660 4 11771 4 276 11065 2854 4 1273 8 2921 10 17096 12283 3462 5
35 6833 33 5
1796 5897 42 8766 25 3 26370 650 7 189 1443 6 8612 3 16580 9674 4 8 3 4759 650 2388 404385 202 7 3 10637 20754 5
17 31660 19 11065 2854 2388 202 14 329 5195 5
17 11065 2854 14533 71 14448 1849 6 2705 4000 20754 5
17 3455 522 240 13 3 6708 19 11065 2854 12134 333 35 10 970 7 3961 4 12398 8 53562 33 58 3 284 276 3 11065 2854 5
12502 4 3 3340 1273 9674 5310 10 46 1381 4 47 14448 1849 8 4219 2505 4 581 3 6708 284 19 4783 12398 4 3961 8 53562 14 533 2333 8 3 2168 6 1667 3 6942 7 5842 1443 133 21 3 110771 1566 5
17 689 1653 7 46 5018 16 3 2168 6 11065 2854 4 47 16 9 16580 10 4309 7 33583 20754 6708 5
145 1653 16 177 533 6 6942 7 3 4538 10 7112 1443 5
17 522 852 5238 2333 133 21 17241 8 726 7 32 4213 284 14 7112 6708 10 3782 30988 5
6297 15 3 8958 1291 7 3 46333 31660 4 1523 10 9 521 992 19 1828 34591 49 9 5394 284 7 3310 628 4 2376 8 6708 144 581 333 3961 5
5583 4 3 1273 17592 65 677 6 83 4309 133 21 7732 32542 2642 6274 3 2168 6 14448 3 2505 8 8330 1849 276 3 2854 650 4 3096 3 6708 650 5
659 371 9149 6 46 601 4 23 16 1282 3 508 7429 53 1753 14533 6 3030 2376 8 5447 7 5300 109 3617 3 2177 7 5224 10 3201 1443 1566 10 98278 2163 109 2780 3 5018 1273 6 3201 1443 19 103860 13173 8 5146 2020 5