145 1381 12966 9 921 1222 6708 284 538 5354 2757 543 17807 2807 8 12634 97970 22190 8783 284 35 33 5
17 6582 148 5354 2757 543 17807 2807 8 3899 6 3383 19 272 61638 100402 1236 8 5435 5
32629 9 5373 2854 650 16007 22190 8258 1153 67818 31660 8 19393 24220 24 5320 100401 8 4624 5373 27964 5
145 2854 650 16 205930 1908 4 907 65 4723 19 272 61638 100402 5
17 5354 2757 543 17807 2807 538 5320 100401 31660 16 4729 6 384 19547 2807 47 3475 9704 46333 4710 8 23682 773 7 5
45899 522 5441 9 964 8452 7 3 1273 284 677 6 83 2953 2854 4309 13563 132114 4 270 60401 4081 4 8 7732 32542 992 5
17 1273 1506 16 3847 4116 21 9 421 270 284 14 921 1222 6708 5
7189 1222 29 2537 853 72 3 73 1352 8 29 343 3 557 899 7 365 14 68 10 104 378 180 3 131 5
187 31 117 2000 7 921 1222 5818 3 2981 49 4859 7 3 921 5
931 250 26 841 14 1448 6 19285 1003 8 10366 5
12502 4 23 16 1622 6 8245 25575 3531 10 921 1222 6708 6 4530 1448 6 19285 3254 19 568 10366 5
7525 4 87 31 117 921 1222 6708 1443 8357 15 4011 8116 4538 13 27 45 1273 5
81 1654 4 17938 3 231 7 307 4011 8116 4538 6 3855 5373 2520 27 45 4729 10 678 6 3030 333 58 9 837 5533 5
931 2520 1618 15995 7 67 684 5
81 3 74 164 4 2419 3394 4538 31 3677 6 5339 33498 7 2000 5
17 3455 33498 7 2000 16 6229 220 21 9796 14 3 19372 4538 10 3 169 164 35 241465 4 280 109 82021 4 6844 4 323 4 280 109 323 4 2076 109 219831 4 4 2230 4 323 348130 48742 4 6833 109 64798 12283 32330 4 6833 109 323 4 6833 33 5
13166 6 117 2000 7 921 93927 4 47 3576 4279 21 166 21 11177 8 12689 2000 5
165361 2000 112 34 1951 6652 7 3 1341 1427 5
211941 2000 112 34 4569 6 894 44 43 132 5266 1537 6652 7 1341 1427 35 323 4 6833 33 5
1526 2000 34 97 2498 3 522 7 19372 44 59 132 3 284 336 3827 5
12502 4 6375 138 2000 103 7623 303777 4538 16 1622 5
273 46 3644 4 17807 2807 49 2419 3394 16 666 10 3 921 1222 6708 284 5
145 9704 3 552 7 72 10104 4 11657 83538 1175 7 3 1506 4 1708 333 40708 4 8 2818 287 66413 2406 1731 2000 35 323 4 6833 33 5
966 1296 27 4729 2419 3394 4538 14 921 1222 6708 10 271 6854 5
82021 12283 3462 5
35 280 33 1273 9 2419 3394 543 15 270 60401 2953 14 784 93927 5
273 3 100402 4 8365 1595 65 403 61 7 3132 2000 42 3467 8 8958 7 3 1273 1506 18 88936 202 5
7219 4 3 1273 1506 18 677 6 3 2029 270 60401 2953 35 187305 33 4 172930 2419 11037 35 148606 33 187305 4 12715 187305 4 8 67 92443 12715 187305 4309 5
17 522 661 13 40 1273 1506 22308 3 83 2520 10 970 7 8958 5
8 35 6833 33 1273 9 921 1222 6708 284 14484 7 2419 3394 8 19372 4538 5
187305 303777 18 2164 19 850 2419 10113 4 119 11037 2419 3394 8 850 2419 3394 14 108 93927 25 3 22930 93927 13563 190294 4 8 7189 6874 93927 5
33962 522 4964 13 3 2419 16727 2069 10366 19372 4538 8 1842 3 221 7 9796 23394 5
273 3 100402 4 8958 7 187305 853 459 202 25 2628 202 6 6756 202 8 3 221 7 2000 1842 2537 25 3132 6 947 2000 5
273 3 921 1222 100402 4 3 8958 7 187305 853 503 202 25 7335 202 6 4481 202 8 3 221 7 2419 1842 25 183 6 503 2000 5
76423 4 66687 4 8 75656 35 7560 33 220 67929 56018 4 234675 33855 56018 8 5354 197 4538 21 2419 3394 6 1128 3 197 7 48579 2000 14 921 1222 6708 5
17 1652 2000 42 220 21 9796 14 7732 32542 992 5
17 921 1222 100402 916 22930 93927 18 220 6 1649 8 960 3 2520 5
17 8365 661 13 70 7 138 4538 1842 3 2757 7 2000 8 2069 19372 773 5
527 4 67929 56018 97 1842 57 2419 8 853 2429 341 202 7 8958 5
273 3 5354 197 1217 4 46 601 220 3 14203 187739 31660 10 3 5354 197 5633 284 35 130768 33 5
17 665 1842 67 2000 8 2069 2429 459 202 7 8958 5
234675 33855 56018 2164 19 7732 32542 992 16 3 282 284 10 46 601 4 47 3439 202 8958 19 1842 700 2000 5
4 72515 4 8 35 7560 33 1273 9 5373 284 47 2164 5354 2757 543 2419 3394 538 18982 23763 27708 35 124913 33 8 19372 4538 14 784 6708 5
81 46 542 4 124913 543 3703 2807 8 124913 543 2411 2807 42 4729 6 384 19547 2000 5
1301 3 522 42 220 21 9796 7 202103 17918 4 8 4538 6 303777 784 93927 5
145 1273 1506 18 12354 538 4 126148 19408 5378 4 93927 25 22930 125008 14 2953 2854 5
17 522 12859 13 17807 2807 7 189 124913 543 3703 2807 8 124913 543 2411 2807 3439 409 61 7 3132 13987 8 8958 7 3 282 19372 5533 13563 132114 17918 18 26920 7602 202 14 100402 5
527 4 46 1273 1217 155 34 5339 19547 221 7 13987 5
20492 4 3957 4 4971 4 8 264361 35 33 1273 9 784 6708 284 47 42 2164 4624 22190 8783 284 19 5
17 8586 18 4723 6 10775 379492 2000 14 272 61638 93927 5
1301 22190 2029 40380 3559 24 4624 31660 35 290981 33 18 3677 6 303777 784 100402 5
145 1273 1506 18 12354 538 5017 3632 957 8 2986 921 1222 93927 25 22930 125008 14 2953 2854 5
17 522 1595 13 290981 626 1695 3682 65 4071 19 396 221 7 2000 21 50 46333 4710 18 1842 5
527 4 46 1273 1217 39 9 59896 3136 3394 7 3 19547 221 7 2000 8 3 8958 7 46 1273 1506 18 377026 202 14 2986 921 1222 93927 5
20492 4 3957 4 4971 4 8 264361 35 33 1273 32 11356 784 628 19372 538 8586 35 255946 33 8 12634 97970 22190 8783 284 35 33 5
80440 8258 1153 67818 31660 18 220 6 13014 22190 1396 543 7 3 22190 284 8 4624 31660 18 3677 6 7322 96734 7 3 22190 284 5
17 255946 18 220 6 384 9 2807 7 2000 3475 13 9704 46333 4710 8 23682 773 7 5
17 1273 1506 18 5559 538 5017 3632 957 8 2986 921 1222 93927 25 22930 125008 14 2953 2854 5
11391 4964 9 964 8452 7 3 1217 677 6 83 2953 2854 4309 150 131804 32542 992 4 270 60401 2953 4 22190 4 8 33855 61279 22190 42101 284 5
527 4 46 1273 1217 155 34 5339 19547 221 7 2000 8 3 8958 7 46 1273 1506 18 341905 202 14 2986 921 1222 93927 5
1655 3 6854 996 4 87 31 307 9705 19 1806 2520 13 71 26 5650 5
49366 3394 4309 3677 10 3 1806 4309 42 191244 2419 3394 5
1526 4309 97 1109 13896 3 33498 7 2000 4 44 12689 2000 142 149 816 8 18 34 3 282 33498 7 2000 5
12502 4 1913 61 3 282 8355 33498 7 2000 16 666 5
10087 4 5354 2757 3695 29 45 3677 21 9 4462 6 6075 628 77144 8 1128 3 221 7 13987 10 13033 93927 35 164647 4 3952 33 5
36387 2757 31 3677 6 17807 2807 6 2821 12689 13987 8 5339 108791 7 964 13987 4 47 321 6 333 10900 8958 8 1952 58 1443 538 1494 2757 7 13987 5
19699 4 14203 187739 18 3677 6 384 17807 5397 543 15 5354 2757 35 77482 4 3495 109 9048 4 7914 4 323 19619 4 911 109 353378 323 4 2076 33 5
1526 6599 31 1144 2025 5
527 4 192 142 772 3 565 7 191244 2419 3394 5
1471 2155 1217 14 17807 2807 543 15 5354 2757 16 3677 88899 191244 27964 6 384 3 282 8355 17807 2807 35 12283 32330 4 7560 109 6794 4 7277 4 70785 4 58269 4 323 17366 4 359 109 32883 4 7744 4 323 9413 4 6833 33 5
71172 31660 35 4852 33 16 57 7 3 308 23763 7112 4538 1273 24 7277 35 274 33 8 16 9 88899 191244 31660 13 8635 15 14987 3074 7 77798 10 2129 6 384 391 19547 2104 10 1046 904 14 856 544 5
4852 29 45 3639 3677 6 9 528 221 7 841 27708 544 21 166 21 328942 572 544 35 7277 4 274 33 5
10526 4 18982 23763 27708 35 124913 33 16 100 9 856 1427 7 3 100401 27964 5
81 1243 4 3 100401 31660 16 146 48 4213 10 1913 3 391 19 568 1028 713 58 124913 8 4624 27964 35 727 33 35 7277 4 280 33 5
12502 4 100401 31660 16 3677 10 46 601 6 7801 5354 2757 14 17807 2807 5
16816 4 3 689 6905 7 46 1381 16 6 8850 32 11076 921 1222 6708 1506 6 4764 921 1222 48 10366 19 1842 221 7 13987 5
81 3 1273 1506 4 3 5320 100401 31660 2164 19 5354 2757 16 2042 6 1128 3 197 7 13987 5
17 1652 108791 7 13987 31 220 21 29132 14 3 97970 22190 8783 284 5
10526 4 67 10602 31 4729 10 46 601 5
26148 4 3 5354 2757 543 17807 5397 538 3 5320 100401 31660 677 6 3 5354 2757 543 17807 5397 538 3 46302 18982 23763 27708 5
20379 4 97970 22190 8783 284 677 6 108 6682 19372 4538 13563 132114 120540 4 270 60401 2953 8 7732 32542 992 5
17 8254 7 46 1381 16 4393 21 3177 53 161776 1443 31 2042 10 8941 341 5
108799 16 12859 10 8941 459 5
45899 522 8 4631 7 26914 2520 31 2278 10 8941 503 5
5583 4 7951 31 43628 10 8941 500 5
145 2124 61685 164 7 3 1450 7 921 1222 6708 1443 5
91355 544 8 1282 2506 14 192 544 31 2042 10 46 2124 5
10526 4 3 18423 10093 31 59 392 10 46 2124 5
27372 5152 10087 4 117 4011 8116 4538 27 45 1273 14 921 1222 6708 5
17 921 1222 6708 284 1618 1038 67 689 5937 53 2419 3394 8 19372 5
81 3 2419 3394 6825 4 9 1731 221 7 7034 2000 13 282 2464 3 392 100402 276 11177 8 12689 13987 31 3467 5
17 3467 33498 7 13987 16 6229 220 21 9796 14 3 19372 4538 10 3 169 5937 5
17 19372 16 1303 61 4 11771 4 290 2119 16 6234 6 2190 1427 232 6 3 15565 2000 3467 14 23 35 241465 4 280 109 82021 12283 32330 4 280 109 323 4 2076 109 219831 12283 32330 4 6833 109 64798 12283 32330 4 6833 109 323 4 6833 33 5
17 1806 921 1222 6708 16 13075 10 98586 249 5
490 7 3 1450 7 921 1222 6708 284 98586 249 5
490 7 3 1450 7 921 1222 6708 284 5
966 2419 3394 4538 27 45 3677 6 6708 1443 7 921 1222 5
8 35 2076 33 220 317 1811 4538 6 5339 108791 7 2000 5
17 3455 3467 2000 42 6229 220 14 7732 32542 992 6 303777 826 5
59173 4 4 8 29222 35 6833 33 1273 9 921 1222 6708 284 5
81 46 284 4 4624 6950 42 220 6 8612 13987 5
391190 7 13987 19 568 5791 7 13987 42 3467 5
1301 4 3467 108791 7 13987 42 220 14 3 11856 8668 5737 19372 5533 5
8 35 6833 33 4729 9 921 1222 6708 284 538 2419 3394 4538 2164 19 270 60401 2953 5
81 46 284 4 850 2419 10113 4 119 11037 2419 3394 8 850 2419 3394 42 220 8 677 6 461 5
76423 12283 3462 5
35 7560 33 220 67929 56018 4 234675 33855 56018 8 5354 197 4538 21 2419 3394 6 1128 3 197 7 48579 2000 14 921 1222 6708 5
1203 7 192 2419 3394 4538 71 26 40345 76 67 3351 53 13720 8 50902 4538 5
87721 4538 231 11245 2763 7 2000 6 2821 3 287 533 2419 25 93927 5
81 104 745 9 2419 16301 1846 16 43420 8 4041 4 8 799 2620 2000 31 6131 35 4 35890 4 323 4 2076 33 5
273 3099 4 3735 1811 4 44521 5514 4 9182 27964 4 4703 5
218263 7 13720 4538 31 13 43 71 2093 650 177 272 61638 93927 5
158 31 205930 4213 4 8 1216 7 3 19372 31660 5
527 4 9 1029 13925 7 3 13720 5533 16 13 290 2419 16 8118 1109 5
135765 7 2000 31 34 1109 47 142 321 6 1734 19372 773 5
387004 4538 4 10 2906 4 19372 4538 31 220 8 108791 7 2000 31 3467 8357 15 3 10900 773 35 12283 32330 4 2076 33 5
17 689 1653 7 50902 4538 72 13720 4538 16 40 10900 8958 5
51697 14 3 282 2419 3394 19 50902 4538 31 7737 24 10900 8958 7 19372 5
12502 4 192 522 31 2239 48 3982 58 3 522 7 13720 4538 35 12283 32330 4 2076 33 5
527 4 87 31 307 26966 19 50902 4538 5
9524 26966 7 138 4538 31 568 552 7 72 10104 8 177 205930 6696 21 166 21 34 1783 14 272 61638 14431 5
10526 4 189 13720 8 50902 4538 97 1384 3 282 33498 7 2000 276 3 282 8355 33498 7 2000 5
36387 2757 42 2042 21 9 17315 4462 6 3383 3 2376 7 50867 4 5344 49 13746 317 49 2505 5
332 3 921 7 5354 2757 16 3 867 7 97 4089 628 19210 4 3847 4446 117 83 4309 4 13300 3201 317 49 15568 31 34 1272 35 164647 4 3952 33 5
187 31 117 5354 2757 4309 13 27 45 1273 14 17807 2807 10 271 6854 5
17379 4 87 31 67 5835 7 5354 197 4309 14 17807 2807 4 14203 187739 8 88899 191244 27964 5
81256 187739 71 26 3677 6 384 17807 5397 543 15 5354 2757 5
931 6599 31 177 2025 5
527 4 43 142 772 3 565 7 191244 2419 3394 5
88899 191244 27964 31 32 2155 1217 6 384 3 282 8355 17807 2807 5
187 31 1678 88899 191244 4538 13 71 26 220 6 14306 46 565 5
34989 27964 35 727 33 27 45 3677 6 1046 14 8355 33498 7 13987 35 79143 4 3401 33 5
527 4 727 71 34 3489 8355 33498 7 13987 5
81 1243 4 544 142 11851 65 11700 727 14 5771 7 272 61638 100402 4 21 3 1058 7 89 351 6 6075 17807 5397 142 474 2537 5
1471 1217 825 6 727 16 18982 23763 27708 35 6794 12283 32330 4 359 33 4 47 340 34 1871 884 133 21 17764 8 17904 4 44 17417 8 1906 17315 4262 4 8 16 59 4213 10 970 7 89 10119 5
124913 36 59 34 3489 8355 17807 5397 1669 44 105 727 488 6 1046 325 244038 5
11649 6 124913 4 3 100401 31660 59 340 34 1871 884 133 17764 8 17904 5
66 2818 1906 17315 4262 4 8 16 205930 13857 10 970 7 189 2900 8 150945 5
124913 16 100 9 856 1427 7 3 100401 27964 35 7277 4 280 33 5
81 1243 4 3 100401 31660 16 146 48 4213 10 1913 3 391 19 568 1028 713 58 124913 8 4624 27964 35 7277 4 280 33 5
10087 4 117 19372 4538 27 45 3677 6 6708 1443 14 921 1222 133 21 11856 8668 5737 4538 35 59173 12283 32330 4 6833 33 4 270 60401 2953 35 219831 12283 32330 4 6833 109 323 4 6833 33 4 7732 32542 992 35 323 4 2076 33 5
81 521 131 2333 8 10 773 7 120 284 4 5435 31 1618 2209 5
527 4 192 52950 31 34 488 6 3383 5435 13 539 13693 8 628 220 5
7525 4 3 97970 22190 8783 284 16 488 6 293 19 523 3497 7 5435 35 64095 4 1278 33 5
66 29 45 3639 220 10 19372 8 10900 5
17 522 27 45 3982 8 177 3863 35 80013 4 326326 4 323 4 2560 109 80013 4 4 4 323 164985 4 280 109 3282 323 4 7560 109 64095 4 1278 33 5
16816 4 25 3 1658 544 996 4 46 601 2048 9 2104 14 192 544 10 189 5937 7 921 1222 6708 5
36543 100401 8 5354 2757 543 17807 2807 31 220 6 2323 3 2419 3394 6825 5
7219 4 3 97970 22190 8783 284 16 220 10 3 19372 6825 5
22348 7 3 1282 2104 16 1595 10 98586 341 5
247826 7 3 1273 921 1222 6708 31 454 2921 10 9 268 2124 5
22348 7 3 1273 921 1222 6708 284 98586 341 5
22348 7 3 1273 921 1222 6708 284 5
2417 7 5354 2757 36387 2757 3695 18 2042 10 3 261 3134 24 164647 35 3952 33 5
145 16 220 14 3 601 7 7112 1443 12072 24 5344 49 9819 317 5
36387 2757 27 45 3639 3677 10 7732 183359 1654 10 3 692 7 2505 4089 4 2953 2854 4 421 270 1443 35 164647 4 2773 33 5
337439 2807 16 57 7 3 346 956 10 3 601 7 5354 2757 3695 5
81 46 542 4 614 13538 7 5354 2757 3695 31 43628 21 3177 53 1721 6 5354 2757 16 3 5141 7 5
3062 9 421 1870 4 114 16 14510 3435 31276 197 7 6034 226 3 7242 7 16223 4 16 9 14510 3435 31276 197 7 1215 13987 4 16 9 421 17807 5
2258 32 4859 114 16 3 197 7 2770 7 113845 92 4 3 9421 7488 16 103415 24 16 4939 21 53 35 249 33 17 24065 7 15850 4209 24 89185 35 3280 33 16 103415 24 5
208 4 14937 8 11348 31 20 6 26 19 2201 6 7104 17 61826 3597 7 3 9421 7488 31 103415 24 5
17 7488 16 3 17315 2370 5141 7 5354 2757 3695 5
35 341 33 114 3 61826 3597 31 18884 133 13 5
4036 9 421 1870 879 8 4 6219 86 26 92443 24 3 798 8 4416 60029 798 8 9421 4416 60029 7 197 6219 4 16 103415 24 101591 8 4 3995 4 31 4939 21 53 35 459 33 35 503 33 3062 4 26 61826 1682 72 15850 4 153 3 1432 4 2366 8 11763 3248 4 103415 4 3995 4 71 26 4939 21 53 35 500 33 35 708 33 35 700 33 79 197 16 20 6 26 5354 35 50867 33 92 50 11763 642 16 14510 3435 109 2631 4 3 197 16 11868 5
622 533 492 10 628 2376 16 9409 3 77144 7 13987 5
81 421 1870 4 3 2463 7 19210 148 1215 8 421 17807 71 26 4939 21 3177 53 4036 9 421 1870 4 879 4 80 140 13 2482 5473 15 3280 10 9 2463 11856 35 33 4 103415 24 4 16 2118 24 35 704 33 114 16 226 3 1277 7 60029 7 19372 4 17458 24 3 197 7 421 13987 35 164647 4 2773 33 5
208 11856 3082 249 4 2482 5473 4120 15 3280 109 92 2482 5473 6009 15 3280 4 92 11856 3082 6494 4 2482 16 34 5473 15 7104 29507 1870 32166 16 4547 92 2631 32166 16 13033 5
68806 3 7 9 197 5
17379 4 87 477 4447 12689 1215 13987 5
458 4 192 12689 13987 71 26 6131 276 1373 3456 317 35 164647 4 2773 33 5
17 733 7 17807 2807 16 6 5199 12689 13987 557 6 3 1842 197 13 1708 3 216 1277 7 19372 21 3 1494 100402 5
79 392 421 1870 142 27 117 17807 5397 4 3 197 7 70 17807 5397 31 4939 10 446326 35 782 33 21 35 782 33 79 197 7 8355 5397 16 4939 21 35 183 33 16268 9 8355 17807 2807 14 9 392 100402 16 9 328942 572 565 35 32883 12283 32330 4 6833 33 5
12502 4 1572 32 4213 31660 14 46 565 16 9 3558 2485 5
6297 15 138 13538 7 5354 2757 4 32 3206 5188 4859 7 3 100401 31660 12510 6 3 565 16 454 4939 5
145 16 2278 10 9 268 2124 5
36543 100401 31660 71172 31660 16 32 1783 8 1408 10 48480 11065 27708 544 35 111409 4 111409 4 7277 4 323 75620 4 6833 33 21 166 21 33770 27708 544 35 92427 4 2820 4 323 4 6833 109 4 4 323 422994 4 6833 33 5
81 1243 4 117 1296 27 1282 13 3 100401 31660 16 7156 6 189 18982 23763 27708 8 4624 27964 10 970 7 189 3961 8 1028 489 35 111409 12283 32330 4 6833 109 3282 323 4 7560 109 7277 4 280 33 5
81 46 2124 4 2370 13538 7 5320 100401 31660 31 2042 5
17 100401 31660 35 4852 33 16 57 7 3 23763 1442 4538 2042 24 7277 35 274 33 5
145 16 9 843 7 160269 4 88899 191244 31660 6 384 3 391 19547 2104 10 1046 904 6 4855 27708 544 21 166 21 328942 572 544 5
145 31660 16 3581 24 3 14987 1067 7 77798 10 2129 5
17 100401 31660 4784 9 2215 6363 7 1067 7665 7 100401 170 10 2129 5
17 689 2377 7 3 100401 31660 16 26704 1067 7665 10777 21 3177 35 111409 12283 32330 4 6833 109 7277 4 280 33 53 766 77798 31 75614 8 87 142 26 32 4153 10 120 67 77798 5
1700 29561 16 22652 6 40 1067 7665 5
79 100401 19 798 1067 7665 36 398 1189 3 77798 19 568 1067 7665 5
208 87 16 34 100401 19 568 1067 7665 4 3 100401 36 14027 398 10 1046 904 5
17 1067 7665 7 9 100401 16 2118 24 5188 4859 5
81 3 100401 31660 4 87 31 108 533 667 53 73418 4859 8 1627 7 77798 5
2778 73418 4859 53 17 689 2981 7 3 29561 4859 71 26 120 17073 4859 133 21 3 508 48015 916 7277 35 280 33 53 35 407 33 114 16 3457 148 67 77798 4114 8 72539 3995 5
234324 3457 16 3677 10 46 601 5
16 32 7830 96734 13 16 3 29561 22 24880 3082 6494 8 4 16 9 1067 28455 85612 5
17 7830 19393 8 1067 28455 85612 31 67 533 19393 5
17 2770 7 138 19393 2258 3 1952 7 23462 8 3 3074 7 100401 31660 5
999 24220 192 19393 538 5320 4434 4 3 2104 1277 29 45 2069 35 4 7277 4 4 323 69552 4 6833 33 5
187 31 117 843 7 5320 10 6854 35 12283 32330 4 6833 109 78 12283 32330 4 1278 33 71 3677 6 7322 192 19393 5
12283 3462 5
35 6833 33 2573 13 97 3 7830 96734 18 14549 24 201026 4434 3979 10 3 282 100401 31660 5
17 201026 4434 14 3 7830 96734 16 2118 10 446326 35 403 33 35 12283 32330 4 6833 109 78 4 78 4 16964 4 20928 4 323 5707 4 1278 33 5
35 403 33 114 16 871 7 7830 96734 22 89 1092 5
332 4 16 14027 4209 10 30985 5146 10 1356 6494 4 249 1362 5
145 4434 59 12244 9832 19348 10 35 6494 4 249 33 5
2778 6567 7 77798 17 2371 7 77798 19 798 1067 7665 398 1189 77798 19 568 1067 7665 24 446326 35 698 33 21 508 5
35 698 33 114 8 31 2371 7 100401 4114 19 798 1067 7665 8 100401 72539 19 568 7665 22 89 9575 3995 4 16 9 6951 96734 47 18020 14027 3074 7 1627 7 77798 4 16 9 6951 221 15165 30985 5146 10 1356 6494 4 249 1362 5
273 48 1056 7 3 100401 31660 23 71 26 381 10 7277 35 280 33 8 12283 3462 5
35 6833 33 5
17 3297 1746 6708 284 7 921 1222 9286 7 108 346 684 35 196 98586 341 33 53 344803 4 5320 100401 31660 8 5354 2757 543 17807 2807 4 8 1088 97970 22190 8783 284 5
84181 100402 16 811 76 3 284 13 16 74 48871 6 3 12634 1356 6494 4 249 1362 5
1301 5320 100401 31660 8 5354 2757 543 17807 2807 5018 16 3677 6 5339 19547 33498 7 13987 47 3475 9704 46333 4710 8 23682 773 7 12634 97970 22190 8783 284 5
17 3455 100402 19 33498 7 13987 16 3868 76 67 108791 53 928 100402 8 2279 100402 5
17 928 100402 16 220 6 1088 12634 97970 22190 8783 284 125 3 2279 100402 16 220 6 960 3 3455 12634 97970 22190 8783 284 5
17 1056 7 290 14533 31 2994 10 3 508 199158 5
344803 344803 16 3677 6 1262 28579 4166 154 66413 650 4 21 166 21 6 1368 2419 2770 10 121706 70256 11612 25 12816 138 10 1731 70256 11612 35 323 4 6833 33 5
187 31 95 117 628 40937 4309 5
79 974 5018 4 40937 16 3677 10 46 601 5
40937 9013 9 871 8033 7 1494 100402 6 10 1079 7 24 17444 446326 35 685 33 35 685 33 114 7673 3 1079 7 7532 100402 5
8 31 3677 10 46 601 5
435 40937 4 6740 93927 31 220 14 17807 2807 5018 5
17 3297 31660 14 17807 2807 16 2042 10 161 100561 5
36543 100401 8 5354 2757 543 17807 2807 4036 9 100402 4 92 87 31 15441 676 1215 13987 4 87 36 26 108791 7 13987 5
1526 108791 5697 25 290 83 10 3 4385 8 13987 3345 10 290 33498 5
16268 32 19547 17807 2807 16 328942 572 565 35 32883 12283 32330 4 6833 33 5
187 31 117 4538 543 15 88899 191244 27964 8 5354 2757 27 45 1273 10 176 6854 6 384 17807 2807 35 6794 12283 32330 4 359 109 32883 12283 32330 4 6833 33 5
81 138 4309 4 3 5188 7410 543 15 1277 7 60029 7 19372 5
79 2104 18 1391 871 7 5188 4859 5
17 871 7 1277 7 60029 7 19372 10 3 2104 142 34 3628 6 249 5
238 9 522 4 3 2104 142 34 32 17807 2807 5
81 1243 4 138 5188 7410 142 34 1384 8355 17807 2807 5
659 4855 46 565 4 46 601 12966 5320 100401 31660 8 5354 2757 543 17807 2807 5
3194 33498 7 17807 71 26 381 21 9 397 49 827 7 9 100401 10 1046 904 5
81 47 4 290 17807 10 33498 16 9 15209 7 1046 904 5
17 19547 827 16 3 33498 7 13987 19 248 4385 8 1391 19372 1277 5
17 1446 7 77798 31 6 2546 6 3 282 827 5
17 650 7 5320 100401 31660 8 5354 2757 543 17807 2807 16 13075 10 98586 459 5
27300 7 5354 2757 543 2419 3394 538 33770 5320 100401 98586 459 5
27300 7 5354 2757 543 2419 3394 538 33770 5320 100401 31660 5
187 31 108 533 14048 7 2673 7 5320 100401 31660 10 17807 2807 5
17 74 5139 16 3 61610 5018 79022 5
6 3001 32 17807 2807 24 9 100401 5
3668 533 5139 16 5188 4859 5
1471 5139 16 46302 3323 7 3 5320 100401 31660 14 17807 2807 565 5
2778 311273 5018 79 537 2104 7 3 565 35 32 17807 2807 33 16 3380 24 9 100401 21 46302 11709 7 4385 15441 35 33 5
81 138 46302 11709 4 329 1023 2464 32 17807 4 3 871 249 14103 13 3 12510 17807 16 3467 125 3 871 6494 10260 13 3 12510 17807 16 34 3467 5
273 946 4 9000 13 8 9 100401 4 153 32 17807 2807 16 5
2778 20865 4859 187 31 117 1806 24648 7 5188 4859 543 15 5354 2757 14 3 565 10 271 6854 35 12283 32330 4 7560 109 6794 12283 32330 4 359 33 5
931 5188 7410 142 1109 24 24902 7 17807 2807 276 8355 5397 35 32883 12283 32330 4 6833 33 5
81 678 6 384 3 282 8355 17807 2807 4 23 16 1622 6 2780 9 5188 4859 13 34 97 6409 2807 7 17807 35 1277 7 60029 19372 33 44 59 6409 8355 17807 2807 5
273 46 3644 4 9 5188 4859 4 16 4939 10 446326 35 409 33 4 35 32883 12283 32330 4 6833 33 16 3677 10 46 601 5
35 409 33 114 16 1277 7 19372 5
1883 16 9 7 1215 17807 3298 4 1883 16 43420 24 32 20609 2411 2807 31660 35 353378 323 4 2076 33 5
92 3 421 1870 32166 16 4547 8 92 34 114 8 5786 5786 31 43420 538 446326 35 341 33 5
145 6363 770 13 3 19372 1277 4 4 8 4385 7 13987 33498 4 4 27 523 7444 14 17807 2807 2485 5
17 16577 7 827 7 290 100401 16 12354 24 46 5188 4859 5
17 733 7 100401 16 6 2546 6 827 19 85544 5188 2770 5
2778 115250 3323 7 100401 31660 14 17807 2807 565 81 17807 2807 565 4 46302 221 249 8 6494 31 220 6 4459 13 12510 17807 16 49 16 34 3467 5
458 4 5354 2757 543 17807 2807 16 9 33770 565 5
17 1494 100401 31660 16 488 6 293 19 11065 544 5
12502 4 13613 7 46 31660 31 666 6 4552 23 6 3383 46302 565 5
81 3 100401 31660 4 3 446326 35 698 33 842 100401 4114 19 798 1067 7665 1324 1537 100401 72539 19 568 1067 7665 4 3 827 7 100401 4114 893 21 9 521 221 5
458 46 221 738 6 26 2445 24 9 46302 221 5
273 46 3644 4 9 4859 71 26 3677 35 12283 32330 4 6833 33 5
527 4 10 678 6 1297 3 100401 31660 4 9 4859 16 220 10 46 601 35 92427 12283 32330 4 6833 33 5
17 4859 16 4939 10 446326 35 697 33 21 53 35 697 33 114 9424 16 221 7 77798 10 1193 4 15441 16 221 7 17020 5
145 4859 16506 3 871 10 3 1356 6494 4 249 1362 1079 5
17 380 871 7 290 176 7 77798 54 1627 16 2118 24 53 208 153 109 2631 4 4 114 16 9 6951 221 15165 30985 5146 10 1356 6494 4 249 1362 5
238487 249 5
377646 3323 7 3 5320 100401 8 5354 2757 543 17807 2807 31660 84181 29507 1870 114 16 9 197 7 1215 13987 109 2482 53 421 17807 109 16 14510 3435 31276 197 7 6034 109 37442 16 3 282 8355 17807 2807 249 5
168335 2007 1193 7 77798 109 341 5
84812 4859 459 5
6019 7665 215603 22 24917 16 2118 24 503 5
53798 3 100401 31660 19393 53 109 500 5
168704 32 17807 2807 543 15 12391 2411 31660 35 353378 323 4 2076 33 109 61418 125 112 700 5
40989 4153 96734 4 4 543 15 446326 35 403 33 109 704 5
139052 1067 7665 7 77798 538 6905 4859 10 446326 35 409 33 109 782 5
48891 1067 7665 7 77798 109 183 5
15000 3 498 282 2104 4 2567 109 407 5
273 4114 3082 249 6 9424 112 403 5
273 72539 3082 249 6 9424 112 698 5
208 685 5
168704 29561 4859 4 4 543 15 446326 35 407 33 109 409 5
129331 3 827 7 100401 4114 4 10 15441 15209 232 6 446326 35 698 33 109 697 5
168704 871 7 4859 4 18365 543 15 446326 35 697 33 109 800 5
208 18365 135724 194 92 168951 194 14 117179 194 14 1004 5
2075 650 522 109 6297 15 71488 3323 7 100401 31660 35 7277 4 280 33 8 108 533 14048 996 4 3 71488 3323 7 3 5320 100401 31660 8 5354 2757 543 17807 2807 16 1273 47 16 1595 10 238487 249 5
17 6905 7 46 31660 16 6 384 9 33498 7 13987 19 248 4385 8 1391 1277 7 19372 5
17 19547 33498 7 13987 16 6229 220 6 1088 35 1649 33 8 960 3 97970 22190 8783 284 5
17 5018 7 589 3 22190 8783 284 16 454 2042 10 3 161 100561 21 3177 5
5743 97970 22190 8783 284 81 308 85 4 97970 22190 8783 284 29 45 3639 3677 6 117 2673 692 4 133 21 3685 4 17241 8 532 4 19372 4 11249 35 80013 12283 32330 4 280 109 3282 323 4 7560 109 64095 4 1278 109 64095 4 311 4 323 7914 4 502 109 19959 4 208904 4 323 28044 4 2560 33 5
14246 4 46 71 26 177 9992 65 3242 7 5435 31 2209 10 3 1443 35 64095 4 1278 33 5
145 601 6409 32 12634 97970 22190 8783 284 35 474204 273535 33 441 9421 29132 8 57 3354 5
214 71 26 962 22190 92 153 954 13 1379 1682 7 9 284 14484 7 15441 954 4 290 441 9421 78117 4 3 211736 1396 71 26 1867 10 446326 35 800 33 35 64095 4 1278 33 5
35 800 33 114 31 12634 97970 133470 22190 2757 35 48548 33 4 31 42285 183781 22190 197 35 35353 33 4 68806 3 1055 35 1153 33 7 4 8 68806 3 1724 7 109 3354 7 3 1396 4 16 59 12634 183781 22190 197 4 145 22190 8783 284 16 226 322270 474204 273535 35 64095 4 1278 33 5
527 4 10 678 6 2780 3 97970 22190 8783 284 6 521 2333 4 1746 7 3 22190 8783 284 16 1622 5
17 6062 1746 7 3 22190 8783 284 16 16910 32 526 601 5890 5
64785 32 19547 97970 22190 8783 284 16 9 177 841 2485 5
364 738 6 2258 3 2981 7 22190 1396 1084 4 3 221 7 22190 1396 4312 8 6943 19393 7 3 22190 8783 284 5
659 4498 3 12818 221 7 22190 954 8 2981 7 22190 1396 1084 4 22190 8258 770 67818 31660 35 4 6962 33 16 220 21 9 13808 25 18679 5
81 1243 4 3 5320 100401 8 4624 5373 27964 35 3282 323 4 7560 33 31 3677 6 384 3 6943 19393 7 3 22190 8783 284 5
273 48 1056 7 3 1746 7 46 22190 8783 284 4 3550 71 1125 35 3282 323 4 7560 33 5
435 928 3 97970 22190 8783 284 4 3 3455 97970 22190 8783 284 1506 16 12354 24 3 2279 100402 19 19547 33498 7 13987 5
152865 7 3 1273 1506 31 2042 10 3 161 2124 5
81 46 2124 4 29182 7 3 1273 921 1222 6708 31 2828 5
17 6905 7 3 1273 1506 16 6 4764 921 1222 826 19 272 10366 8 287 89 10119 5
659 5441 3 7362 7 3 1273 1506 4 67 5066 7 10602 31 4729 10 46 601 5
1532 7 70 4 3 5320 100401 31660 8 5354 2757 543 17807 2807 35 24960 33 31 677 6 46302 18982 23763 27708 8 5354 2757 543 17807 2807 35 24960 33 5
20379 4 97970 22190 8783 284 35 84 1217 33 16 59 677 6 108 6682 303777 4538 13563 132114 120540 35 89851 33 4 9207 58540 17112 35 187305 33 4 8 49474 133951 3673 35 49894 33 5
39652 93927 81 46 601 4 67 6682 4482 6955 100402 8 32165 100402 25 22930 125008 17112 12586 37354 35 127608 323 4 6833 33 42 220 6 8612 2520 5
2778 7189 1222 100402 35 13955 33 848 3 1564 7 11671 68 5
3194 410 15995 7 698 13987 8 57 19372 17807 5
17 100402 15995 7 67 52950 5
17 74 19372 39 2536 1564 109 169 57 39 4728 1564 5
2778 100402 15995 7 3132 13987 8 57 19372 17807 47 3380 3 1973 13 16 392 14 33912 2233 19 2970 7880 6 1427 6494 8 34052 7880 6 1427 249 5
62856 2048 1614 5036 6 26 220 14 928 35 716 5036 7880 6 1427 6494 8 716 5907 7880 6 1427 249 33 8 26900 5036 14 2279 35 24194 5036 7880 6 1427 6494 8 605 7880 6 1427 249 33 5
980 1056 7 93927 71 26 381 10 127608 8 35 6833 33 5
470655 17721 36543 100401 31660 4 46302 18982 23763 27708 8 5354 2757 543 17807 2807 42 6227 10 415722 5
81 3 8365 4 3 19393 4 2936 65 2573 7196 4 42 197 6 3 508 2770 53 12487 4 605 2113 31 14027 4209 10 9 1193 8 3 221 7 5197 16 3628 6 577 14 189 27964 5
273 3 100401 31660 273 46302 18982 23763 27708 4 3 46302 18982 23763 27708 35 323 2389 4 6833 33 16 220 10 46 601 5
5
766 7 132114 120540 4 187305 4 8 49894 42 3559 8 2870 10 5
273 132114 120540 4 231 216015 168338 16 3677 5
81 187305 4 70865 2370 4859 35 33 7 54861 4859 8 28455 85612 35 3298 33 3082 6494 4 31 3677 10 46 601 5
273 49894 4 32 4159 7 3 2029 156936 7059 35 156936 29195 33 19 4768 19393 1691 10 3 31 220 5
13385 8557 659 581 9 4631 297 6682 19372 4538 4 108 8557 4538 42 220 10 46 601 53 90025 4 126073 8 478640 5
1526 8557 4538 31 4939 21 3177 53 90025 53 145 16 3 104 35171 220 2029 14 8557 19372 4538 21 166 21 4631 7 40 773 4939 24 446326 35 630 33 5
35 630 33 126073 8 48581 31 11245 1415 7 143 166 9 46302 19372 960 9109 5
17 9512 16 220 6 8612 3 1359 1432 489 125 48581 16 220 6 2258 2915 2366 489 5
35 947 33 35 302 33 114 59433 8 65599 31 3 221 7 1359 1432 8 2915 1432 4 3995 109 60809 8 78468 31 3 221 7 1359 8 2915 2366 4 3995 5
11391 8 2898 435 40937 4 3 6740 93927 31 220 14 17807 2807 4309 5
17 100401 31660 8 3 18982 23763 27708 14 17807 2807 415722 3323 1436 306 400 19 523 2007 2506 5
11391 7 17807 2807 4309 31 1595 10 20498 249 5
17 1494 8 93927 19 33498 7 3 13987 2807 25 17807 2807 4309 31 220 6 1649 8 960 3 2520 5
17 9345 522 7 70 179 303777 2520 2164 19 17807 5397 31 1595 10 20498 341 4 47 2464 3 8958 4 46786 8 48581 7 773 7 3 2520 5
20498 249 5
11391 7 17807 2807 4309 5
93927 720 5
7 70 13987 24960 24960 35 1273 1506 33 129736 221 7 17807 10 108791 9897 221 7 13987 10 108791 9897 699 89 35 169 33 129736 221 7 17807 10 108791 9897 221 7 13987 10 108791 9897 699 89 35 169 33 7189 1222 698 503 503 503 503 3132 503 503 459 58302 20498 341 5
75250 773 7 3109 303777 2520 19 8 276 17807 2807 35 297093 53 90025 109 20573 53 126073 109 239016 53 478640 33 5
93927 28043 4109 17807 5397 24960 24960 297093 35 202 33 20573 35 202 33 239016 35 202 33 297093 35 202 33 20573 35 202 33 239016 35 202 33 297093 35 202 33 20573 35 202 33 239016 35 202 33 7189 1222 132114 120540 112814 81129 91724 112520 8390 114621 126335 124987 115262 187305 123917 131387 114621 123917 131387 114621 89539 124987 104063 49894 98373 124987 114621 100625 131387 5246 89539 124987 104063 118 1217 7867 115262 1818 220059 129848 107344 117944 130362 129848 132114 120540 97043 126335 65255 110199 102590 94081 110199 102590 94081 187305 110199 102590 94081 110199 102590 94081 110199 102590 94081 49894 109220 88936 86624 188670 96801 46405 188670 113374 54800 118 1217 117540 88422 89631 102076 111647 71135 101631 139309 127272 1210 6 20498 249 4 23 71 26 381 13 3 33770 5320 100401 31660 16 3254 58 3 46302 18982 23763 27708 6 2769 5354 2757 543 17807 2807 5
81 1243 4 3 33770 5320 100401 31660 3439 17807 2807 19 596 8 8355 221 7 17807 5397 287 58 46302 18982 23763 27708 14 3 100402 21 166 21 14 3 921 1222 100402 5
81 1243 4 699 89 7 3 33770 5320 100401 31660 16 3254 58 46302 18982 23763 27708 14 1913 32 19547 2807 5
10526 4 97 459 5197 71 26 220 19 3 5320 100401 31660 6 6075 3 8355 17807 2807 14 189 921 1222 8 93927 5
631 4 46302 18982 23763 27708 71 384 61 3 8355 17807 2807 10 708 5197 14 921 1222 93927 8 2919 5197 14 93927 35 196 98586 185871 8 288541 33 5
66 770 13 248636 7 100401 31660 1217 31 575 202 8 2429 9046 202 3254 58 46302 18982 23763 27708 14 921 1222 8 93927 4 3995 5
20865 2770 7 290 2020 7 5320 100401 4 46302 18982 16206 98586 503 5
20865 2770 7 290 2020 7 5320 100401 4 46302 18982 16206 27708 8 5354 2757 543 17807 5397 5
8071 22 20498 341 8 194896 5
500 8 708 23 71 26 381 13 3 1273 5354 2757 543 17807 2807 538 3 33770 5320 100401 31660 16 333 58 538 3 46302 18982 23763 27708 10 970 7 8958 7 19372 14 189 921 1222 8 93927 5
10526 4 3 1273 5354 2757 543 17807 5397 538 3 33770 5320 100401 31660 2164 19 303777 4538 71 1297 3 8958 14 189 7 3 93927 5
81 644 4 14 3 921 1222 100402 4 8958 25 70 303777 4538 18 2069 5
17 8958 7 132114 120540 18 2069 24 2429 341 202 25 112814 202 6 126335 202 5
17 8958 7 187305 672 25 123917 202 6 89539 202 5
17 8958 7 49894 8 84 1217 853 25 117715 202 6 89539 202 8 7867 202 6 117944 202 4 3995 5
273 3 100402 4 3 8958 7 49894 8 84 1217 2069 25 109220 202 6 6486 202 8 117540 202 6 111546 202 3995 5
527 4 132114 120540 8 187305 42 34 9109 1221 24 3 536044 4 46 16 106 3 48581 7 189 27964 18 3628 6 6494 5
10526 4 4631 19 132114 4 270 60401 4081 8 7732 61279 992 4 84 1217 2238 8958 7 303777 24 500 202 8 8963 202 7 8958 14 921 1222 8 93927 3995 5
5583 4 75250 19 767 601 35 323 4 6833 33 4 3 1273 1506 2238 19050 202 7 8958 25 6756 202 6 101631 202 14 100402 5
90025 522 7 3109 303777 19 8 276 2419 16727 98586 500 5
90025 522 7 3109 303777 19 8 276 2419 16727 14 921 1222 100402 5
90025 522 7 3109 303777 19 8 276 2419 16727 98586 708 5
90025 522 7 3109 303777 19 8 276 2419 16727 14 100402 5
1655 20498 341 8 194896 5
500 8 708 4 23 18 170 13 3 84 1217 93475 83 303777 4538 10 970 7 8958 25 189 93927 5
81 1243 4 65 10503 3 5354 2757 543 17807 2807 4538 4 3800 7 3 84 1217 303777 1506 42 2069 5
10526 4 3 3109 7 3 84 1217 303777 1506 19 5354 2757 543 17807 2807 29 1370 3961 8 568 8958 58 83 2520 19 189 7189 1222 8 93927 5
6077 4 3 1273 4538 27 307 11414 72 83 4538 5
26148 4 3 1273 2520 71 11076 384 8355 5397 5
81 644 4 1273 17807 2807 5533 71 4089 97 503 61 7 3132 13987 14 100402 8 503 61 7 403 13987 14 921 1222 100402 5
1526 17807 5397 31 964 287 58 767 42211 133 21 403 61 7 3132 13987 35 82021 12283 32330 4 280 33 4 947 61 7 3132 13987 35 8 35 6833 33 4 8 409 61 7 3132 13987 35 12283 32330 4 7560 33 14 100402 5
49574 13 3 1273 17807 2807 5533 16 964 3254 23462 1952 8 10825 699 89 58 5354 2757 8 18982 23763 27708 543 17807 2807 5
81 1243 4 3 231 7 12634 97970 22190 8783 284 6 3383 3 5435 4 278140 7 93927 19 522 7 568 10900 773 4631 19 83 4538 5
527 4 3 928 89 7 12634 97970 22190 8783 284 24 5320 100401 8 4624 5373 27964 16 70391 2063 5
66 16 973 4936 13 3 1653 7 1273 1506 624 19 3 9088 10612 998 24 10503 5354 2757 19 12634 97970 22190 8783 284 5
17 5354 2757 8 5320 100401 31660 3916 6 384 8355 5397 47 3475 9704 46333 4710 8 23682 773 7 12634 97970 22190 8783 284 5
17 231 7 12634 97970 22190 8783 284 14 19372 7 921 1222 93927 6 3383 3 5435 8 278140 7 192 93927 18 1408 5
145 1381 12966 9 3109 7 5354 2757 543 17807 2807 19 12634 97970 22190 8783 284 14 921 1222 6708 5
17 5354 2757 543 17807 2807 538 5320 100401 31660 16 1273 5
66 71 11076 384 8355 17807 2807 25 272 61638 100402 13 23682 3 773 7 3 19372 284 5
17 231 7 12634 97970 22190 8783 284 14 19372 7 921 1222 93927 6 3383 3 5435 8 278140 7 192 93927 18 1408 5
17 10602 7 3 12634 97970 22190 8783 284 6 132114 4 270 60401 4081 4 8 7732 32542 992 42 59 2209 5
5602 20260 522 15 67 4482 93927 4 3 1273 3109 5354 2757 543 17807 2807 19 12634 97970 22190 8783 284 54527 461 10 970 7 8958 4 23462 1952 8 5447 89 5
81 1243 4 70 303777 4538 2527 10 46 542 240 32 21443 65 2164 19 5354 2757 543 17807 2807 5
81 1654 4 5354 2757 543 17807 2807 538 5320 100401 31660 31 170 1783 65 3677 6 3 12634 97970 22190 8783 284 19 522 7 2121 2000 44 568 19372 8958 5
17 1273 1217 658 29 307 9705 13 236 6 26 5650 5
1532 7 70 4 3 1273 5354 2757 543 17807 2807 16 50252 65 3 221 7 13987 16 938 49 65 3 221 7 1564 16 528 5
5583 4 3 928 89 7 12634 97970 22190 8783 284 24 5320 100401 8 4624 5373 27964 16 1144 2063 5
81 3 426 542 4 3 4888 36 595 6 3617 8 1746 4213 191244 6599 14 17807 2807 4538 6 3009 938 3318 7 2000 8 528 1051 7 1564 5
81 1243 4 3 5320 100401 31660 71 26 2069 538 10018 2145 10 1324 1264 7 100401 10 454 542 5
238 9 665 4 3096 773 7 17807 2807 4309 21 166 21 3096 2854 19393 7 22190 8783 284 71 26 617 5
5583 4 8690 31660 36 26 4729 454 10 426 2062 6 2769 9 964 245676 5