84309 14 5447 2505 10 68469 31 48 8 48 666 106 7 3665 1723 221 7 16001 1543 7 2505 10 3 131 5
30183 1442 4 297 461 4 1900 19 2172 3 2505 7 9 5961 47 16 4547 8 1332 5
145 770 13 23 144 3576 70 3893 34 7880 6 3 2505 7 5961 320 4 44 71 26 48044 15 3 1625 7 2505 7 91 5
273 46 650 3 41154 14 2505 6582 1194 6 26 177 4116 5
81 46 1381 3 4888 1379 9 6684 14 17938 2505 7 9 5961 47 842 13 2505 7 9 5961 144 34 26 9 1966 5806 7 2505 7 50 320 5
17 1506 14 2505 6582 538 1812 52301 6294 29 45 59 2209 8 10637 5
98731 2520 7 746 1442 477 1101 15 3 1570 21 3 97 352 7 2376 35 63708 4 502 33 5
81 308 85 3 2826 6 1384 1081 600 7 2113 29 343 48 8 48 5185 35 1246 9424 31573 79443 4 6833 33 5
364 7 3 6200 7 133 1217 16 41748 2204 718 4 47 7928 363 1866 543 15 9 197 7 16001 1543 25 2210 2505 4312 35 192590 4 144753 4 469054 4 323 4 502 109 4 2804 109 319353 323 4 1095 33 5
1471 946 16 917 5309 4 114 3 2505 16 11359 25 523 2505 4312 19 523 6294 8 104 477 13033 3655 6 9 1029 1441 35 14217 4 4 323 16863 4 744 109 67250 323 20928 4 359 109 323 4 502 33 5
30183 1442 4 3 48 614 1043 58 13 57 1109 10 46 1381 4 16 10 786 477 4939 21 32 1442 13 11841 25 3 6292 8 1223 7 117 2113 35 10018 4 2773 109 4296 4 3401 33 5
145 1442 142 1230 6 27 9 1475 7 50 209 4 1216 7 3 2113 23 9286 7 5
81 2175 7 117 4888 4 5961 1442 1464 10 9 1773 2726 7 3497 7 3 5961 2505 164 4 47 20521 10 3 522 7 3 4499 10554 6589 5
1796 689 2000 7 5961 1442 142 26 10236 53 2778 43899 7 3 5961 31 16001 8 7112 5
2778 1700 2505 142 26 13033 5
2778 17 5961 320 31 7081 268587 5
364 7 3 24024 7 5961 2505 16 13 23 16 477 1978 58 3 5806 7 1570 2106 2505 5
273 946 4 92 57 5961 771 1853 13 8 184 13 4 153 671 43 59 259 13 5
364 7 537 6589 4 24 770 7 47 2505 4312 7 2113 343 3 2505 7 3 5961 4 16 6582 5
145 650 29 3 508 537 5158 53 2778 2625 6034 31 11831 6 371 9 84 5606 3364 91 5
17 2007 6034 31 153 14386 8 97 3 84 16 220 5
2778 2625 6034 1000 9 1456 2466 21 9 1081 5
81 745 105 628 8818 38916 4 3 2007 6034 142 141 816 6057 8 3 1456 16 97 9 84 4 1029 5138 14 3 380 4650 5
2778 2625 6034 31 3797 19 290 83 5
145 142 26 617 21 176 7 3 767 67 5158 4 21 166 21 32 1216 650 5
66 16 477 1013 15987 49 7100 10 6854 4 4808 15 3 380 665 5
17 74 67 5158 31 104 533 8 104 974 5
158 31 59 104 4116 14 5060 7 5961 1442 5
81 1407 177 477 2505 15 3 216 1441 16 2816 25 523 1543 4 14 946 10 1052 5
208 925 844 6 4855 9 565 477 5275 34 97 57 2516 44 307 5
66 16 1966 3847 10 133 983 3 2505 26899 25 523 1543 71 26 13033 8 14 363 9 231 7 23 4 90 6582 5533 144 26 3677 5
81 614 4 9 5961 16 3055 21 9 197 7 7112 2367 105 1149 4 2204 1443 4 49 1122 9 197 2113 47 31 16001 10 363 1866 5
3194 7 5961 320 29 50 209 2505 4 44 65 5961 320 31 467 14 995 40 5886 4 1310 4 2506 14 90 565 4 3 2505 7 1081 5961 35 79022 5
3 5961 2505 33 142 34 26 3 1966 5806 7 320 2505 5
145 6347 16 3 9688 7 129 162 5
134 51 105 6 259 92 3 5961 2505 16 1978 49 1731 58 3 5806 7 5961 320 2505 5
659 129 282 2505 4 10 3 1740 1773 6854 87 27 45 2828 90 8365 19 3 5323 7 68 47 661 13 10 614 92 3 5961 2505 16 1978 4 44 93 17315 1506 29 45 1273 5
157 46 16 3 689 6905 7 129 1381 5
17 6684 80 8850 10 46 162 4286 97 9 8942 1506 14 3 1117 871 7 2505 7 9 5961 5
134 112 34 240 4 658 4 96 16 3 1951 7 3 221 7 5961 320 15 46 1117 871 5
145 144 26 3 1441 7 3 426 162 5
33194 142 26 220 21 9 4462 6 2258 3 2505 7 3 1081 5961 5
355 3 2505 164 7 70 2113 16 5775 153 90 84 5606 49 9 1456 7 3893 36 26 1146 5
145 84 5775 5606 36 3001 3 2505 7 3 1081 5961 8 142 3576 317 13096 3 1906 5806 7 1570 684 5
17 6582 650 1010 142 26 2173 538 2489 4309 6 2769 523 2506 290 7 91 142 3576 523 1117 2505 5
81 46 1381 80 4301 3 6582 4859 8 3 3536 4859 13 80 231 6 13012 46 84 2505 5
134 59 581 90 2190 522 14 2505 2855 4 114 523 5771 1547 6 6582 142 4722 5
17 939 7 46 1381 16 4393 21 3177 53 8941 341 4286 9 814 1339 7 5961 1442 601 10 970 7 6582 109 8941 459 4286 3 5141 7 6582 7410 4 150 9 4859 6 2258 3 1117 2505 13 142 26 2347 24 3 650 109 8941 503 4286 9 814 6652 7 102089 6582 650 109 8941 500 1708 2489 6200 10 47 46 601 142 26 220 10 1812 3472 6582 109 8 8941 708 4286 90 14615 2932 8 18784 14 426 601 5
17 4102 7 5961 1442 142 26 8181 119 6 1131 10 10381 352 4 114 23 18 115 9022 25 3 48 3010 4102 7 5961 3074 35 4 8716 33 5
66 18 96355 13 125 2113 2844 1714 14 2485 5149 4 23 2818 3 5961 1442 6681 14 185945 7 2377 5
8616 5961 1442 18 170 48 4567 4 92 34 48 1783 4 58 3 5806 7 8090 1681 24 2113 418 8118 5
145 6681 7 1442 18 74 3322 10 3 857 7 12214 3756 10 1131 15 7732 247 8 29280 5
5160 1131 25810 3 5961 6681 7 2578 3074 8 1442 4 7412 6 2780 91 6 6062 2506 4 26 23 2204 35 100745 4 2391 33 49 10051 35 4 4164 109 4 3824 33 5
81 290 267 3 2376 7 104 1906 14141 321 6 15705 48 1812 57866 1603 5
145 2697 1752 6 3 498 6300 7 5961 1442 4 47 142 27 45 282 1867 10 970 7 4756 7410 35 412630 323 169919 4 2391 33 53 614 131 4756 16 9 4859 7 3 164 7 70 2210 356 70 89 4 9 48 2190 540 4756 4859 16 9 4859 7 97 57 2210 164 22 9 837 1129 109 3 3316 7 5961 1442 3526 16 6 14391 131 4756 137 3 3656 3394 7 540 4756 7410 5
145 6300 8009 97 9 837 533 397 52 5961 1442 3 644 13 2505 220 24 131 4756 4859 142 26 146 1978 58 5806 7 2505 25 70 540 8152 5
33194 16 3 650 24 47 3 10028 2505 7 3 5961 142 26 2118 5
81 50 18831 6681 23 142 26 8181 119 6 1131 133 21 8 82477 35 6962 33 4 114 17315 2506 42 1622 6 384 32 596 7 2489 9345 522 5
66 18 1629 1589 24 13991 16842 6 4855 3 565 7 1913 9 521 234318 3472 543 15 13033 628 35 5055 4 5981 109 1503 4 6760 33 5
17 614 2104 18 226 3 8200 3472 5
66 16 3455 24 1913 3 5606 13 53300 3 5806 7 14561 6 70 29132 7 6582 5
17 610 16 543 15 3 644 13 10 57 61638 904 3 5606 29404 3 5806 7 14561 16 3 8200 7 3 29132 5
659 4855 46 565 35 4861 6 26 328942 572 14 2855 35 16891 323 4 3578 33 33 9 2726 7 27964 42 1273 4 150 10753 1217 35 1503 4 6760 33 4 143085 8 494198 35 5055 4 5981 33 5
17 8200 4644 18 3 1625 14 726 7 2489 3648 10 2505 891 4 150 4499 3695 35 20492 4 274 109 20492 4 1422 33 8 2505 6582 4309 35 4 1515 109 14879 323 4 2391 33 5
10206 176 7 601 962 10 46 1381 16 543 15 138 3174 8 10744 15 40 1625 5
81 1654 4 3 601 2209 10 46 1381 16 104 825 6 13 845 10 8 82477 35 6962 33 4 47 4939 3 8200 3472 21 825 6 129 137975 5
8802 601 15 6582 8887 10 2489 692 8 2333 5
931 1079 25 1009 162 15 234318 2855 35 117651 4 32867 4 323 24641 4 6833 33 8 185455 7100 35 4 4 323 15591 4 2560 33 4 6 255822 25940 35 51169 323 4 2560 33 8 628 8818 38916 35 27190 4 4 323 20492 4 2560 33 5
17 1009 601 10 3 74 352 16 463 6 3 644 13 1806 27964 31 34 205930 4213 8 3 380 2104 6 3 565 51 27 6 293 19 6582 7 1650 6294 35 2855 19 1267 7 33 5
8616 498 162 7301 15 1913 2506 3254 58 3 551 27964 4 2285 10 395088 49 27728 89 35 117651 12283 32330 4 6833 33 5
79 515 7 162 16 59 3181 1537 7623 2370 628 6582 4538 10 521 131 2673 5
79 528 176 7 46 601 8009 9 18423 1625 4 44 16 1967 15 3 2190 2673 23 16 2161 14 5
931 1079 25 18831 18243 35 90046 323 537411 4 7560 33 6 18831 1735 49 40 460857 35 12283 32330 4 2560 33 5
17 162 2209 10 46 1381 5234 6 1000 46 18423 1625 14 3 2333 601 4 21 166 21 581 3 102089 6582 4462 6 1297 66413 89 14 1806 4309 5
17 185455 7100 601 352 16 2374 463 6 3 644 13 3 460857 343 1978 10 19630 2333 5
17 27964 142 26 268 220 21 176 7 6582 650 14 628 8 2505 5
1203 1806 1443 31 38944 8 162 24 2172 15987 5772 13 31 268 16456 24 3 4650 5
145 2818 746 900 189 103 8 54 3 7100 16 2173 4 74 10 678 6 5237 3 284 8 153 6 1297 3 522 5
9457 601 4 297 461 4 3899 6 1297 46 650 24 150 9384 10 4831 2527 35 12283 32330 4 2560 33 5
17 352 7 255822 25940 16 2402 1547 6 185455 7100 10 50 4919 4860 4 44 7301 10 1978 176 15 2505 3898 58 15 2370 628 5
7525 2489 667 39 45 10455 8 206 25940 8 6582 27964 4447 4 44 87 31 149 2235 6 26 4417 35 323 4 6833 33 5
79 515 7 498 162 16 59 1967 15 2025 27964 4 463 6 1723 10119 7 6294 110 14518 35 51169 323 4 2560 33 4 21 166 21 2172 27964 1216 7 2516 11455 8 15596 90 392 6680 15 3 10777 7 3 665 35 23916 323 52200 4 590 33 5
255822 543 2506 22565 825 601 41154 31 477 554 21 9 1092 1537 1359 51423 6582 35 40161 4 4 323 32867 4 2076 33 5
187 31 59 83 6599 6 6582 4 538 523 4309 8 3648 5
35845 7 18150 4 7277 4 6794 4 8 47153 35 590 33 8850 9 22190 1217 6 2505 6582 8 231 18982 23763 27708 21 9 1625 14 46 650 5
81 4 4 8 35 6833 33 3 4888 1101 15 6652 8783 21 9 4462 14 18831 4 3350 8547 26828 8 6574 13746 14804 5
17 628 8818 38916 352 16 9 4185 47580 352 7 6582 5
44137 31 32 12048 1069 15 2489 18822 8 112 34 11193 10 40 2634 2981 5
79 4650 25692 6 3 10297 16 4129 10 9 614 185455 35 47 16 9 665 7 6582 33 4 44 6 581 32 1647 23 383 26 10778 119 6 6825 460857 4 9490 4 8 3 1647 383 26 5775 103 8409 23 6 3 4650 35 27190 12283 32330 4 2560 33 5
659 1297 10019 7 3 939 7 46 1381 4 80 36 74 4556 9 12630 916 7 90 104296 1273 10 129 767 601 5
999 15850 80 60121 9 197 7 6034 3364 3 785 3893 7 2505 3655 6 9 4097 521 131 5
17 3893 7 15850 71 3001 4 14 946 4 8783 10869 4 4703 5
48336 68806 3 7 15850 4 13 16 3 197 7 70 108791 7 15850 5
999 80 60121 3 197 7 70 11856 5606 108791 35 19 55537 33 7 197 15850 14 35 6517 16 3 197 7 1375 1051 33 4 8 879 8616 16 3 197 7 70 14510 3435 31276 108791 19 55537 7 197 15850 5
79 197 71 3001 3 2505 7 9 5961 114 290 5606 2464 2505 7 9 5961 771 5
11346 13 6219 16 9 41748 197 5
134 59 475 6219 9 5961 2505 3892 4 49 9 3892 10 814 5
11686 15850 71 3576 3893 47 31 13033 19 290 83 5
901 3893 31 13033 92 43 3001 67 684 7 2505 47 71 34 159 254 10 3 521 131 6 47 15850 9965 4 8255 5
79 197 16 226 13033 92 70 3 2505 684 3380 24 50 3893 71 34 159 254 10 3 521 131 6 47 15850 9965 4 8255 4 8 20721 16 8355 10 3 1065 13 120 3656 33498 7 20721 340 34 27 46 955 5
11686 16 226 4547 92 120 50 33498 16 34 13033 5
134 4753 13 148 3893 7 197 15850 9 3457 4859 71 26 4939 53 47 16 53 2778 4 79022 5
5
2778 58240 4 79022 5
92 4 8 2778 200066 4 79022 5
4 114 16 3 988 12634 7 521 1051 148 6494 8 249 5
69773 16 226 9 3457 904 5
17 6300 7 9 3457 4859 16 1216 7 3 2981 7 3893 7 15850 5
81 129 767 1131 80 27 4939 3457 7410 14 8783 10869 35 20492 4 274 109 20492 4 280 33 4 101035 35 20492 4 1422 33 4 1812 2855 35 323 20492 4 2076 109 323 20492 4 6833 33 5
8616 4859 5547 16 9 347 13377 5
104614 912 4 150 4 10 117 745 31 215 632 5
134 7673 3 6582 4859 21 3177 53 53798 249 999 32 6582 4859 10 904 80 475 9 4859 273 9 5961 3 871 16 226 3 2505 164 7 5961 6219 5
3062 60121 3 197 7 70 6582 7410 10 904 5
273 8 879 8 22027 80 7673 9 197 7 148317 14 2505 7410 5
53798 341 79 6582 4859 44931 3 137975 7 53 249 5
329234 35 25400 33 53 14 290 8 5
180110 35 51364 33 53 459 5
86026 45265 35 69678 33 53 14 290 4 114 5167 68806 3 5806 1315 14 41748 2757 5
100817 35 2403 33 53 14 290 5
231650 35 157325 33 53 14 120 5
249 459997 35 234134 33 53 208 6219 16 13033 153 14 120 5
341 459997 35 11956 33 53 208 6219 16 13033 153 14 120 5
135780 35 241563 33 53 208 6219 16 4547 153 5
148317 8 31 220 14 13033 1881 3101 4 13 16 14 133 10809 47 31 13033 5
931 148317 31 6682 10 4499 3695 35 20492 4 274 33 4 322 4939 10 9 12630 916 4 13 35023 129 454 601 5
364 7 177 533 5158 7 5961 2505 16 13 3 2505 7 9 5961 16 34 9 1966 5806 7 50 320 2505 5
238 9 177 1906 946 879 2106 1384 9 5961 14484 7 341 320 4 114 57 29 2505 8 3 169 1853 13 35 14 110 90 19393 33 5
1301 671 21 9 5961 40 2505 4286 8 45052 4 5
134 36 7673 9 4859 35 1013 3536 33 47 18020 3 1117 3893 15178 10 9 5961 5
273 3 996 946 80 1122 27 145 4859 29 3 508 5582 53 273 4286 2505 3893 47 71 26 48044 25 138 7880 6 6219 5
134 7673 3 508 912 14 4859 3536 53 249 5
273 120 53 145 1215 770 13 4859 3536 9965 97 6 3 1117 3893 5
273 120 53 118 3893 47 71 26 48044 25 6219 144 26 848 10 50 6582 35 33194 4859 38 29 45 4939 996 33 5
208 6219 16 13033 153 145 267 6409 6219 21 32 13033 3892 4 13 16 6219 16 9 3892 441 3 508 955 53 70 50 3893 71 34 159 254 8255 5
273 46 983 80 231 137975 49 14 17938 3893 25 6219 4 8 84 3893 71 1230 10 46 650 5
208 153 87 16 93 84 5606 5
208 153 5
66 16 32 20945 1215 4 13 16 92 3893 25 6219 71 34 26 5775 4 153 87 71 34 26 120 1117 1603 5
208 153 87 6848 133 13 5
145 1215 770 13 92 6219 340 34 27 1117 3893 4 153 6005 6219 24 12662 36 27 46 955 5
81 1407 4 46 770 13 92 9 5961 16 34 4051 4 153 23 2742 4051 54 1463 84 320 5
3062 286 1384 192 2763 10 970 7 3 391785 946 5
134 142 60121 4 3475 5
66 142 26 6453 13 5
208 90 6582 4859 38 51 1384 3 5806 7 2505 4 153 4 49 21 4216 996 8 5
3062 107 60121 4 14 47 4 44 5
273 334 628 4 13 16 65 9 5961 2505 3892 16 177 528 4 57 71 231 3 102089 6582 650 5
2758 650 16 543 15 13500 6219 76 1731 600 8 15750 6582 650 14 290 7 91 5
2927 4 3 6582 522 36 26 1804 21 9 84 3892 47 36 26 3 1441 6 9 84 6582 650 5
17 4644 71 26 5054 14 15441 926 7 6582 5
17 6582 4859 38 4939 10 156269 249 8 341 71 26 1804 21 249 653 6582 5
804 80 7673 102089 6582 650 5
67 653 6582 650 3062 26 9 5961 5
134 7673 3 341 653 6582 650 21 3177 5
2778 17299 249 5
382241 197 6219 6 600 5
2778 17299 341 5
76935 6582 14 192 600 5
2778 17299 459 5
76935 6582 14 6219 53 17 689 867 7 341 653 6582 650 16 543 15 74 95453 3 5961 6 1731 600 5
2927 57 144 11032 3893 14 290 182 8 1435 11032 3 522 7 6582 6589 14 192 600 5
3062 2106 1963 13 2757 1000 9 24065 7 197 6219 4 3847 16 14 8 5
17 508 148317 144 26 15251 14 341 653 6582 650 35 79022 5
14 4859 33 53 249 5
329234 53 341 5
54039 249 53 459 5
54039 341 53 17 74 137975 16 3081 121 92 70 5961 3893 31 8639 153 3 871 4859 38 14 290 182 16 3 216 5606 4 3847 3 871 7 59 144 26 3 216 5
137975 54039 249 16 8639 21 137975 180110 14 4859 11488 137975 54039 341 45453 13 92 3 7 70 600 31 3628 290 83 153 3 871 7 144 26 3 216 21 7 38 5
145 137975 16 3 8867 7 137975 54039 249 8 137975 180110 14 4859 38 5
41748 653 6582 650 17 867 14 102089 6582 650 16 48 614 6 3 341 653 650 5
17 67818 4644 8 6582 4859 31 7154 10 290 653 5
17 3354 7 290 653 16 9 84 3892 110 3 5806 7 6582 4859 2770 14 70 182 5
3062 26 9 5961 5
134 7673 3 15441 653 6582 650 21 3177 5
2778 17299 249 35 17442 249 33 5
382241 197 6219 6 600 5
2778 17299 341 35 17442 249 33 5
76935 6582 14 192 600 8 2172 3892 53 2778 17299 459 35 17442 341 33 5
382241 197 6 600 5
2778 17299 503 35 17442 341 33 5
76935 6582 14 192 600 8 2172 3892 53 2778 17299 12776 249 35 17442 15441 33 5
382241 197 6 600 5
2778 17299 12776 35 17442 15441 33 5
76935 6582 14 192 600 8 17444 3 380 6582 14 3892 6219 53 10052 21 14 341 653 650 4 3 508 148317 144 26 15251 14 15441 653 6582 650 35 79022 5
14 4859 33 53 249 5
329234 53 341 5
54039 249 53 459 5
54039 341 53 17 12406 14 192 148317 16 825 21 14 3 341 653 6582 650 5
364 7 3 6294 13 27 45 4729 10 970 7 6582 8116 8 5961 1442 16 1812 3472 35 323 20492 4 2076 33 5
81 46 2124 90 2794 522 31 2209 4 21 3677 6 2855 19 10921 2690 5
20590 3472 16 4939 21 4 114 12662 16 3 197 7 805 274365 3351 4 2567 18020 47 3351 7 27 47 13987 4 9485 16 3 197 7 10921 10 3 3472 4 8 5132 16 3 197 7 70 12029 10 3 3472 5
81 46 1381 80 1379 2763 13 4722 14 22340 1812 3472 4 13 16 19 57 274365 2125 8 837 17807 7 290 38105 9 4336 5
273 17635 7 66271 4 23 16 5892 13 290 274365 16 50 4336 5
8616 70 962 2763 59 4722 14 10921 2855 5
17 6582 4859 4939 10 8941 459 29 107 3 508 916 53 22027 4 9796 2855 36 26 18884 24 8 3 3354 3472 36 26 2824 21 5
134 142 59 7673 46 2485 10 3 508 152 53 53798 459 13963 6582 16 9 650 4 10 47 53 2778 3 9796 16 9 197 7 1812 2855 4 2778 3 3354 16 9 837 1812 3472 4 2778 9796 8 3354 2855 31 2195 24 9 197 7 3898 4939 24 6680 5
17 3316 7 6582 16 103415 10 970 7 6680 13 3 6582 4859 144 8922 15 9 392 653 5
3194 5702 14 38020 16 4939 21 3177 53 114 16 3 1415 7 46 38020 8 16 3 653 15 47 3 38020 144 26 6383 35 104 477 33 5
17 556 858 7 142 26 170 10 8 20492 35 2076 33 5
81 46 2124 97 5339 6680 36 26 220 5
353849 955 79 2190 267 7 89689 6582 962 10 8941 503 8887 14 3 38020 7 67612 5
469589 14 1812 2855 16 543 15 9 825 38020 14 614 185455 7100 5
1738 1415 142 26 4939 21 9 7488 7 3 221 7 25 9796 2855 10 3 5775 57 4 6 40 221 10 3 9796 2855 53 114 273 120 31660 114 67612 16 3628 6 249 4 57 142 59592 23 6 9 507 7 7553 84170 7 9906 5
17 665 7 3 89689 6582 650 36 27 67612 59 3628 6 249 4 44 3979 3472 142 27 523 2981 5
208 3 31660 12244 70 2855 12404 3 38020 4 153 3 3979 2757 36 26 8639 5
3062 4753 141 221 7 9796 2855 6517 35 825 14618 142 26 220 59 14 5295 426185 33 5
469589 3628 6 249 770 13 53 12502 54 6582 5
238 93 83 6680 31 1109 153 53 35 249 33 66 142 26 6453 13 14 2757 7 3 508 16 1359 53 6297 15 61826 35 249 33 3 5806 7 2757 16 3 197 7 13 31 3 665 7 6582 5
10052 4 197 16 3 197 7 10 5
12502 80 27 53 145 2228 3 508 66271 53 75 21 31 3 665 7 17938 9906 7 2855 4 153 53 9049 4 106 3 5806 7 16 4 153 6582 543 15 67612 16 59 5
353849 142 26 617 59 14 90 7 3 6680 10 3 182 4 19 3 216 1963 52 3 665 5
16 4939 21 9 38020 9365 3 1646 7 3 3354 3472 10 7488 6 3 9796 2855 4 24 9 221 7 537 1170 5
79 1906 1415 7 274365 221 10 3 3472 16 57 7 3 104 2370 1603 53 11649 6 3 267 7 67612 4 9 14618 13 2228 47246 36 26 1595 14 3 141 221 7 29132 5
10 46 19962 36 97 26 3628 6 249 4 92 53 70797 13 3 665 7 17938 67 2855 29 9 7 5
238 38020 16 943 4 153 53 11649 955 8887 14 83 9906 7 2855 5
766 138 28988 5806 55 6 3 508 53 208 3 2855 31 5775 4 3 665 16 90 3472 5
17 197 7 7 46 3472 16 5
21669 53 22012 3 767 15728 46 770 13 3 508 16 1359 53 980 36472 4 3 508 16 1359 53 12502 4 38020 16 943 4 44 8 142 34 26 3 216 2855 5
52194 148 6680 81 129 767 601 4 3 2673 7 2785 1046 10 2855 29 45 1109 10 970 7 6582 6680 5
79 48015 31660 13 142 3001 1029 4309 18 2209 8 268 10637 10 8 20492 35 2560 33 5
631 2489 4888 1101 15 27708 7 27964 4 3 3316 7 6582 840 8639 70 2785 6950 25 3 9796 2855 383 816 537 10 3 5775 3472 5
999 15826 3 31660 23 18 537 6 2258 2770 8 8026 15 83 6582 6680 5
8616 4 1117 1896 7 3 650 142 26 962 5
22027 4 6652 7 9409 3 7488 148 2785 67612 38020 8 67612 38020 25 8941 13000 65 17938 67 2855 16 2209 5
17 2785 67612 38020 1170 3 221 7 11023 35 1204 10 6808 8 2428 10 2690 33 25 3 9796 2855 13 816 10 3 5775 3472 53 114 2778 16 9 2785 4 16 3 211736 5606 7 2785 9421 4 2778 16 3 197 7 70 11023 10 3116 4 2778 16 9 1415 7 2785 49 7553 2785 4385 10 13 16 104 825 6 9421 4 8 4108 53 2778 4 2778 5
17 67612 38020 14 18 4939 10 8941 13000 5
17 48015 6582 31660 1967 15 1947 70 11023 16 2209 21 3177 53 238487 249 5
23985 469589 238487 84181 53 79 197 7 9796 2855 37442 53 79 837 3354 3472 207063 33382 197 3280 7 70 11023 10 9796 2855 5
33382 3 3354 3472 14484 7 9 6951 2785 9421 25 7104 110492 13 9421 25 7104 125 112 13088 6951 2785 24880 25 7104 2179 25 9 274365 13 16 8639 6 3 6808 7 29451 2458 15 24880 6 2458 693 10 4 1204 25 3 6808 4 285 9 17693 274365 49 194 7 2785 5
8940 3 939 7 2785 24880 21 7 3 73 1029 274365 49 24880 8 5
1248 92 74 274365 7 24880 8887 10 120 254 10 153 8940 3 939 7 2785 24880 21 7 13 274365 5
1248 8940 3 1081 2785 24880 21 9 7 2106 6808 5
194 92 194 92 110492 24880 25 7104 194 125 17624 3 3354 3472 5
65547 3062 2990 3001 3 197 7 70 537 7005 35 14 17635 2990 16 9 1375 221 33 4 26 3 221 7 70 7005 220 10 9796 2855 4 8 26 3 221 7 30864 10 290 9796 3472 4 8 26 3 221 7 2690 10 290 3472 35 1963 13 221 7 11023 16 3628 6 3 221 7 2690 33 5
17 508 28988 4722 53 35 341 33 35 459 33 17 13300 13 9 392 4336 36 4722 15 9 392 827 10 3 3472 16 35 10 614 267 33 5
238 6582 27964 112 34 1753 84 92 8639 1603 277 4447 4 153 67612 142 26 7154 21 53 435 8586 80 27 53 1655 3 2763 7 3 3472 35 341 33 8 35 459 33 46 142 26 454 2209 21 53 2437 48 1122 53 145 14392 142 26 107 220 6 2258 3 1308 871 7 3 38020 5
238 3 221 7 1029 3893 10 5775 2855 142 7702 35 46 142 59 26 7154 33 4 97 3 22340 267 36 26 2209 322 5
81 3 946 4 879 35 97 3 6808 16 1029 10 3 6582 650 33 5
1301 3 4416 11763 14 3 38020 16 53 145 871 1056 9 177 1574 267 4 44 825 14618 142 26 220 6 2258 8026 10 745 4 114 87 31 48 1029 3893 10 2855 5
473 317 52 13300 7 5606 25310 15778 4 23 16 537 6 7673 3 8026 10 3 614 267 5
1498 129 601 35 323 20492 4 2560 33 80 27 2173 29182 7 6582 650 14 46 2190 983 5
55766 522 7 46 601 31 1595 10 20498 249 5
145 522 31 496 3 8026 2118 24 19816 770 5
20498 249 5
73239 7 2785 543 6582 969 15 83 6680 5
3116 221 7 2855 4 6517 141731 5
221 7 30864 10 3472 4 2990 1079 7 537 7005 5
74951 4 4 4 4 4 4 71674 67612 65981 60220 50311 20935 67612 52445 59133 59133 23985 67612 249 249 249 11649 14618 142 26 220 6 384 1682 148 83 6582 6680 5
65517 2506 17 249 459997 38020 16 9 1415 7 3 249 459997 137975 14 4499 1273 10 8941 459 5
66 142 26 4939 21 3 7488 7 3 5806 7 14561 148 3 2104 170 24 3 6582 31660 8 3 9796 2855 6 3 216 5806 14 3 282 537 2104 5
145 38020 16 4939 21 3177 53 81 9 614 267 1913 3 282 35 33 2104 14 2855 16 9 1812 2485 4 44 10 2190 745 19816 2506 4447 5
70797 13 3 2981 7 70 9796 2855 16 8639 8 97 7005 5697 25 290 83 5
273 17635 28579 7005 10 36 26 220 5
17 508 3457 1415 36 26 220 53 114 8 31 2855 4 16 3 4336 871 14 38105 8033 10 3472 16 3 5719 7 3 38105 10 3 3472 8 16 90 96734 10 5
17 508 14618 2697 6 19816 2104 14 46 267 5
60121 3 8355 5806 7 14561 392 24 3 282 2104 6 21 53 114 16 3 197 7 70 9796 10809 5
6297 15 3 6300 7 3 3457 1415 46 16 3628 6 53 364 142 5199 3 42254 25 3 3033 4 21 23 16 4599 53 6876 4 463 6 3 8639 2981 7 70 2855 4 3 8085 31 4 3475 53 10526 4 21 3 14561 10 290 38105 31 1216 25 290 83 4 57 142 2821 57 7 3 8085 25 3 3033 53 6297 15 46 14392 80 142 7336 4 13 3 2104 14 142 26 7154 8610 14 290 38105 5
238 46 16 1842 6 57 15209 234324 3457 4 3 2104 14 16 1913 3 8200 7 3 2770 4 21 1595 10 20492 35 1422 33 5
11649 14618 142 26 220 10 307 83 745 6 384 19816 2506 6 2190 544 13 31 10 614 267 205930 1812 5
215492 7 6582 6680 1471 182 7 2000 13 142 26 1658 65 17938 1812 2855 16 3 644 4 13 34 70 3899 142 26 3439 8255 5
145 2659 463 6 1087 6680 110 13033 5
622 946 7 133 983 8887 14 2855 19 8639 7 4 114 22 248 57 38105 10 32 9796 3472 29 9 523 3178 58 30 30432 10 83 2855 5
81 133 2855 3 13033 6680 31 12398 8 1322 67612 97 57 7 91 71 26 6383 1816 5
17 1322 67612 38020 16 825 6 67612 962 10 8941 13000 4 44 22462 3 221 7 12029 25 9796 2855 13 816 10 3 3354 3472 8 3899 6 3001 70 3 12029 10 3 665 5
17 12398 38020 1170 3 14006 10 3 3354 3472 5
81 50 22340 916 23 142 26 7154 21 53 3062 67 2855 8 27 3 2981 962 996 5
17 1884 148 3 2855 142 26 962 21 53 114 16 9 3178 7 2636 10 3472 8 3298 16 3 3178 7 2636 10 3472 5
20216 1322 67612 3628 6 249 4 3 508 16 1359 53 35 4286 70 12029 25 8 33 5
238 3 5775 2981 16 9 1812 3472 35 9 29540 19 12453 15 3 221 7 10 12029 33 4 153 383 3576 22 248 67 4647 7 2636 5
17 9796 2855 8 290 3576 9 837 274365 2636 4 95 25 5806 383 3576 97 57 3099 7 2636 5
12502 4 47 770 13 12398 16 1731 58 249 5
349 3 83 881 4 92 12398 16 3628 6 249 153 25 50 6300 5
238 9796 2855 27 3 216 4 153 25 3695 92 8 290 27 97 480 3099 7 2636 153 71 97 27 57 3099 7 2636 5
13166 6 110 9 3472 4 2636 71 27 97 9 837 10 2452 1537 50 3178 4 883 49 5
145 770 13 4 47 10 786 770 13 1322 67612 16 1731 58 249 5
81 46 1181 80 1588 9 17315 1506 7 6582 4 189 15 3 614 653 8 14 9 392 2505 2981 5
134 189 55741 129 767 162 8 581 84 533 3648 14 426 601 5
81 46 4 129 601 16 825 6 13 2173 24 12283 3462 5
35 6833 33 49 8 82477 35 6962 33 5
81 3 172 4 3 4888 231 46986 8783 14 18831 8547 26828 8 193878 5
1549 4 129 1217 15 614 653 2527 197 3695 4 44 14 2190 6294 83 3648 142 26 220 5
81 46 4 3 1506 1273 10 12283 3462 5
35 6833 33 142 26 2093 4902 6 9 2190 267 7 129 1506 5
349 3 83 881 3 17315 1506 1273 10 8 82477 35 6962 33 8 268 12630 24 461 16 9 3349 1625 15 47 129 601 18 1148 5
81 23 3 4888 1919 18831 628 6294 24 770 7 27708 19 912 5
2569 4 27708 19 912 16 57 7 1225 7 9409 3 4499 5
17 1273 3536 4859 16 907 533 14 6293 68469 35 600 7 1149 33 4 14 946 10 970 7 50 10982 49 7139 5
17 3536 4859 36 59 26 220 10 129 426 601 4 21 962 1298 5
17 102089 6582 1273 10 46 1381 86 26 3677 6 2489 27964 220 14 6582 10 5238 2333 5
17 614 6300 16 9 74 1092 1537 4032 46 601 352 5
17 689 1653 7 102089 6582 16 3 2177 7 3096 3 66413 89 14 1812 27964 5
17 73 2209 176 7 129 601 16 8520 15 7623 3 767 1172 7 3 1381 6 6582 7 259058 10032 628 5
134 112 34 7309 15 6582 2485 49 6582 6680 24648 4 47 42 1816 3297 10 129 767 162 35 323 20492 4 2076 33 4 44 1101 15 2763 7 3 6582 650 8 27964 5
145 176 7 129 601 142 26 1804 21 9 4102 1827 22 1723 3 8953 7 317982 11948 8 20503 628 25 2489 1543 5
145 142 26 220 10 189 5536 8 317 1443 5
145 1181 7301 15 589 9 17315 1506 7 6582 5
631 46 176 7 3 601 16 1332 4 23 16 59 9 1731 176 7 9 1978 1506 7 5961 1442 5
364 142 1963 13 83 2520 142 26 1273 6 4301 3 492 7 6582 4859 8 1117 2505 2347 154 6582 4 21 166 21 184 1217 6 102089 6582 5
238 83 2520 142 2148 7156 4 46 840 9 537 4938 7 3 2209 601 5
13166 6 46 2916 80 3316 6 2601 46 601 4 10 146 176 24 7623 3 1506 6 307 5238 5771 5
76935 3 4499 7 5886 7 307 1149 16 32 551 565 13 29 2489 537 2506 5
17 565 13 18 34 1109 16 3 19547 221 7 1149 5
17 1029 9513 16 13 3 48 1149 87 31 4 3 333 3 4499 5
81 129 426 601 80 3316 6 5518 46 9513 5
1563 19379 16 13 87 6848 133 9 221 7 1149 14 290 492 49 2125 7 492 4 13 1463 184 2516 6 3 182 1708 287 1117 2505 35 2118 24 3 3536 4859 2994 10 46 1381 33 58 3 470 7 46 2516 5323 5
208 46 19379 16 4861 4 80 142 153 2258 3 19547 221 7 1149 14 3 392 492 35 2125 7 492 33 5
134 31 1001 11134 19 189 855 1638 8 3285 6 1384 46 565 10 521 131 2333 5
79 1547 492 16 9409 3 10982 7 9 5961 35 1175 6 3855 1117 2505 33 5
11394 601 842 13 3 48 73929 3 5961 16 4 3 2211 3 6582 665 16 6 3 521 164 7 2505 5
17 216 142 26 3677 6 1117 2505 4209 24 3672 7 3 5961 320 5
134 142 231 3 4538 962 10 46 1381 6 6786 523 600 10 970 7 3 3536 4859 5
1563 4176 19379 16 13 3 11975 7 3 5961 12467 3 3536 4859 5
6876 601 142 240 92 23 16 537 6 31710 133 9 5961 13 77180 46 4859 5
1471 492 80 1384 10 7488 6 46 601 16 3 650 7 2175 8 2505 44040 10 600 5
17 689 6681 7 46 492 16 6 26 1303 61 24 855 1638 5
6297 15 40 11537 4 80 256 6 231 3 1217 6 6582 8116 2209 10 46 1381 6 1506 3112 5158 7 182 3063 5
145 601 19208 142 26 59 2311 7900 24 3 67 1321 962 5
520 4176 601 53259 14 46 601 4 4216 24 855 1638 4 31 21 3177 53 19 1723 89 7 182 4440 3 10291 7 87229 19348 16 1723 35 3 5961 2742 287 4051 33 109 2699 27647 10 3 1868 7 855 678 3117 825 68 6 231 1029 25429 19348 35 55692 600 27 1842 551954 7 1109 492 33 5
2569 628 4242 4309 144 26 177 4116 35 3751 4 82037 4 323 5241 4 7560 33 5
81 129 426 601 4 80 36 59 231 46 1506 14 255822 18831 10 32 317 284 2161 6 25450 6589 10 3977 291 5
66 18 6453 13 3 15421 7 544 6 26 30512 14 307 291 13 27 825 5257 2520 31 177 825 35 171463 5
4242 136 538 5445 6 1097 7473 6 162 8 264 3977 136 1261 212 6 309 33 5
238 3 2505 2981 220 16 32 255822 4 23 16 537 6 231 255822 18831 4538 10978 25 601 2209 10 46 1381 5
79 1029 255822 142 153 26 220 6 1753 8 25450 6589 10 1117 291 5
134 31 1001 11134 19 72 9 2107 523 3977 291 6 5507 133 284 5