966 4538 27 45 1273 14 510 552 3490 4 25 11245 2520 6 7732 1442 4309 5
1498 3 73 265 85 4 523 6599 6 303777 36278 27 3639 45 3677 6 510 2620 544 4 11260 6 26 48 5050 58 837 10900 2520 5
527 4 23 16 149 9 813 96 1084 536044 144 26 4723 10 290 12516 10 678 6 2769 3 1391 773 5
24106 4 3 1379 1381 34298 3 773 7 550 1570 10900 4538 65 220 21 320 7 218 523 12516 4309 5
17 5215 3316 7 46 542 16 6 1919 3206 536044 14 290 12516 1217 10 3 5114 7 510 2620 5
17 9345 522 8 11245 1665 240 13 3 421 3472 14819 3 282 2104 14 104 12516 4309 4 2402 979 24 3 156936 32542 992 8 67929 56018 4 8417 3 8668 8781 8 3 13306 120540 536044 1230 6 26 2537 3 1207 5
17 308 131 229 504 29 24351 1723 1164 7 495 8 229 1938 15 510 552 5
17 689 565 624 25 3 5093 6 12681 3 47079 7825 25 138 37 36 849 4768 15 13518 5
17 421 6 4074 510 6 32 19826 18 5228 543 1918 23125 14753 115 24 746 1149 4 538 271 4485 8 90 13663 4860 5
9524 1407 18 6 1384 3 3501 218 3298 2106 7 510 53 2163 4 2168 4 455 4 9618 8 912 35 27679 323 10141 4 274 33 5
145 5018 9043 4 658 4 25 272 928 569 4 5005 12340 1866 4 8 13033 1866 115 24 523 1149 14 3 216 2673 5
931 13753 27 420 6 9 828 10 48 3142 8 5050 4309 6 5548 3 552 7 4768 5
81 46 5114 4 510 2620 8 25327 2620 27 343 1325 3648 14 229 1938 6 8612 510 552 4 1297 780 3154 4 1128 537 1643 8 132 15978 1866 35 1522 4 31249 4 323 43645 4 1422 33 5
51253 148 510 2620 8 25327 2620 16 13 3 172 7301 15 1866 3136 84 7825 14 510 4 8417 3 4991 9965 6 3726 8 7678 3 11269 3225 7 1806 4030 5
4828 2620 16 4363 9 197 7 4538 13 185 2956 1865 289 49 34 6 4074 510 6 7825 5
17 3316 7 510 2620 2520 16 6 21658 148 206 8 788 1121 4 4808 15 143 338 7825 31 6 4768 19 40 13518 5
13751 19 3 1510 23125 4309 4 510 2620 2520 1379 90 9063 35 15769 323 545090 4 3578 109 1522 12283 32330 4 1422 33 53 35 4114 33 43 31 4162 6 2120 8 3270 109 35 25547 33 43 132 3254 510 1866 109 35 31883 33 43 581 4547 4284 543 15 6905 317 4 3847 8547 746 34710 8 24858 109 35 40378 33 893 10 534 310 71 2093 26 11828 76 3 284 109 8 35 8033 33 3 773 7 3 510 2620 1506 71 26 8179 4 8181 4 8 5210 22 120 89 5
1655 3 22744 4249 6 510 2620 10 3 22623 1381 24 22233 35 6973 33 4 117 83 4525 27 45 6229 1273 10 3 6854 5
17 104 8176 6599 6 510 2620 31 543 15 11245 8 17315 5979 2520 4 133 21 27728 8 210979 2376 4 27728 8 67929 56018 4 234675 33855 56018 4 49569 2614 2520 4 8 27728 8 210979 5979 5
527 4 54 3 17130 2453 4284 1200 24 3 17130 1142 15 6729 26082 10 911 4 229 1938 27 1272 6 231 48 1812 510 2620 2520 10 678 14 14426 3 3961 7 455 13324 5
81 308 85 4 117 2062 27 4964 13 7732 1442 4538 35 421 2855 4 7732 32542 2642 4 270 60401 4081 4 13991 8116 33 71 26 3639 220 14 510 8557 35 18370 323 18409 4 2560 109 18150 4 7744 4 18409 4 7744 4 323 12825 4 911 109 18150 4 7744 4 323 6794 4 359 109 30420 323 495672 4 280 109 48568 12283 32330 4 590 109 61880 4 18150 4 323 4 744 33 5
81 2906 6 3 11245 2520 4 3 7732 1442 4309 112 34 4753 120 2190 2543 2505 4 44 5998 10775 317 25 271 11537 5
1113 767 2062 7336 13 7732 1442 4538 31 7156 6 1510 11245 2520 4 87 16 93 1308 282 5018 14 2957 19 510 2620 544 5
145 16 57 7 3 689 1809 524 87 6848 32 1723 518 10 3 231 7 303777 36278 5
1203 7 192 1131 27 4964 13 3 12516 1217 12134 333 58 837 536044 65 3677 6 510 2620 35 323 4 359 109 38966 323 7744 4 280 109 499005 4 590 109 6794 4 51757 4 9413 4 323 16964 4 2076 109 466 4 4 323 53236 4 744 33 5
1504 3 1531 10 46 601 857 4 307 952 149 816 526 8 144 26 4605 10 678 6 1816 1445 3 912 163 47 3 303777 36278 71 1297 3 1506 773 5
9601 192 14048 76 1250 4 3 1379 1381 16285 3 231 7 550 6682 536044 19 218 1783 12516 4309 5
17 3316 7 46 542 16 6 384 61 96 1570 2520 31 6943 14 290 12516 1264 10 3 352 7 510 2620 5
659 46 194 4 307 8365 15 288 521 510 628 2757 31 1303 61 8 3 522 31 18460 14 17281 964 3272 24 770 7 12051 8 1270 26787 1665 5
100234 4 3 1381 16 4393 21 3177 5
8941 341 1929 9 2941 20071 7 3 303777 12516 6599 220 10 46 542 5
8941 459 5181 3 16443 7 3 8365 1303 61 5
8941 503 15682 3 9345 522 5
5583 4 8941 500 2932 3 689 2334 8 15682 426 601 8249 5
79 303777 12516 35 59 3876 6 21 1111 7 31633 4 8087 7 1149 4 2489 303777 284 33 9286 7 9 197 7 13507 3559 536044 35 1084 536044 33 446 1866 31 2164 10 90 152 4 3054 24 16036 49 180443 2133 4 65 48975 84 6200 35 4 2804 109 4 911 33 5
66 29 45 170 13 10 104 745 3 36278 1657 48 5050 7736 58 3 1084 536044 13 132 91 55 35 4 2773 33 5
11079 4 14 32 12516 6 2769 146 333 83538 7453 58 50 320 4 23 16 1568 13 3 12516 9286 7 1695 5050 1084 536044 446 1866 31 21 5471 21 537 35 151222 323 6794 4 359 109 323 21922 4 1095 33 5
81 11245 5195 4355 4 9 528 221 7 4309 27 45 1589 14 3 1444 7 36278 13 71 26 3677 6 120 1084 303777 5
81 3 508 7268 4 3 12516 6599 4279 14 46 542 31 4241 962 5
253947 81 50 2029 916 4 3 47449 35 187384 437926 33 31660 35 4 3495 33 6268 2990 187384 5036 91869 4 96133 4 4 4912 14027 2682 35 19 3780 33 25 3 1494 928 197 3116 7 1646 523110 3194 187384 5907 79036 7 1646 9424 16 153 220 6 1649 9 1084 303777 483275 5
65815 15 84 11537 31 115 24 427 3 1045 505 7 3 12516 1148 25 35353 4 50624 4 4 96471 5
238 47449 3 928 197 19 3780 4 90 9584 142 26 3380 2489 400 125 461 142 26 203 61 5
1249 290 12516 771 16 34 3509 6 3 216 197 7 9584 4 43 31 523 25 290 83 5
999 2133 3 7736 7 290 7 192 536044 4 47449 4763 6 1128 3 3768 463 6 48517 7 3 1084 303777 5
62720 11649 6 47449 4 7106 59 6268 32 12516 7 536044 24 3 1494 628 197 4 47 31 153 2164 24 1045 2133 5
527 4 10 7106 4 16 3181 6 581 3 104 25746 928 628 14 290 2458 303777 5
17 35 65179 62720 33 31660 1273 24 88050 8 35 3495 33 14819 3 282 424 771 10 7106 234 5
66 12244 9 9149 7 1084 536044 35353 4 50624 4 4 96471 24 538 6275 187384 5036 91869 4 96133 4 4 4912 13 31 3455 24 29784 3 928 9584 10 2990 61652 5
2337 48692 3628 17509 6 70 928 9584 8 10 290 43241 4 23 35412 192 17509 543 15 3 488124 115 24 3 3979 1084 303777 5
8616 4 9584 141804 24 1506 31 48 338 6 1230 10 3 161 187384 5907 79036 5
17 380 421 16 153 3455 137 9 16036 505 7 3 1084 536044 35 3 2059 60385 7 290 303777 483275 16 43420 232 6 50 773 15 3 16036 5907 79036 23 18 3559 15 33 5
23333 17 6951 5018 16 32 12516 1444 5533 1273 24 14721 35 2804 33 4 10 47 3 1084 536044 35353 4 50624 4 4 96471 31 3559 15 628 2757 91869 4 96133 4 4 4912 9168 19 9 392 5084 9273 7 13987 2142 14027 25 3 1494 197 7 2000 5350 17 55906 7 3 2520 31 153 2164 4 1618 24 9 1906 1045 2133 1488 5
145 5018 142 1497 25 538 6951 14 189 21025 8 62490 3 536044 5
355 3 628 197 29 117 12689 13987 4 57 142 4498 333 536044 10 6951 58 10 3 1494 2419 904 5
17 2164 421 7 133 536044 142 26 7156 6 9 837 303777 9168 15 3 1494 928 628 197 10 3 1332 2419 904 5
349 3 83 881 4 65 3 221 7 928 745 16 2086 396 677 19 3 628 551954 4 24 21025 536044 10 6951 57 142 4855 3 396 5907 1646 565 5
28612 32972 8 32606 35 744 33 2042 9 84 12516 1217 226 28612 35 102055 33697 33935 24 337754 342123 7 49474 12266 34417 33 4 47 2527 32 1806 42136 6 1088 32 1783 5471 1111 10 32 140746 4230 5
332 290 43241 4 90 7732 9584 31 14027 4209 8 2164 19 3 1494 928 628 3116 10 678 6 1088 9 84 12516 771 483275 5
17 7005 14 192 16699 4209 928 9584 31 3112 95 21 6 5697 149274 25 3 498 12516 7736 4 9834 1723 7139 65 9 84 303777 16 3559 15 3 30485 628 8 304 6 3 12516 5
631 3518 7139 4 23 16 149 537 6 2384 928 8958 24 10505 9 84 303777 92 18166 23 76 3 1806 12516 17094 50 773 5
143084 4895 143084 4895 35 3733 4 4 323 8389 4 502 33 9965 6 9 5533 6 3855 32 12516 7 536044 4 10 47 290 1084 303777 16 3559 19 9 523 197 7 16277 13987 5
17 689 191244 16 6 2780 2419 21946 8 6 6229 29390 9 556 17807 197 14 290 303777 10 3 12516 5
659 46 194 4 3 2419 197 7168 16 14027 2714 76 9273 108791 4 3610 6825 2376 35 48694 33 16 336 8118 15 290 33498 4 8 9 84 197 7 27728 16277 13987 16 9168 24 39743 70 3610 5937 5
17 628 16 6740 180305 76 3 84 2419 904 5
303777 483275 16 3559 19 46 628 197 5
23620 19918 7 3 2419 197 36 321 6 523 16277 2000 4 9834 6737 6 3 7139 2042 24 3 187384 12540 5
17 3316 7 3 8365 322 1303 61 16 6 21867 3 773 7 218 12516 4309 8 3617 6 96 3525 3 3225 7 290 5533 16 1768 24 3 1084 303777 5
17 12516 6599 322 220 31 138 962 10 8941 341 53 47449 4 4 6951 4 28612 8 10235 4895 5
17 1084 536044 10 290 7 192 36278 35471 6 550 6682 2520 6943 14 510 2620 53 249 8668 8781 35 249 523106 33 4 13306 120540 303777 35 2660 33 4 67929 56018 35 33 4 156936 35 106153 33 8 70865 1625 4859 35 33 32542 2642 4 270 60401 2953 35 187305 33 19 9 27728 54861 4 8 421 3472 5
81 676 4 80 27 18460 3 773 7 1596 303777 36278 14 307 510 2620 2333 5
766 536044 27 45 6227 538 3 1566 35 1999 12283 32330 4 280 33 4 47 16 9 334 2137 7 11245 8 2953 2854 27964 14 445498 4 19372 8 56018 10 628 4242 544 5
59605 96734 2770 10 27 45 220 14 3 1084 536044 4 47 16 9 1029 1407 10 6854 5
62856 7 3 9345 14431 3516 19630 510 628 2757 27 45 351 6 6786 3 773 7 3 10235 7228 19 83 303777 36278 5
17 103072 1684 4 1178 8 1480 628 2757 31 25 3 22930 17112 12586 37354 125008 35 2158 53 33 5
17 75335 628 197 42540 6 9 1842 1185 7 9 5536 220 10 3 359 7337 16714 23992 4393 24 3 430 7 609 830 2747 8 6246 16031 2771 5
17 1826 628 197 624 25 9 13652 6 9 1521 3023 5536 7 9 396 540 419 10 513 35 4 4 323 4 359 33 5
17 5371 628 197 4286 2328 317 7 4728 291 2236 72 9 4777 566 35 4 274 33 5
20498 249 576 9 10028 7 3 689 10777 7 192 61715 628 2757 5
20498 249 5
520 10777 7 3 628 2757 220 10 3 8365 5
7337 197 5527 326407 5527 3589 5527 9251 1684 685 36747 54396 1178 889 3765 1992 1480 409 40104 53634 1826 1173 22044 575 5371 306 17404 14715 75335 2918 73199 35922 9073 5
33962 10319 17 2029 152 6 5548 510 2620 1443 16 6 8245 9 32044 5907 121 528 2757 7 271 7825 31 1618 558 5
527 4 87 31 5771 10 47 628 31 215 1574 6 1088 32 5050 37708 8 3475 4 83 5310 27 6 26 3677 10 678 6 4498 9 206 2882 7 3 19372 773 5
17 104 1029 152 180 46 42540 6 2858 25017 35 1522 12283 32330 4 1422 4 13822 5
700 33 5
24106 4 9 507507 2858 25017 5018 29 45 3322 14 3 1379 8365 53 290 1494 628 197 29 45 14027 3868 76 218 89401 1172 7 3628 35 49 2429 3628 33 1646 5
273 290 13091 4 179 4483 27 45 32397 21 3 928 628 4 8 3 1652 176 29 45 4723 21 32 1216 960 197 5
6459 4 2752 55537 27 45 336 14 290 794 5
17 522 25 48975 3 960 5036 27 45 7074 356 3 575 1002 8 153 12354 14 964 3272 148 2520 538 3 12051 8 1665 22 7444 926 7 3082 27063 8 3082 33783 5
29756 6680 3260 773 8557 6680 10 3 3547 7 510 2620 539 8958 4 3768 489 4 119335 85612 4 19114 4 1153 26327 3768 4 352 163 3 102187 11963 4 8 2125 4114 8 2125 25547 5464 35 111347 323 212527 4 2076 109 21045 4 744 109 1522 12283 32330 4 1422 109 7277 4 6794 4 37179 4 323 10141 4 911 33 5
273 9 160072 565 4 104 7 192 23491 71 26 2093 10978 25 9 341 98236 341 6498 40056 21 13 392 10 20498 341 4 114 290 2606 35 4114 4 72539 33 4286 3 221 7 7736 5
20498 341 5
56360 40056 14 9 510 2620 565 5
143284 21 206 143284 21 788 3589 19826 9 8862 9251 19826 8258 5547 1203 7 510 2620 2333 477 19491 3 8958 489 35 59 226 1846 7 1852 33 21 3 38020 14 773 8557 5
66 2464 3 5084 7 3 9109 6401 745 35 189 206 8 788 7825 33 15 9 1654 628 197 4 8 71 26 4352 4939 21 3177 53 527 4 3 8958 18840 3 523 470 7 189 3768 3351 35 788 7825 110 2655 21 206 4 49 1797 22206 33 5
145 16 3 1033 524 23 2742 907 2794 6 1415 3 3768 15 290 1570 1427 24 538 3 2125 4114 8 2125 25547 5464 5
2125 4114 3768 35 49 2917 33 16 3 489 7 788 7825 110 40345 21 206 5
355 46 2659 4 3 141804 788 7825 36 343 4768 5
12502 4 92 3 510 12003 534 7 9 229 4689 16 215 5716 4 46 36 26 3509 6 272 510 552 5
2125 25547 3768 35 49 551191 33 15103 3 489 7 206 7825 110 2655 21 788 5
355 46 2659 4 3 141804 206 7825 31 1499 8 3475 4 3 229 4689 29 1251 470 1022 24 3 637 7 206 834 5
238 4216 24 436645 4 22233 4 83313 4 8 91475 35 274 33 4 3 165644 569 2442 19 2125 4114 5464 31 3054 146 568 58 138 2442 19 2125 25547 5464 5
40013 7444 1665 15203 4 3 104 1029 152 6 6786 67 49 48 536044 72 1678 628 2757 16 3 12016 2106 14077 9575 960 4 47 4003 289 3 596 1884 10 40 773 72 3 628 2757 16 2537 523 25 4568 5
527 4 46 1464 6 26 72143 7128 8 17281 11502 106 182439 1665 31 543 15 9 2726 7 7417 35 29311 4 528 221 7 628 2757 4 96345 7 48517 33 13 31 477 5617 463 6 3 2129 7 3 544 35 4 502 109 4 32611 4 4 323 26717 4 590 33 5
81 614 4 3 14510 182439 1665 35 17905 4 8 12051 1665 33 144 26 4020 72 3 182439 1603 106 43 112 34 4753 1966 23033 49 96345 7 48517 5
81 46 162 4 80 27 3322 3 12051 960 6 6786 3 773 23491 7 3 4309 5559 356 3 628 2757 5
17 12051 960 16 543 15 3 596 4041 3800 7 9 2137 7 4538 15 290 628 197 8118 5
17 12051 19114 16 5146 232 6 3 48426 2842 3201 19 9273 115998 249 3964 7 2558 4 65 6517 35 221 7 628 2757 33 8 9273 35 221 7 27964 33 31 334 385 5
17 55833 19379 110 2870 16 13 70 5310 31 3267 8 3 6453 3272 31 4028 6951 5
17 689 30046 7 3 12051 8 83 1547 1665 16 13 43 97 71 7367 964 3272 72 3 1081 197 7 10602 4 44 43 71 34 6786 9 532 5533 19 3 9273 115998 249 1652 27964 5
208 3 55833 19379 7 3 12051 960 16 1830 4 80 71 153 6899 19 9 1270 26787 960 10 678 6 384 3 1654 10602 13 1657 964 3272 5
273 946 4 3 960 71 26 220 65 70 536044 31 677 19 9 532 1506 35 4 502 33 5
17 960 684 13 3 3800 7 67 49 48 27964 31 2537 523 92 40 596 4058 5697 24 22 248 3 1568 1884 4 47 16 392 24 114 3 871 4 4 9273 16 543 15 3 1079 19114 3868 24 5
1113 3 3644 7 46 1381 16 34 6 8612 3 773 7 3 1084 536044 4 20498 459 576 3 8958 489 8 3 596 7577 35 12051 1846 33 7 290 1506 21 9 12388 14 454 10602 5
17 5533 7759 3 2654 596 7577 35 5042 10 6636 453 33 42540 6 187305 4 8417 3 2660 1464 21 3 1570 303777 19 3 1207 1308 773 5
20498 459 5
90025 489 8 12051 596 5791 14 3 1084 536044 5
1684 1178 1480 1826 5371 75335 9897 7577 249 523106 420000 295521 537687 443740 558872 355212 81895 2660 436874 474482 150161 363948 69364 413957 519737 399360 429065 56722 106153 447735 482089 381159 392882 429065 344972 68342 385095 382179 381158 316408 289940 555830 29279 187305 332253 316408 289940 380017 43746 400018 381727 222284 308794 50914 20498 503 842 3 8958 522 8 3 12051 4058 7 3 523 36278 5
273 290 12516 5018 4 3 1084 303777 19 3 2654 596 5791 356 3 288 510 2620 628 2757 16 5042 10 6636 453 5
238 71 26 381 4 3 421 3472 6274 3 2654 7577 65 220 19 3 4 6951 8 10235 4895 36278 5
17 106153 32542 992 1464 6 26 3 282 1084 303777 19 47449 8 6951 4 8417 67929 56018 29 3 2654 7577 19 3 28612 31660 5
66 16 973 4936 13 187305 4 47 16 3 1570 1506 19 3 1391 1308 8958 35 2654 596 7577 33 4 12134 1734 58 104 536044 65 220 10 32 12516 1217 5
349 3 83 881 4 3 3225 7 2660 10 70 12516 4309 16 825 6 13 12859 10 20498 459 5
20498 503 5
90025 489 8 12051 596 5791 14 3 303777 36278 5
1684 1178 1480 1826 5371 75335 9897 7577 249 523106 503344 333347 443740 283255 329650 69364 2660 261881 278313 150161 380267 523235 31378 413957 519737 399360 429065 23238 106153 447735 156577 392882 558872 512093 68342 341905 402653 332873 538181 380267 473756 27079 187305 436646 316408 380017 57687 387345 230724 225128 558872 20584 253947 249 523106 381340 469562 443740 233646 355212 86498 2660 367336 265641 143529 423286 106447 389976 282491 44593 106153 447771 384397 392882 294051 23238 478255 295898 316408 289940 326744 48634 187305 310160 316408 429065 61771 323929 302898 554621 254807 60334 23333 249 523106 387345 323929 381158 392882 183139 68342 2660 500424 392227 408262 254248 346115 507866 89881 270824 392882 429065 536340 63434 106153 359253 316408 233646 458851 45540 514026 273699 316408 289940 447771 88336 187305 541389 278313 316408 313915 81625 535465 402653 225128 282070 547248 45540 28612 249 523106 372943 390157 537687 443740 183139 359975 106629 2660 436874 294757 449645 392882 143529 409582 81895 353783 302898 381038 536340 56722 106153 381089 156577 302898 283255 512093 68785 274029 316408 308794 166890 77337 187305 332253 316408 289940 380017 54208 293327 399360 44593 143084 4895 249 523106 462915 390157 341905 222284 446279 523093 88336 2660 420009 381727 381158 347751 417214 448535 41684 436646 519737 399360 429065 23117 106153 535465 322666 316408 63721 478255 382179 316408 429065 447771 68785 187305 316408 380267 378722 25592 294757 290346 359828 39258 435 7623 3 12051 960 10 678 6 6075 289 87 4447 964 3272 10 3 8958 522 4 3 1270 26787 960 29 45 4723 6 210 120 964 3272 19 2201 6 3 282 4149 1084 303777 14 290 12516 1217 5
17 522 7 46 960 31 153 13075 6 14076 3 3272 297 3 12051 596 4058 5
98586 249 35 8862 33 35 18365 33 3331 1084 536044 111 596 7006 4 15121 70 2520 31 16771 232 6 40 4058 5
17 67 20045 1583 4 47 31 22 4801 3628 6 3 5806 7 3 2654 7577 8 3 1568 1884 43420 24 3 960 4 3001 3 8515 14 3 282 4149 303777 22 290 7444 653 35 3082 27063 8 3082 33783 33 5
145 770 13 70 27964 996 192 423 1583 3030 2537 1734 58 3 282 1506 5
17 216 2376 29 59 45 617 14 3 1570 536044 10 678 6 14076 40 3225 65 43 31 34 220 6 13014 32 12516 35 196 98586 249 35 9 33 33 5
8836 12510 6 3 1084 536044 8 3 218 98586 249 5
8836 12510 6 3 1084 536044 8 3 218 36278 5
1655 3 12832 18652 10 98586 249 4 3 508 2334 71 26 16778 53 2778 35 98586 249 35 8862 33 33 53 3 421 3472 16 2537 333 58 249 523106 8 2660 19 189 3082 27063 8 3082 33783 5
17 67929 56018 8 187305 2520 31 59 2537 333 58 249 523106 8 2660 19 3082 33783 5
2778 253947 35 98586 249 35 8258 33 33 53 3 106153 32542 992 16 2537 333 58 2660 19 3082 27063 8 2537 333 58 249 523106 8 2660 19 3082 33783 5
6459 4 3 421 3472 16 2537 333 58 2660 19 3082 33783 5
2778 23333 35 98586 249 35 5547 33 33 53 3 106153 8 536044 31 2537 333 58 2660 8 19 189 3082 27063 8 3082 33783 5
17 67929 56018 5018 16 2537 333 58 2660 19 3082 33783 5
2778 28612 35 98586 249 35 16054 33 33 53 67929 56018 16 2537 333 58 249 523106 19 3082 27063 8 3082 33783 5
349 3 83 881 4 187305 16 2537 333 58 249 523106 19 3082 33783 5
2778 143084 4895 35 98586 249 35 18365 33 33 53 3 421 3472 16 2537 333 58 3 249 523106 8 2660 2520 19 189 3082 27063 8 3082 33783 5
17 106153 4 67929 56018 8 187305 536044 31 59 2537 333 58 2660 19 3082 33783 5
81 10028 4 65 2016 3 8958 4 23 144 26 3058 13 249 523106 8 2660 536044 3030 2537 3 1207 4 5226 7 3 12516 5018 220 5
66 16 59 533 6 1963 13 14 104 12516 6599 4 1464 6 26 3 282 1084 303777 4 2402 979 24 106153 4 67929 56018 8 187305 5
41221 192 522 19 3 596 7006 7 3 1570 536044 392 10 20498 459 8 18652 10 98586 249 35 9 33 4 57 71 10992 13 249 523106 8 2660 35471 6 3 1207 1570 536044 8 59 3 1207 1084 536044 65 220 10 120 12516 5018 5
527 4 11061 187305 16 3 282 1570 1506 4 3 421 3472 14819 3 282 614 2104 14 10503 536044 5
145 2228 6 7336 13 34 535 3 282 1570 10900 5018 37662 3 282 65 220 10 32 12516 5
20498 500 576 3 2125 4114 3768 8 12051 596 5791 7 3 36278 5
45239 4 3 2660 1464 6 26 3 282 1084 303777 10 970 7 2125 4114 3768 4 995 3 2654 596 4058 5
527 4 3 12051 4058 14 8 106153 4 47 31 1618 3 4309 19 3 1391 8958 4 31 177 408 6 138 7 2660 5
1210 6 12051 960 4 87 31 34 964 3272 297 3 2520 322 1109 8 3475 4 93 454 11245 2376 29 45 1303 61 14 46 773 1415 5
20498 500 5
2125 4114 3768 8 12051 596 5791 14 3 303777 36278 5
1684 1178 1480 1826 5371 75335 9897 7577 249 523106 37118 51586 37168 54342 42475 43117 92719 2660 28544 51586 27063 28442 43384 39964 24839 36499 48445 29487 59709 42475 44890 68342 106153 29487 38158 29487 60675 39566 43384 52798 37118 43849 29487 32590 39565 43849 106629 187305 36499 34231 29487 32590 20130 46135 66562 29487 34231 33264 54982 39565 40904 24839 253947 249 523106 29487 43849 38161 53837 40914 44171 29279 2660 28940 51586 28940 28442 49912 33140 23238 36499 34231 34374 59709 42475 38604 69768 106153 33264 48651 34374 60226 40181 40891 60334 33783 54045 33783 32590 42475 62518 48634 187305 39515 47973 37168 32590 40181 46135 81895 34374 50743 34030 65981 42820 41345 57084 23333 249 523106 36499 54982 29487 53671 37168 43411 50914 2660 27063 55973 28544 28442 54045 33783 50603 34030 53729 35531 32590 42475 43384 68342 106153 35531 54342 33264 32590 39964 44171 26795 33264 54144 35531 32590 44890 32590 25054 187305 38161 59003 36499 32590 42820 56107 31378 35531 27529 35531 59133 39964 41345 63721 28612 249 523106 39515 51586 38161 54342 37931 43117 26795 2660 28544 52481 27063 32590 49912 55775 68785 29487 46135 34374 59709 39566 44890 61771 106153 29487 38158 36499 60675 39565 44171 59976 33140 50743 28442 32590 44890 62546 80182 187305 39515 34231 37168 32590 20130 43384 71599 33264 52481 29487 53671 40914 43411 59976 143084 4895 249 523106 39515 54045 37177 54391 37168 46307 22954 2660 28940 55131 28940 28442 53729 28442 44593 36499 48445 29487 59709 42475 44890 45595 106153 34030 44973 34030 32590 41345 38604 59976 33264 53837 35531 32590 38604 32590 81625 187305 39515 50743 37168 32590 42098 44973 88336 34374 43849 34030 65981 42098 42475 44593
17 426 7 510 552 2376 16 32 853 8815 15 25575 510 2620 2520 5
43410 10554 36 299 159 3 254 7 3 510 739 4 44 23 71 185 132 2411 1866 6 4470 49 34195 3 1045 7 5056 13 705 996 49 1298 1087 510 1846 19393 5
17 1379 162 29 1967 15 4907 3 3225 7 307 6682 10900 2520 65 220 6 13014 303777 36278 5
473 46 3316 4 550 19372 4309 8 218 12516 6599 27 45 3677 6 288 510 2620 544 5
17 9345 522 10 970 7 189 8958 8 2125 4114 3768 1919 13 3 421 3472 12134 3 282 4 742 3 3225 7 106153 4 67929 56018 8 187305 16 34 177 300 13 7 3 282 31660 5
349 3 83 881 4 3 249 523106 8 2660 2520 31 2537 3 1207 10 70 36278 5
520 2794 8249 14 454 601 27 2061 25 46 542 4 133 21 53 35 4114 33 6 2975 3 1379 2376 6 83 1570 536044 8 83 12516 6599 109 35 25547 33 6 5576 3 1809 524 3 282 1570 303777 16 34 3 282 1084 303777 10 32 12516 109 8 35 31883 33 6 6786 3 36278 4400 10 3 1379 162 19 83 4309 13 7801 523 536044 35 14 946 4 35432 49 14094 83538 10556 2489 1084 536044 7 523 3351 15 9 837 628 197 33 5