966 4538 27 45 1273 14 510 552 3490 4 25 11245 2520 6 7732 1442 4309 5
1498 3 73 265 85 4 523 6599 6 303777 36278 27 3639 45 3677 6 510 2620 544 4 11260 6 26 2239 48 5050 58 837 10900 2520 5
17 1379 1381 1287 57 1092 1281 24 7285 7539 36278 13 8775 231 523 5310 14 7139 25828 5
24106 4 3 3109 7 628 27964 35 47449 8 33 8 17807 33498 3394 4309 35 6951 8 10235 4895 33 14 3 1444 7 7539 36278 16 12956 19 3 3316 7 3096 3 10900 773 5
17 9345 522 8 11245 1665 240 13 46 84 96830 303777 12516 14819 32 3206 2104 14 510 2620 544 4 4149 333 58 3 1510 837 36278 8 177 2537 333 58 1570 536044 5
17 308 131 229 504 29 24351 1723 1164 7 495 8 229 1938 15 510 552 4 47 840 3 104 533 8 572 6 3009 8 8612 5
17 689 565 624 25 3 5093 6 12681 3 47079 7825 25 138 37 36 849 4768 15 13518 5
364 7 3 1325 3648 14 510 552 891 16 510 2620 4 47 2228 6 5548 510 552 4 1297 780 3154 4 1128 537 1643 8 132 15978 1866 35 1522 4 31249 4 323 43645 4 1422 33 5
17 421 6 4074 510 6 32 19826 18 2925 543 1918 23125 14753 115 24 746 1149 4 538 271 4485 8 90 13663 4860 5
9524 1407 18 6 1384 3 3501 218 75915 7 510 53 2163 4 2168 4 455 4 9618 8 912 35 15769 323 545090 4 3578 33 5
145 5018 9043 4 658 4 25 272 928 569 4 5005 12340 1866 4 8 13033 1866 115 24 523 1149 14 3 216 2673 5
4828 2620 16 4363 9 197 7 4538 13 185 2956 1865 289 49 34 6 4074 510 6 84 7825 5
12502 4 3 6905 7 9 510 2620 284 16 6 12681 206 7825 25 788 7825 4 4808 15 3 13300 7 4768 19 40 13518 35 21045 323 28652 4 2773 33 5
1655 9 5238 23996 4 3 650 7 510 2620 71 26 5100 21 9 10900 49 19372 565 114 9 84 9796 5907 35 3 510 19826 33 383 26 40345 76 57 7 3 125444 3597 543 15 9 221 7 6453 23394 49 13987 1547 6 13 5907 5
17 9796 7 3 303777 9286 7 9 2726 7 317 13 5181 284904 10777 8 292 912 7 3 19826 4 8 3 303777 36 1657 3 3354 10 970 7 3 19826 40553 5
2249 7 3 2383 1058 7 317 558 4 229 1938 27 1001 9 236 14 2410 19816 3648 13 270 3 510 552 891 6589 10 678 6 6531 19 3 17130 3005 3212 5
238 9 8867 4 117 6062 510 2620 1443 27 45 1273 10 3 6854 5
17 104 8176 6599 31 543 15 11245 2520 4 133 21 67929 56018 4 27728 2376 4 8 234675 33855 56018 5
527 4 3 565 19 538 11245 4538 16 13 90 7417 4 133 21 3 234675 29311 14 1216 23394 4 31 3684 5617 4 96 754 91 21297 21652 14 31276 5036 35 18150 4 7744 4 18409 4 7744 4 323 12825 4 911 33 5
81 308 85 4 307 34130 2062 27 4964 13 7732 1442 4538 35 421 2855 4 7732 32542 2642 4 270 60401 4081 4 13991 8116 33 71 26 3639 220 14 510 552 891 35 18370 323 18409 4 2560 109 18150 4 7744 4 323 6794 4 359 109 18150 12283 32330 4 911 109 30420 323 495672 4 280 109 48568 12283 32330 4 590 109 61880 4 18150 4 323 4 744 33 5
6459 4 32 533 1653 677 6 11245 2520 16 13 3 7732 1442 4309 112 34 4753 120 2190 2543 2505 4 44 5998 10775 317 25 271 11537 5
1113 767 2062 7336 13 7732 1442 4538 31 7156 6 1510 11245 2520 4 23 16 1848 6 384 9 837 303777 7759 3 282 522 15 3 1081 2673 9962 5
9601 46 76 1250 4 303777 36278 27 2061 6 9239 3 523 3074 7 1570 536044 8 1128 10900 5464 5
8561 5238 4107 27 4964 13 303777 36278 2239 3030 333 58 837 10900 4309 10 104 510 2620 544 35 323 4 359 109 499005 4 590 109 6794 4 51757 4 9413 4 323 16964 4 2076 109 466 4 4 323 53236 4 744 33 5
622 12516 7 536044 16 4213 97 92 192 27 9 3033 7 5464 10 1029 35 2416 323 4 3495 109 151222 323 6794 4 359 33 5
81 83 1299 4 3 1570 536044 27 6 132 1866 21 5471 21 537 5
15203 4 538 523 928 2757 8 538 523 17807 108791 31 3 67 104 3848 5310 6 3855 9 5471 197 7 536044 5
17 9373 10 3644 8 773 148 189 6599 2048 9 77565 1322 148 91 13 16 973 6 26 12956 5
17 867 16 13 4 24 538 91 10 10651 4 3 7139 17458 24 57 5018 71 26 2069 19 3 7139 1601 24 3 83 1264 10 678 6 13014 9 7539 12516 1217 2537 333 58 120 837 12516 5
17 1101 7 46 1381 16 3475 3348 15 7816 3 1730 231 7 189 7139 25828 5310 14 3 1444 7 7539 36278 10 3 6269 7 510 2620 5
145 71 26 4129 21 9 96830 12516 13 10556 67 837 36278 7 523 2129 19 3 3316 7 3096 3 19372 773 5
1471 397 7 777 10 46 1381 16 289 3 8062 7 4309 2768 4 13 16 4 96 31 3 5238 5940 7 538 74 9 628 31660 979 24 32 17807 3394 5533 49 1797 22206 88
134 3617 192 952 24 538 67 543 36278 35 47449 8 33 8 67 17807 543 27964 35 6951 8 10235 4895 33 10 9833 19348 5
17 1056 7 192 12516 6599 31 2209 10 8941 341 5
8941 459 18506 3 1273 17592 5
8941 503 1708 9 6652 7 3 8365 1303 61 4 19 40 522 10 8941 500 5
5583 4 8941 708 2932 3 689 7951 8 15682 8249 14 454 601 5
622 12516 7 536044 35 1111 7 31633 4 8087 7 1149 4 2489 303777 284 33 9286 7 9 197 7 13507 3559 536044 35 3 1084 536044 33 446 1866 31 2164 10 90 152 4 3054 24 16036 49 180443 2133 4 65 48975 84 6200 35 4 911 33 5
66 29 45 170 13 10 104 745 3 36278 1657 48 5050 7736 58 3 1084 536044 13 132 91 55 35 4 2773 33 5
11079 4 21 277 20 4 14 32 12516 6 2769 333 83538 7453 58 50 320 4 23 16 1568 13 3 12516 9286 7 1695 5050 1084 536044 446 1866 31 21 5471 21 537 5
19850 5310 27 45 1589 6 8063 7139 15 3 536044 13 916 3 12516 5
273 3099 4 35 1095 33 1658 179 2370 6599 53 35 4114 33 538 523 3109 4910 4 35 25547 33 538 523 303777 2520 4 35 31883 33 538 523 17807 108791 4 8 35 40378 33 538 523 928 2757 5
931 67 73 5310 10301 3 104 7081 220 4309 5
81 46 5114 4 67 3890 12516 27964 13 231 523 928 2757 31 47449 8 7106 4 8417 6951 8 10235 4895 10301 67 6682 6200 7 3 12516 4309 13 19491 523 17807 108791 5
81 3 508 199158 4 192 974 6599 36 26 4241 962 5
253947 81 50 2029 916 4 3 47449 35 187384 437926 33 31660 35 4 3495 33 12244 2990 187384 5036 91869 4 96133 4 4 4912 14027 2682 35 19 3780 33 25 3 1494 928 197 3116 7 1646 523110 1655 290 187384 5907 79036 35 59 7 1646 9424 33 4 9 1084 303777 483275 16 17458 24 3 216 2854 31660 5
65815 15 84 11537 31 115 24 427 3 1045 505 7 3 12516 1148 25 35353 4 50624 4 4 96471 5
238 47449 3 928 197 19 3780 4 90 9584 142 26 3380 2489 400 125 461 142 26 203 61 5
1249 290 12516 771 16 34 3509 6 3 216 197 7 9584 4 43 31 523 25 290 83 5
999 2133 3 7736 7 290 7 192 536044 4 47449 4763 6 1128 3 3768 463 6 48517 7 3 1084 303777 5
62720 11649 6 47449 4 7106 59 6268 32 12516 7 536044 24 3 1494 628 197 4 47 31 153 2164 24 1045 2133 5
527 4 10 7106 4 16 3181 6 581 3 104 25746 928 628 14 290 2458 303777 5
17 35 65179 62720 33 31660 1273 24 88050 8 35 3495 33 14819 3 282 424 771 10 7106 234 5
66 12244 9 9149 7 1084 536044 35353 4 50624 4 4 96471 24 538 6275 187384 5036 91869 4 96133 4 4 4912 13 31 3455 24 29784 3 928 9584 10 2990 61652 5
2337 48692 3628 17509 6 70 928 9584 8 10 290 43241 4 23 35412 192 17509 543 15 3 488124 115 24 3 3979 1084 303777 5
8616 4 9584 141804 24 1506 31 48 338 6 1230 10 3 161 187384 5907 79036 5
17 380 421 16 153 3455 137 9 16036 505 7 3 1084 536044 35 3 2059 60385 7 290 303777 483275 16 43420 232 6 50 773 15 3 16036 5907 79036 23 18 3559 15 33 5
23333 17 6951 5018 35 85274 33 16 32 12516 1444 5533 1273 24 14721 35 2804 33 4 10 47 3 1084 536044 35353 4 50624 4 4 96471 31 3559 15 628 2757 91869 4 96133 4 4 4912 9168 19 9 392 5084 7 13987 2142 14027 25 3 1494 197 7 2000 5350 17 55906 7 3 2520 31 153 2164 4 1618 24 9 1906 1045 2133 1488 5
17 2234 7 46 5018 1282 6 5339 52 575 202 7 3 1494 2000 5
145 5018 142 1497 25 538 6951 14 189 21025 8 62490 3 536044 5
355 3 628 197 29 117 12689 13987 4 57 142 4498 333 536044 10 6951 58 10 3 1494 2419 904 5
17 2164 421 7 133 536044 142 26 7156 6 9 837 303777 9168 15 3 1494 928 628 197 10 3 1332 2419 904 5
349 3 83 881 4 65 3 221 7 928 745 16 2086 396 677 19 3 628 551954 4 24 21025 536044 10 6951 57 142 4855 3 396 5907 1646 565 5
143084 4895 143084 4895 35 3733 4 4 323 8389 4 502 33 9965 6 9 5533 6 3855 32 12516 7 536044 4 10 47 290 1084 303777 16 3559 19 9 523 197 7 16277 13987 5
17 689 191244 16 6 2780 2419 21946 8 6 6229 29390 9 556 17807 197 14 290 303777 10 3 12516 5
659 46 194 4 3 2419 197 7168 16 14027 2714 76 4659 108791 4 3610 6825 2376 35 48694 33 16 336 8118 15 290 33498 4 8 9 84 197 7 27728 16277 13987 16 9168 24 39743 70 3610 5937 5
1301 3 628 31 6740 180305 76 3 84 2419 904 5
303777 483275 16 3559 19 46 628 197 5
23620 19918 7 3 2419 197 36 321 6 523 16277 2000 4 9834 6737 6 3 7139 2042 24 3 187384 12540 5
81 40 104 8176 916 4 3 1084 536044 13 17544 32 12516 35471 6 1906 10900 2520 133 21 32542 2642 4 270 60401 4081 4 11856 8668 4338 4 175314 536044 8 421 2855 5
527 4 3 12516 1217 6 510 552 3490 322 1273 10316 3 1510 5141 7 2489 303777 1443 24 538 32 12516 21 1084 303777 7 9 67010 12516 5
81 678 6 9239 3 9063 7 3 67 7139 25828 5310 1321 3915 35 11771 4 538 523 928 2757 8 538 523 17807 108791 33 4 80 322 8850 6 13014 9 10900 1506 13 29152 3 543 8 3 17807 543 4309 76 9 12048 96830 303777 12516 5
81 10028 4 9 96830 12516 36 17244 7 32 12516 10 3 74 653 446 1084 303777 16 184 12516 7 523 2129 10 3 169 653 4 47 10 786 6655 32 1570 19372 31660 21 1084 303777 5
273 46 3644 4 80 27 67 9460 87290 4808 15 3 678 10 47 3 1444 4538 31 3677 53 35 4114 33 6 231 47449 49 21 1084 303777 7 3 6951 49 10235 4895 4309 8 35 25547 33 6 231 57 7 192 21 1084 303777 7 47449 49 5
98586 249 842 32 946 7 9 96830 12516 13 10556 47449 8 3 6951 5018 5
999 11700 9 6951 12516 21 1084 303777 7 47449 4 80 36 74 3855 2990 187384 63120 7 3 928 197 8109 23350 4 290 187384 5907 36 26 2714 76 4659 108791 24 14027 13896 9 5084 7 3 1494 197 7 13987 5
999 46 152 4 84 11537 36 26 6401 24 427 3 1045 505 7 3 12516 1148 25 9 676 221 7 2990 98236 4659 536044 4 4 4 35353 4 4659 4 4 4 96471 4 4659 3559 15 2757 4 4 4 91869 4 4659 4 4 4 4912 4 4659 5
79 96830 12516 14484 7 9 47449 12516 10 3 74 653 8 9 98586 249 5
79 96830 12516 14484 7 9 47449 12516 10 3 74 653 8 9 6951 12516 10 3 169 653 5
81 678 6 960 3 18550 8 773 7 3 5018 100 1273 4 307 8365 27 45 1303 61 5
66 16 973 1947 10 1475 13 3 6905 7 46 1381 16 46017 53 35 4114 33 6 5576 3 1730 231 7 67 523 6599 6 3 1444 7 510 2620 36278 4 8 35 25547 33 6 12262 3 8062 10 47 192 4538 144 26 3677 14 3 282 773 5
931 952 27 45 322 11062 24 538 3 179 303777 36278 6755 10 8941 341 53 47449 35 40479 33 4 35 33 4 6951 5018 35 85274 33 8 10235 4895 35 31524 33 5
9601 76 1250 70 537 16691 148 3 5310 8 3 17807 543 4538 4 583 523 96830 36278 71 26 3455 5
273 946 4 40479 35 85274 33 2464 3 1217 962 10 8941 459 4 114 3 6951 5018 3395 21 1084 303777 7 9 47449 12516 5
1113 421 2855 27 13832 45 220 10 510 2620 2333 106 43 31 177 3538 6 5266 8 12689 13987 10 628 4 3 421 3472 25828 31660 29 45 322 351 21 1084 303777 10 70 12516 6599 5
17 1033 468 46 1414 16 13 421 2855 31 2093 24 4092 4 43 112 34 132 120 7417 52 3 4919 3201 4 8 43 71 2945 10 773 19 83 4538 48 103072 10 510 2620 5
11271 25 3 25646 36278 4 90 1570 536044 6943 14 510 2620 27 59 45 848 10 46 777 10 678 6 1379 9 48 22248 4631 53 249 8668 5737 35 33 4 67929 56018 35 33 4 156936 32542 992 35 106153 33 4 270 60401 2953 35 187305 33 19 9 27728 54861 4 8 421 3472 5
81 676 4 80 27 10637 3 773 7 800 10900 2520 14 307 510 2620 2333 5
766 536044 27 45 6227 538 3 1566 35 1999 12283 32330 4 280 33 19 3 4768 96734 2770 5
62856 7 3 9345 14431 3516 19630 510 628 2757 27 45 351 6 6786 3 773 7 3 10235 7228 19 83 303777 36278 5
17 103072 1684 4 1178 8 1480 628 2757 31 25 3 22930 17112 12586 37354 125008 35 2158 53 33 5
17 75335 628 197 42540 6 9 1842 1185 7 9 177 528 5536 220 10 3 359 7337 16714 23992 4393 24 3 430 7 609 830 2747 8 6246 16031 2771 5
17 1826 628 197 624 25 9 13652 6 9 1521 3023 5536 7 9 396 540 419 10 513 35 4 4 323 4 359 33 5
17 5371 628 197 4286 2328 317 7 4728 291 2236 72 9 27880 566 35 4 274 33 5
20498 249 576 9 10028 7 3 689 10777 7 192 628 2757 5
20498 249 5
520 10777 7 3 628 2757 220 10 3 8365 5
7337 197 5527 326407 5527 3589 5527 9251 202 202 9251 1684 685 36747 54396 1178 889 3765 1992 1480 409 40104 53634 1826 1173 22044 575 5371 306 17404 14715 75335 2918 73199 35922 10548 5
33962 10319 17 2029 152 6 5548 510 2620 1443 16 6 8245 9 32044 5907 121 528 2757 7 271 7825 31 1618 558 5
527 4 87 31 5771 10 47 628 31 215 1574 6 1088 32 5050 37708 8 3475 4 83 5310 27 6 26 3677 10 678 6 4498 9 206 2882 7 3 19372 773 5
17 104 1029 152 180 46 42540 6 2858 25017 35 1522 12283 32330 4 1422 33 5
24106 4 9 42116 2858 25017 5018 29 45 3322 14 3 1379 8365 53 290 1494 628 197 29 45 14027 3868 76 218 89401 1172 7 3628 35 49 2429 3628 33 1646 5
273 290 13091 4 179 4483 27 45 32397 21 3 928 628 4 8 3 1652 176 29 45 4723 21 32 1216 960 197 5
6459 4 2752 55537 27 45 336 14 290 794 5
17 522 25 48975 3 960 5036 27 45 7074 356 3 575 1002 8 153 12354 14 964 3272 148 2520 538 3 12051 8 1665 22 7444 926 7 3082 27063 8 33783 35 4 502 33 5
29756 6680 3260 773 8557 6680 10 3 3547 7 510 539 8958 4 3768 489 4 119335 85612 4 19114 4 1153 26327 3768 4 352 163 3 102187 11963 4 8 2125 4114 8 2125 25547 5464 35 111347 323 212527 4 2076 109 21045 4 744 109 1522 12283 32330 4 1422 33 5
273 9 160072 565 4 104 7 192 23491 71 26 2093 10978 25 9 341 98236 341 6498 40056 21 13 392 10 20498 341 4 114 290 2606 35 4114 4 72539 33 4286 3 221 7 7736 5
20498 341 5
56360 40056 14 9 510 2620 565 5
143284 21 206 143284 21 788 3589 19826 9 8862 9251 19826 8258 5547 1203 510 2620 2333 477 8245 3 8958 21 3 38020 14 773 8557 5
66 2464 3 5084 7 3 9109 2655 745 35 206 8 788 33 15 9 1654 628 197 5
527 4 34130 8 18423 132064 240 13 46 1415 16 3092 14234 19 2201 6 628 18503 8 14635 7 4007 8 12340 7736 35 38929 323 17128 4 2773 33 5
2249 510 628 31 7081 85097 4 3 352 163 3 102187 11963 35 57736 33 29 45 1282 21 32 3206 773 77489 276 4974 6 1427 3201 49 165644 569 35 12283 32330 4 1095 109 1604 323 20928 4 2076 33 5
17 57736 38020 14 9 46302 565 71 26 4939 21 3 32689 596 7 3 1153 7736 14 290 1427 35 338617 323 4 280 33 53 114 1170 3 2156 7 206 7825 13 27 45 2655 9109 4 8417 42540 6 3 2156 7 788 7825 2655 21 788 5
349 3 83 881 4 3 8958 18840 3 470 7 523 3768 3351 35 788 7825 110 2655 21 206 4 49 1797 22206 33 5
145 16 3 1033 524 23 59 2742 907 2794 6 1415 3 3768 15 290 1570 1427 24 538 3 2125 4114 8 2125 25547 5464 53 2125 4114 3768 35 49 2917 33 16 3 489 7 788 7825 110 40345 21 206 5
355 46 2659 4 3 141804 788 7825 36 343 4768 5
12502 4 92 3 510 12003 534 7 9 229 4689 16 215 5716 4 46 36 26 3509 6 272 510 552 5
2125 25547 3768 35 49 551191 33 15103 3 489 7 206 7825 110 2655 21 788 5
355 46 2659 4 3 141804 206 7825 31 1499 8 3475 4 3 229 4689 29 1251 470 1022 24 3 637 7 206 834 5
238 4216 24 436645 4 22233 4 83313 4 8 91475 35 274 33 4 3 165644 569 2442 19 2125 4114 5464 31 3054 146 568 58 138 2442 19 2125 25547 5464 5
40013 7444 1665 15203 4 3 104 1029 152 6 6786 67 49 48 536044 72 1678 628 2757 16 3 12016 2106 14077 9575 960 4 47 4003 289 3 596 1884 10 40 773 72 3 628 2757 16 2537 523 25 4568 5
527 4 46 1464 6 26 72143 7128 8 17281 11502 106 182439 1665 31 543 15 9 2726 7 7417 35 29311 4 528 221 7 628 2757 4 96345 7 48517 33 13 31 477 5617 463 6 3 2129 7 3 544 35 4 502 33 5
81 614 4 3 14510 182439 1665 35 17905 4 8 12051 1665 33 144 26 4020 72 3 182439 1603 106 43 112 34 4753 1966 23033 8 31 1216 7 120 8557 1415 5
81 46 162 4 80 27 3322 3 12051 960 6 6786 3 773 7 3 4309 5559 356 3 628 2757 5
17 12051 960 16 543 15 3 596 4041 3800 7 9 2137 7 4538 15 290 628 197 8118 5
17 12051 19114 16 5146 232 6 3 3201 19 9273 115998 249 3964 7 2558 4 65 6517 35 221 7 628 2757 33 8 9273 35 221 7 27964 33 31 334 385 5
17 55833 19379 110 2870 16 13 70 5310 31 3267 8 3 6453 3272 31 4028 6951 5
17 689 30046 7 3 12051 8 83 1547 1665 16 13 43 97 71 7367 964 3272 72 3 1081 197 7 10602 4 44 43 71 34 6786 9 532 5533 19 3 9273 115998 249 1652 27964 5
208 3 55833 19379 7 3 12051 960 16 1830 4 80 71 153 6899 19 9 237463 960 10 678 6 384 3 1654 10602 13 1657 964 3272 5
273 946 4 3 960 71 26 220 65 70 536044 31 677 19 9 532 1506 35 4 502 33 5
17 960 684 13 3 3800 7 67 49 48 27964 31 2537 523 92 40 596 4058 5697 24 22 248 3 1568 1884 4 47 16 392 24 114 3 871 4 4 9273 16 543 15 3 1079 19114 3868 24 5
20498 459 842 3 57736 2770 8 3 12051 4058 7 3 523 10900 2520 5
238 71 26 381 4 3 40479 35 31524 33 8 31524 35 40479 33 12516 6599 35471 6 3 4538 19 3 2654 596 7006 35 1391 57736 2770 33 4 979 24 31524 35 33 8 40479 35 85274 33 5
66 16 59 973 4936 13 3 96830 36278 3030 333 58 3 837 36278 4 2936 14 189 61361 114 3 31660 16 74 3677 5
349 3 83 881 4 21 230 4 3 1570 536044 2769 3 2654 57736 2770 4 110 8 67929 56018 3 1207 8 3 282 4309 4 3995 5
20498 459 5
57736 2770 35 19 2029 64441 33 8 596 7006 14 3 536044 5
1684 1178 1480 1826 5371 75335 35840 56107 35 28940 33 50753 35 28107 33 54144 35 28544 33 50753 35 28442 33 27529 35 28940 33 52127 35 28544 33 108339 10024 1883 59574 35 28544 33 54144 35 28544 33 61237 35 28107 33 52127 35 28442 33 54144 35 27063 33 55178 35 25343 33 102436 106153 55178 35 28107 33 54089 35 28940 33 60220 35 28544 33 52127 35 35531 33 53671 35 28940 33 50311 35 28107 33 78087 187305 58418 35 28107 33 62546 35 28107 33 59003 35 28107 33 34231 35 64283 33 55973 35 31852 33 54089 35 28107 33 81666 61243 35 28107 33 62546 35 28940 33 58418 35 28544 33 55775 35 29487 33 55973 35 33783 33 60675 35 28544 33 66499 59574 35 28107 33 52127 35 28544 33 65981 35 28107 33 54089 35 31852 33 53671 35 27063 33 59574 35 28107 33 114191 40479 61237 35 25343 33 54089 35 28544 33 61237 35 25343 33 55131 35 28442 33 60226 35 33140 33 59574 35 25343 33 50663 85274 60220 35 28107 33 60675 35 28107 33 60220 35 28544 33 54982 35 28940 33 53671 35 28442 33 59574 35 64283 33 95172 31524 61237 35 28107 33 55131 35 28544 33 61237 35 28107 33 55131 35 34374 33 60226 35 27063 33 60220 35 25343 33 76012 35 85274 33 59574 35 25343 33 52127 35 27063 33 65981 35 28107 33 53671 35 28442 33 60226 35 33140 33 60220 35 25343 33 56817 35 31524 33 60220 35 28107 33 60675 35 27063 33 61237 35 28544 33 27529 35 34030 33 58418 35 27063 33 60220 35 25343 33 36980 40479 35 85274 33 61237 35 25343 33 54144 35 28544 33 59709 35 28107 33 53671 35 31852 33 50311 35 27063 33 65981 35 25343 33 69768 40479 35 31524 33 61237 35 25343 33 54391 35 28544 33 59709 35 28107 33 58418 35 31852 33 58418 35 27063 33 65981 35 25343 33 54208 85274 35 33 60220 35 28107 33 60675 35 28940 33 60220 35 28940 33 60226 35 28442 33 58418 35 31852 33 61237 35 25343 33 41684 85274 35 40479 33 61237 35 25343 33 54144 35 28940 33 65981 35 28940 33 60226 35 33140 33 60226 35 33140 33 65981 35 25343 33 31378 31524 35 33 65981 35 28107 33 54144 35 28544 33 59709 35 28107 33 50311 35 28940 33 50311 35 28940 33 65981 35 25343 33 69768 31524 35 40479 33 61237 35 28107 33 54144 35 28544 33 59709 35 28107 33 59003 35 28940 33 58418 35 27063 33 65981 35 25343 33 61771 1113 3272 10 57736 142 1230 6 26 2086 799 4 23 144 26 1744 13 141 9 396 474 10 10900 773 71 4047 3292 470 2055 14 229 1938 5
66 866 3475 6 26 7 4783 518 3 231 7 3 96830 303777 36278 10 510 2620 2333 5
17 1391 3272 31 6453 14 3 1826 510 628 197 4 47 42540 6 9 3092 85097 565 35 5180 202 7 206 7825 19 97 500 202 7 788 7825 33 109 14 946 4 3 96830 31524 35 40479 33 5018 35 3 1506 19 3 1391 57736 14 46 5536 33 12134 333 58 47449 8 10235 4895 24 33783 4 333 58 24 34030 8 333 58 85274 24 29487 5
208 80 6786 3 31524 35 40479 33 1506 19 3 1570 536044 4 3 3272 31 141 146 48 964 53 46307 4 42820 4 37931 8 34374 19 2201 6 187305 4 4 8 10024 1883 4 3995 5
435 7623 3 12051 960 10 678 6 6075 289 87 4447 964 3272 10 3 57736 522 4 3 237463 960 29 45 4723 6 210 120 964 3272 19 2201 6 3 282 4149 5018 35 47449 19 10235 4895 33 14 290 10900 1506 5
17 522 7 46 960 27 45 153 13075 6 14076 3 3272 297 3 12051 596 4058 5
98586 341 10422 4538 111 596 7006 4 15121 70 2520 31 16771 232 6 40 4058 5
17 67 20045 1583 4 47 31 22 4801 3628 6 3 5806 7 3 2654 7577 8 3 1568 1884 43420 24 3 960 4 3001 3 8515 14 3 282 4149 5018 22 290 7444 653 35 3082 27063 8 3082 33783 33 5
145 6154 13 70 27964 996 192 423 1583 3030 2537 1734 58 3 282 1506 5
130840 45546 14 3 960 19 98586 341 5
130840 45546 14 3 960 19 3082 27063 8 33783 5
1655 3 8836 18652 10 98586 341 4 57 71 10992 13 3 97 837 36278 34 2537 1734 58 3 282 40479 35 31524 33 1506 35471 6 3 837 47449 8 10235 4895 27964 5
66 16 59 2794 6 10861 13 3 3272 148 189 7539 36278 19 47449 8 10235 4895 31 177 396 5
81 644 4 43 3439 3 216 57736 2770 10 503 61 7 708 14431 4 40479 35 31524 33 2828 333 58 31524 35 40479 33 10 3 267 7 3 1178 628 197 4 8 31524 35 40479 33 18 333 58 40479 35 31524 33 14 3 1826 628 5
10052 4 3 678 10 47 47449 8 85274 31 2164 340 34 321 6 3292 3272 5
527 4 23 866 13 23 16 22663 6 40372 2780 32 17807 543 5018 8 153 3 31660 623 58 3 43655 678 53 189 85274 35 33 8 31524 35 33 27 45 333 58 35 85274 33 8 35 31524 33 10 500 61 7 708 745 5
238 277 9428 10 8941 10873 4 23 16 4116 6 8612 3 773 15 290 1570 1427 106 3 165644 569 2442 19 290 3768 2125 31 1618 523 5
1655 9 18423 397 7 1069 4 23 16 333 6 19491 10900 2520 19 798 2125 4114 5464 35 2156 7 788 510 7825 37 27 45 2655 21 206 33 4 44 10 1407 23 16 59 7 485 3238 14 3 229 1938 6 2769 32 3206 1760 148 189 3768 3351 95 21 34 6 1528 2475 206 834 5
24106 4 65588 503 8 500 210 3 2125 4114 8 2125 25547 5464 14 3 96830 303777 36278 4 3995 5
20498 503 5
2125 4114 3768 713 8 2029 64441 14 3 96830 36278 5
1684 1178 1480 1826 5371 75335 35 85274 33 33264 35 27063 33 52481 35 33140 33 35531 35 28544 33 54982 35 28442 33 39964 35 31852 33 42475 35 28544 33 35 31524 33 34030 35 28544 33 51271 35 35789 33 33264 35 28940 33 59305 35 28442 33 40181 35 35531 33 43411 35 31852 33 40479 35 85274 33 33783 35 28940 33 55973 35 27063 33 33783 35 28107 33 60722 35 27063 33 42098 35 35531 33 39565 35 31852 33 40479 35 31524 33 34030 35 28940 33 43849 35 27063 33 34030 35 28107 33 59709 35 35789 33 40181 35 31852 33 42475 35 27063 33 85274 35 33 35531 35 28544 33 53729 35 27063 33 35531 35 28544 33 60226 35 27063 33 37931 35 33783 33 42475 35 28940 33 85274 35 40479 33 35531 35 28940 33 52127 35 28940 33 35531 35 28544 33 60722 35 27063 33 40181 35 33783 33 42475 35 33140 33 31524 35 33 33264 35 28940 33 52481 35 28940 33 33264 35 28107 33 53671 35 28442 33 37168 35 33140 33 33140 35 25343 33 31524 35 40479 33 34374 35 28940 33 52481 35 33140 33 34030 35 28107 33 59709 35 27063 33 37931 35 31852 33 42475 35 28544 33 20498 500 5
2125 25547 3768 713 8 2029 64441 14 3 96830 36278 5
1684 1178 1480 1826 5371 75335 35 85274 33 37168 35 27063 33 37118 35 28544 33 36499 35 27063 33 25343 35 25343 33 37168 35 28442 33 28442 35 25343 33 35 31524 33 36499 35 28107 33 29487 35 27063 33 36499 35 28940 33 25343 35 64283 33 40181 35 33783 33 33140 35 64283 33 40479 35 85274 33 38161 35 28940 33 28940 35 28107 33 36499 35 27063 33 64283 35 64283 33 38161 35 31852 33 28442 35 25343 33 40479 35 31524 33 34030 35 28940 33 35789 35 27063 33 34030 35 27063 33 64283 35 64283 33 39515 35 28940 33 31852 35 64283 33 85274 35 33 37118 35 27063 33 35789 35 28544 33 37118 35 33140 33 25343 35 64283 33 37177 35 35789 33 33140 35 25343 33 85274 35 40479 33 36499 35 28940 33 28940 35 28107 33 37177 35 28442 33 64283 35 64283 33 38161 35 33140 33 28442 35 25343 33 31524 35 33 34374 35 27063 33 33783 35 28107 33 34030 35 28940 33 25343 35 64283 33 40181 35 27063 33 40904 35 27063 33 31524 35 40479 33 34374 35 28544 33 35531 35 28544 33 33264 35 28940 33 64283 35 64283 33 38161 35 31852 33 33140 35 25343 33 117091 3 522 10 20498 503 4 57 71 10992 13 189 40479 35 85274 33 8 31524 35 33 3439 3 2654 2125 4114 5464 10 341 61 7 708 14431 4 742 3 3272 42 34 17281 964 5
81 3 267 7 3 2125 25547 5464 392 10 20498 500 4 3 282 96830 12516 866 6 35471 6 40479 35 31524 33 9863 3 2654 3768 713 10 459 61 7 708 14431 4 979 24 31524 35 40479 33 8 40479 35 85274 33 19 3 2654 2125 25547 5464 10 341 61 7 708 14431 5
81 10028 4 427 76 1250 3 108 773 1170 322 220 4 3 508 2334 71 26 16778 53 2778 17 282 1308 4309 35471 6 3 96830 303777 36278 13 231 47449 8 10235 4895 4 8610 7 3 678 10 47 43 31 3677 5
2778 81 614 4 3 3272 10 2125 4114 8 2125 25547 5464 1230 34 6 26 17281 964 5
2778 355 9375 3 31660 10 9 96830 12516 4 23 866 13 3 8062 7 4309 2768 53 23 16 333 6 231 74 32 17807 33498 3394 1264 35 85274 49 10235 4895 33 979 24 3 31660 5
45239 4 658 4 14 3 3092 85097 1826 628 197 4 35 85274 33 8 35 31524 33 321 6 3 2654 2125 4114 5464 19 3 216 2125 25547 3768 713 58 3 1652 6599 5
81 46 162 4 9 84 17592 14 510 3490 29 45 1589 24 10503 523 303777 12516 4309 4 19 3 3316 7 9863 333 773 522 58 3 837 36278 5
145 71 26 4129 21 9 96830 12516 1217 13 10556 628 8 17807 33498 3394 5310 14 3 1444 7 7539 36278 5
81 1654 4 8 47449 27 45 351 21 3553 7 628 27964 14 7139 25828 4 8417 3 6951 5018 8 10235 4895 27 45 220 21 6200 7 3 17807 33498 3394 4538 5
520 2794 7951 71 26 2682 25 3 8365 1303 61 5
81 614 4 3 96830 303777 36278 27 1601 3 282 522 10 970 7 57736 4 96 142 321 6 964 470 2055 10 510 2620 2333 5
1249 3 1414 7 3 1654 96830 12516 1506 16 533 4 23 866 13 3 8775 231 7 47449 8 10235 4895 10 120 678 12134 333 58 3 83 16691 5
79 380 5039 25 3 8365 16 13 538 3 31660 103 90 17807 33498 3394 5018 16 1798 1734 58 3 43655 678 4 907 10 3 267 7 10503 19 10235 4895 5
2625 8249 14 454 601 27 2061 25 46 542 53 35 4114 33 659 2975 3 1379 2376 6 83 12516 6599 109 35 25547 33 659 6786 3 36278 4400 10 3 1379 162 19 83 4309 13 7801 523 536044 35 14 946 4 35432 49 14094 83538 10556 2489 1084 536044 7 523 3351 15 9 837 628 197 33 109 8 35 31883 33 659 5576 3 2177 7 538 102089 303777 36278 4 13 16 4 6 2975 3 221 7 36278 13 31 8775 220 5