17 26110 7 49474 5309 35 43826 33 10 650 1443 16 34 5973 6 23955 8 532 97 4 44 59 21 251459 6 2882 3 190905 19393 21 32 2155 6 3 4759 4537 8 6728 10363 5
931 251459 4 59 424 21 1586 10363 27 45 3639 3677 10 117 4122 650 1443 133 21 11449 4 54575 11107 4 8 2760 100698 463 6 40 53562 4 1906 24656 4 9384 5615 8 3033 23955 3212 14 3 1746 5
527 4 3 1678 3351 7 43826 4309 558 132 23 841 6 1865 15 3 104 6943 31660 6 26 3677 14 120 1654 284 5
16816 4 10 46 1381 4 80 581 9 3010 6854 1339 7 307 43826 27964 6227 21 251459 10 4122 1443 671 19 40 9063 4 9705 4 5238 5940 8 10602 148 57 184 6 3929 1296 10 13896 8 12430 3 161185 543 251459 5
8932 601 5772 8 8249 10 63266 8 6005 3 9573 7 192 251459 10 1678 4122 1219 2367 31 59 2209 5
49474 5309 35 43826 33 4 24 6300 16 3 1175 7 3149 49 83 4081 10 4149 1715 13 1871 746 1442 5
66 29 4200 1296 15 50 9648 8 4860 121 3 12372 20338 648 35 4 744 33 5
1718 4 46 5018 29 45 1940 220 10 1678 2333 150 482 4 22629 4 784 8 650 532 5
81 650 532 4 50 2673 29 616 3643 34 97 110 220 10 23955 8 532 44 59 21 3648 6 2882 841 6 1415 19393 4 424 21 251459 5
1526 161185 543 251459 31 46333 27964 1254 6 4764 3 190905 19393 13 31 964 10 1572 3 164 9464 532 382 7 9 284 5
158 31 59 4605 21 1586 49 4731 10363 8 28020 307 27964 150 7732 32542 992 35 49894 33 4 22190 8783 4 4624 31660 35 37566 33 8 2516 284 35 41645 33 5
158 71 26 1589 538 1586 133 21 415722 8 8 6227 15 3 2190 650 1513 6 4764 190905 684 133 21 7353 4 4879 4 2760 28473 4 16716 2059 8 67542 5
1516 5238 20260 1586 220 14 21853 684 31 164655 35 73239 7203 3323 33 35 228097 4 274 33 4 35 11740 33855 23955 7 7039 284 33 35 12929 4 1278 33 4 10797 35 59934 33 35 63430 4 18150 4 323 18150 4 1095 33 8 7039 30730 35 33 35 20083 4 8310 78655 4 323 63298 4 2773 33 5
2382 161185 543 251459 42 2042 4 1296 27 45 538 3 4759 4537 10 4122 650 1443 4 14 946 3 14536 4 43463 83924 87721 35 33 4 9343 7927 14536 8 4537 5
931 4537 59 582 206 37582 3800 8 27 40 3703 9063 65 3677 10 4122 1513 884 4 21 2679 10 307 254010 35 4 1095 109 91728 4 4 4 552639 4 323 4 590 109 4 1515 109 4 4 323 4 280 109 6355 4 11163 4 35194 4 20134 4 323 4 1278 109 63697 323 4 2391 109 187228 4 278804 4 18036 4 323 3751 20149 76968 4 2076 109 4 4 100333 4 323 4 744 109 130131 4 333107 4 323 529110 4 280 109 6794 4 28700 4 323 18150 4 2773 109 188208 323 4 590 33 5
527 4 161185 543 251459 31 2239 2538 6 107817 7302 87 31 893 10 3 19393 8 31 488 6 1262 89 3881 677 6 3 4759 4537 5
6459 13 4 192 161185 543 4011 10363 31 488 6 162 10 8690 19 6728 10363 14 1691 317 907 6 7367 15172 10 3 1443 35 64229 4 158208 4 323 4 744 33 5
527 10 1087 2333 4 43826 3893 27 45 2164 19 4759 4537 424 21 5373 251459 4 47 539 22190 83924 13720 35 33 35 50472 323 503499 4 274 109 503499 4 4 323 50472 4 502 33 8 26914 32542 992 14536 35 33 35 4 4 323 4 359 109 4 418685 4 4 323 9564 4 1515 33 2638 6 474 40 3800 5
6297 15 3 1723 4084 7 7623 43826 21 251459 10 4122 650 1443 4 307 1165 3174 31 558 10 6854 44 43 31 34 3592 8 3972 97 1087 43826 27964 5
273 946 4 1376 108735 8 133534 35 1515 33 27 1252 9 814 1165 7 49894 97 8 677 23 19 8 33855 4537 5
228097 35 274 33 29 2921 307 2333 7 49894 10 4122 3685 150 50 9573 21 251459 125 8 14882 27 35 4 208268 4 323 26740 4 3495 33 1252 9 1165 15 49894 8 71179 1443 10 15547 5
8 51610 59 677 1678 96734 37582 538 5373 37566 10 307 37984 2520 35 4 199634 4 141112 4 4 323 4 911 33 8 307 2333 7 1442 1443 10 650 3685 27 59 45 5764 24 26740 8 10583 35 26740 323 10583 4 3495 33 5
1471 1165 29 45 617 24 185516 8 51610 15121 43 2921 307 4011 10363 10 650 3609 35 185516 4 491340 4 323 4 280 33 8 3 9384 12251 7 3 4538 35 185516 4 4 323 491340 4 2076 33 5
6459 13 4 35 1095 33 8 515729 4 94931 4 8 52388 35 2391 33 27 7802 70 43826 2333 10 3 25124 8 351174 3995 5
81 1243 4 10907 8 14882 27 2994 15 37566 21 251459 10 614 27728 8 108140 1443 35 10907 215603 323 4 3401 33 5
12502 4 10 46 1381 4 80 27 5764 8 1252 9 3592 858 7 43826 27964 13 27 45 3677 21 251459 10 4122 650 1443 24 10407 40 9063 4 9705 8 5238 5940 121 23 16 34 558 10 120 6854 22 1379 5
32652 10 13896 3 537 31660 14 9 2190 284 31 59 392 4 6 185 1296 10 6098 3 104 3206 31660 13 5826 40 284 92 43 31 6 2780 43826 27964 21 251459 5
34417 31 59 392 6 240 143 6 1800 192 161185 543 251459 4 70 7 47 31 3093 8 533 4117 7 46 1381 5
435 3 5385 2124 4 43826 3677 21 251459 10 4122 650 1443 31 2994 10 8941 341 5
8941 459 15682 3 32908 8 6200 7 3 2333 125 3 9063 4 9705 8 426 8249 31 392 10 58486 503 5
8941 500 10761 3 1165 5
17 9573 7 43826 27964 21 251459 10 4122 650 1443 16 1621 974 463 6 40 53562 4 1906 24656 4 1369 6 1746 8 6633 9384 5615 5
158 59 112 34 1871 556 2505 7 650 223016 4 47 31 22 400 841 6 26 3455 25 3 1695 108140 3225 7 4122 6589 792 5
17 43826 27964 13 27 45 3677 539 3 7732 32542 992 35 49894 33 4 22190 8783 4 4624 31660 35 37566 33 4 2516 1443 35 41645 33 8 5373 1443 5
527 4 3 2726 8 2665 2000 7 192 27964 132 23 841 6 1865 15 3 6943 5018 6 26 220 10 120 1654 284 5
12502 9 1339 7 290 31660 3677 21 251459 10 4122 650 1443 4 21 2209 10 46 1381 4 16 533 6 5306 3 7444 7 290 31660 8 3929 1296 1537 3 1746 7 3 161185 543 251459 14 120 1654 4122 650 284 5
49894 16 3 104 974 27964 3677 121 50 7453 16 3982 8 71 26 3559 6 1849 3 650 543 15 3851 628 35 4 4 8648 4 323 96775 4 1422 33 5
6459 13 4 23 1708 272 8958 8 4547 100410 141 65 893 4722 10 3 650 35 19118 4 5014 4 134099 4 323 63429 4 911 33 5
81 614 4 49894 14209 6 3 4859 7 3 746 2032 4 9286 7 9 221 7 1906 17253 49 23791 4 47 31 6103 76 10746 21 12859 10 98586 8334 5
81 3 1233 4 176 79 2464 3 61279 10 746 125 176 2636 842 61279 10 3 49894 35 4 4 323 7894 4 6833 33 5
244271 10 9545 10746 7 49894 31 3797 24 16036 3151 2674 5300 25 57 9419 6 3 161 9545 9419 5
1526 3151 27 28579 17509 13 31 3677 6 3 29132 7 9 61279 5
49894 19601 137 3 3629 11141 7 3 17509 6 4498 3 13228 3354 3905 5
17 4018 850 2981 7 49894 9286 7 9 156936 2981 15121 87 31 4438 30864 10 148 3 9796 8 3354 10746 5
527 4 87 16 93 2190 5018 6 4498 3 221 7 3 4438 30864 8 23 16 7081 543 15 794 8 3768 1625 6 384 3 3206 221 7 30864 13 36 581 3 282 522 35 4 4 323 4 2560 33 5
2843 8 49894 61279 4102 98586 8334 5
2843 8 49894 61279 4102 5
11880 351 25 12283 3462 5
35 6833 33 53 20406 7 7732 32542 2642 10 4122 544 5
9007 8 667 3136 3 7254 7 49894 133 21 3 3070 7 32542 992 110873 4 262163 4 2858 25017 4 2854 4309 4 325 244038 565 8 16117 7 551954 71 26 170 10 1678 8785 35 283136 323 4 3952 109 97661 4 5164 4 323 14776 4 1278 109 4 4 323 537914 1376 4 1278 109 323 13115 4 2391 109 286167 323 281285 4 1515 109 228097 4 274 109 323 4 1278 109 32559 4 3824 109 68687 558915 323 17877 4 1278 109 2223 323 4 4540 109 15457 4 3401 109 110475 323 14815 4 744 109 4 3728 109 6794 4 10141 4 323 168683 4 359 109 4 4 4 323 4 2391 109 10141 323 32246 4 1095 109 10141 323 5363 4 2804 109 10141 4 1278 109 35 10141 4 4 33 109 10141 4 1319 4 5363 4 323 4 2773 33 5
134 27 59 5042 90 7 192 1056 10 74184 79 5
10526 4 3 46333 470 8 89 14 9375 3 32542 2642 71 26 42726 92 3656 1959 7 928 21 5042 10 3 40491 71 26 979 2402 5
273 21853 19393 10 4122 650 1443 4 307 3351 7 49894 71 26 220 133 21 3 4018 850 32542 2642 35 321658 33 4 15665 30037 1050 35 166247 33 4 43684 30037 1050 35 33 4 70865 1625 4859 2642 35 33 4 8 3 3157 32542 992 35 488090 33 35 7744 323 15669 4 3495 33 5
3194 2981 29 40 209 2000 8 3 10602 31 2888 61 10 20498 8334 5
81 1243 4 20498 7013 35 9 33 1708 3 1056 7 3 2333 7 49894 10 4122 650 1443 4 47 539 3 6905 7 3 100410 4 40 1432 5948 4 1513 884 694 8 4279 8785 1547 6 290 7 3 2333 5
20498 8334 5
75250 7 307 49894 6294 5
720 5
141302 7 49894 7970 2000 218263 162757 249 18659 850 32542 2642 35 321658 33 2778 31839 4859 8 1871 528 1058 7 928 628 2778 223651 26920 11065 7410 2778 15633 6 5507 2778 27725 23462 2778 28582 14130 2778 46516 220 14 17087 4859 60029 341 79936 30037 1050 35 166247 33 2778 274407 24 389636 9464 5595 25 3354 7 4438 30864 119 6 29132 7 4438 30864 2778 96176 7 21853 650 19 2571 12911 14130 2778 720 2123 14 3 221 7 684 2778 52355 6 504204 2778 12266 71 26 89 12725 459 163684 30037 1050 35 33 2778 170070 389636 9464 5595 25 3354 9419 6 9 4438 9419 2778 15633 6 504204 2778 18214 1746 8 71 231 498 2770 6 504204 684 2778 11292 7 684 383 26 3 216 21 1506 55906 2778 12266 71 26 89 12725 503 141156 1625 4859 32542 2642 35 33 2778 86265 4859 220 71 26 201026 49 352343 2778 2420 34 2780 119 71966 14 928 2778 8235 3538 6 15721 5266 2778 52168 928 2778 1203 6943 14 19372 565 2778 10206 221 7 4438 30864 666 500 198361 217193 32542 992 35 33 2778 26406 9419 16 3 30037 9419 8 3 83 67 9419 16 543 15 119 71966 2778 52168 23462 2778 8235 10119 10 3 1746 2778 1329 17852 2778 27725 928 463 6 30026 2981 708 3157 32542 992 35 488090 33 2778 34222 24220 7 2059 148 23791 8 38230 4859 7 290 23791 8255 2778 59555 6 1457 893 44 149 581 206 37582 141 19 9833 19393 2778 180132 5473 15 12540 89 8 2007 19393 20498 7013 5
19850 2333 7 161185 543 251459 10 4122 650 1443 5
141302 35 2106 33 4478 3677 29091 5948 79923 35 9 33 49894 21 251459 10 4122 650 1443 321658 244862 236406 6784 25017 3768 35 700 202 33 35 12283 32330 4 1422 33 49894 22122 8 96110 7353 52064 6 4417 2800 35 64229 12283 32330 4 744 33 49894 84420 11975 54575 4848 3589 14 46302 54575 276 241838 35 5014 4 22605 4 323 22605 4 744 33 49894 84420 11975 54575 4848 83236 117 29132 19 5050 522 35 5014 4 22605 4 323 22605 4 359 33 65179 32542 992 12240 11975 115250 54575 4848 1692 8958 19 3254 1070 35 1376 378120 12283 32330 4 2560 33 49894 43534 7468 7 39862 1247 115250 54575 4848 205104 37582 773 4 185 6 6298 1308 532 35 34483 4 35194 4 4 32611 4 323 359809 4 2391 33 49894 12240 11975 193563 54575 4848 34222 3768 35880 35 94812 323 4 590 33 49894 3669 4 2245 11975 4 41928 5514 74994 54575 52064 6 1952 55 928 14 333 10900 35 38883 4 8075 4 323 35419 4 1515 33 12240 26735 74994 54575 3589 809 19 2755 871 35 4 100333 4 323 4 1278 33 49894 238600 58559 54575 4848 51848 522 141 19 20754 35 19118 12283 32330 4 911 33 166247 95050 1247 1277 269876 7466 20877 10900 907 10 5365 4195 642 35 228097 4 274 33 166247 53849 7466 7353 290871 3589 10900 6786 19 43463 83924 87721 35 33 35 228097 4 274 33 488090 8905 7 3057 4 2760 85612 290871 83236 284 19 5266 35 7744 323 28700 4 2391 33 49894 79354 19393 128534 3589 37582 14 26653 2673 35 1376 108735 323 133534 4 1515 33 81919 7353 128534 54227 37582 543 15 25571 652 154 928 35 145362 4 4 462948 4 323 4 2804 33 32767 7353 128534 77966 37582 22 70 108 16200 35 14608 4 46279 4 21431 33 35 7894 12283 32330 4 274 33 321658 37761 31069 489 4 1863 5202 6942 489 128534 1692 8958 141 3 928 628 16 1842 8 1176 470 463 6 3 2807 35 500915 323 4890 4 1095 33 49894 37761 2199 2589 85612 125225 3589 10900 141 19 5266 35 323 5567 4 1278 33 49894 6077 3057 713 7 150930 2052 7466 3589 37582 141 276 2007 9513 35 323 4 1095 33 49894 360937 4 7800 7353 5543 11775 7466 35 33962 33 289139 71 26 617 525 9962 35 4 89118 4 323 16342 4 744 33 49894 2760 531 74994 7466 77966 8 2025 37582 35 14903 4 11997 4 323 356184 4 1515 33 321658 193563 67542 4 36623 1247 1277 269876 7466 30553 37582 92 543 97 15 3 2007 11775 1215 7 35713 67542 35 10141 4 5363 4 1319 4 323 4 2804 33 152711 130820 193563 67542 4 27151 269876 7466 3589 10900 19 67542 35 10141 4 5363 4 1319 4 323 4 2391 33 49894 91528 7353 4 2760 7 3057 269876 7466 2196 236 14555 7 57 12911 14 928 35 12929 4 1278 33 49894 234673 4 91528 7353 269876 7466 205104 37582 773 35 7277 4 19366 4 323 7446 4 2391 33 30085 4385 269876 7466 3589 37582 13 852 2726 7 5559 23394 154 928 35 350122 323 4 2804 33 49894 61210 4879 269876 7466 6784 37582 3768 35 33861 323 2552 4 1422 33 187384 130820 22213 8 221 7 596 20502 269876 7466 40950 37582 3768 35 10141 4 4 33 166247 95050 1247 1277 269876 7466 35 33962 33 77966 10900 72 1773 1079 7 4195 566 35 10965 323 228097 4 2773 33 49894 43847 7353 14591 75750 3800 35 10040 4 109251 4 133534 4 24460 9516 6690 4 323 133534 4 590 33 49894 11685 7353 4 4122 27999 287421 650 3589 809 19 3 871 25 797 650 35 28242 4 6794 4 34792 4 323 3454 4 502 33 49894 121680 8 424762 7353 4 19407 1863 7353 35 33962 33 96368 7 37582 16 460 4568 35 31852 202 33 35 22926 4 32883 4 94931 4 323 4 3495 33 49894 167586 4584 7353 4 16171 2052 15183 35 33962 33 205104 680 13422 10 72365 35 483 7283 4 211328 4 323 4 3495 33 321658 4 81919 7353 3589 37582 141 19 13422 10 4047 85612 35 880 4 130764 4 323 4 1422 33 49894 73272 8 18982 4879 4 221 35 92080 33 9785 18982 284 52064 6 1128 3 3768 7 37582 35 4 1278 33 308437 27300 223016 35 33962 33 49307 2082 8 488 6 1262 72 10104 7 130820 154 2854 35 385767 4 53700 4 323 4 1095 33 49894 168511 4 108898 4 98826 1291 115250 284 35 61917 33 6784 37582 3768 35 79248 4 4 323 183568 4 2804 33 49894 8905 2589 489 8905 100698 51848 10900 871 677 19 2755 871 35 4 1095 33 49894 8905 28473 8905 100698 53139 16 543 15 424 9345 628 35 30119 12283 32330 4 1422 33 49894 19986 1253 158384 5543 2883 77966 37582 6786 19 2755 2770 10 6939 2883 35 12283 32330 4 2560 33 49894 145254 1863 99722 205104 10900 773 35 323 5241 4 1095 33 49894 9849 24284 7332 489 9849 24284 2807 650 1692 23462 35 12283 32330 4 744 33 49894 48034 99002 1070 2916 7465 130451 3589 809 19 2755 871 35 323 155969 4 1515 33 49894 77250 1646 19811 35 17453 650 33 18214 24656 35 20083 12283 32330 4 2773 33 321658 13947 25124 489 13947 25124 650 1692 8958 8 5394 677 19 2755 871 35 20928 4 1053 4 1320 4 323 1522 4 2391 33 47119 2038 7 3338 13947 25124 650 53139 16 543 15 85846 2376 35 13115 4 4 4 323 105258 4 744 33 49894 52224 28321 4 3349 7353 30239 14 32782 5862 1943 88304 14 841 1506 726 650 35 101516 323 4 274 33 321658 37515 26735 3711 34806 1457 49307 2082 1918 58091 7 3 152482 35 63430 12283 32330 4 1095 33 49894 176880 4 19925 7353 231643 650 35 33962 33 3589 37582 543 97 57 695 5559 19393 35 4 20928 4 323 4 2391 33 68904 8 26097 9657 7353 4 68904 727 28473 7465 33417 115448 145669 24 53611 117 11763 2770 35 6794 12283 32330 4 502 33 321658 105850 2038 7 21015 32732 22530 650 8578 1175 10 7678 19349 2038 35 12283 32330 4 2076 33 49894 27619 47129 723 17593 509 953 1457 35 9497 33 3589 10900 141 65 221 7 30864 31 1842 35 12283 32330 4 3495 33 35 8862 33 80440 34074 21 251459 10 4122 650 1443 80440 35 150283 33 384507 19393 8905 100698 77966 2882 276 120 1117 10363 35 12283 32330 4 2560 33 80440 35 150283 33 39097 6999 6942 489 4 2190 11956 31069 489 68450 176 121 3354 71 26 1752 3455 25 1396 176 35 12283 32330 4 1095 33 80440 1810 17272 7 63961 107903 1692 17272 4 488 6 1128 48 58 575 202 7 3 470 35 77844 4 10583 4 58105 4 323 20928 4 2560 33 80440 36349 7 87908 1193 110409 953 1457 1692 8958 13 488 6 1297 3 150945 35 32867 323 4 1278 33 27143 80440 69958 8905 28473 48034 9785 18337 25994 4620 14015 23462 35 7744 323 1604 4 274 33 80440 12240 7353 5543 11775 7466 15633 1746 35 137415 4 2773 33 80440 7100 16347 13671 1457 35 85562 5
4478 12084 33 77966 19 8355 37582 900 35 258197 323 2641 4 3401 33 80440 35 468620 67823 33 151182 4 13409 797 489 103510 205104 773 19 396 44398 35 323 4 590 33 80440 8258 770 35 281072 33 64616 1291 306480 2883 7466 40950 9796 23394 15209 35 7914 4 359 33 80440 35 468620 67823 33 55568 15 44674 15721 8 16173 106505 10291 320236 7466 35 33962 33 205104 141 19 9833 1219 1215 35 12283 32330 4 2391 33 35 8258 33 41645 21 251459 10 4122 650 1443 41645 137927 7 47129 17593 509 953 1457 3589 10900 141 65 221 7 30864 31 1842 35 12283 32330 4 3495 33 41645 400933 2509 7201 110409 953 1457 54340 261 1729 14 454 953 650 35 376645 4 4 323 240813 4 2391 33 41645 12240 3154 4 4879 10765 390 54575 4848 52064 6 16895 3 3768 35 12283 32330 4 274 33 35 5547 33 37566 21 251459 10 4122 650 1443 37566 36349 7 87908 1193 110409 953 1457 1692 8958 13 488 6 1128 3 470 35 32867 323 4 1278 33 37566 93105 2916 56121 14188 35 33962 33 1692 8958 24 3096 3 1153 3703 3768 35 323 88394 4 2560 33 37566 47119 7353 4 4879 7 51470 8 177999 7466 1692 7332 35 243328 12283 32330 4 274 33 37566 71900 290871 162941 3768 148 3 1221 8 197 397 4879 35 312355 6980 66281 12283 32330 4 359 33 37566 105850 2038 7 16016 32732 22530 650 8578 1175 7 26653 37582 35 12283 32330 4 2076 33 37566 16908 9796 96734 6465 390 12002 51848 10900 35 10262 4 4 138876 4 323 4 911 33 35 16054 33 22510 1443 21 251459 10 4122 650 1443 36349 7 87908 1193 110409 953 1457 1692 8958 13 488 6 1297 3 150945 35 32867 323 4 1278 33 272507 41748 6825 35713 54575 4848 49307 8 5050 37582 35 323 4 590 33 55568 3905 10 17105 4866 17105 3589 37582 680 1506 32421 35 323 122817 4 359 33 64616 1291 269876 7466 35 33962 33 52064 6 3769 3 695 928 3961 565 35 7914 323 19959 4 2560 33 20502 596 269876 7466 14015 37582 35 4 4 323 22414 4 911 33 81919 7353 4 108898 128534 14015 23462 35 105502 12283 32330 4 911 33 391396 3241 509 10 390 61917 205104 773 19 396 44398 35 12283 32330 4 2076 33 93105 2916 56121 14188 1692 8958 24 3096 3 1153 3703 3768 35 323 88394 4 2560 33 81842 89 4 6751 775 20409 6751 91430 650 6784 37582 3768 276 3 2505 7 6751 91430 35 455226 323 83695 347388 4 1278 33 12240 4047 4 727 26735 306480 2883 177205 33138 152482 907 14 1812 650 35 30412 4 6793 4 24087 4 4 323 32867 4 1278 33 234673 7353 269876 7466 77966 37582 276 3 2505 7 1506 2981 35 36355 323 11997 4 911 33 234673 7353 4 4879 269876 7466 3589 25017 522 4 2025 23462 35 22803 12283 32330 4 359 33 42003 2326 459 6462 10 507 52064 6 3383 5266 8 13422 7 3 160269 650 35 2850 323 4 2773 33 2978 167137 2978 18717 650 35 33962 33 1692 8958 543 15 1723 221 7 29132 35 11997 4 17641 4 323 36355 4 1422 33 713 8 7353 74994 7466 14015 23462 489 35 6794 12283 32330 4 2076 33 32298 489 31839 2883 7466 3589 10900 276 231 7 1506 14392 35 62011 13320 323 4 2560 33 164751 78180 35 449354 33 27619 2760 28473 101752 14188 14015 23462 4 4547 10900 35 22803 4 30119 4 70027 4 53618 4 323 7277 4 590 33 34457 10279 4 39266 26735 107903 6784 37582 3768 35 200255 323 6309 4 1515 33 22190 34457 302102 15183 322302 4848 35 33962 33 205104 680 13422 10 4018 489 35 295162 12283 32330 4 744 33 22190 78180 79354 19393 546470 8303 15264 5923 650 30553 23462 4 488 6 1262 8225 23462 35 7277 323 28466 4 2076 33 22190 32542 78180 81842 28321 8 10021 509 4879 20409 6751 91430 3589 83538 5615 35 6793 12283 32330 4 1422 33 1471 161185 543 31660 13 29 45 3677 21 251459 10 4122 6589 16 3 22190 8783 1217 5
80440 8783 1131 15 22190 2757 13 4459 3 3235 2980 7 32 5606 5
999 6300 4 23 16 9 2125 7 8783 49 41748 5794 8783 13 34152 48 58 100 64211 8 137874 2770 5
66 71 26 3380 19 3964 7 57907 8 257734 10 3 1079 7 1356 1362 114 6494 16 6474 137874 8 249 16 6474 64211 5
66 18 2042 24 163251 10 8346 137 30 1381 15 22190 2757 8 3 2673 29 343 177 974 121 6104 35 4 744 33 5
80440 8783 9286 7 307 3893 133 21 3 25429 12911 8 2770 4 22190 954 4 4333 4859 4 22190 42101 8 5
931 1056 142 26 170 10 307 8785 35 4 2804 109 4 4 323 66848 4 2076 33 5
80440 189521 4 80440 468620 67823 8 22190 8258 770 31 297 3 22190 8783 6294 13 27 45 220 6 1800 251459 10 4122 650 2367 5
80440 8783 29 45 3677 21 251459 463 6 40 1906 24656 8 1175 6 10366 4301 50867 2770 7 19393 4 14 946 4879 4 1952 8 4801 5
7448 4 57 33192 7 22190 8783 16 13 3 522 1484 5524 15 3 221 7 954 4 42101 1443 8 3 2125 7 4333 4859 3677 5
10526 4 87 16 93 32908 6 4498 91 44 19 794 8 3768 49 543 15 271 4485 825 6 49894 35 4 39794 4 4 323 4 2560 109 2550 323 4 2773 109 7914 4 359 33 5
20498 7013 35 8862 33 4995 61 70 3 2673 7 22190 8783 21 251459 10 4122 650 1443 5
11271 25 49894 8 22190 8783 4 2516 1443 35 41645 33 8 4624 27964 35 37566 33 27 59 45 3677 6 1088 251459 10 307 4122 650 1443 5
41645 16 32 7112 284 13 71 581 317 8 2516 1987 8 16 59 424 21 2505 543 2516 284 21 23 5473 15 528 1058 7 2505 6 4855 544 5
187 31 6008 218 3351 7 31879 5898 13563 1396 543 41645 4 5483 543 41645 4 267 543 41645 4 80440 41645 8 186564 22190 41645 5
1396 543 41645 16 32 6635 7 2505 10 3 916 7 954 6 4855 544 5
66 16 3868 76 67 1172 47 31 18743 53 133470 35 33 8 45770 53 476347 35 33 5
208 87 31 117 78117 4 3 3802 8039 21 166 21 21323 16 220 6 2164 91 70 5
931 954 31 3 104 974 2125 7 2505 8593 5
41645 29 45 3677 21 251459 463 6 50 1175 10 8398 1682 4 4284 4 24804 4 5310 8 187739 5
66 29 218 2370 5937 13563 2505 1084 4 5536 4 42101 2869 4 5230 2089 8 4650 11924 35 8304 323 6193 4 3952 33 21 13075 10 98586 7013 35 170631 4 106399 4 323 148909 4 2560 33 5
527 4 23 16 13832 3677 21 251459 121 23 16 1574 10 50 7453 6 4330 124 3 544 9962 35 323 69857 4 3495 33 8 23 59 97 12244 57 2104 22 9 89 5
145 71 26 381 10 20498 7013 35 8258 33 5
622 2155 2104 16 3 37566 4 15121 23 16 488 6 3855 117 16079 2506 8 852 1296 6 2401 25 307 6599 14 9863 282 522 35 323 69857 4 3495 33 5
59836 7 32 2516 284 98586 7013 5
59836 7 32 2516 284 5
11880 351 25 170631 12283 3462 5
35 2560 33 53 79 1165 7 726 8 2673 7 2516 1443 5
17 37566 4102 18 74 2042 24 7731 10 3 3566 19 3 3316 6 132 3149 112 96 2129 340 35 11163 4 3495 33 5
81 1375 66413 4 31527 31 32647 3467 8 31 488 6 16201 628 76 46302 12295 3897 5
3194 628 16 3 7732 28451 13 9286 7 9 507 7 46302 3893 49 6594 8 16 3380 24 12295 424 21 61610 5
10052 4 3 8557 650 10 37566 36 5339 3 47081 31527 14 24038 8 16 230 6 1657 3 47081 12897 496 3 31527 5
527 4 121 3 3394 16 160269 4 3 1193 36 816 3449 285 9 7156 28451 1464 8 46 16 57 7 50 9705 4 114 3 47081 6594 36 7474 3 1193 14 9 241 89 5
37566 29 59 45 3677 1940 10 307 692 150 650 532 4 3977 8 5195 122168 5
1113 37566 1708 206 4538 10 11381 421 363 133 21 21853 19393 4 23 59 5473 15 791 8 191244 5018 10 678 6 4498 333 17199 8 5197 5
66 142 159 307 794 8 5464 1959 103 3145 3 5043 84 5197 65 46 4102 16 3677 35 4 201251 4 66045 4 4 323 4 2076 109 10907 215603 323 4 3401 33 5
20498 7013 35 5547 33 1708 6200 7 2333 7 37566 21 251459 14 4122 650 1443 5
10087 4 1296 27 1589 27964 13 2164 67 49 48 43826 4309 10 96 16 226 5373 1443 5
931 27964 31 3677 21 251459 6 4417 3 9705 7 3 837 31660 8 6 454 474 3 152482 2106 3800 5
273 946 4 49894 36 97 852 14618 25 9796 6 55906 8 46 71 26 4417 24 538 3 33855 186564 22190 42101 1443 35 33 35 12283 32330 4 2076 33 5
15804 4 3 3109 63438 3 9063 7 290 7 3 27964 133 21 3 5373 32542 992 35 33 4 4 22190 32542 992 35 33 8 2516 284 32542 992 35 34457 523106 33 35 156676 4 69228 4 323 4 359 33 5
9007 7 3 2333 7 5373 1443 21 251459 10 4122 650 1443 31 392 10 20498 7013 35 16054 33 8 3 3351 7 5373 1443 31 392 10 20498 7170 19 40 9063 8 9705 5
20498 7170 5
57775 7 307 5373 1443 6294 5
720 5
141302 7 22510 5898 7970 23022 218263 162757 249 65179 186564 22190 196615 5898 35 33 2778 188396 15987 543 15 746 2505 8 17229 628 9906 2778 17244 7 67 1172 53 133470 8 4774 2778 162941 3768 24 7623 67 2854 27964 35 119 71966 8 5373 33 2778 52064 6 3383 1812 6589 2778 12756 2854 89 2778 14015 10 3145 30392 522 2778 75750 6294 31 543 15 794 8 3768 341 22510 133951 3673 35 33 2778 22510 3109 7 32542 992 8 74 5131 1506 2778 17083 30864 2778 8235 928 89 2778 14015 23462 2778 36887 1153 2842 3768 7 3 1221 19393 459 71674 66673 22510 133951 3673 35 33 2778 79 5373 2125 7 32542 992 2778 10555 26920 104177 14392 14 123690 3 190905 23394 2778 20780 23462 2778 88304 14 1087 19393 37582 97 503 80440 133951 3673 35 33 2778 170070 3695 7 22190 8783 8 49894 2778 41381 71 26 883 25 9796 6 3354 49 3354 6 9796 2778 90025 5473 15 3 221 7 628 1277 500 22190 5354 11686 35 33 2778 6297 15 5354 197 8 22190 8783 9648 2778 40950 14555 8 628 197 14 2790 470 2778 40476 13821 16 841 6 26 88852 708 22190 2516 4478 35 22190 34457 33 2778 75658 7 92 153 954 19 2516 1443 2778 52064 6 4855 544 2096 10887 10 19393 2778 40950 11036 7 954 2778 70704 7 22190 42101 5473 15 3 3225 7 3 1443 1203 2333 19 161185 543 251459 31 1254 538 3 415722 35 105502 12283 32330 4 911 109 94812 323 4 590 109 12283 32330 4 1422 109 36355 323 11997 4 911 109 137415 4 2773 109 7894 4 157715 4 8075 4 53267 4 323 53267 4 274 109 6794 4 76423 4 6794 4 323 12825 4 502 109 455226 323 83695 347388 4 1278 33 8 1586 35 1376 378120 4 8310 420417 4 6355 4 323 4045 4 2560 33 125 461 63438 40 209 1586 133 21 73239 7203 3323 35 164655 33 35 228097 4 274 33 4 11740 65179 117637 7 37515 5898 35 33 35 12929 4 1278 33 4 40347 35 4 4 323 4 3495 33 4 35 323 4 590 33 35 12283 32330 4 2076 33 4 281107 107442 92901 35 12283 32330 4 2560 33 8 35 323 122817 4 359 33 6 1800 3 251459 14 40 1443 5
81 46 2124 4 80 581 3 614 4005 15 143 6 5339 3 3206 43826 31660 6 26 3677 21 251459 19 946 7 90 3848 2333 10 678 6 1798 240 143 6 1800 161185 543 251459 14 4122 650 1443 5
1113 4 3 161185 543 251459 71 26 1254 276 556 2505 7 3 650 223016 4 80 36 149 231 3 650 1506 6 5306 3 7 3 650 5
76935 3 650 1506 8 3003 3 3225 7 3 650 16 3 74 1092 10 12430 3 161185 543 251459 5
145 16 979 24 10472 3 1221 19393 14 3 2190 284 133 21 7353 4 4879 4 14198 1291 8 775 5
2491 189 3 3225 8 3 1221 19393 27 45 1658 4 5517 142 6899 6 2401 3 3206 31660 6 26 220 5
17 2726 7 138 27964 754 23 841 6 1865 3 104 6943 31660 4 3847 9 32908 21 13075 10 98586 9610 16 7141 10 11381 1296 10 13896 3 31660 5
81 46 1381 4 80 1384 218 346 27964 13 27 45 3677 21 251459 10 4122 650 1443 13563 49894 4 22190 8783 4 37566 4 41645 8 3 5373 1443 5
3194 31660 22394 10 970 7 42068 8 29 40 209 9063 21 166 21 9705 5
17 10602 3136 9063 4 9705 8 5238 5940 7 70 3 27964 31 392 10 20498 9610 4 47 36 59 185 10 5261 3 3109 7 3 5373 1443 4 47 16 1589 543 15 3 9063 7 1570 27964 5
145350 14 6098 161185 543 251459 98586 9610 5
145350 14 6098 161185 543 251459 5
20498 9610 5
57775 7 43826 27964 3677 21 251459 10 4122 650 1443 5
43826 31660 218263 162757 48625 5940 49894 52064 6 1849 543 15 3851 628 4 272 8958 8 4547 100410 65 893 4722 720 2190 1051 7 3 4438 23791 8 23 16 535 543 15 794 8 3768 43786 10 3 8958 14 14555 7 19393 10 1695 108140 1443 80440 8783 18214 24656 4 1369 6 1746 8 488 6 10366 4301 50867 2770 7 19393 70932 15 3 221 7 954 4 42101 1443 8 3 2125 7 4333 4859 3677 248948 14 50867 6300 7 19393 10 841 6 1506 1443 37566 168335 117 16079 2506 8 852 1296 6 2401 25 307 6599 14 9863 282 522 2625 794 8 5464 103 3145 3 5043 84 5197 65 46 4102 16 3677 52064 6 2401 282 37582 522 25 307 4209 2104 14 1812 1443 41645 87679 10 8398 1682 4 4284 4 24804 4 5310 8 187739 12244 57 2104 22 9 89 8 2516 2505 383 26 558 52064 6 2882 19393 538 57 5050 2104 14 108140 1443 22510 1443 75471 3 9705 7 3 837 27964 8 6 474 3 37582 3800 4 3254 37582 19 48 3768 2807 17 24656 16 34 1906 8 1871 48 89 6 26 1589 60224 10 3 37582 3800 4 3847 852 333 37582 907 10 2957 19 20754 10 6589 81 678 6 2780 49894 4 3 628 6 26 220 14 928 8 25017 383 26 4783 6 4498 3 282 522 35 12283 32330 4 2560 33 125 22190 8783 16 3615 3677 121 23 71 1798 4301 3 121392 10 3 19393 8 50 1175 10 7138 64042 10 3 37582 522 35 4 4 323 156040 4 2391 109 7914 4 359 33 5
37566 15 3 83 881 4 16 10436 14 650 284 47 16 1369 6 2780 3 17904 4102 8 14 7470 117 16079 2506 6 2401 25 125 41645 16 3677 14 37582 745 10 287 108140 1443 114 97 57 2104 16 4783 6 4498 3 282 773 35 323 69857 4 3495 33 5
931 31 3 837 43826 27964 3677 21 251459 10 4122 650 1443 8 480 43 27 45 3112 4 3 161185 543 251459 36 26 1746 8 25017 960 36 26 2173 6 10992 3 3800 8 1918 7759 16672 8599 4 3 726 7 161185 543 251459 16 1332 35 7744 323 1604 4 274 109 4 82202 4 323 4 274 109 243328 4 6690 4 6690 4 57120 4 323 133534 4 274 109 19118 12283 32330 4 911 33 5
527 4 92 3 522 31 26381 4 5373 1217 150 3 5373 27964 144 26 1109 5
22510 1443 31 3677 6 4417 3 16018 7 120 837 31660 150 2063 489 7 37582 8 272 37582 3768 44 3 3109 36 3092 5524 15 3 3225 7 3 284 35 6793 4 30883 4 323 15152 4 1422 33 5
10052 4 192 5373 1443 36 27 6 26 12354 6 10992 40 3800 5
238 14 3 74 946 4 80 2401 3 49894 3677 21 3 152482 121 23 16 3 104 3982 5018 5
134 7253 3 7067 6 3 32908 10 98586 9610 8 3 161185 543 37582 601 24 14903 4 11997 4 8 356184 35 1515 33 5
1532 7 70 4 3 1221 96734 16 3467 4 47 16 3 1058 7 2760 531 4 25 9 234824 11775 7466 4 114 3 3057 16 5
1301 4 3 223016 317 36 26 4939 103 6098 3 3206 43826 31660 6 26 220 21 3 152482 5
6297 15 3 317 4 628 558 16 4783 14 7623 49894 8 23 29 45 4861 6 26 2025 8 5050 10 21853 4000 19393 35 11997 4 2391 33 5
17 1746 36 6899 19 9 108 26237 4018 850 32542 992 19 630 4438 30864 220 8 3 928 16 543 15 3 17592 35 14903 12283 32330 4 1515 33 5
17 650 1506 16 59 1272 6 9439 3 7466 4879 4 4 6556 4879 4 8 3 536 1760 19 57 184 21 392 1298 5
35 9610 33 35 9073 33 35 9102 33 35 9371 33 35 5347 33 35 8825 33 35 10314 33 2569 16 3 2760 9796 4 8 31 3 2760 7 8456 4 8 31 3 489 7 8456 4 8 31 3 4599 3057 713 4 16 3 1308 221 7 50572 4 4 4 8 31 3 221 7 50572 14 6825 79 4 2636 4 3298 8 2482 9796 10746 17244 7 189 1379 8 271 2770 7 3 7466 8 6556 4879 21 166 21 3 271 2760 723 2770 8417 3 3354 9419 36 2882 3 498 2760 723 2770 5
6832 708 29132 4 3 32542 992 16 3559 137 3 850 23955 17592 6 4498 3 1379 871 7 35 3 3354 33 5
79 4599 9124 16 304 6 3 4438 35 33 8 3354 9419 35 33 38105 114 35 33 8 35 33 31 3 17509 5
17 628 31 918 850 22 57 33770 89 12634 285 70 31 5543 76 3 992 10 9 1324 2801 1488 8 31 1009 2556 285 23 25903 3 928 3768 38020 5
79 2858 25017 543 261 5964 7787 16 6227 8 32542 992 16 24637 19 84 197 7 628 4 47 29 34 45 220 154 928 5
17 9796 8 3354 23394 31 1595 10 20498 9073 125 3 151438 7 3 69100 49894 16 392 10 98586 9073 5
17 25017 665 16 381 10 98586 9102 4 8 121 3 25017 842 93 25229 148 2755 8 1221 2770 3 1746 7 3 152482 538 49894 71 26 14206 5
20498 9073 5
32542 992 15987 5
255218 7 3 49894 98586 9073 5
255218 7 3 49894 5
2760 723 1221 538 49894 98586 9102 5
2760 723 1221 538 49894 5
1471 946 16 7623 22190 8783 21 152482 6 4764 3 2190 6999 6942 489 4 8 2190 11956 31069 489 4 10 9 4400 24 4 11997 4 8 109266 35 1095 33 5
1526 19393 31 1221 6 384 3 3272 7 189 489 6 26 3677 10 3 21 197 397 14 5714 3 17269 653 14 9863 3 30392 7175 8 4047 10 3 650 5
17 152482 16 543 15 3 42101 5018 47 9286 7 8 92 153 954 5
17 9796 23394 31 3 650 3768 4 8 3 337 7 3 3768 4 125 3354 23394 31 3 4018 489 4 5
1526 23394 31 21 3177 53 35 9525 33 35 11431 33 35 49869 33 1532 4 3 197 397 7 189 489 16 1109 8 3 1379 871 35 2007 1221 871 7 16 5892 8 3 3768 16 3455 21 5
1301 4 3 337 7 3768 16 7154 543 15 446326 35 11431 33 8 3 22190 152482 16 3677 6 3455 3 1379 871 7 543 15 3 13228 3354 871 4 5
17 954 14 3 37582 16 392 1298 19 25429 1043 7 3082 4568 4 3082 2366 8 3082 1432 5
35 249 33 35 341 33 35 459 33 35 503 33 35 500 33 35 708 33 17 522 31 1595 10 98586 9371 114 3 2755 2770 7 31 10 206 809 19 3 22190 1221 2770 8 3 1653 7 46 152482 16 110 488 6 2769 206 773 4 141 14 9 841 6 2882 650 96734 5
289139 7 35 479317 33 538 22190 8783 98586 9371 5
289139 7 35 538 22190 8783 5
11880 351 25 12283 3462 5
35 1095 33 53 9508 7 9 22190 8783 10768 14 14980 72365 4018 6 531427 46050 5
273 37566 3677 21 152482 4 80 1384 32 946 351 25 312355 6980 66281 4 110102 11997 4 323 6023 4 359 33 13 220 37566 6 4764 3 51470 6556 4879 4 10 9 290871 10 678 6 12042 3 3768 7 3 7466 4879 4 5
17 51470 4879 16 3615 34 5559 1752 5
17 9796 220 6 3855 3 2007 1193 16 3 7466 4879 4 114 3 3768 148 8 16 5515 8179 5
208 46 8179 3768 16 72 3 14644 2123 4 9 46302 51470 6556 4879 35 2007 1193 33 36 26 1146 8 3629 6 2769 3 3033 3768 10 3 7466 4879 5
17 4644 2096 3394 7 86026 4624 4 17764 8 17904 31 12859 10 98586 5347 5
37566 4644 10 7678 3 7466 4879 98586 5347 5
37566 4644 10 7678 3 7466 4879 5
17 3467 4262 8612 3 1193 543 15 3 5188 4859 8 4909 19 3 282 2113 5
2927 4 67 2113 31 14027 3112 8 43 30812 84 2113 154 3 17764 1092 5
435 13 4 17904 1175 36 6298 3 5018 24 15891 9 6951 397 14 9 333 1046 10 3 1519 19393 14 21853 3 4879 5
145 17904 1092 3345 6951 871 7 3893 7 3 31527 5
17 282 5188 31527 13 594 3 8855 3768 36 26 3112 21 3 84 1221 51470 6556 4879 5
17 522 31 12859 10 98586 8825 114 3 1221 4879 979 3 197 397 49 2755 4879 5
17 1221 4879 4830 3 2755 2947 1457 4879 98586 8825 5
17 1221 4879 4830 3 2755 2947 1457 4879 5
5583 4 36 26 351 21 3 946 6 240 143 3 5373 1443 1333 21 32 152482 5
66 16 543 15 3 162 617 24 11997 12283 3462 5
35 22803 4 11997 4 323 66281 4 359 33 114 16 3677 14 21853 234673 7353 10 9 269876 3057 5
12097 3 2199 1760 7 3 234673 21 3177 53 35 70595 33 20216 3 489 4599 4 16 4599 148 12540 12634 446326 35 70595 33 71 26 5775 6 343 53 35 62653 33 114 8 16 3 7353 7 234673 22 12540 5
446326 35 62653 33 16 3 25033 1506 13 63438 6 2882 3 489 4599 2543 6 21853 3 234673 7353 5
17 928 7 16 1303 61 10 9319 1217 15121 3 1341 628 16 3 7353 8 3 3354 16 3 489 4599 5
8616 4 3 9512 14392 16 666 14 12390 3 3768 7 7353 6 3768 7 3 489 4599 8 3 9512 14392 16 392 24 446326 35 61364 33 5
35 61364 33 114 17 21365 7 3 928 16 12859 10 98586 10314 125 992 1444 16 2888 10 20498 9102 5
11271 25 13 4 3 162 59 2994 3 37582 7 7466 4879 538 5
79 837 4438 9419 32542 992 19 704 4 700 8 249 30864 22 3 9796 4 4438 8 3354 10746 3995 594 3 282 1506 14 7678 3 7353 47 16 460 825 6 3 2755 628 5
6459 13 4 16 3254 8 2538 6 26 9168 19 568 8958 14 3 37582 5
145 16 543 15 3 396 155737 7 928 522 8 25017 21 166 21 3 25017 29540 21 392 10 98586 9525 5
17 992 928 21365 98586 10314 5
17 992 928 21365 5
20498 9102 5
992 1444 5
37582 538 84181 9551 133951 992 3354 11292 7 30864 35 704 4 700 4 249 33 155737 14 928 249 155737 14 928 341 106449 106449 7 35979 98586 9525 5
106449 7 5
41328 10363 8 4759 4537 27 45 1940 3677 6 2882 3 841 6 1415 19393 10 4122 650 1443 121 3952 103 3 5358 7 3 161185 543 251459 5
41328 10363 27 45 3677 6 7367 120 20754 10 3 650 10 4122 2046 285 298 4 680 3 9063 7 3 1586 2434 10363 5
527 4 43 31 1908 6 220134 10 104 745 8 1871 58091 25 89 6 89 5
17 24274 284 10 138 6728 10363 29 59 23975 528 3881 35 295162 4 4 323 15816 4 744 33 5
349 3 83 881 4 4759 4537 133 21 3 43463 83924 87721 35 33 4 8 46279 4537 27 59 45 3677 21 251459 121 43 582 206 37582 19 798 470 677 6 3 6728 10363 35 115494 2416 4 27498 90344 4 11997 4 323 4 7782 33 5
527 4 104 4759 4537 36 1871 5050 7039 284 2520 47 142 26 841 6 4498 14 1812 4122 6589 5
12502 10 678 6 4417 192 9705 4 161185 543 251459 27 45 2042 10 3 73 183 85 49 95 5
1471 1653 7 538 161185 543 251459 16 13 3 1746 340 34 1871 2170 37984 2505 7 3 284 1506 4 47 16 22 400 841 6 26 3455 543 15 3 1695 108140 3225 7 4122 650 1443 792 5
6459 13 4 192 251459 31 4162 8 488 6 1128 3 7579 8 4518 569 677 6 6728 10363 5
17 66413 89 7 161185 543 152482 16 2025 8 43 31 1369 6 5507 19 3 1773 1079 7 348618 558 133 21 415722 8 35 94812 323 4 590 109 4 4 4 4 323 4 502 109 1376 378120 12283 32330 4 2560 109 323 155969 4 1515 109 243328 12283 32330 4 274 109 6794 4 28044 4 12825 4 6793 4 323 22926 4 2076 33 5
81 1243 4 93 58091 31 666 8 192 161185 543 251459 31 1369 6 26 6227 8 9888 19 312 63595 92 4769 8 4514 21 147 50 1746 10 9 1457 5
17 3272 148 161185 543 251459 4 4759 4537 8 6728 10363 31 392 10 20498 12018 5
20498 12018 5
57775 7 161185 543 251459 4 4759 4537 8 6728 10363 5
161185 543 251459 31587 4537 41328 10363 249 5
4799 34 1871 2170 1506 7 3 284 8 31 2638 70624 341 5
15633 6 26 9888 14 4122 2046 459 5
14015 46333 89 249 5
1203 4759 4537 1871 558 5050 7039 284 2520 341 5
67704 1871 3 104177 1506 7 3 284 459 5
27725 46333 89 249 5
1692 470 14 7579 8 341 5
270171 666 25 89 6 89 459 5
10206 89 2800 10 90 10363 931 161185 543 251459 27 343 974 8914 8 3 2826 29 1406 25 837 27964 6 5373 1443 150 3 43826 31660 2164 19 4537 21 13075 10 98586 12018 5
17 1233 842 13 3 5373 1443 27 45 5562 1723 10 50 9573 463 6 3 5681 7 117 3351 7 43826 27964 13 71 26 2093 6227 10 3 2410 1586 3648 558 16910 5
9457 8 426 2826 7 161185 543 251459 98586 12018 5
9457 8 426 2826 7 161185 543 251459 5
527 4 1087 6090 7 192 161185 543 251459 31 48 1812 10 2129 907 14 3 5373 1443 4 12146 40 9384 10 4122 2046 36 26 48 21527 8 89 12725 35 323 88394 4 2560 109 323 4 590 109 36355 323 11997 4 911 109 455226 323 83695 347388 4 1278 33 5
6459 13 4 92 544 13597 54 3 7579 4 1149 31 1272 6 93240 8 2384 3 251459 121 1966 4262 142 34 26 488 6 1445 3 3519 7 3 17592 7 3 447 5
16816 22 1379 4 3 695 61361 7 3 161185 543 251459 31 396 35 409 202 33 677 6 20260 14 601 8 4819 5060 35 4481 202 33 21 1595 10 98586 10548 4 543 15 3 6544 25 2773 6 590 4 463 6 192 956 5
527 4 19 3 326 7 6728 8 1586 8116 3096 23128 10 3 73 179 85 4 3 7254 7 3 161185 543 251459 27 343 2538 8 48 4650 3641 5
931 27 420 6 3 474 7 50 9573 25 409 202 6 302 202 121 590 6 7560 20469 21 381 10 98586 10548 5
43826 152482 695 8 20260 2333 35 33 98586 10548 5
43826 152482 695 8 20260 2333 35 33 5
81 3 426 4 23 16 15666 13 48 161185 543 251459 36 26 3677 10 4122 650 1443 8 146 2538 1746 24656 7 192 251459 31 1589 14 3096 3 498 558 1746 41154 5
20379 4 80 1100 13 48 2947 1457 2279 36 26 1303 61 538 192 251459 6 5539 3 1784 668 6 5507 91 10 40 2046 543 15 192 521 89 426127 5
10526 4 80 1919 13 48 5373 161185 543 251459 133 21 8 26 6227 695 10 4122 2046 14 12405 3 2046 10 3 241 1043 44 19 3 7453 6 8744 6 893 695 5
81 1243 4 138 5373 5207 31 1282 6 26 2164 19 3 4759 4537 133 21 19 6 454 474 3 3800 10 37582 5
6459 13 4 80 1100 13 2190 63888 14 37582 16 1589 10 1586 133 21 415722 8 6 3823 48 1481 8 1784 5337 6 2780 192 4309 10 9 48 4650 3641 1625 5
17 33855 4309 7 192 251459 144 59 26 4400 454 8 11828 19 532 5310 133 21 1506 31392 532 35 14483 33 6 1297 3 1308 37582 8 532 3800 10 521 89 5
17 1165 29 1595 13 117 43826 4309 150 49894 4 22190 8783 8 5373 1443 27 45 13787 3677 10 1572 251459 14 7678 3 190905 19393 10 4122 650 1443 5
158 582 1906 24656 276 2170 2505 7 3 284 1506 4 31 1369 6 5507 4 8744 8 488 6 4417 241 89 3881 5
10526 4 10 970 7 7502 4 23 16 4162 6 8245 46 46333 31660 623 58 538 3 1908 6728 10363 13 236 6 26 34054 25 89 6 89 5
49894 16 3677 463 6 50 8958 125 22190 8783 16 63438 543 15 3 1906 1746 8 1369 9088 5
81 1243 4 37566 16 3677 6 852 117 16079 2506 6 26 4209 8 41645 16 220 65 57 2104 16 4783 6 4498 3 282 37582 665 5
17 32908 10 6098 3 6943 43826 31660 16 1252 671 19 3 3848 6200 7 2673 3316 6 185 1296 10 1572 3 161185 543 251459 5
134 27 59 2994 3 9063 4 9705 4 5238 5940 8 426 601 5840 4 70 7 47 31 3 533 4117 7 46 1381 5
17 726 7 192 161185 543 251459 14 2673 695 16 59 2374 601 352 7 3 1379 1129 8 80 22617 48 2333 10 3 426 19 46 1217 10 521 1443 5
74184 79 5
34312 32542 992 110873 364 1029 565 10 32542 992 23955 16 3 1024 110873 463 6 72 10104 5266 10 3 628 49 163 10104 7 3 628 5
72 10104 8 163 10104 31 3 689 544 10 1572 32542 992 2520 5
81 72 10104 4 3 3768 15 3 928 628 197 16 2434 6 9 177 396 871 463 6 10104 7 3 5266 4 44 65 3 992 16 3677 6 19041 628 4 3 992 3768 16 528 557 6 1024 110873 7453 5
631 163 10104 16 463 6 13 3 32542 992 1010 71 34 4685 19 49 6392 6 3968 3 1322 496 3 1812 628 35 323 13115 4 2391 33 5
966 4538 27 45 2042 6 1297 3 110873 7453 7 32542 992 2520 105 262163 4538 35 97661 12283 32330 4 1278 109 286167 323 281285 4 1515 109 68687 558915 323 17877 4 1278 33 4 175314 12586 171463 5
35 12283 32330 4 1278 109 15457 4 3401 33 8 59 24 538 3 86684 2642 2981 35 10141 323 5363 4 2804 33 5
17 104 6718 1506 14 46 1217 16 992 37578 4538 8 30026 219471 928 4538 5
79 30026 219471 928 5533 6197 10744 55 9 32542 992 1506 8 19102 19350 528 2642 2981 35 10141 4 1422 109 10141 323 5363 4 2804 33 5
520 7 3 4538 31 64979 1298 5
5
262163 12266 19 262163 4538 54527 3 565 7 72 10104 24 7138 19350 528 992 17509 5
262163 16 3439 24 27396 3 992 928 6905 4859 6 539 9 1043 6 39623 19350 528 992 17509 21 3177 53 35 33 114 6517 16 3 221 7 628 397 4 16 3 992 10900 4 11348 16 3 1341 871 4 7799 16 9 60401 7 992 17509 4 8 16 3 262163 96734 5
17 6905 7 296856 928 16 6 39623 23069 528 992 17509 4 47 112 34 4569 2537 6 3 2807 7 1506 5464 4 95 13 3 3559 32542 992 29 6754 4859 3076 5
622 20945 9088 7 46 5607 928 6905 4859 16 13 9 2059 13 340 34 1951 3 74 1043 177 146 36 26 1206 408 6 4568 24 3 169 1043 8 9 2059 13 16 533 14 1506 2338 36 4 658 4 34 26 1768 177 146 24 3 169 1043 35 10141 4 1278 33 5
3807 25017 16 3 104 7772 1217 6 7673 3 262163 96734 171463 5
35 2223 323 4 4540 109 4 3728 33 5
5
3807 25017 543 261 5964 5160 5964 5018 16 9 7081 220 5533 10 16797 72 10104 5
81 2858 25017 4538 32542 992 589 628 31 3868 76 2279 8 928 628 2757 8 3 5806 2842 3768 35 48531 33 14 189 31 8179 154 928 5
355 3 2279 48531 2179 6 828 4 737 3 928 8 231 3 992 17509 22 3 767 928 1092 31 351 21 3 3559 992 17509 5
17 48531 3225 15 2279 8 928 628 2757 16 1595 10 98586 5
133951 992 2854 11963 98586 5
133951 992 2854 11963 5
5
175314 2854 5018 17 175314 2854 6684 18 74 3677 6 32542 2642 24 283136 8 35 3952 33 4 32559 35 3824 33 4 15457 35 3401 33 5
187 31 307 1809 13 71 2565 15 143 3 175314 2854 1396 2238 3 53562 7 32542 2642 5
1532 4 1016 7 1913 32 2882 14 3 1153 10900 7 3 2520 4 23 52396 32 2882 14 3 1519 3201 7 1506 10900 5
145 2882 4 47 16 159 76 1250 189 3 5266 10 3 628 8 3 48517 7 3 2520 4 47 16 4321 6 8612 3 1493 14 3 1570 10900 35 323 4 1278 33 5
5
187384 53608 32542 2642 79 48 1783 1217 14 3096 32542 992 110873 16 137 10503 2489 32542 2642 35 10141 4 4 109 10141 12283 32330 4 2773 33 5
78413 3 5093 10 589 9 2170 32542 992 1506 4 46 5533 10744 307 22083 32542 992 2520 8 153 10556 91 10 678 6 1297 1506 53562 8 11040 5
622 20945 9088 7 46 5533 16 13 1570 2642 71 27 6951 10900 5464 8 4 24 10503 9 528 221 7 2520 4 192 6951 10900 5464 71 26 7074 61 557 6 396 10900 5464 5
79 629 6 3 1408 7254 7 46 5533 16 13 3 1570 2520 383 26 523 4 171463 5
1589 15 523 1172 7 3 928 628 5
10141 35 4 33 12966 1572 9 221 7 32542 2642 15 523 187384 263182 7 3 928 628 8 153 29490 3 1570 32542 2642 538 3610 6825 56018 5
5
46381 7 551954 46381 7 551954 3615 8887 10 3 272 61638 9937 154 3 26884 8 14028 628 5
81 32542 992 4 3 317 36 474 65 87 16 76783 10 3 221 7 17020 4 3847 48 5036 31 1272 6 1262 122930 3 628 24 3 32542 992 31660 5
145 983 16 226 16117 7 551954 8 71 26 5144 24 4309 1273 10 74184 4 74184 8 74184 1321 35 110475 323 14815 4 744 33 5
5
3860 244038 1547 565 6 49894 3860 244038 27 45 1658 21 3 346 10202 6 32542 992 928 154 5238 2673 7 156936 992 10 3 2029 119 71966 5533 5
3673 3615 732 6 1649 1918 3145 3 325 3033 8 117 6599 27 45 115 6 4417 46 4 946 24 538 3 17904 4102 10 3 32542 992 31660 6 852 3278 61 25 3 325 244038 14 2027 928 35 12283 33 8 24 231 7 9 528 11036 7 1665 197 6 1377 13 3 27708 16 391 10 2129 35 6794 12283 32330 4 359 33 5