17 27143 5126 29495 35 489375 33 31660 16 3581 24 3 1627 7 1375 509 7684 35 79840 33 10 9 3259 5
79 5954 71 384 32 30392 2785 2016 3 912 7 50 13734 6 1018 50 5215 733 4 47 16 477 9 1928 5
81 3 650 7 3145 133 5024 4 3 79840 8 3 1566 12248 19 290 83 21 3 79840 2503 137 3 3259 2883 5
10052 4 3 1605 2614 565 71 26 25710 21 9 3154 7 4290 13 383 26 1681 8 88852 6 4498 9 1318 1247 13 16 2314 6 3 194 4650 5
3265 967 142 27 57 49 48 2003 6 26 6383 133 21 4880 4 2484 49 2280 2003 5
3194 1712 16 19722 24 50 89 8 470 5
5839 46 5114 4 89463 6599 31 982 166 9760 6 581 19547 2506 5
145 565 29 45 6401 21 81751 572 109 3847 4 46 1381 12966 32 1217 7412 6 4855 3 10317 992 565 538 9 5607 4159 7 3 489375 47 2696 9 181810 197 5
49474 79840 4 8186 137 3 1605 2614 4 36 8255 16895 3 470 7 2241 888 8 3 321 89 7 329 1247 694 24 538 3 4102 7 181810 459997 5
17 1273 1217 29 45 2870 72 9584 1940 220 10 6854 16970 3982 522 47 31 2247 24 3 773 13693 351 24 4631 6 3 34148 11521 88899 191244 21 166 21 3 1359 12754 3455 24 22248 130318 5
17 181810 197 1035 24 489375 16 43420 10 503 2106 8 3 24021 3457 4 53198 4 8 23491 31 177 408 6 138 43420 24 22248 130318 5
12502 4 129 689 4413 16 3 1746 7 9 84 31660 13 54527 3 31660 1273 24 8 10141 35 2076 33 5
145 1381 14792 6 6298 3 498 636 7 2505 7 2516 8 7112 1443 24 1691 9 84 4 1783 8 4213 543 89463 5018 14 3 1746 8 21365 7 1605 2614 8 10317 2642 427 76 1250 2489 8808 8255 5
26823 1223 10 298 2106 391 200 29 876 10349 6 60251 8 8612 40 1605 2614 35 28975 33 8 117 10317 3721 27 6148 13 32 19547 28975 1746 35 192385 33 16 9 18902 176 14 120 224 1264 5
355 3 28975 16 1254 4 57 7 3 104 533 8808 16 6 2127 729 6 834 10 463 89 22 3 2654 537 470 35 4 71106 4 323 4 274 33 5
145 16 533 106 32 19547 192385 522 10 470 2807 24 183 202 8 10 394 89 24 716 202 35 6933 4 1278 33 5
17 1746 650 16 34 1369 463 6 307 2193 4 171463 5
200 2840 4 1773 1079 7 4880 4 834 1767 89 4 8 4666 5
1113 138 2193 31 533 4 3 470 7 2241 888 35 68637 33 8 3 321 89 35 65792 33 35 49 89 6 200 33 27 45 6148 21 3 104 533 8808 6 71823 35 59404 323 36355 4 590 109 14721 4 23551 4 323 77757 4 590 33 5
19699 4 3 28975 16 25710 21 9 992 10 47 3 30864 3001 2089 133 21 4880 4 2484 2046 4 18822 4 3308 4 8 834 5
17 192385 565 29 45 1574 6 5339 3 221 7 2089 8 2258 3 1058 7 2367 6 3154 297 91 5
7219 4 23 16 5892 13 3 4880 4 2046 4 18822 4 8 3308 27 45 3467 5
145 5436 9704 3 1251 6 71823 3 1308 28975 470 106 3 3467 1712 142 474 189 68637 8 65792 4 196 29222 8 35 359 33 109 350140 35 2076 33 109 16961 35 359 33 6 1970 9 3592 858 7 192 2520 5
349 3 83 881 4 3 28975 71 26 3380 21 9 1285 7 22535 35 183673 33 10 47 290 38105 2464 9 9720 4 9 2484 4 49 9 2280 967 5
3194 967 86 26 2828 24 57 49 48 2003 4 171463 5
9 6825 4 3380 24 9 9720 967 4 86 26 7543 24 57 49 48 4880 109 9 11933 49 380 4197 4 3380 24 9 2484 967 4 86 26 8449 10 57 49 48 2484 2046 49 797 1583 109 8 9 2443 4 3380 24 9 2280 967 4 86 26 3 3977 7927 220 6 2127 3 1247 5
12502 4 3 565 16 6 2258 53 25 47 6374 144 290 6825 26 3455 88
109 114 36 290 1247 26 8449 88
109 8 143 144 290 1247 26 2314 6 3 2443 88
17 10119 7 3 565 2238 24 3 644 13 3 3467 2003 383 16895 189 3 68637 8 3 65792 14 9 234 7 729 5
1526 8808 31 11130 19 290 83 121 9 2807 10 89 2238 3 470 4 171463 5
9000 67 2003 47 71 3030 9 967 4 92 3 470 7 1712 57 16 1370 58 3 470 7 1712 67 4 153 3 89 7 3 1712 57 16 287 58 3 89 7 3 169 1712 35 4 316945 4 323 279978 4 6833 33 5
355 3 192385 565 16 25710 21 9 183673 4 3 3979 565 16 9 338900 89463 565 35 53149 33 10 47 3 2104 16 34 543 15 9 9149 44 15 3 3394 7 23394 13 282 3030 3 6905 7410 4 79022 5
3 2104 7 46 565 16 6 5339 3 33498 7 2003 35 49 23394 33 13 16895 3 68637 8 65792 5
145 843 7 53149 29 45 52162 21 328942 572 4 3847 6 384 5551 2506 10 395088 89 16 841 35 260596 323 1104 4 5282 33 5
260953 86 26 220 6 384 3 5551 2506 44 6 49075 70 3 537 16691 16 34 5238 5
980 4213 4309 144 26 220 6 384 3 282 3109 5
63979 187739 27 45 1940 220 6 384 2506 14 572 53149 10 814 4736 7 89 35 4 280 33 5
20557 8 136512 35 744 33 4 18150 4 10141 4 8 28410 35 744 33 4 8 6794 8 54716 35 359 33 10455 3 565 48572 97 3 68637 538 7039 5979 4 4624 31660 4 8 22190 2757 4 3995 5
8 10141 35 2076 33 60560 68637 8 65792 4 8255 4 8 8 10141 35 6833 33 60560 3 470 7 927 869 538 38691 30865 319328 35 143030 33 4 11231 40 522 31 34 677 6 120 83 89463 5018 6 2148 3 3961 7 3 543 31660 8 10455 97 57 3099 5
16816 4 9 88899 191244 226 27143 5126 29495 35 489375 33 13 16 3581 24 3 3154 7 7757 16 1273 6 4855 3 68637 8 65792 10 4197 28975 5
145 1375 3225 29 45 3677 3639 6 9 221 7 18423 544 133 21 3 4635 14361 565 8 2489 120519 565 35 4 15011 4 29583 4 88477 4 323 3462 4 7560 109 36847 4 359 109 274 109 280 33 5
7443 2333 539 417 2214 13797 35 108922 4 61880 4 323 134378 4 2560 33 4 1366 22853 565 35 4 180883 4 495314 4 323 6021 4 7560 109 4 9575 4 323 4 590 33 4 16480 1330 10 10060 1276 35 95554 4 7914 4 323 12825 4 280 33 4 1746 7 15600 1443 35 407070 323 375486 4 2076 33 4 12714 2509 2137 565 35 4031 323 17641 4 6833 33 4 20388 6885 17067 35 4 2076 33 4 8690 13821 13797 35 7782 33 4 8 1366 22853 565 47 16 10455 24 9 3093 489375 8 54525 1046 31660 35 180883 4 4 495314 4 323 4 9770 33 5
17 1273 543 31660 102000 67 8808 8 3 181810 459997 38020 16 220 6 8612 91 5
32573 9 181810 197 6 6786 3 773 7 67 27964 16 9 2029 5018 10 41748 6905 89463 35 220450 4 23674 4 323 4 502 109 202763 323 135655 4 6833 33 5
145 1381 14792 10 67 5158 53 35 9 33 21 16910 3 1101 10 601 16 565 25243 623 58 4711 1087 31660 35 31150 4 4 4 323 4 2076 109 31150 323 4 1095 33 4 32 543 31660 16 1273 6 4855 3 95531 6905 192385 565 47 93475 3 41748 6905 23491 217 65 143030 16 220 109 8 35 8862 33 3 1494 489375 31660 16 5607 6 4855 9 95531 6905 565 5
81 3 73 1352 1296 27 1550 6 3 636 7 2505 7 2516 8 7112 1443 24 4740 15 1572 8 7623 88899 187739 8 23763 543 27964 14 1812 1605 2614 21365 8 10317 544 5
81 133 9 5114 4 129 1381 1708 32 4213 17592 543 15 3 489375 31660 14 3 1812 41748 6905 89463 7 10317 2642 4 363 32 20621 148 3 17592 8 3 1654 2673 5
145 1381 16 5419 21 3177 5
70592 6854 16 5764 10 8941 341 5
28252 7 3 489375 16 1252 10 8941 459 4 21 166 21 3 565 8593 8 3 1273 2104 31660 5
5492 9584 31 10455 10 8941 503 8 3 522 31 217 10 8941 500 5
5583 4 7951 31 2682 10 8941 708 5
17 6269 7 192385 565 29 45 1574 6 16895 189 3 470 7 986 9 221 7 2089 35 171463 5
4880 4 2484 2046 4 8 18822 33 8 3 470 7 14703 3 221 7 5937 4 11933 8 380 23245 13 3154 297 3 2089 35 52455 4 40076 4 323 9516 90670 4 280 109 315695 4 4 4 323 282268 4 590 33 5
364 533 30046 16 13 23 16 5892 13 3 4880 4 2484 2046 8 18822 27 45 3467 4 79022 5
87 16 97 57 1712 6 3030 3 884 7 9720 4 2484 4 8 2280 5
520 6200 7 138 2520 31 1273 24 53579 35 502 33 4 8 378922 35 274 33 4 8 35537 8 4182 35 359 33 5
34417 7 41748 6905 27708 2520 539 53 21738 4 121340 4 4 4 8 35 744 33 108595 3 1050 1379 871 4 60560 796 17854 4 8 3 229 552 109 92118 4 1053 4 6813 4 8 20705 35 590 33 12354 3 72076 148 1234 8 1277 109 4 17041 4 8 138537 35 2076 33 60560 3 676 470 8 394 926 109 63430 8 86391 35 2076 33 88852 3 2831 470 4 321 89 4 1277 8 1461 2916 65 6374 31 3467 109 8 22627 8 23907 35 590 33 1109 108 8557 6680 5
17 996 6599 1589 9 3196 216571 5979 35 229970 33 1506 8 43420 9 181810 197 47 1038 9 197 7 2506 49 5
10087 4 3 28975 29 45 25710 21 9 183673 5
3265 5606 7 183673 4 2464 9 967 13 71 26 2828 24 57 49 48 2003 5
20557 8 136512 35 744 33 109 20557 8 136512 4681 35 1278 33 25710 3 28975 21 9 183673 6 16895 3 676 28975 470 47 1038 3 68637 8 3 112833 8 293302 6291 5
158 1589 9 7039 5979 35 29522 33 31660 6 4855 3 837 6905 229970 1506 8 4855 9 1940 220 16616 28975 5
659 4685 19 3 13925 7 272 46333 900 7 29522 4 18150 12283 3462 5
35 744 33 1273 9 4624 31660 35 37566 33 6 16895 3 676 28975 470 5
17 522 3628 3 1603 1035 24 29522 65 3 16616 28975 16 10455 5
6793 8 35 274 33 304 6570 12453 4 79022 5
3 537 2003 47 71 3030 9 967 27 1574 1714 35 171463 5
4880 27 1574 2168 33 5
158 6227 32 1217 543 15 37863 5979 35 51542 33 5
6794 8 54716 35 359 33 848 4046 10 3 2003 470 8 89 538 22190 2757 35 85364 33 5
1700 1506 18 10455 24 9 322385 367 8 129914 35 590 33 1967 15 927 10683 163 796 4046 10 3 4122 386 4 209754 18965 8 27728 60029 31 1273 6 4855 3 544 5
18150 10141 35 744 33 1967 15 3 1102 7 11036 8232 8 796 34602 65 9 8942 183673 16 220 5
18150 4 18150 4 8 10192 35 2076 33 4400 3 1102 7 15510 3 484 8 678 11036 65 3 28975 16 25710 21 9 183673 5
766 192 6599 10455 3 16616 28975 1273 10 20557 8 136512 35 744 33 17 962 6599 60560 3 676 28975 470 24 13896 57 1712 147 967 13 282 12134 3 6905 5
527 4 3 321 89 16 21 533 21 3 569 7 189 68637 8 6291 65 3 28975 16 1254 35 196 8941 249 33 5
7987 4 4 8 311952 35 2076 33 304 9 169 6905 35 30107 711 33 6 3 837 6905 1506 1273 24 20557 8 136512 35 744 33 5
17 30107 711 1170 3 28975 3663 4 79022 5
3 30107 7 3 547 35 3467 2003 33 10 3 28975 5
12502 4 32 1712 6 3030 9 967 16 3467 34 97 543 15 3 470 1547 8808 44 59 15 50 30107 1291 47 21722 53 8466 2193 5
171463 5
2833 25940 4 317 3975 4 8 3672 109 15978 2193 5
171463 5
30107 10 2832 1446 8 1881 891 5533 109 8 229 2193 4 171463 5
1234 3053 8 462 15 1124 5
3194 1712 3467 6 3030 9 967 29 9 30107 1291 47 16 43420 24 22190 8783 5
17 676 30107 1291 16 43420 21 3 5806 7 3 1570 2106 11335 5
17 95531 6905 1506 16 1842 6 9 837 6905 57 24 16036 5806 5018 8 3 1506 16 10455 24 2029 37566 5
1113 4 16036 5806 5018 16 9802 6227 4 23 29 5093 10 1913 2506 30985 5146 72 3 2104 904 35 489827 4 183628 4 323 1072 4 502 33 5
7219 4 3 1506 340 34 1250 14 89 6 200 23491 4 79022 5
3 1273 2104 86 16895 189 470 8 30107 711 44 87 86 26 9 2104 13 102000 3 321 89 21 166 5
8 10141 35 2076 33 60560 189 68637 8 65792 538 143030 44 43 10455 57 3099 8 40 522 42 34 677 19 120 83 1217 5
158 14549 3 143030 19393 6 3855 9 181810 197 19 2506 19 799 68637 8 814 525378 4 4 4 4 8 59850 35 7560 33 10455 3 216 95531 6905 565 24 770 7 3 36621 31660 8 50 5607 1185 4 9863 333 773 677 6 3 143030 5
527 43 10455 97 57 3099 5
4 4 8 174332 35 7782 33 220 3 489375 31660 6 71823 6291 926 10 32 4197 1605 2614 1571 3982 522 677 6 3 143030 31660 742 3 4888 2870 3 489375 31660 538 97 57 267 542 5
1563 1217 340 34 1186 6 16895 6291 470 44 68637 5
7219 4 43 231 9 5373 1217 543 15 7039 5979 8 489375 6 4855 3 544 5
8616 4 6127 1646 9584 86 26 10455 5
81 678 6 3413 8 2975 3 522 4 10 46 1381 80 8850 9 41748 6905 543 31660 6 71823 9 192385 565 65 3 28975 16 25710 21 9 183673 4 538 550 267 2062 8 9901 3 522 6 138 1035 24 143030 8 22248 130318 5
349 3 83 881 4 87 16 93 845 1186 6 4855 3 95531 6905 192385 565 24 770 7 489375 21 1595 10 308 6544 20603 10 28975 1746 565 8 845 24 29222 8 35 359 33 109 315695 12283 3462 5
35 590 33 109 3290 9970 51431 8 3290 77904 35 274 33 5
81 7488 6 3 41748 6905 89463 538 489375 10 18423 49 5238 544 4 108922 4 61880 4 8 134378 35 6833 33 10455 3 417 2214 565 48572 3 4 71925 4 8 1153 3154 89 7 3 10494 5
17 6905 7 40 601 16 6 384 3 282 181810 14510 3604 197 5
7219 4 12283 3462 5
35 7560 33 8 180883 12283 3462 5
35 9770 33 27 3677 3 489375 31660 8 1273 32 6804 1185 19 3 54525 1046 31660 14 12538 3 1366 22853 565 5
527 43 2828 9 837 6905 89463 5
17 489375 88899 191244 16 9 3093 23763 543 31660 47 81070 3 1375 650 148 3 509 7684 8 3 3259 2883 5
145 88899 191244 18 74 1273 6 4855 3 4635 14361 565 19 3982 522 121 23 137325 1003 6 19547 2506 35 36847 4 359 33 5
17 2370 867 10292 10 489375 88899 191244 16 13 509 7684 1667 32 5043 1071 517 25 40 8416 6 40 5024 35 171463 5
6590 4 9 1928 4 49 9 2185 3259 33 106 7 3 30348 674 5
81 1851 4 46 16 34 537 121 87 31 8681 8 6889 13 674 7684 6 436 14 32 72591 2785 5
81 3 489375 31660 53 35 9 33 329 509 1253 29 67 2763 53 28321 8 4505 13 337 154 50 1187 6 3 5024 109 35 8862 33 3 1566 49 3259 16 3380 24 9 197 7 11023 13 31 556 7 4505 109 8 35 8258 33 9 509 1253 16 2497 6 3154 10 33770 1959 4 79022 5
3 565 16 3380 24 9 29540 114 9485 16 3 197 7 8 5132 16 3 197 7 12029 4 3847 3 509 1253 8457 25 274365 6 274365 285 23 29 170 3 5024 5
631 9 509 1253 8457 25 9 274365 6 184 4 50 28321 16 853 24 32 1058 13 16 103860 22652 6 3 43655 7 3 4505 72 3 2452 13 3151 3 67 5
9049 4 32 1058 7 4505 25 3 2452 35 2785 33 4 3334 3 67 4 16 2207 8 3 509 1253 22632 3 2207 4505 5
17 1058 7 4505 16 14510 180305 22652 6 3 43655 7 3 89 666 14 3 509 1253 6 1042 25 9 274365 6 184 5
17 89 16 22652 6 3 28321 7 3 509 1253 8 61531 22652 6 3 3457 148 3 67 5
79 509 1253 13220 3 508 274365 6 198 543 15 9 13300 421 1396 5
145 1396 684 13 3 13300 7 9 509 1253 6 5339 9 274365 16 61531 22652 6 3 4505 7 3 2452 13 3151 67 4 3847 12029 19 798 4505 27 568 2392 6 26 3467 24 3 509 1253 5
2491 9 509 1253 29 3467 3 161 274365 4 3 4505 72 3 274365 8 3 4505 25 3 509 1253 31 3353 538 32 18298 96734 47 16 9 396 1432 221 287 58 57 5
17 509 1253 5211 285 23 7318 3 14152 1215 5
81 46 152 4 9 509 1253 10744 9 9149 7 13 2696 3 676 6905 871 35 171463 5
470 4 3457 4 4703 5 33 5
6832 3 6905 871 7 70 3 509 7684 4 3 43241 282 2104 16 170 8 3 4505 25 3 12029 13 916 3 2104 16 3353 24 9 391 18298 96734 47 16 3112 148 1356 6494 4 249 1362 5
238487 249 15480 3 489375 5
18484 4 23 16 3868 76 67 1172 53 35 9 33 2104 1444 10 47 329 509 1253 3790 70 3 8 50 28321 8 4505 31 3353 24 3 325 18298 96734 4 153 90 1058 7 4505 16 2207 25 3 12029 21 166 35 1583 33 109 8 35 8862 33 676 282 2104 10 47 3 2506 4209 24 70 3 509 7684 31 677 6 384 3 43241 282 2104 5
208 23 16 333 58 3 676 282 2104 4 153 23 16 2445 24 3 43241 282 2104 5
520 1058 7 4505 25 3 12029 10 3 676 282 2104 16 3353 538 3 391 18298 96734 35 1583 33 5
238487 249 5
837 6905 489375 88899 191244 5
238 129 1273 31660 102000 67 8808 4 68637 8 65792 4 3 4102 7 181810 459997 38020 16 3677 6 2258 47 2506 31 333 58 461 5
1526 2506 1088 3 2104 197 8 31 226 2506 5
79 2104 7 46 843 16 57 10 47 120 3070 10 57 6905 71 97 159 254 92 22 248 57 7 3 83 8808 29075 5
16816 4 9 2104 35 10 129 267 8 33 15944 184 2104 3380 24 92 8 97 92 5
17 14510 3604 2506 916 3 2104 197 3380 24 114 16 3 16079 2104 904 5
82399 8593 81 678 6 40916 3001 3 95531 6905 89463 565 4 80 1753 9 169 6905 4859 6 3 837 6905 1506 1273 24 20557 8 136512 35 744 33 109 20557 8 136512 4681 35 1278 33 5
158 3380 3 28975 21 9 29540 114 3 197 7 2464 3 9720 4 2484 4 8 2280 4290 35 4114 33 4 3847 8 38 16 3 676 221 7 4290 5
17 197 7 12029 2464 3 3898 148 67 4290 5
931 3898 86 26 148 53 9 9720 8 9 2484 967 4 67 2484 4290 4 49 9 2484 8 9 2280 967 4 3847 5
17 33498 7 2280 4290 16 4939 21 17250 13719 145 16 533 121 3 729 796 16 4209 10 138 4290 5
3265 967 4114 29 523 2003 47 71 3030 3 967 5
17 470 8 89 7 138 2003 31 8 4 3995 5
81 678 6 5339 32 1712 6 3030 9 967 4 9 46302 12911 16 220 5
145 12911 16 4939 21 92 3 1712 72539 12134 967 4114 5
10974 4 5
17 68637 16 25710 24 446326 35 249 33 5
20557 8 136512 35 744 33 109 20557 8 136512 4681 35 1278 33 4939 23 21 3 871 7 2241 888 154 3 136 2106 12634 89 7 518 5
35 249 33 16 3 796 22 967 4114 4 8 483275 16 3 470 7 3 3467 1712 22 967 4114 5
17 321 89 22 967 4114 35 33 16 4939 21 3 89 7 3 3467 1712 6 3030 3 967 35 79036 33 2288 3 3235 321 89 7 50 16812 4290 5
86853 4 3 321 89 16 4939 21 3177 5
17 321 89 22 3 4795 4290 16 424 21 3 89 6 200 4 196 446326 35 341 33 5
134 1753 23 6 3 837 6905 1506 5
35 341 33 134 16895 5
35 249 33 8 35 341 33 1441 6 5
35 459 33 35 700 33 5
134 231 3 1029 24656 220 10 6854 65 3 28975 16 3380 21 9 183673 5
17 28975 16 1254 65 5
35 459 33 4 35 503 33 8 35 708 33 31 10455 4 79022 5
65 3 2770 7 70 3 46302 23394 35 33 31 424 21 166 21 65 3 89 35 79036 33 8 470 35 483275 33 7 3 4290 31 197 5
446326 35 500 33 110458 3 321 89 14 70 3 4290 8 446326 35 700 33 32230 71 97 159 3 2770 7 6494 49 249 5
35 459 33 35 503 33 35 500 33 35 708 33 35 700 33 9073 5
35496 543 31660 81 678 6 4855 3 192385 565 4 3 489375 31660 6268 1883 7757 35 3364 3 221 7 61652 33 4 290 57 19 2482 509 7684 4 5
79 509 1253 2104 16 9 33498 111511 7 2003 47 3030 3 4290 5
2610 14 3 871 7 5
35 249 33 8 35 341 33 4209 24 33498 7 2003 3467 24 3 509 1253 59879 81 329 43241 35 57 147 3259 33 4 290 3259 24880 6268 9 2104 197 47 4286 70 3 14510 3604 2506 5
66 16 20 13 15944 92 35 65792 33 317202 35 68637 33 8 35 65792 11102 33 35 68637 11102 33 5
81 678 6 1753 111511 6 3 4 3 73 1215 4 226 181810 459997 38020 4 383 26 2436 14 329 111511 4209 24 3259 17 380 3354 7 3 31660 16 3 73 2104 197 5
20498 249 16 32 20621 148 3 3893 7 3 489375 31660 8 138 7 3 192385 565 5
20498 249 5
395250 148 3893 7 489375 8 192385 5
39865 489375 192385 35 4114 4 72539 33 32 2452 13 14823 274365 4114 6 274365 207007 4114 16 9 967 8 72539 16 32 1712 47 71 3030 3 967 35 72539 4114 33 5
11292 7 7757 1883 6117 249 5126 1253 35 5547 33 5547 3790 70 8 29 6 1865 47 274365 72539 6 198 125 5547 29 100 2448 274365 190760 5547 3790 70 4290 8 29408 3 1712 72539 6 3030 967 4114 5
39355 1058 7 4505 7 3 2452 35 4114 4 72539 33 4 3847 4505 16 17588 10 12029 5
1058 7 4505 7 3 1712 72539 47 71 3030 3 967 4114 5
39355 1058 7 4505 7 3 509 1253 59879 65221 28321 7 3 509 1253 59879 40208 197 7 30864 4114 13 27 34 45 2448 483 5
197 7 2003 72539 47 71 3030 967 4114 4 35 72539 4114 33 5
5126 1253 2104 35 111511 33 9 9149 7 2448 38105 5
9 197 7 3467 2003 6 3030 3 4290 5
238487 22026 35 16407 33 676 282 2104 1148 24 70 3 509 7684 7 3 3259 5
9 2104 197 35 181810 815 33 1148 24 329 3 7757 5
137927 35 33 13300 13 5547 1287 6 3 274365 72539 92 23 16 10 274365 190760 13300 7 13896 1712 72539 6 3030 967 190760 131804 421 1396 17 1978 3 871 7 4 3 1370 3 2392 6 5339 207007 191244 871 35 33 46912 232 6 3 565 5
80 1273 5
81 3 74 176 7 3 1273 31660 4 329 509 1253 6268 9 111511 5
659 112 95 4 5547 16 1942 10 9 967 4114 8 153 3 13300 13 5547 29408 72539 53 72539 4114 16 43420 24 446326 35 704 33 4 114 16 9 177 396 4599 6 1262 4568 2071 5
17 871 7 5473 15 3 1058 7 4505 7 72539 35 33 4 3847 3 1978 3 871 7 4 3 287 3 808 72539 16 3467 5
35 704 33 17 871 7 86 26 3628 49 1370 58 4568 5
349 3 83 881 4 65 11102 6494 4 80 49075 6 128 70 3 2770 7 6494 5
2491 329 29 45 43420 4 3 3394 7 3 1712 72539 6 3030 967 4114 16 543 15 9 131804 421 1396 5
145 1396 16 220 6 852 509 7684 6 436 14 84 11023 35 49 464 84 2003 33 8 1262 26283 21 166 21 5576 48 2003 5
8616 4 3 1712 72539 19 3 1391 13300 16 34 535 3467 5
238 614 1396 4 3 1978 3 871 7 16 4 3 1370 3 808 6 5339 72539 6 3030 4114 125 3 2003 19 798 149 27 8953 6 26 3467 8 5576 84 2506 5
17 871 7 3 46302 12911 7 3 3467 1712 72539 16 197 6 249 8 23 16 7545 10 3 3467 2003 858 5
435 13 4 3 509 1253 28321 16 3353 538 446326 35 782 33 109 3 36730 7 3 1712 4505 31 3353 24 446326 35 183 33 109 3 4505 25 3 1712 72539 35 33 16 3353 21 166 21 3 509 1253 4505 24 446326 35 407 33 114 16 3 325 18298 96734 5
35 782 33 35 183 33 35 407 33 25421 13 3 89 4 9 509 1253 7042 10 1712 72539 4 16 35 446326 35 183 33 33 4 6 7755 3 89 8 470 7 3 1712 5
355 9 509 1253 5547 3790 70 3 4290 4114 4 3 2770 7 5
35 249 33 8 35 341 33 31 43420 543 15 3467 2003 111511 4 79022 5
16 424 5
81 3 169 176 7 3 31660 4 3 3259 24880 6268 9 2104 197 7623 3 181810 459997 38020 6 70 3847 3 14510 3604 111511 31 304 6 3 5
5583 4 3 4505 7 3 2003 72539 13 7857 6 9 14510 3604 111511 16 3353 538 9 391 18298 96734 35 33 4 446326 35 403 33 5
35 403 33 5
35 704 33 35 403 33 31 3 1029 14392 220 24 489375 4 171463 5
36847 35 280 33 4 108922 12283 3462 5
35 2560 33 4 8 4031 8 17641 35 6833 33 5
238487 341 16 9 10028 7 3 1273 489375 31660 5
17 74 176 4 10 47 329 509 1253 29408 32 1712 147 967 4 16 1303 61 24 1583 4 3847 16 1146 5
458 21 6 1000 9 2104 329 1253 5547 3790 329 967 4114 6 5339 32 1712 72539 5
631 3 1253 5547 16 15 9 967 4114 4 5547 110458 14 329 72539 35 1583 33 5
2382 201 6 3 161 967 3 131804 421 1396 16 3677 6 5339 72539 6 3030 4114 4 79022 5
3 12911 16 197 6 249 109 3 36730 7 4505 8 28321 31 43420 8 3353 35 1583 33 109 21 166 21 3 3467 1712 72539 16 7545 10 1253 2106 2104 111511 35 1583 33 5
2491 3 1253 29 3467 32 1712 6 329 967 4 3 470 35 483275 33 8 89 35 79036 33 147 967 16 43420 109 153 3 321 89 35 33 71 26 43420 21 166 35 1583 33 5
5583 4 3 1253 2106 2104 71 26 7154 5
238487 341 5
35496 31660 6 4855 3 192385 565 5
2491 4 290 509 1253 29 43420 3 2104 197 7 3 3259 24880 35 33 16 1148 24 3 14510 3604 111511 4 46 16 1303 61 24 1583 5
17 3354 7 3 31660 16 3 2104 197 4209 24 3 73 3259 35 517 2511 33 5
659 960 3 31660 4 550 9584 31 10455 4 1595 10 98586 249 5
139729 249 4 341 4 8 503 31 351 25 20557 8 136512 35 744 33 5
158 3001 9 16616 28975 10 47 67 24370 31 691 6 67 523 553 5
17 24370 432 3 689 4197 35 226 16616 4197 33 47 16 8449 538 9 6221 762 4197 8 307 5937 5
17 97 1884 148 3 67 3149 16 3 1311 7201 13 86 26 883 8248 49 2412 5
17 2412 16616 4 3099 249 4 16 888 22 3 178 200 5
17 8248 16616 4 3099 341 4 16 691 6 3 178 8 29653 553 5
81 3099 503 4 3 67 24370 31 3380 5
98586 249 5
139729 5
58499 459 1464 10 20557 8 136512 35 1515 33 5
66 5181 9 2088 3968 2354 35 3 380 4197 33 47 2638 9286 7 9 34260 9556 2354 4 9 6221 762 4197 4 8 325 9946 5
17 380 4197 16 691 6 9 1721 22785 1387 8 153 7543 6 178 8 4661 796 5
79 34003 28975 16 13075 10 3099 500 35 20557 323 136512 4 1095 33 5
17 689 4197 21722 53 35 9 33 9 1029 307098 10 47 3 7084 4 77751 8 3 12211 284 31 8449 109 35 8862 33 9 24625 109 8 35 8258 33 3 4350 61 2869 5
17 380 4197 16 8449 24 3 689 4197 4 3 1328 17614 5483 4 8 3 4563 182 5
145 3099 29 93 2280 4290 8 3 4290 27 67 2003 13 86 3030 23 5
139729 708 8 700 3001 9 18617 28975 19 108 729 35094 112485 35 215058 33 4 19386 112485 35 85174 33 4 8 1328 2125 72588 35 291894 33 5
17 108 729 432 3 689 4197 47 9286 7 9 7084 4 32 2869 8 9 24625 5
355 9 25967 8 9 4563 19 8667 31 4916 6 3 689 4197 4 215058 16 1601 5
65 9 16723 4 9 1328 17614 5483 4 8 3 4563 16 4916 6 3 689 4197 9 291894 16 1601 5
17 85174 16 825 6 3 291894 44 1016 7 9 16723 9 25967 16 4916 6 3 689 4197 5
17 7067 16 3544 6 1970 3 8785 10 98586 249 6 259 3 2770 7 3 89 35 33 8 470 35 33 14 70 3 2003 10 329 967 5
134 581 9 10028 7 3 10777 7 3 9584 10 20498 341 5
20498 341 5
52788 7 3 550 9584 5
58499 58095 4114 35 9485 33 24180 209397 12271 106174 211 35 72539 33 35 5132 33 12240 249 249 782 459 249 1239 403 3602 249 249 7555 341 249 782 459 341 1227 698 3602 249 249 1410 249 341 2628 459 249 704 700 341 2131 697 3602 249 249 409 249 341 503 503 341 183 503 459 2511 697 3602 249 249 1410 249 341 2628 341 249 7555 500 249 685 704 6494 3132 1004 3602 249 6494 500 708 459 630 407 782 6417 2919 61838 98236 148817 3602 249 249 302 249 459 403 249 503 1135 341 341 183 341 503 2131 459 249 1004 459 341 782 459 459 800 459 503 708 700 459 630 407 782 11327 2919 34533 98236 160038 3602 3 216 21 708 9 17 729 3001 3 380 4197 4 79022 5
9 2484 967 5
8862 17 33498 7 2280 4290 16 3380 24 2482 13719 8258 8406 3082 4 114 32061 16 3 221 7 2003 47 71 3030 3 967 190760 5547 145 31 3 4795 4290 4 9 2443 86 1374 14 48 58 57 1247 5
17 2770 7 3 17087 19393 31 14549 137 523 16691 8 31 543 15 18423 2062 8 825 217 2062 105 36847 35 274 33 109 280 33 5
79 1217 6 4855 9 565 197 3 2770 7 6 4498 30392 2104 35 108922 12283 32330 4 6833 33 5
17 12911 19393 31 4650 3467 8 43 144 26 14549 93198 35 36847 4 274 109 280 33 5
81 129 267 4 80 197 6 8 232 6 3 871 7 3 8 65792 10 290 3099 5
17 191244 96734 323671 16 5210 232 6 3 871 7 89 8 470 10 290 967 5
12502 4 3 2770 7 192 19393 31 5210 232 6 3 871 7 68637 8 65792 7 3 3099 5
17 31660 1002 538 183 7757 19 8807 509 7684 290 57 5
8 31 197 6 6786 3 55906 6 3 522 4209 24 3 543 31660 4 1273 24 8 10141 35 2076 33 4 10 47 306 34148 17355 31 1146 5
17 31660 18 21655 538 17177 8 9 24701 1416 19 9 17924 136498 13821 22 51231 62778 8 81327 7 39479 2900 5
11391 3265 3099 16 10455 699 3 31660 22200 400 538 8 153 23 16 336 369 22200 400 1994 8 5
17 596 50773 89 16 43420 21 166 21 3 596 871 7 218 41748 6905 89463 23491 35 220450 12283 32330 4 502 33 5
35 9 33 53198 35 2567 33 5
66 1170 3 3201 7 2506 1411 3 14510 3604 2506 4 79022 5
23 1170 143 166 3 2506 10 3 2104 197 31 1724 5
79 871 7 4568 770 70 3 2506 496 3 2104 197 31 41996 5
35 8862 33 172273 1884 35 67481 33 5
145 16 9 152 6 960 3 3457 35 79022 5
143 300 33 3 1359 181810 197 16 25 3 2104 197 16407 5
66 16 530 13 3 1731 3 67481 871 4 3 2211 3 16407 16 25 1359 181810 197 5
35 8258 33 35 8913 33 5
66 14209 3 2278 352 24 3 16407 6 352 2278 24 3 1359 181810 197 5
81 129 95531 6905 565 4 8913 16 3 60816 7 70 3 55154 692 32776 24 3 4249 397 5
35 5547 33 5514 35 18220 33 5
66 1170 3 28463 7 3 352 7 1676 7 16407 6 3 1359 181810 197 35 33 6905 904 4 3847 3 30392 871 7 18220 16 57 5
17 596 871 7 138 23491 16 1595 10 20498 459 65 3 489375 16 220 8 10 20498 503 65 143030 16 336 5
17 6905 16 6 2148 13 489375 31660 93475 3 143030 31660 5
20498 459 5
11391 7 3 543 31660 8 22248 130318 5
543 31660 260953 58499 50773 89 35 51978 33 2567 8913 35 98236 14747 33 50773 89 2567 8913 35 98236 14747 33 493334 50773 89 2567 8913 35 98236 14747 33 493334 249 152234 4481 52477 341 138380 9330 545552 63806 545552 459 409113 18374 444771 179418 444771 503 19765 333158 500 40104 429028 513693 708 78435 700 45273 497555 9 17 1359 181810 197 18 488 6 49075 538 22248 130318 14 3099 5
8862 17 24021 1884 16 43420 538 3 1359 181810 197 8 3 2104 197 16407 4209 24 543 31660 5
8258 145 5514 16 43420 13500 8913 7 3 489375 31660 24 8913 7 3 1359 181810 197 5
20498 503 5
11391 7 3 543 31660 8 22248 130318 5
543 31660 260953 58499 50773 89 35 51978 33 2567 8913 35 98236 14747 33 50773 89 2567 8913 35 98236 14747 33 493334 50773 89 2567 8913 35 98236 14747 33 493334 249 152234 67488 205837 341 138380 91682 12946 459 409113 6186 75829 503 126476 275106 500 41914 437190 6104 708 700 365296 9 17 1359 181810 197 18 488 6 49075 538 22248 130318 14 3099 5
8862 17 24021 1884 16 43420 538 3 1359 181810 197 8 3 2104 197 16407 4209 24 543 31660 5
8258 145 5514 16 43420 13500 8913 7 3 143030 31660 24 8913 7 3 1359 181810 197 5
26148 4 3 2770 7 3 23491 27 45 677 4 65 22248 130318 35 77845 33 16 220 6 49075 3 14 9584 4 6 192 2770 4209 24 129 1273 31660 5
238 1595 10 20498 459 4 3 612 50773 89 16 3455 65 77845 110458 3 181810 2757 5
17 50773 89 65 16 1978 58 3 89 65 5
527 4 3 2770 7 3 23491 31 333 538 53 3 871 7 3 67481 16 1731 8 3 2770 7 2567 31 2211 6 138 43420 24 77845 5
17 2770 7 8913 4 65 80 197 8 31 177 825 6 3 2770 43420 24 77845 5
17 2770 7 18220 31 177 408 6 249 538 883 49 23 770 13 3 352 2278 24 3 2506 2757 16 825 6 3 352 2278 24 3 5
98586 341 5
22026 2757 35 16407 33 8 1359 181810 2757 5
98586 459 5
13043 10422 7 23491 5
17 216 2376 71 26 1303 61 65 143030 37469 3 216 3099 35 196 20498 503 33 5
17 50773 89 16 902 65 58 3 89 65 5
81 7488 6 3 2567 4 3 55906 31 3196 4 3 2770 7 2567 65 31 2211 6 138 4209 24 77845 14 9584 341 8 459 5
349 3 83 881 4 3 2770 7 8913 31 825 6 3 1603 43420 24 77845 14 8 5
20379 4 14 9584 4 3 2770 7 2567 8 8913 27 45 677 65 8 35 196 20498 459 33 5
17 2770 7 2567 31 177 825 5
349 3 8101 4 3 2770 7 8913 31 1731 65 58 138 65 79022 5
65 1994 3 352 2278 24 3 2104 197 16 1731 5
145 16 206 121 129 4249 397 16 35 33 6 49075 6003 17 2770 7 138 23491 65 143030 16 220 35 196 20498 503 33 31 3196 5
17 2770 7 2567 14 31 333 14 9584 500 8 708 8 3 2770 7 8913 31 1731 10 9584 500 8 700 5
5583 4 3 522 7 489375 8 143030 31660 27 45 677 65 8 3995 5
273 9584 4 3 2506 197 4209 24 129 31660 31 2211 6 3 4 232 6 67481 35 196 65588 459 8 503 33 8 98586 5
273 3099 500 4 3 2770 7 2567 8 8913 31 1731 538 143030 4 3847 23 1389 105 143030 93475 489375 5
7448 4 3 221 7 2506 10 3 16407 538 143030 16 1731 58 3 221 7 2506 538 489375 4 782 8 409 3995 4 196 98586 279834 5
7219 4 3 65792 7 2506 43420 24 143030 16 148 782 8 403 222 4 125 3 65792 7 2506 10 489375 16 148 697 8 3706 4 3847 3 2506 10 16407 31 1724 356 3 2104 904 5
16816 4 3 489375 12244 9 16407 47 4490 104 7 3 2104 904 5
17 2376 1303 61 14 9584 708 8 700 16 825 6 3 57 2828 14 3099 500 5
25421 13 14 9584 3 2506 7 16407 538 143030 31660 31 34 1724 14189 15 3 2104 904 4 21 1595 10 98586 5
12502 4 3 489375 31660 12244 16407 47 4490 9 1978 352 7 3 2104 904 13 3 2757 4209 24 143030 5
458 21 6 7673 3 34602 7 129 31660 4 2031 10422 31 2682 538 3 522 7 3 22200 1002 35 4 280 33 5
238 1595 10 98586 188053 4 129 1273 31660 37469 3 550 9584 10 287 89 35 716 202 596 33 58 89 1266 24 3 143030 31660 5
17 2031 10422 7 3 67481 31 18652 10 98586 259585 5
238 1595 10 23 4 577 202 7 3 306 522 31 1298 3 2031 3331 4209 538 143030 31660 14 3 9584 5
35 3088 13 14 3 9584 10 47 3 1359 30745 16 43420 4 3 67481 71 26 43420 33 5
238 1595 10 98586 341 4 3 489375 31660 3831 48 2506 49 58 143030 31660 109 3847 3 421 2557 71 2401 57 297 48 558 2506 5
17 2770 7 53198 31 18652 10 98586 438083 8 3 1603 7 31 18652 10 98586 128930 5
6297 15 3 2770 7 3 50773 89 4 67481 4 8 2567 10 65588 459 8 503 14 9584 4 129 543 31660 37469 138 9584 3254 58 3 143030 1217 1273 24 8 10141 35 2076 33 5
7219 4 3 16407 1035 24 129 1217 31 2211 6 3 8 3 2104 31 48 14189 41996 35 196 98586 459 33 5
81 267 7 9584 4 129 1217 2696 16407 14189 41996 35 196 98586 341 33 109 3847 4 3 2770 7 2567 31 2185 58 138 7 143030 35 196 65588 459 8 503 33 5
1210 6 3 46986 2376 10 98586 459 8 3 2770 7 3 23491 43420 10 65588 459 8 503 4 23 866 13 3 143030 1217 24 8 10141 35 2076 33 2696 825 522 14 9584 44 14 2185 9584 35 33 3 31660 2696 2506 10 16407 13 31 14189 1724 72 3 16079 642 109 3847 4 3 16 1370 5
145 2048 13 129 489375 31660 54527 3 31660 5
35135 17 1494 489375 31660 16 3639 46912 6 4855 3 192385 544 65 3 68637 8 65792 31 60560 8255 5
1563 5607 31660 54527 3 143030 31660 1273 24 8 10141 35 2076 33 232 6 522 10 194896 5
341 8 459 5
1563 565 16 523 25 12283 3462 5
35 7782 33 8 8 10141 35 6833 33 10 13 80 112 34 539 3 927 869 470 47 16 43420 24 7039 5979 109 3847 4 36117 9584 86 26 10455 5
1113 43 60560 3 927 869 8 321 89 4 129 1217 102000 24 31660 3 68637 8 89 6 200 5
145 162 71 3581 454 2673 7 489375 31660 6 3 10317 992 544 24 1463 3 927 869 470 4 2168 12453 4 49 10905 667 133 21 1923 8 855 10076 2307 349 3 83 881 4 80 5607 3 1494 489375 31660 6 49075 9 181810 197 109 3847 4 129 31660 2696 9 197 7 10317 2642 8 3 421 2557 86 5339 3 282 13 5826 5
17 1273 17592 29 4861 6 26 6633 24 1691 3419 522 15 550 523 1605 2614 21365 9584 4 19722 24 523 221 7 4290 8 2003 5
7219 4 34 97 3 31660 29 4861 6 371 2506 3628 49 177 408 6 3 1359 181810 12754 14 287 1812 9584 4 44 23 29 59 1595 6 26 3682 7 1913 117 48 181810 2506 4017 9 1978 352 7 3 2104 904 15 3 48 1812 9584 4 677 6 3 2757 4209 24 143030 5
12502 3 1273 5018 842 70 50 785 907 65 3677 14 12538 1812 41748 6905 1605 2614 8 10317 89463 544 5
145 1381 6274 9 5607 41748 6905 89463 1506 14 48572 3 68637 8 65792 10 9 2484 1605 2614 4 8255 5
17 1506 23682 28975 3961 24 8775 2016 3 470 8 89 154 3 3394 7 32 1712 6 3030 9 967 5
134 5607 3 1494 489375 31660 6 462 9 181810 197 13 54527 3 181810 2757 4209 24 8 10141 35 2076 33 65 3 169 6905 16 6 16895 3 59736 1016 7 3 927 869 5
17 1273 41748 6905 489375 31660 16 3677 6 550 9584 1940 220 10 6854 8 3 522 42 677 6 32 543 31660 21 166 21 22248 130318 65 23 16 537 6 49075 3 1359 181810 197 5
1210 6 3 522 4 80 7336 13 129 1273 31660 93475 3 773 7 3 143030 31660 5
355 3 2770 7 2567 8 8913 31 43420 14 3 1359 181810 197 4 138 2770 31 177 408 6 138 1603 43420 24 129 27964 5
17 2770 7 3 18220 31 177 408 14 189 27964 5
1210 6 65588 459 8 503 4 129 31660 2696 48 41996 2506 2757 4 79022 5
129 31660 4490 9 3528 352 7 3 2104 904 5
17 2104 2757 31 18652 6 240 13 129 31660 12244 2506 19 798 470 8 7877 321 89 58 138 43420 24 143030 5
8932 1046 8249 142 15 57 881 4 6786 3 1273 1217 19 83 88899 191244 27964 8 4 15 3 83 881 4 8850 6804 49 5373 5207 7 3 489375 31660 5
10526 4 3 1273 489375 31660 250 26 220 6 4855 48 1812 1605 2614 1746 544 427 76 1250 927 869 49 10905 667 5