34989 27964 71 26 220 6 13014 2505 4312 5
158 31 543 15 3 867 7 4397 7 3 47081 10 3 216 152 21 1375 6942 5
7500 13220 3 47081 1603 10 521 247 5
81 7732 1442 80 236 9 5018 13 4263 61 3 4631 8 1414 5
19699 4 46 1414 16 543 15 5188 7410 5
3194 2155 49 537 2104 16 392 9 5188 1846 5
208 87 16 93 25070 8 138 3247 31 1051 4 23 16 1369 6 678 2113 232 6 138 2770 8 2258 3 47081 1603 5
527 4 3 650 7 11367 3964 7 459997 1618 4589 4046 49 121392 5
81 46 4413 80 1588 3 4631 297 5188 3247 65 43 31 424 6 26 10 32 12634 4 44 3 5551 871 16 34 392 5
23333 23394 31 220 6 3001 5188 2770 10 46 983 5
520 7 3 104 2795 6599 13 71 26 170 10 3 6854 14 3 4631 7 138 5066 7 20587 31 3 632 8452 8 3 131804 2543 5018 5
81 46 4413 80 1384 32 2155 4644 6 678 9819 5188 2770 53 11245 8684 5
134 74 542 3 2205 297 3 108 4309 1321 3915 5
1504 43 1230 6 26 2112 523 6599 4 80 36 2148 90 1682 297 91 5
134 36 153 1101 15 11245 8684 121 23 1141 76 5139 3 317 52 3 7488 148 3 5188 2770 6 6786 91 5
134 36 581 3 10023 6635 7 3 131804 7488 2442 6 11245 8684 65 3 5188 2770 31 4939 24 6158 8 17505 23033 65 43 31 1216 4 8 5
31879 1443 5228 3972 9 2505 1084 35 30976 33 4623 3 791 1252 24 5077 8 9 1396 49 42101 2869 4 47 25885 2506 6 1654 5771 25 3 4008 8 954 7 3 2505 1084 5
17 1444 7 3 2505 1084 16 57 7 3 346 544 10 46 5114 35 26817 4 4540 33 5
37280 13 852 6 1088 8 1297 3 1193 7 31 1622 8 4624 27964 31 9 2887 1712 6 25450 3 121 117 85 251 35 12711 4 4 323 4 1278 109 4 2391 109 59977 323 32389 4 502 33 5
34989 27964 10 7732 1442 31 2247 24 3 216 867 21 3 3695 7 6942 53 2196 138 2113 13 282 2338 3447 10 2129 8 46 14792 6 3 3070 7 2502 5
81 678 6 581 3 282 2104 6 9 565 4 6645 31 677 22 290 164 8 97 3 47081 1603 3447 6 3 161 2020 35 161 967 33 5
34989 27964 27 2436 40 1175 10 9 177 1773 1079 7 3547 21 3855 8 25450 22190 1396 4312 4 1000 4333 7410 49 24220 6589 35 196 14 946 4 4 26717 4 4 44447 4 323 44621 4 109 314217 4 4 323 22902 4 280 109 60173 12283 32330 4 7782 33 5
766 192 8090 71 26 1109 21 27708 49 1046 6589 5
81 678 6 1415 143 166 290 1570 9346 3 565 22 290 1092 5188 49 6905 7410 31 220 5
158 1618 23335 9 871 6 290 5606 8 138 19 1391 5188 2770 31 220 6 3 161 2020 5
23620 5188 7410 71 26 4939 4808 15 3 565 8 23 16 9 2086 1369 2485 6 581 9 5018 49 4859 13 9670 2113 8 1708 9 282 5606 65 3 317 16 7608 5
75 121392 1464 177 3684 10 3 5114 7 2516 1443 35 196 4 297 117 461 4 455973 4 4 4 323 234539 4 2076 109 323 369693 4 7782 109 30402 4 30402 4 38704 4 323 4 7782 33 5
37280 13 852 286 6 4685 19 46 983 7 13746 49 50867 2505 343 1622 5
145 16 3 3644 7 4624 22190 1443 35 199342 33 47 2780 4624 27964 6 1746 8 1297 22190 1443 4 114 3 628 3 954 5487 31 9819 5
34989 22190 1443 27 597 9 485 293 7 1164 10 3 73 85 35 36187 323 4 280 109 4 26717 4 44447 4 323 44621 4 109 423755 4 32611 4 4 4 323 26717 4 7782 109 4 453918 4 323 127285 4 2076 33 5
17 9796 628 8 3 3354 2506 220 6 26 11868 10 3 74 4117 15 46 5890 35 26717 4 274 33 5
527 4 121 90 85 251 4 90 4888 35 196 38704 4 278455 4 323 36187 4 502 109 38704 323 278455 4 359 109 38704 4 278455 4 323 36187 4 359 109 280 33 27 5169 19 50867 628 6 1849 8 8612 199342 5
17 4859 13 30509 3 1277 7 9 2104 10 3 4624 31660 4 13 16 4 3 5188 4859 4 16 9819 10 46 1217 5
187 31 523 1225 6 1506 121392 10 3 6854 35 6951 23394 4 22190 2757 4 33 8 117 4117 27 45 5446 6 3 4631 7 22190 2757 5
134 71 11897 4 297 3 104 308 1603 4 188551 4 4 4 8 35 2560 33 4 6794 35 7782 33 4 15152 8 76110 35 7560 33 4 10141 4 56103 4 29583 4 8 19959 35 7560 33 5
38704 4 278455 4 8 36187 35 280 33 1109 13 3 5188 2770 31 4000 4 44 32776 10 32 12634 8 3 121392 16 322 18213 24 9 6951 12911 5
17 1510 3803 6 7577 3 5188 2770 10 46 267 31 883 215 5375 4 10 3 1065 13 43 233 9575 852 286 6 6786 3 20587 10 117 745 4 21 16 3 267 7 632 8452 35 4 744 33 4 49 43 31 543 15 21853 8 9901 67 46025 35 38704 12283 32330 4 280 33 5
81 46 4413 80 1384 9 48 614 8 6633 152 6 6786 67 20587 47 16 543 15 9 131804 7488 53 11245 8684 35 4693 4 4693 9253 4 4693 4 323 4 109 4693 4 4693 9253 4 323 4693 4 33 5
26148 4 80 36 196 3 2205 148 46 84 4644 8 3 8176 1603 5
4649 4 80 36 1101 15 11245 8684 8 80 36 581 10023 10869 14 50 2442 131804 7488 5
81 1654 4 80 36 1384 67 745 5
26148 4 80 36 4753 13 80 27 93 317 52 96 31 3 104 338 2770 10 120 7 3 67 20587 6 26 677 5
8616 4 3 6158 3201 36 26 220 5
17 9513 7 9 6158 3201 16 34 32 7732 5702 8 23 71 26 1109 10 117 983 21 9 8867 7 1292 7 317 35 196 4 14 3099 4 38704 12283 32330 4 280 109 185766 4 1278 33 5
355 46 3201 16 1109 4 80 36 4498 3 2190 6635 7 3 2442 131804 8 22190 1682 5
20379 4 80 36 1384 3 983 10 47 3 7662 7 3 3247 10 3 12634 16 1723 35 387247 5
17073 33 5
36004 23033 1506 192 5771 5
134 36 59 542 11245 8684 10 46 267 5
7219 4 121 11245 8684 1141 76 1250 3 537 9295 148 3 23033 677 4 80 36 1384 108 523 5771 189 14 6158 8 17505 23033 53 2744 4 8 5
145 4413 16 4393 21 3177 53 81 8941 341 80 4556 3 565 8 4697 90 523 4309 14 9901 67 5188 2770 1273 10 3 6854 5
81 8941 459 80 1384 9 83538 7 192 4309 4 543 15 9 131804 7488 8 80 542 143 46 131804 7488 71 26 266340 3380 24 770 7 9 22190 7488 5
81 8941 503 4 3 7 3 131804 7488 16 1109 8 25 322 9 676 678 16 3455 5
81 1654 4 80 2148 3 1322 148 46 84 1217 8 90 2795 4309 220 10 3 6854 14 3 4631 7 5188 2770 5
81 3 73 176 7 46 2124 80 542 3 6635 7 3 131804 7488 10 67 745 53 65 3 5188 2770 31 18213 24 6158 8 17505 23033 5
8941 500 1038 90 380 2932 8 426 162 5
3062 286 1384 67 5188 2770 8 5
81 117 5771 4 192 5188 3247 8 31 4000 4 44 80 27 90 50867 317 52 91 5
8616 4 80 71 34 2258 3 871 7 8 4 44 80 259 67 20587 114 290 7 91 16 3345 5
931 20587 71 26 3455 24 770 7 9 22190 83538 7 3 1153 26327 5464 35 14 9 48 3297 5230 4 196 58486 503 8 500 10 38704 12283 3462 5
35 280 33 33 8 43 36 26 103415 24 8 4 3995 5
17 4631 7 46 67 20587 16 666 10 678 6 2401 3 5155 8 3 4726 5
81 46 2124 80 36 4556 67 7 3 104 2795 4309 13 71 26 170 10 3 6854 14 3 4631 7 133 20587 4 3 632 8452 8 3 131804 2543 5
12935 8452 17 5018 7 3 632 8452 18 1109 10 35 744 33 5
81 13 267 4 92 192 67 20587 31 4 153 80 27 34 120 565 6 2258 3 4020 12634 8 3475 3 421 16 18795 5
17 565 20521 65 3 13632 16 14510 3435 4 121 3 20587 31 48170 5
8616 4 92 8 23 2609 13 53 2778 208 280701 11102 4 153 16 4020 6 19 2201 6 3 632 8452 4 103415 24 5
2778 208 11102 322270 4 153 16 4020 6 19 2201 6 3 632 8452 4 103415 24 5
2778 10974 4 8 31 48170 5
8616 4 46 5018 16 215 16269 4 121 23 71 26 220 97 10 9 177 1654 267 5
79 9523 6 4855 46 565 16 6 231 3 160269 678 35 10018 4 2804 109 63976 323 4 1422 109 207079 323 4 1422 33 4 7285 9 2543 2505 52 3 13300 3201 7 3 5188 5
4036 67 6951 23394 6219 8 12662 19 2442 16364 3201 7410 21413 8 37030 4 6219 16 4020 6 12662 92 8 97 92 21413 37030 4 19 9 5375 15728 10 22 248 57 397 4 8 23 16 103415 24 6219 5
81 129 5114 4 3 160269 678 71 26 27394 10 3 508 152 53 3280 35 14937 33 3280 35 14937 33 4 14 120 8 3280 35 33 11102 3280 35 33 4 14 90 5
81 1654 4 92 80 4753 13 3 5188 871 3177 9 6158 3201 35 21 10 185766 4 1278 33 4 153 53 110 22 248 57 7 3 28988 5375 5
81 1654 4 92 632 15944 4 153 5226 15 3 3201 7 3 5188 5
7448 4 3 160269 678 340 34 4855 70 3 544 7 3 632 8452 5
273 3099 4 16 59 805 19 2201 6 46 5018 5
131804 2543 1471 5018 4 226 3 5018 7 3 131804 2543 4 18 1273 24 38704 12283 3462 5
35 280 33 5
238 3 160269 678 4 23 16 543 15 9 2543 2505 52 3 13300 3201 7 3 5188 4 3280 35 4 33 5
81 13 983 4 9 421 1396 1109 18 6 1865 13 92 8 97 92 35 249 33 309045 249 208 3 50733 7 446326 35 249 33 16 34 4939 4 44 23 16 5892 13 5
1113 46 5018 2228 286 6 6786 9 1427 7 6951 20587 3528 58 138 677 24 3 5018 7 3 632 8452 4 34 329 1808 7 20587 71 26 1433 5
81 1654 4 7302 8 36 26 48170 5
7219 4 10 46 1217 80 1384 9 11868 678 148 3 20587 4 44 92 80 31 10 9 22190 5114 4 19 50867 628 4 90 843 7 11902 4631 86 26 48 3206 21 3 1204 397 7 3 4631 5
17 108 4309 2209 10 3 767 2124 95957 9 1029 30046 53 3 3612 7 3964 7 8684 5
158 97 852 8684 49 4 44 43 112 34 581 3964 10 3 8684 148 3 5188 2770 5
8616 4 192 4309 1384 9 11868 7553 678 148 3 20587 4 44 92 80 31 10 9 22190 5114 4 19 50867 628 4 90 843 7 22190 678 86 26 48 3206 4 22 248 21 9 74 1092 5
332 46 397 4 129 3644 16 6 2780 10 46 5114 9 11902 4631 47 37469 3 767 544 5
145 11902 4631 148 5188 2770 16 392 24 770 7 9 131804 7488 35 4 136165 4 323 136165 4 7458 33 5
3062 286 3423 13 392 9 197 7 6645 9 131804 7488 10 16 9 15987 133 13 14 329 1808 7 6645 9 8 8862 10 5
145 843 7 1682 31 1484 226 34715 49 1682 5
1113 46 46302 7488 59 1141 2770 10 3 12634 1356 1362 4 50 9088 16 1144 523 25 3 9088 7 9 2795 22190 7488 5
208 4625 16 9 131804 7488 4 21636 13 2155 9 16 4120 4020 6 8862 5
75 3 871 6494 340 34 1153 3612 7 2205 5
273 9 131804 7488 4625 4 16 1658 19 9 530 8684 14 8862 72 9 5
66 59 2609 13 4784 20041 148 189 6645 5
4693 12283 3462 5
2042 10 4693 12283 3462 5
35 33 3 131804 7488 4209 24 9 2137 7 24976 5
17 2137 7 24976 16 226 9 33770 24976 1506 14 3 131804 7488 4939 5
17 6300 48015 6 9 197 7 6951 23394 71 26 381 10 4693 4 4693 9253 4 8 4693 35 744 33 5
81 129 5114 23 71 26 1867 21 3177 53 35 341 33 8616 4 80 1384 9 84 152 6 6786 67 5188 2770 5
81 13 5114 4 4625 35 4 33 16 9 30663 9594 7 3 8452 7 72 5
1738 45268 8593 71 26 381 10 98586 249 5
98586 249 5
75250 7 67 5188 2770 24 770 7 131804 1682 5
11271 25 110 9 30663 7488 4 23 16 537 6 4498 3 2463 7 4631 14 120 1808 7 6951 20587 19 46 5018 4 13 16 4 120 1808 7 50867 11537 7 67 5188 7410 71 26 677 5
59268 341 134 9428 10 3 767 2124 13 4 92 153 8 31 48170 24 770 7 3 131804 2543 5018 5
527 4 92 80 4753 13 153 8 3475 3 5018 543 15 9 131804 7488 71 26 1109 5
1471 1432 6681 16 13 3 7488 4625 16 543 15 3 1730 3201 8 34 97 10 3 11992 23033 5
51811 13 392 67 6951 23394 6219 8 12662 19 16364 3201 7410 21413 8 37030 4 3995 4 40 1730 16364 3201 7410 16 392 24 53 14 120 35 14937 4 11348 33 4 114 3298 16 9 4859 226 293077 35 48837 4 502 33 4 13 16 4 9 46302 3802 3298 53 1356 6494 4 249 1362 98236 1356 6494 4 249 1362 129708 1356 6494 4 249 1362 13 44931 3 508 2763 53 2778 1356 6494 4 249 1362 5
2778 1356 6494 4 249 1362 5
2778 17 955 7 3753 561 53 14 329 35 273290 4 309581 4 4 33 1356 6494 4 249 1362 503 133 13 273290 309581 8 5
17 16275 15728 2609 14 120 293077 3298 8 329 35 14937 4 11348 33 1356 6494 4 249 1362 341 53 114 2990 16 3 3033 3802 35 33 8 7799 2464 3 3802 35 33 5
79 296 533 293077 16 3 1247 4 13 16 220 6 3001 2744 148 3 23394 5
252980 1888 24 3 1247 4 3 3033 49 3 4262 31 226 1216 4 49 4 3995 5
931 108 1654 745 31 1109 3 104 533 1603 10 3 6854 8 14 46 1033 80 36 1101 15 91 5
4693 9253 4 4693 4 8 4693 35 359 33 2436 3 508 10869 14 3 7488 4625 14 11065 6951 23394 6219 8 12662 53 2778 6219 8 12662 31 1216 53 35 459 33 2778 6219 8 12662 31 53 35 503 33 114 3 74 176 42540 6 3280 35 6219 6117 12662 33 8 3 169 176 6 5
2778 6219 8 12662 31 53 35 500 33 114 28825 44931 5
931 108 42584 36 26 177 4116 10 8941 503 4 114 80 36 384 90 10869 7 3 131804 7488 4625 14 9901 3 23033 7 3 67 5188 2770 4 14 5
8616 4 3 131804 7488 4939 10 446326 35 341 33 5473 15 3 293077 13 3151 3 23394 8 14 46 1033 80 36 60121 3 131804 7488 24 8073 4 13 770 13 3 2205 148 3 23394 35 49 3 33 16 392 24 3 293077 4854 17 317 3345 10 3 131804 7488 71 59 26 2209 24 770 7 9 22190 7488 5
145 18 2337 1273 24 4693 4 4693 9253 4 4693 4 8 35 502 33 109 4693 12283 3462 5
35 33 8 4991 10637 10 3856 24 4 46236 4 70167 4 8 46236 35 2076 33 5
134 59 1273 9 83538 7 46 14843 35 196 46236 4 4 46236 4 323 70167 4 33 5
187 4 80 2203 13 25 120 131804 7488 4625 4939 15 9 197 18398 35 4625 33 19 18398 53 1356 6494 4 249 1362 129708 1356 6494 4 249 1362 16 9 22190 2325 8684 7488 92 4 8 97 92 4 17 767 665 18 4861 14 120 131804 7488 4625 4 44 65 80 31 9901 5188 2770 24 770 7 3 7488 4625 4939 15 446326 35 341 33 4 18398 35 4625 33 16 32 678 12095 22190 2325 8684 7488 92 4 8 97 92 4 8 18398 16 1723 10 1356 6494 4 249 1362 5
17 2007 18398 1273 24 4693 12283 3462 5
35 33 18 44 23 16 530 13 4859 18398 71 26 4939 10 25328 523 1225 5
238 32 946 4 80 36 4498 3 6635 7 3 2325 8684 7488 1883 14 13 2007 267 53 59268 459 3062 286 1384 6 26 30985 5146 10 3 12634 1356 503 4 708 1362 4 1356 700 4 782 1362 4 1356 500 4 700 1362 4 1356 459 4 500 1362 8 1356 6494 4 341 1362 4 3995 4 14 5
208 80 4753 2744 4 23 2609 13 53 8 80 71 3088 3 523 16506 220 24 4625 8 4770 8616 4 80 7336 13 1883 71 26 381 21 9 117060 4 46 16 4 21 9 1370 58 49 3628 6 7488 5
75 3 2677 7 4625 16 4120 523 5
81 644 4 3 9088 7 3 871 7 3 22190 7488 1883 16 53 3 2211 3 871 6 6494 4 3 6028 3 160269 9295 148 3 6645 5
145 71 26 381 45651 10 98586 341 5
98586 341 5
75250 7 67 5188 2770 24 770 7 22190 1682 5
3062 286 10861 13 2778 1883 16 58240 53 14 120 80 27 13 5
2778 1883 16 3092 1332 53 12502 4 120 1808 7 5188 2770 71 26 677 5
2778 1883 16 232030 10 3 8176 1065 53
355 3 16 1272 4 80 36 1384 11245 8684 4 13 18 2042 24 4693 12283 3462 5
35 33 8 1940 4400 24 46236 4 4 70167 4 8 46236 35 33 109 2076 33 109 46236 35 7560 33 5
66 16 3455 21 9 423 7 3 131804 7488 5
53798 503 3062 4 26 67 6951 23394 5
134 140 13 16 17281 4020 6 4 8 80 60121 23 24 4 92 49 266340 92 114 68806 3 30936 423 7 3 22190 197 11936 4 8 31 17281 20575 92 8 3 66271 770 13 5
2491 80 27 2042 3 5018 7 11245 8684 4 80 8270 3617 3 3898 148 3 4309 80 27 2209 5
273 46 3316 4 3423 13 80 31 9901 67 22190 1153 26327 5464 4 13 80 4753 43 31 5146 15 32776 20587 5
8616 4 80 4498 3 74 665 53 11791 500 4036 8 23 2609 13 5
33813 17 4716 16 543 15 3 644 13 14359 8 24658 4 24 309045 249 4 5226 15 3 23033 7 4 5
11791 708 4036 8 23 2609 13 5
33813 208 4 153 53 8 24658 5
11791 700 4036 8 23 2609 13 5
33813 208 4 153 13 14359 53 527 4 121 4625 16 9 131804 7488 4 46 770 13 8 3847 5
3062 286 107 542 3 1322 148 3 160269 678 8 3 11245 8684 5
66 29 1940 45 4729 10 46236 12283 3462 5
35 33 109 46236 35 7560 33 5
46236 4 16581 4 323 46236 35 33 81 3 161 12971 80 55741 3 5948 5
11791 704 4036 2609 13 53 2778 208 9556 24 3 3033 49 24 9 5375 461769 293077 4 153 5
2778 208 9556 24 9 461769 293077 4 153 23 71 97 26 5799 13 5
2778 81 614 4 3 1263 8 31 34 1547 5
5583 4 23 97 840 6 542 3 537 3898 148 3 131804 2543 5018 8 3 160269 678 5
79 74 1217 16 6 542 3 267 7 1216 20587 53 11791 782 4036 8 13 31 1109 6 26 1216 4 23 2609 13 5
33813 208 3 20587 31 1216 4 153 8 24658 92 8 97 92 8 46 16 3267 6 5
8616 4 189 3 131804 2543 8 3 11245 8684 31 3267 10 46 983 5
8616 4 92 4 7623 11791 704 4 4 8 24658 3 8684 19 2201 6 3 131804 2543 5018 59 817 5
134 27 100 381 13 87 16 9 1322 148 3 131804 2543 8 3 160269 678 65 3 20587 31 1216 5
527 4 133 1322 340 34 817 14 8 20587 4 21 80 2148 10 3 508 946 53 59268 183 12097 8 5
134 1384 13 3177 9 6158 3201 8 3 3201 7 16 5
8616 4 5
70797 13 189 20587 31 5
6832 446326 35 503 33 80 71 49075 53 8616 4 21 80 9428 10 8941 341 4 189 20587 31 48170 19 2201 6 3 131804 2543 5
70797 107 13 43 31 5
6832 446326 35 500 33 80 4498 13 8616 4 8 24658 4 538 11791 700 4 5
17 767 3898 31 43628 10 3 1488 661 10 98586 459 5
98586 459 5
52788 7 3 3898 148 632 8452 35 111511 33 4 74 2463 160269 8452 35 40527 33 4 131804 3008 35 23790 33 8 11245 8684 35 48120 33 5
100234 4 80 36 2780 46 6300 10 3 5114 7 4624 27964 5
8616 4 80 36 1384 67 50867 5188 2770 8 80 36 4498 3 5702 6 26 488 6 9929 13 57 7 91 16 11245 4020 6 3 83 5
51899 267 134 36 1384 9 6158 3201 369 4 13 16 4 93 120 2543 317 52 3 3201 72 3 6453 12634 4 8 80 36 690 6 4498 32 6635 6 3 131804 7488 4625 8 6 26077 3 11245 8684 5
8616 4 8 36 60121 107 67 20587 114 80 259 3 5188 2770 8 7 67 31 848 5
3062 286 4753 9 6158 3201 15 290 7 91 5
134 36 1384 369 108 537 1225 6 4498 3 1730 3201 53 3033 4 1247 8 350697 5
81 192 108 745 80 36 4498 3 1215 72 4 4 322270 8 280701 6 9929 3 11245 8684 7 3 6951 5188 871 72 3 6951 5188 871 5
659 112 13 4 3 6635 7 253749 4 254108 8 293499 3455 10 3 767 2124 36 26 32 3456 176 7 3 4716 5
11791 407 3062 67 6951 5188 2770 30985 5146 10 3 20587 1356 4 1362 8 1356 322270 4 280701 1362 4 3995 4 47 3001 3 317 80 27 52 3 5188 2770 7 67 5
208 3 1730 3201 16 3455 24 770 7 3 1247 293077 4 153 3 131804 7488 253749 35 4 33 1141 3 508 871 53 8616 4 8 97 92 53 33813 81 678 6 4498 3 10869 7 3 131804 1682 4 23 16 385 6 1384 446326 35 459 33 8 2780 23 6 3 179 745 5
81 678 6 4498 3 912 6 3434 90 8684 4 80 27 6 12681 67 745 53 15 3 57 881 4 74 8 740 11952 1379 9 162395 4 43 31 1433 24 3 160269 678 5
81 3 74 267 4 4 8 24658 4 538 11791 704 4 5
10052 4 10 3 740 267 4 8 538 3 216 665 4 5
12097 107 3 169 5662 5
1301 53 35 708 33 10052 80 71 4498 3 1215 10 3 296 5662 5
3062 286 107 542 3 267 5
11791 403 3062 67 6951 5188 2770 30985 5146 10 3 20587 1356 4 1362 8 1356 322270 4 280701 1362 4 3995 4 47 3001 3 317 80 27 52 3 5188 2770 7 67 5
208 3 1730 3201 16 3455 24 770 7 3 3033 293077 4 3 131804 7488 254108 35 4 33 1141 3 508 871 53 8616 4 8 97 92 53 33813 17 6635 7 3 131804 7488 71 26 3455 24 446326 35 503 33 4 8 427 76 1250 13 121 3 2442 16364 3201 12458 22 104 10 57 397 5
17 74 8 740 11952 7 3 169 176 31 18795 5
81 3 169 5662 4 23 2609 13 53 35 700 33 17 1215 14 3 296 5662 71 26 7521 3455 5
5583 4 879 286 542 3 267 5
11791 698 3062 67 6951 5188 2770 30985 5146 10 3 20587 1356 4 1362 8 1356 322270 4 280701 1362 4 3995 4 47 3001 3 317 80 27 52 3 7 67 5
208 3 1730 3201 16 3455 24 770 7 3 293077 4 153 3 131804 7488 16 392 24 53 81 1243 4 8 97 92 53 33813 17 6635 7 3 131804 7488 71 26 72006 25 446326 35 500 33 4 8 427 76 1250 13 3 397 28825 16108 53 5
17 74 8 740 11952 7 3 169 176 31 1369 4 121 87 43 31 1433 24 770 7 3 160269 678 5
273 192 1033 4 10 3 74 5662 23 2609 13 8 24658 8 153 5
10052 4 80 4498 13 10 3 740 5662 5
273 3 169 8 296 11952 4 23 16 385 6 6786 1376 6635 7 3 131804 7488 19 5
10548 5
36004 267 134 107 4753 13 48 317 52 3 5188 2770 142 26 558 5
208 23 16 424 13 90 2770 7 3 12634 31 48 16079 58 461 4 3 6158 3201 16 34 9 206 1506 120 48 5
208 80 4753 13 3 2211 80 31 6 57 3638 7 3 12634 3 48 16079 3 2770 31 4 17505 23033 343 48 3206 6 1506 3 5188 2770 5
134 27 277 20 13 87 31 83 13300 23033 4939 15 32 12634 5
8616 4 80 4753 13 3 5188 871 9317 6 3 12634 44 23 16 10520 13 23 16 2211 6 57 7 3 19277 161185 49 95531 5
134 1506 13 24 9 17505 3201 5
81 46 1381 80 1101 15 46 983 53 17505 23033 133 13 57 7 3 19393 16 249 5
66 16 166 424 13 3 17505 3201 4 35 9421 4 72846 33 4 16 4939 24 3 15183 4859 53 14 14937 1356 6494 4 249 1362 4 8 4568 2631 4 114 9421 8 72846 31 1432 521 2770 5
527 4 23 16 537 6 7673 9 17505 3201 15 329 12634 1356 9 4 8862 1362 35 23 16 103415 24 35 9421 4 72846 4 9 4 8862 33 5
17 2442 15183 4859 16 53 35 704 33 14 120 14937 1356 9 4 8862 1362 4 8 4568 2631 5
2927 4 80 36 1101 15 67 1654 745 5
81 3 74 57 80 36 4753 13 3 2211 3 871 16 6 161185 4 3 48 16079 3 871 16 5
81 3 169 267 4 80 36 4753 3 3634 4 3 2211 3 871 16 6 95531 4 3 48 16079 3 871 16 5
81 970 7 15183 7410 4 192 67 745 35471 6 9696 17073 8 9696 1723 15183 7410 5
134 36 1384 3 6951 5188 2770 3177 9 3201 35 9421 4 249 4 161185 4 95531 33 4 14 114 9421 36 26 32 216571 1370 58 249 5
153600 7 114 16 3 2059 7 3 3201 4 80 36 3156 108 8953 7118 3 1322 148 3 5188 2770 53 2744 4 8 5
208 20587 8922 57 7 3 508 912 53 80 27 381 10 3 767 2124 13 4 121 43 31 1433 19 2201 6 3 160269 678 4 3 542 7 3 11245 8684 2742 18795 5
273 46 1033 80 36 4753 3 20587 6 8922 3 1215 322270 11102 280701 35 3 267 322270 11102 280701 71 26 10455 24 38260 33 5
11791 685 3062 286 1384 3 6951 5188 2770 508 9 3201 35 9421 4 249 4 161185 4 95531 33 4 14 114 322270 11102 280701 5
1301 23 2609 13 53 64399 1910 16 3 397 10 1356 322270 4 280701 1362 133 13 33813 3062 286 1224 24 8116 3 6635 7 253749 35 4 33 5
1532 7 70 4 1963 13 4 121 43 31 1216 8 11065 4 5
1301 53 3062 286 49075 290 57 7 3 767 46025 53 9601 3 767 6635 2742 53 9601 8 8 7623 3 10864 89616 4 23 2609 13 53 9831 3 5806 7 3 67 46025 4 80 4498 3 871 7 4625 35 4 33 5
804 4 4753 13 8 31 5
1301 4 121 7623 446326 35 503 33 23 2609 13 53 10526 53 114 9575 1910 16 3 397 12404 53 1301 53 5583 4 4753 13 8 31 5
1301 4 24 446326 35 500 33 4 114 64399 1910 8922 13 53 11791 409 3062 286 1384 14 3 6951 5188 3 3201 35 249 4 9421 4 161185 4 95531 33 4 114 322270 11102 280701 5
1301 23 2609 13 53 64399 1910 16 3 397 10 1356 322270 4 280701 1362 133 13 33813 134 1224 24 8116 3 6635 7 253749 35 4 33 5
8077 4 121 43 31 1216 8 11065 4 8 153 53 3062 286 49075 290 57 7 3 767 46025 53 9601 3 73 13138 2742 53 9601 76 1250 13 16108 53 73 13138 2742 53 9831 3 5806 7 3 108 970 4 80 4498 3 6635 7 253749 35 4 33 5
12097 107 3 5188 6 26 5
1301 4 121 3 6635 7 3 131804 7488 392 10 446326 35 503 33 2742 53 1301 4 114 53 1301 53 5583 4 4753 13 8 31 5
1301 4 114 64399 1910 44931 53 309045 697 25421 13 14 17505 3201 23 16 34 537 6 4498 9 13911 28917 7 3 11245 8684 21 80 115 14 6158 23033 5
659 7336 4 879 286 1379 32 946 114 80 240 143 3 2770 7 3 131804 7488 337 65 80 7702 3 871 7 157451 59268 800 12097 114 322270 11102 280701 4 8 879 4753 3 6951 5188 871 3177 3 17505 3201 35 9421 4 249 4 161185 4 95531 33 14 5
12097 8 5
20498 249 842 3 2770 7 3 131804 7488 65 9421 2503 25 249 6 500 5
20498 249 5
57860 7 8684 14 3 523 2770 7 3 96734 9421 14 8 5
9421 253749 254108 293499 249 341 459 503 500 12097 107 523 2770 7 3 20587 53 8 5
17 3455 522 31 1595 10 20498 341 5
20498 341 5
57860 7 8684 14 3 523 2770 7 3 96734 9421 14 8 5
9421 253749 254108 293499 249 341 459 503 500 503366 81 98586 503 80 71 196 143 3 2770 7 4625 7702 65 80 337 3 871 7 3 96734 9421 25 249 6 183 5
98586 503 5
33916 7 3 131804 7488 14 523 2770 7 157451 17 996 1868 42540 6 20587 8 8 3 1868 1298 42540 6 20587 8 5
81 46 1381 80 27 4400 9 5018 6 6786 50867 5188 2770 65 43 31 1867 21 20587 114 14 290 397 80 259 3 7662 6 26 3 2755 5188 1846 5
145 5018 16 226 11245 8684 8 16 543 15 9 131804 7488 13 1708 9 2463 7 8452 49 8684 7 57 5188 871 72 3 83 5
8616 4 80 71 34 97 678 3 5188 2770 4 44 80 59 27 32 867 7 3 7665 7 3 13885 538 46 5018 5
7219 4 46 131804 7488 16 1658 19 9 22190 7488 5
8616 4 3 2516 71 2390 3 4631 10 3 5114 7 22190 8783 4 92 13228 5
26666 4 80 27 4400 11245 8684 10 3856 10 67 5771 53 65 70 3 2770 10 3 12634 31 4351 338 6 26 3 2755 5188 1846 8 3 267 10 47 3 7662 16 535 1723 35 387247 5
17073 33 10 3 12634 4 46 16 4 65 3 317 424 52 3 5188 2770 16 18213 24 3 6158 8 3 17505 23033 3995 5
134 27 59 1595 3 2205 148 11245 8684 8 83 1029 4309 6 6786 23033 5
134 2436 13 11245 8684 16 3 104 6633 57 5
66 2228 286 6 678 5188 2770 13 232 6 83 4309 31 48170 5
1471 7708 7 3 5018 1273 16 13 23 1141 76 1250 3 537 2205 49 1322 148 3 5188 2770 4 121 23 4589 3 1730 3201 7 3 4919 6951 23394 5
17173 46 4 3 542 7 3 67 1654 745 4 6158 8 17505 23033 4 29 45 1303 61 8 3 10023 10869 1252 35 65 537 33 36 852 286 6 21095 3 66413 7 46 5018 5
40013 8684 16 543 15 3 1730 3201 7 3 67 677 5188 2770 8 46 754 23 9 48 1332 5018 4 44 23 16 9 30046 22 3 216 89 53 418 19 3 1730 3201 71 132 23 841 6 581 32 1369 10023 6635 14 3 2442 131804 7488 10 90 745 21 80 2994 10 8941 10548 14 3 17505 3201 5
238 9 426 162 4 80 51 105 6 2975 129 2062 10 67 523 8249 5
17 74 8 48 5238 6905 16 6 2975 3 542 7 3 10023 6635 7 3 131804 7488 6 83 920 7 23033 5
51899 8 17505 23033 31 177 1029 6200 7 23033 7 13300 10 32 12634 4 44 4046 71 26 18213 24 83 23033 8 23 36 26 4116 14 3 5238 66413 7 3 4631 4 6 27 32 10023 6635 7 3 131804 7488 71798 678 6 1626 61 3 4631 5
134 31 277 418 15 9 169 517 7 601 35 196 14 946 4 46236 12283 3462 5
109 46236 4 16581 4 323 46236 4 33 114 80 31 2414 143 6 3525 11245 8684 6 3 267 10 47 141 3 3201 2442 6 3 5188 871 16 34 3601 8 87 16 9 1081 197 7 6951 23394 13 71 1506 3 2755 3201 5