17 6905 7 46 1381 18 6 3030 9 19079 2376 7 3 46333 1442 27964 6 2705 3632 957 10 50 261 4290 5
901 3351 7 628 23623 42 1109 53 155471 543 8 784 9939 543 5
81 2906 6 767 42211 4 46 601 59 1109 3 85097 2129 7 192 628 5
66 18 6453 13 3 378170 31660 2828 333 14 3 1045 7 3 960 628 4 907 14 155471 543 628 65 8958 18 220 21 773 1415 5
17173 3 85097 15565 7 3 628 4 3 132114 120540 31660 18 381 6 3030 1695 10 970 7 1359 1432 489 35 402974 33 5
22012 3 1951 7 240409 4 9 6682 85097 628 19372 5533 4 23 18 6453 13 87 18 9 7581 773 3070 14 4 125 3 773 7 378170 1413 5870 14 3 1045 7 3 93927 5
6077 4 3 522 2573 378170 21 3 104 785 1026 14 3 155471 8 1973 100402 1109 10 46 601 5
17 629 1101 10 46 1381 16 6 2705 3 282 9760 27964 14 261 3632 957 9674 2016 523 2193 5
2625 2496 558 14431 27 45 220 10 523 601 2062 8 9 221 7 27964 27 45 164064 35 12283 32330 4 2560 109 323 141939 4 2076 109 6794 12283 32330 4 2076 33 5
527 4 9 601 13 9670 3 7362 7 3 282 9760 27964 8 22 3 216 89 1141 76 1250 3 85097 2129 7 192 628 16 149 1268 5
901 3351 7 628 31 2239 220 10 261 3632 957 7379 53 1973 543 8 155471 543 5
21755 543 7379 7301 15 15826 28487 2233 6 10775 2000 4 954 4 13980 8 201545 538 19372 27964 35 467161 4 502 33 5
81 2906 4 155471 543 7379 7301 15 6843 653 2981 14 5314 19372 35 92796 4 1515 109 3748 4 6793 4 323 57329 4 1278 109 1604 323 1604 4 1095 109 219831 4 2416 4 323 7744 4 359 109 6118 323 8210 4 274 109 52333 12283 32330 4 1422 109 57169 12283 32330 4 1422 109 15011 323 6794 4 274 33 5
5160 3632 957 9674 16 9 841 8 533 565 25 3606 1069 4 19 308 601 1571 13 3 808 7 9 499 1768 24 13215 3632 957 22 90 397 154 62 5277 16 52 57 10 583 4 8 3 808 7 365 16 57 10 22200 218 35 33880 4 590 33 5
238 3 3117 7 3632 957 31 149 34 530 4 5050 261 9674 16 177 533 6 1128 3 272 9382 489 35 24087 12283 32330 4 502 33 5
145 261 9674 2818 5050 8 5314 13752 6589 4 21 166 21 3 231 7 5394 10900 4538 5
17 67 7379 6589 3915 415 4 1973 543 7379 8 155471 543 7379 31 974 4 44 23 16 3067 143 3 523 19372 4538 6786 6 290 83 10 970 7 773 5
6876 4 6544 7 1806 2062 4459 13 1296 31 483 6 1816 1384 3 85097 2129 7 3 628 220 10 46 9962 35 3297 10 3 8941 9610 8 9073 33 5
85097 2129 7 628 71 2498 10900 8958 8 4 3475 4 738 454 1164 5
145 601 4 137 26884 9 221 7 19372 4538 8 59 2016 85097 2129 7 628 4 29 2704 6 581 2586 1537 3 282 9760 31660 14 231 10 261 3632 957 7379 5
8616 4 46 601 6145 32 533 565 10 46 244 86003 601 857 5
66 16 6 26 3915 13 46 1381 16 32 4159 7 3 4888 1321 845 162 35 219831 4 80025 4 2416 4 323 7744 4 280 33 10 46 857 5
75 4 46 1381 29 45 5607 6622 25 3 767 1381 6 1798 1101 15 3 689 6905 8 59 3 2911 650 220 16790 7671 5
6876 4 46 1381 29 1109 240409 35 64695 4 29377 4 1999 4 323 4 1422 33 4 32 85097 628 19372 31660 4 32 492 4628 10 3 767 6169 5
145 1381 16 5419 21 3177 53 8941 341 4241 625 52 3632 957 4 50 10777 4 3498 4 3117 8 953 2003 5
8941 15601 36 2565 3 1973 8 155471 543 1806 7379 650 8 9705 5
8941 503 36 4301 3 93927 13 36 26 220 14 3 5867 5
8941 500 36 153 4301 3 9345 17721 14 3 19079 601 8 3 8599 7 3 5867 5
8941 708 36 7336 3 1381 19 9 10028 7 3 522 8 537 426 601 8249 5
19408 957 16 3 983 65 15924 2469 4722 10 3 3632 8 153 27599 46767 35 4 2076 109 4 590 109 4 4 50763 4 323 42544 4 590 33 5
17173 3 1646 7 9366 4 87 31 179 4290 7 3632 957 35 94660 323 4201 4 3952 33 53 35 4114 33 91869 53 12249 31 7 1646 341 35979 49 287 4 35 25547 33 96133 53 25388 148 341 8 500 35979 4 35 31883 33 67683 53 25388 441 1646 1370 58 500 35979 8 35 40378 33 99939 53 25388 71 26 7 120 1646 5
17 1045 7 261 3632 957 745 4 658 4 27 93 261 18381 5
17 1654 3117 7 3632 957 31 4000 4 44 346 552 2193 105 5724 35 63905 4 5393 4 323 32316 4 280 109 529 323 4664 4 590 33 4 261 185954 8 411 21314 35 4 4 323 35016 4 274 33 4 25326 1799 35 1376 7894 4 4 4 323 4 590 109 12283 32330 4 280 33 4 28532 2193 35 455947 12283 32330 4 274 109 447170 12283 32330 4 590 33 8 234 586 35 12283 32330 4 590 109 36818 4 15152 4 3935 4 323 230448 4 502 33 27 45 1036 6 474 3 552 7 1572 3632 957 5
187 31 90 953 2003 35 12283 32330 4 274 109 4 590 109 4 590 109 4 1072 4 323 4 280 33 105 1769 4 7094 4233 4 9638 8 28532 4233 5
75 953 7362 5473 15 2193 35 12283 32330 4 274 109 51875 4 590 33 105 3 957 2106 967 4 561 489 4 8 3 2215 2763 7 3 2119 5
238 4 23 16 9 1695 25157 1222 8 841 6 3156 10 2410 4290 4 261 6708 16 177 533 35 4182 4 2560 109 4 4 4 2507 4 323 64196 4 2560 109 108200 12283 32330 4 2560 109 6247 323 1072 4 590 33 5
81 308 400 4 1416 11917 261 3632 957 9674 29 2347 4084 35 4 4 18518 4 323 156649 4 2560 109 242206 12283 32330 4 590 109 12283 32330 4 2560 109 44747 4 4 4 323 3751 9575 57169 4 2560 109 20024 4 195912 4 36355 4 323 36355 4 359 109 85264 12283 32330 4 590 33 5
17379 67 7379 6589 31 220 10 9409 8873 53 21755 543 7379 8 464075 543 7379 5
21755 543 957 7379 2638 4145 15 15826 523 3351 7 2233 105 35265 4 20271 4 43758 4 13252 9015 8 13756 6 6708 3 1222 35 72265 12283 32330 4 109 467161 4 502 33 5
464075 543 957 7379 2638 2527 6843 317 35 45923 323 3437 4 744 109 185274 4 502 33 14 46 3644 5
17 508 199158 3856 1806 1416 11917 28778 543 15 290 7 192 628 16292 5
21755 628 543 7379 1973 543 7379 16 1621 974 10 957 2062 463 6 19260 7 1973 21946 8 13521 2089 4 8 59 463 6 3 2538 3003 24 3 1448 5
79 221 7 42211 27 4723 46 1217 5
223013 12283 3462 5
35 1278 33 14 946 4 15349 15 538 6062 2043 21 166 21 1405 2043 7 2088 24266 8 6453 35265 9 177 5314 5018 10 3 261 9674 7 3632 957 5
6794 4 17555 4 8 77844 35 744 33 220 9 421 3472 31660 543 1506 14 35265 19372 8 3439 9330 202 8958 14 3632 957 6708 5
1471 2088 9939 8 1973 2376 543 284 4 538 194654 2000 8 19372 4538 4 35 4 39643 4 323 166564 4 359 33 59 661 3070 10 6708 5
520 83 825 1131 31 53 9 3093 1973 2376 5018 22565 187305 303777 35 12293 4 4 4 21041 4 323 190720 4 274 33 4 5195 4355 6589 14 28487 185409 6708 35 72265 12283 32330 4 33 4 5018 6 2882 3632 17584 2106 561 489 25 3632 4463 317 35 87497 12283 32330 4 1095 33 4 6051 1219 11963 4309 14 3 2376 4 19372 7 3632 11518 35 323 20492 4 744 33 4 8 3632 957 6708 137 2376 7 538 82581 12586 80440 133951 992 35 20024 12283 32330 4 359 33 4 5
187 31 59 83 825 601 2062 35 12283 32330 4 744 109 44092 4 50535 4 323 55356 4 502 109 323 536380 4 359 109 4 501484 4 27566 4 42911 4 323 4 274 33 5
527 4 236163 7379 29 9705 4 133 21 628 4250 8 3656 337482 14 19372 4 21 166 21 5447 89 5
464075 543 7379 81 3 155471 543 71492 4 17584 2106 6843 6635 10809 31 220 14 261 957 6708 8 27 343 974 463 6 5314 19372 522 5
20986 8 10583 35 1095 33 4 14 946 4 1556 13 957 19372 538 155471 628 29 77699 10 1691 9 5394 1217 10 7995 17584 3351 5
4 39861 4 8 35 1095 33 4964 3 231 7 9 131804 32542 992 35 529396 33 14 628 10 957 6708 5
19118 8 227295 35 274 33 1273 3 66590 66891 35 27728 2376 33 5533 6 1262 3 84315 565 10 46 857 5
1516 825 1131 538 155471 543 957 7379 31 53 34148 11521 89463 35 143030 33 31660 8 1678 2953 2854 3803 6 5339 6594 4279 6 957 35 23907 4 23907 4 323 14879 4 274 33 4 108140 54861 187305 543 6708 35 289079 4 359 33 4 6843 17482 7379 137 133951 9861 35 12302 12283 32330 4 744 33 4 45969 2419 21946 1217 137 132114 120540 35 24290 4 232169 4 323 17555 4 280 33 4 32 12516 5018 6 2401 2489 6843 108791 35 7914 12283 32330 4 280 33 8 9 187305 543 1217 6 1297 75252 6708 35 7744 323 7277 4 2560 33 5
187 31 59 83 2062 13 27 220 155471 628 14 957 9674 35 92796 4 1515 109 3748 12283 32330 4 1278 109 7744 323 18409 4 502 109 7744 323 7277 4 2560 109 1604 323 1604 4 1095 109 219831 12283 32330 4 359 109 6118 323 8210 4 274 109 52333 12283 32330 4 1422 109 57169 12283 32330 4 1422 109 15011 323 6794 4 274 33 5
6077 9705 7 1806 601 238 1595 10 3 6854 1165 4 9 221 7 1296 27 1589 6708 4309 14 3 7379 7 8873 5
75 4 9 3297 19079 2376 7 3 6943 27964 16 1268 8 85097 2129 7 3 628 16 483 6 26 166 1109 5
1354 7 192 667 31 4605 10 46 601 1181 14 3 6708 7 261 3632 957 5
145 601 2527 108 1973 543 8 67 155471 543 3632 957 93927 4 21 59 27 45 220 10 3 4888 1321 845 162 35 219831 12283 32330 4 280 33 5
17 1973 100402 18 543 15 957 1768 8 2267 3632 2233 35 70731 4 590 33 5
17 1973 13521 8 21946 2089 1252 24 370952 4 486 19 91865 1973 20973 4 42 3677 6 3855 3 93927 14 3 8365 5
17 1973 93927 4 95 4209 4 16 18549 21 8 29 67 1427 7005 53 957 8 214227 2307
17 3632 957 331094 5536 4 21 558 10 3 22930 628 26983 35 520020 4 274 33 4 18 59 220 5
17 5867 59 220 9 23642 5266 1185 7 3 3632 957 331094 100402 35 10192 4 504716 4 6142 4 323 44128 4 2804 33 5
1354 7 192 93927 27 67 3597 53 13677 8 23450 5
6947 19 192 1973 543 93927 4 3 5867 220 3 4 9 155471 543 100402 558 25 3 17940 35 4 274 33 5
145 100402 29 179 1427 7005 53 6635 249 4 6635 341 4 6635 459 4 6635 503 4 8 6154 3632 957 82732 137 6843 10869 5
4 184 155471 543 628 8 558 25 3 3714 379 430 35 250600 33 35 6793 323 7914 4 502 33 4 18 59 220 5
145 100402 29 67 1427 7005 53 29239 8 14510 29239 5
79 2370 6652 7 192 93927 29 45 43628 10 20498 249 5
20498 249 5
19408 1973 8 155471 100402 6652 5
7337 3359 610 720 7 13987 720 7 9584 6722 7005 8 3 221 7 628 147 4336 141302 20947 49689 5378 53 24261 4 14510 957 53 21121 21755 630 84446 167630 53 45399 4 23450 53 33318 21755 3632 957 331094 183 89761 167630 53 30365 4 23450 53 52477 21755 141041 22872 6635 249 53 1135 4 6635 341 53 4687 4 6635 459 53 3313 4 6635 503 53 947 464075 92366 66551 53 2723 4 14510 29239 53 2511 464075
55706 16 9 533 628 4242 2485 35 4 12051 4 4 323 5878 4 5810 33 8 3 733 16 6 1849 9 1506 13 71 4764 1427 2125 7 960 628 54 110 3559 19 628 13 29 424 1427 7005 5
23620 19372 27964 27 45 1273 4 7 47 7732 32542 992 35 49894 33 4 421 3472 35 32166 33 4 132114 120540 35 89851 33 8 270 60401 2953 35 187305 33 31 177 974 10 3 784 9962 35 4 4 4 4 323 23199 4 911 109 60321 4 4 4 4 323 4 359 109 28760 4 34792 4 323 78 4 911 109 4 1604 4 186628 4 323 4 744 33 5
349 3 1625 7 4084 8 3961 4 288 166 424 27964 31 220 10 46 601 5
931 523 27964 31 53 132114 120540 4 378170 4 288372 4 4 8 90871 5
17 6905 4 322 4 18 6 5548 3 773 7 19372 27964 65 3677 15 3 3112 3632 957 93927 5
659 3030 3 5867 4 3 656 1185 7 35 42408 8 2550 4 744 33 4 9 46333 1442 1586 2912 4 18 220 8 61361 7 192 27964 496 3 2912 31 25810 5
273 3 8365 4 290 7 3 93927 18 2714 76 9 1649 8 960 33498 5
17 20973 2033 10 18 3677 14 46 5
17 100402 18 2714 76 1649 960 19 7 3 628 220 14 2279 5
3546 773 23491 42 220 53 90025 4 402974 35 1359 1432 33 35 2416 323 4 359 109 36519 4 15152 4 324586 4 323 475287 4 590 33 4 60809 35 1359 2366 33 35 234770 4 22658 4 323 99179 4 274 33 4 57736 35 352 163 11963 33 35 6992 4 2773 33 8 18365 1415 35 2416 323 4 359 109 32883 4 1095 33 5
17 2527 7 218 1170 42 463 6 3 3316 7 3003 3 27964 773 25 523 20368 5
273 70 3 3112 93927 4 3 2976 1427 35 3 1427 13 29 3 248 9584 10 3 100402 33 18 4357 21 3 1432 1427 4 8 1359 1432 489 8 57736 1170 42 7154 543 15 46 5
81 1243 6 192 10900 1170 4 928 8 2279 400 42 59 217 5
81 3 508 2124 4 3 9345 522 31 2994 5
12266 773 12266 773 18 2118 24 699 3 928 31660 15 3 928 628 33498 8 153 9365 3 773 15 3 928 628 33498 5
17 867 322 18 6 10992 143 3 3559 2520 9098 3 928 628 5
17 522 31 2209 10 20498 341 5
20498 341 5
12266 773 5
17 6636 2770 4459 3 282 773 5
100402 201601 90025 35 202 33 57736 402974 18365 1415 2897 35 41534 5 33
1973 132114 120540 6494 378170 481958 6766 31852 288372 577 249 249 249 6494 28544 90871 577 6909 132114 120540 6494 378170 40181 28442 288372 577 249 249 249 6494 557880 28544 90871 6709 6494 3632 957 331094 132114 120540 6494 378170 38161 481958 249 6494 288372 577 249 249 28107 6494 90871 6709 6494 132114 120540 10355 249 10355 27063 378170 577 249 249 249 38158 6494 51271 288372 577 249 249 249 6494 249 249 60220 90871 6709 249 249 249 5696 132114 120540 2628 27529 249 249 47925 378170 577 249 249 249 41626 577 249 249 249 121018 288372 577 249 249 249 6494 577 249 249 249 40319 6060 577 249 249 249 8334 17 9345 522 661 13 10 3 928 628 4 288372 1252 3 282 8958 35 577 202 33 4 57736 35 249 33 4 402974 35 249 33 14 70 3 93927 4 125 10 970 7 18365 1415 288372 18 3 282 9115 14 179 7 3 93927 5
17 928 89 18 8355 14 288372 35 6494 1577 33 10 70 745 5
145 6154 13 288372 9346 3 928 628 177 166 677 6 83 19372 4538 5
17173 83 27964 4 23 18 170 13 10 970 7 57736 4 4 8 90871 2828 333 58 3 83 67 27964 4 378170 8 132114 120540 5
11649 8599 42 59 6453 10 970 7 18365 1415 8 402974 5
132114 120540 4 15 3 83 881 4 2828 6698 10 970 7 8958 14 179 7 3 93927 5
253 121018 2106 6 1649 14 3 100402 4 32 2851 715 10 4631 6 3 461 27964 5
6077 4 10 970 7 928 4 3 288372 31660 18 170 6 282 868 3 19372 8090 14 231 19 3 3112 93927 5
527 4 21 23 16 424 10 3 2953 2854 668 35 323 32396 4 1515 33 4 206 773 19 928 628 340 34 4202 665 10 9 303777 4149 166 10 960 745 5
17 161 2124 36 1311 3 960 3800 7 3 27964 5
2954 773 81 20498 459 4 3 960 3800 7 3 27964 31 1595 5
145 18 10978 137 9365 3 773 7 3 3559 1506 15 3 960 628 108791 5
20498 459 5
2954 773 5
17 6636 2770 4459 3 282 773 5
100402 201601 90025 35 202 33 57736 402974 18365 1415 2897 35 41534 5 33
132114 120540 28107 378170 305765 38161 59709 28442 288372 402753 6494 543415 27063 90871 477573 543415 28107 132114 120540 249 6494 378170 38161 56159 27063 288372 532661 543415 546447 6494 28107 90871 282491 56159 28544 3632 957 331094 132114 120540 311607 28107 378170 36499 28107 288372 490551 59574 6494 311607 6494 90871 320045 56159 481958 28107 132114 120540 10355 249 28442 378170 249 249 249 42928 6494 6494 5853 288372 228744 462697 9193 6494 462697 462697 62546 90871 5853 5853 34300 132114 120540 249 462697 40891 378170 35956 50753 114260 288372 249 40319 6060 43746 1655 3 9345 522 23 16 1282 13 14 3 960 93927 4 10 970 7 8958 4 378170 2828 333 35 202 4 202 4 323452 202 3995 14 3632 957 331094 4 8 33 58 3 83 19372 27964 14 3 108 93927 5
132114 120540 35 378540 202 8958 14 33 8 288372 35 402753 202 8958 14 33 27 290 2828 333 14 57 7 3 93927 5
11649 10777 42 6453 14 18365 1415 5
81 970 7 57736 4 378170 8 132114 120540 661 3 1391 773 14 67 7 3 93927 4 125 8 288372 42 290 3 1391 9115 14 57 7 3 93927 5
81 970 7 402974 4 132114 120540 2828 333 58 3 83 27964 14 179 7 3 93927 5
17 2279 89 18 8355 14 288372 35 6494 1577 33 10 70 745 5
378170 18 1927 7066 14 179 7 3 93927 8 4 21 18 3 267 154 928 4 18 12449 2063 10 10900 14 3 100402 5
17 996 522 4459 90 2794 10777 5
26148 4 23 16 23694 13 141 377 288372 714 6 2338 166 19 3 928 628 4 3 773 7 3 31660 15 3 960 628 10 970 7 8958 18 2086 1024 5
378170 4 15 3 83 881 4 2828 166 14 3 1045 7 3 93927 10 46 4974 5
145 42540 6 3 21297 5394 6952 468 378170 4 13 23 16 230 6 100100 166 154 928 8 3030 333 15 960 745 141 92 23 16 34 3 282 31660 10 970 7 928 773 1170 35 323 32396 4 1515 33 5
20379 4 23 16 533 6 1963 13 3 67 93927 4 14 47 378170 732 6 3030 3 282 4 42 4209 25 28487 2233 5
81 184 1299 4 378170 2828 166 14 3 67 29406 6157 93927 8 57 1973 100402 5
1949 4 14 189 3 155471 93927 4 10 970 7 8958 4 378170 2828 7671 333 58 83 27964 5
8616 378170 2610 61 21 3 282 31660 14 3632 957 19372 8090 4 10 1654 14 155471 543 93927 5
240409 966 7 3 3112 3632 957 93927 3576 628 18897 5
81 83 1299 4 3 3201 14 3 676 221 7 9584 10 3 3597 16790 5
27372 29 1658 13 628 18503 16 9 565 463 6 5668 10900 14 3 2976 1427 8 307 4538 27 45 1273 6 2703 3 492 5
240409 16 9 166 6148 5533 10 46 4974 35 64695 12283 32330 4 1422 33 5
1249 3 628 10 3 1379 5867 18 85097 4 240409 18 3677 8 3 1102 15 3 773 1170 18 6453 5
240409 16699 12244 84 2976 1427 9584 10 9 928 628 33498 5
20498 503 1056 3 3800 15 3 960 33498 4 65 240409 18 3677 5
17 6636 1822 10 3 1870 4459 3 745 65 7623 240409 853 773 5
20498 503 5
2954 773 538 240409 5
100402 201601 90025 35 202 33 57736 402974 18365 1415 2897 35 64838 5 33
132114 120540 28107 378170 6766 34374 288372 6494 333183 27063 90871 333183 31852 132114 120540 249 28107 378170 543415 6766 56159 28442 288372 6494 28544 90871 61237 28544 3632 957 331094 132114 120540 436327 6494 378170 6766 311607 385514 28107 288372 10355 6494 311607 56159 28107 90871 28107 132114 120540 249 52481 20130 378170 249 249 249 50743 228744 454070 56107 288372 249 27529 6494 228744 51271 90871 228744 58418 132114 120540 249 462697 54982 378170 58873 345793 5853 351961 288372 345793 462697 28107 345793 64853 90871 345793 11088 17 522 661 13 54 7623 240409 4 10 970 7 8958 4 288372 2828 333 14 57 100402 35 33 8 5870 10 3 108 83 93927 5
2196 10 3 267 7 155 3 773 7 288372 4472 463 6 240409 5
132114 120540 35 202 8958 33 4 378170 35 202 8958 33 8 35 311607 202 8958 33 290 661 333 773 58 192 536044 3677 276 240409 15 3 3632 957 331094 100402 5
661 333 10900 8958 54 240409 14 67 7 3 93927 5
349 3 83 881 4 90871 2828 333 14 16547 7 3 93927 35 333183 202 4 202 4 202 4 202 8958 14 4 4 8 4 3995 33 5
81 970 7 57736 4 189 90871 8 661 2069 773 14 70 93927 5
59 661 2069 402974 8 18365 1415 14 70 3 93927 5
90871 4 15 3 83 881 4 2069 10 970 7 402974 14 108 7 3 100402 4 8 18365 1415 14 179 7 3 93927 5
378170 2828 70536 49 333 14 179 93927 35 70 2936 3632 957 331094 33 10 970 7 57736 4 402974 8 18365 1415 5
17 10900 89 18 8355 14 288372 35 6494 1577 33 10 70 93927 5
4 15 3 83 881 4 253 3 5305 89 6 30174 14 3 1045 7 3 93927 5
17 522 59 661 4 125 7623 240409 853 57736 4 402974 8 18365 1415 14 523 27964 4 23 59 420 6 5668 8958 14 90 27964 5
273 3099 4 14 3 100402 4 7623 240409 1022 3 960 8958 773 7 132114 120540 6 4472 25 202 6 364077 202 8 3 773 8958 7 5668 25 473060 202 6 519963 202 5
6077 4 23 18 6453 13 240409 4 356 70 3 93927 8 356 70 3 27964 4 2069 773 10 970 7 85097 628 31660 1170 35 57736 4 402974 8 18365 1415 33 5
145 6154 13 240409 35023 3 773 7 27964 65 2016 5050 10900 7 3 2976 1427 10 261 3632 957 28778 5
1302 3 523 27964 4 18 3 104 10655 1768 24 240409 4 979 24 90871 5
378170 4964 3 282 773 10 970 7 402974 8 18365 1415 14 189 7 3 155471 93927 5
273 3 1973 543 93927 4 132114 120540 2828 333 58 3 83 27964 10 970 7 402974 8 18365 1415 5
378170 4 47 155 166 14 3 155471 93927 276 240409 4 29 4154 50 19629 141 54 240409 18 7543 5
81 4774 4 2016 240409 29 2069 10900 773 7 3 9833 27964 14 3 3112 3632 957 93927 5
145 601 29 12956 3 2673 7 9 221 7 19372 27964 10 3 261 9674 7 3632 957 5
238 3915 415 4 261 3632 957 7379 16 57 7 3 131 2106 104 533 244 667 8 3 1746 7 9 5394 1416 11917 13752 35 52678 33 16 533 5
17 2334 25 46 498 601 71 185 3 3632 957 52678 3526 6 2401 32 3206 2953 2854 31660 5
17 773 7 288 6682 19372 27964 18 14580 19 1678 773 177751 8 9 221 7 177 3982 27964 14 46 5195 19372 2485 27 45 1658 5
81 1654 4 23 18 170 13 378170 18 54273 14 155471 543 93927 8 9 206 1026 14 236163 93927 5
6876 4 3 1951 7 538 32 85097 628 19372 5533 35 240409 33 18 2870 15 3 3112 27964 5
4 54 7623 240409 4 661 9 7581 773 3070 4 125 3 773 7 378170 1413 5870 14 3 1045 7 3 93927 5
66 18 59 381 3 66413 89 14 288372 18 8355 14 70 93927 4 125 1272 3 5305 89 14 3 1045 7 3 93927 5
6077 4 3 522 1282 13 7623 2953 2854 27964 71 27 9 346 969 15 3 261 9674 7 3632 957 4 19 378170 21 9 785 54273 1026 31660 5