145 1381 6274 3 601 162 694 10 3 726 7 9 2505 543 284 35 155036 33 14 11356 1746 7 1540 3683 2644 14 1172 5
17 797 1396 543 155036 1217 7 7732 1442 35 43826 33 16 25810 14 726 7 3 1273 284 5
17 1308 284 16 4393 10 1173 19266 5
5898 19266 31 30557 10 2030 8 4650 11924 16 1146 538 31580 18087 24990 8 112193 1586 5
17 1273 284 16 3682 6 37782 70 346 1715 7 1746 7 1540 3683 2644 133 21 222081 3490 7 1540 2682 1172 4 1746 7 5611 17136 4 650 1330 4 3394 7 2644 5937 4 8 17241 7 2644 5937 8 2644 4197 5
17 284 16 4650 7392 4 6633 8 29 799 470 7 7254 5
13406 3683 16 57 7 3 3848 4727 3446 8440 650 220 6 1657 8 18297 18337 12483 137 2164 652 7 132922 8 295907 93841 5
9508 7 1540 3683 2644 16 9 1695 10676 2485 5
66 1038 221 7 533 1715 13 30026 353 19 6013 7 11787 1646 4 222081 3490 7 1540 2682 1172 4 3394 7 650 19393 4 6013 7 650 9149 4 7 2644 5937 4 8 17241 7 2644 5937 8 2644 4197 5
19699 4 192 8090 31 1303 61 24 8767 2644 5968 8 650 12174 538 314009 120841 4644 35 4 198907 4 323 266326 4 3952 109 341695 323 4 3952 33 5
20370 1746 650 7 9 1540 3683 2644 16 10167 4 21527 4 89 12725 8 72971 4 47 522 10 272 470 8 241 2484 321 89 7 1540 2682 1172 35 36482 323 29227 4 2773 33 5
12502 11356 1746 7 1540 3683 2644 29 343 9 1236 14 1296 5
1655 261 3566 6 12122 3134 4 3 74 2020 1443 14 2644 1746 42 1589 6 1128 89 4 470 8 6 12042 3 4543 8 3768 9932 10 2644 1746 650 5
48616 35 8716 33 18 849 3 20315 10 231 7 1416 10 2644 1746 5
17 284 10921 21 35 18914 16794 9508 24 12214 33 18 1589 6 2705 7433 7 3 176 47 142 1441 3 2644 6 16382 14231 154 2138 1315 5
4649 15 4 41605 8 35 7487 33 1273 32 2069 284 24 2016 83 2193 47 1951 3 2644 1746 5
536308 12283 3462 5
35 7458 33 1273 9 284 14 22629 7 8174 2644 1746 5
79 8174 2644 1746 284 18 59 1589 24 371410 8 40531 35 6760 33 5
5898 16 3682 6 37782 5611 17136 1330 4 2644 50933 4 8 83 1715 7 1746 7 8174 11179 5
266326 35 6104 33 962 90 7 3 7392 1443 14 2644 1746 8 2484 5
931 1443 31 1589 14 16813 4 137204 4 5292 4 8440 7 11562 8 4727 3446 8440 5
119112 4 4 4 8 180376 35 4973 33 217 6 1800 9 284 14 22629 7 8174 2644 5
145 284 1038 7410 105 13571 7 4 2644 10242 4 22431 23348 4 567 8 2291 5195 2020 5
33727 8 35 3824 33 1589 9 1416 11917 2644 1746 284 10921 21 5
145 284 9286 7 19266 14 13571 7 13839 7047 4 23781 4 5611 17136 1746 8 2644 1746 5
134378 35 3578 33 2209 9 52678 284 14 22629 7 8174 2644 1746 5
124067 8 35 2391 33 1589 32 5775 98630 284 14 1746 7 12398 16308 8 11179 14 396 2430 3474 5
17 284 1900 19 97 83663 8 26881 884 5
473 3 19260 10 3 352 7 1416 12832 4 8 43826 4 1857 1296 574 6 2780 1678 43826 4538 486 19 6943 52678 1443 14 2644 1746 5
106531 8 5393 35 6104 33 14944 3 867 7 2505 543 284 35 155036 33 10 4727 3446 8440 5
106531 35 4540 33 2209 9 5373 284 14 650 1330 10 4727 3446 8440 5
283954 4 182309 4 8 15669 35 5981 33 1589 9 1396 543 2516 284 14 2020 7 650 342 14 8 64794 1172 1601 24 1540 3683 650 5
158 1282 5828 323 73015 35 168335 323 2954 8 29738 33 1264 14 3 650 1330 7 1540 3683 729 5
341695 35 3401 33 1589 32 2516 284 14 4727 3446 8440 2333 5
112193 1586 8 2030 31 220 6 1800 46 284 5
178443 4 4 198907 4 8 266326 35 3495 33 1589 32 2516 284 6 3855 650 19348 14 107112 3683 7 860 13035 8 4462 34193 14 290 1110 7 3 9149 5
36482 8 29227 35 2773 33 9168 9 2505 543 356603 284 538 421 6160 14 49554 1540 2682 6095 5
1082 4 16453 4 2552 4 8 16453 35 2804 33 1589 9 1396 543 1416 11917 650 1330 1746 284 14 2020 7 650 9149 19 23449 5811 34193 8 59 6 2258 650 19393 5
16453 4 16453 4 183258 4 4 8 19366 35 1422 33 220 267 543 14618 35 125535 33 1217 6 1800 9 31462 1746 270 284 14 797 7 16521 6095 5
23235 8 1082 35 1422 33 9168 9 1396 543 2516 284 14 650 1330 7 107112 14510 1540 2682 1172 441 41567 162079 3157 5
1082 8 33727 35 911 33 8 1082 8 33727 35 744 33 1589 3076 352 17444 284 8 356603 284 14 14510 1540 2682 1172 19 41567 3157 5
151256 4 92513 4 8 35 911 33 4 151256 4 92513 4 8 35 744 33 217 6 1800 9 356603 284 538 1396 1084 5533 14 1812 16521 8 32442 1540 2682 1172 5
145 284 16 30557 538 31580 18087 35 171088 33 8 300620 19 112193 1586 5
10141 4 40896 4 8 26822 35 502 33 1589 9 356603 284 14 107112 14510 4727 3446 1540 3683 1172 538 125535 1217 5
282134 8 35 359 33 1273 9 356603 284 543 15 3 9345 522 8 34130 2505 7 1149 14 1540 2682 1172 5
5753 35 14879 4 12090 4 323 6794 274 109 14879 4 15669 4 18150 4 323 7914 274 109 14879 323 18409 274 33 25 511 7 39990 8 50500 10986 4 379 49120 1532 430 7 3756 8 3954 4 239 1589 9 71179 182439 1746 284 6 37782 3 1746 7 689 5937 7 9 3683 2644 5
5753 22 1452 1642 7 3954 4 62827 4 749 35 105720 4 83313 4 323 13320 590 33 1589 32 7732 32542 992 35 49894 33 543 2516 284 14 7678 8440 3074 7 21339 53113 11787 35 33 14 9833 72960 8 11787 912 5
14879 8 34490 35 2076 33 1273 9 5018 6 5576 41748 6905 27708 10 3 8466 1746 7 14137 14 3683 11179 24 10503 31276 5606 2376 8 3 22190 543 5018 5
9884 4 63521 4 10343 4 8 26717 35 2560 33 1589 9 10905 4462 8 5018 2808 6 4530 5395 10 3 3394 7 1746 14 1566 4309 8 3648 5
184479 4 16694 4 4 8 139120 35 6833 33 1273 32 2516 284 6 4530 98922 6589 1481 10 678 6 3855 9 197 7 98922 19393 13 11657 3 650 2016 3 156894 7 3076 67434 5
520 83 1296 35 4 425916 4 134378 4 323 70785 4 3578 109 18685 4 40896 4 323 26822 4 911 109 65902 4 4 323 4 744 109 323 4 280 109 323 65902 177220 4 274 109 4744 502 109 35381 4 10583 4 81784 4 323 2552 4 280 109 16833 4 7744 4 323 48175 4 3495 109 16833 4 48175 4 323 18150 4 3401 109 2552 4 1082 4 2552 4 323 16453 4 1422 109 13320 323 5014 4 109 13320 323 5014 4 109 13320 323 5014 4 109 13320 323 5014 4 274 109 13320 323 5014 4 2076 109 13320 4 5014 4 323 422541 4 502 109 14879 4 18409 4 323 13115 4 4540 109 134378 323 425916 4 3824 109 201396 4 4 323 4 2560 109 5014 323 422541 4 3495 109 5014 323 422541 4 2804 109 40896 4 26822 4 323 10141 4 744 109 47153 4 367 4 14879 4 323 7914 4 590 33 1589 14 1746 7 837 1315 11179 35 72243 4 83663 4 22431 4703 5 33
8 8174 11179 5
1718 4 90 1283 1586 5263 35 330392 4 249904 4 263604 4703 5 33
441 856 2644 1746 19266 31 558 10 3 200 5
1949 87 31 90 3569 52678 2333 558 10 3 200 1589 15 2912 7 1283 1586 4 105 128930 4 1589 15 263604 2912 4 8 26233 147070 8174 2644 15 249904 2912 5
54142 2644 5968 31 538 192 348618 14 1678 1715 7 2644 1746 650 133 21 2291 5195 726 4 23781 7 1172 4 11787 17136 8 2020 7 3683 7 5611 17136 4 2638 14 72243 8 22431 884 5
527 4 104 7 192 348618 581 9 14042 2104 14 2644 1746 8 40 77403 16 59 5973 6 1574 176 123758 5
16816 4 1481 31 34 6383 19 192 1806 2506 5
6876 4 2644 5968 27 6 231 2489 1586 5263 14 1678 1715 7 2644 1746 650 8 16069 148 192 348618 16 1629 22261 5
2649 3559 4 12532 8 2548 8954 31 1272 6 3270 192 348618 8 15564 3 522 5
1949 4 396 2430 3609 31 34 488 6 2585 192 1443 106 7 40 272 569 5
12502 4 87 16 15144 236 6 1800 32 7112 284 14 1746 7 1540 3683 11179 24 10503 6943 43826 5533 8 52678 284 5
17 284 144 27 2005 2505 1084 16007 2505 7 2548 2644 5968 8 650 12174 4 383 26 4650 3641 4 29 799 470 7 7254 8 3682 6 3030 70 346 8090 1547 6 2644 1746 5
145 1381 6274 9 155036 14 11356 1746 7 1540 3683 2644 14 1172 5
17 1273 284 16 3682 6 37782 70 346 1715 7 1746 7 1540 3683 2644 109 8 6633 8 29 799 470 7 7254 5
222081 9758 222081 3490 7 1540 2682 1172 16 3 74 533 1534 7 1746 7 1540 3683 2644 5
66 144 26 10 34587 19 1247 726 4 121 23 2939 6 2705 8 3764 785 544 15 3 176 133 21 14087 8 5420 29466 49 111064 22 2007 2644 1746 650 5
10941 26269 6 18629 5514 16 206 8 23 144 26 22 248 15483 94 5
208 23 16 287 4 153 111064 142 4722 5
98459 8 4385 7 3 1540 2682 1172 383 26 1370 58 57 347 7 40 18629 5
20409 93841 154 1540 3683 650 383 26 1206 1298 3 4476 22 3 5215 2362 7 3 1943 5
12395 23348 35 976 23348 49 186615 23348 33 144 26 5259 5
50299 8 8803 309809 144 26 22 248 179 400 7 4727 26269 5
473 9 528 23348 7 3 3683 2644 4680 25 704 6 409 400 7 4727 26269 4 1731 2770 7 3 10674 7 3 1823 85612 142 26 220 5
36743 4 19 1731 3683 2644 309809 133 21 138 4680 25 503 6 704 400 7 4727 26269 4 1978 1823 85612 16 3448 5
355 3 1823 23348 16 215 396 4 5420 29466 49 13766 522 22 3 2245 7 9 9357 8 22 120 967 7 3 1315 5
145 71 26 16456 24 1723 2644 23348 49 11787 18629 6 852 2538 3446 3154 5
27300 1330 1498 3 650 1330 4 3 2644 3526 49 650 17686 29 6 2258 1678 650 19393 133 21 7568 1823 5514 4 2644 23348 4 8803 23348 4 10242 4 8803 28321 4 2125 7 57758 4703 5
931 650 19393 5524 15 4727 1943 4 4727 26269 4 2125 7 2644 4 8958 5702 8 10119 7 176 34193 4703 5
17379 3 7568 1823 5514 35 11787 18629 6 6095 18629 33 16 351 21 6094 14 12412 109 7627 14 3786 8 9190 14 24118 3786 4727 1943 5
16794 23348 144 26 179 6 288 400 7 1943 26269 14 3786 8 218 6 2752 400 14 24118 3786 8 12412 5
21784 23348 144 26 22 248 179 6 583 400 7 1943 26269 14 3786 4 8 583 6 2752 400 14 12412 4727 1943 5
17379 23 16 3448 13 8803 2644 10242 144 26 22 248 36635 400 7 4727 26269 5
54142 650 12174 5830 13 8803 28321 144 26 7257 14 1540 3683 7 3786 8 14 24118 3786 8 12412 64258 5
179700 383 26 5291 14 30107 19 4727 1943 5
5611 17136 1746 273 1746 7 5611 17136 4 2644 5968 2705 3 4727 3446 884 1272 8 40 3656 9149 14 797 7 15635 481 1540 2682 1172 5
3860 2000 7 523 3351 144 26 1601 22 1687 2321 5
208 87 16 9 2892 976 3 1540 3683 3157 4 153 23 144 26 838 54 3 1540 3683 1315 5
355 67 4290 31 220 6 59104 3 5611 4 87 144 26 3033 15601 26741 3457 148 67 59104 884 5
139964 7 884 144 26 10 133 9 152 13 70 2000 8 116751 71 26 3275 5
2491 3 9149 7 884 16 2203 4 13848 2321 71 26 13792 92 1622 5
62632 2321 144 26 848 6 4656 9 2644 8 6 12874 426 1746 13613 5
17 5611 22690 8 4018 3457 5524 15 3 4727 26269 4 17020 7 11787 8 2586 7 2535 2452 7 4727 4 8 221 7 2321 5
39937 7 2644 5937 39937 7 2644 5937 16 9 3047 1092 7 3 1746 650 7 9 1540 3683 2644 5
79 1540 3683 2644 9286 7 307 5937 150 2644 2146 4 8803 35 34457 33 4 2644 307509 4 45276 4 28060 5120 4 8803 5120 4 119 5120 4 2644 197 8 63320 5
17 1646 7 2644 2146 5473 15 4727 26269 4 4727 1943 4 2586 7 2535 2452 7 5611 4 5611 1646 4 8 2644 1943 5
78833 7 2644 307509 2638 5524 15 1646 7 869 5611 5
66 16 1622 6 2384 9 3033 3014 7 52 400 7 4727 26269 148 3601 28060 8549 8 2644 5120 5
17 1646 7 28060 5120 42540 6 3 1646 7 2644 2146 5
222742 45276 31 1252 19 9 39178 3822 10 50 2245 3076 6 7933 8 3929 3 5611 1943 5
17 22690 7 3822 10 3 28060 144 26 3628 6 3 5611 22690 2288 6607 10242 6 852 14 10887 10 5611 22690 5
17 4801 7 3 3822 144 26 22 248 3628 6 3127 400 7 4727 26269 5
17 26269 7 8803 5120 5473 15 8803 18629 5
116894 8 22690 7 8803 5120 31 1618 216 21 13 7 2644 2146 5
129757 8549 31 18535 8 3615 258259 148 396 16308 8 8803 8519 5
17 7075 5120 16 2239 52 26741 5474 5
79 2644 197 16 9 1513 6825 20739 7 8803 8519 4 2644 8519 4 3929 1270 4 8 3929 14062 5
16794 3526 738 6 2258 3 2125 8 1646 7 2644 197 35 31778 4 7458 33 5
39937 7 2125 7 2644 197 5473 15 3 2125 7 4727 3446 1315 4 176 11036 8 417 8958 5
78833 7 2644 197 5524 1918 3 4385 8 22690 7 3 2644 8 50 10683 10 3 2644 197 5
2644 9006 3497 3 1084 7 3 2644 197 8 10 1045 7 2644 2757 3 130833 31 6726 15 23 5
17 2644 9006 26269 16 543 15 143 146 674 71 26 230 154 2138 8 8440 1315 5
17 4385 7 130833 144 26 4783 95 13 23 299 252 61 7 40 295721 154 3 1048 1315 35 1072 4 3728 33 5
17 3929 21256 144 26 8792 26741 7877 58 3 2301 4801 7 3 2644 5
17 1325 3644 7 63320 16 6 18676 671 70 2644 5937 10 9 1460 8 1955 4230 5
16024 537 96460 30287 373 3717 2125 26893 144 26 220 5
273 2644 2757 7 1370 2059 4 32 1117 30287 3717 21059 144 26 13792 137 3 4416 2644 9006 6 3 33216 7 3 26968 5
62517 373 3757 383 26 4444 13050 10 3 2644 2124 8 21059 25078 383 2707 76 2644 5937 22 248 3127 400 7 50 18629 5
659 2769 3 7608 25940 22 248 67 231518 147 2146 31 3456 8 383 26 1048 9098 5
17 221 8 1646 7 26893 31 2118 24 21853 3 904 558 8 3 6885 6 26 8432 5
17379 179 2895 25167 31 220 22 3 179 8934 7 2644 2146 5
84630 7 2644 5937 8 2644 4197 84630 7 5120 3893 2818 3 61638 628 7 2644 2146 4 2644 307509 4 28060 5120 4 8803 5120 8 119 5120 5
273 6062 331242 35 39811 33 17241 7 5120 3893 7 1540 3683 2644 4 3683 13125 7 112193 133 21 76911 4 4 158782 4 50422 4 490074 4 4703 5
71 26 16683 5
10052 4 14 157302 35 7557 33 17241 7 2644 5937 8 2644 4197 10 3 3683 3236 7 112193 1586 4 112193 13125 133 21 226178 4 382061 4 76638 4 50837 4 22768 4 19521 4703 5
71 26 16683 5
6297 15 3 996 14048 4 32 11356 1746 284 10921 21 35 27143 9508 7 13406 27967 16794 33 16 1589 14 1746 7 1540 3683 2644 5
2971 4644 7 3 1273 284 2971 7 3 1273 284 1038 1678 1959 133 21 2505 3310 4 25481 7 797 954 4 13566 7 797 954 4 30350 7 954 4 7379 7 1416 2030 8 6728 4 1444 7 2505 1084 4 1414 7 1046 1264 8 5923 7 4650 7924 35 13320 323 5014 4 911 33 5
16528 2505 14 3 726 14 290 14533 7 3 1273 284 16 4363 3883 24 695 8 123 517 5433 19 2548 2644 5968 4 650 12174 4 8 2214 1702 5395 7 523 25871 3609 5
25149 16 59 3564 25 845 601 6169 4 386 35336 8 33333 7 1678 25871 3609 5
12937 1396 543 2505 8593 1488 16 220 6 3001 3 3564 2505 5
17 797 954 13353 14 290 14533 31 302950 25 9 205 7 2548 2644 5968 24 8409 91 92 1215 7 3 797 1396 7 92 153 2726 5
17 13353 954 31 6103 10 9 10032 4230 5
17 1273 284 16 6227 15 2801 543 1219 1566 15 9 5274 19 6728 21365 21 48124 13821 19 503 13336 39479 8 300620 19 112193 1586 5
2030 16 220 14 35821 7 797 954 11828 10 1678 19266 7 3 1273 284 5
14441 8 2505 1084 31 1888 671 24 32 42101 7787 5
204398 4650 11924 16 9168 538 31580 18087 24990 4 300620 19 112193 1586 15 3909 1219 284 5
31879 1987 35 2106 33 16 18684 16814 76 3 45268 4650 11924 4 7302 4279 797 954 31 1679 5
17 284 1308 16739 7 48 58 11226 797 954 7 92 153 2726 5
79 5907 7 797 954 11828 10 1678 19266 7 3 284 16 392 10 20498 249 5
20498 249 5
79 40373 7 797 954 848 10 3 284 5
4681 720 5
18743 35 1215 33 1301 35 652 33 249 74193 7 186615 18629 6 6095 18629 11102 5696 109 8 332515 5514 7 4727 26269 6 11787 18629 11102 137281 11686 3 5514 7 6095 4801 6 6095 18629 34231 341 47628 1943 3082 1355 1540 3683 3786 109 8 478649 5514 7 4727 26269 6 11787 18629 11102 331718 109 8 1823 967 3082 740 11686 7568 1823 489 58418 459 47628 1943 3082 5
164550 109 8 5514 7 186615 18629 6 6095 18629 5696 332515 11686 3 26269 5514 6117 28107 503 34194 3082 6438 3786 109 8 1823 3082 74 11686 10242 3082 32221 400 7 4727 1943 26269 500 34194 3082 6438 3786 109 8 2125 7 1048 3082 837 652 11686 3 3683 1952 3082 39565 708 47628 1943 3082 5
164550 109 8 4727 1943 26269 35 26741 33 15483 11686 3 11787 8519 775 3082 37168 6 20130 700 577 11102 21784 18629 1356 26741 1362 11102 1410 22985 11102 1634 20964 2892 18629 1356 26741 1362 11102 30273 704 47628 1943 16 6438 3786 109 8 4727 26269 11102 5853 26741 57758 3082 40178 390 109 48120 391396 109 25742 782 503 400 7 4727 7 26269 2644 23348 6117 183 400 7 4727 26269 63267 2644 23348 183 11102 69887 15 176 35 26741 33 11102 109 8 423 32 4924 2124 276 6375 3 2124 25 4727 83784 1315 3082 171258 407 11102 9903 15 176 35 26741 33 11102 109 8 1657 1540 11054 15 176 83784 1315 3082 1540 3683 403 83784 884 15 176 1540 3683 4 171258 4 26881 4 83663 4 323 24034 22866 9149 7 1315 53 7088 105918 4 7961 13406 3683 4 9817 198702 4 10303 83663 4 8 11778 148544 698 720 2892 6848 15 3 176 4 8 93 40672 1315 35 15 3634 1612 33 6 26 617 15 3 176 148060 4983 15 3 7142 7268 3192 24 3 40672 1315 685 83784 884 15 176 3082 40672 35 57 33 4 1540 3683 35 503 4290 33 4 24034 4 83663 4 19896 720 5
7 2321 3082 183 187 16 2177 7 426 3685 893 10 3 6006 22866 8395 53 1532 1110 3082 2947 26881 3668 1110 3082 40672 6449 1110 3082 74 1823 10593 1110 3082 169 1823 10163 1110 3082 13848 21645 1110 3082 296 1823 20720 1110 3082 740 1823 23188 1110 3082 19896 20607 1110 3082 83663 62278 1110 3082 24034 123 409 47628 26269 11102 15601 26741 109 8 11787 18629 41942 26741 13088 4727 4385 1356 26741 1362 3082 35 11787 18629 1635 8370 33 98236 221 7 2321 697 47628 26269 54391 26741 109 8 605 11102 11787 18629 1356 26741 1362 103827 13088 4727 22690 1356 26741 1362 3082 11787 18629 1635 15601 800 306 25618 18629 1356 26741 1362 11102 1054 109 8 15601 4727 26269 1356 26741 1362 11102 24990 38049 904 3082 3921 26741 4 4211 22690 3082 5347 26741 4 8 3379 22690 3082 18821 26741 630 18821 11102 47628 26269 1356 26741 1362 24990 109 8 2644 1943 3082 4462 3786 13088 2644 2146 26269 3082 2131 26741 947 863 18629 11102 985 26741 109 8 15483 11102 4727 26269 35 26741 33 9190 109 8 2644 1943 3082 4462 3786 13088 22690 7 2644 2146 3082 35 4727 22690 1635 889 26741 33 302 575 863 18629 1356 26741 1362 11102 1614 109 8 3127 11102 4727 26269 1356 26741 1362 9190 109 8 2644 1943 3082 4462 3786 13088 4385 7 2644 2146 1356 26741 1362 3082 35 5611 4385 10 26741 1635 716 33 1004 9190 47628 26269 1356 26741 1362 11102 15601 109 8 2125 7 4018 3082 6062 13088 3 3033 26269 7 2644 222039 3082 30273 26741 109 8 3457 148 2644 307509 35 26741 33 3082 35 5611 22690 1635 3127 33 985 1054 11102 863 18629 1356 26741 1362 1551 109 8 3127 11102 4727 26269 1356 26741 1362 15601 11686 2366 9903 15 8803 3082 28940 26741 4 13088 16521 8803 7 4385 3082 35 6095 4801 1635 2913 26741 33 4 21784 5120 26269 3082 630 26741 4 8 4622 5120 26269 3082 24990 26741 1135 7518 3082 13406 3683 109 8 74994 797 11036 2667 109 8 129962 12398 15 176 35 26741 33 6909 109 8 10242 35 26741 33 13088 2644 197 19 179 1094 6752 295721 15 260 6235 8 179 3929 18326 15 798 6235 889 6180 11102 8979 352 1356 1362 3765 35 8690 6 2644 197 33 109 8 9903 1272 15 176 35 26741 33 25343 6673 2644 10 3 503 18825 2644 197 19 18825 18629 3082 1596 26741 4 14062 18629 3082 575 26741 4 8 6235 17020 1356 26741 1362 53 4385 3082 83112 109 22690 3082 2591 109 8 4801 3082 1054 9073 5
4220 7 3 1273 284 238 3 1540 3683 2644 1746 650 4589 1678 1715 4 3 1273 284 29 45 4393 76 1678 205865 8 19266 5
4220 7 3 1589 284 16 1595 10 98586 249 5
19850 205865 8 19266 31 4241 962 21 163 53 4220 7 3 1273 2505 543 284 98586 249 5
4220 7 3 1273 2505 543 284 5
11933 284 79 217660 10921 21 16 9168 14 222081 3490 7 1540 2682 4727 3446 1172 5
51114 7 3 1273 284 16 1595 10 98586 341 5
17 1273 284 2527 45268 4650 11924 35 97349 33 1146 538 31580 18087 24990 6 2707 1622 29132 8 6 128 2399 7 55906 22 3206 4290 154 9 5433 5
6060 34193 3856 2167 24 3 4650 6 3 284 16 5998 7545 10 9 176 628 3359 13563 5
17 4650 16 7737 10 9 3641 4230 1411 3 5433 15 143 6 6899 454 22 290 967 5
17 284 16 3682 6 1970 1678 1746 19393 47 31 1568 10 1043 7 222081 7 1540 2682 1172 133 21 7568 26269 5514 4 4801 5514 4 1823 5514 4 1823 23348 4703 5
5898 3916 2644 3526 6 2705 8 3764 785 544 15 3 176 133 21 14087 8 5420 29466 49 785 14 111064 5
51114 7 3 217660 98586 341 5
51114 7 3 217660 5
11933 284 17 217660 10921 21 16 1589 14 650 1330 7 1540 2682 1172 5
145 284 9286 7 108 14533 13563 16 1589 14 17241 7 176 34193 8 13571 7 11787 18629 4 3 169 14533 16 9168 14 3394 7 1678 650 19393 35 3683 674 4 11787 1382 674 4 1823 1170 4 10242 4 2125 7 57758 4 1823 1952 4 818 20964 1646 4703 5
33 4 8 3 73 14533 16 1589 14 6013 7 650 9149 5
17 284 16 3682 6 1506 3 650 9149 22 290 967 5998 10 3 3683 3236 7 112193 1586 5
55906 7 192 108 19266 31 7545 3995 10 628 5342 4 8 5
11933 284 79 217660 10921 21 16 1589 14 1746 7 5611 17136 14 797 7 1540 2682 1172 5
17 1273 217660 16 4393 76 550 523 19266 5
17 74 14533 13563 16 1589 14 7379 7 884 1272 6 10622 3 1540 2682 176 5
17 169 14533 10921 21 16502 3656 30350 7 884 5
2927 14533 13563 29408 3 3656 35766 1488 5
17 53189 16 1589 14 8395 7 884 1272 6 10622 1540 2682 176 15 8174 1540 3683 2644 5
17 1600 14533 10921 21 3916 2644 3526 14 3394 7 5611 1646 5
47561 67 19266 13563 8 31 1589 3995 14 17241 7 11787 17136 8 5611 17136 5998 10 3 3683 3236 7 112193 1586 5
51114 7 3 217660 16 13075 10 98586 459 5
17 284 1141 50 29132 5998 25 1678 3354 628 5342 4209 154 5577 7 767 19266 5
55906 4209 24 1678 19266 7 3 1273 217660 31 59 7545 5998 10 1678 628 5342 8 3683 5342 5
51114 7 3 217660 98586 459 5
51114 7 3 217660 5
11933 284 79 217660 13563 16 1589 14 3394 7 346 5937 7 1540 3683 2644 5
17 284 16 10032 10 916 7 583 19266 4 13563 14533 14 3394 7 1646 7 2644 2146 4 14533 14 3394 7 2644 307509 4 14533 14 3394 7 28060 8 28060 5120 4 14533 14 3394 7 8803 1056 4 14533 14 3394 7 8803 5120 8 7075 5120 4 14533 14 3394 7 1646 7 4 14533 58500 14 3394 7 2125 8 1646 7 2644 197 4 8 14533 14 3394 7 63320 5
17 2981 8 5577 7 1273 284 16 1595 10 98586 503 5
17 9059 7 2644 5937 21 3448 24 1678 19266 7 46 217660 31 5998 7545 10 1678 3354 628 5342 4 47 71 26 454 3477 14 6062 23955 7 2644 5937 8 2644 4197 7 1540 3683 2644 5
51114 7 217660 98586 503 5
51114 7 217660 5
11933 284 17 217660 16 1589 14 6062 17241 35 39811 8 7557 33 7 1540 3683 2644 5937 8 2644 4197 10 3 3683 3236 7 112193 1586 5
51114 7 3 217660 16 13075 10 98586 500 5
17 1273 284 9286 7 836 19266 13563 4 4 4 4 4 4 4 4 8 5
17 3354 628 5342 7 1678 19266 7 415 1589 19266 7 1678 205865 31 3477 5998 154 5577 7 3 1273 217660 5
17 74 14533 13563 16 1589 14 6062 17241 7 2644 2146 7 1540 3683 2644 5
17 161 14533 10921 21 16 9168 14 6062 17241 7 28060 5120 5
17 14533 16 1589 14 17241 7 119 5120 7 1540 3683 2644 5
17 161 14533 10921 21 16 3682 6 1506 8803 5120 5998 10 3 3683 3236 7 112193 1586 5
17 14533 13563 7 3 1273 217660 16 1589 6 1506 7 1540 3683 2644 5
17 19266 10921 21 8 31 1589 3995 14 6062 17241 7 2245 6235 8 260 6235 7 2644 197 7 1540 3683 2644 5
17 161 14533 10921 21 16 1589 14 6062 17241 7 2245 4197 7 1540 3683 2644 5
17 73 14533 13563 7 3 1273 217660 16 1589 14 6062 17241 7 260 4197 7 1540 3683 2644 5
51114 7 3 217660 98586 500 5
51114 7 3 217660 5
17 1273 284 29 45 2870 15 1678 3351 7 1784 1540 2682 4727 3446 1172 14 1746 7 1540 3683 2644 5
79 5907 7 3848 25803 4 4650 6904 8 2516 228553 3455 154 3 5577 7 284 19266 137 45268 4650 11924 35 97349 33 14 57 946 6825 35 98586 708 33 16 13075 3995 10 20498 341 5
17 4650 16 1272 6 2707 176 1056 6 3 284 137 4650 11924 21 1595 10 98586 700 5
17 1823 9149 4209 24 3 14533 8 5611 17136 4209 24 3 14533 14 946 6825 31 1595 3995 10 194896 5
704 8 782 5
17 11591 35 39811 8 7557 33 7 2245 8 260 2644 4197 4209 24 3 19266 7 217660 31 1595 10 194896 5
5
17 55906 7 1678 19266 7 1273 284 31 170 6 26 4203 8 177 825 6 138 958 12287 24 9962 1149 10 386 35 13563 130967 5444 9226 4 42715 4 749 33 14 3 946 6825 5
17 1273 284 29 59 45 3639 2870 10 83 3609 105 44120 41205 4 42715 4 47168 221322 191021 5
12084 4 42715 4 373495 1048 3648 4 42715 4 5828 323 5828 10986 4 42715 4 8 253719 191021 5
12084 42715 4 749 14 1678 3351 7 1540 2682 4727 3446 1172 5
59268 6825 35 766 17020 31 10 26741 109 47628 1943 53 64029 3786 4 47628 98586 708 5
59268 6825 35 766 17020 31 10 26741 109 47628 1943 53 64029 3786 4 47628 26269 53 15483 26741 33 5
20498 341 5
79 5907 7 3848 25803 4 4650 6904 8 2516 228553 4209 154 5577 7 3 284 14 946 6825 5
4681 93 5
30879 25803 35 2399 137 97349 33 84181 2606 137 97349 31879 228553 67439 24 3 284 249 6065 2707 176 1943 5
341 6065 2707 4727 26269 1356 26741 1362 15483 63267 26269 5514 459 6065 2707 176 2000 8 23 17020 1356 26741 1362 16025 109 115615 109 25994 109 115615 109 11152 50944 11787 18629 19 19896 7047 1356 26741 1362 3082 503 23476 186615 18629 1356 26741 1362 716 500 23476 9357 4801 1356 26741 1362 985 63267 4801 5514 708 23476 2644 23348 1356 26741 1362 503 63267 2644 23348 700 23476 8803 23348 1356 26741 1362 503 63267 8803 23348 704 23476 1823 221 1532 11686 3 10242 3082 5370 400 7 4727 26269 782 23476 2125 1048 18996 652 11686 3 1823 1952 3082 6822 109 8 11686 674 148 37168 8 20130 35 33 109 8 197 1823 674 10 82023 14 1532 967 3082 78352 109 3668 967 3082 98823 109 6449 967 3082 90458 109 10593 967 3082 12604 6065 6885 14533 183 1554 120 2892 35 2106 33 1379 15 176 88
720 13088 11742 35766 109 8 221 7 2321 1272 3082 183 22866 8395 16 392 21 163 53 7088 25239 26881 109 7961 288623 109 1532 171258 109 9817 3668 171258 109 10303 1532 1823 109 11778 62632 109 14214 3668 1823 109 13503 6449 1823 109 14500 10593 1823 109 12666 83663 109 4347 148544 123 407 6065 5339 2125 7 4018 53 6062 11686 3 5611 4385 3082 54563 26741 8 5611 22690 3082 7335 26741 6065 6885 217660 403 16794 2146 26269 3082 344111 26741 16794 2146 22690 3082 356704 26741 16794 2146 116894 3082 26741 13088 2644 197 19 179 1094 6752 295721 15 260 6235 8 179 3929 18326 15 798 6235 5
6673 2644 10 3 503 18825 2644 197 19 18825 18629 716 26741 8 6235 17020 21 116894 3082 26741 365715 3082 408068 26741 71776 3082 109575 26741 6065 6885 3 217660 14 17241 7 2644 5937 8 2644 4197 40044 11924 7 3 1273 284 98586 700 5
40044 11924 7 3 1273 284 5
37442 7 14533 14 946 6825 98586 704 5
37442 7 14533 14 946 6825 5
37442 7 14533 14 946 6825 98586 782 5
37442 7 14533 14 946 6825 5
37442 7 14533 35 39811 3683 7 2245 2644 4197 14 946 98586 183 5
37442 7 14533 35 39811 3683 7 2245 2644 4197 14 946 6825 33 5
37442 7 14533 35 7557 3683 7 2245 2644 4197 14 946 98586 407 5
37442 7 14533 35 7557 3683 7 2245 2644 4197 14 946 6825 33 5
37442 7 14533 35 39811 3683 7 2245 2644 4197 14 946 98586 403 5
37442 7 14533 35 39811 3683 7 2245 2644 4197 14 946 6825 33 5
37442 7 14533 35 7557 3683 7 2245 2644 4197 14 946 98586 698 5
37442 7 14533 35 7557 3683 7 2245 2644 4197 14 946 6825 33 5
17 1273 284 16 1334 6 19491 10 4727 3446 3609 14 63282 3 21527 2485 7 1746 7 1540 3683 11179 14 1172 5
17 284 16 3682 6 12730 3 1332 2485 7 1746 35 150 17241 33 7 1540 3683 2644 10 287 58 32 1390 5
39097 2000 7 3 1273 284 31 508 53 35 4114 33 66 9286 7 48 58 11226 797 954 7 92 153 2726 8 23 16 6633 385 21 50 2505 1084 71 26 3353 2093 137 46547 7 84 797 954 49 18298 3 1806 954 15 3 19260 10 4727 3446 718 10 426 5
35 25547 33 66 16 5775 10 2129 8 2527 182439 1746 1217 5
35 31883 33 949 154049 2644 5968 71 3030 3 1746 7 1540 3683 11179 2093 538 3 1273 284 5
12502 23 22516 19210 15 9962 1149 5
35 40378 33 17 1277 7 1746 7 1540 3683 11179 538 3 1273 284 16 1216 15 7415 8 791 7 9962 1149 5
12502 23 16 4547 8 287 72971 5
35 8033 33 17 1273 284 71 26 6227 15 9 5274 441 112193 1586 5
12502 50 799 470 7 7254 754 23 4269 141 14 396 2430 4727 3446 3609 5
17 1379 601 162 12966 9 2505 543 284 35 155036 33 6 37782 1746 7 1540 3683 2644 14 1540 2682 1172 5
17 284 16 1589 538 797 1396 543 1217 7 43826 5
17 10167 4 21527 8 20558 2485 7 1746 7 1540 3683 16 11356 137 726 7 155036 19266 14 222081 3490 7 1540 2682 1172 4 650 1330 7 1540 2682 1172 4 5611 17136 1746 4 3394 7 2644 5937 4 8 17241 35 39811 8 7557 33 7 1540 3683 2644 5
17 1589 284 29 45 24637 3639 10 1678 3609 14 9 1773 2726 7 1540 2682 1172 5
17 284 16 3682 7 41562 3 1746 2485 7 1540 3683 2644 10 9 177 814 89 566 8 1435 12244 55906 10 916 7 11591 7 5611 17136 4 2644 5937 8 2644 4197 5
17 284 29 799 470 7 7254 21 23 71 26 6227 15 9 5274 441 112193 1586 8 3475 4 23 16 4269 141 14 396 2430 25871 3609 5
17 1379 284 16 3682 6 1746 1540 3683 11179 14 1540 2682 1172 97 5
8932 601 768 31 1272 6 2975 46 284 6 293 19 14510 1172 59 5
79 1416 5775 2484 35 65201 33 284 59 738 6 26 1589 47 36 19491 3 55906 7 1273 155036 14 2644 2484 5
622 11356 284 71 59 26 1589 14 10900 7 2644 14231 8 2644 247 538 210357 39865 12811 35 214878 33 8 49474 133951 3673 35 49894 33 5533 5
17 825 155036 1217 71 59 26 220 14 22629 7 1746 7 83 3351 7 11179 133 21 22431 2644 4 4897 2644 4 2589 2644 4703 5