19408 957 16 3 104 1029 957 297 303 5
81 52678 1443 4 307 2062 27 4729 3 231 7 7532 21 9 2376 4462 14 16194 2376 8 86 26 11737 21 29132 6 9 303777 5
81 19372 4 395088 303777 29 45 220 463 6 3 9063 7 1691 97 57 1506 14 19547 8960 7 3597 8 6 1384 46 21 3 2104 7 3 565 5
81 46 1381 4 9 284 16 1273 14 16194 2376 8 19372 7 27187 10 194654 2233 5
2376 2000 42 16277 25 3 642 7 518 7 9 392 1973 5
931 2000 42 43420 543 15 108 523 7410 4 704 4 704 8 95531 219471 10314 5
273 19372 4 80 220 3 395088 19372 31660 6 7673 3 33980 2233 21 1966 49 15924 5
134 59 115 9 4631 19 83 7732 1442 27964 35 29507 13963 4 187305 4 11856 523106 33 5
79 44031 8660 144420 35 102187 33 11963 16 220 6 8612 3 773 7 3 1273 284 5
1563 284 16 12354 538 8944 49904 24266 25 5536 8 3 665 842 13 3 31660 29 32 352 163 3 102187 11963 205944 7 59133 196049 28544 5
17 773 7 3 395088 303777 29 2436 6 26 333 10 4631 6 83 19372 27964 5
19408 957 16 3 104 1029 957 297 303 19 3955 7 85 1857 35 104602 4 22469 4 23551 4 323 6247 4 590 33 5
6371 27 1595 13 261 9674 16 3 629 6 1297 3632 957 20238 35 323 4 280 33 5
35265 16 3 104 23731 2404 9939 127032 6 1015 3 50669 10 3 261 9674 7 54742 3632 8873 10 81200 303 5
79 221 7 533 1478 7 3632 957 4 47 50669 436 14 4 31 18679 7 297957 4 11518 4 8 10983 28248 5
5046 9674 16 9 48 1812 2485 106 23 16 3684 34392 25 9545 17363 5
5046 9674 8501 9 48 841 565 106 23 16 477 53 35 9 33 177 6156 10 1646 4 3157 8 15183 109 35 8862 33 1024 10 1973 2906 109 35 8258 33 1695 3797 6 3 2867 469433 6948 15183 4 982 14 12241 27187 8 35 5547 33 4593 24 93 6158 6948 3519 19 825 10777 35 2397 323 52646 4 590 33 5
214 754 1531 6 26 7671 2063 14 2199 9674 5
238 9 665 4 9674 9512 8 48581 7 4463 35265 16 34 19547 35 21399 12283 32330 4 502 33 5
3668 2043 7 3 24266 24 9 746 7067 71 474 957 9674 713 35 4 4 323 158138 4 3578 109 4945 323 13567 4 3401 33 5
7977 4 46 4644 16 1908 8 23 16 34 9 5238 2485 10 3 3606 3803 7 104 378 180 3 131 5
16816 4 392650 77231 35 52678 33 27 45 3677 21 9 169 7067 6 4530 50669 65 26704 4463 24266 5
2249 7 3 875 518 10 2333 14 35265 4 25575 16194 2376 29 45 25810 6 10775 3606 7034 317 25 1678 784 9939 61924 35 6793 12283 32330 4 744 33 5
177229 16 12072 24 9 197 7 325 11245 2763 7 50676 121026 5
81 194654 1973 5447 4 192 2000 27 45 220 6 12681 15183 5897 13 4459 523 926 7 552 6 1800 27187 5
177229 29 1595 6 26 9 3982 5533 10 15826 194654 27187 1022 24 11518 35 22605 323 25485 4 744 33 5
85490 245867 31 533 6 9560 3 773 7 52678 284 4 110 1272 14 3 19372 13 34152 11518 25 1966 17363 35 53236 4 3454 4 10558 4 323 4201 4 1278 33 5
2330 3 85 4 1296 27 4400 523 16194 2376 6599 5
17 2376 29 2436 6 26 4116 10 2419 21946 5
17 1029 2485 16 6 59592 3 1494 1973 76 11933 6577 13 5313 272 8 799 10291 317 5
2625 2062 27 4729 3 231 7 7532 21 2376 4462 14 16194 2376 8 19372 35 7914 323 222782 4 502 109 4 4 323 398988 4 280 109 12815 4 118923 4 323 35419 4 2560 33 5
355 3677 6 2233 4 7532 5708 9 799 3101 1973 8 307 3856 2233 5
17 799 3101 1973 16 3455 24 32238 3 1973 109 3 3856 2233 3576 3 317 372 154 46 1315 5
931 225419 86 26 11737 21 29132 6 9 303777 5
17 303777 16 9 4462 13 7121 21 29132 3 2770 7 3 2000 16277 8 1708 21 3354 3 552 2463 1547 6 3 558 6948 5
17 1236 16 6 7673 9 19372 31660 13 71 581 3 104 3206 1070 6 3 565 4 110 11245 4 7732 1442 4 270 60401 4081 4 49 395088 4309 7081 1384 3 10900 7 3 3632 957 5195 35 4 59196 4 4 17221 4 323 116808 4 2391 4 1515 109 323 4 2560 33 5
1563 421 14 3 395088 19372 18 27383 34 97 24 50 2168 7 2854 1812 5897 13 86 26 180305 36909 4 44 59 24 3 1028 1049 10 1678 2333 7 5195 4355 35 1082 4 4367 4 323 2552 4 274 33 5
79 395088 19372 16 9 108140 4434 47 15553 9 9149 7 9796 83735 6 9 568 15209 8 9013 91 6 9 13228 3354 9149 5
17 3644 7 46 2840 16 6 1297 3 8960 7 3 523 3597 10 3 3643 60401 904 5
17 395088 3643 83735 31 220 6 7673 32 5043 3354 9149 24 29404 9 38020 4859 8 80 4301 9 1264 6 7673 17509 6 1687 3597 2016 129090 2770 5
145 1264 6274 3 9063 7 1691 97 57 1506 14 19547 8960 7 3597 8 6 1384 46 21 3 2104 7 3 565 4 47 340 34 4722 19 3 2520 2209 10 3748 4 4 8 114706 35 1422 33 4 279117 8 35 590 33 8 1082 12283 3462 5
35 274 33 5
12502 4 3 1273 284 9286 7 67 346 4290 53 16194 2376 8 59277 19372 5
2376 2000 31 16277 6 1101 3 16194 266 10 3 642 7 518 35 40739 33 5
81 46 542 4 290 40739 16 36438 538 3 523 352343 8118 5
273 2376 3648 4 192 2000 42 43420 543 15 108 523 7410 4 704 35 33 4 704 35 33 8 95531 219471 10314 35 33 35 4 27226 4 323 23478 4 590 109 93191 4 16833 4 323 36519 4 359 33 5
1301 9 197 7 3 12510 225419 7 290 33980 16 16277 5
273 2419 3394 8 303777 80 220 3 395088 19372 31660 6 7673 3 40739 21 1966 4 13677 49 23450 5
81 46 542 4 80 59 1379 9 19 108 19372 31660 35 29507 13963 4 187305 4 8 11856 523106 33 5
134 3476 138 108 27964 106 43 27 5471 10777 35 10141 4 4 89906 4 323 4 33 5
79 102187 11963 16 220 6 8612 3 773 7 3 1273 284 5
145 1381 16 4393 21 3177 53 10 8941 8334 4 80 1379 9 33498 7 35265 745 3467 25 9 2496 558 5536 4 3 7773 37354 14 30483 138811 5
81 8941 7013 4 23 16 962 3 31660 4723 15 2419 21946 4 43420 19 108 523 7410 5
2927 4 10 8941 7170 4 80 2565 3 395088 31660 14 48975 3 194654 2233 5
8941 459 6274 9345 522 3455 19 3 1589 31660 14 19372 5
8941 503 842 522 2995 8 7951 7 3 162 5
79 81495 2146 45546 7 129 1273 4309 14 19372 7 11518 538 2376 2000 8 395088 303777 16 1595 10 98586 249 5
15265 45546 7 3 1273 1217 14 19372 7 11518 538 98586 249 5
15265 45546 7 3 1273 1217 14 19372 7 11518 538 2376 2000 8 395088 303777 5
7337 197 17 5536 220 10 46 162 21722 194654 49904 2233 351 25 3 7773 37354 14 30483 138811 35 33 35 8827 12283 32330 4 2804 33 5
17 864 16 9 1730 900 7 1296 25 3 2728 903 1841 35 5486 4 4770 3651 33 4 3 430 7 294 1007 35 9896 29377 33 4 8 3 77132 379 17719 35 7104 33 5
17 5536 29 45 1940 220 21 9 4482 14 3184 6169 15 3 194654 352 4 14 110 481 7 886 8 441 9 2383 8 5471 11036 7 745 5
66 16 20739 7 194654 2233 8 50 12510 2911 8 3606 317 4 150 7784 4464 4 731 7 826 4 195410 1593 35 21 166 21 3101 4 221 7 10255 4 39079 147 1843 8 8675 147 50676 7 3 3564 2233 33 4 59277 3351 35 232 6 95531 486284 35 1095 33 9061 33 4 8 98247 88093 5
17 100402 16 9935 7 8944 194654 2233 10 35 24097 33 1069 14027 3467 25 3 5536 4 114 4728 42 4277 21 23450 35 2990 33 4 4728 21 13677 35 2636 33 8 4728 21 1966 35 6517 33 5
134 3467 49904 2233 19 9 10855 592 20345 22 575 5
81 192 8365 97 3 2233 3455 24 3 20345 42 3467 106 7 952 1547 6 81346 7 3101 5
3194 1973 29 9 3101 7 8248 653 15343 5
17 2737 8 1646 7 9 2199 4 65 23 6848 4 42 351 25 3 3323 2614 7 3359 558 22 3 864 8 42 220 6 5998 10775 2842 11933 2233 226 3248 7 518 35 402104 33 25 3 1494 1973 5
402104 7 3 182 6517 42 16277 25 24266 276 3 1892 7 27187 4939 25407 24 3514 5
81 2199 52678 6599 4 16194 2376 16 34 535 2828 15 3 556 40739 44 477 97 15 856 3248 496 3 40739 5
12502 4 3 2233 220 10 3 8365 42 38339 7 1646 17404 98236 17404 39079 617 10 3 11933 1973 4 446 3710 35471 6 3 3710 7 3 2209 24936 5
520 6200 7 402104 31 2209 10 98586 341 5
520 40739 5036 25 3 100402 53 25976 1427 35 35 9 33 9 414319 4 35 8862 33 9 33 4 98586 341 5
520 40739 5036 25 3 100402 53 25976 1427 35 35 9 33 9 414319 4 35 8862 33 9 33 4 13677 1427 35 35 8258 33 8862 4 35 5547 33 8862 33 8 23450 1427 35 35 16054 33 8258 100049 4 35 18365 33 8258 403637 33 5
2376 21755 2376 10 2489 16506 2228 1973 3101 6 26 1406 95 21 6 650 21 312 628 21 537 24 13896 4279 1056 14 9 392 6372 2485 35 458550 4 3495 33 5
17 2370 867 7 2376 16 6 3001 32 1973 15 307 11933 2233 4 25 33497 6 1597 3101 4 8 12262 91 10 3 10291 9962 5
57002 2130 4 2228 14 3 43042 10 49 61 15 32 1973 4 65 46 16 1622 5
355 5447 16194 21946 27964 4 23 16 3684 1622 6 1415 16194 2000 15 5552 7 523 9059 5
2491 2376 8612 1973 2763 72 30951 7 11264 9059 4 50 43042 2168 754 3 650 34 6 26 1768 24 3 1646 7 3 50676 2621 5
81 46 1181 4 23 16 220 28792 14 16194 21946 5
17 2485 16 6 59592 3 1494 1973 76 11933 6577 13 5313 272 8 799 10291 317 5
145 650 16 115 24 272 1042 8 799 1042 20973 3 1973 5
81 458550 35 2391 33 4 458550 2436 13 9 159463 7 9 3905 16 3267 6 50 47246 15 9 507 7 272 1042 8 799 1042 13720 495 4 979 24 9 7 67 5036 4 57 419 14 290 13228 3101 5
17 799 1042 18683 55906 371 3 60029 225419 8 3 272 1042 18683 55906 3 1056 5
81 2201 6 2233 35 5300 33 4 3 159463 71 26 43420 21 392 24 98586 459 4 47 842 32 1973 47246 25 3 72539 25947 653 6 3 35 72539 1635 249 33 25947 653 7 3 159463 5
17 225419 2464 3 50676 2770 7 3 1494 1973 5
26148 4 3 1973 16 1198 137 9 1808 7 18683 15 290 1843 4 979 24 9 7 341 5
17 522 31 220 21 29132 7 67 13720 495 4 47 31 3677 22 3 11107 7 3 1973 4 979 24 5
2431 11933 2233 31 4209 10 46 650 53 3 60029 4 47 2464 3 1494 1973 19 9 1731 3101 4 8 3 1056 4 4 47 3001 3 20045 4 14042 8 38540 8249 4 3995 5
87721 419 3364 57 159463 967 98586 459 5
87721 419 3364 57 159463 967 5
8 42146 4262 41381 7 33770 8586 4589 27728 431860 7 2233 19 225419 7 1153 13720 14 3 1625 4859 1109 35 323 96277 4 359 33 5
527 4 27728 431860 2238 3 1646 7 11933 1975 2233 5
145 3117 28248 22 8026 7 3 1973 4 65 3 1973 16 31487 5
659 4417 46 565 4 80 3677 3 5018 1273 24 8 96277 35 359 33 6 132 3 11933 1975 225419 287 3538 6 325 10887 5
81 46 5533 4 290 1843 8 4848 7 9 4625 98236 4625 1973 16 16139 2262 24 39079 15 189 1612 4 114 1883 16 3 221 7 13720 225419 5
214 522 10 9 35 4625 1635 1883 33 98236 35 4625 1635 1883 33 1973 5
90370 7 120 871 798 58 36 34 4047 3 1272 2669 5036 4 54 6375 4967 5036 15 3 8026 5
622 1243 7 120 871 568 58 36 321 6 48 221 7 5036 58 1272 5
16816 4 39079 31 304 15 70 179 1612 7 3 1973 5
431860 7 3 35 4625 1635 1883 33 98236 35 4625 1635 1883 33 1973 19 9 13720 7 4385 1883 6819 35 35 4625 1635 1883 33 1635 1883 115998 249 33 5036 10 57 15209 5
6165 7 192 5036 4 2669 35 4625 1635 378902 115998 249 115998 341 35 1883 115998 249 33 33 3082 35 4625 1635 249 33 5036 31 1109 14 98070 4 47 522 10 1356 35 4625 1635 249 33 1362 2669 5036 54 98070 5
16816 4 54 57 653 7 47246 4 9 4625 98236 4625 1973 6819 179 35 33 98236 35 33 11933 6577 4 3979 10 5036 5
81 46 267 4 3 85612 177751 42 5210 6 3 1646 4640 98236 4640 14 57 47246 653 5
273 67 653 4 46 5018 11933 1975 177751 7 1646 2131 98236 2131 5
81 678 6 132 3 11933 1975 225419 287 3538 6 325 10887 4 8 42146 4262 383 26 3677 15 7532 225419 4 103 25418 3 19393 5
273 8 42146 884 4 3 676 536 7 8586 225419 10 290 11933 1975 18 7154 538 3 135778 53 35 249 33 114 185577 16 3 1308 536 10 3 211736 11933 1975 4 60385 35 72539 4 11856 33 16 3 8586 85612 22 3459 35 72539 4 11856 33 10 3 211736 11933 1975 4 8 3280 8 4625 31 3 221 7 10255 8 11107 7 3 211736 11933 1975 4 3995 5
2569 4 19393 3280 8 4625 27 825 2770 5
81 3 1379 162 4 80 59 1384 459 98236 459 5552 6 13012 3 596 4 8 39775 3 596 4 21 1273 24 8 96277 35 359 33 5
332 290 2737 6793 35 72539 4 11856 33 4 3 325 536 18 43420 10 9 459 98236 459 2621 24 53 35 341 33 114 3 325 21271 6793 35 72539 4 11856 33 42 48871 24 53 35 459 33 17 885 85612 25 3 459 98236 459 2621 18 153 2445 24 3 12510 48871 536 5
98586 503 2464 3 650 7 47246 14 290 40739 6 4498 3 225419 5
47246 7 9 194654 1973 98586 503 5
47246 7 9 194654 1973 5
145 650 1601 225419 14 3 74 47246 35 4640 98236 4640 10 459 11933 2233 33 8 225419 14 3 169 47246 35 2131 98236 2131 10 459 11933 2233 33 5
35810 671 70 3856 225419 25 3 11933 6577 3619 15 9 2419 60401 7 13987 5
273 2376 2000 4 80 220 179 523 47246 926 543 15 108 523 7410 4 704 35 33 4 704 35 33 8 95531 219471 10314 35 33 5
17 220 926 7 47246 8 7410 31 3467 543 15 767 1131 35 12283 32330 4 590 109 93191 12283 32330 4 359 33 5
152178 871 47246 81 46 162 4 3 221 7 225419 16 177 528 8 3 37582 7 1506 19393 16 205930 3545 5
152178 871 47246 35 33 543 5018 16 9 177 1509 17315 4462 47 16 2638 220 322 6 1128 9 528 100402 6 9 100402 19 2537 2121 2770 4 149 4623 9 528 7468 7 3 34602 1379 10 3 1494 628 5
17 5018 16 13966 4116 8 29 117 2333 133 21 628 2376 4 3905 5447 4 5195 4355 8 1973 25487 35 323 12585 4 274 33 5
66 16 9 27728 38029 4462 13 2228 14 3 47246 7 9 40056 76 3 1247 7 108 48 1906 177751 35 96277 323 4 4 109 323 96277 4 359 33 5
659 2565 3 7 543 5018 4 1384 3 40056 215603 19 1646 3280 98236 4625 4 446 9451 31 3 11933 1975 225419 54 3 5385 7 5
17 2673 7 3 543 5018 132414 40056 215603 76 3 1247 7 108 177751 392 24 53 35 503 33 114 127662 4 19 1646 3280 98236 4625 4 8 119061 4 19 1646 4625 98236 4625 4 31 219471 177751 446 11107 31 3 7 177751 8 4 3995 4 8 51364 4 19 1646 4625 98236 4625 4 16 9 38540 40056 446 310387 9451 31 3 20878 2770 35 2842 5401 7 3 33 7 40056 4 4939 24 53 35 500 33 114 31 3 310387 20878 2770 4 19 5
2491 3 16 2665 14 290 40056 4 3 20878 2770 2112 2464 3 11933 1975 2233 5
79 5018 7 253558 7 3 798 20878 2770 4 47 16 3267 6 9 13720 543 1217 4 18 3677 6 40056 51364 14 551954 2807 19 2233 19 5266 5
81 8 96277 35 359 33 4 3 4888 27 1595 13 3 1102 7 5266 16 48 3373 15 20878 2770 19 798 88637 5
12502 4 3 38540 40056 71 26 45498 6 9 15209 9273 98236 9273 4 114 9273 16 392 94425 24 53 35 708 33 114 16 3 114580 20878 871 8 16 50 1391 871 5
1249 3 7532 10 46 162 18 1109 14 341 3101 926 4 87 31 11933 1975 2233 19 9059 4640 98236 4640 8 2131 98236 2131 4 96 2697 6 9 523 221 7 45498 20878 2770 35 523 9273 33 14 290 40739 5
12502 4 446326 35 708 33 18 220 6 128 9 871 7 219478 14 290 3101 653 4 8 3 1308 9273 18 3455 24 8810 3 221 7 45498 20878 2770 5
3879 4939 3 596 871 9273 4 20878 2770 42 16277 25 290 7 3 583 11933 2233 4 3979 10 9 2419 60401 7 241325 3893 3364 16194 10777 7 3 1494 24266 5
303777 2981 5
4859 81 678 6 4498 206 8960 148 3597 14 3 1273 31660 4 80 220 7410 366039 35 14937 33 4 4114 3082 162236 4 4 15441 4 114 15441 16 3 221 7 3597 5
81 46 267 4 3 2000 60401 4 4939 24 14937 3082 1356 273290 1362 3116 4 114 5547 2464 3 221 7 2000 8 3116 16 3 156498 1315 4 9317 6 1427 92 35 700 33 8616 4 3 303777 22462 15441 7410 8 29408 10 3 182 7 7410 3 1391 871 5
81 3 19372 4644 4 65 97 67 3597 31 4723 4 3 303777 16 1013 35 128359 12283 32330 4 1278 33 5
17 104 220 5533 10 9 4644 16 4939 19 97 57 4859 19440 35 14937 33 4 392 24 53 35 704 33 135778 19440 35 14937 33 3082 6494 18020 9 421 3076 13 19756 3 3597 8 5
8616 4 3 27728 4859 19440 35 14937 33 71 26 962 232 6 3 508 14392 35 782 33 114 3 19393 60385 31 3 5937 7 9 2059 60401 212239 13317 6 446326 35 782 33 3 1247 7 9906 7 2419 60401 5937 14937 4 23 16 3455 3 210979 4859 392 1298 5
35 183 33 1301 4 395088 7410 71 26 48015 24 3 508 14392 53 35 407 33 114 9 16 32 14305 61638 2059 60401 4 170561 35 14937 33 16 32 14305 61638 60401 446 9451 31 16084 7410 7 14937 8 9424 2464 3 678 49 2463 7 3 395088 4859 5
395088 303777 273 3 19372 7 523 600 7 2233 4 3 225419 83735 42 1198 21 29132 4939 24 14937 3082 1356 273290 1362 3116 4 8 43 42 3643 10 970 7 3 413976 395088 170561 35 14937 33 5
145 650 805 14 3 15987 7 32 5547 61638 2419 60401 76 32 14305 61638 60401 5
273 946 4 392 9 49985 9796 60401 14937 3082 1356 1362 3116 4 3 3893 7 46219 35 14937 33 665 10 19393 825 6 138 1595 10 3748 12283 3462 5
35 1422 33 35 403 33 12502 4 3 551954 7 3 3643 60401 170561 35 14937 33 71 26 1867 10 970 7 3 395088 678 8 3 551954 7 3 9796 60401 14937 5
5583 4 3 303777 3354 348130 18 3455 54 9 27728 3109 7 3 3643 60401 170561 35 14937 33 21 35 698 33 114 161185 16 9 85612 60401 7 3 395088 4859 14 3 1427 5
11346 13 3 303777 3354 18 34 7074 21 2209 10 3748 12283 3462 5
35 1422 33 8 279117 8 35 590 33 4 8 23 18 34 59 3677 3 67 19547 2520 1273 10 8169 4 26425 4 8 35 590 33 5
187 31 59 3272 6 3 1506 1273 10 1082 12283 3462 5
35 274 33 106 80 97 231 3 395088 303777 6 4855 3 565 5
17 1506 18 3868 76 67 4290 4 13563 928 8 2279 4 47 31 3297 10 3 11232 5
12266 81 3 928 4141 4 80 220 67 9796 3597 35 15441 3082 341 33 2016 3 508 16691 7 194654 2233 53 1966 4830 23450 35 33 4 1966 4830 13677 35 33 4 8 23450 4830 13677 35 33 5
17 3597 42 1658 21 8 14 290 3109 7 402104 5
134 59 1109 6517 5036 58508 273290 4 309581 4 4 56012 7 3 5547 61638 904 4 19 112657 110 3 221 7 5036 7 1427 4 161917 3 221 7 5036 7 1427 8 6517 3082 112657 1635 161917 5
8616 4 3 6517 5036 42 220 6 2258 3 225419 7 3 395088 4859 10 446326 35 403 33 4 8 3 395088 2840 14 70 2000 83735 42 21 53 35 685 33 38396 3 60401 8862 3082 1356 51687 1362 16 3 5043 3354 5
12502 4 87 6848 9 2104 10 40056 916 392 24 53 35 409 33 134 383 384 32 19547 2059 60401 13 53300 3 1153 26327 3768 38020 53 35 697 33 17 3033 871 7 3 38020 4859 71 26 7154 21 53 35 800 33 5
2954 81 3 960 4141 4 9 84 2419 60401 8033 383 26 3643 10 970 7 3 395088 1625 232 6 446326 35 403 33 5
134 2780 3 6706 1247 19 3 60401 2118 24 446326 35 800 33 8 153 7673 348130 21 3 3354 53 35 630 33 6297 15 46 665 4 80 3677 6 8033 3 1427 232 6 3 129090 997 3455 4 11771 4 92 348130 6117 6494 4 60401 9317 6 3 1427 4 2631 4 23 9317 6 5
13385 8557 17 1273 27964 42 220 6 30174 3 6034 25 3 2757 2990 98236 6517 4 2636 98236 6517 8 2990 98236 2636 4 21 4216 103 5
134 220 290 2419 40056 3455 25 3 2419 3394 1217 962 415 21 3 9796 628 6 3 303777 5
134 153 4723 9 68648 183 15524 2858 25017 5018 6 8612 3 1273 303777 8958 21 166 21 50 83538 7453 5
81 46 5867 4 3 2419 83735 42 3868 76 183 600 4623 1818 202 7 3 628 14 928 8 3 1652 183 202 14 25017 5
145 650 16 3629 183 400 35 4 4 4 323 4 590 33 5
81 3 2673 7 3 73322 2858 25017 4 3 600 7 628 220 10 3 928 8 2279 4644 42 14027 4939 5
17 1308 773 7 3 27964 71 26 12354 24 770 7 7533 3 102187 352 1291 4 205944 4 72 3 2279 3354 2770 5
81 46 162 4 80 59 1379 9 4631 19 108 19372 31660 35 29507 13963 4 187305 4 8 11856 523106 33 5
931 27964 42 3112 14 40 9022 10777 4 17905 4 29507 13963 16 543 15 317 1811 109 187305 31 424 6 26 5394 6 5266 109 11856 523106 8050 3 19372 543 15 325 317 4 21 962 10 10141 4 4 89906 4 8 35 33 5
17 8365 27 59 45 2173 538 73322 2858 25017 14 3 19372 543 15 3 395088 303777 5
17 522 31 2209 10 65588 14 3597 7 402104 538 3 10314 4 704 8 704 7410 4 3995 5
81 192 6160 4 80 240 3 6498 177751 14 290 4859 4 19 3 104296 1359 1432 35 59433 33 4 2915 2366 35 78468 33 4 2915 153822 35 65599 33 8 1359 2366 35 60809 33 5
7337 42 12354 14 290 197 7 2233 2990 98236 6517 4 2636 98236 6517 8 2990 98236 2636 5
20498 249 5
55706 522 538 395088 303777 8 10314 4859 4 10 970 7 205944 8 6498 40056 5
10314 105663 2990 98236 6517 2636 98236 6517 2990 98236 2636 59433 78468 65599 60809 205944 59433 78468 65599 60809 205944 59433 78468 65599 60809 205944 62140 249 32590 403 6494 6494 403 60722 403 6494 249 407 60722 407 249 6494 403 62140 341 32590 403 6494 6494 403 65981 407 249 249 407 60722 407 249 6494 403 62140 459 32590 403 6494 6494 403 65981 407 249 249 407 32590 403 6494 6494 403 62140 503 32590 403 6494 6494 403 65981 407 249 249 407 60722 407 249 6494 403 62140 500 32590 403 6494 6494 403 32590 403 6494 6494 403 32590 403 6494 6494 403 62140 708 32590 403 6494 6494 403 60722 403 6494 249 407 55178 183 341 249 407 62140 700 32590 403 6494 6494 403 65981 403 6494 341 183 55178 183 341 249 407 62140 704 32590 403 6494 6494 403 32590 403 6494 6494 403 32590 403 6494 6494 403 62140 782 65981 403 6494 341 183 65981 407 249 249 407 55178 183 341 249 407 62140 183 65981 407 249 249 407 65981 407 249 249 407 60722 407 249 6494 403 20498 341 5
13385 7 3 1273 395088 31660 19 704 4859 8 6498 40056 5
704 105663 2990 98236 6517 2636 98236 6517 2990 98236 2636 205944 59433 78468 65599 60809 205944 59433 78468 65599 60809 205944 59433 78468 65599 60809 62140 249 60722 403 6494 249 407 65981 407 249 249 407 60722 407 249 6494 403 62140 341 32590 403 6494 6494 403 32590 403 6494 6494 403 32590 403 6494 6494 403 62140 459 32590 403 6494 6494 403 60722 407 249 6494 403 32590 403 6494 6494 403 62140 503 32590 403 6494 6494 403 65981 183 341 6494 403 60722 407 249 6494 403 62140 500 32590 403 6494 6494 403 32590 403 6494 6494 403 32590 403 6494 6494 403 62140 708 60722 407 249 6494 403 32590 403 6494 6494 403 65981 183 341 6494 403 62140 700 32590 403 6494 6494 403 65981 183 341 6494 403 65981 407 249 249 407 62140 704 32590 403 6494 6494 403 32590 403 6494 6494 403 32590 403 6494 6494 403 62140 782 65981 403 6494 341 183 65981 407 249 249 407 60722 403 6494 249 407 62140 183 60722 407 249 6494 403 65981 183 341 6494 403 65981 407 249 249 407 20498 459 5
55706 522 4 10 970 7 205944 4 538 395088 303777 8 704 4859 8 6498 40056 5
704 105663 2990 98236 6517 2636 98236 6517 2990 98236 2636 205944 59433 78468 65599 60809 205944 59433 78468 65599 60809 205944 59433 78468 3280 60809 62140 249 32590 403 6494 6494 403 65981 407 249 249 407 32590 403 6494 6494 403 62140 341 32590 403 6494 6494 403 65981 403 6494 341 183 60722 403 6494 249 407 62140 459 32590 403 6494 6494 403 65981 407 249 249 407 32590 403 6494 6494 403 62140 503 32590 403 6494 6494 403 32590 403 6494 6494 403 65981 407 249 249 407 62140 500 32590 403 6494 6494 403 32590 403 6494 6494 403 32590 403 6494 6494 403 62140 708 60722 403 6494 249 407 65981 407 249 249 407 65981 407 249 249 407 62140 700 60722 407 249 6494 403 65981 407 249 249 407 65981 183 341 6494 403 62140 704 32590 403 6494 6494 403 32590 403 6494 6494 403 32590 403 6494 6494 403 62140 782 65981 403 6494 341 183 60722 403 6494 249 407 65981 183 341 6494 403 62140 183 65981 183 341 6494 403 65981 407 249 249 407 60722 403 6494 249 407 273 10314 4 3 1153 2770 8 2029 44398 42 59133 196049 28940 4 59709 196049 28940 8 56159 196049 27063 14 3 2757 2990 98236 6517 4 2636 98236 6517 8 2990 98236 2636 4 3995 35 20498 249 33 5
81 46 267 4 3 4355 489 29 3 1370 13422 14 3 628 197 2636 98236 6517 7 31080 12354 19 46 4859 109 15 3 596 4 80 128 9 871 7 56159 196049 27063 5
145 2464 9 1884 7 52 459 202 677 6 3 282 628 197 4 2990 98236 12357 6832 3 704 4859 35 196 20498 341 33 3 2770 42 59133 196049 28544 4 56159 196049 28940 8 60722 196049 28940 4 3995 14 3 2757 2990 98236 6517 4 2636 98236 6517 8 2990 98236 2636 5
273 46 4859 4 3 1153 2770 42 7156 6 3 522 3455 19 3 10314 4859 14 3 2757 2636 98236 6517 8 2990 98236 2636 5
1949 4 23 16 17123 13 3 2029 44398 2770 42 798 10 90 745 538 46 4859 5
17 522 661 825 14141 148 704 8 704 5
17 596 2770 7 59133 196049 28940 4 56159 196049 28940 8 60722 196049 28940 35 20498 459 33 5
527 4 14 3 197 2990 98236 6517 4 3 2029 44398 19 18 568 677 6 704 5
11346 13 346 20523 7 205944 2770 148 523 31080 4722 14 3 10314 4859 15 197 2990 98236 2636 4 19 3272 7 52 33264 4 21 16 3 267 14 31080 704 8 782 15 20498 249 5
238 3915 415 4 32 5043 284 144 27 9 871 408 6 15483 14 205944 5
17 1273 395088 303777 18 488 6 581 4279 522 19 205944 2770 401 3 5043 267 5
238 32 946 4 14 3 197 2990 98236 6517 19 523 7410 4 3 1273 31660 18 488 6 581 4279 522 19 9 396 1884 7 28107 25 3 5043 284 5
65588 1379 3 522 3455 19 3 187305 4 11856 523106 8 29507 13963 536044 5
20498 503 5
55706 7 402104 538 317 3455 19 3 4859 10314 5
61146 536044 187305 29507 3472 11856 523106 2990 98236 6517 59305 196049 28442 54982 196049 37177 54982 196049 37118 2636 98236 6517 50452 196049 35531 50261 196049 36499 52500 196049 39515 2990 98236 2636 53729 196049 34030 50261 196049 40181 53729 196049 38161 20498 500 5
11391 7 205944 19 3 231 7 19372 27964 8 704 4859 5
61146 536044 187305 29507 3472 11856 523106 2990 98236 6517 27529 196049 35789 62546 196049 37177 27529 196049 37177 2636 98236 6517 50753 196049 35531 50452 196049 42820 50261 196049 36499 2990 98236 2636 51604 196049 33783 51604 196049 40181 55973 196049 39515 20498 708 5
55706 19 704 4859 8 29507 13963 8 11856 523106 4 187305 27964 5
61146 536044 187305 29507 3472 11856 523106 2990 98236 6517 27529 196049 35789 53837 196049 37118 52127 196049 39515 2636 98236 6517 52481 196049 33264 52500 196049 37931 55775 196049 40181 2990 98236 2636 51604 196049 35531 50753 196049 38161 60675 196049 39515 1526 522 5441 3 773 7 7410 14 3 523 2757 7 2233 5
999 538 3 2770 7 205944 4 80 1963 13 3 197 2990 98236 6517 538 3 10314 4859 8 187305 303777 1252 3 104 4279 522 4 205944 3082 59305 196049 28442 35 20498 503 33 5
17 187305 303777 3677 6 3 83 7410 4 704 8 704 4 3619 10 798 2770 4 17905 4 205944 3082 27529 196049 28442 5
81 3 8557 7 3 29507 13963 8 11856 523106 536044 19 3 4859 10314 4 23 16 1744 13 3 522 42 59 798 5
145 16 34 3 267 14 3 197 2636 98236 6517 4 114 80 10992 10 20498 500 13 3 104 4279 2770 42 3455 19 3 11856 523106 303777 5
81 4631 19 3 83 7410 4 80 1744 13 704 1252 48 964 317 538 3 187305 303777 4 114 205944 3082 50753 196049 35531 5
273 3 197 2990 98236 2636 4 3 104 533 665 18 3455 19 704 8 11856 523106 303777 35 205944 3082 60675 196049 39515 33 5
81 194896 5
4 80 27 18652 3 102187 23070 19 50 12510 205944 2770 4 2016 3 1273 303777 8 3 3501 27964 4 14 3 2757 3915 415 5
102187 23070 14 459 98586 500 5
102187 23070 14 10314 4859 5
102187 23070 538 3 4859 704 98586 708 5
102187 23070 538 3 4859 704 5
102187 23070 14 704 4859 98586 700 5
102187 23070 14 704 4859 5
17 522 2209 10 194896 5
240 13 3 1273 303777 773 16 7034 677 6 3 8176 27964 5
273 3 197 2990 98236 6517 4 3 231 7 395088 303777 3117 964 3070 15 205944 871 5
66 1252 32 205944 871 37168 1370 58 3 57 3455 19 3 187305 31660 35 9 1884 7 46609 202 33 5
17 1273 303777 9109 16502 9 871 1370 58 183 23450 12249 8 782 1966 402104 14 290 12354 13091 35 20498 249 33 5
17 31660 59 3455 964 522 14 3 197 2636 98236 12357 81 46 267 4 3 1884 18 42475 148 3 205944 2770 7 3 1273 31660 8 3 187305 303777 35 9 1884 7 68729 202 33 5
273 3 197 2990 98236 2636 4 114 24936 31 1109 1812 10 3 8960 7 3597 463 6 3 825 10777 7 6294 35 143729 4 4 323 4 2560 33 4 3 1273 5018 59 1252 4279 2770 65 677 6 3 83 4538 5
81 46 267 4 80 170 9 1884 7 38161 148 3 1273 31660 8 11856 523106 4 47 2464 32 3070 7 605 202 5
5583 4 10 20498 700 4 80 1379 9 44895 4631 10 970 7 205944 2770 14 3 104 3890 6599 217 10 6854 5
134 3856 3 221 7 402104 8 16194 5018 220 10 3 1494 1131 5
134 59 539 3 522 3455 19 129 5018 5
11346 13 14 90 1131 3 2029 44398 16 34 558 5
20498 700 5
157081 4631 7 3 1379 162 19 3 104 3890 6599 7 3 164 7 3 1450 4 10 970 7 205944 2770 5
45191 245867 402104 91179 205944 12283 3462 5
35 911 33 11297 34989 31660 8 11856 523106 31660 54144 12283 3462 5
35 359 33 53983 92541 543 27647 1170 8 80576 27728 56107 196049 28107 12283 3462 5
35 280 33 85230 3860 115250 87213 8 187305 59709 196049 28107 6794 12283 3462 5
35 280 33 1992 25310 4 171388 2000 4 44203 2000 4 7532 8 187305 62518 1563 5018 8944 352343 8 395088 303777 59133 196049 28544 20498 700 6274 9 4631 7 307 2062 11700 523 4538 14 3 19372 7 27187 10 2088 24266 5
81 117 745 4 3 4631 148 3 1273 284 8 3 8176 27964 16 34 32 1369 2485 106 117 2193 71 2498 3 8958 7 9 19372 284 5
520 27 1273 27964 13 42 2870 15 11518 8 297957 5
66 16 59 1379 10 3 1870 3 221 7 3597 220 6 8612 290 7 192 1443 5
10526 4 3 221 7 31080 8 5036 220 14 3 928 4141 142 1951 3 773 7 3 284 5
17 522 3455 25 3 1273 162 661 146 333 58 3 83 42211 21 1595 10 20498 700 5
81 614 4 3 395088 303777 29 1049 333 522 10 3 19372 7 523 5066 7 24936 5
81 46 542 4 80 1379 32 777 7 32 4213 13752 284 538 9 395088 303777 8 225419 6 21238 1966 25 15924 17363 35 23450 13677 33 5
17 2233 3455 25 3 173 197 42 12354 10 46 542 5
79 33498 7 8944 2233 18 14027 3467 14 523 3597 35 13677 4 23450 8 1966 33 5
17 85490 2000 4 3455 24 770 7 11933 2233 3856 7410 4 42 220 10 3 19372 4644 5
17 395088 536044 4 187305 4 29507 13963 8 11856 523106 4 538 11933 177751 7 3856 225419 4 42 220 14 19372 7 3632 17363 25 3467 402104 5
41221 3 536044 4 80 6453 13 3 1273 17592 29 1595 333 8958 14 3 19372 7 3632 17363 12354 5
17 1273 5018 1252 333 773 58 3 677 27964 47 42 7081 220 10 3 5114 12956 322 5
17 282 2770 7 205944 19 3 1273 395088 31660 42 59133 196049 28544 4 56159 196049 28940 8 60722 196049 28940 14 3 12354 2757 5
6297 15 192 4279 2770 14 205944 4 80 71 164 13 3 1273 5533 538 85490 145935 543 15 9962 8 395088 31660 16 32 4213 4462 14 19372 7 3632 6948 15 2088 35265 5