145 1381 6274 9 1330 1506 5775 496 9 352700 10534 7112 2204 13 1708 856 10612 14 1330 10 9 10742 89 4 47 754 50 231 907 3206 10 1443 114 1087 49668 12453 383 26 6383 5
17 1273 352700 10534 2204 16 3 2669 7 9 41748 2204 284 13 7162 313 667 10 1784 10711 4 114 89 12453 31 9 629 2916 5
17 1273 1330 1506 35023 3 6062 49668 32776 14638 7 8090 6 581 3 284 19 9384 10612 6 3 893 13 4722 10 3 1566 5
17 1330 7787 7301 15 48480 1784 8 2484 6589 4 4108 3 8090 2828 24 3 558 313 9010 10 192 10711 5
9049 4 307 97905 5309 3531 133 21 10570 4 9410 4 11694 8 90900 31 220 6 1800 3 7112 1566 13 18 2870 8 10637 10 46 542 5
2330 3 73 265 85 4 3 231 7 7732 1442 4538 6 532 1784 6589 29 343 1576 4279 35 137597 12283 32330 4 274 33 5
527 4 87 31 90 5158 13 149 236 6 26 2069 4 907 138 1547 6 3 3961 7 4538 8 3531 220 6 4112 313 1715 5
17 7254 7 89 532 1443 29 39 9 1432 1951 15 7175 10 1784 10711 35 19619 4 6794 4 323 40161 4 280 33 4 121 3 571 25450 40 785 8 6298 3 6589 15 47 43 18184 5
31519 3726 16 1621 1576 1029 10 1784 11952 4 114 308 2062 35 4 744 33 3817 13 22 248 459 202 7 3 39800 16 372 4 1749 12521 6 10992 3 3074 7 3327 571 8 3 1799 7 3 2089 5
41748 2204 1443 35 70233 33 35 4 4 323 4 274 109 85014 323 13187 4 3401 109 19619 12283 32330 4 280 33 27 45 616 12956 21 10394 1443 4 19 3 6928 6 26 6227 10 9 1773 2726 7 2438 8 11952 4 150 1784 8 2484 10711 5
7219 4 3 2673 7 46 24204 866 6 26 907 3206 14 12538 1812 544 47 1871 7112 8 49668 32776 6904 4 21 16 3 267 19 90 3848 1784 49 2484 11952 35 71845 4 2804 109 19619 12283 32330 4 280 33 5
81 192 5066 7 11952 4 3 5577 7 9 2485 54 50 49668 3312 16 2112 11826 49 17094 3 1277 7 3 2104 109 24658 8090 144 26 1254 21 9 10534 565 5
70233 31 12956 10 46 1181 106 43 71 12874 6928 8 3201 10 10534 544 5
1655 9 3142 397 7 1069 4 9 10534 284 35 48482 33 16 9 284 10 47 3 24902 7 3 284 5473 34 97 15 3 11580 665 7 66413 4 44 59 15 3 89 22 47 3 522 31 1601 35 4 258696 4 9506 4 4 323 106955 4 274 109 71845 4 2804 33 5
79 3848 48482 16 7081 424 6 26 115 55 7 9 197 7 8090 12072 24 9 3312 4 9 566 13 6154 143 477 3 2485 16 5913 4 9 23972 5577 89 4 8 32 6234 3008 35 71845 4 2804 33 5
931 3012 10 3 284 2106 16408 2498 3 2000 7 32 2204 13 738 6 26 18213 21 9 48482 5
17 689 565 16 13 92 3 8090 5913 24 3 2204 31 34 49668 32776 10 3 4007 152 4 23 16 34 537 6 3489 13 3 8090 36 26 1681 103 9 392 3312 5
238 13797 9 342 9935 7 192 8090 16 2784 4 3 14618 650 7 2210 13 383 162 10 10534 10711 383 3475 26 49668 32776 5
17561 10 10711 7 46 843 31 3054 3876 6 21 10534 2210 35 71015 33 35 9506 323 106955 4 911 109 137597 12283 32330 4 274 33 5
79 71015 36 26 488 6 2258 289 23 29 385 89 6 9979 8 6 159 76 1250 3 49668 470 7 50 11797 14618 650 65 23 358 3 5577 7 84 8090 5
208 31 3677 6 4112 313 1547 1715 4 23 51 26 537 6 132 1568 1866 13 71 2498 3 1330 7 1715 10 9 10534 152 5
145 1381 7301 15 3 565 7 3726 313 3762 8 1401 13344 4 8 2485 1330 10 1784 11952 5
66 12966 32 4567 70233 13 20178 9 856 2125 7 7112 10534 2204 12072 24 32 2634 2981 13 29152 9 35 323 4 1095 109 323 4 1422 33 35 267 543 11772 33 35 323 4 1422 109 4 1278 33 35 134746 4 211234 4 113114 33 35 125812 4 6104 33 1506 5
145 2125 7 2204 1708 2410 14618 10612 8 37666 84 544 24 363 231 7 271 4485 5
7219 4 3 57229 284 1273 10 46 542 20178 9 11933 8524 1506 4 543 15 7732 32542 2642 35 49894 33 4 14 12366 544 22 9 799 653 7 3856 4 47 2228 2410 10900 7453 5
17 689 15565 7 3 84 2204 2209 10 46 1381 16 50 7453 6 4855 544 19 49668 12453 5
17 49668 32776 1185 7 3 2204 2209 10 46 1381 20178 9 5607 4165 7 9 3501 125535 650 13 6655 271 4485 6 3764 84 89 32776 544 5
1113 3 70233 1273 10 46 601 18 220 6 1800 9 12329 36692 2337 1254 6 3035 8 20609 4949 14 313 3762 8 1401 13344 418 10 1784 10711 4 23 71 26 2093 2262 6 26 3677 10 83 1784 692 4 47 1871 49668 12453 5
17 162 2209 10 46 1381 16 32 4159 7 9 1321 1806 284 5
17 767 284 18 1827 22 3726 571 4 44 155 34 159 49668 12453 76 1250 35 4693 23105 4 32419 4 258696 4 323 4 280 33 5
81 6330 46 397 4 80 36 1101 15 8409 9 84 49668 32776 7787 4 50 7453 14 21072 1330 4949 125 22318 19 3 49668 3012 13 31 13292 6 521 89 2210 4 8 143 46 7787 71 1297 1308 284 773 5
17 5479 284 1038 3531 14 3726 3 4246 4949 543 15 10570 8 9410 5
8941 341 1708 9 3297 5230 7 3 84 237067 317196 57229 1506 1273 10 46 162 8 50 6582 496 9 107683 2204 1506 5
8941 459 6274 3 284 4108 1254 6 4112 1784 11952 109 8941 503 5181 9 267 542 10 1784 11952 109 8 1435 4 8941 500 576 3 522 8 7951 3455 54 2279 3 1273 1217 5
17 565 7 7470 358 49 4 48 4108 4 4949 10 1784 10711 16 9 1695 7039 565 13 2818 7112 1443 19 485 2168 14 2854 8 9384 5
17 267 543 14618 35 125535 33 1443 31 543 15 9 24204 114 271 4485 31 220 6 3764 84 544 35 4 4164 33 5
145 754 91 177 3206 6 26 220 10 2571 10711 4 121 43 31 488 6 8744 792 6 893 10 3 1566 538 4922 5
527 4 3 125535 24204 340 34 159 49668 3012 76 1250 8 4 92 80 256 6 231 125535 4538 21 9 14618 7787 10 10534 2210 4 23 16 1622 6 8744 192 4538 95 13 43 71 26 5913 17210 10534 12453 5
81 192 5771 4 125535 16200 383 26 49668 32776 6 1377 13 2506 31 1601 15 89 5
273 46 1033 4 3 284 1273 10 46 1381 2527 9 49668 32776 125535 35 352700 33 4 47 16 9 13652 7 3 3501 125535 4165 4 10 678 6 8744 23 6 10534 30951 5
145 1217 36 852 14 9 48 4213 5577 7 89 891 4 232 6 3 10534 2204 2106 1446 4 8 23 35023 3 7039 1243 7 84 57226 5615 10 2210 5
980 4108 4 129 1506 6655 9 49668 32776 57229 1217 21 9 57226 2869 14 32 2204 5
57229 35 258696 4 4693 23105 4 4693 23105 4 323 4 280 109 323 4 1095 33 16 9 13422 7 125535 4 47 9286 7 3 867 7 1330 21 16013 35 323 4 1422 33 5
81 57229 4 3 2104 1273 6 4855 9 392 565 16 9 342 109 46 2104 16 4209 24 427 76 1250 3 358 3677 6 4855 825 544 10 3 271 5
17 544 8 40 12510 358 31 7545 10 9 2900 7 358 5
81 1243 6 9 2190 565 19 9 2190 2104 4 454 317 52 143 3 358 27 45 10978 16 59 7545 5
66 144 26 1744 13 3 352700 2869 16 5775 496 3 107683 57226 1506 7 32 2204 5
145 754 23 537 6 11032 189 3 8524 8 11933 8524 2520 95 13 3 543 2210 71 1865 96 652 6 159 22 120 392 1129 232 6 40 8808 5
17 107683 1506 16 220 6 54751 3 565 4 54 47 3 14618 4165 7 3 57229 16 5775 19 3 107683 1506 10 678 6 13012 3 380 2104 232 6 271 4485 5
17 23874 220 14 9 107683 2204 1506 35 125812 4 6104 109 323 4 1095 33 16 21 3177 53 2778 17 1566 49 131 2990 8 3 893 13 31 1601 496 23 4 31 3380 21 9 197 7 23394 13 1951 9 565 1861 24 3 2204 35 249 33 2778 17 6343 31 83735 7 90 35 49 70 33 7 3 13987 7 3 131 538 9 197 7 4097 2770 35 341 33 2778 79 164 7 3 131 16 3380 14 3 2204 24 9 197 7 6343 13 31 1359 22 9 2190 1129 10 89 224603 3062 197 7 1799 7 3 131 5
208 80 4002 3 871 7 9575 153 35 459 33 2778 17 18075 31 3 2333 148 3 164 7 3 498 131 8 184 13 23 16 464 6 1018 35 503 33 2778 113114 31 3 152 13 3 2204 2106 2505 16 220 10 678 6 1018 50 8808 5
79 3368 16 45372 92 3 2673 4114 6848 4 21 4939 137 9424 6343 53 35 500 33 2778 134 7673 32 2204 652 21 3 7787 13 39912 893 10 3 131 363 23 337 3 164 4 35 708 33 2778 14471 342 16 3 610 80 371 6 9 9149 7 1945 13 4 25 9 498 164 4 7673 3 2785 7 684 137 47 3 2204 3191 10 678 6 1018 3 83 131 164 5
35 700 33 473 2201 6 9 57229 284 4 23 71 26 4939 21 9 284 19 3 508 5937 53 2778 79 267 1084 197 35 33 5
79 267 1084 2636 16 9 31276 44450 197 7 745 5
79 267 1084 16 4939 21 9 114 35 58508 4 267846 4 4 189847 56012 4 9575 33 5
58508 4 267846 4 4 189847 56012 31 3 745 13 31710 3 267 1084 8 9575 16 3 31276 197 7 10777 13 852 745 6 26 44450 5
2778 79 267 35 8258 33 2464 9 271 791 5
79 267 71 26 3380 21 9 9149 7 684 25 3 1566 53 8258 3082 58508 4 58508 1356 1362 56012 1635 4 56012 5
3194 164 16 3380 137 9 197 7 13987 13 7673 3 1566 114 3 57229 284 16 1942 5
17 684 31 3868 76 108 600 53 11686 7 2007 684 58508 541984 56012 4 47 3001 3 6652 7 3 565 6 26 10455 5
11686 7 23449 684 58508 56012 4 47 4301 3 523 684 3 1566 29 1169 137 103 3 380 164 16 3439 5
11686 7 380 684 58508 56012 4 47 3001 3 6652 7 3 1566 65 3 2007 1446 27 45 1049 5
7219 4 9 267 4286 1945 35 1333 33 4 47 3001 3 197 7 1945 3677 6 290 57 7 3 684 5
17 4165 7 3 57229 284 16 4939 137 3 16200 1595 10 20498 249 5
81 46 1870 4 23 16 537 6 5883 143 4 10 3 13977 4141 4 745 4 267846 4 4 89320 4 47 27 9 565 6652 104 825 6 3 498 565 438899 4 31 3455 25 3 267 2900 2636 5
145 16 617 11700 9 13377 79 5
81 3 28969 4141 32 2007 2104 16 3455 35 58508 4 58508 56012 56012 1635 4 33 25 3 1321 19696 745 8 3 565 6652 5
81 3 12339 4141 3 18550 7 3 1273 2104 16 12354 109 1435 4 10 3 2854 4141 4 3 284 71 1849 9 84 791 5
20498 249 5
31256 7 9 57229 284 5
451256 35 4 267846 4 4 89320 4 79 33 451256 35 438899 4 2636 33 19 89320 3082 58508 4 58508 4 58508 56012 56012 1635 4 56012 4 11856 6117 6494 8 4114 6117 6494 131398 35 438899 4 58508 4 58508 56012 56012 1635 4 33 131398 35 438899 4 35 4 267846 4 4 89320 33 4 79 33 99729 35 438899 4 58508 4 58508 56012 56012 1635 4 33 99729 35 33 143505 35 438899 4 58508 4 58508 56012 56012 1635 4 4 2636 33 12586 35 189847 4 2636 33 17 152 6 11032 9 57229 284 10 9 107683 2204 6008 9286 7 10472 9 14843 148 3 4102 7 267 8 3 13538 1725 24 9 107683 2204 35 6343 4 18075 8 7113 33 5
21669 4 65 9 107683 2204 738 6 4855 9 84 565 4 23 36 231 50 6343 4 18075 8 7113 6 1088 3 84 2506 5
81 46 843 7 284 4 192 767 18075 21 166 21 3 1547 6343 8 7113 4 31 7545 21 745 232 6 3 508 14843 53 11664 4 22026 4 107683 14471 23179 53 62090 53 164 22026 53 9149 7 4 1356 1362 157175 53 9149 7 60623 53 29251 53 197 7 79 3944 16 9 164 13 71 26 2007 35 2464 3 565 13 383 26 10455 33 4 23449 35 2464 32 23449 164 7 3 565 4 565 13 16 1198 103 3145 3 380 164 33 49 380 35 2464 3 3455 665 1204 25 3 2007 164 8 18976 9 197 7 1945 33 5
3194 3944 29 9 197 7 13987 13 4301 23 5
79 3368 16 9 197 7 380 684 8 4 4808 15 3 565 4 71 26 3192 24 57 49 48 380 684 13 3 2204 844 6 2769 5
622 4701 16 1109 32 1433 197 7 1945 5
52579 31 884 13 71 26 5913 72 9 2190 164 5
3194 652 16 4939 137 9 610 8 9 197 7 4298 5
473 2201 6 3 10777 7 3 284 4 23 142 26 1622 6 1753 90 1117 6343 6 4498 9 4007 5577 7 3 2204 5
931 1117 6343 31 958 11335 13 852 3 267 2900 6 26 4393 5
7219 4 27647 7410 31 304 6 2258 3 8864 2463 148 67 684 5
145 57229 284 4 47 16 5775 21 9 14618 7787 76 9 107683 2204 4 383 26 9888 4 21 1321 4216 4 14 50 4007 5577 10 10534 10711 5
18027 4 23 16 1622 6 28038 3 57229 4165 21 9 352700 5
81 3 352700 1273 10 46 542 4 67 689 4290 31 4939 53 3 2854 967 4 47 9286 7 3 12339 8 4643 16200 7 3 57229 4165 109 8 3 57226 967 4 47 1038 3 13977 8 28969 16200 5
17 5577 7 189 4290 36 26 89 1155 5
12502 4 3 10534 2204 29 3 1175 6 2401 148 883 31370 48 89 6 3 57226 967 49 1947 48 89 14 3 2854 967 4 3847 363 2210 48 3538 6 7212 5
931 84 4290 383 26 1254 21 32 11715 31660 35 4931 8 195507 4 4973 33 4 114 3 650 16 140746 8 290 43241 16 89 32776 8 142 1297 3 380 1070 5
17 11715 3074 7 3 352700 16 3439 137 3 231 7 67 14808 532 19348 5
17 14808 1215 16 1148 538 3 4859 4 47 18020 92 9 84 43241 16 537 232 6 3 676 89 13 3 352700 29 6 1332 290 967 5
17 74 4141 7 3 31660 53079 3 2854 967 5
145 967 16 5913 97 92 3 2204 29 3 2506 25 767 11233 7545 10 3 5
17 2506 31 7545 100 54 3 194 7 3 57226 967 5
17 57226 967 16 97 1167 92 3 2204 29 9 565 6 4855 10 3 5
145 21365 2228 3 2204 6 1345 3 352700 10 678 6 97 1849 35 93 2104 16 666 8 3 2204 29 385 89 6 1033 52 767 1866 33 4 97 9979 35 87 31 93 767 2506 6 1384 8 87 16 9 84 565 6 4855 33 49 189 5
17 508 31660 6274 46 9384 7 3 57229 4165 53 17 352700 4165 2179 22 3 2854 967 4 114 23 4003 6 196 92 87 31 767 745 1767 6 26 4721 8 2285 7545 10 3 267 1084 5
81 129 1506 4 3 358 1252 22 3 194 7 3 57226 967 36 26 7545 10 9 2104 858 125 9464 52 40 4756 16 597 5
355 290 84 352700 4165 2899 4 46 858 16 10644 5
208 87 16 385 89 4 3 2854 967 16 6227 14 138 745 446 2104 9464 29 45 616 597 5
208 3 858 16 3435 4 46 650 16 21231 5
17 161 967 6 26 6227 16 3 57226 967 5
17 45679 31660 16 220 6 1046 3 267 1084 8 13977 9 267 13 16 825 6 3 498 267 35 79022 5
57 13 51354 3 565 6 26 10455 33 5
3194 89 9 825 267 16 170 4 23 16 691 6 3 28969 4141 114 23 16 6740 76 9 6943 342 14 3 498 565 24 538 9 131398 31660 5
12502 4 22 3 194 7 290 43241 7 3 57226 967 4 3 352700 5018 16 488 6 581 9 342 14 3 565 22 881 4 742 46 342 71 26 2069 10 4831 61652 92 3 57226 967 29 385 89 6 3030 91 5
145 2124 29 2209 32 9384 7 3 57229 4165 6 26 10742 8 4 24658 4 1334 14 50 3004 10 10534 10711 5
17 161 7268 14076 3 1581 137 3 1746 7 9 70233 14 1784 10711 150 2210 19 3 1273 352700 14618 7453 8 4 30078 4 50 2673 10 9 521 267 542 5
79 41748 2204 284 18 1589 6 581 532 72 3 1715 2828 24 3 607 8 13344 1479 14 8195 3 1784 10711 5
17 2210 10 3 284 13012 3 4246 4949 14 3 313 2331 13344 232 6 3 418 7511 4 3 3457 6 26 2278 10 3 2089 4 8 3 313 3762 8 13344 558 5
17 284 29 3 1175 6 21072 342 3 4949 5998 232 6 3 313 2849 558 5
9410 8 10570 31 629 3531 10 46 726 5
17 284 2981 16 4939 24 218 523 5066 7 2210 35 4693 23105 12283 32330 4 280 33 53 2778 67940 14471 5
212910 12244 3 4246 4949 13 31 691 6 3 6239 14471 6 8149 91 297 3 313 3762 8 13344 5
2778 4318 14471 5
1554 2442 6 290 44594 49 1401 2354 5
557875 3 10570 7067 5
41526 19 32174 17561 6 1970 3 6362 7 3 6234 4246 4949 4 6 4498 84 4949 4 8 59 6 1518 3 9410 827 15789 8 10570 317 2151 11694 49 90900 5
2778 6239 14471 5
40995 3 83 2210 10 3 284 5
557875 3 2205 8 54932 7 4318 17561 6 2258 3 221 7 313 3762 8 1401 13344 558 5
17 317 16 691 6 3 67940 14471 6 3855 84 4246 4949 5
2778 32174 14471 5
58974 3 532 266 6 4112 313 3762 1715 5
2778 29039 14471 5
29235 3 4440 19 3 12521 35 696 33 5
101030 32 1103 210 25 3 6239 14471 8 8050 92 23 16 691 6 3 10394 5
47936 71 26 691 2151 11694 4 24898 49 90900 5
67940 14471 17 104 533 2204 10 3 284 16 3 67940 14471 4 47 20178 3 352700 1506 5
17 67940 14471 16 18213 21 9 10534 2204 6 1377 13 3 358 115 24 3 352700 14618 1506 31 1303 61 496 3 14644 89 5
145 2204 71 26 220 14 523 5060 10 1784 10711 5
81 46 267 542 80 1967 15 3 8090 2828 24 3 313 3762 8 1401 13344 4 44 3 1273 284 86 26 2093 2262 6 523 3351 7 571 5
81 678 6 8744 3 352700 1506 6 3 565 7 313 10 1784 7269 4 3 1566 14392 35 249 33 18 4939 137 3 508 23394 53 313 3762 4 25927 14 329 532 397 4 2007 89 4 353 89 4 3312 8 394 89 5
17 498 164 35 459 33 16 3455 137 3 221 7 558 313 3762 4 40 12510 532 266 22 13 1129 4 8 3 89 5
17 18075 35 503 33 31 3380 21 3 4246 2515 13 4490 70 3 532 266 10 3 248 1058 7 89 392 3 49668 12453 5
17 7113 35 500 33 31 392 14 3 32542 2642 13 3434 3 9149 7 684 137 47 3 284 3191 10 678 6 1018 3 380 164 10 47 3 4246 4949 27 45 3639 1681 5
5
35 782 33 8 35 183 33 240 3 2981 14 9 342 35 700 33 5
17 1330 16 1303 61 24 67 4309 53 3 74 16 9 1906 5018 13 52396 177 2411 4 7449 799 1277 4 522 109 3 169 2527 9 32542 992 543 15 3 3673 35 44883 4 22926 4 323 23551 4 911 33 5
145 5018 738 48 89 6 4498 522 13 7702 10 1277 232 6 3 89 702 17444 91 5
3194 7 3 16200 7 3 352700 17686 16 2921 10 3856 10 3 508 488219 53 5
12586 967 35 12339 8 4643 33 355 3 313 3762 1332 40 4565 43 581 9 210 7237 289 3 2515 18 1681 9109 5
17 2515 16 1109 21 3639 1681 65 23 18 1318 15 89 5
145 317 16 7545 10 3 22026 152767 5
332 3 1431 7 3 2854 967 4 3 284 383 3413 92 87 31 2506 10 3 22026 152767 5
208 87 16 149 89 6 595 1770 61 46 967 4 3 4859 36 26 3677 6 329 2104 170 10 3 5
208 46 2376 6154 9 1432 3490 4 153 3 1332 342 16 7545 24 3 4859 5
145 342 4286 3 9149 7 684 8 3 12510 3944 871 14 290 7 91 4 11771 4 3 9149 7 532 266 8 40 12510 400 5
17 221 7 1303 61 18020 3 1277 7 3 2515 5
17 317 7545 10 3 2900 7 358 3177 3 10869 35 782 33 8 35 183 33 5
208 3 565 1038 49668 3012 4 46 317 16 304 6 3 939 7 3 342 317 5
17 342 36 3475 3576 3 508 317 53 35 704 33 114 94604 827 35 14937 4 11348 33 7 329 532 397 4 161185 3770 2897 4 80163 2007 89 4 39101 380 89 4 122019 394 89 5
1354 3 8 3 7410 27 9 3601 470 1127 35 249 33 8 21 9 665 4 3 5577 89 2442 19 290 7 3 7410 16 10742 5
451256 81 46 4141 3 104 825 358 5650 10 3 271 4 150 70 3 532 266 2573 10 3 84 565 4 31 2972 5
17 508 410 1929 3 317 25 3 342 53 35 782 33 114 94604 3 532 397 4114 13 36 26 2448 4 35 4 33 3 25927 7 397 4114 8 19440 3 221 7 313 3762 4 161185 3770 89 5
17 2007 164 42540 6 3 164 10 47 3 8090 31 179404 4 8 3 380 164 4286 70 8090 16771 5
17 2515 103306 16 2972 508 446326 35 183 33 24 770 7 3 1046 4859 53 35 183 33 114 1883 16 3 12911 267 1595 10 238487 249 5
17 1046 4859 104428 3 358 13 3576 3 216 532 266 4 8 29408 3 3201 13 1708 3 3033 221 7 373506 1945 5
238487 249 53 49668 32776 57229 5
233726 1233 17 89 13 3 1046 4859 49111 14 4966 3 745 16 1574 24 50 49668 470 1127 35 9424 33 4 114 9424 16 3 221 7 745 7545 10 3 5536 5
131398 81 46 4141 4 3 19696 4949 31 3380 21 745 8 9888 6 3 49668 3012 4216 10 3 565 6652 5
17 650 16 1303 61 232 6 238487 341 5
238487 341 53 238487 14 3 4859 5
233726 1233 81 3 74 1092 4 65 93 628 29 45 19696 10 3 1313 4141 4 238487 341 2527 3 4859 6 3855 9 3201 7 3 532 266 13 3 313 144 598 5
659 112 95 4 80 231 3 11856 770 2854 31660 35 13187 323 85014 4 2804 33 6 13012 3 19547 4949 8 23335 91 6 3 558 313 3762 5
17 29132 7 3 31660 31 4 114 4114 2464 3 532 397 25927 4 6517 3 221 7 532 266 10 3 2515 4 8 16 3 827 7 3 11856 10 3 3354 9419 13 14823 19 3 61279 72539 10 3 9796 9419 5
2491 3 9796 8 3354 31 2203 4 3 5607 11856 770 31660 16 1303 61 6 1000 9 84 13324 53 2778 79131 3 221 11856 7 2007 600 5
2778 133319 3 11856 2007 5897 5
3082 5
2778 273 290 7 3 5897 4 3434 3 8668 61279 7 3 3354 9419 8 5004 3 5195 19 23 5
17 234324 3457 16 220 5
2464 3 197 7 9796 5897 2442 19 3 61279 7 3 3354 9419 35 407 33 2778 132080 3 84 7 3 23791 7 3 4438 9419 21 3 596 7 3 9796 2442 5897 5
35 403 33 2778 41701 25 1092 459 285 3 13652 7 3 31 287 58 49 285 3 3235 221 7 61652 16 1049 5
66 16 1622 6 3434 9 3235 221 7 61652 10 678 6 23151 3 3235 5577 89 5
35 698 33 2491 3 266 27 45 5146 297 3 523 4949 103306 4 3 352700 2179 5488 3 532 266 297 3 558 313 3762 5
187 31 4083 4309 13 71 13012 19547 4949 4 150 44 34 1574 6 53 4624 27964 35 727 33 35 4 7217 4 323 2389 4 7780 33 4 216571 271138 5979 35 4 153495 4 323 1104 4 13142 33 4 14879 508637 191244 35 33 35 14879 323 508637 4 8054 33 4 198770 9013 35 113757 33 35 4 1278 33 32542 992 5
527 4 23 16 841 6 159 89 3012 76 1250 10 192 187739 4 21 97 3 727 8 113757 31 2093 36722 6 46 983 5
81 46 542 4 3 19547 2515 14 290 2331 16 7154 538 9 5607 113757 32542 992 4 742 9 19079 542 19 3 727 840 3781 5
81 678 6 4498 9 2104 496 3 14644 89 4 523 3803 42 220 6 3855 3 342 5
17 74 4644 35 33 71 3855 9 799 1277 4 10742 2104 10 799 5577 89 4 125 3 169 35 33 2527 9 113757 9888 6 3 11715 1217 6 3855 139061 2506 7 7156 1277 35 4808 15 3 5447 89 7 3 5018 33 5
1354 1443 8245 6062 1330 8 5339 3 282 1277 342 480 3 650 16 1332 49 3 558 89 29 8695 5
17 1277 16 5559 232 6 3 380 3457 5
17 508 2124 5181 189 6589 5
66 1122 3805 3 532 266 10 678 232 6 3 3770 89 8 153 29408 290 7 3 266 13 31 5426 6 3 73 532 397 2448 4 146 105 3 8668 5737 31660 5
17 31660 29 32 470 7 1127 35 9424 10024 9424 33 106 3 628 383 27 277 45 255 10 678 5
238 9 665 4 3 5577 89 71 26 1842 92 3 221 7 1806 266 16 3601 5
17 113757 29 67 10746 53 9350 8 23438 5
17 9350 9419 29 67 23791 4 12510 6 3 2215 532 397 25927 5
17 23438 9419 29 3 216 221 7 532 266 15 290 2515 35 54627 12283 32330 4 744 33 5
4036 3 4114 532 397 25927 8 3 4114 61279 25927 15 4 8 6517 3 221 7 532 266 10 3 2515 5
17 2059 313199 6363 16 4939 24 3 508 14392 53 35 685 33 114 16 3 2059 13 14823 3 9350 9419 4114 61279 19 3 23438 9419 11856 61279 4 9575 2464 3 11455 4 35 9575 33 3 2854 489 17073 19 3 221 7 61652 10 678 6 9227 3 2854 109 8 19440 35 11856 4 18398 4 9575 33 3 2621 4859 4 47 5473 15 108 19393 53 3 1027 61279 4 3 498 61279 8 3 11455 5
79 17073 2621 4859 16 2118 24 3 221 7 16764 8 3 1027 61279 3457 5
659 3764 27708 544 232 6 3 49668 3012 4 23 16 1622 6 13655 3 6300 7 3 4863 4859 5
17 3012 13 383 26 1109 31 53 394 89 35 3 89 666 24 9 313 2331 6 1970 9 532 397 33 4 8 3 2007 89 8 380 89 4 47 4459 3 12634 7 89 13 3 2331 738 6 3773 22 3 5024 8 1970 3 532 397 5
208 3 313 2331 8144 103 3 353 89 153 28 36 2024 5
17 25927 27 45 12010 95 13 3 3457 6677 16 59 9 1513 5
145 16 106 23 16 1622 14 3 2367 6 26 5870 6 3 9796 9419 7 3 49894 5
17 317 558 6 3 9796 9419 36 26 53 25927 4 353 89 4 194 89 8 394 89 5
17 13652 7 3 2770 12510 6 3 17509 7 3 3151 148 23791 36 26 115 10 3 216 4230 21 19 3 1321 2921 992 35 685 33 4 10472 9 84 2621 4859 5
7219 4 9 84 3457 4859 36 26 4939 5
66 36 26 226 49668 3457 4 8 23 12551 3 1321 220 234324 3457 10 3 2621 4859 5
81 678 6 3434 3 3770 89 22 3 532 397 4 23 16 1622 6 159 76 1250 3 904 147 89 1513 13 9 313 2331 6655 10 4132 25 57 532 397 6 184 5
17 84 4859 4939 16 53 35 409 33 114 122019 16 3 12609 89 6 3773 6 532 397 4114 2288 3 394 89 4 445535 3 353 89 4 3 3457 148 23791 4114 8 72539 5
12502 3 2621 4859 36 26 53 35 697 33 35 800 33 114 8 31 2118 94425 5
17 871 7 16 197 6 249 24 4768 4 8 3 2770 7 31 197 148 500 8 575 4 9575 16 3 498 11455 5
331035 1356 14937 1362 3082 16401 4 6517 16 3 221 7 532 266 4 16 3 3457 148 67 266 4114 8 72539 4 11572 72539 7 3 61279 19 110 3 394 89 14 3 532 397 72539 4 8 89320 110 3 2157 89 7 3 61279 17 231 7 3 84 3457 2228 3 23791 6 26 19730 19 40 4338 92 3 49668 3012 27 34 45 943 5
527 4 46 5018 340 34 3489 13 3 284 71 2769 9 7716 2104 5
17 2854 489 5473 15 3 221 7 16764 4 21 71 26 381 10 3 508 14392 53 35 630 33 17 23791 30110 4859 16 3 2838 5
3879 2337 1109 9 272 2621 23348 4 3 17509 13613 2498 3 8668 23791 5
29701 3 2621 23348 4 3 221 7 23791 1768 17094 4 285 100 3 1027 61279 16 1768 5
17 650 10761 65 57 7 3 508 912 16 6383 53 87 16 97 57 61279 2442 19 290 532 397 4 49 3 3235 5447 89 805 18 1049 276 441 3455 9 1332 2104 5
81 3 4991 267 4 3 266 31 5764 10 678 8 31 2442 6 3 8668 61279 5
659 2258 3 19547 2515 4 3 4114 61279 16 2442 19 3 4114 1635 249 61279 4 25 4114 3082 249 4 341 4 4 6517 4 4017 70 3 23791 83735 5
5583 4 3 678 7 3 4949 16 24637 8 3 678 7 3 23791 16 9703 10 267 43 112 34 772 3 4939 89 20587 5
35 947 33 114 16 3 5577 89 3455 25 4 47 71 27 67 2770 53 6494 92 87 16 9 767 342 49 470 1127 35 9424 33 92 23 383 3030 9 3201 5
36 27 470 1127 35 9424 10024 9424 33 4 114 10 189 745 9424 31 3 532 266 5
17 49668 470 7 18976 35 33 36 26 12911 4 2852 496 3 12634 6494 35 115998 35 1635 33 33 5
81 678 6 8612 3 41748 2204 284 1273 10 8941 459 4 9 267 542 10 9 521 5662 18 1589 6 581 313 10 32 1784 1566 10 3 59528 11348 71622 642 7 1598 5
81 46 5662 4 23 16 1622 6 3434 4246 4949 10 678 6 3489 313 4 907 154 3 263 5
1258 18 1252 24 770 7 313 3762 13 1332 17087 4949 8 1970 3 927 7 3 1566 5
527 4 3 4949 42 17087 8 104 7 3 400 42 34 1681 24 3 313 3762 5
81 678 6 3764 192 544 4 9 284 18 1589 6 3855 7039 4949 8 10124 4 8 1377 3 6362 7 3 4246 5
7219 4 3 1273 2104 20178 1401 13344 13 71 5998 4112 1087 692 65 3 313 3762 31 34 558 5
145 2124 6274 32 946 7 32 5577 7 3 284 4 47 3880 6 14076 3 2020 8 6362 7 358 4 21 166 21 3 317 1595 6 313 3762 15 40 1401 2438 5
23620 3648 42 220 6 1800 3 267 542 4 150 10534 1219 1443 6 532 3 4246 13344 5
17 2673 14 3 1401 2438 18 6227 538 93187 4 44 23 71 26 2093 2262 6 83 1219 1443 5
10188 18 3112 106 7 50 1654 5615 6 11032 3 4246 2033 496 1806 3531 8 2333 5
17 1246 9013 4926 18 220 6 3001 3 4246 10711 4 1691 26653 4219 7453 8 32 1369 9384 6 2155 10711 5
7219 4 3 1246 864 18 220 6 3009 3 10570 10 93187 2438 5
17 49500 20345 18 220 6 5507 3 3323 2106 7067 5
17 5662 18 2870 19 836 313 3762 8 67 1401 13344 5
17 1401 13344 31 220 10 692 7 841 26606 8 1871 10534 532 5
187 42 3128 10124 10 676 5
17 650 2899 19 3 2020 7 4949 8 3 10808 14 290 313 2331 5
238 71 26 381 10 98586 98524 4 8 8862 4 313 2331 249 7121 9 3035 4623 30 897 2515 5
17 2331 71 196 9 4434 19 3 6234 2515 8 3 10124 13 236 6 26 2448 4 8 3 3511 49668 3012 5
1655 3 397 7 1069 7 3 2331 4 3 2515 16 9935 7 9 507 7 4290 13 236 6 26 1681 5
35 9 33 98023 2515 8 35 8862 33 858 7 9217 8 40 12510 98586 249 5
35 9 33 98023 2515 8 35 8862 33 858 7 9217 8 40 12510 49668 12453 5
238 1595 10 98586 4 480 3 313 2331 25903 9 9217 4 28 2527 3 10570 49 9410 558 15 30 1401 2354 6 8468 3 284 52 30 1945 5
98586 119439 842 3 1712 3467 24 3 313 2331 6 5548 3 10124 5
98586 78843 842 32 946 7 9 3323 9015 54 2684 3 1970 397 8029 10 98586 98524 5
2491 3 3323 29 45 19593 4 3 1258 4318 2204 52828 3 2942 2809 10 3 3323 8 46 317 16 691 6 3 6239 14471 5
238 1595 10 98586 272915 4 3 317 1595 6 3 313 2331 9286 7 3 610 7 3 532 397 671 19 3 27320 7 3 9217 5
17 67940 14471 71 153 1970 3 1799 7 3 5577 7 3 358 35 4949 33 8 132 1866 14031 5
208 87 16 9 2800 49 32 1103 4 3 67940 14471 71 3030 32 6062 21072 1330 7 3 6234 8090 5
35 9 33 39937 7 3 5479 7787 4 35 8862 33 946 7 15854 7 9 98586 341 5
35 9 33 39937 7 3 5479 7787 4 35 8862 33 946 7 15854 7 9 9217 4 8 35 8258 33 317 3455 25 3 9217 5
187 31 9 221 7 7400 13 3 746 3762 31 2051 6 909 463 6 9 2726 7 1809 133 21 9 4330 2451 4 799 13108 4 1778 692 4 4703 5
5955 13344 42 3475 220 6 11689 137 192 841 7400 5
17 1401 10051 1506 3467 10 46 542 6 1626 61 46 4859 16 3 21912 45687 22 5
145 1506 1388 32 2794 10292 1416 1712 4 47 2228 14 3 2177 7 13016 3309 5447 4 10 1243 6 239249 3063 4 10855 4 367572 4 8 83 16001 7410 5
17 45687 22 4263 55 6 108 2165 219369 7694 4 8 15486 583 850 8 583 6998 22209 1065 8681 25 409 35979 6 700 15441 10 4385 5
17 45687 22 2106 1509 21223 8 50 179 146259 8667 71 1018 7434 7 131463 15441 147 169 8 1626 9 24392 7 55 6 403 18468 5
17 45687 22 18 3353 19 32 9139 317624 2741 284 8 9 1150 8 6050 1560 13 6203 23 6 3968 317 25 3 1566 5
17 689 4859 7 3 1401 13344 16 6 11689 24 508 3 2515 1273 24 3 67940 14471 5
631 3 10051 16 1324 23 71 3968 2233 8 3554 25 3 892 5
17 3455 317 36 26 10637 24 32 2516 6 2258 289 120 23949 10 3 1566 6848 5
17 161 2124 6274 3 522 8 7951 3455 54 441 2870 3 1273 284 10 523 11952 5
20498 341 5
51114 400 14 3 523 284 7410 5
173645 302 306 716 575 1054 16347 1127 35 249 33 6117 249 249 6117 249 249 6117 249 249 6117 249 249 6117 249 249 1127 35 249 33 24124 36747 29675 36747 30096 36747 32600 36747 29675 36747 12231 1127 35 9424 33 35627 66835 33151 66835 41160 66835 24946 66835 34052 66835 1127 35 15441 33 192840 28107 177066 28107 476425 28544 301195 28544 229927 28544 1127 35 15441 10024 15441 33 69246 6909 137281 25343 164662 25343 164662 158270 171722 158270 190901 20498 459 5
13224 979 24 9 313 2331 163 183 89 3012 5
5
44777 49239 79681 5
6305 89 459762 5
6494 35 33 22637 6494 6494 268946 6494 302 35 33 575 22637 34289 529039 183 985 35 33 2592 48027 166972 183 889 35 33 575 164561 8945 183 1173 35 33 1227 490125 4728 302 1403 35 33 575 139499 577 119318 183 306 35 33 4728 108125 2536 542889 183 708 35 33 4937 23100 302 2131 35 33 302 306 2511 35 33 3992 193695 421239 716 1078 35 33 575 418299 302 1596 35 33 4452 183 2919 35 33 302 302 2918 35 33 575 330366 532914 306 3128 35 33 575 302 2592 35 33 306 422302 183 2723 35 33 14292 503906 302 1227 35 33 7335 302 1239 35 33 4765 183 1135 35 33 31125 508564 183 116989 13224 7154 25 20498 459 98586 459 5
13224 7154 25 20498 459 5
17 284 2209 10 46 1381 18 6227 8 2870 10 9345 8 3275 11952 8 163 521 89 3012 5
17 1665 848 1678 29182 19 11264 38060 7 3 532 266 8 9 3601 221 7 313 3762 5
145 805 286 6 6786 3 3074 7 290 7 3 27964 8 6 2882 3 5577 89 5
20498 341 842 3 522 3455 14 3 523 38060 4 19 3 267 2900 1574 6 575 358 5
3194 7 3 523 7410 18 5913 11226 400 19 3 508 522 53 114 9424 16 3 221 7 3893 10 3 628 1084 4 15441 16 3 221 7 532 266 5
766 7 3 400 31 392 10 143296 4 2936 14 138 10 3 4 47 31 53930 5
81 9 74 1092 4 3 1315 7 3 11933 8524 1506 3677 10 3 28969 4141 7 352700 18 5291 5
17 1506 18 6227 137 11933 8524 439493 5
20498 459 2464 3 358 1155 24 3 32542 992 54 3 10124 39 45 3868 5
20498 459 1929 9 6652 7 9 5907 4246 2515 14 9 313 2331 5
66 59 16502 3 532 397 35 51542 33 6 598 4 3 2737 7 3 532 397 35 25927 33 4 3 3457 148 3 498 8 3 161 532 397 4 3 12609 89 25 3 2007 532 397 4 3 353 89 35 4207 33 4 47 2464 3 8104 89 6 1970 3 532 397 35 11771 4 3 532 397 71 9575 26 5291 2543 6 46 89 33 4 3 194 89 35 9085 33 4 47 2464 3 3235 89 805 14 3 3770 4 8 1435 3 394 89 35 24260 33 5
17 4768 4416 2123 16 11824 7 347 7 3 418 2435 4 95168 35 503 115843 33 5
659 21095 3 522 4 80 2203 13 3 1952 22 47 3 3762 398 16 249 5
17 380 3457 3455 16 116989 185780 17 665 3455 24 2543 6 7623 18 185780 98586 459 1708 9 45268 8593 7 3 2515 7154 24 5
273 70 7 3 1665 2828 4 3 521 89 2204 18 3682 7 1913 9 342 496 3 3312 6234 14 3 2485 5
145 89 31093 496 9 1079 7 2770 13 848 3 3033 89 1272 6 12730 3 352700 31660 4 10 47 3 4859 16 34 5913 4 8 9 871 1370 58 3 3235 5577 89 1252 24 3 5
48398 400 31 33142 106 3 5577 89 51 26 1370 58 3 3511 89 3012 5
66 16 537 6 2258 3 221 7 313 3762 666 6 1311 32 1519 352 19 4949 95 13 746 1714 31 30512 5
81 1243 4 3 284 1708 3 12521 19 4279 317 6 4112 3 1715 4 8 6 7367 3512 10 3 4246 4949 5998 8 10 521 89 5
17 284 2209 10 46 542 71 26 2093 9888 6 83 5835 7 571 8 83 11952 19 825 10777 5
81 46 152 4 80 494 13 129 1217 71 26 177 4116 10 1784 8 2484 11952 4 114 13797 162 7511 8 41562 8090 31 1568 2193 14 3096 3 773 7 3 1308 284 5
145 1217 142 26 9 177 3206 2673 14 10711 114 6062 21072 1330 16 1272 8 49668 12453 4 133 21 13370 1443 4 166778 5380 49 4731 2508 4 31 3511 5
214 16 129 161 1236 5