81 46 1381 9 1506 543 15 1193 11457 16 1273 10 678 6 3617 3 6942 7 746 1714 35 315 8 303 33 10 1897 8 718 21 9 432 7 2835 200 21 166 21 3 14130 7 40 3014 5
622 19816 8 9 20260 5018 538 3 49474 17953 30865 27708 31660 31 962 8 220 14 3 6013 7 3 1273 1506 19393 5
17 2209 1506 16 3677 6 108 267 2062 109 3183 4 5176 8 45801 51526 17 8958 7 3 3455 522 16 1091 137 4631 19 2755 628 5
81 1243 4 3 1506 71 59 26 220 6 10366 1877 426 4695 5
66 16 12859 13 3 5805 3014 16 14448 17073 4 125 10 3 73 85 4 303 1194 6 23997 315 10 3 857 7 1897 8 718 5
17 37582 8 11249 1175 7 3 1506 71 26 220 21 32 2422 4321 4462 14 421 8 534 3891 5
81 3 73 1208 4 32 140287 6942 7 3531 16 6453 5
32077 31 7542 84 8 3665 2571 3186 8 7998 35 2567 323 3116 33 7063 5
66 16 9 1029 3944 13 3 1531 10 1897 8 718 16 1618 32 9008 7 292 561 4 1923 11567 8 855 726 5
527 4 9 2662 148 3 2567 323 3116 6942 8 3 33511 726 16 1272 5
17 689 1026 488 6 3189 10 3 3014 148 192 1715 16 3 746 1714 7 3 2190 857 35 58618 4 18409 4 323 48511 4 2076 109 4 590 33 5
79 5462 19 11143 2854 35 3353 2531 33 866 6 26 3 629 10914 14 3 6192 7 3 4430 2567 323 3116 893 21 166 21 3 726 8 44040 7 2505 5
10087 4 87 29 45 32 853 1164 14 44895 8 11427 777 7 746 1714 10 1897 8 718 35 58618 4 3454 4 323 48511 4 2560 109 4 3258 4 323 397824 1376 6446 95688 4 2076 33 5
40013 317 3136 2567 323 3116 746 1714 16 7 485 3238 8 272 518 14 307 523 1162 25 386 4 98 8 173 1031 6 9838 5
931 628 31 4116 10 9409 3 498 1799 8 3726 5462 2106 6942 5
4733 518 29 59 45 747 14 3 777 7 5805 3014 10 1897 8 718 5
238 962 10 3 508 2124 4 307 2062 27 45 2173 3136 3 28988 10 932 3 7512 7 3 67 43406 10 3 857 7 2567 323 3116 5
66 29 45 1595 13 742 3 3272 148 9094 8 10852 31 11992 10 2299 3955 4 87 31 3081 25229 10 1737 1193 19 9094 30212 10852 5
1113 746 1714 10 1897 8 718 35 33 31 2422 964 4 40 542 18 11828 14 307 85 10 601 8 726 35 1883 323 2482 33 1547 16676 4 2172 3847 9 1292 7 14324 12251 3682 14 10 5719 5448 426 5479 7 543 667 5
66 29 153 343 7587 13 48 900 144 26 115 6 5439 8 650 628 14426 2505 5
145 21938 71 26 31953 24 3 3184 1190 2247 24 3 11752 8 3 402 1120 5
67794 6 46 650 18 3 19638 10167 1273 8 1589 24 3 1698 14 292 10345 8 726 10 3401 35 4 4 323 41843 4 3401 33 5
19638 32081 20178 3 282 389 8 395 1407 21 9 665 7 9 1773 6291 486 19 3 231 7 3 689 2029 395 52950 5
81 644 4 23 1708 9 6684 14 5447 628 4 2414 4695 8 2930 20455 507 14 2161 1481 7412 10 3 110474 7 628 8 3 231 7 9224 5
81 46 162 8 10 8101 6 3 1045 7 767 2062 13 31 1574 6 17281 12262 8 1877 746 1714 10 1897 8 718 21 9 1081 49 3 6942 7 290 5805 8118 4 3 6942 7 1193 728 10 2567 323 3116 21 166 21 5805 16764 31 18213 4 4729 8 36680 538 3 13991 3695 7 1193 11457 8 14130 5
81 3856 4 3 1273 1506 16 543 15 1506 6293 3 1223 148 2502 35 311673 4 18691 4 323 7323 4 502 109 2208 4 359 33 5
1506 16 9 1940 220 1506 907 10 11457 5
527 4 23 29 59 45 3677 10 307 83 692 4 10310 11457 4 1691 7608 2082 7 3 14130 163 5139 35 4 280 109 1604 4 1604 4 323 4367 4 744 109 51023 323 9048 4 274 33 5
79 3848 946 16 7986 200 114 3 1506 16 220 6 5518 3721 2651 3074 200 432 35 2552 4 1604 4 323 55642 4 502 109 6924 323 4 1278 109 4 90791 4 4 323 4 2560 33 5
17 522 3455 24 3 1506 71 26 8579 6 83 277 220 4538 1691 9 4631 4249 11047 40 522 5
17 1273 1506 18 3677 10 3 267 7 67 402 378 109 3183 8 5176 21 166 21 10 3 267 7 45801 1173 5
66 18 1595 13 3 1506 1929 177 206 223753 7 3 11245 628 1691 22 3 216 89 32 5050 11249 35 66 18 677 6 2755 628 7 2076 33 538 3 19393 3455 25 189 3 19816 8 20260 4309 5
17 522 661 13 10 3 267 7 3183 8 5176 4 746 1714 7 3 67 43406 10 2567 323 3116 21 9 432 7 2374 1193 36 595 6 474 10 3 508 85 23230 6 9 137214 5
349 3 83 881 746 1714 10 3 267 7 45801 1173 1556 9 17073 405935 3074 4 2285 463 6 3 4413 7 378 19 523 10777 4 557 369 6 9 137214 5
3589 773 7 3 1273 17592 51 665 10 9 46017 4413 5
349 3 57 881 4 23 51 581 32 2155 2376 8 9088 5018 7 628 21 166 21 7 3 11455 7 3 67 43406 10 46 352 5
349 3 83 881 4 23 51 1333 21 4321 4462 14 534 8 421 3891 3934 207 25 1908 8 3684 6647 928 7 2567 323 3116 2531 5
145 1381 16 4393 21 3177 5
332 74 9 6854 1165 16 2042 3136 5805 28988 10 5
1301 3 1273 1506 6293 3 1322 8 3 6942 7 3 67 43406 3136 746 1714 10 1897 8 718 16 2209 5
36743 3 2104 4644 7 3 197 7 3 108140 26914 42584 16 962 8 1056 31 392 14 3 19816 5018 14 3 6013 7 1506 225419 16 392 8 3 20260 5018 543 15 49474 17953 30865 27708 31660 5
17 7 3 108140 565 21 166 21 9 988 916 6363 14 3 6942 7 9094 8 10852 10 2567 323 3116 16 10978 3 508 100561 5
17 522 3455 24 3 2673 7 3 962 1506 486 19 3 67 12538 4309 31 1435 2209 8 2994 103 3 14615 2932 5
39501 15728 29 8779 121 3 4042 400 5
3405 42 34 694 10 747 2835 35 13935 4 4973 33 285 29793 5
3405 456 6 3789 10 2835 54 3 74 1784 4750 13 4209 9 485 236 14 22357 35 40334 4 1422 33 5
527 4 189 7998 35238 811 55 480 369 5805 15728 667 5
17 402 991 35 1158 33 121 50 5358 4212 192 5805 15728 667 8 3475 253 1959 1537 3628 613 148 315 8 303 5
7448 3 67 43406 27 34 483 3439 6 26 3628 6 290 83 8 23 16 9 644 13 303 31 149 4723 10 19618 8 287 747 599 5
39501 15728 18 13787 4400 24 298830 35 3728 33 8 117 48 1296 415 58 102 5
81 3 73 1208 23 18 5054 13 3 1806 15728 148 315 8 303 13 231 84 3531 8 31 4723 6 599 1547 6 1897 8 718 35 79022 5
12089 1547 6 16063 4 10320 4 3685 8 11457 33 18 34 97 463 6 5805 3272 44 59 463 6 731 3272 5
980 4108 4 315 8 303 148 3 3955 7 697 8 889 4 27 3 216 932 8 144 3475 432 3 216 2835 2322 44 10 2906 6 13 4 65 23 624 6 1737 68 315 23997 303 5
949 377 189 43406 4351 231 84 3531 4 2121 303 3476 6 542 10 3 857 7 1375 12089 5
332 46 397 4 23 144 26 1744 13 148 3 3955 7 605 8 4640 72 3 85 10 302700 87 29 45 32 474 7 68 1547 6 1897 10 84 3531 7 52 407 202 125 22 415 3955 46 474 18 141 1370 5
3405 418 10 1883 323 2482 1194 6 26 9 2976 10 47064 605 19 9 2156 7 97 1227 202 13 7684 6 47634 202 65 3136 3 857 7 718 8 1375 12089 10 614 35 402 1120 4 274 33 5
2382 454 15826 303 2106 33192 10 2835 72 315 23 51 26 964 6 7673 3 1043 746 1714 10 1897 8 718 35 33 5
1210 6 30537 53 145 9008 1929 3 2156 7 3 676 2835 674 10 3 731 182 4 13 16 6401 21 4 79022 5
441 883 3639 1681 32 932 22 3 296 32 2567 857 7 542 49 16 4723 10 32 7512 114 133 32 932 16 3615 1272 5
238 1595 10 98586 249 4 29 67 5937 109 57 9286 7 3 68 37 162 10 3547 1547 6 84 3531 276 441 9 4279 4819 3519 8 3 83 7 3 68 37 162 10 1547 3547 276 62331 932 10 3 2190 857 5
17 939 31 68 13 27 4400 3547 1547 6 1897 8 718 8 162 10 1547 667 35 12283 32330 4 3401 33 5
59836 7 98586 249 5
59836 7 5
81 767 85 4 87 16 32 853 518 7 1854 14 62331 932 5
145 71 59 26 2436 24 30537 11245 628 1571 13 10 3 73 67 1208 48 303 27 7972 62331 932 5
81 359 4 46405 202 7 303 2277 25 409 6 4640 817 9 2463 4 125 3 12510 2156 7 315 16 43510 202 5
527 3 2156 7 303 6098 3 857 7 1375 12089 16 287 58 13 7 315 5
7448 25 590 4 303 1382 9 2463 1547 6 3 3547 7 2567 323 3116 31 48 58 315 5
81 2906 3 2156 7 418 303 16 287 58 13 7 418 315 8 10 1243 40 599 31 287 747 5
66 16 2794 13 10 47064 1173 4 1814 202 7 14447 5879 31 303 8 3356 202 7 47 16 1547 6 3 857 7 1375 12089 5
10526 97 306 202 7 1032 10 260 15978 2371 10 334 1470 8 2508 31 303 8 46 2156 16 1731 10 3 267 7 2567 323 3116 5
11079 4 303 112 34 705 814 7 315 97 10 15978 2371 10 334 1470 44 59 10 3998 8 601 3710 35 211226 4 4 323 4 274 33 5
66 16 9 1029 3944 13 3 857 7 1897 1857 16 1722 24 315 557 6 9 5805 3014 13 2742 1731 10 98590 2410 378 8 1370 10 1572 8 296 131 378 35 125233 4 138480 4 109728 4 323 4 744 109 43401 323 4 502 33 5
238 9 665 5805 15728 149 6848 5
145 71 26 1798 31953 24 3735 8 5203 3954 35 34739 33 4 32 2567 323 3116 1031 114 303 31 399 163 3380 35 29447 4 1278 109 452119 4 1422 109 225822 4 2180 4 323 55473 4 502 33 5
187 6848 9 2383 103593 1547 6 46 5805 3014 10 272 14478 417 2371 5
66 16 9 644 13 1375 12089 8 40 542 4 5826 333 315 58 303 35 4 744 109 117732 4 1422 33 5
527 57 144 1165 133 251758 10 678 6 2705 3 1809 524 315 24841 10 2835 2239 8 10 15978 2371 4108 5
187 4447 307 15041 8 34130 42211 13 15564 5805 9415 10 24923 35 61497 323 4 3578 109 9465 323 16144 4 3728 33 5
966 12680 15 307 2210 133 21 855 8 8466 2193 4 6249 10777 4 855 1639 4 19670 4199 4 4819 8 1832 4073 5
81 4164 4 77956 684 13 15978 2371 236 6013 4 24359 10 565 12538 4 19816 8 12643 152 7 1862 8 110 88880 65 1538 9 565 4 2172 3847 9 197 7 10777 3691 170 10 303 5
349 3 83 881 4 3 4819 284 250 59 26 1479 14 34 1533 303 10 40 1832 6942 121 43 31 1804 7196 58 315 35 69866 4 4540 109 101425 4 5108 33 5
9049 3 19019 1761 7 104 1044 8 2508 16 9098 6 2539 516 1639 8 3475 315 3130 34 6 1958 303 8 1335 10 40 152 14 568 4058 7 3 14478 35 29801 323 2624 4 280 33 5
878 44 34 248 303 3383 8 3009 15 40 209 70 234 2768 4 2406 91 6 1528 2872 10 792 3136 2835 8 46 754 83 68 6 737 69554 10 91 35 323 4 2076 33 5
1210 6 1193 11457 4 8398 3 561 49 1430 7 3 1193 7 9 392 2502 71 26 3439 24 3 489 7 50 337 22652 6 50 498 1646 5
17 22340 1217 14359 3612 7 120 4666 35 4114 3082 249 33 8 18 392 10 26353 8 375353 35 274 33 53 35 249 33 114 348130 35 9575 33 16 3 1646 7 3 392 2502 1193 22 89 9575 4 4599 24880 16 226 3 31389 561 489 8 6274 3 561 489 10 3612 7 120 7568 2193 8 11856 16 3 4416 4787 13 16 3985 483 34 8641 24 875 6482 1204 1298 46 871 5
39042 11856 16 1618 3876 6 21 3 38230 653 49 3 1923 1770 2168 7 3 392 2502 5
81 1069 7 4907 48 58 57 2502 13 40875 10 3 216 988 1566 57 51 1100 91 6 12248 19 290 83 10 117 1225 5
14689 65 48 58 57 2502 40875 43 31 230 6 2945 14 3 216 1714 8 40 1193 14130 16 1768 5
214 16 6 140 290 2502 36 60667 15 3 558 1714 7 3 83 2502 5818 40 561 489 8 38230 1193 8 1797 22206 5
527 4 65 2016 9 48 2190 267 7 67 2502 27319 19 290 83 4 108 3351 7 11455 71 26 4939 35 59818 4 1278 33 53 35 4114 33 3 561 489 7 57 1193 16 17073 125 13 7 3 83 57 16 1723 80965 9 983 5
35 25547 33 3 561 489 7 290 1193 16 17073 4 1571 13 3 6482 31 10 1223 5
35 31883 33 290 1193 2106 561 489 16 6804 4 8409 3 267 47 16 226 113680 49 81874 5
81 3 1379 162 4 746 1714 10 1897 8 718 35 33 21 9 432 7 3 9028 2374 1193 10 3 731 182 31 3112 14 129 542 182 5
980 4108 3 9008 3112 6274 9 2156 7 3 676 2835 674 10 3 731 182 4 13 16 6401 21 4 232 6 3 6300 392 10 3 767 2124 5
1354 303 8 315 31 4400 8118 110 4357 21 67 7207 2502 4135 14 4397 8 561 5
349 3 83 881 4 57 250 1384 3 5462 7 303 8 315 10 21 67 2502 13 12248 19 290 83 6 3 1653 7 70 5
145 16 3 267 7 113680 49 81874 8 189 7 192 2502 345 9 2409 604 10 4711 49 141 5714 40 1193 5
949 377 3 3238 7 46 843 7 1193 11455 16 4351 533 6 13 7 1223 8 11190 19374 16764 4 113680 49 81874 27 34 483 45 1940 4400 35 2208 4 359 33 5
17 22340 113680 1506 14 2502 8 16 3267 6 3 8176 1506 2209 10 35 249 33 14 4114 3082 249 4 341 5
81 46 1506 70 91755 31 1432 8 121 8 31 59 1432 8 4 51 1122 1995 5
527 4 48 7025 2520 144 22 248 240 9 5730 1497 6 189 2502 8 27 90 1432 4024 164 5
12502 9 48 5238 946 16 2994 10 519 35 7487 33 13 522 10 3 508 197 7 42584 53 35 341 33 81 35 341 33 225419 8 3001 3 561 225419 7 3 12510 6482 112657 8 161917 5
225419 8 1415 3 11455 125 8 1415 142989 11455 5
81 678 6 1506 3 6942 7 3 221 7 303 8 315 10 1897 8 718 21 9 432 7 3 2835 674 4 57 144 4855 3 284 7 26914 42584 1595 10 35 341 33 5
527 4 3 74 1092 1537 46 650 16 6 2882 3 4000 225419 538 2755 11245 628 5
289139 7 1506 225419 81 3 508 199158 4 67 4309 4 32 19816 8 9 20260 5018 4 31 962 5
1354 4309 31 543 15 3 156894 7 32 6905 4859 5
79 616 1273 27708 31660 4 49474 17953 30865 4 16 220 10 3 267 7 3 20260 5018 5
65517 5018 17 19816 5018 35 4 4 41811 4 323 153936 4 274 33 2899 19 89 6582 7 14392 10 35 341 33 5
145 28792 3 284 7 26914 42584 76 3 508 916 53 35 459 33 114 1356 6494 4 9575 1362 5
6832 3 996 8586 4 3 37582 7 3 225419 71 26 1804 8610 25 13 7 5
16816 4 225419 4 8 8 225419 4 8 36 26 12354 25 3 74 8 3 169 14392 7 35 459 33 3995 486 19 3 231 7 2755 628 5
66 144 26 1744 13 3 10 35 459 33 36 26 2429 1221 538 3 148389 5018 5
273 946 4 3 296 13138 7 3 74 14392 10 35 459 33 22 3 211736 89 6205 71 26 1465 21 53 35 503 33 66 144 26 1744 13 22 243785 3082 6494 4 215603 3082 6494 14 4114 3082 162236 4 4 708 5
6832 3 26920 100410 7 3 215603 10 290 89 3099 9575 1356 6494 4 99460 1362 4 114 6517 16 3 221 7 2755 628 4 9 284 7 6517 27728 42584 14 290 14392 10 35 459 33 16 10978 5
81 3 267 7 3 74 14392 10 35 459 33 4 3 3455 284 16 53 35 500 33 81 83 1299 57 71 4753 13 112657 35 122019 33 4 4114 3082 162236 4 4 6517 16 3 2755 628 125 35 708 33 16 32 37582 7 112657 35 122019 33 5
16816 4 10 678 6 2258 3 225419 4 3 1153 26327 3768 35 6905 4859 33 148 3 628 8 3 100410 144 26 42726 5
35 700 33 17 225419 14 47 3 155737 16 42726 71 26 170 24 1994 3 12510 7553 7592 3628 6 4568 5
145 2697 6 3 508 284 7 27728 42584 5
35 704 33 8616 4 3 225419 7 3 74 14392 7 35 341 33 3628 6 3 2665 2104 7 35 704 33 392 24 53 35 782 33 17 225419 7 3 169 14392 7 35 341 33 71 26 10978 508 9 825 6 3 996 4644 5
73239 5018 81 678 6 2882 1506 2106 225419 137 20260 4 9 616 1273 27708 31660 4 49474 17953 30865 27708 4 16 6227 10 415722 5
145 843 7 31660 16 3677 7412 6 12042 3 6905 4859 4939 21 3 1153 26327 5464 35 446326 35 700 33 33 148 3 6453 35 2755 628 33 8 3 1221 2770 392 24 35 708 33 5
17 49474 17953 30865 31660 35 2616 33 18 1273 24 35 744 33 21 32 27708 5018 7 276067 11065 6905 7410 5
2616 31660 9317 6 3 3528 234 7 23763 27708 27964 5
931 31 543 15 23763 1442 13 2520 3 5961 3074 7 222702 27319 39740 5
87967 284 4 18982 23763 4 12690 7 3814 8 34148 11521 31 90 6200 7 23763 27708 4309 35 323 4 280 33 5
66 29 45 1595 13 2616 773 16 5870 6 83 90693 4309 35 15829 4 4540 109 323 4 280 33 5
10526 4 2616 597 853 1164 10 3 73 85 8 29 45 220 10 307 544 35 12661 4 4 4 323 54559 4 2076 109 128279 4 12825 4 323 14721 4 2076 33 463 6 50 1906 8 3279 7 7254 21 166 21 50 1842 221 7 532 19393 5
527 4 3 603 1653 7 2616 31660 16 50 15 3 2007 2770 7 3 5422 23394 5
81 644 4 2616 31660 13863 3 37138 1315 7 52236 8 40 31439 180 3 30450 5
17 11455 148 108 3351 7 12940 53 4723 4 59304 8 19191 522 10 3 5961 1442 7 3 11521 5
145 11455 16 2209 24 3 114499 2997 7 12940 154 514 42348 5
66 144 26 4436 13 4723 18843 16 9 18843 1001 42348 9 514 1351 109 59304 18843 16 3752 10 3 30450 10 678 6 1865 9 1351 514 125 19191 12940 31 138 13 14027 1046 14 84 514 1543 5
17 2506 3455 24 3 2616 31660 31 48779 6 514 1543 125 3 5188 7 3 2104 16 962 24 3 1058 7 43326 7 3 4729 514 1351 5
17 11455 7 12940 19 514 1543 8 3 3975 7 317 52 3 2586 8 3457 6 14785 7 10577 8 43326 1058 137 114499 2997 321 6 3 282 2104 5
2616 31660 16 32 140746 650 13 2818 108 19393 24 3 4650 53 35 9 33 221 7 514 1543 35 2506 33 4 35 8862 33 221 7 61652 35 181143 33 8 35 8258 33 221 7 12104 103 9 4599 2104 35 19 93 3070 33 16 2445 24 9 84 57 4 14027 3467 24 3 19191 12940 5
17 221 7 4723 8 59304 12940 31 197 3628 6 3 221 7 2506 13 16 32 4723 18843 42540 14 329 514 1351 5
17 2007 2506 35 154 3 74 1092 7 2616 33 31 14027 3467 21 3177 53 35 183 33 114 8 16 3 3033 8 3235 871 7 15209 72539 8 16 9 30985 5146 6951 221 10 3 1079 7 1356 6494 4 249 1362 5
17 4723 12940 31 691 6 3 2007 1543 4 8612 40 5188 7410 8 153 462 6 40 30450 10 678 6 8468 3 12940 1767 15 3 2997 352 52 3 1058 7 43326 7 3 5422 1543 5
332 3 161 1092 4 3 4723 12940 462 6 3 73 424 1543 8 3476 9 84 1351 10 46 2621 5
35 407 33 114 16 3 498 827 35 1351 33 7 3 4723 18843 8 16 9 30985 5146 6951 221 10 3 1079 7 1356 4 249 1362 5
66 144 26 1744 13 3 44398 25 3 498 827 17094 21 3 1884 148 8 17094 5
16816 4 3 1092 285572 17094 21 3 31660 137325 5
435 3 3394 7 3 84 827 4 50 5188 4859 144 26 12354 8 677 137 9 14203 3394 7787 5
17 498 827 144 26 2445 24 3 84 57 10 3 267 13 50 5188 4859 16 1731 58 13 7 3 84 1351 5
622 59304 18843 29408 9 514 1351 94604 24 17444 50 13300 53 35 403 33 114 102545 16 3 5188 4859 7 1351 4114 13 16 3 43326 317 2816 24 3 4723 12940 5
66 16 7587 13 3 1351 19 3 1391 5188 4859 29 9 2185 13300 6 26 3467 5
11649 6 3 4723 12940 4 3 18725 3855 9 84 1351 538 35 407 33 47 16 1435 3467 92 50 1058 7 43326 16 568 49 3628 58 13 7 3 498 1351 5
208 9 1351 71 34 26 454 2069 10 9 42346 221 7 12104 4 23 16 3561 8 2445 19 9 84 57 1601 24 22374 137 35 183 33 5
66 144 26 1744 13 22 104 57 19191 6950 14 84 514 1351 22 290 4165 7 3 2616 31660 5
17 2370 2616 31660 16 1595 10 98586 341 125 50 689 1959 31 43628 10 3 508 858 53 249 5
100766 3 6905 8 5188 7410 7 3 565 5
504204 532 19393 5
467068 514 1543 6 3 4723 12940 5
6673 3 59304 12940 15 3 514 1543 232 6 3 1058 7 40 43326 5
118 514 1543 31 4729 24 22374 5
436369 3 282 1351 95 300 5
320618 3 650 8 240 3 282 1351 92 3 5964 6680 31 6383 109 2631 462 6 1092 459 5
17 2616 31660 689 1092 2146 45546 98586 341 5
17 2616 31660 689 1092 2146 45546 5
5898 435 441 1221 3 225419 7 284 35 341 33 9 4644 383 26 3322 10 678 6 26136 9 27728 284 7 42584 35 26353 323 375353 4 274 33 5
81 678 6 112 95 4 3 74 1092 16 6 7673 9 3449 2104 14 284 35 341 33 47 71 26 29418 10 3 508 916 53 35 698 33 145 284 29 537 30445 266 35 2506 33 4 114 4114 16108 3 221 7 3 284 2106 42584 5
81 3 267 7 284 35 698 33 4 87 4447 503 537 2506 97 57 7 47 4286 310387 2770 14 19393 112657 8 161917 5
81 678 6 2705 192 2506 4 3 7592 7 3 29530 487 31 197 6 4568 8 3 1652 284 35 79022 5
3 42584 976 3 94595 33 16 10455 10 970 7 112657 8 161917 5
35 685 33 35 409 33 17 284 71 26 6740 6 50 5426 27728 284 65 3 2770 7 6482 112657 8 161917 31 408 6 46 2104 5
81 678 6 112 13 3 29530 487 7 3 284 35 341 33 16 3643 180 3 30445 397 24 50 105487 180 13 3601 397 5
35 697 33 999 6300 3475 35 697 33 71 26 25033 6 53 35 800 33 17 284 35 800 33 16 107 6740 76 3 508 27728 284 53 35 630 33 114 8 8 3 40056 4520 16 3 40056 7 3 284 22 3 30445 397 4 35 947 33 1210 6 110626 35 26353 323 375353 4 274 33 92 3 7 40056 4520 31 34 3628 6 4568 49 31 34 6835 19221 1051 4 153 3 60240 7 3 284 180 46 397 10779 3 216 152 21 3 60240 7 3 2442 27728 284 5
980 4108 92 3 31 2366 49 1812 19 2366 521 176 4 153 3 3601 397 16 9 8977 4 49 92 3 31 1432 49 1812 19 1432 521 176 4 153 3 3601 397 16 9 1351 397 8 92 3 31 521 1051 19 523 997 153 3 30445 397 16 9 23381 397 5
17 614 2104 7 3 284 35 630 33 16 53 35 302 33 114 4 267846 31 16084 91755 8 31 3 3893 7 3 10978 25 3 40056 4520 5
81 1243 4 121 3 284 163 777 16 32 2007 871 565 4 29555 7 192 2007 2770 6 446326 35 302 33 2228 3 13571 7 91755 8 267846 3979 10 3 380 2104 5
81 46 2124 3 1273 1506 16 3677 10 678 6 4301 3 5805 6942 8 3014 7 10 3 267 7 67 402 378 109 3183 8 5176 21 166 21 3 46676 1173 5
931 67 378 42 3112 21 40 1029 33511 10777 142 10792 3 122461 7 1029 49 825 7951 5
10526 573 2106 1173 522 142 581 32 9008 7 402 4695 10 9 177 4153 1031 5
108449 42 2828 15 887 628 6293 746 1714 10 1897 8 718 21 9 432 7 2835 674 5
901 2502 36 26 220 4 79022 5
315 8 303 4 10 70 745 5
17 3467 628 197 18 170 10 30537 2106 37354 25 1422 285 590 5
81 644 628 148 1422 8 280 31 220 14 3 37582 7 3 1506 225419 5
7337 7 3 73 64 16 25810 10 678 6 10158 3 1506 2106 1175 6 1877 426 4695 5
17 4888 31 2006 6 64547 3 1506 2106 11249 1175 65 48 628 36 26 558 5
1113 3 628 197 142 1194 6 3576 265 628 266 10 678 6 1657 5050 2082 189 3 2616 31660 8 3 19816 5018 816 17919 8 3817 272 773 5
17 8557 4644 16 201 6 26 962 10 3856 14 3 267 7 3183 125 14 5176 2106 8 573 2106 1173 745 97 3 380 522 31 201 6 26 2209 121 43 42 10978 19 1954 3 216 152 5
2843 1714 10 1897 8 718 21 9 432 7 3 9028 2374 1193 10 3 731 182 14 3 108 3112 745 31 1595 10 20498 249 5
17 74 4848 42540 6 3 64 163 5139 125 3 169 8 3 296 4 7 290 267 4 6 3 315 8 303 728 3995 5
20498 249 5
22827 628 7 315 8 303 10 1897 8 718 21 9 432 7 2835 674 35 1351 53 30537 33 5
2782 3183 5176 45801 1173 5196 3405 5196 3405 5196 3405 1422 42274 54519 29233 37906 58254 67673 1095 45707 62543 21797 41446 53308 55059 911 56574 58254 25029 48567 61264 59619 744 36286 40452 38964 33749 58545 3356 502 54557 69985 37906 44061 66946 2913 359 55011 59830 37906 36606 61084 62403 274 52106 47396 40943 1239 47396 63477 280 50198 57632 1004 40097 68926 76402 590 54800 67201 46405 1173 68926 73997 17 74 1092 1537 3 17241 16 3 7379 7 14392 2106 35 341 33 225419 4 4114 3082 249 4 341 8 72539 3082 6494 4 249 4 341 5
145 36 26 3439 19 3 2673 7 3 2616 31660 21 166 21 19 3 19816 5018 4 962 10 767 4 15 3 558 100402 5
17 225419 10978 538 3 25646 4309 31 12859 10 20498 341 5
20498 341 5
15060 225419 1601 538 3 2616 31660 8 3 19816 5018 5
85612 3183 5176 45801 1173 2616 65517 2616 65517 2616 65517 238 1595 10 20498 341 4 3 522 7 189 4309 12458 177 166 5
273 17635 4 3 2616 2106 225419 31 5892 6 26 3 1506 2106 225419 13 36 26 220 10 3 939 7 3 1381 5
66 144 26 1744 13 533 317 71 26 10978 3136 3 650 14130 25 225419 7 20498 341 5
273 946 4 10 3 267 7 3183 4 272 2770 7 8 321 6 3 4430 561 7 3 12510 43406 728 5
349 3 83 881 4 3 396 2770 7 3 939 225419 4459 799 8 142989 11455 713 5
145 71 26 6586 6 3746 6942 7 1897 8 718 3547 13 321 6 9 5515 1723 221 7 189 1845 619 8 84 599 10 46 352 72 3 73 1352 7138 3 1223 297 3634 8 216 5805 14 32 2567 323 3116 827 5
159307 3 12510 225419 10 446326 35 708 33 14 3 267 7 315 35 112657 33 8 10 9 825 14392 14 303 4 57 71 2093 8612 3 2082 7 3 2567 323 3116 728 5
81 194896 5
459 8 503 4 315 8 303 10 1897 8 718 21 9 432 7 2835 674 31 1595 3995 5
22827 628 31 12859 21 3349 517 125 1221 628 31 13075 10 20399 5
17 82478 85612 7 3 10104 148 1221 8 2755 2770 16108 6 9521 202 8 6709 202 14 315 8 303 3995 4 11260 3 272 8958 7 3 1081 650 5
289139 522 7 315 10 1897 8 718 21 9 432 7 2835 674 98586 459 5
289139 522 7 315 10 1897 8 718 21 9 432 7 2835 674 10 3183 5
289139 522 7 303 10 1897 8 718 21 9 432 7 2835 674 98586 503 5
289139 522 7 303 10 1897 8 718 21 9 432 7 2835 674 10 3183 5
66 16 5042 480 369 13 1506 2106 225419 42 12354 72 3 928 566 5
238 1595 10 194896 5
459 8 503 4 3 1221 2770 35 265643 8 229182 33 7 64 590 460 17914 19 3 2755 2770 35 54800 8 67201 20498 249 33 14 315 8 303 3995 995 9 74 7726 7 3 11249 1175 7 3 1273 1506 5
238 3915 10 3 767 2124 4 3 284 7 35 698 33 29 503 1568 266 4 65 3 7592 7 3 29530 487 3628 6 4568 5
527 4 22 3 108 7 3 179 30445 2506 87 16 22 248 57 53618 3628 6 4568 8 3847 43 383 26 4628 5
17 1652 310387 2104 10 3 267 7 3183 18 170 6 26 35 112657 4 161917 33 3082 35 4 33 5
17 7 40056 35 947 33 31 12354 22 3 7154 1568 397 10 678 6 3617 50 3241 5
145 2376 661 13 3 1568 397 16 3449 121 3 31 1812 19 2366 521 176 35 1568 397 16 9 8977 33 5
17 7154 14 46 267 31 35 4 33 3082 35 1635 4 115998 33 5
17 644 13 3 7154 1568 397 16 9 8977 6049 964 871 14 3 11249 2376 121 6482 112657 4 161917 7 315 8 303 10 1897 8 718 21 9 432 7 2835 674 36 1599 3769 6 3 2770 7 3 2104 5
145 16 7 485 3238 14 3 534 8 421 3891 10 678 6 3577 1746 40 1264 232 6 3 426 912 8 4695 7 3 857 7 1897 8 718 5
1210 6 110626 8 121 3 7 3 40056 35 947 33 31 34 4568 2305 6835 19221 4 3 60240 7 284 35 341 33 180 46 397 10779 3 216 152 21 3 60240 7 3 2442 27728 284 5
12502 3 284 16 460 27728 408 6 3 1568 397 5
435 1906 17315 59868 35 5
35 697 33 35 947 33 33 4 23 16 9802 6 26136 3 614 2104 35 302 33 14 3 267 7 3183 5
35 1004 33 114 2990 3082 112657 115998 8 7799 3082 161917 115998 8 8 267846 31 16084 91755 5
931 91755 71 26 7154 24 39548 3 2007 2770 7 2990 8 7799 35 22 9575 3082 6494 33 10 35 1004 33 5
12502 4 3 3979 380 2104 14 3 267 7 3183 16 53 35 985 33 2927 4 12859 10 98586 500 16 3 315 8 303 6942 72 89 4 543 15 3 284 962 24 35 985 33 5
81 678 6 26 48 2190 3 8586 7 2990 3082 112657 115998 8 7799 3082 161917 115998 10 35 985 33 16 7591 8 3 9168 1506 2082 13 3 432 54 85 7 315 7318 32 30445 7 52 1239 202 4 125 3 12510 1233 14 303 16 2429 2919 202 5
238 1595 10 98586 500 4 23 16 3081 13 3 432 7 303 36 1927 474 10 3 161 85 979 24 9 11992 1253 285 50 2655 21425 5
349 3 83 881 3 432 7 315 13875 32 19628 1537 3 36680 30445 397 5
52758 6942 8 11249 7 746 1714 10 1897 8 98586 500 5
52758 6942 8 11249 7 746 1714 10 1897 8 718 21 9 432 7 2835 674 10 3183 5
1210 6 3 16812 2376 14 3 267 7 3183 57 71 2093 26136 3 380 2104 14 3 267 7 5176 53 35 1135 33 1655 35 1135 33 23 16 72006 13 3 31 521 2366 557 6 9 8977 2104 35 112657 4 161917 33 3082 35 4 33 5
145 71 59 26 1091 24 98586 708 114 189 315 8 303 432 31 5515 1723 1537 40 30445 5
145 16 1049 369 54 85 5
52758 6942 8 11249 7 746 1714 10 1897 8 98586 708 5
52758 6942 8 11249 7 746 1714 10 1897 8 718 21 9 432 7 2835 674 10 5176 5
238 32 5039 7 3 596 6942 10 402 653 4 9 825 1506 29 45 9168 538 2755 628 14 3 1173 771 684 7 3 402 991 5
17 7154 225419 7 284 35 341 33 31 1595 10 3 73 11107 7 20498 341 5
21626 3 4644 7 46 284 3 508 380 2104 16 3455 53 35 889 33 17 14 45801 1173 42 7154 35 4 33 3082 35 1635 4 115998 33 7333 3 3241 7 3 10978 1568 397 35 112657 4 161917 33 3082 35 4 33 5
20994 6 767 522 3 432 2106 6942 13875 9 72661 97760 13 7952 6 3 1221 30445 397 5
145 142 26 6586 6 3 644 13 45801 1173 9286 7 9 197 7 378 21 11084 6 40 10777 5
17 962 3074 16 12859 10 98586 700 5
52758 6942 8 11249 7 746 1714 10 1897 8 98586 700 5
52758 6942 8 11249 7 746 1714 10 1897 8 718 21 9 432 7 2835 674 10 45801 1173 5
66 51 26 7 485 3238 6 1506 8 542 3 5805 3014 10 3 857 7 1897 8 718 5
32195 46 2586 3 728 144 26 6740 76 1050 915 7 315 35 33 8 303 35 33 10 2567 323 3116 5
145 71 26 3439 24 39915 315 8 303 728 19 3 12510 2374 1193 7 315 8 303 3995 35 1351 494236 33 5
66 144 26 1744 13 2374 1193 7 315 16 958 1370 58 13 7 303 10 267 7 3183 8 45801 1173 5
17 6942 7 3 5805 3014 71 26 4729 24 3 5385 7 3 508 5805 3014 1291 35 33 53 35 605 33 114 2464 3 5806 7 3 8 5
17 6942 7 3 5805 3014 7 3 108 25646 745 16 13075 10 98586 704 5
17 9415 10 3 745 7 3183 8 45801 1173 7902 9 4472 25 1422 8 95 15 8 2429 5199 22 590 5
66 16 2794 6 1963 13 54 590 303 23997 315 5
527 10 3 267 7 5176 4 3 19629 7 303 16 7587 10 70 85 163 5139 5
17 3455 522 71 26 454 3643 1281 2076 4 92 57 71 581 9 11249 14 2374 1193 5
39501 3014 10 1897 8 718 98586 704 5
39501 3014 10 1897 8 718 5
17 10978 522 31 34 2112 4179 121 16910 48 8 48 303 3025 6 1375 12089 12089 2957 19 718 5
332 3 216 89 4 2190 41554 27 2504 6 6197 2081 5
238 9 665 4 48 599 1547 6 1897 8 718 31 2278 24 303 5
527 4 104 7 91 816 10 3 798 8 1559 4058 7 3 14478 5
9559 265 303 4260 10 2958 3 3171 7054 8 3145 3 260 5
81 644 4 43 31 10334 477 6 1933 15134 599 13 112 34 9439 6 40 9496 4 125 104 7 138 37 128 15978 2371 2707 8 948 22 3 798 194 7 3 11530 5
145 10260 13 1144 9 485 293 7 162 840 6 26 617 10 13 352 35 323 4 2076 33 5
79 1506 6 4301 3 7392 6942 7 315 8 303 10 1897 8 718 21 9 432 7 2835 674 18 1273 10 46 162 5
17 1506 18 543 15 13991 24682 125 3 2104 7 3 962 284 7 26914 42584 18 10978 2151 32 19816 5018 8 9 20260 27708 5018 543 15 2616 31660 13 2436 6 26 4351 5050 5
17 522 3455 24 12538 3 2209 1506 10 108 745 4 3183 4 5176 8 45801 1173 1556 50 1175 6 6621 2882 8 1877 3 6942 7 189 21 166 21 3 5805 3014 5
622 30445 7 21 9 432 7 2835 674 18 2655 10 70 745 5
66 59 13075 32 11037 7 5805 3014 979 24 303 19629 10 3 161 85 5
66 144 26 5042 480 48 13 3 1273 1506 18 1254 276 120 2190 14446 10 678 6 159 76 1250 70 5066 7 16764 5
527 4 3 3979 396 2770 7 3 12510 225419 3817 2325 142989 8 16764 5
145 71 26 6586 6 3 5396 6942 7 1897 8 718 3547 557 6 9 5515 1723 221 7 189 1845 619 8 84 599 10 46 352 72 3 73 1352 5
12502 4 315 8 303 155 34 27 6 2945 496 49 148 91 14 32 2567 323 3116 827 4 3847 2790 3 12510 1557 713 5
66 144 26 45052 3915 13 46 16 9 177 2794 5890 973 454 601 8 777 5
355 3 2567 323 3116 1193 7318 9 4599 871 4 3 14130 7 3 1506 144 26 35084 5
214 16 6 140 4018 3 1506 19 3353 628 10 3 96734 13571 8 542 40 1951 72 3 1506 14130 5
17 1273 1506 2697 6 19816 10869 8259 454 18423 59868 35 171463 5
10113 6 83 2520 538 2567 323 3116 432 21 32 1216 12911 33 5
81 1243 23 71 26 3 1625 14 454 601 557 6 48 2410 2520 150 5435 137 160269 17241 5
2758 2520 71 26 220 6 17515 426 4695 8 14130 276 3 236 7 84 11129 18166 3353 628 5
17 1506 962 10 3 1379 21292 16 7 964 3238 10 2832 1330 7 928 8 7512 10 678 6 2384 9 4783 2567 323 3116 5462 6 772 426 738 5
1738 604 71 26 46017 6 883 270 8 2729 49 12019 537 426 1945 7 1751 4 173 1031 8 9838 5
39590 8 2832 1330 144 26 1967 15 307 2193 133 21 3 683 10 746 1714 928 8 726 4 796 14 2505 24 3 540 1031 4 2005 1566 14 568 2505 1938 4 8 34739 43060 13 10792 3 3154 8 37890 7 2505 8 317 5
17 74 1092 1537 46 2586 16 6 2494 9 892 4434 14 3 726 7 1190 4 1380 8 1496 8440 3 1739 3309 7 2567 323 3116 5
145 71 26 3439 24 9974 133353 8 12565 10 47 307 2377 71 26 9703 148 1149 5
81 46 21938 4 1751 345 32 2422 533 604 24 1255 8 25004 6638 10 3 2567 323 3116 857 5
145938 932 10 46 352 71 26 2537 2069 24 7601 928 58542 4 14696 8 1557 5276 14 1638 8 11407 5
349 3 83 881 4 189 1751 8 540 10349 71 3823 137 292 4684 133 21 35578 5526 8 431 1212 5
81 8690 4 601 8 726 1190 4 219 6462 4 928 8 1730 60525 1190 71 59 26 1550 6 46 194 10 9 25644 49 391 653 5
145 59 35023 395 3672 297 1845 4 386 8 83 9010 21 166 21 5517 11081 8259 3975 7 601 2168 8 5077 5
66 144 26 1744 13 10 678 6 270 11081 307 1496 144 26 351 76 1250 133 21 3970 124 7061 9705 5
81 1243 4 3 5553 7 5405 7 10421 10 629 3531 4 395 1897 8 718 35 2567 323 3116 33 2642 8 18679 7 71179 3609 51 26 7 485 3238 121 23 7928 4368 7 601 30831 4 3998 8 71179 1044 25004 3 2205 148 2370 601 522 19 5148 5
10526 4 189 1751 8 540 10349 144 3537 10 1572 84 49 461713 8 8376 1806 317 8 4440 718 43060 8 2642 5
931 1443 144 26 3577 1254 6 270 2567 323 3116 3672 10 1341 692 8 2907 1370 3975 7 2567 323 3116 317 4 928 8 601 1190 4 8 601 2089 5
332 3 216 89 4 928 8 932 6 10792 3707 231 7 34739 144 26 351 76 1250 5
81 1243 4 853 1164 144 26 747 10 57866 5
17394 8 6303 448 68 144 26 3544 6 159 55 6638 10 1897 8 718 5
104377 8 928 1190 144 26 1254 8 4090 4711 1897 8 718 5
2865 1223 14 10099 71 59 26 4393 10 678 6 3823 448 68 5
878 44 34 248 31 3 270 768 6 474 3 173 4590 7 2567 323 3116 1715 5
1249 87 16 632 93124 3136 3 969 7 718 15 4092 247 4 3 891 7 8439 667 866 6 26 3 97 152 6 3970 124 1793 8 327 173 270 14 1897 8 718 5
249 12162 5
53 109 21326 53 5
341 12162 5
53 5
459 3958 8 281 1456 14484 7 3 508 1173 771 684 35 25 249 548 359 33 53 5817 35 20274 33 4 3183 35 40316 33 4 12485 35 44181 33 4 5876 35 79581 33 4 1598 35 41645 33 4 4361 35 9129 33 4 937 35 19895 33 4 721 35 82998 33 4 5176 35 20126 33 4 1393 35 33952 33 4 1530 35 4207 33 4 165 6379 35 439 33 4 5064 35 4299 33 4 7919 35 124629 33 4 3886 35 25063 33 4 3461 35 79181 33 4 4288 2373 35 317617 33 4 10092 35 209427 33 4 12086 35 48447 33 4 13159 35 65792 33 4 13124 35 46886 33 4 14951 35 77845 33 4 12444 35 39519 33 4 8031 35 221414 33 4 18072 35 46363 33 4 10560 35 23550 33 4 7610 35 151270 33 5
503 2158 53 5
500 926 500 4 708 4 700 8 704 4 47 31 10921 21 62331 4 11551 653 49 3267 4 4293 653 49 3267 8 23301 653 8 3267 4 3995 5