49474 21685 16 9 2409 2640 953 14 51047 4780 8576 5
527 4 21 3 31122 532 2742 1576 48 1812 4 23 16 178095 14 287 2548 23512 6 532 3 9937 5
81 46 1381 4 3 3093 543 15293 24634 35 33 186564 22190 284 16 3677 6 1506 46 532 565 14 258900 2119 8 66619 2119 31122 532 5
931 67 43155 361 2062 5441 3 7453 7 186564 22190 284 10 25418 3 43018 2505 10292 10 3 928 628 5
33962 522 15 3 67 2062 240 3982 231 7 3 186564 22190 284 14 7732 21685 5
49474 21685 2053 9 1568 604 10 3 953 7 826 10 3 51047 4780 8576 35 43155 33 5
81 826 19 14190 6536 4859 4 23 1708 9 770 6 2384 3 41906 7526 8 1863 5202 926 5
23209 601 2062 15 43155 31122 56322 27 45 1273 10 3606 601 9962 35 4 28585 4 44417 4 196493 4 323 15265 4 2391 109 18150 323 14879 4 502 109 12283 32330 4 502 109 4 8539 4 323 60854 4 1515 33 5
332 2549 4 1448 10 111114 25407 8743 3 9937 543 15 3 2119 1215 5
17 11141 10605 5473 15 3606 791 8 2516 2505 5
527 4 21 84 3531 31 220 4 61597 31 1723 48 1812 8 23 16 34 1369 14 23512 19 8692 791 6 3030 61817 5
16816 87 16 32 1723 8653 14 3 22629 7 3 10554 650 8 46333 3648 6 4530 23512 10 46 650 5
364 7 3 74 1408 2532 6 1213 3 433637 891 2485 538 7732 1442 35 43826 33 4538 16 3 433637 891 2516 284 100317 35 33001 4 5108 109 33001 4 75898 4 323 169516 4 5282 33 5
17 284 16 1254 6 15564 29991 164 7 3 826 8 6 8850 3206 433637 4233 5
66 2527 43826 2505 8593 4538 6 7367 537 13990 8 30199 2119 164 5
35 4 4 323 12451 4 4540 33 16 32 2516 284 14 3 9889 21685 7 3219 826 2100 25 10551 82751 5
66 1708 4199 14 52960 891 154 70 16200 7 3 23888 1222 538 189 44895 168986 2505 8 11427 2505 1867 10 3 916 7 17315 2520 5
17 284 35 12283 32330 4 3578 33 16 9 71179 284 14484 7 9 2505 1084 150 3 9962 2505 3380 24 168986 8 228078 4910 8 32 42101 2869 150 3 7787 14 7470 421 270 5
66 16 543 15 3 284 4 8 29152 9 9962 2505 2190 4462 4 226 35 12283 32330 4 3952 33 4 10 3 3606 1566 538 68132 5
1471 31122 891 8884 4 47 10556 189 44895 8 11427 66413 4 16 3 35 65423 12283 32330 4 3952 33 5
66 6655 9 3944 992 6 49075 3 13300 23033 7 3 2457 148895 1506 19393 25 3 44895 8 26918 11427 29132 35 4 65423 4 22674 4 323 33001 4 4164 109 65423 4 22674 4 4 323 33001 4 3728 33 5
79 17315 1506 7 65645 34406 35 61612 323 4 4540 33 16 6227 6 4764 3 1896 7 2155 31122 532 9937 5
17 4058 3 1273 31122 9937 8 40 2655 1896 538 9 342 77489 15 3 1625 7 9 41748 17807 871 1506 13 45453 6790 13885 14 31122 953 5
622 3643 1185 7 3 4 3 4 29 45 1589 35 65423 4 3578 33 5
980 3297 29991 1506 16 4723 10 5
17 35 12283 32330 4 2773 33 16 9 71179 284 47 3466 3 9889 2765 1252 6 826 5
66 16 9 1396 1084 284 538 9 49668 14618 1506 4 8 9 135401 10768 47 29 45 2870 10 521 784 983 5
80440 284 29 45 1940 220 10 28487 2333 10 308 85 35 6794 12283 32330 4 911 33 5
66 29 45 3677 6 532 3 61597 10 51047 4780 33336 35 4 138399 4 323 4 1095 33 5
81 22190 17241 4 3 628 71 26 11737 538 25429 970 4 47 31 12319 6 746 4650 5
17 2505 4 10 3 916 7 22190 954 4 71 26 16277 25 3 284 4 8 1708 3 23512 2765 10 1407 231 5
31879 2106 2505 71 59 26 11828 76 3 284 5
81 1243 4 22190 1443 31 48 39895 6 3 16960 3847 363 91 48 5394 5
931 9063 132 3 22190 284 6943 10 784 10554 5
80440 10768 29 45 220 6 532 3 11141 7 3581 7526 7353 35 33 14 52163 24406 538 9 197 7 22190 954 3455 25 3 2516 2505 14 321886 35 3454 4 190591 4 323 21036 4 3578 33 4 8 3 775 270 653 14 3 826 19 2091 5418 36928 23888 1222 538 9 197 7 954 4209 24 3 2194 35 355333 12283 32330 4 2391 33 5
16 9 71179 22190 1396 1084 284 14 7732 21685 35 138399 4 207603 4 323 4 1515 33 5
66 16 32 526 14808 532 284 8 1254 6 8217 3 337 7 3 1432 775 35 154398 33 653 4 3 441925 653 4 3 6575 89 4 3 16709 89 8 3 653 5
17 78117 7 3 22190 954 17244 7 3 77201 1867 29991 19393 7 3 826 8 2755 31122 9937 4 125 40 3363 3576 3 11868 2770 7 3 84 9937 7 3 31122 5
17 80440 29039 14 408053 2622 35 33 16 9 22190 1396 1084 284 4 1589 54 3 3844 6854 1339 8 14184 19 9 3606 2516 35 23351 4 4 21335 4 323 4 2804 33 5
66 16 2870 538 9 1506 7 21685 4 13563 3 73239 7 10095 163 49474 175375 35 33 35 23351 4 4164 33 5
158 4723 3 21 9 29991 1506 35 89720 4 4 4 323 7366 4 1095 33 4 8 3 33855 186564 22190 42101 284 35 33 35 36277 4 4164 33 6 532 3 653 7 5
17 522 42 24637 111 3 50055 2106 5772 15 3 653 7 5
2927 4 43 1000 9 84 6267 284 4 543 15 44343 37582 7 3 64105 538 35 89720 4 4 4 323 7366 4 911 33 5
5583 4 4 9 5373 2505 8 1506 543 6267 284 4 18 1273 24 89720 12283 3462 5
35 911 33 5
66 9286 7 9 22688 22190 168986 14533 6 371 3 44895 6825 7 3 1987 4 8 9 36230 213849 14533 6 371 3 11427 6825 7 3 1987 5
988 14808 25017 16 2828 10 1678 784 11952 5
17 543 15293 24634 35 33 186564 22190 284 16 1273 10 46 1381 21 9 32542 22190 168986 628 2434 2505 1444 4462 19 2069 7 3 22190 954 5
17 284 2527 3 8062 6 2258 3 7444 7 290 1396 5
145 71 26 61817 4723 6 11948 3 22190 4333 7410 8 2821 13033 954 5
622 140746 24220 8 2807 650 16 59 1273 6 1300 9 34113 148 8 8958 5
66 9704 12689 954 8 52396 48 9824 8 7034 954 4 125 149 5714 272 8958 5
145 1381 16 4393 21 3177 5
8941 341 684 3 100402 220 10 3 43155 21685 542 4 8 6274 3 3093 186564 22190 284 543 15 8062 5
8941 459 6274 9 507 7 15344 2376 7 9345 522 13 1332 3 542 14 400117 8 66619 826 538 3 3093 6 1506 3 31122 532 8 6229 21 9 186564 22190 10768 5
5583 8941 503 10761 3 1381 5
43155 31122 628 17 628 4723 10 3 1381 16 3883 25 3 99484 3405 2106 8 2857 2106 1841 7 3714 35 58252 53 2158 53 33 5
158 3001 9 302 168 2106 1564 14 826 10 3 688 163 3 21685 7927 5
17 12540 89 7 3 1564 16 2429 57 1390 5
766 3 89 20587 142 34 26 1954 57 1390 4 106 3 13693 7 3 23394 142 159 9 312 125 5
81 3 784 1564 4 192 3318 7 89 31 1618 307 549 5
13751 19 3 21796 89 12634 4 23 16 396 8 36 34 27 964 969 15 3 8958 8 38256 7 3 522 5
17 1564 17244 7 5559 2119 1799 23394 8 3 1994 23394 3448 24 3 4157 4439 5
17 2119 1799 23394 539 7189 19465 35 18220 33 4 39100 19465 35 80446 33 4 37761 272623 35 33 4 29139 145653 19986 35 47942 33 8 279730 55085 30186 35 116041 33 5
17 1994 23394 539 202459 7 24984 37761 35 33 4 74193 35 33952 33 4 29091 6305 279730 19986 35 441925 33 4 19584 19986 35 154398 33 4 197 39100 19465 35 33 8 197 55085 30186 35 33 5
66 16 2409 6 581 6607 121257 7 3 41906 1327 14 3 4518 7 247 5
8616 4 3 41906 7526 5268 144 26 4154 22 9 3656 653 5
17 41906 7526 5268 16 3275 24 13999 3 5
2018 70 3 23394 10 3 784 1564 4 3 4 4 80446 8 441925 31 220 6 4764 3 161 871 7 35 89720 12283 32330 4 1095 33 5
17 508 2124 4241 5181 3 3093 8062 543 15293 24634 186564 35903 284 5
66 16 220 6 26136 3 3606 2505 10 3 532 1994 7 3 31122 5
8062 543 1396 2807 186564 22190 284 81 22190 284 4 3 11868 29132 31 40372 76 22190 29132 8 6229 6740 76 22190 55906 137 9 197 7 22190 954 4 47 29 3 916 7 468620 2125 21 962 10 446326 35 249 33 5
17 3354 7 3 22190 284 16 76 11868 3354 14 3 19630 2673 53 35 249 33 114 273290 8 309581 31 9796 25429 23394 109 16 3354 25429 12911 109 79 4 2636 8 3298 31 25429 7005 14 23394 273290 4 309581 8 3995 5
79 218 9419 32542 992 16 220 6 11032 19 3 22190 1396 284 5
145 2228 3 32542 2854 5615 6 26136 19393 14 3 22190 25429 4336 8 22190 954 13 282 4301 3 22190 1322 1379 10 3 6453 628 5
17 32542 992 2981 16 1595 10 98586 249 5
66 9286 7 3 9796 9419 35 47 12134 3 33 4 1215 9419 4 1396 38105 9419 35 290 38105 68806 9 22190 1396 33 4 8867 9419 8 3 3354 9419 35 47 12134 3 33 5
17 11868 9796 8 3354 83735 31 3380 21 8 3995 5
17 970 114180 4 4 4 4 60121 3 221 7 3 23791 7 3 9796 4 1215 4 1396 38105 4 8867 8 3354 10746 4 3995 5
8 4 114 6793 8 110682 31 3 221 7 9796 8 3354 25429 7005 14 290 15209 5
81 3 1273 5018 4 3 201026 4333 4859 16 220 10 3 1215 8 8867 10746 5
17 8 89310 7 3 4333 7410 31 103415 21 35 3 211736 9796 15209 8 3 31817 33 14 3 9796 9419 8 35 3 260948 3354 15209 8 3 31817 33 14 3 3354 9419 5
999 80965 30933 35 4114 33 21 3 9796 4336 10 3 211736 9796 15209 7 3 1396 4 8 35 15441 33 21 3 3354 4336 10 3 260948 3354 15209 7 3 1396 4 3 380 3354 7 3 260948 3354 15209 4 103415 21 4 71 26 1867 21 3177 53 35 341 33 114 16 226 3 4471 2362 7 3 9796 397 94160 5
17 2981 7 500 9419 186564 22190 284 98586 249 5
17 2981 7 500 9419 186564 22190 284 5
187 31 67 533 667 10 186564 22190 17241 4 13563 53 3 8 8958 5
9965 6 3 7453 7 3 22190 1506 6 5124 3 3074 7 3 284 10 32 12319 152 4 125 3 8958 9965 6 3 7453 7 3 22190 1506 6 34192 3001 3 284 35 36187 4 96118 4 26717 4 323 44621 4 1095 33 5
8 8958 31 1618 8089 14 17915 5060 8 1484 31 2853 21 3 284 10119 2238 5
355 24220 3 4333 7410 7 3 954 6 14834 3 17241 3768 4 3 7 3 954 142 26 32223 154 3 24220 650 4 114 3 22190 2757 71 15171 2211 6 290 83 8 142 194 55 24651 290 461 35 4 4 4 323 3290 557503 131390 4 2804 33 5
8616 4 9 1760 148 8 8958 16 12818 5
145 16 3439 24 538 9 459 4141 20945 6589 21 3177 35 196 98586 341 33 53 3 2007 1396 2020 35 78408 33 4 3 140746 1396 2807 8 35880 35 82162 33 4 8 3 4333 4859 24220 35 85341 33 5
17 3154 6027 7 3 1273 1396 2020 4 2807 8 24220 650 98586 341 5
17 3154 6027 7 3 1273 1396 2020 4 2807 8 24220 650 5
81 78408 4141 4 3 22190 954 31 27394 6 1311 70 3 928 5036 5
17 221 7 9796 7005 4 21 166 21 3 3354 7005 10 3 186564 22190 1506 4 16 3628 6 3 221 7 3 22190 954 5
145 3117 32 5420 221 7 23631 19393 10 3 284 5
1949 4 3 37839 22190 2757 27 528 692 7 24651 5
931 36 26 1842 10 82162 4141 5
81 82162 4141 4 32 140746 24220 650 16 4723 5
66 9286 7 67 11933 16200 53 1396 2807 35 33 8 4333 4859 35880 35 33 5
17 6905 7 46 4141 16 6 1297 3 7 3 1506 8 8255 6 2384 272 17241 8958 5
29748 7410 31 11831 232 6 3 2463 7 40 20220 4 8 12689 8 11130 954 31 18864 22 3 216 89 5
79 18831 1488 543 15 3 8062 7 954 16 1273 5
187 31 459 3803 10 4141 53 7577 3 954 35 33 4 11948 3 4333 7410 35 33 4 8 1128 3 12689 8 361484 954 35 33 5
17 284 74 4058 70 3 954 232 6 3 3238 7 290 1396 4 47 16 5054 24 3 8062 10 3 1273 5018 5
1301 3 4333 7410 7 290 12911 31 11831 10 9067 6 9 197 7 6680 4 47 36 26 4939 268 5
5583 4 92 87 31 120 3267 954 13 27 3 216 1215 8 8867 4 97 57 7 91 16 10955 5
208 87 31 120 11130 954 13 27 3 216 1215 44 523 8867 4 3 1603 19 798 3238 31 2207 5
208 87 16 97 57 31817 7 32 9796 2419 12911 4 46 2419 36 26 1842 5
81 4141 4 3 46478 29139 3389 35 96370 33 31660 16 4723 6 7322 3 3710 8 89310 7 3 4333 7410 6 1128 3 17241 3768 5
238 87 142 26 56754 56953 148 4333 7410 4 87 36 26 43241 10 4141 6 1128 3 4333 7410 8 3 954 5
17 5964 38020 14 43241 16 21 3177 53 60121 3 928 3768 54 3 211736 89 7 1396 2807 35 33 8 31817 35880 35 33 21 5
208 4114 15471 3 3235 43241 443492 4 49 4 153 3745 3 1396 197 100 54 3 211736 43241 8 1287 6 3 161 4141 5
16 9 746 4939 96734 13 3466 3 221 7 1396 2807 5
145 16 543 15 3 644 13 92 3 221 7 1396 16 287 58 1622 4 3 928 3768 36 343 146 1978 58 103 5
85341 4141 16 3 1597 24220 7 3 4333 7410 6 2769 9 272 653 7 8958 5
81 46 4141 4 87 36 26 93 454 2807 7 3 4333 7410 8 954 5
145 4141 29 9 1978 221 7 18298 129759 463 6 1731 2854 489 58 13 7 82162 4141 5
14983 1396 1084 24656 1498 3 1396 4141 4 7302 9 84 628 5907 16 2209 4 92 87 31 93 954 10 3 1396 1084 4 49 92 3 2362 7 3 1396 19 3 612 4471 2362 16 1298 9 14644 8515 4 9 84 1396 38105 36 26 1146 5
145 8515 3466 3 1676 7 3 628 904 24 3 954 8 6654 3 221 7 2007 954 5
17 1978 3 8515 4 3 2121 3 954 13 36 26 4209 4 8 1797 22206 5
355 9 84 1396 38105 16 1146 4 14 290 1808 7 9796 8 3354 17020 4 9 61279 16 13792 76 3 1215 8 8867 10746 5
17 7 3 3340 4209 4333 7410 16 197 6 3 628 5907 4 125 3 22690 7 3 4333 7410 16 197 6 9 125444 871 10 5084 6 3 2430 7 290 15209 5
98586 459 842 3 283578 7 46 4141 5
283578 7 3 1396 31660 98586 459 5
283578 7 3 1396 31660 5
543 4333 4859 8 1396 2807 48884 4333 7410 8 954 31 4209 154 3 1396 4141 8 43 144 26 1842 95 21 6 581 9 10973 8 36472 25429 51423 2677 7 290 22190 197 8 6229 17094 3 10119 7 3 1506 5
81 22190 17241 4 290 22190 1396 42540 6 9 180836 7 3 421 904 5
520 954 4025 10 9 3656 642 142 3001 117 5036 8 27 146 1951 15 3 380 665 4 125 90 83 954 142 5631 26 4209 24 5266 8 343 12689 10 3 1396 1084 5
8616 4 3 3238 7 290 1396 16 34 4202 7 3 216 871 5
145 2124 18506 3 3238 7 22190 954 8 4853 143 23 16 25810 6 11948 3 22190 2757 5
238 3 4333 7410 7 9 1396 31 2118 4 3 928 5907 16 5543 76 189 3 9796 8 3354 10746 8255 5
17 9796 16 220 6 1657 3 4471 2362 7 3 1396 38105 4 125 16 5543 76 3 8867 9419 6 26136 3 4333 2770 22 3 3354 4336 30864 5
238 4216 10 3 2854 31660 35 337823 4 11860 33 53 355 32 292078 7 2052 79 16 401 385 6 32255 9 2052 2636 8 2556 49 25397 1141 254 10 4471 23 4 90 561 650 49 22019 337 1141 254 10 57 49 189 2469 133 13 79 2106 3961 4 21 57 7 3 2469 4471 2636 4 16 853 4 95 92 3 5036 2556 645 9 1396 24 3 1247 7 40 4471 2362 8 3 4333 2770 4 8 3 12609 2362 44239 13 7 83 954 4 23 6154 3 5248 7 133 9 1396 5
81 184 1069 4 3 12609 2362 30009 24 3 5907 9906 4784 3 2463 7 1676 7 91 24 3 1396 5
17 1396 13 4490 3 5036 6 9 568 2463 36 27 1370 1951 15 3 17241 8958 5
145 16 463 6 3 644 13 65 3 4333 7410 7 3 1396 49 3 1396 1010 31 11831 49 18864 3995 4 23 36 665 10 9 1978 337 10 3 22190 42101 522 8 2537 2498 3 17241 8958 5
8616 133 9 1396 16 7 1370 3238 5
659 26136 9 206 1760 148 8 8958 4 65 4333 7410 8 954 31 1842 4 23 16 12818 6 5313 70 133 4213 8 1783 954 5
3062 2106 7673 3 2463 7 3 1676 7 3 211736 628 397 24 3 1396 21 10 446326 35 459 33 53 35 459 33 114 89320 4 4114 16 3 2463 7 3 1676 7 3 211736 628 397 24 3 1396 4 16 3 1396 4471 2362 8 16 3 1247 7 3 4333 7410 5
17 3238 7 3 1396 16 4939 21 3 5806 7 3 2463 7 1676 7 70 3 928 5036 21 10 446326 35 503 33 53 35 503 33 17 22190 954 71 153 26 11076 16771 24 3 3238 7 91 4 4939 24 446326 35 503 33 4 10 9 17073 678 5
145 16 226 3 8062 7 3 954 5
332 3 1431 7 1396 2807 4 3 1494 1396 197 4 103415 24 1883 4 4286 70 3 16771 954 8 3 1842 1396 197 4 103415 24 4 4286 802 5
17 954 10 1883 31 2209 73859 232 6 40 2353 5
208 87 16 93 1396 10 3 1842 1396 197 4 3 1396 10 1883 16 1752 304 76 4 2631 4 3 22190 197 10 290 15209 7 3 1396 36 26 304 49 11831 76 3 22190 2757 10 232 6 9 197 7 6680 4939 1298 5
766 3 3340 304 49 11831 22190 2757 36 26 1888 671 6 28669 9 84 1396 10 5
1498 3 18831 650 4 90 22190 2757 142 26 2457 24 307 954 5
659 337 9 22190 197 2457 24 117 954 16 3267 6 27396 192 954 8255 5
145 142 17743 146 1951 15 3 1308 284 773 4 21 9 287 2457 22190 197 97 6654 3 773 7821 5
8616 4 146 2457 22190 197 16 7 568 3238 58 3 287 2457 1603 5
60121 3 3238 7 9 22190 197 7168 21 5
16 2571 154 3 18831 650 5
332 290 89 3 1396 10 3 1494 1396 197 1883 16 2209 4 50 22190 2757 31019 8 153029 35 79022 5
14 3 1396 18743 94604 3082 31019 45770 3082 153029 33 31 21 533 21 40 1396 4 79022 5
35 500 33 14 4114 3082 249 4 4 114180 8 72539 3082 249 4 4 5
273 290 9796 15209 4114 4 297 3 22190 2757 10 3 1842 1396 197 7 46 15209 4 3 22190 197 19 3 3235 2463 7 20220 72 31019 35 3 2463 7 20220 16 4939 10 446326 35 782 33 33 16 3467 5
208 3 3235 2463 7 20220 44931 9 14644 6680 4 43 36 26 11831 76 184 22190 197 4 2631 4 3 22190 197 31019 16 1752 304 76 3 1842 1396 197 7 46 15209 5
17 8 3 48517 7 31019 8 4 79022 5
8 4 31 11831 76 538 5
35 708 33 8 35 700 33 5
35 708 33 35 700 33 17 3238 7 3 84 22190 197 16 392 24 446326 35 704 33 53 35 704 33 81 83 1299 4 3 8 48517 7 37839 22190 197 16 3 16036 596 7 3 67 22190 2757 10 9067 6 40 3238 4 8 3 2463 7 3238 7 46 380 22190 197 16 3 5806 7 3 3238 7 3 67 5
1301 3 3340 4209 22190 197 12551 3 767 22190 197 5
273 290 3354 15209 4 22190 197 153029 16 883 304 1752 49 11831 76 3 22190 2757 7 46 3354 15209 10 3 1842 1396 197 4 538 3 216 650 14 3 9796 17020 5
5583 4 3 3340 304 49 11831 22190 2757 10 70 3 17020 31 1888 671 6 28669 9 22190 1396 10 3 1842 1396 197 5
4036 22190 2757 79 8 2636 4 3 2463 7 20220 7 79 24 2636 16 4939 10 446326 35 782 33 53 35 782 33 238 3 201026 4333 4859 16 220 10 3 1273 5018 4 3 20220 1415 71 26 10978 538 3 3710 8 87009 7 3 4333 7410 5
273 3 22190 2757 79 8 2636 4 19 4333 7410 8 3995 4 8500 13 38809 8 153 8 71 26 1867 10 5
35 183 33 8 35 407 33 35 323 14879 4 2804 33 53 35 183 33 35 407 33 114 18398 35 14937 33 3082 34411 58508 6494 4 14937 56012 5
3062 26 9 8515 13 18020 3 3235 2463 7 20220 148 22190 2757 13 3 284 71 11920 5
17 18831 38020 16 53 92 49 4 43 36 26 11831 5
10941 2238 3 8958 44 51 39092 3 4 125 9 798 3117 1978 221 7 954 6 26 1842 44 3 552 16 13 3 221 7 954 142 26 287 58 1622 6 2384 272 17241 8958 5
435 70 3 954 31 2209 4 3 508 1959 31 5913 6 2821 2419 8 23063 12689 8 11130 954 10 3 1842 1396 197 53 76396 53 208 87 16 97 57 4333 4859 496 57 15209 4 46 15209 35 79022 5
2419 33 36 26 2207 95627 53 208 87 16 120 1396 13 29 3 216 912 8 3363 19 461 4 23 16 2207 84254 53 208 87 31 120 11130 954 13 27 3267 912 44 523 3363 4 3 57 19 3 568 2463 7 3238 16 10955 8 3 461 31 18864 5
5583 4 3 1494 1396 197 16 2445 19 3 1842 1396 197 17 3856 7 3 31660 16 1595 10 98586 503 5
17 283578 7 3 1396 2807 31660 98586 503 5
17 283578 7 3 1396 2807 31660 5
17 1273 186564 22190 284 16 3677 6 3 544 7 258900 2119 8 66619 2119 17241 5
17 258900 2119 542 10 8941 9610 16 1681 137 46473 2858 25017 15 9 76682 784 410 7 9 2119 5
17 66619 2119 542 10 8941 9073 10260 3 7453 7 3 1273 186564 22190 284 10 61817 6330 3 43155 21685 17241 565 5
901 1117 826 31 220 10 3 66619 2119 542 21 677 6 13 7 3 258900 2119 542 6 8612 3 773 7 5
81 189 2062 4 3 37388 29139 88104 96368 35 33 148 3 4128 871 7 24 186564 22190 5373 1443 8 3 1994 7 3 50055 4 16 220 6 5548 3 773 5
520 83 25336 186564 22190 1443 31 4723 14 61715 5
158 31 53 13563 4 35 4 1278 33 4 35 35350 4 195912 4 323 249744 4 1095 33 4 35 35350 323 195912 4 744 33 4 35 323 10558 4 1422 33 8 35 36277 4 4164 33 5
17 74 459 2520 31 2125 1443 125 3 4991 341 31 474204 2520 5
520 8176 32542 992 2520 4 133 21 3 537731 35 106153 33 8 141156 86265 89969 992 35 33 35 4 2391 33 4 31 59 220 10 3 19079 542 5
258900 2119 542 145 197 7 8365 1186 6 1506 3 10167 1994 7 24 3 50055 538 9 186564 22190 5373 284 5
79 676 7 49381 628 5036 31 3868 76 459 2858 25017 600 6 8612 3 773 7 3 284 5
5839 57 2858 25017 182 4 3 74 1054 202 628 16 220 21 928 197 8 3 508 716 202 628 16 220 21 2279 197 35 196 98586 500 33 5
17 507 8 3 2071 7 459 2858 25017 600 98586 500 5
17 507 8 3 2071 7 459 2858 25017 600 5
17 9345 522 31 1595 10 65588 249 8 341 5
20498 249 842 3 4631 7 148 3 92987 186564 22190 2520 5
81 189 8 4 3 284 12134 146 333 58 83 1443 5
81 4 3 16 1927 1734 58 3 284 5
17 73 4848 7 20498 249 842 3 596 7 3 459 2858 25017 600 5
17 284 16 3 282 297 70 7 3 186564 22190 1443 5
66 842 13 3 284 16 9 48 5394 8 4547 17241 4462 5
20498 249 5
27311 8958 15 3 108 24558 600 5
28043 29139 402280 5
169535 225097 515923 470034 322205 488493 106153 470064 552675 20498 341 5
17 221 7 10978 22190 954 35 468620 2125 33 5
28043 11292 7 954 29139 402280 5
403 459 1239 193518 128661 2879 1227 4012 366393 113829 1403 782 407 108339 99130 2131 4271 15844 475039 20498 341 842 3 4631 7 3 221 7 3 10978 22190 954 5
238 3 916 7 3 128344 2217 1396 16 523 25 3 2217 1396 4 192 67 3351 7 954 31 34 1144 5870 5
8616 4 3 4631 16 97 115 297 3 1443 5
17 221 7 10978 954 4784 3 7 3 284 5
17 48 3 221 7 1396 16 4 3 48 1812 8 3 284 16 8 1797 22206 5
81 20498 341 4 3 284 5708 3 248 221 7 954 10 8 5
81 4 97 3 5708 287 221 7 954 58 13 7 3 5
1655 3 596 221 7 954 10 3 73 4848 4 3 284 5708 3 248 297 70 192 1443 5
194896 5
240 3 1341 8 2755 2770 7 10 3 2279 197 7 3 459 2858 25017 600 5
81 4 396 64441 1230 97 65 3 1058 7 2742 568 49 798 11439 5
81 8 4 3 3354 7 3 284 16 460 5099 5823 6 3 1341 1994 7 5
9551 8 2755 2770 7 10 98586 708 5
9551 8 2755 2770 7 10 5
9551 8 2755 2770 7 10 98586 700 5
9551 8 2755 2770 7 10 5
9551 8 2755 2770 7 10 98586 704 5
9551 8 2755 2770 7 10 5
17 4333 7410 8 90 5907 954 31 16277 6 240 3 7 3 284 5
17 4333 7410 14 3 503 9796 23394 8 249 3354 12911 31 1595 10 98586 782 5
17 20220 148 3 22190 2757 16 799 14 70 3 23394 5
3194 22190 197 29 9 530 51423 2677 5
80440 4333 7410 15 4 35 551 33 4 441925 4 80446 8 98586 782 5
80440 4333 7410 15 4 35 551 33 4 441925 4 80446 8 5
1796 5907 22190 954 31 1595 10 20498 459 5
931 954 31 3 3564 2505 25 3 628 24 3 284 5
158 71 26 2093 3055 95 21 6 4530 3 23512 5
20498 459 5
1796 10978 5907 22190 954 5
15293 249 18743 16 25976 35 341 33 8 16 40544 8 441925 16 1692 8 80446 16 40544 4 45770 3 84 16 1692 15293 341 18743 16 12615 8 16 1692 8 441925 16 40544 8 80446 16 1692 4 45770 3 84 16 1692 15293 459 18743 16 25976 35 249 33 8 16 1692 8 441925 16 40544 8 80446 16 12615 4 45770 3 84 16 40544 9073 5
66619 2119 542 17 628 220 10 46 5867 31 76682 410 7 2119 79 4 114182 410 7 2119 2636 8 114182 410 7 2119 4854 659 132 9 1935 4631 4 3 628 7 2119 79 16 3868 76 503 1216 2757 4 290 7 47 9286 7 9 114182 410 5
9011 19 3 628 7 826 2636 8 3298 4 87 31 9 676 7 708 1216 2757 7 628 4 114 3 172 503 31 25 2119 79 8 3 4991 341 31 25 826 2636 8 3298 4 3995 5
81 46 5867 4 9 67407 2858 25017 35 24558 33 16839 16 220 6 8612 3 773 5
81 290 24558 182 4 57 7 3 708 2757 16 220 21 3 928 628 8 3 1652 218 31 220 14 2279 5
17 9345 522 31 1595 10 20498 503 35 9 33 35 8258 33 5
1655 3 6160 4 80 71 196 13 4 3 186564 22190 284 93475 83 2203 2520 10 192 708 24558 600 4 2936 10 4 8 114 50 16 17302 568 58 13 7 5
17 16 9 7608 22190 1506 13 6655 3 128344 2125 22190 954 5
66 29 45 220 10 43155 31122 17241 35 89720 12283 32330 4 1095 33 5
81 46 5867 4 3 93475 3 10 970 7 5
66 16 488 6 26136 2125 954 25 3 628 4 47 71 26 2093 3055 24 3 23512 4 125 3 2638 7301 15 3 3070 7 8958 137 3 128344 2125 954 5
520 7 3 954 10978 24 25 57 7 24558 600 31 1595 10 20498 500 5
17 22190 4333 7410 7 290 12911 31 1595 10 98586 183 5
17 63794 2442 19 3 954 31 10637 24 3 4439 1136 5
94768 4 37 16 3 7009 7 2857 2106 51047 4780 8576 4 511 7 106587 4970 7 99484 3405 2106 8 2857 2106 1841 5
17 530 71879 7 3 4333 7410 59 4459 13 206 16 3439 24 5
145 197 7 5867 29 33577 24637 3 3093 186564 22190 284 10 17241 3 628 8 3 100409 7 43018 2505 10292 10 628 4 6 6203 3 2673 356 3 826 5
20498 503 5
33962 522 35 79022 5
33 10 3 66619 2119 542 7 43155 31122 17241 5
29139 402280 5
29139 402280 5
29139 402280 5
35 9 33 515861 435144 451514 490962 471857 449218 452708 303003 419118 515773 106153 477008 541756 29139 402280 5
29139 402280 5
29139 402280 5
35 8862 33 398875 498868 5
398069 492900 106153 426210 413683 9897 29139 402280 5
35 8258 33 467110 452708 106153 20498 500 5
80440 1396 197 10978 25 57 7 3 2858 25017 600 5
15293 249 18743 16 25976 35 341 33 8 16 1692 8 441925 16 1692 8 80446 16 40544 45770 3 84 16 1692 15293 341 18743 16 25976 35 341 33 8 16 9559 12615 8 441925 16 1692 8 80446 16 40544 45770 3 84 16 9559 12615 15293 459 18743 16 25976 35 249 33 8 16 9559 12615 8 441925 16 1692 8 80446 16 40544 45770 3 84 16 9559 12615 15293 503 18743 16 25976 35 341 33 8 16 1692 8 441925 16 1692 8 80446 16 1692 45770 3 84 16 1692 15293 500 18743 16 25976 35 341 33 8 16 12615 8 441925 16 1692 8 80446 16 40544 45770 3 84 16 12615 15293 708 18743 16 25976 35 249 33 8 16 9559 12615 8 441925 16 1692 8 80446 16 1692 45770 3 84 16 9559 12615 15293 700 18743 16 25976 35 341 33 8 16 1692 8 441925 16 1692 8 80446 16 12615 45770 3 84 16 1692 15293 704 18743 16 25976 35 249 33 8 16 1692 8 441925 16 1692 8 80446 16 40544 45770 3 84 16 1692 15293 782 18743 16 25976 35 249 33 8 16 1692 8 441925 16 1692 8 80446 16 1692 45770 3 84 16 1692 15293 183 18743 16 25976 35 249 33 8 16 9559 12615 8 441925 16 1692 8 80446 16 12615 45770 3 84 16 9559 12615 15293 407 18743 16 12615 8 16 9559 1692 8 441925 16 12615 8 80446 16 1692 45770 3 84 16 9559 1692 15293 403 18743 16 12615 8 16 9559 12615 8 441925 16 1692 8 80446 16 40544 45770 3 84 16 9559 12615 15293 698 18743 16 25976 35 341 33 8 16 9559 1692 8 441925 16 1692 8 80446 16 40544 45770 3 84 16 9559 1692 15293 685 18743 16 25976 35 249 33 8 16 1692 8 441925 16 1692 8 80446 16 12615 45770 3 84 16 1692 15293 409 18743 16 12615 8 16 9559 12615 8 441925 16 12615 8 80446 16 40544 45770 3 84 16 9559 12615 15293 697 18743 16 25976 35 249 33 8 16 9559 1692 8 441925 16 1692 8 80446 16 12615 45770 3 84 16 1692 15293 800 18743 16 25976 35 341 33 8 16 12615 8 441925 16 1692 8 80446 16 1692 45770 3 84 16 12615 15293 630 18743 16 25976 35 249 33 8 16 9559 12615 8 441925 16 12615 8 80446 16 40544 45770 3 84 16 9559 12615 15293 947 18743 16 25976 35 341 33 8 16 9559 1692 8 441925 16 1692 8 80446 16 12615 45770 3 84 16 9559 1692 80440 4333 7410 15 4 35 551 33 4 441925 4 80446 8 98586 183 5
80440 4333 7410 15 4 35 551 33 4 441925 4 80446 8 5
81 46 1381 4 532 1994 10 7732 21685 16 18213 24 9 186564 22190 5373 284 5
622 140746 1396 2807 16 1273 6 1657 22190 954 125 149 5714 799 17241 3768 5
80440 2757 31 11831 137 40 8062 8 3 12689 954 31 2207 5
17 1396 19 9 568 8062 29 9 1370 2463 7 1676 7 3 5907 266 8 14792 48 1537 3 17241 7 3 628 4 8 16 48 338 6 26 10955 5
29748 7410 31 11831 232 6 3 3238 7 40 2442 1396 5
17 37839 3267 954 31 18864 8 3 13987 19 97 57 4333 4859 31 2207 5
17 565 7 1396 16 5650 24 12033 3 954 7 568 3238 5
17 1273 4333 4859 18831 650 340 34 97 1128 825 4333 7410 4 44 59 30688 3 48 25746 954 5
17 1273 61279 22190 284 16 2870 15 3 521 21685 628 25 400117 8 66619 2119 2062 5
145 601 162 5234 6 542 3 1175 7 3 5373 186564 22190 284 10 25418 43018 2505 10 189 400117 8 66619 2119 2062 5
2758 2505 3192 16 1595 6 26 8942 8 16 4783 14 3 17241 7 3 1149 1945 5
17 9345 522 5441 3 7362 7 3 284 137 61715 111 83 25336 1443 538 3 784 1564 7 523 826 5
9457 601 900 6 1800 22190 32542 1443 133 21 35 20024 323 195912 4 590 33 8 20850 35 74162 4 195912 4 323 82021 4 2076 33 13 71 57052 1506 89 11264 628 5
17 172 16 543 15 3 141994 3695 35 230583 4 5417 4 323 30750 4 6186 33 7 2854 13 6145 189 8 28859 2854 3320 125 3 4991 6655 3 58994 2854 17458 95453 543 15 3 6249 14408 3936 2854 5
81 1243 4 601 900 133 21 35 74162 4 195912 4 323 82021 4 10 1048 33 6 1213 13703 628 16 59 217 47 16 982 4116 10 3 17241 7 30951 114 87 31 1545 5266 2038 10 3 628 5
83 162 11700 2410 22190 32542 992 4538 13 4088 1812 22190 14618 2520 35 100928 4 29583 4 323 195912 4 280 109 20492 4 9048 4 323 195912 4 502 109 195912 323 17555 4 502 109 5014 4 195912 4 323 16530 4 274 109 15011 4 16530 4 323 195912 4 280 33 4 695 2854 35 4 195912 4 323 36355 4 2560 109 74162 323 195912 4 590 33 8 2419 3394 8 1396 5397 35 7914 4 195912 4 323 36355 4 359 109 292858 323 195912 4 359 33 51 852 48 3592 2376 7 258900 8 66619 2119 21685 17241 21 166 21 3 2177 7 1842 8593 8 3 5932 10 695 21 166 21 32 22554 29610 31122 532 6267 284 5