17 17953 30865 77918 35 282384 33 88899 191244 1900 19 338900 27708 544 5
66 16 36764 3581 5018 13 16568 5961 1442 3677 24 3 13417 12940 154 43326 6625 650 5
81 46 1381 80 3030 34130 542 7 3 282384 31660 5
134 2780 282384 6 25450 3184 28579 960 7410 5
17 3455 522 31 677 19 3 522 10 3 6854 5
17 28579 8365 2828 15 6682 4482 7410 240 13 3 282384 16 2651 19 83 4309 8 23 71 3855 10444 2506 496 22946 50773 400 5
81 308 85 4 1045 7 3 572 338900 27708 544 10 3685 4 891 4 8 532 27 45 3639 10455 24 1678 88899 187739 5
2232 221 7 88899 187739 16 543 15 1375 36997 35 253831 27964 33 5
931 27964 31 3581 24 1678 7207 8 1375 6589 5
34989 31660 16 3581 24 6942 4860 35 15829 4 4540 109 7731 4 7487 33 5
49474 32542 2642 31 9935 7 3 3893 13 4859 7521 6 9 7207 61279 35 37945 4 4164 33 5
32767 293438 31 543 15 2370 13538 7 247 5
49474 5587 1443 31 6252 24 5587 1443 5
17 17229 255197 5533 35 41924 4 6760 109 44197 4 4 323 389914 4 6559 33 16 543 15 3 20621 19 1087 544 10 3 857 7 11245 15312 35 49201 4 151395 4 151395 4 51594 4 323 51594 4 11418 33 5
5573 1443 27 343 964 1543 7 2377 8 2520 14 726 7 1678 7732 1443 35 73491 323 6794 4 4540 109 73491 323 4 3824 109 4 230641 4 323 4 2773 33 5
17 4084 7 3 253831 27964 16 2638 1022 24 3 7453 7 7207 1443 6 3639 8743 6 12375 11264 1566 35 4 1095 33 5
133951 2642 4 13991 66413 4 34148 11521 27708 35 4 230641 4 323 4 3952 109 230641 4 3824 109 230641 323 12826 54771 4 2391 109 230641 4 4 323 4 3495 33 4 18982 23763 27708 4 35 1824 323 146080 4 3401 109 1824 323 146080 4 2391 109 1824 4 146080 4 323 9048 4 1278 33 7732 5587 1443 4 8 6748 37138 31660 31 90 7 3 27964 8 13538 13 42 3581 24 2129 5
17 17953 30865 77918 35 282384 33 88899 191244 35 323 4 1278 4 1422 4 4 109 4 280 33 13 80 12262 10 46 1381 59 9317 6 3 1427 7 253831 27964 5
17 282384 16 9 160269 4 6951 1046 5533 5
17 282384 5533 2527 9 27647 148 3 152 10 47 12940 10 2129 436 14 514 4 8 3 152 10 47 27708 27964 1046 14 32 30392 7 35 392 33 338900 27708 544 5
81 3 4 3 2370 13538 7 282384 35 323 4 1278 4 1422 4 33 42 2042 24 35 2808 33 8 140541 35 14447 1026 33 125 682 601 22 1428 5352 5
17 282384 18 12713 137 3 268 2333 35 4 4 8 8308 446950 4 502 109 4 4 4 323 446950 4 502 109 323 8308 446950 4 274 109 4 274 109 4 4 4 323 4 2076 33 5
3974 6 107 23 16 3639 3677 6 1678 12714 27708 544 53 3 1366 22853 565 35 323 4 33 4 3 22853 8 47624 10808 35 131718 33 10 283145 2642 35 4 4 323 4 359 33 4 3 3124 7100 565 35 323 8308 446950 4 744 33 4 3 1617 10363 3459 565 15 10443 35 4 4 323 4 274 33 4 3 17087 13797 7 1216 8090 15 62736 304218 1443 35 4 4 323 4 280 109 4 4 4 4 323 4 10 1048 109 4 4 4 323 4 2560 33 4 9409 3 3459 7 6619 2321 10 9 1617 992 4 3 9421 1055 565 35 4 4 323 4 590 33 4 7226 891 10 173 6254 35 323 4 4406 14 4858 33 5
81 46 1381 4 80 3030 34130 542 7 3 282384 31660 5
134 2780 282384 6 25450 3184 28579 960 7410 5
17 3455 522 31 677 19 3 522 3439 24 3 49474 17953 30865 35 2616 33 35 4 744 109 323 258031 4 359 109 4 258031 4 4 323 250777 4 359 109 323 258031 4 274 33 4 34989 238487 35 37566 33 4 176633 20257 35 19895 33 4 8 77250 147461 77918 35 124913 33 5
17 28579 8365 31 2828 15 6682 4482 7410 5
134 240 13 3 282384 16 2651 19 83 4309 8 13 23 71 3855 10444 2506 496 22946 50773 400 5
17 1381 16 4393 21 3177 5
8941 341 5181 2370 4860 7 3 282384 88899 191244 5
89969 77918 24 282384 16 962 10 8941 459 5
11391 7 8365 31 392 10 8941 503 5
8941 500 4286 4774 5
17 2370 867 7 12430 282384 16 6 31710 3 41748 2204 284 35 11521 7 7732 12940 33 13 36 1046 14 206 2506 7 9 2726 7 338900 27708 544 5
17 7732 12940 5576 3 4860 220 24 13417 12940 14 3 566 7 43326 2137 650 5
81 83 1299 4 282384 4860 31 2816 25 1375 1443 5
49474 12940 5576 137 3 1046 904 4 580 14 3 16079 2506 5
81 678 6 6075 333 8 333 2506 4 7732 12940 18184 8 1557 317 5
2151 5961 2505 8 3975 317 297 792 4 7732 12940 1101 15 48 3982 692 4 8 6197 28764 2506 25 3 287 3982 1603 5
3849 24 312 4 7732 12940 8775 3855 1297 40 2506 5
17 282384 1046 16 699 10 61652 285 90 125444 5964 6680 16 6383 5
25152 7 2210 35 7732 12940 33 14484 7 2636 12940 59713 6950 14 3 19547 2104 5
3265 7732 18843 12244 57 2104 6 3 565 5
187 31 11541 35 323 4 1278 4 1422 4 4 33 8 3070 1185 35 4 4 4 323 4 2076 109 323 4 4406 14 4858 33 7 3 282384 31660 5
81 11541 282384 290 18843 3859 9 35 523 33 84 6825 6 3 1321 4209 7553 2104 4 125 10 3 3070 1185 7 3 282384 12940 13655 90 5937 7 3 1332 2104 10 678 6 6298 91 5
17 31660 9286 7 67 30717 16200 53 850 1042 8 12807 1042 5
1498 290 850 1042 4 329 7732 18843 16568 3 1046 904 5
66 8323 9 125444 221 7 2503 35 33683 33 4 47 13014 1297 3 2104 4 16970 9 84 2104 5
33683 16 9 96734 220 6 7673 3 10291 7 317 1557 148 12940 5
1738 871 5473 15 290 1654 565 10777 5
208 33683 1141 396 2770 4 153 3 1046 650 16 8665 4 121 290 3340 4209 176 9286 7 97 9 265 5937 5
17 1884 148 2506 4 4209 24 523 12940 4 16 2846 5
349 3 83 881 4 92 33683 16 528 4 290 18843 3859 48 5937 6 50 7553 2104 4 3847 7285 2726 297 523 2506 5
38396 80 27 2636 12940 4 13563 17953 249 4 17953 341 4 4 17953 2636 47 3789 10 3 10554 650 15 9424 9010 5
364 7 3 537 5771 47 142 11851 54 3 74 850 1042 10 3 267 33683 3082 459 8 2636 3082 459 16 12859 10 98586 249 5
622 946 7 7553 2506 54 3 74 850 1042 4 4 98586 249 5
622 946 7 7553 2506 54 3 74 850 1042 4 33683 3082 459 4 2636 3082 459 5
14891 9863 84 7553 2506 14 290 18843 4 3 169 4141 4 3 2395 12807 1042 4 2179 35 98586 341 33 5
1498 3 12807 1042 4 70 12940 432 317 52 40 2506 5
81 2129 4 12940 51 3030 9 5638 10950 4 47 51 8468 83 12940 52 3 1058 7 514 43 27 170 4 8 3 12743 7 3 8517 6 3 30450 5
81 3 1046 31660 4 3 1277 7 290 4209 2104 16 2118 4 79022 5
3 498 871 7 3 6905 4859 16 7154 5
1498 3 12807 1042 4 329 18843 8050 4 19 9 1087 13300 4 289 23 36 948 50 2104 49 34 5
20994 6 12940 10 2129 4 7732 12940 13 31 6106 6 40 4209 2506 31 22 3 216 89 22259 4 79022 5
40 2506 31 1109 24 83 12940 5
2491 3 2104 16 3561 3 18843 2742 29 6 5339 57 7 3 11660 2506 5
145 421 16 351 19 9 13300 4 133 13 333 11660 2506 27 1370 2322 6 26 3112 14 454 5633 5
17 74 12807 1042 4 4 98586 341 5
17 74 12807 1042 4 33683 3082 459 4 2636 3082 459 5
81 133 9 152 4 496 290 12807 1042 70 12940 31 3868 76 67 600 35 1883 22259 4 8 3 1652 2636 115998 1883 27604 12940 33 21 1595 10 98586 459 5
81219 12940 76 67 600 35 33 98586 459 5
81219 12940 76 67 600 35 2636 3082 459 33 5
33916 14 1883 8 2636 115998 1883 337 25 57 12807 1042 6 184 5
3062 286 4753 13 54 9901 70 4209 7553 2506 17953 459 25 3 767 946 961 6 6149 50 2104 4 8 1611 17953 249 5
17 3979 983 16 2209 10 98586 503 5
56393 7 27604 5864 8 3 169 850 1042 4 98586 503 5
56393 7 27604 5864 8 3 169 850 1042 33683 3082 459 4 2636 3082 459 5
17953 249 8 17953 459 2546 671 486 3 2785 277 4209 24 17953 249 5
81 1407 4 46 770 13 3 7553 2104 4209 24 17953 249 16 2442 35 16898 33 6 17953 459 5
355 43 1018 3 194 7 3 2785 4 43 31 481 6 132 32 1570 421 52 3 161 11541 1092 5
145 958 770 13 290 7 91 36 1753 523 5937 6 3 216 7553 2104 5
17953 341 36 422 50 7553 2104 276 110 3112 24 120 30450 12148 8 36 3030 9 84 11541 1092 8610 5
17 67 16200 7 3 1046 31660 4 13563 3 850 8 12807 3191 4 12678 10 678 6 3855 70 1272 1332 2506 35 57 14 290 18843 33 5
332 13 967 3 282 2104 16 2118 8 32 43241 7 282384 16 1681 5
17 282384 31660 1002 43241 24 43241 285 9 5964 1215 16 943 5
79 537 5964 1215 86 26 4 14 946 4 3 3235 221 7 61652 4 3 3235 221 7 61652 276 3 3070 7 3 6905 4859 4 3 3235 805 50773 89 4 4703 5
81 3 194 4 3 282 2104 170 16 217 21 3 380 57 5
81 46 1381 80 2780 3 3070 1185 7 3 282384 31660 5
17 282384 31660 19393 446 2770 236 6 26 197 2543 3 31660 5577 31 21 3177 53 2636 3 221 7 12940 694 10 3 1046 4 4207 3 221 7 43241 4 81751 3 221 7 850 8 12807 3191 10 9 837 43241 4 33683 3 221 7 893 10 57 850 1042 4 2567 3 282 424 2104 5
17 508 16 3 71488 3323 7 3 282384 31660 53 4644 35 4 4207 4 81751 4 33683 4 9885 33 337522 3082 249 104853 32 2007 2104 14 3 4114 25947 18843 5
139052 3 2104 7 3 4114 25947 18843 5
3 282 2104 7 3 12940 5
3082 249 337522 3082 249 3 18843 4114 11686 32 2007 2104 5
19926 3082 249 337522 3082 249 3082 249 139052 5607 2506 4209 24 537 893 7 3 4114 25947 18843 2104 5
999 39274 6339 3394 2401 57 7 3 5607 2506 5
337522 3082 249 139052 2104 7 3 4114 25947 18843 5
337522 3082 249 7651 9 421 289 3 4114 25947 18843 16 6106 5
337522 3082 249 18843 4114 679 9575 11067 57 7 3 6106 12940 6 26 979 24 3 4114 25947 18843 5
282 2104 7 3 2104 2567 2567 3 282 18843 2106 2104 5
3062 286 4556 3 508 66271 53 2636 3 221 7 12940 33683 3 221 7 893 3 23394 13 18843 144 3030 10 57 850 1042 4207 3 676 221 7 43241 26836 203 11763 35 3 3033 871 7 3 12911 33 25508 243 11763 35 3 3235 871 7 3 12911 33 5547 1079 17 508 16 3 71488 3323 7 3 282384 31660 14 4859 27708 53 35 8862 3082 6494 109 8862 11102 2636 109 8862 33 189516 3 2770 7 3 23394 10 9 6951 4230 4 8 13012 3 871 7 4859 14 3 18843 8862 109 23062 3 18843 13 29 3 3033 871 7 4859 8 422 3 12510 2104 21 3 282 424 2104 109 5547 3082 25508 115998 26836 14 35 23 3082 249 109 23 11102 3082 4207 109 23 33 58508 189516 32 2007 2104 6 290 18843 5
109 33683 3082 6951 35 33 109 14 35 11856 3082 249 109 11856 11102 3082 109 11856 33 2408 2503 109 58508 14 35 8862 3082 6494 109 8862 11102 2636 4 8862 33 58508 273 3 12911 4 3112 10 9 6951 4230 4 3855 4 10 9 6951 4230 4 3 84 871 7 3 12911 109 139052 18843 2106 2104 109 19346 3 282 424 2104 109 56012 92 35 11856 62029 33683 6494 33 58508 12807 1042 109 14 35 8862 3082 6494 109 8862 11102 2636 4 8862 33 139052 3 35 33 2104 7 18843 8862 109 14 35 8862 3082 6494 109 8862 11102 2636 4 8862 33 56886 421 538 3 39274 6339 14 18843 8862 109 14 35 8862 3082 6494 109 8862 11102 2636 4 8862 33 208 35 8862 16 27604 33 4 2401 9 29170 538 3 39274 6339 5 56012
56012 5547 3082 109 92 35 5547 11102 69246 33 5547 3082 25508 115998 26836 109 56012 2382 3 1431 7 3 74 43241 4 80 23335 4 10 9 6951 4230 4 57 2104 6 329 18843 5
81 46 152 4 80 1000 2636 2506 5
17 282 297 192 2506 16 3 282 424 2104 5
81 3 1431 7 329 43241 4 80 159 76 1250 3 282 424 2104 4 21 166 21 2636 1146 2506 10 767 43241 35 10 676 2636 1635 249 2506 33 5
999 39274 6339 3394 4 80 2401 57 2007 2104 297 2636 1635 249 1109 2506 5
134 23335 46 2007 2104 6 70 12940 5
49474 12940 13655 46 2104 154 40 2145 5
17 84 12911 871 35 10 3 267 7 871 1723 33 18 2118 24 3 508 7488 53 35 249 33 17 84 12911 871 35 10 3 267 7 871 17073 33 18 2118 24 3 508 7488 53 35 341 33 114 53 6951 35 6494 4 249 33 6951 221 25 3 12634 1356 6494 4 249 1362 5
134 4472 5547 10 329 43241 5
134 159 361 34 6 27 5547 1731 58 69246 5
134 2828 893 7 3 2770 7 3 23394 10 3 508 152 53 2778 17 676 221 7 893 7 3 2770 7 23394 4 496 57 43241 4 18 2118 10 9 6951 4230 25 3 12634 35 73491 4 4973 109 323 210621 4 3952 33 5
2778 17 23394 446 871 29 6 26 1406 42 59 3112 10 9 6951 4230 5
2778 17 421 6 4472 4 49 6 474 3 871 7 3 3112 12911 18 115 10 9 6951 4230 5
56886 421 17 13300 13 18843 35 22 3 1431 7 3 84 850 1042 33 16 6106 6 50 1321 4209 2104 16 1867 21 3177 53 35 459 33 114 53 166021 3 48871 871 14 3 6905 4859 7 3 2104 1146 24 3 8862 25947 18843 109 3235 72 70 48871 2770 7 3 2506 6 26 677 109 28825 3 3708 221 7 3 850 1042 35 17905 4 28825 3082 249 14 74 850 1042 4 28825 3082 341 14 169 850 1042 4 4703 5 33 5
17 333 3 4209 2104 35 568 166021 871 33 4 3 568 3 13300 13 3 18843 8862 36 26 6106 6 23 5
6832 3 13300 8 9 6951 221 15165 4 14 290 7732 18843 23 16 961 289 6 343 27604 30703 4 49 6 595 7816 277 424 2785 5
56393 650 273 290 27604 18843 19 9 1087 13300 23 16 961 47 29170 23 51 1667 5
17 13300 13 8862 2106 2104 51 26 3112 24 120 27604 18843 16 3628 6 53 35 503 33 114 30012 2464 48871 871 14 3 6905 4859 7 3 11856 25947 11660 2104 8 1883 68806 3 221 7 22259 5
6832 3 13300 216566 8 9 6951 221 15165 4 290 27604 30703 1611 57 29170 5
81 46 1381 4 80 31 2274 10 1913 3 391 3033 7 9 4859 4 79022 5
10 11533 3 8855 871 10 3 1519 1079 7 3 4859 4 19 282384 88899 191244 5
134 159 25 3 6854 3801 4482 7410 35 323 99232 4 502 109 323 4 280 33 5
145 197 7 7410 16 4203 528 8 1038 1678 4859 3351 35 4 158122 4 91865 4 4703 33 5
17 4482 7410 13 80 231 14 3 8557 7 3 1109 27964 31 392 10 3 20498 249 4 114 53 2482 15209 4 3298 15565 5
20498 249 5
21241 7410 220 14 8557 35 323 99232 4 502 109 323 4 280 33 5
720 5
17245 2482 3298 89969 201348 249 1356 4 80188 1362 500 178 341 1356 4 577 1362 306 178 17299 459 1356 4 577 1362 306 178 99816 503 1356 4 183 1362 306 178 500 1356 4 34533 1362 306 178 708 1356 4 6769 1362 500 1972 32085 700 1356 4 577 1362 341 1972 79204 18365 35 14937 33 3082 35 273290 33 59021 35 309581 33 82701 35 115998 35 273290 115998 503100 33 341 115998 35 309581 115998 503100 33 341 33 704 1356 4 183 1362 341 1972 205316 782 1356 4 183 1362 503 1972 82312 183 1356 4 60946 1362 708 1972 407 1356 4 60946 1362 183 1972 403 1356 4 183 1362 183 1972 219944 698 1356 4 500 1362 889 1972 5740 685 1356 4 183 1362 306 1972 52843 409 1356 4 577 1362 306 1972 4611 697 1356 4 306 1362 306 1972 800 1356 4 183 1362 306 1972 4985 630 1356 4 1362 341 13357 115929 947 1356 4 183 1362 98236 1356 6494 4 409 1362 341 13357 302 1356 4 577 1362 341 13357 1004 1356 4 183 1362 341 13357 14458 18365 35 14937 33 3082 35 273290 1635 231934 115998 700 33 341 1635 35 1635 309581 115998 500 33 341 985 1356 4 80188 1362 306 13357 1135 1356 4 1317 1362 306 13357 889 1356 6494 4 503100 1362 341 13357 605 1356 6494 4 503100 1362 500 13357 1239 1356 6494 4 503100 1362 183 13357 1173 1356 4 577 1362 341 49549 48616 1227 1356 4 500 1362 341 49549 3516 101230 41661 4622 1403 1356 4 577 1362 341 49549 306 1356 4 577 1362 341 49549 1078 1356 4 183 1362 341 49549 75607 2131 1356 4 341 1362 341 49549 484 2511 1356 4 500 1362 503 49549 166952 2723 1356 6494 4 183 1362 503 49549 1596 1356 6494 4 183 1362 503 49549 2592 1356 6494 4 183 1362 503 49549 2919 1356 4 2482 1362 503 49549 44442 2918 1356 6494 4 2482 1362 503 49549 3128 1356 6494 4 249 1362 459 49549 716 1356 6494 4 249 1362 459 49549 3356 1356 4 3784 1362 306 49549 2913 1356 4 2131 1362 306 49549 112591 3313 1356 4 575 1362 306 49549 22285 3132 1356 4 575 1362 306 49549 1814 1356 6494 4 183 1362 341 49549 3440 1356 6494 4 183 1362 500 49549 3573 1356 6494 4 183 1362 183 49549 2879 1356 4 503100 1362 341 49549 3722 1356 4 503100 1362 500 49549 575 1356 4 503100 1362 183 49549 3801 1356 4 577 1362 306 12018 5
1532 5867 81 3 1381 35 323 4 280 33 4888 170 40 2104 54 4495 5197 5
158 59 39 575 2113 10 290 2020 5
81 678 6 132 825 9345 912 4 80 2828 2667 61652 5
134 2828 575 893 496 329 5
17 221 7 7732 12940 18 3628 6 575 5
134 42 2274 10 1913 3 391 3033 7 1109 7410 5
17 1046 14 3 391 3033 18 3629 306 400 4 19 523 6951 7165 5
134 7154 1153 4 2029 44398 4 8 110709 8 661 91 10 3 20498 341 5
145 1870 59 4286 3 522 3455 24 37566 4 19895 4 124913 8 2616 31660 5
931 522 31 351 25 8 35 280 33 5
20498 341 5
17 522 7 3 74 5867 5
89969 27485 37566 124913 19895 2616 282384 249 6494 29139 6494 6494 6494 6494 6494 6494 6494 6494 6494 6494 110709 6494 6494 6494 6494 6494 341 6494 29139 179864 6494 6494 6494 6494 6494 6494 6494 6494 110709 6494 6494 6494 6494 459 6494 29139 106601 6494 6494 6494 6494 6494 6494 110709 6494 6494 6494 503 6494 29139 22991 6494 6494 6494 6494 6494 6494 110709 6494 6494 6494 500 6494 29139 110709 708 6494 29139 6494 6494 6494 6494 6494 6494 6494 6494 110709 6494 6494 6494 6494 700 29139 6494 6494 6494 6494 110709 6494 6494 6494 6494 704 6494 29139 6494 6494 6494 6494 6494 6494 6494 6494 110709 6494 6494 6494 6494 782 6494 29139 6494 6494 110709 6494 183 29139 6494 6494 6494 110709 6494 6494 6494 407 29139 6494 6494 6494 110709 6494 6494 6494 403 6494 29139 6494 6494 6494 6494 110709 6494 6494 698 6494 29139 110709 685 6494 29139 6494 6494 6494 6494 6494 6494 6494 110709 6494 6494 6494 409 6494 29139 152056 6494 6494 6494 91049 6494 6494 6494 110709 6494 6494 6494 697 6494 29139 110709 800 6494 29139 76321 6494 33589 522565 6494 110709 6494 630 29139 6494 6494 6494 6494 110709 6494 6494 6494 6494 947 29139 6494 6494 6494 6494 110709 6494 6494 6494 6494 302 6494 29139 6494 6494 6494 6494 6494 6494 6494 6494 110709 6494 6494 6494 6494 1004 6494 29139 6494 6494 6494 6494 6494 6494 6494 6494 110709 6494 6494 6494 6494 985 6494 29139 6494 110709 1135 29139 6494 110709 6494 889 29139 6494 6494 6494 110709 6494 6494 6494 605 29139 6494 110709 6494 1239 29139 6494 110709 6494 1173 6494 29139 6494 6494 6494 6494 6494 6494 110709 6494 6494 6494 1227 29139 6494 6494 6494 6494 110709 6494 6494 6494 6494 1403 6494 29139 6494 6494 6494 6494 6494 6494 110709 6494 6494 6494 306 6494 29139 6494 6494 6494 6494 6494 6494 6494 6494 110709 6494 6494 6494 6494 1078 29139 6494 6494 6494 6494 110709 6494 6494 6494 6494 2131 459 29139 459 459 459 459 6494 6494 6494 110709 6494 6494 6494 2511 29139 110709 2723 29139 6494 6494 110709 6494 6494 1596 29139 6494 6494 110709 6494 6494 2592 29139 6494 6494 110709 6494 6494 2919 6494 29139 110709 2918 6494 29139 110709 3128 29139 6494 6494 6494 110709 6494 6494 6494 716 29139 110709 3356 6494 29139 6494 6494 110709 6494 2913 6494 29139 6494 6494 6494 6494 110709 6494 6494 3313 6494 29139 6494 6494 6494 6494 110709 6494 6494 3132 6494 29139 6494 6494 110709 6494 1814 29139 6494 6494 6494 110709 6494 6494 6494 3440 29139 6494 110709 6494 3573 70881 29139 110709 2879 6494 29139 6494 6494 6494 6494 6494 6494 6494 6494 110709 6494 6494 6494 6494 3722 6494 29139 110709 575 6494 29139 110709 81 678 6 2258 92 3 282384 596 16 2537 523 58 3 14407 3455 24 83 88899 187739 4 80 3030 12016 2106 9575 960 5
17 9575 19114 29 3 508 916 53 35 500 33 114 53 1153 7 3 74 5907 4 2029 44398 7 3 74 5907 4 1153 7 3 169 5907 4 2029 44398 7 3 169 5907 4 114180 74 5907 1646 4 169 5907 1646 5
17 2770 7 8 31 3455 24 3 282384 31660 4 125 8 2770 31 3455 24 83 27964 35 37566 4 124913 4 19895 8 2616 33 5
17 7154 2770 7 3 9575 19114 31 392 10 3 20498 459 5
20498 459 5
17 7154 2770 7 3 9575 19114 10 3 74 5867 5
89969 282384 10961 37566 282384 10961 124913 282384 10961 19895 282384 10961 2616 249 6494 6494 6494 6494 341 6494 6494 6494 459 115998 9279 115998 9279 115998 9279 503 500 708 115998 14230 115998 14230 115998 14230 115998 14230 700 115998 9279 115998 9279 115998 9279 115998 9279 704 115998 14230 115998 14230 115998 14230 115998 14230 782 183 407 403 698 685 115998 9279 409 697 800 630 947 302 1004 115998 14230 115998 14230 115998 14230 115998 14230 985 115998 9455 1135 889 605 1239 1173 115998 11788 115998 11788 115998 11788 1227 1403 115998 14230 115998 14230 115998 14230 306 115998 9279 115998 9279 115998 9279 115998 9279 1078 2131 115998 9279 115998 9279 115998 9279 2511 2723 1596 2592 2919 2918 3128 716 3356 2913 3313 115998 9279 115998 9279 3132 1814 3440 3573 2879 115998 9279 115998 9279 115998 9279 115998 9279 3722 575 17 9575 2770 1595 10 3 20498 459 71 26 1432 4 49 2366 5
17 1432 871 7 3 9575 19114 6154 13 3 282384 1669 333 2104 58 3 2651 88899 191244 5
81 3 3634 267 4 3 2651 31660 1669 333 2104 5
134 4216 1493 12634 22 3 5180 202 1493 653 35 3082 47285 33 5
355 6117 47285 4 3 1884 148 3 67 2770 16 964 5
81 46 983 4 3 282384 2104 16 333 4 65 9575 29 1432 871 5
42343 9575 871 770 13 3 2651 88899 191244 29 333 2104 5
17 267 65 11102 47285 42540 6 3 983 65 3 1884 148 3 6453 2770 16 34 964 5
20498 503 1929 3 317 52 88899 187739 13 1669 2537 333 2506 5
20498 503 5
63979 187739 13 1669 2537 333 2506 5
89969 282384 10961 37566 282384 10961 124913 282384 10961 19895 282384 10961 2616 249 341 282384 459 282384 503 282384 500 282384 282384 708 700 704 782 282384
187 16 93 964 1884 148 282384 8 124913 15 1173 7410 5
282384 2828 333 15 985 7410 4 125 124913 18 333 15 249 4859 5
75250 148 282384 4 8 19895 842 13 87 16 93 964 1884 148 282384 8 19895 15 1596 7410 5
349 685 7410 282384 16 333 58 19895 4 125 19895 16 333 15 249 4859 5
5583 4 65 9901 282384 8 2616 4 57 10761 13 87 16 93 964 1884 148 282384 8 2616 15 2723 7410 5
282384 16 333 58 2616 15 403 7410 4 125 2616 2828 333 15 503 7410 5
3668 5867 273 3 169 5867 4 80 220 1135 7410 4400 24 8 99232 35 502 33 8 8 35 280 33 2828 1046 137 2593 5197 5
17 221 7 2113 10 329 1193 18 3628 6 302 5
81 3 267 7 3 143030 31660 4 3 221 7 7732 21846 3628 302 5
355 12538 3 1109 544 24 3 282384 88899 191244 4 80 2828 27503 61652 5
5839 329 43241 80 2828 302 893 7 23394 5
20498 500 4286 3 522 7 3 169 5867 5
17 522 1547 6 3 19600 4 158175 4 4 8 2616 6599 31 351 25 3 3174 35 323 99232 4 502 109 323 4 280 33 5
20498 500 5
17 522 7 3 169 5867 5
89969 19600 158175 2616 282384 459 29139 28249 685 29139 31852 28249 409 29139 28249 461749 3801 29139 60774 59305 53781 28249 36097 40037 35151 697 29139 215307 546849 46366 7257 28249 47973 298040 48132 4611 44569 341 29139 6494 6494 28107 36805 6494 6494 28249 6494 6494 34374 45764 6494 6494 500 29139 335838 229926 45184 37931 28249 33264 40181 413015 1135 29139 28249 451796 42274 985 29139 103216 36499 55905 353072 28249 264581 40904 94395 120207 2913 29139 229926 28249 530609 3356 29139 402336 28249 27063 3313 29139 36698 28249 63721 3132 29139 7259 400295 28249 34030 630 29139 7013 4611 45764 95618 28249 55639 52500 34992 109422 2511 29139 331718 28249 524425 1227 29139 28249 350708 947 29139 28249 2131 29139 517591 459 459 125119 459 28249 229926 6494 249133 3128 29139 28249 350708 171722 716 29139 28249 354585 33264 268445 354585 2723 29139 28249 61559 43748 59397 8825 541426 1596 29139 28249 49040 62899 52734 61658 2592 29139 28249 57687 56085 55039 61658 2224 10 3 767 267 4 10 678 6 2258 92 3 282384 596 16 2537 523 58 3 14407 3455 24 83 88899 187739 4 80 2828 12016 2106 9575 960 5
81 3 169 5867 80 2828 575 1002 14 329 1109 4859 5
134 220 9575 960 14 3 267 7 67 334 1216 5036 5
17 9575 19114 29 3 508 916 53 35 708 33 17 66271 220 16 3 216 105 10 3 74 5867 5
20498 708 4286 7154 2770 7 3 9575 19114 10 3 169 5867 5
20498 708 5
17 7154 2770 7 3 9575 19114 10 3 169 5867 5
89969 19600 158175 2616 459 685 409 3801 697 341 6494 6494 249 6494 500 1135 985 2913 3356 3313 3132 630 2511 1227 947 2131 3128 716 2723 1596 2592 17 1493 12634 18 4216 22 3 5180 202 1493 653 35 3082 47285 33 5
20498 700 842 88899 187739 13 1669 2537 333 2506 5
20498 700 5
63979 187739 13 1669 2537 333 2506 35 169 5867 33 5
89969 19600 158175 2616 459 19600 282384 282384 685 19600 282384 282384 409 282384 282384 282384 3801 282384 282384 282384 282384 697 19600 2616 341 282384 500 282384 282384 282384 282384 282384 1135 282384 985 282384 282384 282384 282384 282384 2913 19600 282384 282384 3356 19600 282384 2616 3313 282384 282384 282384 282384 3132 282384 282384 282384 282384 282384 630 282384 282384 282384 282384 2511 282384 282384 282384 282384 282384 1227 282384 282384 282384 282384 282384 947 282384 282384 282384 282384 282384 2131 282384 158175 282384 3128 282384 282384 282384 716 282384 2616 2723 282384 282384 282384 2616 1596 282384 282384 282384 2616 2592 282384 282384 282384 2616
134 2828 32 34130 542 7 3 282384 31660 5
134 2780 282384 6 25450 3184 28579 960 7410 5
81 46 1381 3 282384 838 21 32 3096 31660 5
134 4209 129 2007 2506 10 9 6951 4230 4 8 24 165787 2506 4 7732 12940 2069 91 5
17 3455 522 31 677 19 3 522 3439 24 3 49474 17953 30865 4 34989 238487 4 176633 20257 4 8 77250 147461 77918 5
17 28579 8365 2828 15 6682 4482 7410 240 13 3 282384 16 2651 19 83 4309 8 23 71 3855 10444 2506 496 22946 50773 400 5
17 282384 29 277 45 2875 3677 6 90 338900 27708 544 5
93816 522 2640 282384 13538 31 149 8451 5
145 162 16 2409 10 3 426 601 5
6297 15 3 3439 522 8 2347 791 4 84 2520 3230 15 282384 4860 35 10075 4 5146 9842 4 198770 33 31 338 6 7671 4569 6 12538 1812 3685 4 891 4 8 532 544 5