17 6254 992 1746 565 16 57 7 3 104 964 544 1861 24 6254 4262 8 264 570 10 3 131 5
145 3977 1330 565 9317 6 3 1427 7 841 338900 27708 565 4 446 19547 2104 16 841 6 6075 5
17 1381 10823 9 147461 5309 35 46886 33 543 1506 14 3 6254 992 1746 565 5
355 12430 3 6254 992 4 80 690 6 14391 3 221 7 6383 1807 4 6 12042 3 676 221 7 8229 4 8 6 12042 3 676 1030 89 7 70 1342 1807 5
1563 1217 6 3 6254 992 1746 565 16 543 15 3 17953 30865 77918 35 282384 33 88899 187739 5
17 282384 31660 16 9 160269 4 6951 1046 5533 13 9317 6 3 1427 7 90693 27964 5
145 5533 2527 9 27647 297 3 152 10 47 12940 10 2129 436 14 514 4 8 3 152 10 47 27708 27964 1046 14 32 30392 7 9 338900 27708 565 5
17 28579 8365 31 2828 15 424 4482 544 5
134 1798 240 13 129 1217 4 543 15 3 282384 31660 4 16 2651 19 83 6599 10 3 6854 4 8 23 71 3855 10444 2506 5
8472 892 2642 10 9 515 7 378 31 2422 20846 5
17 3363 31 272 1030 400 4 23961 3881 4 853 1030 569 4 853 818 4550 4 5266 653 4 8 221 7 1617 6086 5
4876 5395 8 264 570 27 1589 8 6227 1678 7363 12271 2622 35 137897 33 4538 13 474 1030 4073 6 5222 35 1946 8 3124 2089 4 1692 83154 17657 35 77074 33 2089 4 3124 3975 1190 4 201129 4 57228 39229 33 5
1891 4 3 2084 7 3 83550 432 7 173 6254 10 3 1628 16 57 7 3 346 1715 6 26 2828 24 1617 12174 8 264 570 5
145 86 26 617 24 3656 1746 7 173 6254 2642 4 2840 7 1806 1583 8 1946 8 3124 7269 4 1723 3 5681 7 1821 394 297 9906 4 26831 474 4 726 7 3 1925 1443 6564 25 3 939 7 3 1617 992 4 6254 394 15 4323 8 8462 4 3096 1807 5067 8 3035 11040 4 333 317 1443 14 1807 35 6372 16204 8 8006 317 33 4 4703 5
83319 1254 173 6254 992 71 2537 474 173 2831 7927 432 5
17 173 6254 992 1746 565 16 57 7 3 104 964 544 1861 24 1925 4262 8 264 570 10 3 131 5
145 3977 1330 565 9317 6 3 1427 7 841 338900 27708 565 4 446 19547 2104 16 841 6 6075 5
17 1925 992 3157 4 21 166 21 1925 26831 4 1695 5524 15 189 3150 796 4 8 15 3 221 8 2125 7 558 5445 35 4883 1646 33 4 558 934 5
96363 1254 1925 992 71 899 177 241 1807 1767 400 4 10 1925 5204 400 5
81 1243 4 42635 1254 992 71 240 272 155461 297 3 1254 1925 4949 8 11023 7 3 1045 7 1481 5
966 7 3 2193 13 144 26 351 76 1250 65 12430 1925 992 31 19361 10 1881 5
273 946 4 3 7877 1807 1767 400 4 3 568 3 221 7 5445 666 4 4703 5
355 12430 3 1925 992 4 3 2108 7 189 3 3802 8 3 3150 383 26 351 76 1250 5
13166 6 3 11130 2129 7 192 2108 4 80 3156 3 1925 992 1746 565 21 9 10554 565 5
355 12430 3 6254 992 4 80 690 6 14391 3 221 7 6383 1807 4 6 12042 3 676 221 7 8229 4 8 6 12042 3 676 1030 89 7 70 1342 1807 5
81 46 1381 80 1800 3 1506 14 3 1925 992 1746 565 5
1563 1217 16 543 15 3 17953 30865 77918 35 282384 33 88899 187739 5
17 282384 31660 16 9 160269 4 6951 1046 5533 13 9317 6 3 1427 7 90693 27964 5
145 5533 2527 9 27647 297 3 152 10 47 12940 10 2129 436 14 514 4 8 3 152 10 47 27708 27964 1046 14 32 30392 7 9 338900 27708 565 5
17 28579 8365 31 2828 15 424 4482 544 4 21 166 21 15 3 544 4209 24 3 4888 7 3 1381 5
1563 1217 16 2651 19 83 6599 10 3 6854 4 8 23 71 3855 10444 2506 496 22946 50773 400 5
17 1381 16 4393 10 3 508 152 5
27372 1165 16 392 10 8941 341 5
8941 459 4286 404 7 3 565 5
35496 2104 6 3 565 16 392 10 8941 503 5
17 282384 1217 6 3 6254 992 1746 565 16 2921 10 1056 10 8941 500 5
33962 8557 7 3 1273 1217 16 392 10 8941 708 5
63732 14 426 601 8 4774 31 392 10 8941 700 5
19850 2520 14 6254 992 1746 27 45 1589 10 3 6854 5
174600 8 35 6801 33 1273 3 74 191244 31660 6 1746 6254 2515 992 5
81 3 74 1092 4 3 1273 31660 5708 32 2007 15603 2515 5
81 3 161 1959 4 3 83 30864 31 28741 57 24 57 76 3 15603 2515 5
17 267 542 7 9 396 649 10 3 362 7 374 16 59 2209 10 3 1381 5
186705 4 4 8 190291 35 7416 33 1273 9 67 5110 1217 14 6254 992 1746 5
158 74 4209 9 197 7 2515 1260 137 307 61652 5
17 4888 2118 3 19547 1366 26831 10 3 169 967 5
186705 12283 3462 5
35 7416 33 873 6 12042 1807 1030 89 4 125 8255 427 361 52 3 676 221 7 1807 37 71 34 384 1921 5
12135 35 7487 33 1109 3 267 65 3 642 1342 24 3 173 6254 16 9 5280 7 9 5685 8 142 26 4939 10 9097 25927 5
78 1273 3 1506 7 9 6254 284 13 16 1148 10 9097 25927 19 70865 6254 1583 5
170977 35 5282 33 1273 191244 31660 6 384 3 197 7 3 282 6254 4949 5
78 217 3 2347 4485 10 3 267 7 90 521 131 544 5
30572 35 5282 33 2828 18423 2376 7 3 1925 2515 992 1746 565 5
78 2994 1678 5158 7 3 565 8 3058 13 10 10752 4 129 4774 16 13 23 51 1871 9 528 1416 8 9 2383 1058 7 628 6 2258 141 9 440 19547 2515 34193 5
193423 8 2850 35 5981 33 962 3 1925 992 1746 565 4 10637 767 13538 8 1273 9 96830 90679 1217 14 12538 1925 992 1746 565 5
206500 8 35 3401 33 1273 2515 2020 31660 35 93777 33 14 3 1746 7 6254 2642 5
17 1273 1217 2164 2516 2106 2505 8 1046 4538 538 49474 5309 3648 5
193423 8 1202 35 2804 33 4939 6905 4859 13 1141 76 1250 189 3150 8 3802 2108 5
17 1273 1506 14 3 6254 992 1746 565 10556 17315 5979 4 8 10554 4538 5
355 12538 3 1925 2515 992 1746 565 4 534688 4 45997 4 8 1733 35 2804 33 1273 67 1092 4644 5
158 4209 3 197 7 3 2515 1260 10 3 74 1092 5
81 3 169 1092 4 3 4888 961 52 3 380 197 7 4949 24 538 3 4624 27964 5
4 4 8 35 1422 33 3677 4624 31660 1217 65 2016 1925 992 27708 565 5
158 2870 40 1217 10 3 267 7 264 7 26086 4 1530 5
35 1095 33 59 1273 3803 14 12538 3 3540 6254 992 1746 565 543 15 3 34989 238487 5
1604 8 35 744 33 1109 3 6254 992 1746 565 10 3 267 7 12911 6254 796 4 163 9 392 3601 676 796 5
17 4888 998 140746 1217 13 1141 361 52 3 1322 148 12911 6254 1187 796 8 6254 992 1746 5
17 1273 1217 16 2870 15 3 2086 396 6254 992 5
82021 4 7277 4 8 35 1095 33 1273 3 1506 14 16335 27708 7 6254 517 21365 8 3150 517 10808 5
17 1273 1506 16 10455 24 4386 8 4787 5018 5
24290 8 35 502 33 220 3 17229 255197 4538 6 4855 3 19547 1925 6254 2515 992 1746 565 5
17 1273 4102 16 2870 10 3 267 7 108 9345 2642 5
19959 8 38851 35 502 33 2164 4624 31660 8 17229 255197 125 4231 14 3 19547 2515 6294 8 460609 5
17 4888 873 6 12042 8229 8 676 4650 470 4 8 6 14391 394 1676 5
19959 8 38851 35 359 33 1589 3 1506 14 2515 992 1746 4 1366 460609 4 8 7948 10808 5
17 1273 1217 10556 17229 255197 4 8 174871 1046 5
8 43538 35 359 33 5764 3 12359 2520 8 6599 10 12538 1812 173 6254 544 5
24290 8 35 274 33 1109 3 1746 7 173 3977 2642 10 3 267 7 12911 796 5
17 4888 1589 41748 6905 1506 5
17 2104 17592 16 543 15 174871 1046 5018 5
8 51757 35 274 33 6401 5102 1678 6599 2957 19 3 6254 992 1746 8 26831 1994 5
158 59 2573 4695 14 426 601 5
355 12538 2515 1746 8 1925 10808 565 4 44283 4 17041 4 251458 4 8 35 280 33 1589 32 31660 543 15 325 1046 1264 4 21 166 21 32 31660 543 15 9 174871 1046 1264 5
17 4888 661 3 53562 7 40 1217 19 2201 6 10887 10 796 5
17 267 542 7 3 264 7 47002 4 1598 16 2209 10 3 1381 5
8 50133 35 280 33 1589 69773 234455 238487 35 88180 33 13 71 26 220 6 3855 2007 2506 14 9 325 3070 49 13991 31660 5
17 31660 16 3581 24 3 2515 2020 31660 35 93777 33 7 206500 8 35 3401 33 5
8 35 280 33 2209 8 5764 601 522 10 3 352 7 6254 2515 992 1746 565 5
9508 8808 4 1219 1566 19393 8 2104 1217 31 907 10637 10 3 1381 5
24290 8 67657 35 590 33 1273 9 1506 7 3 3540 6254 22853 565 13 34298 1026 2515 2757 5
17 1273 1217 2527 351277 8 17229 255197 4538 5
8 193423 35 2076 33 4400 3 1746 9 6254 992 14 3 512788 892 2642 5
17 1273 31660 18 2870 15 3 992 7 3 264 7 27703 4 1511 4 21 166 21 15 3 6254 992 7 170977 4482 5
17 1165 1381 7 8 35 2076 33 16 5446 6 3 2333 7 3 29540 3695 10 6254 992 1746 5
128279 8 12825 35 2076 33 4400 3 1925 992 1746 565 10 3 267 7 25475 115708 66476 4 9 5785 4254 352 10 2397 2507 5
17 4888 1273 3 1506 13 8255 12134 3 2515 1746 8 1925 10291 1994 5
17 1273 2104 5018 2464 3 3109 7 3 4624 31660 4 8 9 2621 1046 191244 5
4 163708 4 4 8 128279 35 2560 33 4400 3 1746 7 3540 892 8 173 6254 2642 4 17 1273 1506 8050 52 1444 7 84 2451 4 1463 8964 6 3 1806 2451 4 7743 13324 10 67 152 1645 4 8 3 12602 7 3 57 152 1645 5
332 3 216 89 4 3 1506 12966 84 4949 7 9 392 1925 4949 5
35 2560 33 115 3 1165 7 3 1678 1925 4 6306 4 23198 4 8 5033 517 1330 2520 5
31150 8 25525 35 2560 33 4400 3 6254 2515 992 22113 565 5
17 1273 1217 18 2870 10 3 267 7 264 7 4832 4 749 5
364 71 7336 13 3 1045 7 4888 873 6 12042 676 1030 89 4 49 48015 470 5
57779 4 1370 176 7 3174 2042 25033 9513 52 3601 796 14 6254 416 5
980 7025 9513 16 3 9513 13 3150 7798 5524 15 3 6254 992 1746 4 8 13 144 26 2118 21 9 2104 7 32 30445 565 5
17 421 23394 31 6254 992 2515 21365 1925 26831 5
32402 10 3 526 6854 59 5169 19 189 2125 7 1807 10808 297 537 6254 4949 53 837 2785 10808 8 2489 2785 10808 5
13166 6 3 565 80359 8 46333 10119 4 3 1045 7 3174 582 191244 4 49 88899 191244 1217 5
3062 286 1384 3 892 992 1595 10 3 98586 249 5
134 60121 46 992 24 5828 3082 35 6517 4 79 33 4 114 6517 16 3 197 7 30864 4 8 79 197 7 3151 35 1336 9676 33 5
30864 3001 785 1925 5211 35 28953 4 2440 33 5
3701 2785 220 24 6254 1807 16 4939 24 9 9149 7 30864 4 8 3151 5
134 542 3 6254 992 1746 565 10 3 267 7 3797 176487 1336 2642 5
51907 1336 992 12726 13 120 67 30864 10 3 992 31 3797 24 22 248 57 2785 5
1736 992 98586 249 5
1736 992 5
5839 6254 992 1746 565 80 1046 14 3 282 537 197 7 4949 4770 81 83 1299 4 80 132 3 421 52 3 3151 25 3 197 79 6 26 848 10 3 197 7 4949 1883 4 21 166 21 3 421 143 6 807 671 3112 3151 76 3 3601 6254 4949 5
81 1243 6 46 4 4888 10 90 745 59 2258 10291 7 6254 394 15 290 7 3 4939 4949 5
17 689 9008 13 80 231 6 4301 3 653 7 6254 394 16 3 676 1030 89 702 24 3 1481 7 6254 394 5
134 5124 3 1277 7 3 2104 4209 10 549 5
134 13012 3 676 1030 89 7 70 1807 3116 10 3 992 10 3 508 152 53 35 249 33 114 26720 676 88907 89 7 70 1342 1807 4 260923 3 676 221 7 8229 10 3 992 4 174380 3 676 221 7 56754 1807 35 80 4753 13 3 3150 16 56754 65 29 6 132 48 58 67 8229 154 3 1187 33 4 103524 89 1936 14 57 2589 4 181918 89 1936 14 57 56754 3150 5
355 9365 3 1277 7 3 2104 4209 4 80 159 76 1250 3 676 221 7 8229 4 121 8229 422 119 1807 6 231 6254 5
7977 4 3 676 221 7 8229 142 26 5668 24 48480 3 21365 7 3 6254 992 5
81 3 216 152 4 80 231 1936 14 329 56754 3150 5
364 785 2104 7 3 6254 992 1746 565 16 1595 10 98586 341 5
2386 6254 992 98586 341 5
2386 6254 992 5
134 60121 24 3 221 7 4119 147 89 1513 148 38105 4114 8 38105 72539 5
134 59 60121 24 2482 3 40056 35 40056 33 53 35 341 33 134 60121 24 3 88907 1030 89 148 3 38105 4114 8 3 38105 72539 5
999 73015 80 60121 3 1030 89 40056 53 35 459 33 134 4753 10 46 1381 13 3 992 24 5828 3082 35 6517 4 79 33 4 3 40056 2482 4 8 3 1030 89 40056 73015 31 392 5
134 59 4753 13 1807 2401 3 2515 543 15 3 19838 1030 89 5131 5
966 1296 36438 3 6254 992 1746 565 76 3 508 67 4290 53 35 249 33 2020 7 3 197 7 6254 4949 109 35 341 33 6013 7 3 10291 7 394 14 290 4209 2515 5
134 112 3 216 10 46 1381 4 8 80 1101 7046 15 3 2020 7 3 197 7 6254 4949 5
17 6254 992 1746 565 13 80 542 10 46 1381 86 26 4939 10 3 508 152 53 273 9 392 197 7 9424 30864 4 424 40056 2482 13 5181 796 297 192 30864 4 8 424 1030 89 40056 73015 4 3855 197 7 6254 4949 15 9 992 10 133 9 152 6 12042 3 676 1030 89 7 70 1807 3116 5
17 6254 992 1746 565 16 57 7 3 3456 544 10 3 352 7 173 6254 5
66 29 45 1595 13 3 992 1746 565 16 328942 572 565 35 67129 323 15011 4 5810 33 5
13166 6 50 80359 8 7444 23 29 5515 45 9 960 14 1296 37 3985 23 25 1678 20368 5
238 80 2573 10 3 6854 1165 4 307 187739 8 6599 543 15 88899 187739 27 45 1589 24 523 4888 5
17 1217 6 3 6254 992 1746 565 4 13 80 8850 4 16 543 15 3 17953 30865 77918 35 282384 33 5
17 282384 2464 57 7 3 147461 5309 4538 5
147461 5309 35 73491 4 4973 109 73491 323 6794 4 4540 109 73491 323 4 3824 109 4 230641 4 323 4 2773 33 16 3 176 7 49474 5309 543 15 542 7 1945 7 2113 10 523 50675 1443 5
931 50675 1443 31 9935 7 2215 2113 35 13344 4 14 946 33 49 7732 1603 13 7265 297 792 4 7916 4 18184 4 1557 317 8 2505 8 3030 90 8090 10 40 1566 35 4 274 33 5
17 17953 30865 77918 35 282384 33 88899 191244 29 45 2042 24 8 35 1278 4 1422 4 4 33 5
17 282384 29 45 3639 3677 6 1678 3685 8 891 544 35 323 8308 446950 4 744 4 274 109 4 4 323 4 590 109 4 4 4 323 4 2076 4 2560 109 4 4 323 4 2560 109 323 4 6833 33 5
8 35 6833 33 616 2828 34130 542 7 3 282384 31660 5
17 4888 3677 282384 6 25450 3184 28579 960 7410 5
158 677 3 3455 522 19 3 522 10 3 6854 4 8 661 13 3 282384 16 2651 19 83 4309 5
17 282384 16 6252 24 12940 3074 10 3 2129 5
17 7732 12940 19491 3 4860 220 24 13417 12940 14 3 566 7 43326 2137 650 5
17 2370 867 468 3 282384 16 6 1000 3 11521 7 7732 12940 488 6 2875 4855 841 338900 27708 544 5
49474 12940 5576 137 3 1046 904 4 580 14 3 16079 2506 5
3265 7732 18843 12244 57 2104 6 3 565 5
81 678 6 6075 206 2506 4 7732 12940 18184 8 1557 317 5
999 3 231 7 5961 2505 8 3975 317 297 792 4 7732 12940 7309 15 48 3982 692 4 8 1092 24 1092 6419 2506 25 3 287 3982 1603 5
49474 12940 671 3855 1297 40 2506 5
17 31660 9286 7 67 30717 16200 53 850 1042 8 12807 1042 5
81 290 850 1042 4 329 7732 18843 16568 3 1046 904 5
66 8323 9 125444 221 7 2503 4 47 13014 1297 3 2104 4 16970 6 9 84 2104 5
3879 3455 84 2506 4 3 12940 198 369 6 3 13047 8 353 3 169 4141 4 3 2395 12807 1042 5
81 3 12807 1042 4 70 7732 12940 432 317 52 40 2506 5
81 83 1299 4 12940 132 424 3 1277 7 3 2104 4 79022 5
3 6905 4859 871 5
5602 3 12807 1042 4 329 18843 8050 19 9 1087 13300 289 6 6149 3 1146 2104 8 343 27604 30703 4 49 2997 8 3847 7767 3 103 2352 6 3 1146 2104 35 12940 19 568 6905 4859 871 27 1370 808 6 595 50 209 5633 33 5
3265 30703 4 2401 9 84 2104 25 22259 35 98586 700 33 24 3 39274 6339 35 333 2506 27 568 13300 7 110 3112 14 5633 33 5
17 67 16200 7 3 1046 31660 4 850 8 12807 1042 4 31 2828 4 285 9 5964 1215 16 943 5
17 537 5964 912 86 26 4 14 946 4 3 3235 676 221 7 3191 4 3 3235 676 221 7 3191 276 3 3070 7 3 6905 4859 4 4703 5
17 282384 31660 86 26 7 11541 49 3096 2125 5
121722 1217 2179 25 10596 35 323 4 1278 4 1422 4 4 109 4 1095 4 274 4 280 109 12283 32330 4 590 109 4 4 323 4 280 4 2076 4 2560 109 4 4 4 323 4 2076 33 5
5839 46 1217 3 1956 57078 9 2104 1092 24 1092 5
14795 3 3634 4 3 3096 1217 2899 25 9 1332 2104 5
17 1332 2104 35 537 9 16079 57 33 16 3054 4209 14027 49 24 90 187739 5
999 165787 13 2104 4 80 690 6 1297 23 35 12283 32330 4 2076 109 323 4 6833 109 323 4 6833 33 5
81 46 1381 80 2780 3 3070 1185 7 3 282384 31660 5
17 282384 31660 19393 446 2770 236 6 26 197 2543 3 31660 5577 31 21 3177 53 2636 3 221 7 12940 694 10 3 1046 4 4207 3 221 7 43241 4 81751 3 221 7 850 8 12807 3191 10 9 837 43241 4 33683 3 221 7 893 10 57 850 1042 4 2567 3 282 424 2104 5
17 508 16 3 71488 3323 7 3 282384 31660 53 4644 35 4 4207 4 81751 4 33683 4 9885 33 337522 3082 249 104853 3 2007 2104 14 3 18843 4114 5
139052 3 2104 7 3 18843 4114 5
2567 3 282 2104 7 3 12940 5
3082 249 337522 3082 249 3 18843 4114 11686 3 2007 2104 5
19926 3082 249 337522 3082 249 3082 249 139052 537 893 10 3 2104 7 3 18843 4114 5
9601 76 1250 12354 2770 2401 57 337 5
337522 3082 249 139052 2104 7 3 18843 190760 337522 3082 249 7651 9 421 289 3 18843 4114 16 6106 5
337522 3082 249 18843 4114 16 34 176063 57 7 3 6106 12940 13 36 26 979 24 3 18843 190760 282 2104 4209 24 3 12940 3 2104 2567 3 282 18843 2106 2104 5
81 46 1381 4 80 8850 3 282384 191244 31660 12695 14 3 6254 992 1746 565 5
134 8850 3 282384 31660 13 16 543 15 3 3070 4102 5
81 83 1299 4 80 74 3855 3 2007 16079 2104 35 3 2007 6254 992 33 5
1301 4 7732 12940 3617 2104 904 10 3 2621 7 3 498 2104 4 8 690 6 1297 3 2104 5
17 13652 7 2104 16 2828 137 81751 850 3191 19 10 3 837 43241 5
134 4753 13 22 3 1431 7 9 992 1746 4 70 7732 12940 31 10 3 30450 5
17 30450 16 32 7732 2737 4 23 16 34 3797 883 6 1925 1583 5
62618 3 2007 2104 3062 286 1384 1925 517 14305 446 16204 31 2852 10 3 30864 4114 8 72539 3995 35 98586 459 33 5
18529 517 14305 4286 70 30864 13 7857 6 3 19838 2785 148 4114 8 72539 5
3062 286 60121 19 3 197 7 30864 3797 24 3 517 316821 18529 517 446 16204 31 2852 10 3 30864 4114 8 72539 98586 459 5
18529 517 446 16204 31 2852 10 3 30864 4114 8 72539 5
145 1925 517 86 26 220 24 3 1807 13 2722 1821 394 4 21 166 21 24 1807 13 27 6 132 3 104 67 8229 154 40 1187 5
17 676 221 7 1807 13 2722 3 1821 394 486 46 1925 517 14305 16108 53 35 503 33 134 60121 24 17250 3 12510 40056 13 4286 317 52 3 221 7 1807 13 2722 3 1821 394 53 35 500 33 134 8850 9 1906 14203 31660 6 3855 3 2007 2104 5
81 46 31660 80 690 6 6143 4 24 3 1821 394 4 9906 7 30864 13 27 272 2770 5
81 46 152 4 80 36 474 3 221 7 1807 13 2722 3 1821 394 5
17 31660 16 9935 7 3 508 1959 53 17299 249 53 373069 3 676 221 7 1925 1583 182137 10 3 992 5
60121 3 197 7 1925 1583 24 12662 5
11686 12662 3082 5
3062 15441 3082 249 5
17299 341 53 15000 3 1808 7 30864 13 29 3 1391 871 5
3062 46 1808 16 3 1808 7 30864 35 9 4 8862 33 5
17 30864 9 8 8862 31 3 16204 7 3 84 1925 517 5
15000 3 19838 2785 148 192 67 30864 5
17 30864 13 7857 6 3 19838 2785 2464 2321 10 3 1925 1583 5
8940 517 14305 10 197 12662 5
17299 459 53 19346 3 40056 17250 4 276 427 76 1250 3150 1030 2779 13 16 277 6383 5
17299 503 53 208 15441 3082 182137 4 737 109 2631 4 197 15441 3082 15441 1635 249 8 462 6 17299 341 5
22026 13652 17 346 1092 10 129 31660 16 13652 7 3 2104 137 81751 850 3191 496 3 837 43241 5
81 70 129 767 2333 7 3 282384 31660 4 80 220 9 197 7 62736 7732 12940 5
81 46 1381 4 14 3 74 89 4 80 3270 19 73929 12940 5
134 4855 3 6254 992 1746 565 24 538 67 2757 7 7732 12940 5
17 74 197 9286 7 12940 2125 249 5
17 169 197 4286 12940 2125 341 5
17 2125 249 7732 12940 5697 25 3 2125 341 7732 12940 97 10 3 152 10 47 43 13655 3 2506 5
355 363 1866 52 3 7359 4 21 166 21 1866 6 1611 90 7 3 22259 189 12940 7 4 8 12940 7 2125 341 10779 10 3 216 152 5
22026 13652 24 2125 249 12940 3062 286 1963 3 392 197 7 1925 1583 35 98586 503 33 5
15791 249 18843 13220 57 517 25 3 197 7 1925 1583 5
17953 754 9 421 47 517 6 159 232 6 13300 5
137927 7 427 517 14305 71 26 7154 21 53 35 708 33 114 53 4114 8 72539 31 3 16204 7 3 517 14305 4 4659 16 3 197 7 1925 1583 4 24880 8 2106 31 3 16204 7 3 517 72846 4 3 676 221 7 1807 13 71 1030 276 120 2589 24 538 3 517 14305 13 14823 6264 4114 8 6264 72539 5
22026 13652 24 2125 249 18843 98586 503 5
22026 13652 24 2125 249 18843 5
3062 286 4753 4 14 946 4 13 18843 3476 517 446 16204 31 4114 8 72539 5
81 3 161 1092 4 2125 249 18843 13220 57 297 67 16204 5
3062 286 4753 13 3 18843 3476 6264 4114 5
15791 249 18843 26200 3467 1925 517 5
118 1925 517 36 26 1146 148 6264 4114 8 84 6264 11856 4 47 86 26 3112 19 3 13300 53 35 700 33 3062 286 4753 13 2125 249 18843 3476 38105 11856 14 3 84 6264 5
17953 20830 3 19838 2785 148 3 30864 4114 8 145 19838 2785 2464 3 84 1925 517 35 15610 517 33 5
22026 13652 24 2125 341 12940 3062 286 1963 3 392 197 7 1925 1583 35 98586 500 33 5
15791 341 18843 13220 57 1925 517 10 3 216 4230 21 3 2125 249 18843 5
435 13 4 18843 13220 10 9 6951 4230 57 4 297 67 16204 4 7 46 1925 517 5
3062 286 4753 4 14 946 4 13 2125 341 18843 3476 6264 72539 5
81 3 161 1092 4 18843 8050 6 5666 46 6264 19 3 13300 16108 6 3280 35 17 1956 65261 3280 871 33 5
17 84 1925 517 4209 10 46 152 4286 70 551 1925 5211 4 2936 3 2688 6264 5
81 46 152 4 3 551 1925 517 18 17960 5
81 3 3634 267 4 92 6264 18234 35 3 16204 18234 19 3 13300 3628 6 35 249 115998 3280 33 33 4 3 551 1925 517 36 26 3643 5
17 84 1925 517 36 3576 57 48 1925 737 5
17 84 1925 737 6 26 304 6 3 1925 517 16 3112 10 9 6951 4230 25 3 30864 9545 6 3 3112 6264 5
81 3 267 1595 10 98586 500 4 3 38105 11856 18 3112 6 26 848 10 3 1925 517 4 8 3 551 1925 517 18 3643 5
22026 13652 24 2125 341 18843 98586 500 5
22026 13652 24 2125 341 18843 5
17953 2106 7553 2506 4631 7787 15791 249 8 2125 341 12940 462 6 3 30450 54 27396 3 2506 5
766 5607 2506 31 153 12354 24 70 12940 35 98586 708 33 5
29756 7 3 4209 2506 98586 708 5
29756 7 3 4209 2506 5
3062 286 60121 24 352700 35 8862 3082 249 4 341 4 4 2636 33 3 676 1030 89 7 70 1807 10 3 6254 992 4209 24 3 18843 5
134 60121 24 166021 48871 871 7 3 676 1030 89 352700 4 79022 5
53 35 704 33 114 8 31 3995 3 8855 8 3 612 676 1030 89 10 70 6254 2642 4209 24 70 12940 5
17 13300 13 18843 35 22 3 1431 7 3 84 850 1042 33 16 6106 6 3 1321 4209 2104 16 7154 10 46 1381 10 3 508 152 53 35 782 33 999 538 7488 35 782 33 8 9 6951 221 15165 4 329 2125 249 8 329 2125 341 7732 18843 8050 6 343 27604 30703 4 49 6 595 5633 25 3 4209 2104 35 98586 700 33 5
75250 7 3 4209 2506 35 323 4 6833 33 98586 700 5
75250 7 3 4209 2506 35 323 4 6833 33 5
17 7156 3 4209 2104 35 568 166021 871 33 4 3 568 3 13300 13 3 18843 36 26 6106 6 13 2104 5
56393 27300 81 3 267 65 22 3 1431 7 9 84 967 18843 340 34 256 6 353 25 3 1321 4209 2104 4 3 18843 36 198 6 3 5638 352 8 36 1667 184 18843 35 98586 704 33 5
56393 7 27604 5864 98586 704 5
56393 7 27604 5864 5
5839 3 2997 352 3 18843 7911 35 22259 33 15549 523 2506 5
134 4753 13 3 13300 3 29170 8862 2106 2104 36 26 3112 24 120 27604 18843 16108 53 35 183 33 114 53 30012 6905 4859 871 7 3 11660 2104 109 1883 3 221 7 22259 5
999 538 7488 35 183 33 8 9 6951 221 15165 4 329 27604 30703 1611 57 18843 10229 35 29170 33 5
77302 8 7791 353 5633 10 3 161 850 1042 25 3 2104 1669 24 3 29170 5
766 7732 12940 31 481 6 8610 1046 3 2104 904 8 3030 2104 13652 5
17 282384 1217 13 80 8850 16 677 19 83 6599 13 2436 6 26 3 282 300 10 3 6854 5
75250 16 2828 10 3 267 7 170977 2106 892 992 4 21 166 21 10 3 267 7 992 13 4286 7459 30864 8 16762 3151 35 2158 53 33 5
81 3 1273 282384 31660 80 197 2636 3082 183 4 81751 3082 500 4 33683 3082 341 5
17 2770 31 3112 543 15 129 2543 791 5
931 2770 786 61 6 26 189 17465 396 35 3979 10 4430 6362 7 290 43241 33 8 10581 528 6 9929 4213 2505 1557 8 11533 7 9 272 1277 380 2506 5
17 1936 14 56754 3150 16108 53 596 1030 89 1635 575 13063 5
17 13300 3280 13 3 1426 18843 36 5666 3 6264 16108 6766 5
17 5964 38020 16 3 221 7 43241 4207 3082 2591 5
81 3 74 5867 4 80 6786 3 282384 1217 13 80 8850 19 3 6599 1273 24 170977 35 5282 33 4 206500 8 35 3952 33 4 111736 35 2804 33 4 8 135001 35 1422 33 8 24290 8 67657 35 590 33 5
17 4631 16 115 10 3 267 7 170977 2106 892 992 35 170977 4 5282 33 1595 10 98586 782 5
170977 2106 892 992 98586 782 5
170977 2106 892 992 5
134 231 3 508 19393 14 4631 53 3 2156 7 796 6383 276 120 8229 4 3 2156 7 796 6383 19 57 2589 4 278071 3 2156 7 796 6383 19 67 8229 4 122854 3 2156 7 796 56754 4 71716 596 1030 89 10 549 147 6254 4650 35 33 5
145 1030 89 1038 2589 1767 400 4 8 2589 89 13 16 3628 6 500 13063 147 3150 5
145 197 7 19393 18 1273 24 24290 8 67657 35 590 33 5
931 4888 2828 4631 10 179 5771 53 503 4949 4 708 4949 4 700 4949 8 704 4949 10 290 2515 197 5
134 112 3 216 10 46 1381 5
17 522 7 4631 31 392 10 65588 5
20498 249 5
17 2007 2104 5
29712 11292 7 4949 13224 6652 249 503 6494 249 341 500 700 782 183 503 459 500 700 782 403 704 685 708 782 698 6494 249 341 500 685 708 341 708 6494 249 341 500 700 782 183 503 459 500 700 782 403 704 685 708 782 698 6494 249 341 500 685 708 782 183 407 6494 249 459 407 459 700 6494 249 341 500 700 782 183 503 459 500 700 782 403 704 685 708 782 698 6494 249 341 500 685 708 782 183 407 6494 249 459 407 407 183 403 698 503 704 6494 249 341 500 700 782 183 503 459 500 700 782 403 704 685 708 782 698 6494 249 341 500 685 708 782 183 407 6494 249 459 407 407 183 403 698 6494 249 503 20498 341 5
75250 148 3 2007 2104 3455 24 3 81256 31660 8 3 2506 3455 24 3 767 6599 5
11292 7 4949 470655 170977 35 5282 33 206500 8 35 3952 33 111736 35 2804 33 8 135001 35 1422 33 24290 8 35 274 33 81256 31660 35 2007 2104 33 503 6517 266172 390613 420289 344655 6517 311075 403 105309 124890 278071 34030 6517 34030 34115 6494 47973 122854 6494 6517 6494 6494 6494 118992 71716 29029 6517 147963 24018 102554 95958 708 6517 471141 394133 6517 147041 188984 178796 142542 87747 278071 6517 6494 7259 6494 6494 47973 122854 6517 6494 6494 6494 6494 6494 71716 6517 184177 170764 21803 119202 109559 700 6517 523999 382221 337232 243634 6517 137478 89123 122317 92435 130143 278071 6517 6494 6494 6494 41345 47973 122854 6517 6494 6494 6494 6494 6494 71716 6517 13856 179722 84838 109893 99950 704 6517 423386 304402 458099 6517 141061 109039 148511 99428 123442 278071 6517 6494 6494 6494 6494 47973 122854 6517 6494 6494 6494 6494 6494 71716 6517 184177 106047 100915 99077 105477 20498 459 5
17 380 2104 3455 24 3 282384 31660 5
29712 11292 7 4949 13224 6652 249 503 6494 249 341 500 700 782 183 407 249 503 459 500 700 782 403 183 704 685 708 782 700 500 459 407 459 249 341 500 685 708 782 698 341 708 6494 249 341 500 700 782 183 403 6494 249 503 459 500 700 782 183 704 685 708 782 698 403 183 407 6494 249 341 500 685 708 782 183 685 700 782 183 407 459 249 6494 704 685 500 341 249 503 459 407 459 700 6494 249 341 500 700 782 698 403 6494 249 503 459 500 700 782 183 704 685 708 782 698 403 183 407 6494 249 341 500 685 708 782 183 500 700 782 183 407 459 249 6494 704 685 700 500 341 249 459 503 708 685 700 500 459 407 183 403 503 704 6494 249 341 500 700 782 183 403 341 249 503 459 500 700 685 708 704 685 708 782 183 407 459 500 6494 249 341 500 685 708 782 698 704 685 500 341 249 459 407 6494 249 459 407 183 403 698 782 249 503 459 500 700 782 183 403 6494 249 503 459 407 183 403 698 20498 503 5
17 4631 148 3 380 2104 4209 24 3 282384 1217 8 3 767 6599 5
11292 7 4949 470655 170977 35 5282 33 206500 8 35 3952 33 111736 35 2804 33 8 135001 35 1422 33 24290 8 35 274 33 282384 31660 503 6517 266172 390613 137458 344655 6517 311075 403 105309 133171 278071 34030 6517 34030 34115 6494 55973 122854 6494 6517 6494 6494 6494 6494 71716 29029 6517 147963 24018 102554 120115 708 6517 471141 394133 6517 147041 188984 178796 142542 63825 278071 6517 6494 7259 6494 6494 6494 122854 6517 6494 6494 6494 6494 6494 71716 6517 184177 170764 21803 119202 94208 700 6517 523999 382221 337232 6517 137478 89123 122317 92435 39442 278071 6517 6494 6494 6494 41345 6494 122854 6517 6494 6494 6494 6494 6494 71716 6517 13856 179722 84838 109893 84838 704 6517 423386 304402 286284 6517 141061 109039 148511 99428 33236 278071 6517 6494 6494 6494 6494 6494 122854 6517 6494 6494 6494 6494 6494 71716 6517 184177 106047 100915 99077 96833 17 2007 2104 35 197 7 1925 1583 33 4209 24 3 14203 31660 16 1595 10 20498 249 5
17 4631 148 3 2007 2104 7 3 282384 1217 8 3 767 6599 16 392 10 20498 341 5
364 71 196 13 1906 14203 191244 31660 4209 3 2007 2104 446 10777 31 4203 206 5
49474 18843 574 6 1297 46 2007 2104 137 3 1046 650 5
17 380 2104 3455 24 3 282384 31660 16 392 10 20498 459 5
17 4631 148 3 380 2104 4209 24 3 282384 1217 8 3 767 6599 16 392 10 20498 503 5
17 522 3455 24 3 282384 1217 27 333 2770 14 4 8 10 459 61 7 503 745 5
17 282384 522 27 333 2770 14 71716 10 459 61 7 503 745 5
17 169 5867 16 2828 14 3 1925 992 13 4286 7459 30864 8 16762 3151 5
17 676 221 7 1562 4119 16108 5
17 2485 16 6 3855 2970 1925 1583 5
17 676 221 7 1925 5211 22 120 1925 517 71 34 26 2185 58 1403 5
17 2007 2104 4209 24 3 81256 31660 16 392 10 20498 500 5
20498 500 5
3668 946 53 1925 1583 4209 24 3 81256 31660 35 2007 2104 33 5
6390 42236 15 3 517 6390 249 4467 2879 9046 3706 1135 341 1814 716 4441 6263 575 708 9521 4636 403 1239 4271 1004 14308 630 7199 9930 6390 341 2918 6756 1614 5154 2723 8750 503 1403 2511 708 9521 4636 403 1239 4271 1004 14308 630 2131 8390 6390 459 4452 2970 3801 3356 2592 1227 1814 716 4441 6263 575 708 9521 4636 403 1239 4271 1004 14308 630 6052 6390 503 8390 2131 630 14308 1004 4271 1239 403 4636 9521 708 575 6263 4441 716 1814 1818 2628 985 7867 15861 6390 500 889 2919 698 3132 503 1403 4441 716 1814 1227 4765 459 7602 6390 708 183 2879 9046 3706 1135 341 1814 716 4441 6263 306 8770 4640 4554 577 6390 700 3992 4012 698 3132 503 1403 2511 708 9521 4636 403 1239 4271 1004 14308 630 7199 9930 6390 704 704 14292 3706 9686 947 2715 8750 3132 698 1078 7296 409 6390 782 7296 500 11327 5180 2511 708 9521 4636 403 1239 1596 14316 6390 183 4452 2970 3801 3356 2592 1227 1814 341 1135 3706 9046 2879 3573 5246 6390 407 6494 1551 1239 403 4636 9521 708 575 6263 4441 716 1814 341 1135 14292 704 6390 403 3573 3440 5154 2723 8750 503 1403 575 306 8770 4640 4554 6390 698 4452 2970 3801 3356 2592 1227 1814 716 4441 1403 503 8750 6417 1054 6390 685 6709 6756 2879 9046 3706 1135 341 1814 1818 2628 985 7867 15861 6390 409 800 782 4636 9521 708 575 6263 4441 716 1814 341 1135 3706 9046 2879 605 6390 697 7335 2919 698 3132 8750 2715 947 9686 1135 341 249 7432 6390 800 8390 2131 630 14308 1004 4271 1239 403 4636 9521 708 575 6263 4441 716 1814 1227 4765 459 7602 6390 630 1173 11327 5180 503 2715 947 9686 3706 9046 2879 11297 6390 947 409 500 11327 5180 1403 4441 716 1814 1818 2628 985 7867 15861 6390 302 407 249 341 1814 716 4441 6263 575 708 9521 4636 403 1239 1596 14316 6390 1004 700 3722 4636 9521 708 575 6263 4441 716 1814 341 1135 3706 9046 2879 11297 6390 985 8390 2131 630 14308 1004 4271 1239 403 4636 9521 708 2511 1403 2715 947 9686 6390 1135 183 4467 3440 6417 3132 698 1078 500 1173 6390 889 6494 1551 1239 403 4636 9521 708 2511 1403 503 8750 2723 5154 3440 5102 6390 605 2918 183 2879 9046 3706 1135 341 1814 1227 4765 459 7602 6390 1239 704 249 7432 14747 2592 4765 459 7867 15861 6390 1173 3992 4012 698 3132 503 1403 4441 716 1814 1818 2628 985 7867 15861 6390 1227 409 500 11327 5180 2511 708 9521 4636 403 1239 4271 1004 14308 630 2131 8390 6390 1403 697 782 4636 9521 708 2511 1403 503 8750 2723 5154 3440 5246 6390 306 7432 14747 1227 1814 716 4441 6263 575 708 9521 4636 403 1239 4271 1004 14308 630 7199 9930 6390 1078 889 2919 698 3132 503 1403 2511 708 9521 4636 403 1239 4271 1004 14308 630 6052 6390 2131 409 7296 1078 698 3132 6417 3440 3573 2879 11297 6390 2511 9330 4640 700 403 1239 4271 1004 14308 630 7199 9930 6390 2723 4452 2970 3801 3356 2592 1227 1814 716 4441 6263 306 8770 4640 4554 577 6390 1596 4687 249 341 1814 716 4441 6263 575 708 9521 4636 403 1239 4271 1004 14308 630 2131 8390 6390 2592 4937 3356 2592 1227 1814 716 4441 1403 503 8750 2723 4572 6390 2919 1054 2723 5154 3440 3573 2879 9046 407 4687 6390 2918 302 2628 1818 1814 716 4441 6263 575 708 9521 4636 403 1239 4271 1004 14308 630 7199 9930 6390 3128 409 500 11327 5180 2511 575 306 8770 4640 4554 6390 716 6709 5154 2723 8750 503 1403 2511 708 9521 4636 403 1239 1596 14316 6390 3356 3128 2628 1818 1814 341 1135 3706 9046 2879 4467 5102 6390 2913 685 500 1078 698 3132 6417 5154 1614 6756 2918 6390 3313 577 4554 4640 8770 306 6263 4441 716 1814 1818 2628 985 7867 15861 6390 3132 4452 2970 3801 3356 2592 1227 1814 716 4441 1403 5180 11327 500 7296 6390 1814 3573 3440 5154 2723 8750 503 1403 2511 708 9521 4636 403 1239 4271 1004 14308 630 7199 9930 6390 3440 407 14292 3706 9686 947 2715 503 5180 11327 685 6390 3573 3313 782 4636 9521 708 2511 1403 503 3132 698 9579 6390 2879 4554 4640 8770 306 575 1403 503 3132 698 2919 7335 6390 3722 6486 306 9521 4636 403 1239 4271 1004 14308 630 7199 9930 6390 575 1054 6417 8750 503 1403 2511 708 9521 4636 403 1239 4271 1004 14308 630 6052 6390 3801 3992 4012 698 3132 8750 2715 947 9686 3706 14292 4687 6390 3706 685 11327 5180 2511 708 9521 4636 403 1239 4271 1004 14308 630 7199 9930 6390 4012 3992 4012 698 3132 503 1403 4441 716 1814 1227 2592 3356 3801 2970 4452 6390 3992 7602 459 4765 1227 1814 716 4441 6263 306 8770 4640 4554 577 6390 2970 407 249 7432 14747 2592 3356 3801 2970 4452 17 508 31 10777 7 3 4209 2007 2104 53 17 676 221 7 4119 276 2589 3082 35 3082 367203 202 33 5
17 676 221 7 4119 19 57 2589 3082 35 3082 295596 202 33 5
17 676 221 7 4119 19 67 8229 3082 35 278071 3082 105215 202 33 5
17 676 221 7 56754 1807 3082 35 122854 3082 131585 202 33 5
17 596 1030 89 10 549 147 6254 4650 71716 3082 210337 13063 5
238 10 3 767 946 4 282384 31660 2537 2069 3 2007 2104 5
17 380 2104 4209 24 3 282384 31660 16 392 10 20498 708 5
20498 708 5
3668 946 53 1925 1583 4209 24 3 282384 31660 35 380 2104 33 5
6390 42236 15 3 517 6390 249 1614 6756 3440 6709 5102 2918 183 605 2879 9046 3706 1135 341 1814 716 4441 6263 575 708 9521 4636 403 1239 4271 1004 14308 630 7199 9930 6390 341 11297 605 4467 3573 2879 183 2918 6756 1614 5154 2723 8750 503 1403 2511 708 9521 4636 403 1239 4271 1004 14308 630 2131 8390 6052 7199 9930 6390 459 4452 2970 3801 3356 2592 1227 1814 716 4441 6263 575 708 9521 4636 403 1239 4271 1004 14308 630 6052 8390 2131 7199 9930 6390 503 7199 6052 2131 630 14308 1004 4271 1239 403 4636 9521 708 575 6263 4441 716 1814 1818 2628 985 7867 15861 6390 500 3992 4012 7335 889 2919 698 3132 503 1403 4441 716 1814 1227 4765 459 3128 302 7602 2628 2592 14747 7432 249 4687 407 14292 3706 9686 7535 6390 708 6709 6756 2918 605 183 2879 9046 3706 1135 341 1814 716 4441 6263 306 8770 4640 4554 577 700 4636 9521 4481 575 1403 2715 8750 6417 1054 6390 700 947 2715 15844 5180 8708 11327 500 9579 2919 7335 3992 4012 698 3132 503 1403 2511 708 9521 4636 403 1239 4271 1004 14308 630 7199 2131 8390 6390 704 6417 5154 6709 6756 5102 4467 2879 704 14292 3706 9686 947 2715 8750 3132 698 1078 7296 409 500 11327 8708 5180 15844 2511 6263 4481 708 2913 6390 782 3992 2919 9579 7296 500 11327 5180 2511 708 9521 4636 403 1239 1596 14316 6494 1551 4271 697 800 3722 577 782 700 4554 4640 9330 306 4481 6390 183 4452 2970 3801 3356 2592 1227 1814 341 1135 3706 9046 2879 3573 5246 1614 5154 6417 1054 2723 8750 2715 947 9686 7535 14292 407 4687 249 7432 6390 407 9330 4640 4554 577 3722 700 782 800 3313 697 4271 14316 6494 1551 1239 403 4636 9521 708 575 6263 4441 716 1814 341 1135 14292 9046 704 6390 403 2918 183 11297 2879 605 4467 5102 1614 3573 3440 5154 2723 8750 503 1403 575 306 8770 4640 4554 577 3722 700 800 1596 1551 6494 14316 1004 6390 698 4452 2970 3801 3356 2592 1227 1814 716 4441 1403 503 8750 6417 1054 2723 4572 5154 1614 6709 3440 5246 3573 2879 183 11297 605 4467 5102 6756 6390 685 4467 183 11297 605 2918 5102 3573 3440 6709 6756 2879 9046 3706 1135 341 1814 1818 2628 985 7867 15861 6390 409 1596 4271 697 3313 800 782 4636 9521 708 575 6263 4441 716 1814 341 1135 3706 9046 2879 605 2918 5102 3573 5246 3440 6417 3132 698 4012 6390 697 685 1173 500 409 7296 9579 7335 3992 889 2919 698 3132 8750 2715 947 9686 1135 341 249 7432 14747 2592 1227 1818 2628 3356 3801 2970 4452 6390 800 6052 8390 2131 630 14308 1004 4271 1239 403 4636 9521 708 575 6263 4441 716 1814 1227 4765 459 7602 7867 985 2628 2592 14747 7432 249 704 6390 630 409 7296 500 1173 11327 5180 503 2715 947 9686 3706 9046 7535 14292 407 4687 704 2879 6756 3440 5154 4572 2723 8750 3132 698 1078 9579 7335 6390 947 183 4467 3440 5154 2723 1054 6417 3132 698 2919 889 4012 3992 7335 9579 7296 409 500 11327 5180 1403 4441 716 1814 1818 2628 985 7867 15861 6390 302 1135 7535 9046 407 249 341 1814 716 4441 6263 575 708 9521 4636 403 1239 1596 14316 1004 1551 4271 697 3313 800 700 4640 9330 306 6486 6390 1004 3313 800 1239 4271 1004 6494 1551 14316 1596 403 782 700 3722 4636 9521 708 575 6263 4441 716 1814 341 1135 3706 9046 2879 11297 183 2918 6390 985 6052 8390 2131 630 14308 1004 4271 1239 403 4636 9521 708 2511 1403 2715 947 9686 7535 9046 2879 4467 3573 3440 5154 4572 6417 3132 503 5180 6390 1135 4572 5154 1614 6756 2879 605 11297 183 4467 3440 6417 3132 698 1078 500 1173 11327 8708 5180 503 15844 2715 947 9686 3706 1135 14292 407 4687 6390 889 2131 6052 630 14308 1004 14316 6494 1551 1239 403 4636 9521 708 2511 1403 503 8750 2723 5154 3440 5102 2918 605 4467 183 2879 9046 407 4687 6390 605 7296 500 11327 8708 5180 15844 2715 8750 2723 5154 1614 5246 5102 4467 605 2918 183 2879 9046 3706 1135 341 1814 1227 4765 459 7602 2628 302 6390 1239 5246 3573 4467 6756 2918 5102 1614 5154 4572 6417 8750 2715 947 9686 7535 1135 3706 9046 407 14292 704 249 7432 14747 2592 4765 459 7867 15861 6390 1173 500 7296 1078 9579 7335 889 2919 3992 4012 698 3132 503 1403 4441 716 1814 1818 2628 985 7602 302 3128 4765 1227 2592 3356 459 7867 15861 6390 1227 2919 7335 9579 889 3992 4012 698 1078 7296 409 500 11327 5180 2511 708 9521 4636 403 1239 4271 1004 14308 630 2131 8390 6052 7199 9930 6390 1403 3722 800 1239 1551 1596 403 3313 697 782 4636 9521 708 2511 1403 503 8750 2723 5154 3440 5246 1614 6756 4467 605 2879 9046 14292 3706 7535 6390 306 5102 6756 4467 2879 9046 407 704 249 7432 14747 1227 1814 716 4441 6263 575 708 9521 4636 403 1239 4271 1004 14308 630 7199 6052 8390 2131 6390 1078 3992 4012 7335 889 2919 698 3132 503 1403 2511 708 9521 4636 403 1239 4271 1004 14308 630 6052 8390 2131 7199 9930 6390 2131 403 4636 9521 2913 575 708 8770 9330 4481 6263 6486 4441 1403 5180 11327 685 500 409 7296 1078 698 3132 6417 3440 3573 2879 11297 605 183 6390 2511 2879 3573 3440 6417 8750 2715 15844 2511 6263 575 306 9521 2913 708 8770 4481 9330 4640 700 403 1239 4271 1004 14308 630 7199 6052 2131 8390 6390 2723 4452 2970 3801 3356 2592 1227 1814 716 4441 6263 306 8770 4640 4554 577 3722 700 403 800 1596 14316 6494 1004 14308 630 6052 2131 7199 9930 6390 1596 1078 698 3132 503 2715 947 9686 3706 9046 704 4687 249 341 1814 716 4441 6263 575 708 9521 4636 403 1239 4271 1004 14308 630 2131 8390 6390 2592 4937 3356 2592 1227 1814 716 4441 1403 503 8750 2723 4572 6417 3132 698 4012 7335 9579 1078 7296 685 1173 11327 5180 2511 575 306 9330 8770 6390 2919 1135 9686 947 2715 8750 3132 6417 2723 5154 3440 3573 2879 9046 407 4687 704 249 341 1814 1227 2592 2628 459 3801 4937 3356 4765 3128 302 6390 2918 1135 9046 704 249 7432 14747 1227 2592 4765 3128 302 2628 1818 1814 716 4441 6263 575 708 9521 4636 403 1239 4271 1004 14308 630 7199 9930 6390 3128 3992 7335 4012 889 9579 7296 409 500 11327 5180 2511 575 306 8770 4640 4554 577 782 403 3313 697 4271 1004 14308 630 6052 8390 2131 6390 716 2592 14747 7432 249 704 2879 183 605 2918 6756 5102 6709 5154 2723 8750 503 1403 2511 708 9521 4636 403 1239 1596 800 3722 577 782 700 6390 3356 407 4687 249 7432 14747 2592 4765 3356 4937 3801 459 3128 2628 1818 1814 341 1135 3706 9046 2879 4467 5102 6756 6709 3440 6417 3132 698 9579 6390 2913 4636 3722 700 4640 8770 4481 6486 6263 575 2511 5180 11327 685 500 1078 698 3132 6417 5154 1614 5102 6709 3440 4467 3573 2879 6756 2918 183 6390 3313 9930 7199 6052 8390 2131 630 14308 1004 4271 1239 800 782 577 4554 4640 8770 306 6263 4441 716 1814 1818 2628 985 7867 15861 6390 3132 4452 2970 3801 3356 2592 1227 1814 716 4441 1403 5180 11327 500 7296 9579 1078 698 3132 8750 2715 947 9686 7535 9046 407 704 4687 249 341 6390 1814 5102 6709 6756 2879 183 11297 605 4467 3573 3440 5154 2723 8750 503 1403 2511 708 9521 4636 403 1239 4271 1004 14308 630 7199 2131 8390 6052 6390 3440 4452 2970 3801 459 3128 302 2628 2592 1227 1814 341 1135 7535 9046 704 249 4687 407 14292 3706 9686 947 2715 503 5180 11327 685 7296 409 6390 3573 403 800 3313 782 4636 9521 708 2511 1403 503 3132 698 9579 7296 685 1173 11327 8708 5180 15844 2715 947 9686 7535 9046 2879 11297 183 2918 6390 2879 1239 800 697 782 700 4554 4640 8770 306 575 1403 503 3132 698 2919 7335 9579 500 1078 7296 685 11327 8708 5180 15844 2511 6263 708 2913 6390 3722 889 2919 4012 7335 9579 500 1173 11327 8708 5180 1403 15844 2511 2913 575 6486 306 9521 4636 403 1239 4271 1004 14308 630 7199 2131 6052 8390 6390 575 2918 5102 5246 3440 1614 6709 5154 4572 2723 1054 6417 8750 503 1403 2511 708 9521 4636 403 1239 4271 1004 14308 630 6052 8390 2131 7199 9930 6390 3801 500 409 7296 9579 2919 7335 3992 4012 698 3132 8750 2715 947 9686 3706 14292 407 249 7432 14747 2592 4765 3128 2628 302 459 3801 2970 4452 6390 3706 1078 698 2919 3992 4012 889 9579 7296 500 685 11327 5180 2511 708 9521 4636 403 1239 4271 1004 14308 630 7199 9930 6390 4012 5180 8708 11327 685 1173 500 9579 2919 3992 4012 698 3132 503 1403 4441 716 1814 1227 2592 3356 3801 459 7867 985 7602 3128 4765 2628 1818 6390 3992 3356 2628 302 3128 7602 459 4765 1227 1814 716 4441 6263 306 8770 4640 4554 577 700 4636 9521 2913 2511 5180 8708 11327 685 7296 9579 889 6390 2970 1173 685 7296 409 500 11327 5180 503 3132 6417 3440 4467 2879 704 407 249 7432 14747 2592 3356 3801 2970 4452 17 508 31 10777 7 3 4209 2007 2104 53 3082 374559 202 4 3082 547681 202 4 278071 3082 20130 202 4 122854 3082 6494 202 4 71716 3082 13063 5
17 3455 596 1030 89 71716 35 10 549 147 6254 4650 33 16 9935 7 3 508 67 5937 53 17 74 6825 2464 3 596 1030 89 4 125 3 169 6825 2464 3 596 1936 147 6254 4650 1022 24 2589 5
81 678 6 333 2882 3 1277 7 3 3455 380 2104 80 7154 3 596 1030 89 147 3150 10 3 267 65 329 3150 7046 1667 3 19838 2785 65 4132 148 3 8416 8 5024 5
145 596 1030 89 16108 473224 13063 5
720 57 6254 992 71 34 27 596 1030 89 147 6254 4650 287 58 473224 13063 5
145 871 2464 798 4787 7 3 596 1030 89 5
17 71716 871 3455 24 3 282384 31660 16 2086 408 6 3 798 4787 4 95 57 71 7336 13 3 1277 7 3 2104 4209 24 3 282384 31660 16 2086 272 5
134 1589 3 1506 14 3 6254 992 1746 565 5
17 6254 992 1746 565 16 9 528 338900 565 446 19547 2104 16 841 6 384 4 3475 9 191244 1217 383 26 220 5
17 1506 1273 10 46 1381 16 543 15 3 147461 5309 13538 5
134 873 6 14391 3 221 7 1342 1807 4 6 12042 3 676 88907 89 7 70 1342 1807 4 8 6 12042 3 676 221 7 8229 10 3 992 5
134 1798 661 13 3 1273 282384 31660 16 2651 19 83 6599 10 3 6854 4 8 13 23 71 3855 10444 2506 496 4203 50773 400 5
17 1236 14 3 426 601 16 6 960 3 998 282384 4102 8255 19 3 9513 13 3150 7798 5524 15 3 6254 992 1746 4 21 166 21 10 3 267 7 3 2489 2785 1807 10808 297 537 6254 4949 5
17 1273 4102 144 26 3643 10 3 426 601 24 150 10 3 2376 558 221 7 1276 4 21 166 21 90 83 5257 12453 5