32412 16200 133 21 8 31 3192 154 3 380 312431 4290 7 19196 543 36176 17588 154 3 727 80024 14382 40638 2358 6481 650 5
527 4 65 2277 22 272 3937 4 83 16200 71 42977 10 3 213272 4 105 3 8 16200 5
145 162 6274 9 84 2673 8 8557 7 7732 7112 4538 6 30174 35 3 3519 13485 8 33 20271 5300 10 678 6 26077 3 213272 7 9 93836 543 37942 150977 2277 22 12739 8 22044 14 183 4 577 8 1410 216890 17 3519 13485 8 20271 5300 42 3564 538 114025 19 26831 7 503 8 500 51716 5
8616 19 3 231 7 2000 21946 4538 4 11771 4 49766 2376 8 3 29319 5018 4 3 8958 8 1952 10 3 19372 7 3 5369 16200 25 20271 5300 86 26 4400 5
17 536044 163 542 42 3 308 30392 2785 4895 35 403717 33 8 3 48 1510 270 60401 4081 8 175314 5
17 9345 522 1556 13 3 403717 303777 18 3 5052 8 104 5314 5
81 1243 4 3 403717 303777 1556 6 26 9 7716 8 6607 4462 14 213272 28917 137 20271 5300 19372 463 6 50 1952 4 9512 4 8958 8 11040 5
139636 6752 340755 4 105 3 35785 37942 4400 322 4 7902 32 3220 3109 7 9889 2763 8 4484 6 22533 4 81288 8 35214 463 6 3 68801 1102 7 59600 4 48614 8 215799 10 50 19196 40056 5
931 2763 132 27276 34344 4760 6647 35 25525 4 29227 4 323 152450 4 2391 33 5
17 3594 4484 111 9 1773 1079 7 5092 8 11789 20086 16 463 6 40 3419 364221 2763 4 2638 22 272 3937 5
931 64258 31 7081 170 10 3 6308 4 11468 4 4122 8 390 8 727 3609 35 215979 4 5282 109 323 28700 4 6962 109 1522 323 22312 4 3578 33 5
17 35785 37942 10 1654 29 1370 77403 4 907 10 1695 29565 10711 133 21 3 390 8 727 386 4 58 117 83 40076 35 53618 33 543 64258 5
23838 4 46 37942 16 220 1940 10 3 72960 48947 7 3 6706 3076 7 1863 3786 10790 8 83 1593 14 3 4824 386 5
527 4 454 2062 7 46 37942 4 133 21 46 1381 4 31 1622 6 474 3 1308 2505 7 50 2763 5
1498 40638 7 32 35785 37942 4 87 16 32 6696 7 90 3893 4 133 21 215799 35 139636 33 8 48614 35 8069 33 4 496 3 3248 4 2406 3 7 3 6285 3446 19 192 4122 3893 10 50 380 967 7 312431 4 47 522 10 3 27276 7 139636 2005 4141 8 31770 1325 7 2125 140439 35 215199 4 6962 109 215199 4 18329 4 323 216363 4 5981 33 5
145 19797 8 27276 7 3 5369 16200 71 337 3 9889 2763 7 3 37942 8 4472 50 4484 6 35214 35 7277 4 19619 4 3454 4 82021 4 323 5707 4 502 33 5
81 1243 4 3 139636 2005 4141 29 9 799 10967 397 13 3117 32 474 10 3 4879 312431 1079 4 363 3 37942 12947 6 312431 11607 35 34131 4 362242 4 323 111166 4 1095 33 5
527 4 32 6607 3394 7 3 40638 912 71 12042 3 7566 7 3 139636 2005 16200 8 24658 4 1128 50 37994 6 312431 11607 5
12502 4 23 16 59 533 6 3617 3 4141 8586 650 5
23838 4 1296 31 12752 3 231 7732 1442 4538 6 26077 456159 5
273 946 4 18124 4 133534 4 448862 4 8 40689 35 590 33 52090 3 167137 7 12643 2873 25 16171 25530 2233 3639 4 8 3 2104 1273 4 47 18 543 15 32 7732 97609 992 35 49894 33 4 2436 6 26 48 5314 5
18124 4 1376 10499 4 43520 4 8 40689 35 280 33 12072 3 456159 10 2233 7 432762 4 7712 4 8 52773 2008 31412 538 9 156936 97609 992 35 106153 33 35 18124 4 43520 4 1376 10499 4 323 40689 4 274 33 4 2106 198770 7732 97609 992 35 18124 12283 32330 4 280 33 4 8 538 30392 2785 4895 35 403717 33 303777 35 24713 4 26936 4 18124 4 295088 4 323 40689 4 6833 33 5
659 8612 3 456159 7 924 2008 5009 10366 4 107736 4262 671 19 32 106153 97609 992 35 18124 4 40689 4 323 43520 4 590 33 42 1622 5
527 4 3 2673 7 46 4538 31 34 2164 19 142571 1665 35 79022 4 20271 6619 33 4 46 110 57 7 3 689 12408 7 46 162 5
527 4 680 3 996 3915 4538 4 2069 19372 4309 14 28917 31 149 1272 5
659 3 282 7 129 2505 4 46 162 18506 3 2025 4 5394 8 308 403717 303777 4 14 74 89 6 26077 8 30174 3 213272 7 9 150977 2277 93836 543 37942 8 10 3 21 53113 164 5
145 308 29540 543 303777 9704 3 5195 4355 565 21 32 30392 2785 4895 66413 10 3 2419 904 17458 24 9 29540 4 35 24713 4 295088 4 323 13203 4 280 33 5
238 133 4 3 403717 303777 340 34 15564 3 19372 2485 21 9 27708 565 21 1510 536044 4 44 21 9 395088 338900 30392 2785 66413 25 90 629 5036 4 6173 21 30134 4 6 3 1652 30864 5
79 3297 6652 7 3 403717 303777 36 26 1303 61 10 8941 5
12502 4 3 689 733 7 46 162 18 6 8612 3 16472 7 3 403717 303777 6 4112 4 554 20271 3905 19372 4 3 223016 7 3 4141 8586 7 9 93836 543 37942 150977 2277 22 12739 8 22044 14 183 4 577 8 1410 18398 4 21 166 21 10 3 21 53113 164 5
49766 2376 35 119753 33 8 29319 5018 35 412518 1079 39406 33 42 220 10 3 2419 21946 4141 35 11771 4 445498 33 5
32926 628 35 1494 33 8 72031 3519 13485 8 5300 3564 19 67 3351 7 114025 35 503 8 500 51716 33 42 1109 5
273 9 454 3490 7 3 403717 3961 4 3 522 3455 42 677 19 3 1603 3439 538 3 1509 536044 4 10 1654 3 187305 8 175314 536044 5
17 322261 8 3961 7 72031 5300 2164 19 7732 1442 536044 6 26077 3 456159 7 9 93836 543 37942 150977 2277 8 10 3 21 53113 164 42 1091 24 3 522 5
238 300 21 3 4888 259 4 46 16 3 74 89 13 3 1102 7 12030 7065 15 9 93836 543 37942 29 45 10637 538 133 536044 15 72031 5300 4 47 754 3 522 2209 8 2994 7 23694 871 5
145 1381 16 4393 21 3177 53 10 3 161 2124 4 3 9345 3803 31 962 109 153 4 10 3 296 2124 4 3 9345 522 31 2209 8 2994 109 1435 4 10 3 740 8 73 2124 4 3 7951 31 2653 61 5
145 2124 5181 3 9345 162 617 6 3 3937 12739 8 22044 31347 3298 14 183 4 577 8 1410 18398 4 21 166 21 3 21 53113 1215 5
1532 109 3 960 17721 16 962 4 153 3 5923 7 3 35785 37942 5036 16 4605 5
23350 4 3 72031 5300 3564 8 3 1547 12865 31 2042 5
5583 4 3 2000 7 21946 4309 8 7732 1442 4538 220 6 650 8 30174 3 72031 5300 31 2209 5
2954 17721 35785 37942 36176 17588 15 32 90725 190434 3786 3446 1084 42 220 10 3 8365 5
17 4122 26735 7 192 2873 31 392 10 18124 4 7894 4 375814 4 64539 4 8 40689 35 2560 33 5
273 3 40638 9 503 26741 18629 80024 67126 84422 19 109284 18 220 4 8 6835 120430 35 52967 202 33 18 3112 21 3 28130 727 5
622 2979 41748 650 326 1351 3797 6 3 628 3310 284 8179 3 498 8 5268 154 3 40638 5
17 13521 7 3 7172 18 1303 61 538 32 1784 10051 284 4 98586 249 35 9 33 5
622 6062 2358 6481 4018 284 14 727 80024 14382 40638 35 33 18 220 6 1605 3 37684 3446 5
98586 249 35 8862 33 842 3 13267 1513 13 18 220 6 3929 3 6481 76 3 14382 5
145 1513 2228 9932 6 26 115 6 3 21365 19393 8 34193 7 3 6481 4018 5
17 72960 22989 18 3677 15 32 90725 190434 3786 3446 1084 5120 4 3979 10 9 22989 7 6180 98236 1054 98236 685 394507 5
17 1652 40638 19393 220 42 53 28785 79 7 40638 498 35 33 4 14382 33583 7 302 9485 4 1030 1952 3628 6 1004 4 40638 2760 9796 7 697 4 3 6481 4018 1952 3628 6 24990 4 14382 4385 7 183 26741 4 409 7 727 3154 8 14382 97760 6293 9 1405 704 16480 5
1516 2846 14048 848 3 6481 4018 2586 588 7 3 14382 72960 4 6481 5308 6 2844 3076 18 1206 22 9 3457 7 459 26741 4 3 6481 7146 10620 18 4154 4599 8 3628 6 4 8 3 67126 5308 10620 18 3601 22 5
659 3489 206 121432 19 2489 3191 17588 487 24 487 4 9 3457 3628 6 7 3 2007 72960 61400 22690 18 2203 21 32 5043 1092 5
1516 14382 84138 19393 42 53 97760 97727 7 704 26741 8 3042 4385 3628 6 4611 26741 5
33962 17721 220 10 3 40638 650 53 35 9 33 13370 284 4 35 8862 33 98586 249 5
33962 17721 220 10 3 40638 650 53 35 9 33 13370 284 4 35 8862 33 3929 6481 4018 8 7172 5
659 1657 9 183 26741 5474 22989 15 3 72365 4 550 10746 19 583 3191 42 17588 163 8639 40638 912 5
42412 5923 435 3 40638 4 3 22989 18 16384 25 3 72365 24 4759 98922 4 21 3 1943 7 518 18 97 3 35785 37942 5
1301 4 3 22989 18 3868 76 550 5036 109 108 5036 42 4406 6 2760 7065 4760 22 12739 4 108 22 22044 8 189 14 7065 400 7 183 4 577 8 1410 18398 35 47185 4 29227 4 323 152450 4 1278 33 4 8 3 1652 57 18 1206 21 3 21 53113 164 35 6494 18398 33 5
17 2277 5036 42 509 19052 19 3753 34189 22 787 4879 5
23350 4 3 550 5036 42 8004 6 5923 13 848 17453 4 38814 8 173215 67061 538 183 202 8303 19 9 5268 7 341 9485 5268 14 409 139815 2233 42 3564 538 9 15854 36417 23769 35 110709 33 17506 35 4425 22791 4 374 33 4 8 9 542 7 3 4122 11975 7 3 5369 16200 18 1303 61 137 536 84202 7 18274 35 40728 33 5
435 3 2376 4 3 3519 13485 8 5300 42 3564 6 8612 3 1102 7 7065 15 3 35785 37942 5036 5
91407 3905 6162 17 16236 13485 5533 8 1821 1569 5018 42 220 6 3968 3 3519 13485 8 4 72031 5300 35 323 518108 4 1422 33 5
766 3 5300 42 3455 538 1283 227025 72031 114025 53 57 7 503 51716 35 4 42967 4 1506 33 8 184 57 7 500 51716 35 4 42967 4 1506 33 5
17 1414 7 192 114025 18 543 15 3 4888 767 791 10 46 843 7 227025 8 2505 7118 3 2873 163 542 35 18124 12283 32330 4 590 109 375814 4 64539 4 37608 4 40689 4 323 4 590 109 7894 12283 32330 4 280 33 5
81 644 4 18124 12283 32330 4 10 18124 12283 3462 5
35 2560 33 4 661 13 192 26831 1556 6 26 3 104 6607 6 12262 3 1943 163 542 4 21 9 158580 19 9 10291 7 183 51716 2112 80548 3 20271 3905 4 8 57 19 9 10291 7 20584 51716 420 6 32 9545 13485 13 60516 3 3905 13787 4 2221 21379 3 8958 7 3 522 5
238 9 50519 1943 4 51737 104229 390 18 220 14 3 73805 13693 5
79 20271 2354 35 7861 23606 7578 4 3021 4 1506 33 18 220 3797 6 9 577 51716 2088 189333 35 102345 4 3021 4 1506 33 4 47 11584 3 72031 5300 6 9 1416 14 5447 4 538 9 12540 489 7 249 5
194006 3905 445498 8 19372 17 28917 18 1303 61 538 403717 4 175314 4 187305 19 141156 86265 89969 35 33 4 27728 8 395088 64431 536044 15 3 1494 3519 13485 8 5300 5
931 5300 42 59 538 2419 21946 4538 543 15 49766 2376 35 119753 33 8 412518 5018 35 39406 33 4 10 47 9 333 6652 7 192 4309 71 26 170 10 18124 12283 3462 5
35 2560 33 5
81 678 6 9929 11245 7444 4 716 5300 42 3564 14 290 5907 8 290 3519 13485 3905 39 2667 266 4 11771 4 9 676 7 7438 266 18 27279 4 8 290 3905 39 1317 266 4 3979 10 9 676 7 3963 266 14 46 542 5
435 3905 445498 538 3 119753 8 39406 4538 4 3 221 7 266 7 3 3519 13485 5300 18 1842 6 127121 4 11771 4 9 2807 7 2913 400 4 3 5300 6 47902 266 4 47 770 9 2807 7 889 400 5
18124 12283 32330 4 10 18124 12283 3462 5
35 2560 33 155 34 1384 13485 5300 276 445498 4 2711 13 3 528 221 7 266 115 40 231 150428 5
527 4 46 565 29 45 4417 106 3 536044 220 10 46 162 31 3254 8 48 1509 4 47 16 57 7 3 533 4117 27279 19 46 162 5
91407 5300 19372 14 3 28917 81 678 6 30174 3 1494 8 72031 3905 628 4 403717 4 175314 4 187305 4 187305 27728 8 187305 395088 536044 42 4723 8 677 5
273 70 536044 4 3 928 8 2279 16200 42 43420 538 3 73322 2858 25017 1217 15 3 216 31080 5
273 4631 5060 4 3 1153 8 2029 44398 42 43420 15 3 522 3455 24 290 303777 5
75750 2785 4895 303777 17 403717 303777 2520 3 565 7 5195 4355 21 9 29540 24065 10 9 392 2419 904 5
17 30864 31 3380 24 3 2419 83735 8 70 9906 31 6143 24 12029 4 10472 9 1332 29540 5
145 843 7 8593 16 9802 4 392 13 3 29540 340 34 236 6 26 12067 3380 4 8 29 799 2900 3212 5
17 24065 7 3 29540 16 1303 61 24 9 1223 650 148 90 629 5036 4 424 21 30134 4 47 582 30392 11023 6 3 1652 30864 7 3 29540 5
3194 13604 5907 15103 50 30392 2785 3472 35 135228 33 4 8 3 2137 7 70 38583 15103 3 30392 2785 4895 4 47 1929 3 610 6 3 303777 35 24713 12283 32330 4 280 33 5
17 403717 71 26 381 21 9 83538 7 3 166 424 280617 2106 31660 6 49075 30392 11023 25 9 1351 38105 6 3 1652 1603 35 280617 4 9348 33 5
17 689 1884 8635 15 3 644 13 403717 2527 9 197 7 1351 30864 4 11771 4 3 30134 4 19 120 2785 470 4859 5
81 267 7 280617 2106 31660 4 9 4859 13 19413 3 14382 17509 486 9 2785 18 3677 5
273 403717 4 9 4859 13 1929 3 3235 14382 2059 486 9 2785 16 220 35 24713 12283 32330 4 280 33 5
3062 20721 3082 249698 26 9 100402 10921 19 9 4859 4 10 47 249698 8 31 4 3995 4 928 8 960 2757 4 8 879 2567 249698 26 9 197 7 13604 5036 5
26786 4 3 403717 303777 10744 9 33770 19547 24065 7 3 2419 904 133 13 120 5907 2106 71 26 6401 232 6 46 24065 5
145 24065 16 32 30392 2785 4895 35 403717 33 43420 10 24 3 1973 7532 35 239979 33 31660 35 295088 4 4 323 4 911 33 5
17 403717 31660 142 26 220 19 120 6754 2785 470 4859 47 71 182 5036 19 825 2763 35 295088 12283 32330 4 911 33 5
145 162 220 3 2785 470 4859 4 47 16 43420 21 53 35 249 33 10 47 5547 35 2106 4 9575 33 770 3 3457 148 5036 2106 8 9575 4 8 9 2785 503100 16 4939 21 9 9149 7 9545 5036 5
238 133 4 35 503100 33 110458 3 3235 3457 148 9545 5036 10 503100 4 65 503100 16 34 9 18795 2785 5
17 403717 31660 48692 57 30392 2785 35 2106 33 25 2567 6 329 5907 2106 249698 4 26899 32 30392 2785 4895 3280 35 9 4859 19 93 12104 47 48692 6 290 2106 50 5155 3280 35 2106 33 10 35 2106 33 49 9 14862 37038 65 2106 4681 3062 1883 35 2106 33 2567 26 3 6808 7 35 2106 33 13 71 26 1049 25 3280 35 2106 33 33 5
17 403717 31660 110458 14 290 2106 249698 4 3 470 3298 35 2106 33 7 35 2106 33 4 3 4336 4659 35 2106 33 3082 35 1883 35 2106 33 33 4 8 3 5155 3280 35 2106 33 5
17 403717 303777 16 9935 7 67 9022 16200 53 35 4114 33 928 8 35 25547 33 19372 5
17 172 1092 9286 4 4363 4 7 1913 3 30134 8 8116 3 30392 2785 4895 4 47 16 3 1456 7 70 38583 11409 22 290 13604 5
435 13 4 9 5907 16 2142 25 3 960 5907 4 47 16 6143 23 6 70 3 5036 7 3 30392 2785 4895 4209 10 3 928 4141 5
25421 13 46 960 5907 16 34 8330 304 6 3 928 197 4 11771 4 23 16 220 97 480 5
17 161 7268 4301 46 4644 10 48 3856 5
12266 53 134 140 13 16 32 30392 197 7 30134 65 3 403717 31660 53300 3 19372 5464 14 329 2106 249698 5
71 26 170 24 14342 3 18423 7488 148 3 3033 15573 3472 35 90967 33 8 30392 2785 3472 14 35 4 4 4 4 323 4 359 33 5
17 928 4363 9286 7 1913 8 32 403717 303777 11409 22 5
999 8116 32 90967 10 3 1332 29540 35 249698 4 79 33 4 80 4498 9 3797 29540 446 30864 31 70 5036 7 249698 8 3 52463 31 176487 8 16036 24 3 14561 5547 148 9545 5036 5
17 30392 15573 3472 16 3 3472 13 29 3 248 5806 7 50 14382 677 6 120 83 15573 3472 10 3 1332 29540 5
81 3 90967 4 329 1808 7 5036 16 3797 24 9 837 2785 13 16 30392 232 6 5
214 16 4 3 3033 15573 3472 4286 57 30392 2785 3472 14 120 3467 6808 38105 5
17 30392 30134 31 3 5426 3893 7 3 90967 19 523 7005 10 249698 109 11771 4 3893 13 705 10 3 11140 7 3 3597 5
999 6375 3 52463 148 523 3597 4 40 9545 5036 343 30134 10 8 403717 71 49075 32 30392 2785 4895 19 3033 19372 5464 10 249698 5
66 144 26 1744 13 9 392 1427 142 26 3380 24 2489 30134 4 11771 4 30392 2785 2855 4 8 87 383 4447 22 248 57 13604 147 1427 5
55706 53 273 120 5907 9575 4 70 52463 9708 9575 19 5036 2106 249698 31 4605 4 21 377 9575 42 176 7 3 928 29540 5
17173 70 537 11023 25 6 9575 4 3 30392 2785 35 9575 33 25 16 170 8 9575 16 10921 19 3 1427 35 1883 35 9575 33 33 7 50 104 3092 3797 13604 1883 35 9575 33 5
145 2785 71 26 1658 51283 24 12752 3 30392 470 3298 35 9575 33 21 53 35 341 33 3062 3 38105 249698 26 3 57 13 44931 446326 35 341 33 4 11771 4 3 5155 3280 35 9575 33 10 3 30392 2785 35 9575 33 5
4036 13 4659 35 33 3082 35 1883 35 9575 33 33 4 3 19372 1122 48692 4659 35 33 21 3 1427 7 224603 622 3768 8887 65 4659 35 33 358571 35 9575 33 5
175314 303777 3062 9421 35 33 26 3 13300 7 9 392 5195 6 7857 6 1427 4 4114 3082 249 4 341 4 4 8258 4 47 71 26 4939 24 3 120540 167849 35 100936 4 1095 33 53 35 459 33 114 9421 35 33 16 3 13300 15183 4859 7 3 5897 13 31710 3 1427 4 8 3280 35 33 42540 6 3 13300 7 3 1427 1010 5
79 175314 303777 8050 289 9 5195 14937 9317 6 3 1427 65 53 35 503 33 47 71 26 29418 21 3177 24 538 446326 35 459 33 53 35 500 33 238 57 71 196 4 3 120540 303777 2106 421 4859 14634 35 14937 33 3082 9421 35 33 3280 35 33 7 9 392 1427 3092 5473 15 3 767 2505 7 9421 35 33 8 3280 35 33 4 3082 162236 4 4 128951 17 13300 2770 7 3280 35 33 31 9802 8 71 26 3455 24 17444 3 449563 7 3 3597 5
527 4 3 689 565 16 6 384 3 13300 15183 4859 9421 35 33 4 392 13 3 97 317 558 16 9 197 7 5897 8 50 12510 7005 5
79 1029 1407 16 6 4753 13 3 13300 15183 7410 31 201026 1603 4 8 3847 57 71 2882 40 19393 538 3 100402 5036 35 128359 4 6351 4 323 65731 4 1515 33 5
81 3 9424 61638 267 4 9 201026 15183 7 3 5897 25 1427 71 26 7154 538 53 35 708 33 10 47 8 483275 35471 6 3 1153 8 3 40056 7 1427 5
931 19393 71 26 3455 24 2016 290 5195 14937 13 9317 6 1427 538 3 508 42584 53 35 700 33 8 35 704 33 10 47 53618 770 3 221 7 5036 25 1427 5
9207 60401 4081 303777 364 7 3 4867 544 7 3 2854 3695 71 26 4216 21 53 392 67 3597 7 424 6034 4 23335 57 7 91 6 9 84 4000 5811 5
8616 4 3 6905 10 9 160072 5195 4355 16 6 44732 9 4859 35 323 518108 4 1422 33 53 35 782 33 3136 3 7 3 928 628 5
6297 15 3 5131 7 8466 552 156894 35 4 2391 33 4 3 187305 27708 650 16 1827 22 7601 9 14627 4859 125 41562 3 34113 13 6848 148 83538 8 72 10104 5
35 2391 33 1109 3 1427 7 10 90 19130 1247 904 4 35 183 33 114 4 12510 6 421 4859 53 35 407 33 8 4 543 15 3 508 67 4298 4 3 2234 1273 3 262707 22901 2854 31660 14 544 47 31 249022 24 53 249 5
2018 70 14627 3 628 4 87 6848 9 2665 19547 10236 24 3 3235 3053 7 8960 148 120 928 397 8 3 109 341 5
17 7 3 14627 17094 19 1723 3053 5
8616 4 6 13014 3 19547 4 23 16 1622 6 4855 53 35 403 33 1441 6 53 35 698 33 19 3 37863 35 698 33 5918 13 18365 35 94604 33 36 26 14 348130 3082 8 14 348130 3082 4 8 59 9990 3 2430 7 212239 79 3297 2898 7 192 4298 16 1252 24 8 518108 35 1422 33 5
17 4859 10 35 403 33 16 226 3 6905 4859 4 125 10 35 698 33 3 7410 31 3 15728 12453 5
9011 4 43 916 9 2395 18751 27708 565 5
17 14627 4859 16 153 9 16036 3109 7 3893 7 3 928 197 5
931 3893 31 226 270 83735 8 26077 3 11763 148 3 67 3597 5
17 3780 3876 6 21 3 54861 6958 35 323 518108 4 1422 33 16 220 6 2975 3 4102 7 536044 6 108140 270 60401 4081 5
527 4 141 19 3 1653 7 3 565 4 3 14627 142 149 34 4447 5
81 678 6 852 90 6200 6 9498 35 698 33 4 3 17617 23394 6494 31 2042 35 323 518108 4 1422 33 4 47 2697 6 3 12453 53 35 685 33 79 303777 13 337892 11076 16 153 170 24 6573 189 3 3053 35 137 33 8 3 5806 7 3 17617 23394 5
238 9 665 4 9 537 16501 7 133 9 4011 3053 303777 16 3455 24 29404 3 6905 4859 53 35 409 33 1441 6 3 37863 10 35 685 33 4 114 3 4599 3298 6117 6494 18020 3 1760 148 8 83538 5
13166 6 3 24220 12911 3298 4 192 5066 7 187305 543 536044 31 3615 3876 6 21 8258 270 58540 536044 35 8258 33 35 51695 323 4 3401 33 5
81 46 2124 4 3 9345 522 31 2209 8 2994 53 74 4 3 19372 7 3 20271 3905 8 50 17521 19 3 1943 456159 31 4605 4 8 153 3 110709 2376 7 3 35785 37942 2277 5036 31 12354 5
91407 5300 19372 17 1494 20271 3519 13485 8 5300 8 3 12510 5300 4 3564 538 503 8 500 51716 114025 4 42 6401 538 403717 19 3 8 2568 14561 4 9 175314 303777 4 8 59 538 187305 19 27728 4 395088 8 64431 5
17 19372 3961 8 1952 42 677 427 76 1250 3 8958 713 4 19372 400 8 6498 177751 5
8616 4 23 16 537 6 8612 3 5093 7 3 536044 6 1687 3 3597 9109 5
1301 4 110709 42 220 6 8612 3 282 522 3455 24 290 303777 5
17 5577 400 42 43420 10 9 897 1416 19 32 6015 136498 22 8370 62778 8 503 139375 7 39479 8 16803 56974 21 3 5257 284 5
55706 14 12030 7065 22 12739 65588 249 8 341 1379 3 8958 489 8 3 676 5447 89 4 3995 4 3455 24 290 303777 14 290 3905 21365 3136 3 12030 7065 22 12739 5
20498 249 5
29139 8958 713 14 12739 5
17 108 282 522 31 10 347161 5
158580 10291 35 51716 33 15791 7 3905 40476 5447 5533 403717 234324 297093 35 202 33 403717 2568 297093 35 202 33 175314 297093 35 202 33 187305 90977 297093 35 202 33 187305 395088 297093 35 202 33 187305 297093 35 202 33 503 119753 191360 196049 111243 250119 196049 93433 416033 196049 120002 250119 196049 153823 216719 196049 105065 190151 196049 136119 39406 387226 196049 111243 372147 196049 260986 320600 196049 117955 325411 196049 125141 387226 196049 132933 126254 196049 114577 421149 196049 112228 340659 196049 100445 406930 196049 135253 196049 104029 421149 196049 127382 106607 196049 64283 52541 13485 119753 325411 196049 109667 372147 196049 113108 168936 196049 117271 195639 196049 92234 203716 196049 100445 548878 196049 144309 39406 176569 196049 106500 548878 196049 43393 191360 196049 104723 307813 196049 125086 176569 196049 117674 196049 121330 196049 135253 509125 196049 138646 308794 196049 103876 509125 196049 158867 322379 196049 105065 106607 196049 64283 500 119753 196049 108614 329851 196049 125141 263408 196049 159736 282070 196049 132380 415618 196049 136412 282070 196049 70141 39406 216719 196049 117697 426976 196049 103934 416033 196049 122948 220265 196049 103876 220265 196049 93433 190151 196049 120002 196049 46285 540784 196049 137201 196049 192272 283255 196049 159736 283255 196049 125141 106607 196049 64283 52541 13485 119753 168936 196049 99934 325411 196049 110201 387226 196049 144309 306941 196049 125053 342941 196049 114191 468551 196049 120328 39406 372147 196049 165208 227333 196049 165314 168936 196049 127300 503979 196049 105065 426976 196049 119374 548878 196049 112893 335799 196049 119374 189375 196049 126796 308794 196049 166240 252226 196049 122864 275250 196049 99934 106607 196049 64283 20498 341 5
29139 19372 89 14 12739 5
81 347161 4 3 108 282 8958 522 4 21 381 10 20498 249 5
158580 10291 35 51716 33 15791 7 3905 40476 5447 5533 403717 234324 89 35 51978 33 403717 2568 89 35 51978 33 175314 89 35 51978 33 187305 27728 89 35 51978 33 187305 395088 89 35 51978 33 187305 89 35 51978 33 503 119753 31165 196049 48651 39940 196049 49912 32221 196049 43849 196049 196049 196049 1614 39406 37605 196049 47925 52445 196049 43117 36228 196049 54045 196049 196049 541954 196049 1054 32221 196049 52481 31165 196049 48445 151360 196049 57910 196049 15098 196049 42350 196049 889 52541 13485 119753 32565 196049 48445 45468 196049 38158 45943 196049 28107 196049 196049 196049 6332 39406 36696 196049 44179 59003 196049 40891 60961 196049 65981 196049 8944 196049 145523 512307 196049 2918 27529 196049 28544 55131 196049 28107 196049 60577 196049 196049 196049 500 119753 13540 196049 47973 44569 196049 28940 34014 196049 49472 196049 534713 196049 196049 2592 39406 60220 196049 46135 34621 196049 48432 40951 196049 62546 196049 196049 196049 4452 31555 196049 39566 31165 196049 48651 73522 196049 25343 196049 19183 196049 4554 196049 1135 52541 13485 119753 32565 196049 59305 41626 196049 31852 62906 196049 25343 196049 196049 196049 6052 39406 35151 196049 48432 40037 196049 33264 60984 196049 52445 196049 128220 196049 371602 196049 2970 59305 196049 28544 55131 196049 28107 196049 40181 196049 196049 196049 30962 17 282 8958 713 14 12739 42 3455 538 3 1494 5300 3564 22 503 51716 4 19 3 282 489 27279 24 3 175314 303777 35 257843 202 33 4 979 24 3 403717 19 234324 3457 35 421149 202 33 8 187305 19 395088 54861 303777 35 421149 202 33 5
273 192 536044 4 3 676 5447 400 42 151360 4 32221 8 51978 4 3995 4 7333 13 3 403717 18 48 58 407 400 3254 58 3 175314 8 180 400 3254 58 3 187305 303777 4 125 3 1884 148 3 282 8958 713 7 3 403717 8 175314 536044 18 97 9190 202 5
949 15 3 5300 4 3 403717 543 536044 42 3254 58 3 175314 8 187305 536044 5
14246 10 267 7 3 500 51716 84888 3519 13485 5300 4 3 403717 19 3 2568 3457 35 55131 51978 33 18 52 45053 400 3254 58 175314 303777 35 51978 33 4 8 48 58 400 3254 58 3 5052 543 303777 35 51978 33 5
17 145397 2442 19 403717 16 463 6 50 19372 31660 4 47 23809 9 177 4213 4230 7 3 960 5907 1547 6 30864 15 3 29540 9168 10 3 928 4141 5
145 4631 16 2173 10 9 46302 18348 4 4393 10 9 470 17073 678 154 3 928 4141 35 24713 4 18124 4 295088 4 323 40689 4 2560 33 5
355 3 13384 7318 9 38105 4 10 47 3 3457 6 3 960 5907 16 568 58 3 5155 470 4 3 31660 5211 3 19372 17066 4 3934 89 8 2352 3 665 103 4700 3 18348 5
145 16 617 106 70 3 1652 30864 36 27 9 568 470 463 6 3 470 4859 2209 10 35 341 33 4 47 36 34 26 2442 19 3 960 5907 5
17 6498 40056 14 3 282 303777 3136 3 12030 7065 22 12739 16 1595 10 20498 459 5
145 1870 6886 13 87 31 177 265 19372 5464 5
17 104 964 42 148 3 577 8 183 18398 3597 5
931 2334 31 1816 2247 24 3 2376 13 18 1303 61 4 121 3 89 566 148 6494 8 577 18398 42540 6 3 7566 8 7553 25854 7 3 16200 4 8 3 89 566 25 577 6 1410 18398 42540 6 3 27276 2005 10 79036 8 139636 4 11771 4 67 213272 3351 42 694 35 18124 12283 32330 4 2560 33 5
145 18 230 4 121 22 192 4290 4 3 8 13672 16200 31 189 170 15 3 1943 5036 4 463 6 40 13746 25854 1091 24 3 110709 543 8557 35 9073 33 5
273 1410 18398 4 192 16200 42 2112 14310 5
20498 459 5
56360 40056 14 3 175314 303777 12739 5
8664 1427 6494 18398 183 18398 577 18398 1410 18398 79407 21 35 202 33 6494 18398 87198 3921 94081 3921 183 18398 3921 232228 8963 21328 577 18398 21328 3921 87198 94081 1410 18398 94081 94081 94081 87198 5
55706 14 12030 7065 22 22044 65588 503 8 500 240 4 3995 4 3 8958 489 8 3 676 5447 89 3455 24 290 303777 14 290 3905 21365 3136 3 12030 7065 22 22044 5
20498 503 5
29139 8958 713 14 22044 5
17 108 282 522 31 10 347161 5
158580 10291 35 51716 33 15791 7 3905 445498 5533 403717 234324 297093 35 202 33 403717 2568 297093 35 202 33 175314 297093 35 202 33 187305 90977 297093 35 202 33 187305 395088 297093 35 202 33 187305 297093 35 202 33 503 119753 176569 196049 104029 426976 196049 136412 320801 196049 132380 196049 106533 416033 196049 115756 320801 196049 118607 39406 282812 196049 130143 153857 196049 100877 316384 196049 131244 325411 196049 95172 500053 196049 126984 372147 196049 135253 329851 196049 110201 275250 196049 117674 489721 196049 151488 434285 196049 110404 342941 196049 136412 106607 196049 64283 52541 13485 119753 316384 196049 207365 196049 119374 127723 196049 189857 426976 196049 196680 195639 196049 122864 307813 196049 135253 39406 540784 196049 46285 195639 196049 200963 196049 192272 176569 196049 134018 203716 196049 118607 176569 196049 189857 308794 196049 100877 509125 196049 192272 196049 87245 342941 196049 103934 220265 196049 114577 106607 196049 64283 500 119753 121384 196049 133035 304528 196049 155992 304528 196049 117955 326927 196049 125086 480697 196049 127841 195639 196049 122864 39406 196049 118718 127723 196049 118842 139817 196049 189857 122944 196049 234063 325411 196049 118607 122944 196049 89041 372147 196049 114191 195645 196049 134018 387226 196049 129453 153007 196049 120002 214613 196049 132380 106607 196049 64283 52541 13485 119753 227333 196049 169586 121384 196049 122864 227333 196049 188086 480697 196049 127382 126254 196049 89041 112126 196049 146444 39406 183755 196049 127300 202183 196049 118035 183755 196049 109677 298040 196049 46285 195639 196049 130455 112126 196049 117674 335799 196049 114747 189375 196049 104029 289940 196049 126796 306941 196049 215658 196049 126984 106607 196049 64283 20498 500 5
29139 19372 89 14 22044 5
81 347161 4 3 108 282 8958 522 4 21 381 10 20498 503 5
158580 10291 35 51716 33 15791 7 3905 445498 5533 403717 234324 89 35 51978 33 403717 2568 89 35 51978 33 175314 89 35 51978 33 187305 27728 89 35 51978 33 187305 395088 89 35 51978 33 187305 89 35 51978 33 503 119753 34300 196049 46135 43782 196049 40904 32221 196049 43849 196049 185393 196049 196049 4636 39406 38857 196049 44179 40475 196049 48651 36228 196049 54045 196049 196049 373062 196049 5102 35858 196049 48432 60722 196049 46307 151360 196049 57910 196049 24261 196049 29200 196049 947 52541 13485 119753 40951 196049 59574 45448 196049 33140 45943 196049 28107 196049 196049 196049 17955 39406 33236 196049 44973 38298 196049 53837 60961 196049 65981 196049 41847 196049 448193 409390 196049 4012 54144 196049 28107 55131 196049 28107 196049 60577 196049 554391 196049 452817 196049 36358 500 119753 40037 196049 35789 34014 196049 27063 34014 196049 49472 196049 196049 196049 5154 39406 36347 196049 35789 36347 196049 28940 40951 196049 62546 196049 196049 196049 1054 36635 196049 43117 35454 196049 47925 73522 196049 25343 196049 577 196049 2913 196049 1135 52541 13485 119753 38292 196049 46307 31555 196049 27063 62906 196049 25343 196049 196049 196049 3706 39406 40711 196049 42820 43748 196049 45184 60984 196049 52445 196049 70445 196049 49613 488515 196049 716 55131 196049 28544 55131 196049 28107 196049 40181 196049 196049 196049 30096 81 46 267 4 3 282 8958 713 42 3455 538 3 1494 3519 13485 5300 3564 22 500 51716 4 8 3 282 303777 713 42 3455 24 403717 19 2568 3457 35 60786 202 33 4 979 24 3 175314 303777 35 289940 202 33 4 8 187305 19 3 395088 54861 35 202 33 5
81 133 52950 4 3 676 5447 400 42 3628 6 55131 4 8 51978 4 3995 5
931 2334 3817 48 1798 3 7156 773 7 3 403717 543 536044 10 3510 93927 13 27 9 528 221 7 2000 35 10 46 267 4 2667 14 290 1494 197 7 3519 13485 5300 33 5
17 403717 303777 3455 3 282 8958 713 8 18 3 5052 57 4 110 180 45053 400 3254 58 3 175314 303777 8 400 3254 58 3 187305 303777 5
17 6498 40056 14 3 282 303777 3136 3 12030 7065 22 22044 16 1595 10 20498 708 5
66 16 530 13 3 282 19372 2273 14 3 5036 4 47 31 177 9022 25 3 83 3597 4 463 6 3 7879 6294 10 3 213272 8 1292 7 13672 16200 5
8077 4 3 1207 713 7253 6 3 165644 7 183 8 577 18398 5036 4 10 47 3 1892 7 13672 6294 42 7587 5
17 19372 7 3 5300 3136 3 5036 7065 14 1410 18398 2209 1927 333 522 463 6 3 1332 25854 7 3 13672 16200 4 21 1091 24 110709 8557 35 8941 9073 33 5
20498 708 5
56360 40056 14 403717 303777 3136 3 12030 7065 22 22044 5
8664 1427 6494 18398 183 18398 577 18398 1410 18398 79407 21 35 202 33 6494 18398 240390 8963 60966 41942 183 18398 3921 109575 13856 13856 577 18398 3921 71909 72214 21328 1410 18398 21328 8963 21328 60786 9073 5
110709 2376 8 50 17521 19 20271 3905 19372 17 36176 7 35785 37942 17588 24 3 40638 650 42 4406 6 2376 8 110709 4 47 1556 3 93836 40056 8 32 3844 1058 7 5369 16200 32299 35 16245 20399 33 22 3 49 3248 5
17 213272 7 3 21 53113 37942 1215 35 6494 18398 33 71 26 381 10 98586 341 5
17 1233 842 32 5369 4141 8 90 161550 19 100023 5
17 456159 1556 9 93836 40056 35 21111 3248 10 3 1973 33 19 90 5369 16200 32299 486 3 3248 35 122127 3248 10 3 1973 33 5
931 2846 16200 42 1658 21 139636 2005 4141 8 9 1812 19 7879 100023 5
931 16200 42 1658 21 139636 2005 4141 8 9 1812 19 7879 100023 5
110709 538 5369 35260 1571 3 93836 40056 8 3 98586 341 5
110709 538 5369 35260 1571 3 93836 40056 8 3 5369 16200 14 3 21 53113 164 6494 216890 98586 459 35 33 842 3 7 3 2277 5036 14 183 4 577 8 1410 18398 4 3995 4 10 47 3 13613 71 26 381 1798 5
98586 459 35 9 33 842 3 213272 12510 6 3 5907 2277 22 12739 14 183 18398 4 10 47 57 71 196 3 1892 7 4141 8 90 161550 7 5
26823 3 89 7 3 12030 3534 6 577 18398 35 98586 459 35 8862 33 33 87 18 9 964 2807 4 11771 4 25854 4 10 4141 2038 8 15209 10 3 37942 213272 2086 6 3 21 53113 8 183 216890 527 4 18124 12283 3462 5
35 2560 33 14580 13 3 13 1413 1240 6 26 17919 4 276 120 997 7 25854 5
238 133 4 138188 4 87 18 9 1978 1058 7 3703 6 3 16200 4 47 18 523 6 96 18 381 10 3 21 53113 8 183 18398 5036 35 18124 12283 32330 4 2560 33 5
79 3890 213272 7 3 35785 37942 5907 2277 22 12739 14 1410 18398 16 1595 10 98586 459 35 8258 33 5
81 46 267 4 3 213272 2573 32 460 1332 25854 7 3 16200 4 21 3 213272 18 107 460 4120 20739 24 3 8 93836 40056 5
17 483 13746 4141 25854 18 22319 24 3 19407 1892 7 11547 16200 35 18124 12283 32330 4 2560 33 5
110709 538 5369 35260 1571 3 93836 40056 8 3 98586 459 5
110709 538 5369 35260 1571 3 93836 40056 8 3 5369 16200 7 37942 2277 22 12739 14 183 35 9 33 4 577 35 8862 33 8 1410 35 8258 33 216890 332 3 12030 7065 4879 7 22044 4 9 528 221 7 13672 16200 42 6453 10 5036 2277 14 183 216890 145 4141 14310 28668 19 2201 6 3 7065 89 4 21 71 26 381 10 98586 503 35 33 13 240 3 6942 7 3 19196 543 72960 3446 4 2277 183 4 577 8 1410 18398 22 22044 4 3995 5
110709 538 5369 35260 1571 3 93836 40056 8 3 98586 503 5
110709 538 5369 35260 1571 3 93836 40056 8 3 5369 16200 7 37942 2277 22 22044 14 183 35 9 33 4 577 35 8862 33 8 1410 35 8258 33 216890 435 110 8004 6 9 12030 7065 22 22044 14 183 18398 4 3 213272 7 3 72960 3446 2548 9 964 337 5
187 18 9 84 2125 7 2846 4141 8 3 3568 7 3 2543 5369 4141 21 1595 10 98586 503 35 9 33 5
17 689 337 18 3 7566 7 9 84 4141 47 29 9 192538 100023 8 16 2005 10 139636 5
1210 3 6854 4 5636 139636 6752 19196 64258 6 272 3937 4 133 21 22044 4 142 321 6 3 7566 7 3 16200 19 192538 100023 4 47 1282 13 3 84 161550 3192 54 183 18398 22 22044 42 16200 5
40778 15 3 542 137 25530 2376 4 87 18 9 632 2807 10 970 7 192538 16200 14 3 93836 543 72960 3446 54 577 18398 7 7065 5
98586 503 35 8862 33 842 3 456159 2442 6 46 7065 1215 8 9 964 4472 10 3 1058 7 3 5369 16200 71 26 381 1798 5
81 1243 4 117 5298 19 17075 105 16200 8 90 1812 2005 10 139636 8 79036 31 1379 5
325878 3 89 7 3534 6 1410 18398 35 98586 503 35 8258 33 33 87 396 161550 19 7879 100023 35 1812 33 8 9 177 5206 27276 486 3 9431 8026 10 3 213272 4 104 849 8 4 42 170 35 7894 4 16581 4 153282 4 65358 4 323 6750 4 590 4 2076 33 5
17 6854 576 13 3 4141 7566 10 9 964 11036 71 26 8621 6 3 9889 2763 463 6 3 27276 7 34344 93836 543 64258 35 45160 4 4540 33 5
12502 4 10 3 267 7 35785 37942 4 47 16 9 3349 2104 9025 37942 4 3 27276 7 3 4141 16 97 1601 54 9 241 3534 89 22 272 3937 463 6 3 3349 2104 323774 37942 5
17 27276 7 3 4141 2697 6 9 4472 10 322858 35 47185 4 4 29227 4 323 152450 4 1278 33 5
1471 542 661 13 3 80359 8 132922 2362 5668 19 3 474 7 7065 4879 463 6 3 27276 8 127737 7 3 13672 4141 35 25525 4 29227 4 323 152450 4 911 33 5
145 162 12354 3 3961 8 8958 7 7732 1442 4538 6 30174 20271 5300 4 4719 628 35 1494 33 8 2419 3394 4309 35 445498 33 4 3519 13485 8 5300 3564 22 26831 7 503 8 500 51716 6 26077 4 6 28917 3 223016 7 4141 48369 15 9 139636 1084 37942 4 150977 2277 22 12739 8 22044 14 183 4 577 8 1410 18398 4 21 166 21 10 3 21 53113 1215 5
81 4974 6 46 162 4 3 508 7951 71 26 2653 61 53 35 249 33 17 522 1556 13 72031 3905 19372 538 308 7732 1442 4538 4 2638 3 403717 4 175314 8 187305 536044 42 3538 6 3 893 10 3 35785 37942 4 8 4213 6 2705 3 7566 7 3 5369 16200 154 3 40638 650 4 21 166 21 3 4141 8586 223016 463 6 3 523 12030 7065 400 109 35 341 33 17 282 8958 713 14 12030 7065 22 12739 42 3455 538 3 175314 303777 15 3 5300 3564 19 9 503 51716 158580 35 406930 202 4 10 151360 51978 33 4 979 24 3 403717 19 2568 3457 35 421149 202 4 10 32221 51978 33 8 3 187305 19 395088 54861 35 421149 202 4 10 51978 33 536044 5
66 16 533 6 397 61 13 3 403717 18 3 5052 303777 10 70 8365 5
273 3 12030 7065 22 22044 4 3 282 522 42 3455 538 3 403717 19 2568 3457 15 3 3519 13485 5300 3564 19 3 500 51716 158580 35 189375 202 4 10 55131 51978 33 4 979 24 3 175314 35 289940 202 4 10 51978 33 8 3 187305 19 395088 54861 35 202 4 10 51978 33 536044 5
2569 4 3 403717 18 146 2025 58 3 461 4 907 2016 3 528 221 7 2000 109 35 459 33 17 19372 538 3 403717 303777 2228 3 231 7 3 4719 628 5300 4 463 6 50 53562 8 2025 5447 4 8547 3 236 14 445498 4 8 23 29 9 177 272 19372 8958 5
35 503 33 66 16 177 533 1963 13 119753 8 39406 2419 21946 4309 155 34 27 3 230 1102 15 3 403717 522 35 8958 4 8 1649 8 960 400 33 4 480 13 50 773 18 34 7156 6 72031 5300 19372 538 4719 628 35 1494 33 5300 5
145 16 106 7 3 53562 7 3 403717 303777 5
527 4 14 461 536044 4 3 676 89 18 287 58 3 89 2016 3 4719 628 4 8 19 287 8958 5
6297 15 3 522 3455 10 10366 48975 3 20271 5300 4 23 16 537 6 8612 3 7065 912 6 47 3 35785 37942 18 4406 6 5
473 3 231 7732 1442 4538 8 20271 142571 6619 4 23 16 537 6 4764 3 282 1129 6 1626 61 4518 416 4 2790 569 8 4518 89 5