17 21717 7 17315 8 46333 3648 14 42701 3490 48737 29 343 1576 4321 463 6 3 7453 6 15564 5775 12911 13693 5
49474 32542 2642 35 439493 33 31 1109 21 26851 8 13857 4538 14 628 9088 8 10900 5
17 198770 4434 35 113757 33 16 32 32601 49894 220 14 628 928 6 30174 8 2875 4517 5897 10292 10 3 9796 628 904 5
26010 7 16 4116 14 13851 39177 5897 10 8497 7400 24 17938 4122 4 2215 4 8 23394 10 3 7379 7 4550 1543 8 13980 10 3 1277 7 3 5036 5
5126 35 9424 3082 407 33 4 4505 35 9424 3082 2918 33 8 27672 35 9424 3082 3992 33 5036 25 179 692 10 3 10580 4720 35 4515 33 42 6401 543 15 40 4122 4 131198 8 2215 23394 7623 3 113757 5
17 522 3455 10 46 542 1252 4321 3490 538 3 113757 43971 5615 8 5042 7400 7 3008 13 250 1871 1117 4107 8 59 581 8510 20484 14 1783 421 363 8 31611 1945 5
5348 506 133 21 509 4 4505 8 47391 31 12947 6 217094 25 1678 1543 8 9963 4 24658 557 6 20554 10 552 3490 421 363 8 891 5
21542 1277 3490 1170 7 192 506 538 3592 3803 13 24643 3 29570 8 29570 7379 4 458371 4 4 24359 4 10320 4 660 7 1896 8 2215 955 8557 7 192 18264 31 533 35 11647 4 359 109 11647 323 4 502 109 4 238009 4 4645 4 323 4 911 33 5
17 4500 7 964 5775 19963 538 272 8252 8116 8 7732 1442 10 11367 4550 926 16 3456 10 1994 5711 14 331820 8 891 1170 13 31 666 14 433 8609 5
33194 7 2215 4 4122 8 131198 93927 24 770 7 7601 8 53661 3 1322 148 23394 538 234675 4538 27 45 217 10 307 6854 35 17411 12283 32330 4 359 109 4 83924 4 113865 4 323 4 359 109 434317 12283 32330 4 359 109 3751 28019 44384 323 268169 4 502 33 5
18693 18264 133 21 3 130015 40023 29920 35 121537 33 8 3 111976 35 353949 33 27 45 2875 12072 10 8497 3248 35 23288 12283 32330 4 1095 33 538 234675 19816 4309 35 12283 32330 4 2391 33 133 21 109 3 3610 6825 2376 35 48694 33 19 10235 4 241838 421 363 35 33 4309 4 8 3 52301 10753 2376 35 49550 33 35 90375 12283 32330 4 1422 109 192342 4 4 4 4 323 4 1095 109 4693 17196 12283 32330 4 911 109 4693 9233 4 462574 4 50349 4 37479 4 323 91293 4 502 109 163314 12283 32330 4 359 109 4 4 323 4 502 109 258064 4 13281 4 1072 4 323 258064 4 2391 109 258064 4 11406 4 258064 4 5740 4 323 13281 4 911 109 36355 4 12090 4 28724 4 323 12090 4 1095 109 19118 323 4 1515 33 5
1516 2062 27 3677 192 4538 14 3 9088 7 3446 217094 10 47391 8 31613 35 235218 12283 32330 4 1422 109 153554 12283 32330 4 502 109 77149 12283 32330 4 359 109 7914 12283 32330 4 1095 109 4 2391 109 30032 4 342782 4 323 1844 4 3401 109 385476 4 4 4 323 4 744 33 5
4315 4 13744 4 8 19479 35 911 33 220 3 47 16 3682 7 32601 2854 14 3 19372 7 3446 217094 10 4505 5
77730 113757 4309 27 45 220 10 509 1277 3490 42211 14 42701 1543 7379 4 5195 4355 8 19372 35 1604 323 87569 4 502 109 4 500445 4 4 323 4 280 33 5
17 68076 10076 7 1784 1715 27 45 42562 24 11700 3 2854 31660 14 3 7379 8 9088 7 3 3898 148 3 5559 23394 8 3883 3259 27672 5036 4 3096 3 2505 7 10883 1543 8 785 3622 6 4092 35 155795 12283 32330 4 502 33 5
27 45 220 10 1973 19372 35 20986 4 3578 33 4 1150 4355 35 4 4973 109 4 4 323 4 280 33 4 67818 7 1735 35 4 268911 4 4 323 4 2804 33 5
18608 8785 6 3 113757 4538 71 26 170 10 35 6760 33 8 4 4 211541 4 8 345148 35 3401 33 5
17 542 352 4 3 10580 4720 352 35 33045 33 16 2852 10 3 1289 1372 176 7 4515 4 35 98586 249 33 5
42412 42 3883 25 218 523 3248 10 3 352 109 51883 4 4 344140 4 8 117508 35 98586 341 33 5
32980 7 542 1265 1571 3 10580 4720 352 35 33045 33 21138 8026 98586 249 5
32980 7 542 1265 1571 3 10580 4720 352 35 33045 33 21138 8026 5
40373 3459 4 96228 51883 109 18039 4 113499 344140 4 90165 4 8 28106 98586 341 5
40373 3459 4 96228 51883 109 18039 4 113499 344140 4 90165 4 8 28106 117508 2584 5
145 601 1101 18 15 3 4321 8 6943 7453 8 2673 7 3 5533 14 3 19372 4 9088 8 43971 7 509 4 4505 8 27672 628 5
145 18 3047 10 15826 3 31124 16022 4 458371 4 29570 8 59 5548 3 1277 7 3 26119 2873 5
101627 1265 8 628 197 81 46 542 4 628 18 3883 25 11297 12540 1265 7 3076 8 5033 509 4 47391 8 31613 5146 72 108 3248 10 3 33045 35 98586 249 33 5
2625 5036 42 3883 10 51883 938 30934 1715 8 32 1221 1193 7 3963 12559 5
1516 692 19 2086 528 6482 8 19 586 7 2215 4550 133 21 3 4 344140 8 692 42 59 26119 10 3 542 5
17 93927 10637 10 46 542 539 4122 23394 133 21 109 4 205654 4 356909 4 259804 4 214306 4 97876 4 191042 4 53618 4 314121 4 18474 4 3 5806 7 700 56735 130015 40023 29920 35 121537 33 4 3 5806 7 183 14510 56735 121537 4 5806 7 676 10990 33609 4 5806 7 61963 4 151616 4 522725 8 368756 35 33 4 8 341 29570 19393 35 44674 8 29111 33 5
17 1545 8677 42 10637 538 21946 4309 4547 19 178 7585 5018 5
121537 42 1804 538 2199 98209 9674 35 118447 33 35 4 4 19184 4 12466 4 323 4 502 33 5
9007 15 5907 2137 31 2209 10 767 15355 8 59 962 24 12283 3462 5
35 359 33 8 4 509026 4 8 22412 35 2560 33 5
17 10777 7 3 121537 10637 8 3 77554 31 2209 10 20498 249 5
20498 249 5
41426 121537 10777 10 26119 506 5
79385 59365 261942 3750 75370 5
357702 5
35 19440 33 252031 22 605 35 33 290460 138286 341 2482 274116 341 341 2482 274116 162538 341 2482 270396 30082 341 2482 463613 20311 459 2482 254140 3918 422988 459 2482 264571 30632 38691 459 2482 264571 4467 503 2482 15098 437483 503 2482 320896 19183 37707 1356 9 1362 200518 503 366935 407 520894 503 27916 366935 7627 301595 1356 8862 1362 503 27916 303829 7259 301595 1356 11856 1362 503 27916 303829 7259 301595 1356 9 1362 437483 208842 500 303829 9525 1356 9 4 18398 1362 500 424416 7257 301595 1356 1362 708 2482 465681 6822 35 235011 93113 33 437483 494203 708 27916 327820 61963 4 4 169985 8 368756 55706 14 53833 53 99534 10520 746 53833 109 27916 2285 56735 6 4092 35 424 49 1574 660 10 4092 49 6607 660 10 2226 44 9482 660 14 4092 33 109 2482 14510 358553 21 56735 6 4092 5
9 141302 7 54903 25 5189 8 35 359 33 5
8862 81 5
8258 112148 35 6104 33 5
7117 9974 4434 35 113757 33 17 534539 1586 35 33 8 113757 176107 1185 341 18 220 14 3 113757 2376 35 4 511419 4 4 323 4 2391 33 5
17 9796 628 18 3 5559 23394 8 3 2770 14 70 3459 5
17 113757 4462 18 3677 6 864 3 9796 628 35 19 41748 17020 33 76 331242 72178 2981 24 201 137 9 928 4141 8 59 12095 3 220973 2000 10 3 9796 628 904 5
17 17592 7 3 113757 4589 3 6214 7 23791 15 9 49178 7132 4 114 290 61279 16 2442 19 9 13604 2059 60401 13 4263 3 17046 7 3 9796 628 23394 5
17 113757 220 10 46 542 18 3559 538 3 11775 928 31660 21 962 10 35 1278 33 5
17 23394 3455 25 3 10637 5036 31 2209 21 83735 10 3 9796 904 6 3 113757 992 70 671 35 11775 928 4 33 5
17 17592 220 10 46 542 16 2209 10 98586 459 5
17 66413 456 24 699 307 61652 114 3 1570 3457 148 3 9796 60401 8 290 2059 60401 35 234324 3457 33 16 7154 8 3 61279 2059 19 3 19838 3457 3890 7 32 9796 60401 16 3112 21 3 282 61279 226 3 282 7100 1513 35 33 5
17 17509 31 3353 22 290 89 1092 4 153 3 37839 2059 83735 2742 3 16036 14407 7 3 83735 2209 10 3 9796 904 5
81 3 928 4141 4 3 113757 13875 33855 6928 24 20144 76 3 9796 628 8504 35 12283 32330 4 2391 33 5
17 773 47 1599 12244 825 23791 35 33 4108 2852 10 3 3354 904 35 15 9 7132 10 916 7 9013 33 543 15 3 5559 14561 3703 6 3 9796 83735 5
108799 7 3 542 538 98586 459 5
108799 7 3 542 538 5
113757 1708 1783 522 47 31 2093 123429 8 11737 25 3 4209 6825 3647 35 541430 33 8 9013 5
81 46 542 4 543 15 3 23394 5559 25 3 5036 3883 25 3 3459 35 98586 503 33 4 5036 10 3 216 1513 36 240 48 13980 8 3380 2211 15 3 4434 4 125 5036 19 523 5897 31 2852 300 305 25 290 83 5
33336 19 216 2059 83735 31 3380 15 3 216 51542 4 3475 3747 51542 3628 6 3 221 7 3 628 23394 5
21164 3490 7 3 541430 4853 3 5195 10292 10 3 628 8 143 3 2770 1724 10 3 9796 904 5
39355 4 27672 8 3076 509 8497 25 390 9041 10 542 352 35 9 33 98586 503 5
39355 4 27672 8 3076 509 8497 25 390 9041 10 542 352 35 9 33 35 8862 33 117508 8 35 8258 33 344140 5
52562 7 3 9796 628 19 40937 4538 538 3 113757 31660 18 3677 5
66 16 3456 6 39775 3 23394 121 3 113757 5447 4589 3 14555 7 14561 25 57 60401 6 184 35 12283 32330 4 2391 33 5
149091 8586 18 3677 6 3 9796 628 538 3 4859 10024 125 3 1153 7 3 1570 23394 10 3 9796 904 42 48871 6 4568 8 3 48517 6 5580 538 3 4859 125437 5
17 2770 7 3 23394 42 180305 6740 8 12010 4568 6 5580 538 3 4859 1079 5
931 108 40937 3803 42 3677 6 290 9796 93927 103 8409 6 3 113757 2854 2344 5
17 3101 7 3 4434 16 5559 19 3 231 7 3 3768 35 19623 33 4 47 1170 3 1884 10 3 3457 35 596 33 148 3 8 290 1513 10 3 9796 628 904 35 4 1278 33 4 125 3 1058 7 329 628 60401 15121 87 16 93 358703 148 3 74 8 169 16 5559 538 3 110818 3768 35 41550 33 35 12283 32330 4 3495 33 4 46 30688 3 151438 7 3 628 5
273 290 40937 5533 4 41550 8 19623 31 1109 6 10792 3 3394 7 3 4434 1646 4 3 42726 2770 7 41550 8 19623 13 16 408 6 3 9796 628 1646 3001 3 104 6943 4434 1646 14 3 113757 2854 8 928 6589 5
66 16 3047 6 5339 3 3206 4434 1646 109 3 565 7 72 10104 142 38220 92 3 221 7 5036 16 1731 58 3 221 7 4434 2367 35 1604 323 87569 4 502 33 5
349 3 83 881 4 92 3 221 7 4434 2367 16 146 1731 58 3 221 7 5036 4 3297 317 250 26 372 10 3 650 35 4 4 35568 4 39516 4 323 2752 4 744 109 227295 323 13320 4 280 33 5
81 46 542 4 3 30392 4434 9059 42 3112 14 3 992 928 54 307 3524 19 83 9059 4 3 41550 8 19623 42 220 6 1415 3 30371 8 5188 35 1277 33 7 3 30512 4434 1646 5
42412 19372 19 113757 10765 390 16 9 1812 8087 7 5800 8 83 9963 4 3348 29920 8 114944 7 8677 8 59 5092 9963 5
270698 182828 8 10320 31 3456 14 4550 3490 8 8557 5
342418 1618 3576 528 3318 7 1597 223083 10222 15394 4 47 31 424 6 2831 18264 24 4 1812 1557 22 3 11924 5
175596 53388 31 424 6 26 27672 38387 8 3 926 7 10883 71 26 123429 538 3 113757 6825 3647 35 8258 3647 33 5
17 113757 6825 3647 7 3 9796 23394 14 3 5036 31 12859 10 194896 5
5
17 198770 4434 7 290 12911 42540 21 2209 10 3 915 6 3 4434 7 3 5907 3459 10 98586 341 5
3194 81805 1513 15 3 4434 170 22 9 1654 2737 15 3 523 6825 3647 29 3 216 2737 15 3 1513 4434 5
17 2770 7 3 523 5937 31 3380 538 523 8130 19 3 2430 15 3 243 7 290 6825 4434 5
8258 3647 7 27672 23394 6401 538 3 113757 98586 99264 8258 3647 7 27672 23394 6401 538 3 113757 5
8258 3647 7 4505 23394 35 56735 121537 33 6401 538 3 113757 98586 61418 8258 3647 7 4505 23394 35 56735 121537 33 6401 538 3 113757 5
8258 3647 7 4505 23394 35 14510 56735 121537 33 6401 538 3 113757 98586 88080 8258 3647 7 4505 23394 35 14510 56735 121537 33 6401 538 3 113757 5
8258 3647 7 4505 23394 35 676 121537 10 33 6401 538 3 113757 98586 103984 8258 3647 7 4505 23394 35 676 121537 10 33 6401 538 3 113757 5
8258 3647 7 4505 23394 35 8677 33 6401 538 3 113757 98586 116139 8258 3647 7 4505 23394 35 8677 33 6401 538 3 113757 5
8258 3647 7 509 23394 35 8677 33 6401 538 3 113757 98586 102138 8258 3647 7 509 23394 35 8677 33 6401 538 3 113757 5
8258 3647 7 509 23394 35 121537 33 6401 538 3 113757 98586 114032 8258 3647 7 509 23394 35 121537 33 6401 538 3 113757 5
17 12048 3457 35 28825 40056 33 21 2209 10 3 113757 3354 1708 3 43971 7 3 3703 14561 148 3 23791 5
24703 26914 16 2875 220 6 240 3 7154 3457 3272 148 9545 23791 5
79 9561 4591 15 3 28825 40056 6154 3 30751 7 3 83735 10 3 9796 904 125 14831 8130 3001 1978 14561 148 60401 2770 10 3 9796 904 5
17 28825 40056 59 2939 6 2705 18679 10 3 93927 5
17 113757 4644 538 3 28825 40056 1708 3254 2505 543 9088 7 3 9796 100402 23033 5
113757 27672 9088 17 113757 4434 9059 42 3467 24 2016 3 4434 1277 538 3 108 40937 4309 35 10024 4 125437 4 1079 33 24 6098 3 4434 1646 19 3 2654 41550 8 19623 871 5
20498 341 842 3 10028 7 3 523 4434 1646 1109 14 3 523 5036 4 3 30392 1646 18 3467 14 290 12540 2873 543 15 42726 2770 14 41550 8 19623 5
273 3 2376 7 3 27672 5036 10 3 542 352 4 3 10024 40937 594 3 282 4434 1277 19 9 1054 4434 1646 35 79022 5
183 98236 708 33 8 19 41550 3082 6494 4 19623 3082 60226 35 20498 500 33 5
17 221 7 23791 35 9424 3082 1054 33 31 59 408 6 3 221 7 5036 35 9424 3082 3992 33 5
17 151438 7 3 9796 628 18 5099 10955 19 41550 3082 6494 47 16 3047 35 4 1278 33 5
17 6825 3647 35 8258 3647 33 7 3 782 9796 23394 31 3380 10 98586 341 3 43971 7 3 18679 42 20895 363 3 9088 2538 5
17 8258 3647 7 3 9796 23394 14 3 27672 21 1595 10 98586 500 6401 3 523 23394 8 463 6 3 8355 1896 7 727 45447 10 3 692 15 27672 4122 11975 4 799 2770 7 44674 4 455151 8 205654 42 2236 10 3 26119 352 5
187 31 2238 10 3 352 7 217094 19 272 42701 6163 8 907 33609 7353 5
32195 3 294 1421 35 46555 33 1172 7 3 542 692 35 98586 500 33 4 27672 217094 42 2118 6 26 8355 21 2400 6 3 1615 692 19 272 16022 7 4 121537 8 5
121537 8 16022 42 6453 6 26 137723 8639 3392 3 2177 7 9 1029 1351 7 217094 10 3 352 4 3 3235 2770 7 121537 8 3201 10 3 47391 42 22 2272 266 2824 24 3844 30934 1715 4 8 192 2770 4472 1537 3 294 2885 35 25063 33 692 44 474 10 3 3634 2586 6 70 83 1172 5
17 16022 31 568 14 3 1615 4410 7 3 4434 19 3753 6 799 2770 180 3 1055 5
145 6347 2048 13 90 653 7 31611 1945 27 45 1303 61 10 90 4254 692 10 46 642 19 272 746 1193 5
20498 341 5
7337 40937 35 9424 3082 3992 33 14 113757 1277 1170 35 19623 8 41550 33 7 523 4434 9059 5
270698 124231 39775 433053 39775 80437 39775 1079 32980 1646 41550 19623 32980 1646 41550 19623 32980 1646 41550 19623 782 98236 503 3082 2592 229925 782 98236 503 3082 2592 435761 782 98236 503 3082 2592 229925 704 98236 500 3082 716 318334 411972 704 98236 500 3082 716 229925 704 98236 500 3082 716 458807 183 98236 500 3082 575 435761 183 98236 500 3082 575 229925 476981 183 98236 500 3082 575 229925 782 98236 708 3082 3992 229925 782 98236 708 3082 3992 402336 540249 782 98236 708 3082 3992 435761 183 98236 708 3082 1054 435761 183 98236 708 3082 1054 229925 402612 183 98236 708 3082 1054 229925 407 98236 708 3082 4572 229925 407 98236 708 3082 4572 435761 266005 407 98236 708 3082 4572 435761 407 98236 700 3082 6486 435761 407 98236 700 3082 6486 435761 407 98236 700 3082 6486 435761 403 98236 700 3082 7432 435761 403 98236 700 3082 7432 229925 450331 403 98236 700 3082 7432 435761 9102 5
39355 113757 9088 17 2376 7 3 4505 5036 10 3 542 19 5092 42701 23394 18 59 2209 6 3 113757 5
273 3 4505 8 3 10024 40937 1658 3 282 4434 1277 19 9 577 4434 1646 35 79022 5
302 98236 500 33 8 19 41550 3082 259451 4 19623 3082 137281 35 20498 459 33 14 3 4 8 9 7555 1513 4434 1646 35 79022 5
605 98236 500 33 19 41550 3082 435761 4 19623 3082 35 20498 503 33 14 5
631 14 3 4505 3 1079 40937 594 3 282 4434 1277 19 9 577 4434 1646 35 79022 5
302 98236 500 33 4 41550 3082 435761 4 19623 3082 35 20498 500 33 5
17 221 7 23791 35 9424 3082 577 33 31 18089 408 6 3 221 7 5036 35 9424 3082 9330 33 5
151988 7 3 8258 3647 14 3 4505 18 7141 10 3 9088 7 3 93927 21 1595 10 98586 708 5
17 4505 661 825 3201 4695 10 3 1519 352 14 3 1570 56735 121537 5
81509 2770 7 3364 272 16716 2059 35 354854 33 121537 47 31 1618 426656 15 10498 49 1379 10 390 38831 42 170 6 26 1379 10 31613 10 3 1519 352 2936 14 3 4416 362 1421 35 14671 33 176 47 661 798 2770 47 86 26 2475 463 6 241 12743 6 3 4550 1543 2211 6 3 1372 1172 15 3 542 4434 5
17 3201 7 4505 1919 14899 7 138286 4 4 30082 4 491435 8 32460 46555 7 3 542 352 125 568 2770 7 20311 4 38691 4 8 31 9183 1537 3 25063 21 1595 10 98586 503 5
98586 500 14103 3 3201 7 4505 8 3 6217 5897 42 6453 5
7675 7 3 121537 10 3 1566 42 9183 6 3 1289 463 6 3 1545 1951 7 30934 1784 1715 21 3 1325 1351 7 3 18264 5
1692 2770 7 798 16716 2059 35 33 121537 35 138286 4 4 30082 4 4 8 162538 33 4 21 166 21 214227 36790 121537 42 9183 6 3 46555 692 7 3 542 642 5
19506 4 3 354854 121537 8 56735 121537 35 208842 4 4 494203 4 520894 4 8 33 42 48 3311 10 272 16022 10 3 25063 3248 5
47402 30934 1715 31 15511 10 3 1372 1172 7 3 692 163 542 5
2843 6198 31 59 1379 10 192 2311 8497 692 1699 3 244 7 1066 22 9 568 552 5
20498 459 5
7337 40937 35 9424 3082 9330 33 14 113757 1277 1170 35 19623 8 41550 33 7 523 4434 9059 5
39355 56735 124231 39775 433053 39775 80437 39775 1079 32980 1646 41550 19623 32980 1646 41550 19623 32980 1646 41550 19623 630 98236 503 3082 4765 260591 192840 630 98236 503 3082 4765 259451 630 98236 503 3082 4765 260591 258711 302 98236 500 3082 577 259451 137281 302 98236 500 3082 577 260591 302 98236 500 3082 577 259451 302452 302 98236 708 3082 4728 171722 302 98236 708 3082 4728 476425 328603 302 98236 708 3082 4728 260591 259825 605 98236 500 3082 7555 294587 164662 605 98236 500 3082 7555 259451 605 98236 500 3082 7555 476425 290397 1596 98236 500 3082 11589 137281 1596 98236 500 3082 11589 259451 422655 1596 98236 500 3082 11589 260591 258710 716 98236 500 3082 1410 259451 137281 716 98236 500 3082 1410 259451 382231 716 98236 500 3082 1410 294587 158270 1814 98236 500 3082 9222 260591 69246 1814 98236 500 3082 9222 260591 379971 1814 98236 500 3082 9222 229926 3440 98236 704 3082 50784 545362 69246 3440 98236 704 3082 50784 260591 304303 3440 98236 704 3082 50784 260591 156369 20498 503 5
7337 40937 35 9424 3082 9330 33 14 113757 1277 1170 35 19623 8 41550 33 7 523 4434 9059 5
39355 14510 56735 124231 39775 433053 39775 80437 39775 1079 32980 1646 41550 19623 32980 1646 41550 19623 32980 1646 41550 19623 630 98236 503 3082 4765 476425 630 98236 503 3082 4765 476425 630 98236 503 3082 4765 697 98236 708 3082 8708 435761 302 98236 500 3082 577 476425 302 98236 500 3082 577 476425 415085 302 98236 500 3082 577 435761 60675 302 98236 500 3082 577 302 98236 500 3082 577 259451 458810 302 98236 708 3082 4728 435761 302 98236 708 3082 4728 476425 302 98236 708 3082 4728 458807 605 98236 500 3082 7555 435761 605 98236 500 3082 7555 435761 605 98236 500 3082 7555 259451 35531 1596 98236 500 3082 11589 259451 1596 98236 500 3082 11589 1596 98236 500 3082 11589 259451 359312 716 98236 500 3082 1410 435761 5853 716 98236 500 3082 1410 716 98236 500 3082 1410 476425 284699 1814 98236 500 3082 9222 476425 1814 98236 500 3082 9222 476425 1814 98236 500 3082 9222 3440 98236 704 3082 50784 435761 41345 3440 98236 704 3082 50784 476425 3440 98236 704 3082 50784 259451 402336 20498 500 5
7337 40937 35 9424 3082 9330 33 14 113757 1277 1170 35 19623 8 41550 33 7 523 4434 9059 5
39355 124231 39775 433053 39775 80437 39775 1079 32980 1646 41550 19623 32980 1646 41550 19623 32980 1646 41550 19623 630 98236 503 3082 4765 476425 254297 630 98236 503 3082 4765 435761 385514 630 98236 503 3082 4765 476425 551898 302 98236 500 3082 577 476425 302 98236 500 3082 577 259451 302 98236 500 3082 577 435761 302 98236 708 3082 4728 545362 302 98236 708 3082 4728 476425 284524 302 98236 708 3082 4728 476425 34030 605 98236 500 3082 7555 476425 495617 605 98236 500 3082 7555 435761 605 98236 500 3082 7555 476425 258426 1596 98236 500 3082 11589 435761 1596 98236 500 3082 11589 259451 516082 1596 98236 500 3082 11589 259451 716 98236 500 3082 1410 716 98236 500 3082 1410 260591 716 98236 500 3082 1410 435761 413015 1814 98236 500 3082 9222 1814 98236 500 3082 9222 1814 98236 500 3082 9222 476425 309054 3440 98236 704 3082 50784 259451 3440 98236 704 3082 50784 309054 3440 98236 704 3082 50784 476425 355512 17 113757 928 7 3 4505 5036 19 11084 6 1545 8677 18 1303 61 19 3 282 4434 1277 543 15 3 9796 628 35 9424 3082 2918 33 5
17 8355 3768 18 3439 538 3 1079 40937 995 9 4434 1646 7 183 98236 503 35 716 23791 33 8 41550 3082 435761 4 19623 3082 35 20498 708 33 5
17 8258 3647 14 3 685 9796 23394 31 1595 10 98586 708 5
238 381 19 3 121537 23033 10 3 542 352 4 8843 16022 7 1545 8677 10 31613 31 59 568 10 3 1372 1172 21 71 26 2093 123429 10 98586 708 5
17 8258 3647 240 3 926 8 16022 7 192 9963 10 3 542 352 5
238 1595 15 3 8258 3647 4 192 692 31 12072 24 272 926 7 3 8677 314121 4 53618 4 18474 8 907 191042 4 214306 4 356909 4 259804 8 97876 35 98586 708 33 31 568 1537 3 1615 176 7 3 542 352 5
145 71 26 6586 6 3 3844 48782 6589 694 10 10990 5633 133 21 4620 7965 4 40638 1715 4 35038 8 59 3 1545 3446 2038 10 2289 390 21 9 665 7 3977 77699 7 3 47163 8 390 22671 47 31 37063 10 46 642 5
437401 1545 8677 539 191042 4 53618 4 259804 8 214306 4 192 8677 31 3345 10 272 2770 10 3 1519 885 8 1372 692 5
520 7 3 8677 65 1379 10 3519 926 31 34 1109 4821 4 44 15778 7 192 3893 10 8843 926 71 26 2475 62627 6 746 244 8 3 1566 463 6 3 6455 7 192 8677 5
20498 708 5
7337 40937 35 9424 3082 2918 33 14 113757 1277 1170 35 19623 8 41550 33 7 523 4434 9059 5
39355 3446 39775 433053 39775 80437 39775 1079 32980 1646 41550 19623 32980 1646 41550 19623 32980 1646 41550 19623 708 98236 503 3082 889 435761 450211 708 98236 503 3082 889 435761 708 98236 503 3082 889 209436 708 98236 500 3082 306 209436 504562 708 98236 500 3082 306 435761 708 98236 500 3082 306 435761 704 98236 503 3082 2131 209436 487439 704 98236 503 3082 2131 435761 704 98236 503 3082 2131 209436 700 98236 500 3082 1596 209436 700 98236 500 3082 1596 414131 700 98236 500 3082 1596 435761 183 98236 503 3082 716 435761 535905 183 98236 503 3082 716 435761 400141 183 98236 503 3082 716 435761 700 98236 708 3082 2913 209436 58717 700 98236 708 3082 2913 414131 475814 700 98236 708 3082 2913 209436 321461 704 98236 708 3082 2879 435761 518227 704 98236 708 3082 2879 260179 704 98236 708 3082 2879 435761 700 98236 700 3082 3722 209436 700 98236 700 3082 3722 209436 700 98236 700 3082 3722 260179 345793 9371 5
5126 113757 9088 84181 628 25 509 5036 19 1545 3446 23394 42 10637 8 6401 19 3 113757 4 9 409 1513 4434 1646 35 500 98236 459 33 18 3467 19 41550 3082 435761 4 19623 3082 35 20498 700 33 4 125 3 14 509 5036 42 59 10637 538 3 113757 31660 19 32 30512 4434 1646 7 409 2367 35 500 98236 459 33 8 41550 3082 435761 4 19623 3082 35 20498 704 33 5
17 8258 3647 14 3 685 9796 23394 509 3446 8 630 23394 14 3 121537 31 1595 10 194896 5
183 8 407 3995 5
79 17073 2826 7 509 99002 18 6453 25 3 1289 1537 3 1615 176 7 3 4434 21 1595 10 98586 183 5
1949 4 3 6455 7 214306 4 356909 4 259804 8 53618 42 6453 10 3 1615 176 15 3 4434 5
6832 3 12048 40056 35 28825 40056 33 4 3 614 2826 7 1545 3446 10883 10 509 42 1537 3 2272 176 15 3 4434 2936 14 191042 4 314121 4 97876 8 87008 13 661 4900 509 10883 1537 3 1289 5
17 272 1545 3446 2770 10 189 3 3076 8 922 509 2118 10 46 542 1919 13 3 746 6482 13 3187 4145 15 192 509 1543 14 45656 8 4397 31 2475 22 552 7 7564 244 1896 5
20498 700 5
7337 40937 35 9424 3082 407 33 14 113757 1277 1170 35 19623 8 41550 33 7 523 4434 9059 5
5126 3446 39775 433053 39775 80437 39775 1079 32980 1646 41550 19623 32980 1646 41550 19623 32980 1646 41550 19623 459 98236 341 3082 708 435761 430995 459 98236 341 3082 708 435761 490961 459 98236 341 3082 708 435761 56159 503 98236 341 3082 704 435761 503 98236 341 3082 704 435761 503 98236 341 3082 704 435761 500 98236 341 3082 183 435761 500 98236 341 3082 183 435761 500 98236 341 3082 183 435761 503 98236 459 3082 403 435761 503 98236 459 3082 403 435761 503 98236 459 3082 403 435761 500 98236 459 3082 409 435761 500 98236 459 3082 409 435761 500 98236 459 3082 409 435761 503 98236 503 3082 697 435761 503 98236 503 3082 697 435761 503 98236 503 3082 697 435761 20498 704 5
7337 40937 35 9424 3082 407 33 14 113757 1277 1170 35 19623 8 41550 33 7 523 4434 9059 5
5126 124231 39775 433053 39775 80437 39775 1079 32980 1646 41550 19623 32980 1646 41550 19623 32980 1646 41550 19623 459 98236 341 3082 708 435761 459 98236 341 3082 708 435761 459 98236 341 3082 708 435761 503 98236 341 3082 704 435761 503 98236 341 3082 704 435761 503 98236 341 3082 704 435761 500 98236 341 3082 183 494378 500 98236 341 3082 183 435761 482730 500 98236 341 3082 183 435761 51271 503 98236 459 3082 403 435761 503 98236 459 3082 403 435761 503 98236 459 3082 403 435761 500 98236 459 3082 409 435761 470226 500 98236 459 3082 409 435761 500 98236 459 3082 409 435761 503 98236 503 3082 697 435761 363183 503 98236 503 3082 697 435761 503 98236 503 3082 697 435761 10765 390 18227 10 3 509 1898 115509 3 509 1443 121 23 4286 9 8087 7 9 2726 7 9963 133 21 272 16022 7 5092 10904 5
17 509 153 4286 192 18264 10 115796 49 10 14310 16200 5
13166 6 3 799 252031 7 33609 10904 4 43 31 1618 1379 10 509 10 3 14310 4141 125 40023 29920 133 21 3 121537 31 170 10 883 7 3 16200 4808 15 3 16716 2059 35 20502 33 7 3 5092 4897 5
31 130664 8 31 17465 58503 10 3 509 4141 671 19 138286 5
17 354854 121537 31 1629 10 3 18227 4141 35 201638 4 744 33 5
17 57868 4695 6217 10 3 113757 8258 3647 24 509 121537 10 3 542 692 21 1595 10 98586 407 4 1919 537 390 10883 47 86 2285 27 3619 25 390 22671 4 8156 9553 4 38337 13606 8 3977 1547 1632 5
931 4695 59 47192 19 3 42701 16022 8 23033 10 3 27672 8 4505 5036 19 1391 2770 22 3 1372 176 7 3 4434 8 3 7353 66590 16 5564 496 192 692 5
208842 16 3 104 4821 56735 121537 109 23 16 3345 10 2086 568 926 1411 3 1372 1172 8615 964 56735 1643 6 3 1066 7 192 692 5
39355 113757 9088 14 3 1570 1265 77408 7 4505 121537 14 290 7 3 26119 1265 42 59 1303 61 538 3 9796 628 14 4505 2209 6 3 113757 5
17 4434 1513 9059 14 3 179 3459 31 109 96228 58508 3082 708 98236 503 109 889 2367 109 538 1079 40937 4 41550 3082 407302 4 19623 3082 356434 35 20498 782 33 56012 4 18039 58508 3082 500 98236 503 109 302 2367 109 538 1079 40937 4 41550 3082 435761 4 19623 3082 359591 35 20498 183 33 56012 4 113499 58508 3082 700 98236 503 109 1227 2367 109 538 10024 40937 4 41550 3082 435761 4 19623 3082 35 20498 407 33 56012 4 90165 58508 3082 704 98236 503 109 2131 2367 109 538 10024 40937 4 41550 3082 435761 4 19623 3082 35 20498 403 33 56012 5
17 93927 42 3559 14 1570 5907 3459 21 6 27 9 3297 3003 7 3 325 2826 10 3 93927 5
238 2209 10 98586 403 4 3 96228 2737 16 12072 24 272 2770 7 4505 47 42540 6 3 2737 7 3 2289 390 16204 1537 3 1372 1172 7 3 26119 352 5
17 2826 6217 24 3 4505 22 96228 2737 35 98586 403 33 6154 17073 16022 25 42701 1351 25 3 25063 1537 329 83 2586 15 3 4434 5
145 2826 16 4547 19 3 2164 4505 56735 121537 16676 14 70 2737 2209 10 98586 708 5
631 14 3 18039 2737 4 3 113757 43971 538 3 8258 3647 2209 10 98586 698 842 230 4695 21 1045 7 3 30934 3609 10 3 18039 352 31 2852 148 3 1055 8 1537 3 1372 3248 5
17 42 5146 25 3 1055 1537 3 1289 7 3 4434 8 192 272 2770 7 10 3 4505 7 3 352 31 7107 10915 6 3 244 8 927 7 3 1066 5
17 113499 2737 16 1553 12072 24 390 22671 8 2509 35527 25 30934 1715 5
17 240 5195 7 568 217094 1537 3 1289 21 1595 10 98586 685 47 16 4547 19 83 93927 10637 5
208842 4 8 494203 42 2118 6 27 3 1391 7353 2770 10 3 352 47 1919 13 3 552 7 957 25828 14 1066 10 46 352 907 138 882 10 3 1372 1172 16 2475 272 5
145 2826 16 8639 6 3 2826 6453 25 3 90165 113757 43971 21 1595 10 98586 409 5
17 346 1884 16 13 14 3 90165 2737 4 3 8258 1535 14 3 676 35 98586 409 33 661 133678 692 15 3 362 752 35 31179 33 352 7 3 4434 111 3 362 466 35 14671 33 133678 1265 2203 22 3 113499 2737 5
20498 782 5
7337 40937 35 9424 3082 605 33 14 113757 1277 1170 35 19623 8 41550 33 7 523 4434 9059 5
39355 96228 56735 124231 39775 433053 39775 80437 39775 1079 32980 1646 41550 19623 32980 1646 41550 19623 32980 1646 41550 19623 500 98236 459 3082 409 54982 500 98236 459 3082 409 500 98236 459 3082 409 708 98236 459 3082 630 708 98236 459 3082 630 407302 708 98236 459 3082 630 407302 456572 500 98236 503 3082 302 500 98236 503 3082 302 500 98236 503 3082 302 456572 708 98236 503 3082 889 432946 708 98236 503 3082 889 708 98236 503 3082 889 407302 356434 500 98236 500 3082 605 350617 448652 500 98236 500 3082 605 500 98236 500 3082 605 411458 700 98236 503 3082 1227 700 98236 503 3082 1227 350617 700 98236 503 3082 1227 350617 414131 708 98236 500 3082 306 708 98236 500 3082 306 435761 708 98236 500 3082 306 309054 20498 183 5
7337 40937 35 9424 3082 985 33 14 113757 1277 1170 35 19623 8 41550 33 7 523 4434 9059 5
39355 18039 56735 124231 39775 433053 39775 80437 39775 1079 32980 1646 41550 19623 32980 1646 41550 19623 32980 1646 41550 19623 500 98236 459 3082 409 169688 500 98236 459 3082 409 169688 500 98236 459 3082 409 435761 708 98236 459 3082 630 169688 301046 708 98236 459 3082 630 169688 708 98236 459 3082 630 435761 494948 500 98236 503 3082 302 435761 500 98236 503 3082 302 169688 500 98236 503 3082 302 435761 359591 708 98236 503 3082 889 435761 708 98236 503 3082 889 494378 708 98236 503 3082 889 169688 458810 500 98236 500 3082 605 435761 549327 500 98236 500 3082 605 494378 500 98236 500 3082 605 169688 700 98236 503 3082 1227 169688 495617 700 98236 503 3082 1227 169688 700 98236 503 3082 1227 435761 6909 708 98236 500 3082 306 415250 708 98236 500 3082 306 435761 708 98236 500 3082 306 169688 20498 407 5
7337 40937 35 9424 3082 889 33 14 113757 1277 1170 35 19623 8 41550 33 7 523 4434 9059 5
39355 113499 56735 124231 39775 433053 39775 80437 39775 1079 32980 1646 41550 19623 32980 1646 41550 19623 32980 1646 41550 19623 500 98236 459 3082 409 435761 543905 500 98236 459 3082 409 435761 500 98236 459 3082 409 359312 359591 708 98236 459 3082 630 161671 708 98236 459 3082 630 355513 708 98236 459 3082 630 435761 342026 500 98236 503 3082 302 355513 500 98236 503 3082 302 533189 500 98236 503 3082 302 533189 34030 708 98236 503 3082 889 533189 708 98236 503 3082 889 161671 708 98236 503 3082 889 161671 382232 500 98236 500 3082 605 355513 500 98236 500 3082 605 500 98236 500 3082 605 420036 700 98236 503 3082 1227 435761 700 98236 503 3082 1227 355513 700 98236 503 3082 1227 161671 708 98236 500 3082 306 359312 708 98236 500 3082 306 161671 708 98236 500 3082 306 161671 411458 20498 403 5
7337 40937 35 9424 3082 1173 33 14 113757 1277 1170 35 19623 8 41550 33 7 523 4434 9059 5
39355 90165 56735 124231 39775 433053 39775 80437 39775 1079 32980 1646 41550 19623 32980 1646 41550 19623 32980 1646 41550 19623 708 98236 459 3082 630 435761 334692 708 98236 459 3082 630 435761 708 98236 459 3082 630 435761 378396 500 98236 503 3082 302 435761 436602 500 98236 503 3082 302 399436 500 98236 503 3082 302 435761 415085 708 98236 503 3082 889 402336 708 98236 503 3082 889 402336 708 98236 503 3082 889 402336 452218 500 98236 500 3082 605 399436 500 98236 500 3082 605 399436 500 98236 500 3082 605 399436 506330 700 98236 503 3082 1227 402336 700 98236 503 3082 1227 402336 700 98236 503 3082 1227 402336 506330 708 98236 500 3082 306 402336 708 98236 500 3082 306 402336 708 98236 500 3082 306 458807 413015 704 98236 503 3082 2131 435761 704 98236 503 3082 2131 402336 704 98236 503 3082 2131 402336 35789 700 98236 500 3082 1596 402336 500 98236 459 3082 409 402336 500 98236 459 3082 409 402336 379970 8258 3647 7 4505 23394 35 56735 121537 22 96228 2737 33 6401 538 98586 78340 8258 3647 7 4505 23394 35 56735 121537 22 96228 2737 33 6401 538 3 113757 5
8258 3647 7 4505 23394 35 56735 121537 22 18039 2737 33 6401 538 98586 175217 8258 3647 7 4505 23394 35 56735 121537 22 18039 2737 33 6401 538 3 113757 5
8258 3647 7 4505 23394 35 56735 121537 22 113499 2737 33 6401 538 98586 144638 8258 3647 7 4505 23394 35 56735 121537 22 113499 2737 33 6401 538 3 113757 5
8258 3647 7 4505 23394 35 56735 121537 22 90165 2737 33 6401 538 98586 154588 8258 3647 7 4505 23394 35 56735 121537 22 90165 2737 33 6401 538 3 113757 5
17 4122 2763 35 44674 4 352514 4 4 124231 4 109970 4 4 205654 4 455151 4 8 1545 8677 33 10 3 10627 1566 7 51883 4 4 344140 8 35 117508 33 42 8871 10 47391 4 31613 8 509 5
17 113757 18 220 21 9 1509 43971 4462 6 2705 4695 10 3 100402 5
24116 19 272 16022 7 18264 42 2093 1658 25 3 8258 3647 47 1556 3047 317 14 3 9088 7 3 522 5
21164 6708 7 3 1277 7 258407 27672 4 4505 8 509 71 26 2875 1303 61 538 3 113757 31660 6 1800 3 8258 3647 5
17 2215 4 8 4122 2000 10292 10 3 93927 1029 6 523 3459 26119 42 1369 6 2705 538 3 113757 8258 3647 8 3 104 15276 31124 42 1658 14 3 523 3459 47 51 1015 10 31611 1330 8 421 363 5
1655 3 665 7 3 113757 100402 5447 4 23 18 6453 13 1045 7 3 1265 42 8497 19 56735 121537 8 56735 1545 8677 47 31 7 1364 463 6 3 1896 15 746 244 5
18608 37477 8 20093 358 31 3448 14 192 692 5
10526 4 3 4500 7 1783 244 361 2089 13 71 8612 3 244 912 7 3 1066 10 3 272 10883 7400 1658 24 3 113757 8 3 4500 7 5327 361 666 6 138 5436 1768 24 3 5418 3534 6 192 18264 31 59 3448 5
12502 4 192 2321 25 3 10580 4720 144 26 6401 21 1391 3008 1265 3136 1545 8677 8 121537 56735 4550 65 2016 37477 1866 5