67577 3 2586 7 869 484 893 16 32 533 2916 4 21 23 14792 6 3 726 7 1783 5310 14 869 1557 5056 8 11980 146 518 10 18166 23394 3851 507 76 3 17315 2520 49 1416 27964 10 678 6 1657 100410 7 230 484 12642 5
17 3644 7 46 542 16 6 1088 9 32542 1506 14 3 229 200 4 1749 7736 7 1989 2157 360 426 3074 6838 10 52703 323 173588 10 3 814 1043 4 538 3 292 8 229 3695 4 10503 2911 2376 4 4867 2376 8 2376 7 89 507 4 6 4764 484 3074 4 6330 3 2156 7 4007 7736 7 484 507 2586 35 49 53139 7 5045 10 55526 33 5
17 3316 7 46 162 16 6 1445 3 317 558 10 3 229 200 8 2705 3 23394 13 1097 869 360 5
17 17592 2209 142 26 9888 6 83 291 8 40 869 5
28982 869 4 3637 10 52703 323 173588 4 18 220 21 9 267 542 5
238 176 7 46 900 4 38060 19 523 2801 9059 42 1254 4 8 3 282 773 18 3439 19 9 2801 1646 7 459 4 47 3 1291 7 4007 2586 7736 18 477984 202 14 3 960 197 8 256465 202 14 9 25017 197 5
17 229 200 16 12072 24 4046 4 47 16 2442 19 3 8265 7 50 426 1799 10 3 814 4 6127 8 241 970 5
23620 10900 4538 27 45 3677 6 1128 3 4046 7 133 200 5
17 1746 7 2520 3682 7 11807 3 200 14130 4 7412 6 1128 5435 4 29 45 3 1441 935 7 601 8 29 4200 3 518 7 3796 1296 8 200 4068 5
1743 1151 8 706 10992 3 869 200 4695 10 678 6 2494 2120 8 1138 5056 4 10 678 6 4498 229 462 25 133 5056 5
158 12262 3 3851 360 628 8 292 9224 14 421 363 5
2758 1866 3615 27 67 4290 53 40372 4 9 858 7 291 16 3467 543 15 40 561 785 8 292 12865 773 109 35833 4 484 893 31 5422 4 95 13 9 4007 11446 1264 16 5913 22 3 3206 89 35 92187 4 2076 109 6957 4 3952 109 2550 323 12031 4 274 109 17096 4 274 109 4 359 33 5
81 3 6854 4 523 4309 27 45 3677 6 132 7736 52 3 229 200 5
2758 4309 142 26 29371 76 179 689 5835 53 35 4114 33 45353 12811 4 35 25547 33 16528 12811 35 31883 33 53139 7 2897 3315 19 20370 28043 8 35 40378 33 17112 12586 64362 5
17 45353 12811 16 543 15 3 200 292 2193 5
2758 2376 2527 4015 4 7433 4 912 7 1605 8 796 7 2241 8 416 8 12865 7 3 310 8 5909 5
16528 2834 4 424 21 294060 4 690 6 4764 3 200 3074 24 64145 5897 543 15 3 542 7 7896 13 20053 3851 200 628 35 92187 4 2076 109 6957 4 3952 109 2550 4 274 109 17096 4 274 109 4 359 33 5
17 53139 7 89 507 19 1510 2520 16 32 1186 6 1746 27728 10900 2520 6 1328 5897 10 3851 628 5
81 786 4 133 27728 2520 31 3868 76 67 5835 53 2520 8 234675 56018 2520 5
10087 4 1678 4309 27 45 1273 163 3 216 4336 7 2953 2854 5
2758 4309 231 9 197 7 628 5036 6 1823 35 27728 49 108140 33 5897 95 21 6 26920 3 4919 4859 47 12244 3 628 5
357689 8 41305 35 2804 33 1658 13 3 869 360 10900 2485 16 34 1369 5
5839 3 6269 7 1897 4 3796 1296 31 3868 76 67 600 53 138 37 494 13 23 16 537 6 1746 12251 6 4764 3 200 3074 8 138 37 494 10 3 4213 200 3695 4 1273 24 95560 35 7442 33 4 232 6 47 3 484 7 869 3177 9 6951 35 10774 33 1964 5
364 7 3 5940 7 46 3695 16 13 3 10900 543 15 5897 16 34 537 4 121 23 16 34 537 14 120 1943 6 539 3 216 317 8 14 3 200 6 1271 23 10 3 216 4230 35 4 274 109 136588 323 492514 4 359 33 5
1210 6 35 274 33 4 3 4213 553 19379 142 34 26 1109 5944 5
17 200 2106 5238 1851 4 907 7118 37890 8 9088 7 317 4 16 177 523 25 3 19379 2209 13 4753 32 5043 131 5
11079 4 3 2234 47344 13 3 19379 149 29 50 11105 4 6737 6 3 1531 7 3796 2062 5
17 2234 4933 13 8500 13 3 1379 8 3 426 142 4619 3 271 71 34 26 381 21 14354 5
1210 6 3 6854 4 10 678 6 132 32 292 10900 23 16 1622 6 2705 47 23394 2258 49 185 6 4764 83 292 23394 5
145 770 580 6 3 271 6 2705 47 533 23394 142 26 220 21 9224 7 83 23394 426 3074 5
10526 4 23 59 26849 3003 3 3321 12467 7 3898 148 117 23394 4 47 31 3 104 533 1603 6 1384 5
966 2193 12248 496 3 229 200 4 150 281 993 4 292 912 4 8 200 1879 1010 35 112898 4 1095 109 4 274 109 107192 4 7744 4 323 4 280 109 4 280 33 5
17 603 1236 10 7678 869 360 16 3 1812 2129 7 3 857 5
1203 10900 2520 31 623 1574 65 23 624 6 2258 3 2586 7 426 360 4 4 24 13607 7 3 13292 5093 10 363 5050 7736 4 907 65 346 12642 4722 5
145 983 16 982 21891 4 121 23 16 34 4783 6 27 799 3142 11427 1170 7 8958 35 20750 35 37388 29139 3389 96368 33 49 35 29139 33939 67440 96368 33 33 4 3 1506 738 6 27 9 272 8958 489 14 893 10 2586 4 21 9907 8 28494 5690 31 96 399 2768 14 10554 5
520 2062 27 10637 3 4 133 21 3 57 7 110554 4 40689 4 23064 4 139058 4 8 40179 35 590 33 47 2209 9 1506 543 15 32542 2642 538 9 507 7 360 8 146090 628 5
17 8958 489 7 3455 19 3 1506 18 7535 202 5
100562 4 18124 4 6355 4 448862 4 8 18124 35 280 33 2209 523 2520 14 7678 3 134301 1291 543 15 32542 2642 4 8 27279 9 665 7 1054 202 5
47153 8 142934 35 280 33 2164 32542 2642 19 421 2855 6 1297 8958 4 41565 9 8958 489 7 424369 202 5
20848 4 4 8 35 2076 33 1273 3 231 7 49474 133951 9861 8 270 60401 4081 6 4764 3 728 484 1291 2586 7 3 9859 2904 1981 5
17 1273 2520 3439 9 7 202 14 32542 2642 8 270 60401 4081 4 3995 5
238 6453 4 87 16 9 35855 1236 6 1297 3 8958 14 4 8 46 1236 16 3 9688 14 46 162 13 3899 6 1297 3 8958 489 10 3 10900 7 3 2586 5
145 542 12966 3 1746 7 9 1506 543 15 49894 35 49474 133951 9861 33 14 3 229 200 4 1749 814 1043 7736 7 869 2157 360 426 3074 6838 10 52703 323 173588 4 22565 292 8 229 3695 4 10503 2911 2376 4 4867 2376 8 2376 7 89 507 4 95 21 6 4764 3 3074 7 360 5
20042 3 2156 7 4007 7736 7 3 2586 7 484 507 35 33 4 21 57 7 3 689 23491 14 12752 3 773 7 129 1506 35 446326 35 249 33 33 5
145 13377 16 533 106 23 29 1821 1896 15 3 229 2309 8 1174 5
145 601 267 542 16 28982 869 5
17 1273 17592 142 26 2262 6 1989 7 10349 10 3 216 386 8 5210 6 83 3609 5
145 162 1109 4 10 1243 6 2911 2376 4 5158 7 4867 2376 5
145 644 16 1109 9 26914 8 9 4413 6 3 5114 7 11249 869 360 4 2016 13 3 1081 9962 16 28508 6 3 432 484 5
81 46 946 4 57 71 11897 3 162 7 8 35 280 33 4 114 3 4888 2209 9 542 7 307 6599 6 11249 3 869 200 3074 4 2628 2062 220 2911 2376 8 97 630 220 4867 2376 4 9 146 1731 5084 5
35 249 33 81 46 1381 4 3 1746 7 9 1506 543 15 32542 2642 18 1303 61 29197 1010 15 24934 8 10023 2505 7 3 565 5
7187 2062 8 3294 19 386 1149 42 2173 10 678 6 5603 133 24934 2505 8 6 2705 3 5937 13 142 1951 3 426 3074 7 869 360 5
17 10023 2505 18 3455 8 3380 543 15 307 1806 9648 5
7337 8 317 805 3 1444 7 9 5536 4 47 18 4406 6 230227 8 337482 7623 11245 2376 4538 5
473 3 628 197 4 9 1506 543 15 32542 992 18 1254 6 4764 3 426 869 484 5
17 8254 7 46 1381 16 4393 21 3177 5
81 8941 341 4 1547 1131 8 18423 3221 7 650 17241 8 10900 14 3 229 200 16 2209 5
8941 459 5181 3 17592 220 14 70 4290 7 17241 8 10900 7 3 229 200 650 5
181753 522 31 2994 10 8941 503 5
5583 4 8941 500 10761 3 1381 8 6274 3 380 14048 5
238 277 3915 4 3 689 4309 14 15826 1989 31 4867 2376 8 2911 2376 5
17 67 4538 27 7936 12308 14 3 827 7 557 5018 10 4946 7 229 1124 35 4 274 33 5
17 4867 2376 1131 19 23150 4 386 8 5909 2190 12865 5
66 2062 3 13422 2193 13 2498 3 1760 148 1605 8 796 10 3 200 4 538 23394 13 142 2498 3 200 10 3 1379 49 10 3 426 35 92187 4 2076 109 6957 4 3952 109 2550 4 274 109 17096 4 274 109 4 274 33 5
17 2911 2376 49 324692 2376 16 9 542 3569 6 10992 3 6942 7 553 543 15 50 45268 8593 10 970 7 2120 484 4 1423 484 4 3583 3637 4 297 461 5
17 2911 2376 12726 3 13578 13 706 27 9 4185 6158 653 7 317 8 3130 6 4619 271 3074 5
50710 31 1906 4 5897 31 4939 35 484 4875 4 373 8 7685 4 58021 4 260 8 23266 4 9415 4 7151 4 70826 4703 5
33 4 47 31 3 689 3648 6 2258 4695 8 426 360 5
16528 1151 31 4363 1967 15 3003 8 15826 3 3851 3074 7 360 8 6163 7 1124 10 3 271 4 10 678 6 2258 3 498 484 49 200 912 5
66 59 2527 11245 4309 6 864 3 1124 426 484 35 6957 4 3952 109 2550 4 274 109 17096 4 274 109 92187 4 2076 109 4 1278 109 4396 4 2391 109 4 274 33 5
966 4538 6 4764 3 869 200 27 45 1589 538 3 1678 1806 46333 4538 4 133 21 146022 35 90977 382860 33 35 33123 323 27664 4 2804 109 33123 4 307287 4 323 3290 97284 4 280 33 4 49894 35 49474 133951 9861 33 35 100562 12283 32330 4 280 109 20848 12283 32330 4 2076 33 4 37566 35 34989 201601 33 35 136588 4 130593 4 323 300938 4 2560 109 7277 4 12825 4 323 14879 4 2560 33 4 187305 35 9207 58540 33484 33 35 6794 4 12825 4 323 10141 4 744 109 9280 4 7277 4 10558 4 8 30883 35 590 33 4 125535 35 267 543 149815 33 35 142831 4 4 323 378156 4 280 33 8 461 35 4 4 323 373292 4 2076 33 5
49894 31 103860 46333 2520 4 3682 7 8593 543 15 200 3074 628 4 276 767 2505 7 3 3898 297 9796 8 3354 23394 35 10141 4 4 323 5707 4 2804 33 5
49894 27 45 1940 220 8 27 3619 10 16672 773 677 6 83 6599 4 47 142 26 381 10 3 6854 35 37750 4 36260 4 323 14879 4 6833 109 15669 4 7914 4 14879 4 24290 4 323 36355 4 280 109 1376 47529 4 324856 4 1376 88232 45374 4 323 177855 4 4 109 34483 4 58870 4 30402 4 39850 4 323 4 2076 109 20848 12283 32330 4 2076 109 47153 323 142934 4 280 109 24828 4 2552 4 323 2216 4 744 33 5
12283 3462 5
35 2076 33 4301 49894 21 57 7 3 282 4538 6 1506 3 869 200 4 106 23 340 34 3576 2029 26325 8 142 26 2093 9888 6 200 893 5
49894 27 3 1175 6 1849 24 946 8 132 304437 8 129969 7 96 43 2198 5
17 231 7 49894 10 3 2104 7 9 2485 2337 4589 9 2854 4141 4 47 16 65 3 992 25067 3 5897 4 9834 2172 9 2190 8593 7 3 565 35 60649 4 24460 4 323 4 359 33 5
17 74 1506 14 10900 7 869 484 543 15 49894 18 1589 24 546 35 4973 33 5
17 2234 220 9 448659 992 6 7367 4000 220901 10 869 484 893 5
17 733 18 6 12262 3 1562 2696 7 7071 869 10 678 6 960 3 4213 200 3695 4 1273 24 95560 35 7442 33 4 47 684 13 869 360 1667 9 6951 1964 5
1113 28 29 34 3455 206 31392 522 4 3 601 4172 3 785 14 133 2376 5
1249 153 4 9 528 221 7 1296 27 6724 7905 10 3 726 7 31392 2520 13 142 26 19664 3677 10 3 869 200 5
79 268 542 2173 24 8 343027 35 3401 33 1665 3 4213 200 3695 24 15826 288 1989 7 3 178 869 1557 4 1913 9 2168 6 4764 360 543 15 3851 507 7 360 5
1516 2062 4 133 21 35 323 4 3578 109 4 3952 109 4 4 323 4 4164 33 4 6453 13 49894 4498 333 10900 773 5870 6 11245 4538 4 133 21 3 56018 1506 8 138 3455 24 5533 5
136588 12283 3462 5
35 359 33 10637 3 67818 326 7 869 360 507 8 40 1175 6 26 25810 10 31392 2520 538 49668 4355 8 33448 674 1046 6 132 3 10900 5
8 35 3578 33 1273 9 89 507 10900 284 538 32542 2642 5
81 40 601 4 43 961 6 231 9 1816 3797 448659 992 19 57 4438 9419 8 3 31660 14 992 928 5
17 507 220 24 3 4888 42540 6 1029 869 2157 360 7 7071 25 519 10728 6 620 9036 5
8 204623 35 1422 33 1589 9 17592 538 3559 32542 2642 4 9 4624 31660 543 15 2059 27708 18 220 6 2258 1727 8 1423 266 7 229 729 3637 10 3 869 1557 5
158 220 179 229 507 114 3 484 18 677 6 3 2696 3455 4 24 770 7 6951 628 2376 25 290 57 7 3 507 5
17 522 2573 13 3 2588 1053 7443 1291 18 2537 568 58 3 230 484 7 3 6951 507 5
145 4088 3 1123 13 90 229 89 507 31 34 2903 6951 5
520 2062 11828 5158 7 2911 2376 5
273 3099 4 2552 4 10583 4 8 11871 35 2804 33 220 9 30037 81156 32542 992 6 4764 3 484 7 1989 10 3 1480 869 1557 5
1700 5018 2161 6 384 3 22087 8836 5195 6 2258 92 484 2238 142 26 3050 4 543 15 3851 3235 4 3033 8 2157 360 5
16528 9224 4 133 21 1324 14407 4 114666 35 3703 2362 1291 33 8 83 9224 42 59 220 21 9796 4 486 19 3 3851 360 35 1376 47529 12283 32330 4 4 109 34483 12283 32330 4 2076 109 20848 12283 32330 4 2076 109 12138 4 43571 4 323 91606 4 1422 109 524575 4 744 33 5
17 67 689 6599 543 15 32542 2642 14 10900 7 89 507 31 8520 15 89 281512 8 15 3 231 7 30037 32542 2642 5
1354 1186 6 3968 3 14130 7 3 284 13 55763 3 507 628 35 360303 4 3495 33 5
17 32542 992 29 21 32 9796 9 8593 7 3 284 498 1799 8 21 32 3354 9 10900 7 3 426 1799 5
17 4888 233513 35 4973 33 4 35 3952 33 8 40457 8 343977 35 6833 33 27 1595 143 3 49668 15209 142 26 78865 76 9 904 60401 5
158 220 9 448659 992 19 9424 29132 4 133 992 16 5543 19 57 1092 22 9 89 285 3 1129 9575 4 153 3 3354 1513 16 3380 24 9575 1635 249 5
187 31 67 3351 7 10900 53 57 1092 588 35 47 2527 32 3354 61279 33 8 2489 1959 588 5
10141 12283 3462 5
35 2804 33 4301 3 67 4309 2209 10 3 6854 6 132 2489 1959 588 7736 5
17 74 16 226 140746 10900 8 16 220 10 3 1506 4 10 47 3 10900 2770 31 220 21 29132 14 426 7736 5
81 46 267 4 97 57 3354 61279 16 1272 5
17 169 4 424 21 3 1821 5018 4 9286 10 6584 307 55906 10 3 32542 992 4 12510 6 3 10900 10398 5
1210 6 10141 12283 3462 5
35 2804 33 4 3 7736 7 2489 1959 588 538 3 1821 5018 142 26 333 58 3 140746 5018 14 67 1809 5
26148 4 3 32542 992 142 26 1148 1752 14 7736 7 2489 1959 588 109 35833 4 3 140746 5018 10744 97 57 4859 4 47 16 220 6 4764 57 397 22 9 89 8 4 6229 4 19354 133 4859 6 4764 266 10 3 426 5
32189 4 86089 4 8 35 744 33 2209 9 84 10900 5018 538 89 507 4 47 12134 32 13991 1046 7 3 3033 1622 221 7 17020 6 26 1109 10 3 565 7 9409 3 39177 10777 7 3 89 507 5
17 5018 1273 18 3581 24 3 110626 7 5350 8 9286 10 9 3782 5373 1506 9935 7 32 49474 133951 3673 4 2164 19 9 322385 60649 12283 3462 5
35 359 33 962 32 946 7 10900 7 3 65330 1291 4 114 3 1506 3112 14 10900 18 9 448659 992 5
17 191595 35 1153 3703 3768 33 3455 19 3 1506 18 33596 5
145 842 13 3 32542 2642 31 3682 7 7678 3 134301 507 19 964 8958 5
17 4631 7 3 773 7 1510 4309 19 32542 2642 456 10 3 2661 4 3683 3 1164 7 117 1296 5
1210 6 35 744 33 4 3 27728 10900 538 108140 15987 7 32542 2642 71 34 1657 333 522 58 3 11245 27964 5
81 3 3634 267 4 538 32542 2642 86 3850 321 6 333 522 10 2957 19 628 25 103860 89 507 65 677 6 1510 27964 5
17 6854 842 13 3 231 7 32542 2642 4 21 9 5018 14 10900 7 89 507 4 6274 2794 8 16672 522 4 110 9 3982 2155 6 1510 4309 35 10141 12283 32330 4 2804 33 5
17 508 1959 35 98586 249 33 42 220 6 1088 9 32542 1506 3682 7 363 7736 7 1989 2157 360 814 1043 426 3074 3637 10 52703 323 173588 53 35 249 33 3003 7 3 565 9962 8 7379 7 629 23394 109 35 341 33 230227 8 2137 7 5036 109 35 459 33 337482 7 29132 109 8 35 503 33 17241 8 10900 5
17 508 7268 4301 290 7 192 1959 5
53139 650 1959 98586 249 5
53139 650 1959 5
26858 3 565 9962 79 9962 2376 18 2173 6 3968 317 1547 6 3 229 200 8 6 397 61 3 23394 13 1097 869 360 5
2758 23394 3001 3 537 29132 14 3 1506 110 1273 5
15449 71 26 75563 232 6 3 1715 2828 8 310 4814 5
3194 1031 29 23394 13 2498 97 291 976 23 8 3 1678 61028 292 9224 4 23150 8 200 5
13166 6 3 162395 7 290 1031 8 5909 4 23 18 1622 6 166901 3 3074 7 869 10 678 6 1445 8 26 488 6 3968 3 317 13 12467 133 869 5
145 650 18 3868 76 108 1959 53 35 249 33 3968 7 24934 2505 109 35 341 33 3968 7 10023 2505 109 8 35 459 33 1444 7 9 25147 4434 543 15 24934 8 10023 2505 5
17 508 199158 4301 290 7 192 1959 5
52143 7 24934 2505 1743 1151 8 706 27 2505 3564 1411 40 865 24 791 10 1219 10 3 200 4 24 5887 597 25 296 1162 141 543 15 40 2395 14399 2073 5
79 2489 1414 19026 18 1254 8 115 558 15 3 2064 6 5439 46 2125 7 2505 5
17 6905 7 46 19026 18 6 4697 3 2175 7 4364 20328 15 2520 4 4538 8 9224 220 10 3 4946 7 1989 4 47 142 185 2705 3 893 10 869 360 10 3 814 4 6127 8 241 1043 5
145 19026 4 558 18405 4 18 691 6 575 706 8 1151 418 10 3 869 200 5
17 19026 18 558 15 3 3377 14 306 222 4 110 5382 24 183 4068 4 3364 302 202 7 3 2337 3467 7242 5
17 3892 7 6725 142 26 381 10 194896 5
341 8 459 4 114 575 202 27 48 58 459 85 7 791 10 3 869 200 8 1614 202 3270 10 3 6127 8 814 1043 5
17 915 31 14479 19 2007 1879 4 21 43 3001 3 2175 7 4364 4068 37 3270 10 3 200 5
1516 2794 1051 42 13 577 202 7 3 5907 1036 6 231 2911 2376 21 9 4462 14 10554 8 1614 202 42 6383 19 3 522 7 40 1506 4 5533 9224 220 10 4946 49 200 5056 5
38076 7 869 4946 791 89 98586 341 5
38076 7 869 4946 791 89 5
38076 19 3892 7 229 200 1315 98586 459 5
38076 19 3892 7 229 200 1315 5
17 5886 7 3 4364 173 15 9224 220 10 40 4946 2520 31 1595 10 65588 4 14 9 676 7 985 9224 5
931 9224 42 1109 6 1088 9 25147 4434 4 47 16 2209 10 8941 5
20498 249 5
30942 9224 4727 2376 220 24 3 4364 173 5
67811 81612 462 15 1775 23495 3053 49 462 15 348 9457 4773 5514 59374 4773 5514 282299 5514 5514 15990 147 432 17666 8723 153957 47857 4047 7989 3154 25 683 1715 92374 35 292 871 304 33 20498 341 5
67712 9224 220 24 3 4364 173 5
67811 404193 35 2262 1214 484 1291 33 1758 1821 2472 20498 459 5
16528 2376 9224 220 24 3 4364 173 5
67811 259840 58589 2362 1291 160269 1291 333897 1291 17129 14407 24969 6577 43076 1320 94 1079 35 202 1883 33 5
52143 7 10023 2505 17 10023 2505 18 3439 24 2043 1165 4 4740 15 7995 3 629 23394 13 142 185 4301 3 3074 7 3 869 5
238 9 665 4 18 3455 3 197 7 23394 1595 10 20498 503 4 4393 232 6 9 4867 8 2911 3309 5
20498 503 5
252980 1658 10 3 542 5
16528 3309 32139 3309 15554 484 7505 390 484 25898 484 22827 596 959 7 4723 8954 37642 484 75463 14139 40782 484 903 484 1291 30186 404193 35 2262 1214 484 1291 33 65330 1291 94 13422 47390 3004 3912 146368 102594 1291 51515 13709 134301 3583 3775 1663 489 178 2428 1989 8187 348 1291 259840 16908 1957 348 1291 58589 2362 1291 263422 518 431 489 160269 1291 60766 518 431 489 333897 1291 4142 1493 1291 17129 14407 8932 1879 1291 24969 6577 2159 536 5748 1291 43076 17610 348 1320 94 1079 35 202 1883 33 15255 200 11462 348 15147 94 13422 4067 5323 9457 4773 5514 59374 4773 5514 282299 5514 5514 15990 147 432 17666 8723 153957 47857 4047 5
41085 4434 543 15 3 24934 8 10023 2505 79 25147 4434 18 1254 35 98586 503 33 6 185 3 3003 8 8593 7 3 197 7 23394 13 4301 869 3074 5
145 4434 18 1088 538 3 2816 317 15 24934 8 10023 2505 5
17 4434 842 67 9022 6294 4 290 2099 671 9 197 7 23394 1547 6 3 4867 8 2911 2376 5
2904 2106 93432 32980 98586 503 5
2904 2106 93432 32980 5
2106 3074 396684 9450 114739 4 127746 14505 2904 3074 4 35612 284219 30558 4 144073 869 360 4703 5
337038 144912 300879 257824 9450 114739 478440 4 127746 9450 1376 478440 9516 28945 93 5
40476 3394 8 2137 7 5036 17 25147 4434 35 98586 503 33 842 3 23394 47 86 916 3 197 7 1622 628 14 589 9 32542 1506 6 4764 3 869 5
187 42 3440 23394 10 676 5
17 3394 7 23394 18 543 15 3 25147 4434 8 17759 15 3 5681 8 909 6 628 1272 6 1088 3 5907 197 5
20498 500 842 3 23394 13 42 3467 4 106 43 39 9 4783 221 7 5036 8 3 909 6 3851 507 18 558 5
1655 70 3 23394 1658 538 3 25147 4434 4 3 221 7 23394 18 1842 6 409 4 3364 3 2911 3309 4 8 407 3364 3 19617 3309 5
20699 628 42 3883 25 1543 10 3 173 8 540 4814 5
17 689 1543 7 628 42 53 4 2159 2106 1721 564 4 52703 323 173588 8 5315 476 5
23429 1721 112 42154 14505 284219 93 433 112 23429 1721 9 95067 23730 239180 112 23429 885 14505 5
20498 500 5
12418 7 3467 23394 5
16528 3309 32139 3309 15554 484 7505 390 484 25898 484 47390 3004 37642 484 263422 518 431 489 40782 484 60766 518 431 489 30186 4142 1493 1291 3912 146368 102594 1291 8932 1879 1291 178 2428 1989 2159 536 5748 1291 259840 17610 348 58589 2362 1291 15255 200 11462 348 160269 1291 15147 2156 13422 333897 1291 4067 5323 17129 14407 24969 6577 43076 1320 94 1079 35 202 1883 33 252980 14 47 23 18 34 537 6 4498 5036 4 49 628 42 9482 628 42 13627 42 18774 8766 5
20498 708 842 3 858 7 8766 23394 5
20498 708 5
12418 7 8766 23394 10 3 3394 5
16528 3309 32139 3309 65330 1291 2156 13422 22827 596 959 7 4723 8954 134301 3583 75463 14139 903 484 1291 404193 35 2262 1214 484 1291 33 51515 13709 3775 1663 489 8187 348 1291 16908 1957 348 1291 9457 4773 5514 59374 4773 5514 282299 5514 5514 15990 147 432 17666 8723 153957 47857 4047 5
7337 2137 17 197 7 628 5036 18 3192 24 3 23394 1595 10 20498 500 5
17 3851 628 7253 6 3 2864 11537 7 23394 72 3 566 25 548 1515 6 591 2076 4 19 19560 11537 10 676 5
17 297365 7 317 16 177 533 14 3 10900 650 4 106 3 798 3 297365 7 3 5036 4 3 48 841 3 10900 5
81 3 869 200 4 3 360 142 26 26119 19 3 508 53 10534 4 1836 4 1390 4 168 4 122 4 191 4703 5
81 46 601 4 3 297365 220 18 2864 4 21 104 7 3 23394 3467 39 40 3851 507 558 97 19 2864 11537 4 8 869 360 19 7877 4736 42 48 1441 6 272 8465 5
2858 17521 2376 7 23394 17 23394 7 3 197 7 5036 42 10637 538 3 2858 17521 4859 148 3 89 507 7 3 869 2157 484 8 83 23394 4 6 2705 3 1322 8 11245 7444 5
20498 700 842 3 17521 85612 148 3 23394 5
17 23394 3912 2588 1053 5458 4 259840 4 58589 36561 5458 4 160269 5458 4 43076 4 1320 50767 17245 35 202 1883 33 4 2159 1810 19607 5458 8 15147 67440 130190 35 2824 10 7712 10 20498 700 33 240 17521 85612 1298 7853 8 42 14386 25 3 197 7 5036 21 43 42 1595 6 27 799 289611 5
17 23394 60766 518 431 489 8 518 431 489 42 1109 106 23 34298 3 7060 7 3 17521 5
8616 4 3 32542 992 1506 18 1148 2016 3 1652 630 23394 109 13 16 4 3 800 23394 2888 10 20498 700 2288 3 5
20498 700 5
186293 85612 148 8 83 23394 5
337439 186293 85612 19 40782 484 37642 484 17129 14407 24969 6577 15554 484 30186 333897 1291 47390 3004 7505 390 484 15255 200 11462 348 11462 348 4142 1493 1291 178 2428 1989 545709 4067 5323 8932 1879 1291 60766 518 431 489 263422 518 431 489 2159 536 5748 1291 3912 146368 102594 1291 259840 43076 1320 94 1079 35 202 1883 33 160269 1291 58589 2362 1291 15147 2156 13422 5
27684 3 2801 1646 17 2801 1646 35 221 7 266 7 2864 507 13 16 220 21 9796 7 3 32542 992 33 16 6008 32 349508 935 8 10076 3 2854 8 10900 2168 7 3 32542 992 35 10141 12283 3462 5
2804 33 5
622 349508 5018 14 9863 3 14608 35 2800 33 8 3 89 1951 7 9 507 16 6 13012 50 8912 35 33 4859 8 50 8 6 28764 3 23322 114 3 27252 35 55766 33 4859 16 17281 11177 35 112898 4 1095 33 5
98586 500 842 3 7 3 869 2157 484 17807 5
238 71 26 381 4 3 74 115998 249 18 17281 4279 5
1655 3 169 14608 9575 115998 341 15 4 3 7553 4859 7684 6622 8 70 3 508 23322 155 34 1379 964 2770 25 3 11245 397 7 1069 5
7 3 2157 484 7 652 98586 500 5
7 3 2157 484 7 652 5
17 216 4644 18 2828 6 2258 3 14608 35 2801 1646 33 7 290 12911 10 3 628 197 5
17 11245 7444 14 70 23394 2273 10 3 169 14608 9575 115998 341 22 104 5
6297 15 3 34130 4644 4 3 2801 1646 86 26 197 22 459 3281 4 11771 4 9575 4 9575 115998 249 8 9575 115998 341 5
81 46 601 4 3 3909 1646 3112 18 1406 232 6 7799 3082 58508 249 4 341 4 459 4 503 4 500 56012 23322 6 852 3490 7 3 16301 7 1951 7 89 23322 8 28207 92 3 1273 34130 4644 2209 3 282 21365 14 3 1506 5
40476 5447 17 197 7 5036 39 93 1268 628 463 6 3 2864 297365 7 3 507 4 21 3 2864 871 6 26 1109 36 535 26 3 73 12540 115 10 3 191 5
17 216 51 34 1636 92 3 297365 18 1562 4 21 90 13987 86 27 1268 628 14 5094 49 222 15 47 87 18 93 951 5
622 946 16 3 507 7 3 2588 1053 5458 4 47 2464 3 596 8474 7 9 869 3414 7 3 118 213 2904 1981 35 3912 33 4 47 4 463 6 3 3775 5094 4 36 899 13 3 507 7 3775 360 6 27 1268 2770 14 133 222 4 49 1797 22206 5
7337 40937 238 3 507 7 5036 39 16506 19 523 2770 4 23 18 1622 6 8743 3 2430 7 2770 14 290 507 496 3 1079 1356 6766 4 9193 1362 4 543 15 3 644 13 3 103860 30110 7410 3054 1379 2980 7 6494 8 249 14 37214 5
931 2770 31 34 3439 4 8 2770 148 6766 8 9193 4556 3 32542 992 2106 1175 6 56414 35 324856 4 67844 4 323 10558 4 274 109 10141 12283 32330 4 2804 33 5
17 14392 14 628 40937 16 392 24 35 446326 35 341 33 33 5
35 341 33 114 53 16 3 48871 871 109 9485 3 871 6 26 48871 109 27485 3 3033 871 7 3 507 6 26 48871 109 5736 3 3235 871 7 3 507 6 26 48871 109 3 3235 871 7 3 1079 109 8 3 3033 871 7 3 1079 5
15060 543 15 49894 17 508 199158 4301 3 32542 1506 1273 6 3030 3 10900 7 3 2157 484 7 869 5
17 1821 5018 18 220 6 1088 3 1506 7 10900 7 3 869 2157 871 4 47 16 962 10 446326 35 459 33 5
35 459 33 114 53 53 9965 6 3 2655 871 7 3 869 484 14 3 10900 10398 216890 81 46 162 4 18398 3082 249 109 500604 42540 6 3 869 2157 484 430218 109 42540 6 9 430218 7 3 12911 4114 109 9575 14 9575 3082 249 242 60385 4 114 290 871 42540 6 3 9892 4736 7 3 430218 5
1249 55885 58508 56012 16 3 197 4623 3 2801 9059 1109 10 3 1665 4 23 16 537 6 2258 5
35 503 33 8 35 500 33 5
35 503 33 35 500 33 5
53684 3 928 8 1665 197 17 197 7 5036 7950 3 281512 650 4 427 76 5139 3 2801 9059 7799 3082 58508 249 4 341 4 459 4 503 4 500 56012 8 3 10900 10398 4939 21 9575 1635 249 5
17 12911 220 21 230 3354 14 3 928 8 960 197 18 3 869 2157 484 5
36743 4 18 220 9 32044 2279 4644 35 243328 4 1095 33 4 10 47 3 197 7 5036 18 3868 76 67 108791 4 3467 14027 4 276 3780 4 19 52 7 3 628 14 928 8 14 2279 5
25421 13 4 14 290 871 7 2801 1646 3 221 7 11537 16 4939 21 58508 20981 4 21239 4 6327 4 19836 4 18374 56012 4 3995 5
53684 3 992 6358 17 32542 992 1506 3112 14 10900 18 3 448659 156936 4 463 6 50 3961 10 3 650 7 10900 7 89 507 4 8 50 13292 1175 6 1849 8 4517 25 103860 628 5
145 1506 18 59 3112 24 8 35 3578 33 4 35 3824 33 4 233513 35 4973 33 4 35 3952 33 8 360303 35 3495 33 5
17 992 2981 35 98586 708 33 16 9935 7 459 10746 4 150 32 9796 9419 4 9 4438 9419 8 32 3354 9419 5
17 221 7 23791 10 3 9796 9419 16 2118 24 3 2801 1646 35 566 10 190 33 27704 24 3 221 7 507 10 3 197 7 5036 5
17 221 7 23791 10 3 4438 9419 16 2118 24 3 14392 53 35 708 33 114 15441 8 6517 3001 3 221 7 23791 7 3 3354 8 9796 9419 4 3995 5
145 14392 18 1273 24 18150 35 1095 33 8 18 220 463 6 964 660 4 50 231 11657 3 992 2854 650 5
17 221 7 23791 10 3 3354 9419 16 2118 24 3 1646 7 3 10900 10398 5
17 30110 4859 3112 18 3 10024 4859 5
71674 7 3 1273 992 98586 708 5
71674 7 3 1273 992 5
12266 5310 12586 18 2828 24 12391 650 4 114 3 2161 29132 8 55906 31 2167 10 3 992 5
17 31660 3112 14 3 992 928 18 3 12228 4 32 9384 7 3 2029 31660 5
66 4763 6 5199 3 2366 1951 7 3 7553 16496 10 3 11141 7 17509 5
273 992 23462 4 3 221 7 129759 18 197 22 2667 49 3 3033 3768 489 22 104920 5
81 83 1299 4 3 928 781 65 57 7 192 67 912 42 943 5
659 5507 3 32542 2642 7 46 162 80 220 3 49474 5309 25148 35 4 280 33 5
100955 7 3 1506 2106 773 23491 659 8612 3 773 7 3 1506 32542 4 179 1170 42 220 53 4 4 85612 16054 5
17 29139 33939 67440 96368 35 33 4 1595 10 446326 35 708 33 4 16 3 1153 49 596 7 3 6474 2156 5464 7 4048 5
96368 16 4939 21 2755 49 6453 871 7191 3 36680 871 5
67440 6474 5464 31 304 6 49075 5
145 1415 16 1369 6 1445 106 23 1708 3 3768 10 970 7 22045 5
1949 4 106 6474 2156 5464 31 220 4 3 565 7 1432 8 2366 5464 19885 290 83 61 16 5259 5
35 700 33 17 37388 29139 3389 96368 35 33 4 1595 10 446326 35 700 33 4 16 4723 21 32 9008 14 3 31392 326 49 10900 809 5
79 799 6154 13 3 10900 7464 19 3 521 628 5
35 704 33 17 85612 4 446326 35 704 33 4 34298 3 10900 773 10 7488 6 3 18795 10900 4 2677 13 3 1221 426 871 16 3628 6 3 498 871 5
35 782 33 114 53 208 3082 249 4 3 1506 29 9 773 3628 6 9 18795 10900 4 92 6117 249 4 3 773 16 1734 58 9 18795 10900 109 8 92 11102 249 4 3 773 16 333 58 9 18795 10900 5
17 67440 7 68607 35 33 231063 53139 4 1595 10 446326 35 782 33 4 1170 3 2156 7 8958 5630 6 3 507 2826 5
35 183 33 3690 53 35 407 33
145 2124 6274 3 522 232 6 3 17592 962 10 46 1381 5
61648 6 8612 3 2801 1646 52141 8365 42 2173 19 3 3316 7 12752 3 282 2801 1646 6 4764 3 869 2157 484 5
61648 42 2828 14 2801 9059 7799 3082 58508 249 4 341 4 459 4 503 4 500 56012 5
79 676 7 19560 9892 89 12949 42 220 10 3 5867 4 12510 6 3 566 25 548 1515 6 591 2076 5
238 3915 4 3 31660 3112 14 992 928 18 3 12228 31660 5
17 522 7 3 928 6589 31 1595 10 20498 704 5
273 70 2801 9059 1109 4 3 992 21171 19 9 3235 7 6272 129759 5
17 1506 19 2801 1646 3628 6 500 2209 3 2654 928 3768 4 742 23 16 177 408 6 3 5464 2209 14 3909 249 4 341 8 503 5
20498 704 5
75250 7 3 3673 12266 11391 5
38751 155737 129759 249 341 459 503 500 503930 17 522 7 3 25017 650 31 1595 10 20498 782 5
273 70 2801 9059 4 13377 842 13 3 2520 1273 31 333 58 9 18795 10900 49 9 6951 1414 4 110 1091 24 3 773 13377 7 2826 10900 35 11102 249 33 8 48378 10900 5
20498 782 5
75250 7 3 3673 133951 106449 60623 5
38751 35 202 33 35 202 33 249 108430 256465 341 86498 459 70354 477984 503 71109 286658 500 99991 69490 3 4644 2573 10 8941 5630 6 3 1414 7 3 89 2801 1646 25 3 2520 1273 4 3 282 773 4 543 15 3 197 7 3768 23491 4 14 10900 16 3 1506 19 2801 1646 3628 6 459 4 21 23 6274 9 2586 4007 489 7 477984 202 4 8 7 70354 202 5
98586 700 842 3 4631 6027 148 3 2755 628 8 3 10900 2828 14 3 1506 2106 960 197 19 9 2801 1646 3628 6 459 5
238 71 26 381 4 3 2770 2655 24 3 32542 992 979 3 2826 7 2157 484 507 5
38076 19 10900 7 3 960 197 19 2801 1646 3628 6 459 98586 700 5
38076 19 10900 7 3 960 197 19 2801 1646 3628 6 459 5
61648 6 8557 3 289611 7 3 1506 659 10158 3 7444 653 7 3 1506 4 183 928 8 960 2757 3467 14027 42 4209 369 4 3 596 3768 18 426587 202 8 1493 12634 202 14 9 7444 653 7 5180 202 5
20498 183 6274 3 266 14 47 3 32542 1506 732 6 2705 3 4007 2826 2586 5
622 2376 7 3 5114 8 7 3 4279 4008 10 3 566 842 13 3 5464 31 463 6 37538 200 912 5
349 591 1515 4 87 18 9 504 3797 6 3 337 7 3 5909 610 25 28982 6 8 3 503 202 1253 10 1096 360 4 2406 3 869 484 6 705 10 46 191 4 377 3 2826 10 46 566 18 9907 5
349 620 359 4 3 4089 7 3 68682 857 4 9 1644 390 4174 1298 3 5560 9419 7 3 33613 15703 4 18 354 4 2406 3 869 484 6 474 35699 4 8 46 644 1146 32 9907 2826 13 18 97 1505 19 3 1431 7 3 274 504 5
20498 183 5
350331 266 7 3 960 197 5
21674 22827 143284 51253 591 1515 65053 26795 43384 620 359 109981 265494 10873 5
106449 7 3 1506 81 678 6 333 27241 3 522 7 3 32542 1506 19 2801 1646 3628 6 459 4 9 84 960 1625 14 3 566 7 548 2560 6 620 2560 18 9935 4 19 9 676 7 407 11537 5
17 628 42 2209 6 3 992 8 3 522 31 1595 10 20498 407 5
66 16 537 6 10992 4 21 230 4 13 3 9224 2209 8666 773 677 6 3 960 1506 9935 7 3 1494 100402 4 44 3 2586 4007 489 18 256465 202 4 1109 16672 5
238 381 10 98586 704 4 3 2755 628 8 3 10900 1667 3 216 2826 4 60000 97 10 249 397 4 3 51622 2209 568 88145 4 21 1556 16054 9224 5
12502 4 3 6027 7 3 2755 8 2655 2770 29 9 1370 3457 148 3 507 5
20498 407 5
11391 7 992 8557 19 2801 1646 3628 6 459 5
317314 202 256465 202 38076 7 10900 7 3 8557 197 19 2801 1646 3628 6 459 98586 704 5
38076 7 10900 7 3 8557 197 19 2801 1646 3628 6 459 5
20498 403 6274 3 33922 397 10 3 2826 2586 14 3 1506 25017 197 19 2801 1646 3628 6 459 5
622 2376 7 3 5114 8 7 3 4279 4008 10 3 566 842 13 3 5464 42 59 463 6 37538 200 912 5
81 681 2560 4 390 797 6878 6 32 596 7 245535 99 4215 9 168 4 3 2654 121 491 274 4 47 1022 3 869 484 6 1253 10 46 191 5
20498 403 5
350331 266 7 3 8557 197 5
21674 22827 143284 51253 681 2560 190748 164580 43150 17 9892 7 3 522 2209 10 46 601 132064 13 3 1273 17592 18 12354 137 34130 2376 7 3 522 3439 4 1571 9 206 489 7 3 869 484 893 4 19 7 477984 202 5
145 18 1091 14 3 523 2801 9059 1273 4 20563 3 30371 7 3 17592 14 2172 2520 14 10900 7 426 869 200 2770 5
81 46 601 4 80 1787 6 1445 3 197 7 317 1379 10 3 229 200 8 2705 3 23394 13 1097 869 360 4 427 76 1250 3 1715 2828 8 310 4814 4 3 1678 386 4 23150 8 200 9224 5
17 17592 2209 142 26 9888 6 83 10349 8 40 1989 5
55631 4 3 2898 15 3 7736 7 869 360 16 149 2336 8 39074 5
527 4 25 3 34130 20109 4 46 601 2436 6 26 177 8510 4 19 90 4309 14 229 200 10900 110 1589 8 4964 5
67577 3 2586 76 47 869 360 337 16 177 533 14 3 726 7 1783 5310 6 3270 10 3 869 200 5
17 665 7 3 19026 3677 6 4364 6725 1556 13 1614 202 7 3 6725 494 13 3 2520 8 4309 43 231 31 16672 4 44 43 112 34 231 1416 4538 6 3270 10 3 869 200 5
17 21789 10900 7 869 360 142 2894 4153 1212 14 706 10 614 5
17 17592 2209 14 231 7 49474 133951 9861 6 4764 3 2157 484 7 4 3637 15 52703 323 173588 4 3322 503 10900 1959 53 35 249 33 3003 3 565 9962 109 35 341 33 230227 8 2137 7 5036 109 35 459 33 337482 7 29132 109 8 35 503 33 17241 8 10900 5
17173 3 267 542 7 869 4 3 1506 13 3439 3 282 773 18 2801 1646 3628 6 459 4 47 661 9 2586 4007 489 7 477984 202 4 8 7 70354 202 5
17 6027 7 2655 2770 8 2755 2770 842 13 3 2655 507 3177 3 507 7 2755 2770 5
83571 3 522 3455 10 3 8365 4 23 16 537 6 3088 13 3 5464 31 2086 799 5
527 4 3 10900 3074 16 282 4129 19 3 13377 4 21 23 6852 333 9 1065 7 44398 25 3 1506 5
17 522 240 3419 4007 2586 713 8 5497 3 8808 7 46 601 5
66 16 533 6 1963 13 34 70 3 23394 4400 10 46 162 86 26 220 4 24 13607 7 3 292 10777 7 2159 4 25 3 8466 8998 7 32 310 13 29 34 483 1049 9 967 7 11873 6 3 1292 7 10581 241 89 507 5
81 614 4 3 522 42 16672 21 43 3639 3439 3 6905 7 46 601 6 4764 3 2157 484 7 3 4 508 50 3074 8 9980 5
8616 4 3 231 7 49894 6 4764 3 3074 8 4695 7 1989 29 1595 6 26 9 16079 2155 6 4759 4538 4 7333 3 200 3074 8 1365 13327 317 6 706 4 10 1243 6 3 2177 7 110 220 10 3109 19 83 4538 5
249 12162 5
53 1078 5