14689 4 1366 2333 236 6 231 7732 1442 4538 6 5507 532 5310 488 6 293 19 3 5266 10 3 5300 1252 24 10363 4 49 19 3 40274 7 441 556 2505 7 3 14130 7 9 1366 35 2869 164 4 6339 775 4 49 14365 2059 33 5
145 162 6274 9 5519 532 284 47 16 488 6 3009 3 15518 7 9 1366 22 799 7434 5
81 46 5114 4 396 893 10 3 1366 49 892 912 71 4722 73137 5
659 4855 46 565 4 9 5018 16 1273 6 852 3 26653 6942 7 9 4568 678 474204 22190 10768 6 8744 50 3225 6 5344 892 49 1366 14130 5
10745 25 9 177 1906 49 141 3435 21365 4 3 7 3 954 31 9888 10 521 89 4 125 3 4333 7410 220 6 72908 3 9796 23394 31 5607 54 9 1087 566 7 89 5
52141 26753 10 189 17229 8 521 1276 661 3 5018 6 26 189 2025 8 7608 4 141 65 677 19 9 746 1512 5
27143 4876 4478 35 42732 33 10301 9 3010 1079 7 3531 3677 6 3977 6 132 1443 6266 4 48 4213 4 48 5314 4 8 48 9268 3641 4 276 4202 441 6 6614 8246 1806 2693 35 1053 4 1278 33 5
81 3 7493 386 4 10363 31 2638 220 6 371 3 1512 317 5
81 90 745 4 43 31 3797 6 9 1416 13 12134 1087 532 1945 133 21 4232 6 1262 16369 8 4 92 20112 4 6 16895 1397 35 4 4 71515 4 323 372127 4 2560 33 5
32095 1366 4199 2464 57 7 3 104 533 2235 7 42732 5
66 4589 67 523 3466 4 57 2442 19 3 9318 6339 4 18549 29582 35 27524 4 4 323 372127 4 2076 33 532 4 8 3 83 2442 19 3 532 15518 35 8 10 90 745 3 5844 2435 33 35 372127 12283 32330 4 590 33 5
48884 49 7128 1952 16 57 7 3 689 3117 7 1617 6086 35 4 502 33 5
214 16 57 7 3 689 1809 524 6062 1952 532 16 20663 57 7 3 104 974 601 7429 1411 3 7493 386 5
17 733 7 46 22629 16 6 1297 927 24 31452 3 746 2220 7 8090 13 86 15779 40 1164 4 21 166 21 363 3 1617 3154 48 4213 5
187 31 523 6599 6 1952 3013 5
9978 532 35 24097 33 1443 27 3 7453 7 5714 9 81493 1952 5
65179 5519 532 35 15874 33 1443 1753 3 7453 7 5714 9 1460 3457 25 9 16812 1366 35 61428 4 6355 4 4 5978 4 323 1376 10132 4 1095 33 24 538 317 663 25 30653 2438 5
1516 6599 31 15874 19 3063 35 196938 33 35 100721 323 4 2076 109 28700 4 590 33 47 20178 3 7453 7 102834 7 317 148 1021 95 21 6 1297 773 8 927 4 49 15874 19 10067 323 5987 7453 35 33 35 7227 323 1376 80880 4 359 33 6 3009 5771 10 47 3 366 383 26 1505 5
50500 7 189 3 21422 8 3 12211 15518 16 666 103 11027 192 2000 10 9 1366 5
520 3474 12874 24097 49 15874 1443 10 40 1021 4 44 10 117 745 43 112 34 3270 22 799 7434 5
931 1443 27 45 1940 4400 10 3 3514 6854 4 1618 10 17229 10711 35 373795 323 10788 4 2804 4 1422 109 43611 323 314796 4 744 33 5
17 1101 4 189 10 386 8 10 3796 601 4 29 2239 45 15 2673 6 4948 1261 35 4 4 323 40600 4 1095 109 9957 323 105307 4 274 33 5
17 1033 13 76296 42179 27 2239 34 45 1109 16 13 1945 15 3 15518 48 3092 2498 3 366 2106 14130 35 2369 4 911 33 363 3 284 572 6 1506 4 24457 4 49 532 5
81 3540 10711 4 23 16 1144 2795 13 3 1952 383 26 1842 8 153 1206 799 141 65 87 16 93 1366 10 815 463 4 14 946 4 6 3 1892 7 309 7400 114 89 383 26 805 6 8035 6 10774 49 83 4652 993 35 9 11031 4930 10 815 7 3 366 49 9 1617 1067 2143 1426 33 5
3763 4 3 3848 1952 2123 10 3540 10711 16 575 4 14 47 3 1678 3497 7 24097 1952 891 1443 31 7128 5
17 6905 7 46 162 16 6 1000 9 284 3682 7 1749 3 6942 7 22190 954 14 3 891 7 3 15518 7 9 1366 10 3540 1261 42179 5
17 231 7 22190 8783 35 163251 4 9749 33 14 532 1443 29 67 689 9063 5
35 4114 33 80440 8783 166570 3 236 6 231 1812 26920 2520 13 31 883 205930 16915 92 43 31 7025 4 49 14354 92 43 31 205930 4213 5
35 25547 33 17 3316 16 34 6 3001 3 284 40916 4 44 6 17515 3 3225 8 791 7 746 2220 5
187 16 93 14324 1217 6 3 1746 7 22190 11379 35 47105 4 511098 4 323 94141 4 1422 33 5
1858 4 143 43 31 1254 5473 15 3 2505 558 52 3 284 6 26 3275 5
17 284 2106 6942 383 26 26653 10 678 14 3 10768 6 8744 6 2571 892 49 1366 912 133 21 12338 4 5844 893 4 2059 7 3 14365 4 49 83 10774 19393 5
659 46 194 4 57 15103 9 678 474204 22190 10768 35 189521 323 4 6760 33 19 14 145854 29132 8 88788 21 5
622 2007 22190 10768 19 70 2852 22 4568 35 19 3 2677 13 3 15518 31 34 4457 1918 33 37169 72 89 4 19708 189 3 827 7 3 88788 8 3 171511 7 3 5
273 3 2007 3435 10768 6 15071 4 9 74 14533 16 1254 13 58225 3 2371 7 3 88788 10472 3 7 3 284 4808 15 3 1952 8 3 10750 7 3 1366 5
435 9 1087 1058 7 89 4 9 169 4 8466 2854 14533 1141 1780 14 1463 49 27396 3 13 72908 3 9796 23394 7 3 284 5
5583 4 9 296 14533 16 10 886 7 20973 3 13844 1945 4 19 3 3316 7 40664 746 1945 5
364 517 7 162 15 26653 22190 24220 29 45 543 15 3 32174 37442 96368 41403 35 22674 4 140757 4 323 229989 4 2773 33 5
1203 7 3 845 4117 10 46 517 1379 10887 7 3 5018 4 2164 19 3 13613 7 3 4333 7410 35 4 4 4 323 4 2076 109 431110 4 911 33 49 3 1243 7 84 4333 7410 35 35727 4 431110 4 323 24452 4 2076 109 80007 323 12825 4 1278 33 5
81 3 1379 162 4 3 10750 35 16496 7 3 3768 33 16 59 1109 6 26 1479 14 3 10768 2106 9384 121 4 14 1276 10 3540 10711 4 3 13228 1952 16 2497 34 6 337 14448 10 70 745 5
1858 4 15677 13613 142 4722 463 6 3 15778 7 10774 993 13 1153 3 1366 29 6 132 9 211739 337 10 1952 5
17 6942 7 3 1952 7 3 1366 10 133 745 144 26 53 35 4114 33 1460 14 3 1366 2106 14365 4 17210 3452 10750 4 8 35 25547 33 21 7608 21 537 5
17 284 18 2870 163 211739 893 7 3 13228 1952 7 3 1366 10 67 523 8365 53 35 4114 33 72 306 523 1276 10 9 17229 1566 4 8 35 25547 33 10 9 521 1366 5
17 29182 661 13 3 284 16 488 6 581 825 3225 10 523 1276 5
17 521 1566 522 661 3 30371 7 3 284 14 521 2333 4 13 23 39 4427 12398 4 8 18 5870 19 9 746 1512 5
17 939 7 46 4440 16 10032 21 3177 5
79 3142 404 7 3 565 8 3 2007 2981 7 3 22190 284 13 36 15071 31 2209 10 8941 53652 3 1581 16 2209 10 3856 10 8941 459 19 50 2071 76 108 205865 5
8941 503 6274 3 9345 20260 8 521 1366 522 4 9901 3 4991 19 9 746 1512 5
5583 4 8941 500 6274 90 14615 2932 8 15682 537 426 1583 7 162 5
1655 9 18423 397 7 1069 4 9 1457 6 26 3275 142 26 1867 10 970 7 26914 42584 49 1884 42584 4 1252 13 192 31 3455 25 3 172 538 9 814 385 12540 566 35 22674 12283 32330 4 2773 33 5
17 3316 7 9 10768 16 6 132 3 1457 2106 3354 1328 9 4249 3905 24880 35 11856 33 53 35 249 33 114 11348 35 11856 33 16 3 284 2106 3354 22 89 11856 4 18365 16 32 4000 4859 4 28825 16 3 532 9796 4 8 9421 8 72846 31 91755 47 2258 3 678 7 3 284 5
81 46 5114 4 3 3316 7 117 5238 532 544 16 6 1657 9 10768 47 36 1097 3 1457 2106 3354 1537 9 392 4249 1952 3364 3 13228 1952 22 47 3 1366 144 1030 5
659 46 194 4 10 3 1379 162 80 7673 9 678 35 474204 33 22190 284 19 9 1332 8 9935 1396 1084 4939 21 53 35 341 33 114 31 3 4333 7410 220 6 72908 3 9796 4 47 29 104783 523 4333 7410 4 8 43094 16 9 28579 871 3364 3 2737 7 3 62472 13 3395 21 1396 42285 5
17 4333 7410 220 6 72908 9796 23394 31 148389 4 4939 24 179 521 2770 35 9 4 8862 4 8258 4 5547 33 133 13 3 2463 7 4333 7 32 9796 871 14937 16 7154 21 53 17 9575 12715 3033 16 220 6 5507 3 8039 3802 5
2125 42101 35 468620 4 7416 33 16 220 4 8 3 3802 16 3 16036 596 5
81 3 284 4 70 3354 4333 7410 31 88788 5
12502 4 3 11868 871 7 3 3354 12911 35 61 33 16 7154 21 53 35 459 33 114 60385 2464 3 2463 7 2576 7 3 211736 1396 4 8 43094 16 3 871 7 3 62472 48044 24 3 211736 1396 5
17 2059 7 9 1396 2464 50 4413 6 3 1308 532 652 35 7154 21 3 8355 2463 7 498 11868 9796 871 4333 7 50 7562 22190 64360 33 5
35 2391 33 2436 13 9 22190 284 25710 19 62472 16 9 856 267 7 9 22190 284 25710 19 148389 4 8 71 112 460 1137 3 4991 71 5
659 10071 25 13 1381 53 1655 9 18423 397 7 1069 4 80 112 34 236 9 2125 4114 10768 35 148389 33 2191 80 256 6 231 22190 970 10 3 7 22190 954 4 47 16 34 129 267 5
158 59 164 13 133 9 22190 284 16 1906 14 7379 8 483 29 9 206 60029 7453 5
80440 1396 543 1443 19 62472 31 177 7081 220 10 5238 532 284 2333 35 456409 4 4 323 4 274 109 501255 4 4 323 183381 4 274 109 4 142934 4 323 36260 4 359 109 2820 323 4 274 33 5
81 3 1379 267 4 3 231 7 88788 1016 7 48 1812 12483 6 72908 3354 23394 2228 2025 13571 8 9802 9088 7 5
1563 5215 733 19 3 1379 162 16 6 532 3 1952 7 9 1366 10 9 7608 152 8610 7 50 14130 49 3 892 912 35 12338 33 5
16816 4 392 32 2007 22190 10768 19 70 3 35 88788 33 2852 22 4568 35 43094 3082 6494 4 33 4 129 2090 8808 42 53 35 4114 33 6 1849 26653 3 3206 827 7 3 88788 4 8 35 25547 33 6 2258 289 23 16 1622 6 1753 9 84 4333 4859 49 6 13655 32 1806 57 5
17 22190 10768 15995 7 67 9796 23394 53 249 5
96368 53 72908 3 1884 148 3 2755 1952 7 3 3275 366 8 3 13228 1952 10 5
53 72908 3 13422 7 3 1952 10 5
1354 23394 42 56580 19 32 2007 221 7 35 13 71 26 5607 154 3 650 33 5
17 2007 42 4209 24 30985 10541 40 5405 8 34720 3 260 266 183 202 7 3 1646 7 3 1084 4 21 1595 10 98586 249 5
158 60516 6 1377 13 329 9796 3109 51 26 2278 24 48 58 57 1396 5
33916 525 3 1079 42 5892 6 26 3628 6 3 12510 2123 4 9834 1365 3235 1676 5
22785 7 3 2007 98586 249 5
22785 7 3 2007 5
34417 14 341 4 459 4 503 4 8 500 5
14983 8 5756 260 266 2824 24 15610 1583 5
17 3354 16 56580 24 21 117 88788 21 8 9935 954 4447 10 3 1396 1084 5
17 88788 31 1574 6 3 12634 1356 4 249 1362 5
42343 2770 3001 1945 15 3 12211 125 5714 3 21422 22 4568 4 8 1432 2770 1945 15 3 21422 19 93 12211 652 5
332 3 1431 7 3 650 70 3 88788 31 2852 22 4568 5
17 1581 16 3868 76 108 4290 5
35 4114 33 81 3 62472 2854 967 4 3 2371 7 3 88788 13 7673 3 3354 12911 31 9888 232 6 3 30110 7 3 954 694 4 21 166 21 6 3 498 3768 8 10750 7 3 1366 5
35 25547 33 81 3 2981 2854 967 4 3 2981 7 3 22190 10768 16 5607 24 1463 9 84 6 32 9796 12911 49 27396 32 1806 57 5
35 31883 33 81 3 13844 11141 967 4 3 532 1945 31 23642 6 132 91 48 274097 5
98586 341 842 32 20071 7 3 1273 2104 5
312374 1069 7 3 108 4290 10 3 1273 2104 98586 341 5
312374 1069 7 3 108 4290 10 3 1273 2104 5
59268 14 9 341 98236 341 10768 5
30003 2854 145 967 58225 3 7 3 1396 1084 4 19 3 3316 7 3145 8 5479 3 4249 48 6621 5
17 9384 650 16 543 15 12752 189 3 3768 8 3 10750 5
66 16 617 10 46 152 121 3 13228 1952 3905 16 5892 6 26 211739 323547 10 3 284 623 58 14448 5
332 290 6205 4 97 3 954 13 42 4527 31 5607 5
1249 34 70 3 954 1550 6 3145 3 498 164 4 46 13652 16 22652 6 3 30110 7 3 954 53 114 43094 68806 3 827 7 9 62472 4 35 11856 115998 249 33 2464 3 30110 7 3 1396 22 767 6205 4 8 16054 35 11856 33 8 9 35 11856 33 31 3 498 3768 8 10750 4 3995 5
17 8294 1821 3 10768 6 5714 9 4599 10750 3628 6 90 3452 871 65 3 3768 16 528 4 8 1128 3 10750 180305 124 6 9 871 7 4568 65 3 1952 3768 7318 16054 3082 6494 5
273 46 3644 4 3 836 745 2888 10 20498 249 42 1109 53 2778 17 197 58508 35353 4 50624 4 45787 4 43455 56012 2464 5771 10 47 3 1366 16 4635 48 3827 58 13228 5
81 1654 53 17 197 58508 35353 4 50624 56012 5181 3 983 65 3 1366 16 4635 177 3827 19 2201 6 3 13228 1952 5
81 46 267 3 1366 16 230 6 8894 19 1432 4599 10750 3628 6 3 5067 871 53 35353 53 3 10750 16 1370 58 3 5067 871 2288 9 8515 4 95 88788 383 26 1842 5
50624 53 3 10750 16 287 58 3 5067 871 7191 9 8515 4 95 88788 383 26 30485 5
58508 45787 4 43455 56012 5181 3 983 65 3 1366 16 4635 3827 44 401 3 13228 1952 5
81 46 267 4 3 1366 16 230 6 1128 3 10750 180305 285 3145 3 4249 1952 53 45787 53 3 10750 16 1370 58 3 3768 2288 9 8515 4 95 88788 383 26 1842 5
43455 53 3 10750 16 287 58 3 3768 7191 9 8515 4 95 88788 383 26 30485 5
2778 17 197 58508 58759 4 93959 4 110708 4 112179 56012 2464 5771 114 3 1366 16 4635 3254 58 13228 5
17 745 31 962 8 8294 31 3677 34771 138 14 58508 35353 4 50624 4 45787 4 43455 56012 4 44 2016 9 523 4599 2366 5067 10750 5
2778 5583 4 228791 2464 3 267 65 93 337 383 26 3677 6 3 88788 121 3 1952 8 10750 7 3 1366 31 496 3 13228 1079 5
20498 249 5
21436 6 1384 10 9375 3 62472 2854 5
5527 11664 912 61533 35353 16054 6117 6494 17563 50624 3298 17563 45787 9 6117 16054 1635 3116 17563 43455 9 11102 34411 35 6494 4 16054 115998 3116 33 3298 17563 58759 16054 11102 6494 3298 17563 93959 17563 110708 9 11102 16054 115998 3116 3298 17563 112179 9 6117 13063 35 6494 4 16054 1635 3116 33 17563 228791 10974 6494 17 745 31 6325 15 3 508 19393 5
1532 4 2464 3 5067 10750 65 3 1366 16 1723 10 1952 4 11771 4 3 13228 3235 10750 65 3 1366 2106 1952 16 300 25 3 4249 871 5
17 871 220 14 3 8365 18 3601 22 503 5
3668 4 2464 3 5067 10750 65 3 1366 16 17749 5
81 46 267 4 18 197 14 3 8365 5
6449 4 3116 2464 9 8515 220 6 14550 3 537 1102 7 5266 10 3 13693 5
134 197 3116 3082 341 14 8365 5
157 740 4 3298 3082 25343 16 220 21 9 48090 4599 5
473 46 21365 7 3 19393 4 3 745 220 10 3 2854 7 3 88788 7673 3 7400 1595 10 98586 459 4 114 3 1426 8 1461 7400 4459 745 65 8294 31 2366 35 58508 35353 4 45787 4 93959 4 112179 56012 33 49 1432 35 58508 50624 4 43455 4 58759 4 110708 56012 33 4 3995 4 8 3 7712 2440 2464 3 13228 983 114 93 5157 16 3677 6 3 88788 35 11664 228791 33 5
21436 2278 24 3 62472 2854 98586 459 5
21436 2278 24 3 62472 2854 5
1500 352 53 2440 114 88788 31 1842 109 1461 352 53 2440 114 88788 31 30485 109 8 7712 352 53 2440 114 88788 31 135575 5
35 273 9088 7 3 8785 6 7201 10 46 1233 7044 4 3 7067 16 3876 6 3 3377 1185 7 46 1181 5 33
71674 2854 145 967 34298 3 3225 7 3 498 10768 154 9 1087 1058 7 89 35 4165 3082 577 4 10 1577 33 4 8 8050 289 23 16 1622 35 4114 33 6 1753 9 84 4 49 35 25547 33 6 13655 32 1806 57 5
659 1865 47 4 92 120 4 13652 16 3677 4 74 3 449563 7 3 9796 2770 16 4209 4 8 153 32 2376 16 115 7 143 3 72406 2770 31 2278 24 3 498 5
145 650 16 1303 61 21 3177 53 2778 208 3 104 3629 871 10 3 449563 16 2278 19 32 30110 2463 287 58 27529 153 9 84 4333 4859 16 13792 76 3 12911 5
17 31 35 98586 249 33 4 8 88788 31 14936 6 4568 5
145 650 16 12859 10 98586 503 5
59268 7 4336 1243 98586 503 5
59268 7 4336 1243 5
20692 7005 19 45928 449563 35 203 33 8 3979 7005 35 243 33 5
2778 208 189 7 3 67 104 3629 2770 31 2278 19 32 30110 2463 1370 58 27529 153 3 7877 1084 7 3 16 1842 24 1614 202 5
392511 31 34 14936 54 46 5
145 650 16 12859 10 98586 500 5
7 4336 13652 98586 500 5
7 4336 13652 5
20692 7005 19 45928 449563 35 203 33 8 3979 7005 35 243 33 5
13317 9 84 16 1254 6 1311 3 104 3629 9796 1079 6 9 1370 2463 95 21 6 3855 9 530 532 652 4 125 2790 3 7877 1084 16 1827 22 9863 9 10768 13 16 48 2190 557 6 333 45484 10 3 72406 9796 1079 5
134919 9932 1796 5158 31 351 76 1250 6 581 9 48 77458 532 7 3 15518 53 249 5
355 3 997 7 3 532 3905 893 4 3 284 2696 4568 14 5853 2106 10 678 6 24457 3 2800 7 3 2283 2571 25 57 13844 6 3 83 5
355 3 4249 1952 893 4 3 62472 2854 650 16 53286 14 249 2106 4 6 852 3 10768 6 1333 276 120 15026 1601 24 537 13613 7 3 88788 5
17 13844 16 197 6 4568 65 50 6474 871 16 287 58 28107 4 121 22 46 799 653 23 29 93 521 1102 5
473 192 13613 4 3 284 16 230 6 17515 3 1945 7 9 746 1512 48 6621 4 21 166 21 6 6754 61 120 785 15677 13613 7 3 88788 1601 24 528 893 10 3 4249 1952 5
61648 42 1303 61 10 67 16200 53 35 4114 33 10 9 17229 1566 10 678 6 21867 3 284 276 552 8 14 9 3010 197 7 1366 14130 109 8 35 25547 33 10 9 521 1366 189 6 542 3 773 10 521 1261 5771 8 6 6786 23 6 9 746 1512 5
9161 10 3 17229 1566 273 3 8365 10 9 17229 1566 4 35 17 1660 9761 9066 96647 33 18 220 21 138303 5
145 16 57 7 3 104 974 366 3843 51650 14 3796 601 463 6 50 1678 9063 53 35 4114 33 23 3443 148 32 2410 30730 8 9 1816 40060 1566 4 133 21 138 220 24 46333 1442 1296 109 35 25547 33 23 2000 9 5242 9855 2869 109 8 35 31883 33 23 34427 32 12708 197 7 3908 8 1276 19 523 2215 3225 5
187 31 306 2520 7 1276 6227 10 236655 4 70 7 91 17693 10 40 73805 3225 5
659 14076 46 4 98586 708 1929 3 2770 14 90 7 3 19393 13 2498 3 73805 14130 7 70 291278 2106 1276 5
81 46 1233 4 3 1426 1583 8 3 2412 4925 3001 3 2770 7 3 1153 8 2029 44398 5
17 2770 31 65508 19 2201 6 3 3033 8 3235 2770 170 5
75250 148 90 7 3 73805 13987 7 3 1276 10 236655 98586 708 5
75250 148 90 7 3 73805 13987 7 3 1276 10 236655 5
1500 517 53 1153 871 8 2412 2031 53 1153 196049 2029 44398 5
35 273 9088 7 3 8785 6 7201 10 46 1233 7044 4 3 7067 16 3876 6 3 3377 1185 7 46 1181 5 33
766 3 1366 2520 42 220 10 3 8365 10 678 6 960 3 53562 7 3 532 284 14 523 14130 5
17 8365 15995 7 995 3 1276 3 508 4249 7434 53 58508 302 4 1596 4 306 4 302 4 716 56012 4 14 302 2106 290 4 8 3629 704 400 5
17 1328 18 32 24241 16007 67 64530 7 5700 7033 1353 24 366999 4 19 3 3316 7 34 13221 3 284 2106 3225 6 3032 3 9318 5
1249 3 5844 383 59 26 3275 4 9 1906 534 18 6227 47 7511 55 3 498 5844 92 3 35238 147 1836 35 65914 33 7 3 1366 2106 2869 31 72 39970 4 8 7511 124 65 65914 11102 46557 5
17 19393 7 3 2854 284 42 197 21 3177 53 2778 130402 7 1356 4 605 1362 14 3 96368 8 1356 4 704 1362 14 3 97933 5
2778 17 10768 574 19 341 147 9796 35 503 954 33 5
98586 700 842 3 1952 522 7 3 306 1276 45928 10 3 260 29540 4 8 10 3 2245 4 41401 7400 7 3 29540 19 97 3 5052 4 3 20229 4 8 3 7074 7434 1595 5
17 522 1194 6 3250 206 12398 53 57 21786 10 3 41401 10422 3 1102 7 2854 4 121 3 1884 148 3 1391 8 3 2654 7434 17094 72 89 35 285 9575 28 3235 3768 33 5
51114 7 3 2854 650 10 306 1276 35 260 33 98586 700 5
51114 7 3 2854 650 10 306 1276 35 260 33 5
65847 1571 3 1391 4 2654 4 8 7074 7434 35 2245 33 5
4036 3 3982 522 10 3 17229 1566 4 80 16099 6 960 3 284 10 9 521 1366 4 21 36 26 962 10 3 161 100561 5
9161 10 3 521 1566 79 40236 45787 35 98586 704 4 260 33 5607 6 6203 16001 532 7 3 15518 4 18 220 14 192 3524 35 4 34483 4 61428 4 372127 4 323 4693 10132 4 590 33 5
17 5844 16 4000 6 3 10768 121 3 532 6227 24 40236 18 220 5
81 1654 4 87 18 93 2505 52 3 498 5844 4 49 143 49 65 23 1406 5
98586 704 35 2245 33 842 32 10060 1069 7 3 2785 6 1667 72 3 960 2440 5
66 29 12338 7 55 6 459 202 4 8 9 241 1071 5280 7 52 1410 185780 17 266 2824 31 8785 14 19721 19 12911 7434 5
17657 35 260 33 4 8 960 2440 19 2785 6 1667 35 2245 33 98586 704 5
17657 35 260 33 4 8 960 2440 19 2785 6 1667 35 2245 33 5
520 13613 42 115 6 3 21365 220 10 3 17229 1566 53 2778 17 9796 11612 42 1842 6 1356 4 302 1362 14 3 96368 8 6 1356 4 500 1362 14 3 97933 5
2778 17 1204 10768 56580 96368 19 503 1016 7 3 341 220 10 3 20260 8365 4 9834 9863 32 2007 10768 19 704 954 5
2778 5583 4 88788 42 5973 6 1356 4 5853 1362 121 2770 525 13 1079 86 899 1305 6 3 1366 2106 1593 5
332 74 4 3 284 18 2870 538 67 4599 4249 7434 409 8 500 5
17 522 31 1595 10 194896 5
782 8 183 10 47 3 1952 4 13844 652 4 8 6942 7 3 72 89 31 1595 5
17 1952 522 31 677 19 3 3225 7 9 746 1512 4 37 18 763 24 110 1595 15 9 2424 3 1366 2106 521 1952 4 121 3 71436 18 39146 5050 14 6607 532 5
11391 5714 9 3601 4249 1952 7 98586 782 5
11391 5714 9 3601 4249 1952 7 409 5
20257 7 3 1952 35 260 33 4 13844 652 35 1387 33 4 8 88788 35 2245 33 5
11391 5714 9 3601 4249 1952 7 98586 183 5
11391 5714 9 3601 4249 1952 7 500 5
20257 7 3 1952 35 260 33 4 13844 652 35 1387 33 4 8 88788 35 2245 33 5
81 189 1665 4 3 2981 2854 18 5913 22 9575 3082 577 2106 4 12390 9 503 98236 341 10768 76 9 500 98236 459 57 4 95 13 47724 3 88788 1601 3 1952 2807 5
10526 4 22 9575 3082 1410 2106 3 885 7005 7 189 23394 42 7406 276 120 964 1102 5
332 3 260 7 290 1233 4 67 29139 33939 96368 35 165419 33 2770 31 1595 5
17 57 54 9575 3082 605 2106 35 62941 164 33 8 3 1308 871 5
66 16 533 6 10861 13 104 7 3 88788 1194 6 1018 9 164 7 3241 480 3 322439 7 3 10768 29 45 5607 5
81 189 8365 4 97 57 62472 2537 9833 72 89 4 8 10 189 745 12510 6 3 1396 13 2278 189 3 3768 8 3 10750 3628 6 4568 5
17 90863 7 46 62472 4722 6 8744 3 284 6 3 10887 10 3 892 49 3 1366 2106 14130 5
81 189 745 4 3 1952 891 1252 24 3 2854 284 22308 13 7 3 746 1512 5
66 16 533 6 10861 13 409 18 3467 106 23 3380 9 11140 148 74 8 169 5844 10 3 267 13 3 1366 16 12749 3665 5
1498 3 960 4 3 1366 4154 74 5844 4 16153 7 3 1277 7 3 10750 392 6 3 1366 5
17 1952 7 500 18 32 2794 1236 121 22 46 1952 3 18411 14314 49 13422 15 3 13844 71 19572 346 893 10 1952 5
17 10768 4154 165419 5853 4 47 34 97 4784 206 8958 44 16 59 22250 14 3 1366 5
79 169 5867 18 2173 10 47 3 4249 1952 18 1406 72 89 5
17 1366 574 22 6908 79 35 98586 704 33 4 8 3 4249 1952 18 1406 22 290 2824 397 5
17 6942 7 3 1952 16 1595 10 98586 407 5
1498 3 5867 4 22 9575 3082 577 2106 3 503 98236 341 10768 18 4902 76 9 500 98236 459 57 4 47 16 3 1033 14 3 1024 3225 180 13 6205 5
1949 4 22 9575 3082 1410 2106 4 3 885 4336 7 3 96368 18 1842 5
15075 7 3 1366 19 2571 4249 1952 98586 407 5
15075 7 3 1366 19 2571 4249 1952 5
273 9 11427 2376 7 3 3225 154 3 5867 4 98586 403 842 1170 7 3 12398 7 3 5577 154 3 5867 4 32485 3 12749 35 260 33 8 17749 35 2245 33 1959 5
81 46 1233 4 3 2770 42 7154 19 2201 6 3 13228 1952 7 3 1366 8500 23 16 508 3 9660 7 3 62472 2854 14533 35 98586 459 33 5
238 71 26 381 4 165419 16 1731 10 3 17749 1959 5
145 16 106 3 14130 7 3 1366 65 538 3 12211 31 3254 58 65 538 3 21422 4 95 13 23 16 2538 6 1667 3 10750 9660 5
81 70 3 1959 4 3 21431 165419 37169 285 165419 5853 4 8 3 62941 871 285 165419 15483 5
81 3 1308 5577 4 3 596 165419 17094 72 89 5
17 5694 35 605 409 33 16 463 6 3 47724 7 3 88788 115 24 3 2981 2854 14533 22 9575 3082 577 139815 12811 7 3 1092 960 165419 53 7074 154 3 960 35 760 33 4 8 154 3 98586 403 5
12811 7 3 1092 960 165419 53 7074 154 3 960 35 760 33 4 8 154 3 62941 35 1426 33 8 21431 35 2412 33 684 5
111252 1959 35 260 33 4 8 17749 1959 35 2245 33 5
35 273 9088 7 3 8785 6 7201 10 46 1233 7044 4 3 7067 16 3876 6 3 3377 1185 7 46 1181 5 33
145 4440 29 2209 9 5018 14 3 26653 6942 7 9 22190 10768 1479 14 3032 3 15518 7 9 1366 4 543 15 628 3455 125 3 1366 16 1324 5
17 5018 16 3868 76 108 16200 53 35 4114 33 9 62472 2854 4141 4 1479 14 27396 3 2371 7 3 88788 7 3 10768 4808 15 3 1952 8 10750 7 3 1366 109 35 25547 33 9 2981 2854 4141 13 4 54 9 1087 1058 7 89 4 16790 3 221 49 3157 7 3 220 6 72908 3 9796 23394 109 8 35 31883 33 9 13844 11141 4141 10 47 3 1945 392 24 3 10768 31 23642 6 132 91 48 5314 5
17 284 18 2870 10 189 9 17229 1566 4 8 15 9 521 1366 5
81 3 29182 4 23 18 2870 15 306 1021 19 523 261685 3225 4 8 10559 5050 522 19 799 64441 72 89 14 70 3 1021 5
81 3 521 1366 3524 4 3 522 42 677 19 138 7 9 746 1512 5
17 532 284 22308 3 746 163 912 7 4599 4249 7434 4 8 594 3419 522 10 189 1952 8 10750 14 9 2571 4249 7434 5
8932 162 36 1101 15 1370 19081 10 3 8466 2854 4 121 3 1379 7254 55390 3 88788 54 9 171511 337 5
145 71 26 5650 24 299868 3 84 1396 1084 19 2201 6 3 767 57 5
81 3 216 517 4 3 1379 8466 2854 893 189 3 221 8 97727 7 3 4 44 34 40 5405 5
66 16 1060 6 231 628 7118 3 9796 449563 6 35403 3 84 14031 5
118 2831 2333 31 230 6 26 6227 19 3 1273 5018 5
622 15874 284 488 6 2384 9 1460 3457 19 9 16812 1366 71 26 2093 6227 24 538 3 1884 19 3 13228 3457 21 3768 3905 4 8 153 7623 3 216 1217 21 29 45 2209 10 46 162 5
10052 4 9318 532 71 26 543 15 538 3 3768 19 2201 6 3 4249 2785 6 1667 5
249 134 1109 23 10973 6 9439 6 746 1261 6 140 13 3 1366 16 77459 22 9 489 7 58 22 5
341 2158 53 5