17 14431 7 3 495 180 3 131 27 12609 528 10771 7 317 52 2067 8 40 229 8 2788 586 5
931 14431 71 26 220 14 3 510 552 3490 4 44 43 31 7081 272 61638 5
165361 2000 10 9 928 100402 142 1657 287 5050 522 7 19372 2376 5
7337 445498 16 1272 6 3473 3 628 14 19372 6 474 3 31392 8958 5
49366 3394 16 9 445498 5533 7081 220 15 272 61638 628 8 50 5060 539 2790 551954 4 6375 11177 8 12689 2000 4 25004 628 3003 4 2790 3 1058 7 628 666 14 2854 4 3096 31392 8958 7 27964 4 8 1723 7 2520 5
81 46 1381 80 3617 3 3525 6 47 3 676 628 4 1876 24 9 419 4 71 26 9 206 1625 14 7678 3 13307 2106 1175 6 6426 3 1447 15 89 5
134 8850 9 2419 3394 5533 14 1913 32 30392 2419 33498 13 23682 3 19372 8958 7 32542 992 536044 5
61648 42 2173 15 3 510 100402 3883 22 9 15253 419 6 5548 3 8958 7 129 5533 5
134 170 13 3 5373 284 19 4624 31660 16 2651 8 71 26 220 21 2419 3394 5533 6 6075 3 104 964 2000 10 9409 552 7 4768 5
17 510 504 4 47 456 10 541 359 4 29 8967 229 553 4 9019 1214 8 3469 1493 4 929 812 956 8 1793 7 229 1938 52 3 3241 7 229 553 10 614 4 8 18 3493 3160 180 3 131 5
631 46 504 39 117 3117 4 23 16 530 107 13 495 4 1751 8 461 1938 71 112 48 6 1368 117 7 192 544 10 3 426 5
81 46 5114 4 17130 1142 2106 1070 6 3 504 16 9 3592 197 7 1307 1170 4 6 4656 3 3013 4 7852 8 552 891 7 3 1520 1031 5
931 1170 916 9 84 395 3005 6684 14 495 17130 6054 124432 17 3269 1341 35 48817 4 2076 33 53 2778 419 653 4 49 4 3013 4 47 36 185 1075 3 13343 7 1570 1520 1938 6 4736 7 2847 5
2778 117560 4 284 1773 1643 13 71 1088 55 356 3 1520 1031 21 166 21 3 217092 57366 7 192 1643 72 89 5
82581 1170 31 351 22 9 419 653 8 3 284 21 9 1081 4 106 3 1370 13343 22 3 1570 419 653 9704 3 552 7 284 1773 14800 4 8 1797 22206 5
19621 4 15 3 57 881 4 1223 141 48 95 15 3 83 4 16 3518 495 6 2780 2410 4309 10 552 891 5
11416 29 1842 3 518 3053 6 9 653 13 3 419 71 26 1408 97 92 87 31 93 4809 1174 5
10052 4 3 904 14 9583 1117 14419 9618 16 1576 4330 5
17 3023 16 2006 6 581 1117 14419 9618 97 65 3 1447 71 34 26 5054 10 83 495 276 133 833 5
81 192 2686 4 419 891 18 876 6 1741 84 2506 14 40 224 4 47 36 27 4 22 3 216 89 4 48 6928 8 9512 6 552 5
12502 4 80 71 10992 3 552 3490 16 849 3 104 533 8 104 841 5280 7 1520 884 4 8 419 891 3 104 1479 10 3 6350 7 3 25646 544 5
3680 14 652 22 3 653 7 495 29 121 17130 2453 805 495 6 1415 510 552 538 2634 3233 543 35 26615 33 1217 10 678 6 2258 3 455 653 5
81 427 46 1092 35 48817 4 502 33 4 3 17130 1142 16 59 1699 850 9 3297 197 7 3033 3212 1254 6 1377 3 6580 7 192 2634 552 9758 5
81 678 14 2634 552 9758 1443 6 1377 3 6580 4 495 27 6 4697 628 25 117 1543 15 1562 4312 4 8 231 23 10 3 8557 7 1447 7825 8 10 1685 4312 19372 7 50 209 2067 5
79 3005 5702 18 115 14 495 6 231 5242 510 2620 2520 14 14426 3 3961 7 455 13324 35 4 590 33 5
21669 4 9 5394 8 14324 510 2620 1506 8 9 1447 8557 1506 16 533 10 15750 3 26615 1217 5
17 231 7 9 19372 5018 5473 15 3 10119 7 3 4689 4 3 1646 8 3 2125 7 3 1447 4 8 2464 32 533 352 7 542 510 2620 284 5
9457 510 2620 2520 71 26 40345 76 67 346 6599 35 6793 4 4 323 18150 4 502 33 53 10676 4398 8 11245 23955 5
17 172 8635 15 3 5077 8 24934 2505 7 7527 4 47 2697 6 229 1149 10451 4 69804 8 2063 1070 121 3 11367 650 16 1618 20558 8 43126 5
17 4991 1217 4 15 3 83 881 4 71 1128 133 38364 463 6 50 33147 8 10 2129 5
23838 4 229 1938 8 1296 27 1589 117 523 11427 510 2620 2520 5
4 4 8 218397 35 280 33 27 6401 11427 510 2620 2520 21 3177 53 543 15 8176 11245 4309 4 8 543 15 7732 1442 5
32567 11245 4309 31 27728 2376 4 27728 56018 4 523577 4 4 4 46302 3472 8 3033 5018 5
17 67 104 7081 220 31 2376 35 33032 33 8 67929 56018 5
62053 8 62053 35 1095 33 164 13 2376 9043 25 9124 7 3638 628 266 4 234675 29311 9513 4 8 3628 182 7417 5
5715 7 192 3012 2780 6 32542 992 2520 5
12283 3462 5
35 280 33 164 13 3 4938 7 3 27728 2376 16 3 9513 7 9 27728 1322 148 23394 4 47 16 1618 108140 8 3 9512 6 64441 25 3 234675 29311 9513 5
64604 56018 340 34 1871 3 234675 29311 9513 5
2249 7 3 27728 1322 148 23394 189 33032 8 14535 56018 31 217 6 27 9 1292 7 8958 5
187 31 59 48 5242 2520 424 21 7732 1442 53 2516 1443 4 22190 1443 4 32542 2642 8 4624 27964 5
2018 192 3 32542 2642 31 3 537 2155 6 3 33032 8 67929 56018 463 6 3 537 1812 108140 1322 148 23394 5
81 3 6854 10 104 745 7 510 2620 544 3 32542 2642 31 48 5050 58 33032 8 67929 56018 35 12283 32330 4 280 33 5
527 4 9 528 1051 7 19393 4 133 21 992 151438 4 2854 489 8 928 4309 4 27 6 26 64958 103 3 32542 2642 71 26 4071 3639 5
10526 4 26966 105 21544 76 325 30392 4 4 8 4951 938 89 10 2854 66413 3130 6 4722 35 62053 323 62053 4 1095 33 5
1655 3 558 6854 4 35 590 33 293093 13 538 32542 2642 14 510 2620 8 9 1447 8557 29 45 1783 72 3 271 1352 5
17 7453 7 32542 2642 4 543 15 3 119 71966 2854 31660 4 10 133 2333 16 463 6 3 152 3 992 4278 4 8 3 5681 7 928 628 5
355 7146 3 317 7 9 510 19826 6 3 32542 992 4 23394 31 351 21 9796 6 3 32542 992 8 9 27728 3109 7 91 16 351 19 16084 17509 5
17 23394 31 180305 2164 8 1441 6 9 103860 8586 3380 24 9 1087 30110 4859 35 104 3684 4859 33 4 153 5543 21 29132 76 3 161 9419 14 825 13521 5
17 380 4859 6819 2770 47 71 26 677 6 9 13228 871 5
3194 928 267 16 4406 6 3 992 4 3 380 3354 677 19 3 6453 871 8 3 1884 4 3 3768 4 16 60484 119 137 3 992 8 3 17509 5607 22 290 9419 232 6 3 4413 290 2059 754 6 3 3768 871 5
81 10752 4 3 992 1141 628 4 28792 23 538 3 17509 8 30110 7410 76 4438 871 904 8 153 2285 76 454 4438 871 904 109 92 454 10746 4447 4 8 1599 76 3354 9419 904 47 16 180305 249022 5
5839 3 3796 668 87 29 45 9 875 636 7 6854 15 3 2673 7 117 523 4309 14 510 2620 8 1447 8557 5
187 16 93 4499 21 6 47 5018 9 1506 5440 144 5357 14 9 392 565 5
4036 46 4046 4 23 16 34 2851 14 9 22660 6 13014 307 536044 538 523 4538 4 8 153 2401 3 57 13 6819 3 282 2104 14 40 565 5
527 4 65 9901 536044 4 23 340 34 4202 1667 13 3 282 303777 1308 4 93475 70 461 1411 3 3248 7 3 565 9962 5
21669 4 3768 713 71 477 26 1842 24 10503 3 3354 7 307 536044 5
17 601 7 303777 3109 16 2005 10 146 7 3 4279 6854 35 44516 4 2076 109 499005 4 590 33 4 8 2464 184 533 352 7 3 542 7 3 510 2620 284 5
81 129 2175 4 3 837 303777 2464 3 74 4 3109 7 536044 2464 3 169 8 3 9796 628 2464 3 296 533 352 7 510 2620 284 542 5
5753 155 34 4974 3 3394 7 23394 21 9 2409 1092 7 1506 726 4 2285 463 6 3 565 7 628 5681 5
16816 4 3 492 7 12911 3394 16 9 2409 8 9 3558 565 6 4855 103 523 510 2620 4538 31 220 6 1800 3 282 4149 1506 35 12283 32330 4 280 33 5
238 23 16 424 4 523 12911 3394 4538 371 523 522 15 3 216 100402 5
81 46 1381 4 80 3316 6 1746 9 5373 284 19 4624 31660 8 7732 32542 2642 35 78180 523106 33 14 1913 32 30392 2419 33498 22 1957 510 552 3490 13 23682 3 19372 8958 7 32542 992 303777 5
134 5518 1678 16691 7 3 9796 628 10 970 7 40 4413 6 4007 19372 7 3 510 19826 25 3 6681 7 510 1643 5
17 1652 7268 7 46 1381 31 4393 21 3177 5
8941 341 5181 3 565 7 1214 1121 6 26 4400 10 3 1381 8 5152 3 767 6854 1547 6 3 565 5
79 2941 20071 7 4538 8 13538 220 10 3 601 16 392 10 3 296 2124 5
8941 503 5181 3 9345 1746 14 628 2137 4 2419 3394 4 19372 4 773 8557 8 4631 5
8941 500 15682 3 9345 2376 8 522 13 1101 15 10900 8958 8 165644 569 5
8941 708 10761 46 1381 8 1929 90 4005 14 426 162 5
1210 6 48817 35 502 33 4 510 552 16 104 1122 4939 21 3 785 13 9 419 13307 49 3 30226 36 3303 6 772 40 5609 10 9067 19 3 759 970 5
17 8958 7 3 4048 7 9 206 49 788 2443 10 970 7 510 552 71 26 2069 24 53 9 206 3394 7 9796 628 4 538 3 282 4309 7 19372 8 10503 3 522 7 523 19372 4309 5
4248 9 265 85 4 3 636 7 601 15 1214 510 552 14555 18 1144 23604 5
58804 1214 510 2620 2520 42 1589 146 268 58 138 14 224 510 4 2638 4 463 6 3 565 7 5681 7 628 5
7337 42 1574 6 3 209 14431 7 229 1938 5
23838 4 90 628 31 2496 558 10 307 378 8 229 1938 8 1296 27 1589 117 523 11427 510 2620 4538 35 12283 32330 4 280 33 5
17 1325 3316 7 46 542 16 6 3617 3 3525 6 47 3 676 628 15 834 4 1876 24 9 419 4 71 26 9 206 1625 14 7678 3 13307 2106 1175 6 6426 3 1447 15 89 5
12502 4 3 19379 50697 8 48599 27 45 197 55 53 50697 53 1655 3 1806 628 15 419 834 80 71 2401 133 9 197 7 628 35 9224 33 13 581 9 206 1625 14 7678 3 510 1277 7 3 13307 5
1716 9 197 7 628 4 3 100402 13 36 26 1109 6 581 9 206 1625 14 7678 3 510 1277 7 3 13307 4 36 26 3 57 543 15 47 3 1221 8958 7 3 7736 36 26 15 9 653 996 1614 202 5
48599 53 17 78180 523106 35 4624 31660 19 32542 2642 33 5533 4 1589 10 46 542 4 16 17281 2537 48 5050 22 5180 202 1493 653 10 4631 6 90 7081 220 2419 21946 4538 133 21 53 3735 1811 4 44521 5514 4 119335 1291 8 186293 5
81 308 6854 15 3 1441 7 2419 3394 5533 8 4309 7 19372 80 170 13 62053 8 62053 35 1095 33 220 9 32397 628 197 7 1121 115 24 403 523 510 3249 19 9 676 7 342865 11537 19 288 9796 23394 53 42959 139 4019 4 53652 4385 7 89 22 498 5632 35 85 33 4 75850 510 1536 4 88566 3 5514 7 3 676 2788 6 3 676 959 35 5514 249 33 4 99264 3 5514 7 820 6 3 676 959 35 5514 341 33 4 8 61418 3 510 3246 7 3 19826 21 3 2193 13 71 21658 148 9 206 8 9 788 1447 5
158 1669 13 3 32542 992 2520 5562 3030 333 58 3 42223 2520 10 7995 785 565 1121 5
17 1828 628 4242 4538 4 47 27 115 9 964 4413 6 3 857 7 317 1897 4 71 26 3322 6 13014 3 510 2620 2520 5
1655 3 46333 522 35 18150 4 7744 4 323 6794 4 359 33 115 24 38043 8 187438 35 3824 33 4 3 32542 992 16 104 5050 10 419 1606 10900 4 979 24 27728 2376 4 67929 56018 4 421 2855 4 8 11856 8668 5737 5
81 4631 19 83 4538 4 43 3058 13 32542 992 2520 31 48 5050 4 33855 8 5394 5
12283 3462 5
35 280 33 1254 3 32542 992 1214 510 2620 2520 14 229 1938 114 628 1618 220 10 767 601 31 34 558 5
158 231 32 3844 3348 3631 628 197 15 5056 8 1250 11018 7 2067 558 10 290 229 4689 5
17 5536 14 46 542 18 1146 24 9 33208 419 13 11831 70 3 3631 8 9 265 83 2634 419 628 558 14 63729 814 1043 1214 1121 3100 6 50 1806 8 84 2067 10 3 566 3578 6 2804 5
1655 63729 1121 12835 35 169912 202 33 42 4149 8 7183 35 101210 202 33 42 41264 5
17 4149 1121 10 40 5536 42 14027 3467 25 70 4149 1121 3 419 3100 10 13 566 8 3 216 8323 14 41264 1121 4 3995 5
17 10777 7 290 3023 42 10 3 1494 5536 962 24 7432 23394 5
5583 4 1004 23394 3467 4 42 220 14 454 542 21 43 8509 3 1391 8958 10 366788 5
47153 4 14879 4 24087 4 8 14879 35 280 33 13014 3 1214 1447 4768 7678 1506 137 5750 3 34130 2376 15 3 834 7 15194 1214 1447 25 9 1087 229 4689 10 3431 4 8 5357 3 13307 2106 9908 23394 8 207 4651 21 317 5
214 542 3348 848 2370 9908 23394 21 3 20761 2193 10 7816 3 1214 1447 4768 3074 5
435 150 3 207 4651 4 3 7678 8958 489 7 3 1506 2086 853 19 97 3136 3 2370 10777 21 3 23394 5
238 9 665 4 2936 14 2016 3 13307 2106 9908 23394 4 10 970 7 13896 3 7678 23394 4 46 542 16 59 304 13307 2106 207 4651 6 132 9 48 5050 10900 52 3 2177 7 4768 5
100402 5907 29 37941 745 4 290 267 19 685 34141 23394 5
5839 3 5907 4 87 31 27293 14510 4768 4030 8 6263 4768 4030 5
2106 35 590 33 1381 5181 9 510 552 8557 284 13 2527 12391 32542 992 2520 543 15 3 119 71966 2854 31660 5
17 32542 2642 42 3559 538 521 131 510 2673 745 25 1178 510 2057 100402 47 29 11226 745 4 290 267 19 889 28579 13987 4 4229 1678 229 8 9908 317 52 3 7825 5
17 1427 17807 5181 68 21 883 206 35 3765 11537 33 49 788 35 1992 11537 33 5010 5
1516 13987 539 1799 7 1806 6457 1250 4 510 586 4 510 3644 4 510 1058 4 2055 4 11861 7 1379 3004 4 14888 489 10 2156 7 14654 959 4 15230 1799 8 5805 4 83 4 11861 10 498 5632 4 955 4 731 4 221 7 1806 5010 22 46 419 4 417 4 2315 4019 4 289 563 3051 4 8 221 7 38387 5
499005 35 590 33 10915 510 552 10900 21 9 843 7 2953 2854 35 57021 33 565 5
2018 461 4 28 3455 67 93927 25 3 22930 26983 7 57021 4 1178 8 1684 5
1178 628 18 962 10 35 590 33 5
1684 510 1536 2333 628 197 29 48027 11537 19 409 13987 5
1302 3 13987 4 836 31 33770 19 2770 4 8 288 11065 13987 5
187 31 36747 1432 9584 8 54396 2366 9584 10 46 628 197 5
364 49 48 17807 2770 31 1268 25 2919 9584 5
766 17807 1726 8 2770 27 45 1406 6 13794 12171 6 1316 15856 7 3 628 5
44516 35 2076 33 220 67 521 131 628 2757 5
7337 197 79 18 7543 24 28430 439 5
66 3345 1056 7 1957 510 2333 115 6 307 2257 1938 148 491 8 452 1422 5
7337 197 79 3345 11537 7 47 745 42 6401 21 206 8 21 788 5
3128 1216 23394 42 558 5
7337 197 2636 18 9 14408 2620 628 197 1252 24 9 6374 7 15352 510 5
79 6951 5907 7 1806 2443 1819 18 351 25 837 397 10 89 154 1422 5
17 628 197 3345 2241 8 788 5
3992 1216 23394 42 558 4 6200 7 47 42 498 8 2530 404 1760 4 17346 1799 4 1781 8 1678 13544 7 192 23394 72 459 4 708 8 403 190 5
44516 35 590 33 18 538 14408 2620 628 197 7543 24 9 528 439 13057 4221 13 1708 15352 510 5
17 628 197 3345 3992 34141 23394 5
931 31 3848 14408 2620 23394 5
17 5907 3345 11537 6401 21 206 8 6401 21 788 5
100402 5036 14 70 2888 2062 2936 44516 2106 42 93 48 58 342865 745 5
44516 2106 601 2610 61 2537 10 3 221 7 6453 745 4 44 22 3 3329 7 89 10398 13 16 34 902 58 403 190 5
1563 100402 5907 29 11226 745 19 89 10398 7 700 85 5
766 2888 2062 231 9 3033 7 708 6 3235 7335 1216 23394 1547 6 18701 4 1474 4 3074 8 207 4651 317 52 7825 5
527 4 87 16 93 542 47 39166 70 3351 7 3 317 52 7825 5
81 1243 4 10 4631 19 8176 11245 4538 4 117 4888 3058 13 32542 992 35 130820 33 2520 31 48 5050 4 33855 8 5394 109 24658 80 42 538 130820 21 5188 4859 5
238 3 1325 3316 7 46 542 16 6 3617 3 3525 6 47 3 676 628 47 9 419 29 15 1163 71 26 9 206 1625 14 7678 3 13307 2106 1175 6 6426 3 1447 15 89 4 885 827 16 392 6 2419 3394 5
17 508 4538 42 220 10 3 2419 3394 109 4624 31660 4 15535 3394 4 3735 1811 4 44521 5514 4 119335 1291 8 186293 5
49574 13 4 10 3 1273 133951 3673 63069 15060 35 33 14 19372 19 19393 27708 4 8 10 4624 31660 4 19729 397 9317 6 133951 9861 5
81 678 6 2769 3 3644 7 46 542 4 10 46 2124 80 36 4241 4301 3 4538 8 13538 220 10 3 601 5
34989 31660 34989 31660 35 37566 33 16 32 4213 27708 4644 5
17 2370 5131 7 3 4624 31660 16 3581 24 3 12251 7 7207 6942 35 12283 32330 4 280 33 5
81 9 4624 31660 4 9 1193 7 11709 35 226 31527 33 4 47 90942 1026 2506 35 226 2113 4 320 4 49 161189 33 6 32 27708 565 4 37169 1189 333 2506 5
19699 4 2506 31 3380 10 3 46302 916 21 11709 7 184299 8 73477 5
17 6942 1618 2179 25 9 1193 7 14027 4209 2113 8 2659 10 5197 5
81 290 2020 4 3 5188 7 329 1570 10 3 1193 16 12354 4 2489 2113 31 3467 25 3 498 1193 35 543 15 40 5188 33 4 8 5607 35 225566 8 2285 14027 33128 33 6 916 9 84 1193 5
17 84 1193 16 153 220 10 3 161 43241 7 3 31660 5
93949 4 3 31660 81683 65 883 9 3235 221 7 5197 29 45 1601 4 49 9 16672 5188 653 29 45 1049 14 3 1193 35 98586 249 33 5
14 3 34989 31660 232 6 59863 35 1278 33 98586 249 5
14 3 34989 31660 232 6 59863 35 1278 33 5
17 2669 7 3 4624 31660 16 9 14808 13 16 2828 285 3 1215 14 3 6362 7 32 13991 650 16 34 943 5
17 636 7 46 14808 754 3 3394 8 20749 5
81 3 20749 967 9 2112 84 197 7 320 7 3 84 1193 16 1146 25 3 703 137 3 2673 7 4624 4262 5
17 152 80 36 3030 4624 4262 31 34 1954 2118 4 106 3 3394 7 4624 4262 5473 15 3 392 27708 565 5
458 4 15 3 57 881 16 558 9 1906 2669 7 3 4624 31660 4 15 3 83 881 4 87 16 3 565 13 80 256 6 4855 5
55242 4 532 12251 4 5188 4859 4 5018 7 8 4624 4262 144 59 26 2118 5
55414 52 9 5188 4859 71 26 3 104 841 176 7 3 31660 5
17 614 867 16 6 371 9 568 5188 1846 6 3 28451 47 624 2211 6 12538 3 565 4 106 3 808 7 110 3467 16 2185 14 3 31527 19 568 5188 5
18484 4 87 31 67 3351 7 3394 109 22652 3394 8 5791 3394 5
17 39274 6339 21 9 22652 3394 16 9 7081 220 3394 5018 5
66 340 34 3489 13 3 47081 771 1287 137 6 3 161 2020 4028 13 23 29 9 177 206 808 7 682 95 5
66 1131 105 46 53 134 71 3645 13 3 1193 2106 676 5188 1846 16 3380 24 9 11476 6027 4 49 39274 6339 5
804 80 23335 9 9130 7 3 6339 6 290 771 7 3 1193 5
17 1646 7 3 9130 16 22652 6 13 31527 5188 1846 5
17 30342 9 771 1487 3 2185 9130 7 3 11476 5
208 3 31660 29 14256 463 6 9 3235 221 7 5197 4 9 16672 2104 142 49 142 34 27 45 1049 5
15535 3394 145 31660 12134 3 29784 163 3 13306 9513 13 3 2000 31 1216 25 290 83 5
3194 2419 16 16036 19 9 27728 1046 5
145 1217 142 2127 206 522 54 9 814 89 92 3 2000 3244 31 34 1695 31270 5
145 31660 2179 19 32 3435 3394 7 2000 8 4 10 290 860 4 23 3859 290 14735 2419 7 3 392 197 7 6200 5
273 290 304 2419 4 3 773 16 1221 538 9 2858 25017 5
2196 3 2419 995 3 1391 474 7 773 16 304 6 3 3394 5
1301 9 84 860 16 574 19 3 5607 3394 5
17 43241 36 26 23467 65 5964 38020 16 943 4 47 71 26 65 53 35 249 33 87 16 93 120 474 10 773 4 35 341 33 87 16 474 10 773 287 153 14644 4 883 3703 49 6474 4 8 35 459 33 87 16 3467 174278 221 7 2000 5
17 6804 31660 16 962 1298 53 249 5
33382 32 2007 1193 19 9424 2113 114 9424 16 3 221 7 2000 7 3 9796 946 197 5
3194 1570 36 231 1954 57 7 3 2000 5
139052 3 2419 2757 8 5339 97 3 282 459 5
273 290 7 3 11856 2419 2757 112 53 208 87 31 72539 14735 2000 4 132 72539 4647 7 3 2419 197 8 1753 1954 57 7 3 1321 14735 2000 6 3 2419 197 5
238 241 21 3 5964 38020 16 34 943 4 198 6 341 5
355 3 96734 11856 29 4768 871 249 23 770 13 3 2029 3394 27964 31 220 5
6832 83 2770 2238 3 150945 4 44 250 185 6 1262 325 30392 10 3 1046 7 3 391 30392 5
3735 1811 3735 1811 16 9 2419 3394 5533 47 1708 9 5791 14 290 2419 6293 3 392 928 5
3735 1811 16 543 15 11950 162 7 16994 8895 15 317 3695 4 47 4400 3 871 49 317 2038 7 2633 5
17 2419 19 3 1391 317 1811 53300 3 317 666 6 30174 3 10 3 3979 64360 8 4784 3 2654 2463 7 55673 49 170225 10 192 64360 5
2758 32 1217 53300 3 230 221 7 1665 666 10 3 19372 650 5
17 230 317 666 6 30174 9 10 2482 16 392 24 35 249 33 114 64943 16 3 13300 13 32 16084 10 2482 9317 6 1427 483275 8 16 1221 24 4 5
79 10024 4859 19 1084 341 16 220 4 106 3 317 16 58458 10 8675 5
44220 35 2482 33 16 100 32 596 1058 7 317 666 6 2705 3 1427 4336 7 9 10 5486 11346 13 4 22 46 397 4 3 317 80 27 16 543 7180 15 3 14635 7 7 290 1427 5
44220 35 2482 33 16 59 424 21 3 92541 7 5486 804 4 9000 80 42 6 24065 3 10 2482 15 90 2419 79 441 8033 9022 2770 4 58508 4 322270 4 4 233833 56012 4 21 6453 25 3 928 628 5
1145 146 48 317 51 149 26 666 54 46 95453 10 678 6 3773 22 32 5551 19372 88
145 1058 16 5559 24 35 341 33 17 1043 3395 21 3 2059 7 3 24065 5
35 2482 33 16 3 230 317 1272 6 30174 9 25 2482 543 15 3 95453 15 79 5
17 1731 3 230 317 35 149 33 1272 4 3 1370 3 20115 7 3 64360 5
3735 1811 16 4939 21 3 1884 148 3 1494 317 5702 35 11771 4 543 15 100 3 5084 7 3597 33 8 3 84 5702 35 11771 4 3455 54 95453 15 79 33 5
214 16 4 35 459 33 44521 35 79 33 3066 286 143 146 51 26 2347 24 46177 15 79 5
66 16 3 230 2807 10 3 317 5702 1022 24 4282 3 871 7 79 5
17 2419 79 19 3 568 317 1811 4 35 44521 35 79 33 33 4 16 333 4041 22 3 392 928 5
44521 5514 17 317 1811 5533 16 14234 1189 1665 19 117 8599 5
622 4159 6 317 1811 16 424 21 1811 5514 4 47 2532 6 4417 46 9124 5
66 8323 9 843 7 40937 6 317 1811 538 9 2714 317 871 4939 19 44220 35 2482 33 21 35 503 33 145 871 6409 3 221 7 441 13 3115 19 2201 6 3 676 221 7 10 5486 17 1811 5514 16 4939 21 35 500 33 17 2419 19 3 568 1811 5514 16 333 4041 22 3 392 928 5
119335 1291 17 119335 1291 1170 3 170225 7 2482 4 9 628 24065 49 197 7 928 4 21 35 708 33 114 64943 16 3 13300 13 9 10 2482 9317 6 1427 483275 8 16 1221 24 4 5
17 5806 16 43420 72 15441 3597 5
17 119335 1291 6409 9 46302 2714 14 290 2419 5
208 9 46302 2714 15 79 64360 2482 76 61071 8 60946 4 3 119335 1291 7 2482 392 13 95453 16 35 700 33 17 2807 10 170225 13 51 26 11222 24 2419 79 16 35 704 33 17 2419 13 77180 3 2807 10 170225 35 49 4 266340 4 29 3 3033 119335 1291 33 16 3 282 4041 22 3 392 928 5
133951 2642 133951 992 35 130820 33 16 317 5447 8116 284 13 2527 32 3994 1058 7 1906 7796 7732 10459 6 24457 3 7453 7 7207 32542 992 35 47153 12283 32330 4 280 33 5
187 31 117 523 5066 7 32542 2642 8 32542 992 27964 5
17 104 3890 8 974 32542 992 31660 16 5
156936 511151 992 16 3 2125 7 32542 992 15 47 3 31660 12134 5
17 3456 2000 7 3 7732 32542 992 35 49894 33 31 5447 2367 35 3 23791 49 30864 33 8 3 2854 31660 220 6 384 2770 7 3 439493 19393 4 226 17509 4 14 9 1654 565 5
17 23791 31 3797 6 57 184 95 13 3 3354 25 57 61279 71 26 3 9796 6 117 83 23791 5
3194 61279 28792 9 234675 9796 6 9 837 3354 871 538 9 125444 1906 4859 5
81 129 267 16 220 3 4859 53 35 782 33 81 104 745 3 916 7 46 4859 16 8639 10 70 23791 4 658 290 197 7 19393 35 17509 33 10 46 4859 16 523 14 290 61279 5
17 2770 7 3 17509 31 2118 24 9 928 252389 14484 7 628 19 424 29132 8 55906 5
3673 6358 16 3 1698 7 23791 8 3 2125 7 5595 7262 5
17 23791 31 6103 10 9 507 7 10746 19 5595 148 23791 10 83 10746 4 44 34 148 23791 10 3 216 9419 5
17 9419 2513 3 29132 16 226 3 9796 49 3 74 9419 5
17 380 9419 1691 3 1341 3354 3905 49 1647 16 3 3354 9419 5
3701 10746 148 192 67 10746 31 226 4438 10746 35 12283 32330 4 280 33 5
2382 928 71 1224 4 80 383 1865 15 3 992 151438 24 31291 3 221 7 2367 10 3 9796 9419 4 3 221 7 4438 10746 35 92 48 58 57 33 4 3 221 7 2367 10 290 4438 9419 4 8 3 221 7 2367 10 3 3354 9419 5
412820 3 9796 2770 14 290 2419 5559 10 3 928 36 185 1952 55 3 2854 4141 5
16436 4 9796 2770 31 48871 95 21 6 705 148 94081 8 15483 5
187 31 93 530 954 21 6 3 282 221 7 4438 9419 2367 5
3673 1746 16 9 120841 650 8 142 2498 3 8958 7 3 3979 3559 992 5
17 2007 2770 7 3 17509 142 59 2498 3 3979 8958 5
2491 9 992 29 45 3559 8 50 8958 16 34 1109 5944 4 23 16 1029 6 4619 3 928 650 19 9 523 992 151438 49 9 523 197 7 2007 17509 49 9 523 2854 489 49 4050 5
23620 25017 4538 14 8958 37582 71 26 220 6 185 1865 65 32 5944 992 29 45 170 5
79 221 7 11356 4538 27 45 1273 13 1046 14 206 19393 5
81 3 542 80 8850 130820 63069 1506 14 19393 27708 35 33 543 15 4624 31660 5
1655 3 1391 397 7 1069 4 510 552 3490 650 9286 7 53 35 249 33 628 445498 19 17807 3394 21 1687 2124 4 35 341 33 19372 8 8557 8 35 459 33 4631 7 3 522 4 21 16 1595 10 98586 341 5
17 283578 7 510 552 3490 650 98586 341 5
17 283578 7 510 552 3490 650 5
7337 445498 435 628 6625 25 510 4689 3 46986 628 18 115 5
311520 628 1708 3 19816 3959 14 628 445498 5
17 2370 11245 1170 14 628 150 1153 4 2029 44398 8 1079 31 1595 10 74184 79 21 4116 2770 14 9365 3 88145 7 628 5
145883 4 13703 4 8 13033 628 31 17097 2763 7 528 521 131 14431 8 628 18822 5
187 31 117 537 1809 14 13703 628 35 441 12340 17807 2770 33 5
21669 4 628 6109 35 49 628 18829 33 17125 1186 6 3189 10 1268 2770 4 6754 61 5266 125 7995 85651 4 8 4007 26828 10 3 628 35 10583 323 150333 4 502 33 5
7337 6109 16 2828 21 32 140746 650 14484 7 23066 9674 8 628 8586 5
81 46 1092 4 80 1073 129 209 17219 14 1913 85651 4 8 13033 2770 13 236 777 5
33916 13 31 48 58 3127 98236 35 1079 16 4939 21 3082 33 996 3 296 85181 49 1298 3 74 85181 8 976 7 3 341 202 7 70 2770 42 17321 21 785 85651 5
81 3 161 1092 4 192 2770 42 6740 6 3 14644 16275 5
49366 35 17807 33 3394 66 16 537 13 117 7 2000 142 26 11177 6 3 19372 2485 4 49 12689 5
17 3394 7 2000 16 2828 10 3 628 445498 4141 6 1297 3 3961 7 3 19372 284 18365 21 9 1081 4 25 3 5158 7 3 8958 4 1952 8 47175 5
17 3316 7 23 16 6 384 9 2419 197 76632 25 3 1494 628 13 36 4552 32 5050 19372 6 26 2828 5
81 4149 46 2485 4 80 220 3 508 4538 53 4624 31660 4 15535 3394 4 3735 1811 4 44521 5514 4 119335 1291 8 186293 4 14 47 4 3 13273 42 962 10 3 17592 2124 5
622 19547 2419 33498 340 34 236 6 26 2665 106 23 142 26 537 6 2769 3 216 8958 538 9 523 197 7 2000 35 171463 5
65 67 2000 31 5099 31270 4 57 71 26 2445 24 3 83 33 5
999 6300 4 6 128 3 1391 537 8958 4 3 282 33498 13 9 2419 3394 31660 71 5339 16 32 19547 2419 33498 5
3735 1811 4 44521 5514 4 119335 1291 8 186293 21 3 2419 3394 4538 581 9 5791 14 290 2419 6293 3 392 928 5
1700 61361 31 543 15 3 42584 962 415 10 46 1381 5
1210 6 8 311 35 2773 33 192 4538 7857 6 3 13720 1217 6 2419 33498 3394 5
17 2370 15565 7 3 13720 1217 16 13 23 340 34 159 76 1250 3 34710 7 3 19372 27964 109 2000 31 23642 8610 7 3 19372 31660 5
17 13720 1217 16 32 1186 6 5548 11105 7 2000 25 3 628 4 8784 3 19372 31660 5
79 48 5242 5533 16 1146 14 3 2419 3394 543 15 4624 31660 8 49894 21 5188 4859 8 9317 6 50902 1217 5
238 23 16 1595 10 98586 341 4 8 10 48 1056 10 98586 459 4 10503 37566 19 3 130820 303777 4 80 71 8255 3030 3 2419 3394 2485 8 19372 5
75 14 3 5060 7 4631 4538 4 3 78180 523106 5533 16 10292 10 3 1308 510 552 3490 650 114 23 16 15105 97 19 2419 3394 4 96 16 1595 163 3 25410 66798 78180 523106 10 3 283578 45546 10 98586 503 5
1655 46 45546 80 71 196 13 3 19372 522 7 3 78180 523106 5533 31 34 24576 106 10 3 454 593 7 3 650 97 3467 13987 31 351 5
4 47 728 117 1029 10777 7 3 78180 523106 5533 4 16 1479 14 48480 3 19393 7 3 380 303777 35 98586 503 33 5
238 46 1381 2532 6 371 9 614 4631 7 2419 21946 3961 297 90 7081 220 4538 8 3 78180 523106 4 46 152 4631 16 8509 5
6459 4 522258 523106 35 15535 3394 19 32542 2642 33 5533 18 1146 14 3 3394 7 2000 13 59 7857 6 9 182 7 15111 4538 5
17 31660 7 522258 523106 5533 18 962 10 17592 2124 5
17 283578 7 3 78180 523106 5533 98586 459 5
17 283578 7 3 78180 523106 5533 5
78180 523106 5533 10292 10 510 552 3490 650 5607 25 18150 98586 503 5
78180 523106 5533 10292 10 510 552 3490 650 5607 25 18150 12283 3462 5
35 359 33 5
15060 1595 10 98586 459 18 115 538 20780 40029 4462 19 3 19393 1595 10 20498 249 5
20498 249 5
52788 7 3 78180 523106 19393 5
394789 27684 25152 25152 1646 306 14983 13300 14 32 2419 6 26 6432 15 8642 40782 221 7 2000 183 55945 20865 1415 90025 20865 4859 133951 992 17 2125 7 32542 992 156936 511151 992 3673 31660 121867 4859 17 221 7 4438 10746 249 17 1646 7 3 4438 9419 35 11292 7 2000 1635 221 7 3597 33 126 341 1635 249 12266 12104 1356 1992 109 3784 1362 12586 489 1356 6822 109 15483 1362 43076 1356 6766 109 8642 1362 39937 1488 15613 15613 1646 20130 37515 3394 775 3227 9155 282 1570 3227 213753 13300 221 7 2000 47032 13300 5853 47032 2125 61551 17 1215 14 3 6362 99252 5188 39370 37642 221 7 5197 708 10555 261 5964 3227 43178 276 3070 341 10548 5
55706 8 8557 134 2148 3 3961 7 3 23394 3394 19 8958 7 3 1427 10900 5
133951 992 18 220 21 9 303777 13926 6 117 2062 35 18150 12283 32330 4 359 109 62053 323 62053 4 1095 109 12283 32330 4 280 109 10141 4 5707 4 4 323 4 2391 33 47 7336 13 32542 2642 31 48 5050 4 33855 4 8 5394 10 4631 6 83 8176 11245 4538 5
81 1243 4 32542 992 2520 112 34 1871 234675 29311 9513 4 85651 11037 4 27728 19210 19 1427 12911 4 33770 871 10777 4 3628 182 7417 8 83 7417 47 31 1272 24 90 83 4309 5
17 773 7 3 7732 32542 992 16 1523 6325 15 3 992 151438 8 19393 4 3475 4 120841 16 1618 1273 21 3 282 3929 10 104 745 35 62053 323 62053 4 1095 33 5
145 1217 16 177 89 12725 4 8 4 54 9 117 3524 4 80 8850 129 1217 5
1210 6 6793 12283 3462 5
35 502 33 4 109 253609 4 362377 4 8 546 661 13 3 57 4438 9419 992 16 4783 6 24457 4093 1443 19 13228 8958 5
12502 4 3 57 4438 9419 2981 36 26 3677 5
17 221 7 4438 23791 18 2118 137 3 508 14392 35 221 7 2000 1635 221 7 3597 33 1635 377 4 10 104 745 4 794 8 3768 16 3 282 3929 14 19393 27708 4 4624 31660 71 26 3677 6 3 565 7 7 3 7732 32542 992 5
145 152 80 128 9 8942 1506 14 19393 27708 7 3 7732 32542 992 35 33 5
145 8942 1506 35 98586 503 33 16 220 10 21853 3 7362 7 3 2419 3394 31660 19 19393 1595 10 3 20498 341 5
20498 341 5
52788 7 3 19393 5
394789 27684 25152 25152 1646 306 55945 20865 1415 90025 20865 4859 133951 992 17 2125 7 32542 992 156936 511151 992 3673 31660 119 71966 121867 4859 17 221 7 4438 10746 249 17 1646 7 3 4438 9419 35 11292 7 2000 1635 221 7 3597 33 126 341 1635 249 12266 12104 1356 1992 109 11226 1362 12586 489 1356 6822 109 15483 1362 43076 1356 6766 109 8642 1362 39937 1488 15613 15613 1646 20130 9155 282 1570 3227 213753 2125 201026 17904 47032 13300 10355 17 1215 14 3 6362 99252 5188 39370 37642 221 7 5197 183 10555 261 5964 3227 43178 276 3070 341 238 23 16 1595 10 3 20498 341 10 1506 4 543 15 4624 31660 4 8958 16 9 5188 1415 5
90025 7 3 1427 10900 16 7154 538 3 73322 2858 25017 5533 5
145 5533 2082 3 773 7 3 1506 8 1665 3 1102 7 12540 13422 15 3 1506 773 5
208 1447 7825 31 3467 14027 57 71 1528 533 317 52 91 463 6 3 644 13 3 2156 7 788 1121 16 1618 396 677 6 3 4149 1603 5
273 9 1731 1193 3 6951 5018 24 3 1396 35 12283 32330 4 280 33 340 34 1657 9 3201 21 206 21 14 3 1978 182 8 4 3475 4 23 16 19618 5
273 46 1033 108791 7 628 31 1146 24 11856 13091 2858 25017 5533 47 2527 89401 12540 5
544793 12540 10744 6951 108791 8 14264 13 3 1427 3201 10 3 108791 16 35 460 33 3 216 21 10 3 1081 946 197 5
11856 13091 2858 25017 5533 16 333 58 9 1906 25017 5533 4 106 9 1906 25017 5533 17425 9 628 197 76 9 928 5907 8 9 32044 5907 13 1665 3 31392 7362 7 3 9098 1506 5
238 3 282 1506 16 12695 6 2338 97 57 456626 4 9 32044 5907 4 3 1506 477 2082 3 1359 3768 489 35 62053 323 62053 4 1095 33 5
81 3 11856 13091 2858 25017 4644 4 3 510 100402 18 3868 76 11856 1216 600 5
79 1506 18 3559 538 3 74 11856 115998 249 600 7 5036 8 3 3559 1506 18 2870 538 3 182 5
145 4644 18 3629 285 290 7 3 600 29 45 220 21 9 2279 252389 480 5
17 1308 2620 8958 18 217 21 32 596 356 70 11856 600 5
79 10375 7 2858 25017 16 13 3 510 127093 1506 16 1589 19 9 528 5084 7 3 558 628 8 13 70 3 628 16 220 6 960 3 3979 2520 5
75250 7 3 522 17 522 7 3 19372 8 25017 31 1595 10 3 6498 40056 35 96471 33 4 47 16 9 4116 4462 14 15826 143 166 9 303777 71 4517 7 523 3597 35 10583 323 150333 4 502 33 5
79 6498 40056 14 67 3597 16 1595 10 20498 459 5
4036 15441 3597 4 9 6498 40056 16 9 1870 7 22 248 1646 15441 24 185780 622 2606 4 4 72539 10 3 74 15441 10255 8 15441 11107 6154 3 221 7 7 1427 4114 13 42 10921 24 3 303777 21 1427 72539 5
79 303777 29 206 8958 92 104 7 3 31 3380 486 3 38540 7 3 6498 40056 4 25 2606 6 2606 460937 4 15441 4 19 3 939 7 3 9451 110 408 6 4568 5
17 1870 142 29 1117 10255 49 11107 6 581 14187 4 12398 49 4355 713 147 1427 5
20498 459 5
56360 40056 5
143284 665 44076 489 35 202 33 59605 14510 4768 3188 59605 8664 23261 36905 21541 35 15791 38 3768 33 126073 14510 4768 36905 23261 35 15791 2453 3768 33 8664 21541 478640 6077 90025 17 221 7 9109 6401 6034 4 25 3 1081 5907 4 3868 24 3 676 221 7 6034 25 3 1081 5907 1929 3 8958 7 3 1506 5
75250 7 2419 21946 3961 297 220 27964 8 3 78180 523106 36 26 2828 19 9575 1665 5
473 192 1665 80 2258 92 3272 7 70 3 1221 1153 2770 7 8958 31 1109 21 964 5
81 1243 4 80 36 49075 3 676 3703 470 7 165644 35 49862 33 232 6 277628 8 4201 35 4 4 323 4 280 33 53 35 183 33 114 16 3 13300 7 110 9 788 3023 4 75312 16 3 13300 7 9 2125 38 3768 4 60567 16 3 3703 470 7 3 2125 38 3768 4 146087 16 3 13300 7 3 2125 2453 3768 4 8 138995 16 3 3703 470 7 3 2125 2453 3768 5
17 49862 7 290 1506 16 43420 14 550 11952 4 125 3 282 1506 14 290 5662 16 3 1506 19 3 2654 49862 871 5
4828 2620 8090 71 26 3868 76 67 9022 3351 5
17 74 2125 16 2673 2620 4 114 3 2485 16 6 30174 510 7825 76 206 8 788 552 600 5
81 46 1381 4 80 36 1101 15 46 2125 7 2485 5
17 169 2125 7 2485 1900 19 3 1806 834 54 3 1121 31 115 8 16 226 14408 2620 35 4 590 33 5
81 1214 2673 510 2620 4 10777 1618 220 10 523 2520 539 89 22 1379 1213 4 139 1799 4 29985 4 2315 4 19826 2106 887 959 4 510 1536 4019 4 2125 7 419 1250 4 731 4 2125 7 7512 4 3644 7 3 1447 4 15230 1799 4 89 19 3 419 4 89 19 3 5812 4 510 7645 3246 4 2864 820 21 9 5084 7 2864 959 4 89 10 3 498 417 4 221 7 38387 35 12283 32330 4 280 33 5
1210 6 35 590 33 3 628 220 14 17241 2239 9286 7 229 317 8 9908 317 52 3 1447 19826 5
81 2906 4 14408 2620 8090 1900 19 3 1806 834 8 486 19 83 317 4 2788 586 317 16 59 220 5
3188 131 510 628 197 17 510 100402 14 46 542 18 3883 22 9 15253 419 4017 3 566 25 584 911 6 584 2076 5
81 3 12540 650 628 42 3883 15 498 8 2055 1819 7 18486 785 7825 5
1655 785 7825 10 454 5139 80 3467 97 138 745 47 253 510 10 32 1058 287 58 49 3628 2593 4 8 37 39 9 498 1250 19 3 419 14 22 248 409 190 15 3 1294 7 1447 2057 5
79 566 7 409 190 16 9 773 566 8 3 10777 7 3 773 10 46 566 31 220 10 1572 2620 2520 5
1655 3 197 7 1260 4 11226 745 42 14027 3467 4 150 3 9976 37 3639 15251 40 510 5609 4 79022 5
206 510 834 4 8 3602 37 42 411 10 4149 40 5609 8 3475 31 1942 10 9 182 7 788 510 834 5
17 3023 16 788 92 43 21075 14 1818 222 49 48 58 4 22 120 89 10 3 247 7 3 1447 4 47 16 10 9067 19 3 17130 118 21074 6300 5
17 21074 130 13 925 29 21075 92 43 31 1818 4 49 10 90 378 7183 222 13813 49 5100 24 3 4574 6 26 1848 6 331 35 4693 46051 323 1522 4 359 33 5
1113 3 510 2620 7 1447 2333 16 18213 4 2673 628 16 2164 19 498 1819 3074 628 10 678 6 10366 8612 1447 2333 8 4552 3 2620 276 3 1892 7 3 3023 5
145 16 3 1033 524 9 3023 16 1272 6 27 39 9 498 1250 19 3 419 14 22 248 409 190 15 3 1294 7 1447 3 2057 5
81 1243 6 2673 628 4 21 23 29 45 3915 4 3074 628 7 9 3023 133 21 2788 586 4 229 912 4 21929 586 8 271 510 586 16 351 76 1250 5
17 10777 7 290 3023 2337 42 962 24 2919 23394 5
158 3876 6 3023 2106 5805 8 731 4 510 3644 4 510 1058 4 221 7 1806 5010 22 46 419 4 510 586 19 3 419 103 3 1447 18 3100 4 14888 489 10 2156 7 14654 959 8 3297 628 15 1819 11018 8 5056 19 3 419 5
435 2790 3 2007 197 7 23394 463 6 3 644 13 90 23394 39 8639 871 10 70 745 49 2422 272 17521 4 3 380 221 7 23394 220 10 3 601 18 2511 1685 2000 8 341 35 27320 4 4336 33 856 2000 5
17 23394 42 3868 76 218 689 600 53 35 4114 33 2370 10777 109 35 25547 33 2788 586 35 2864 14407 33 109 35 31883 33 229 912 109 35 40378 33 21929 586 109 8 35 8033 33 271 510 4485 5
12418 7 23394 19 40 5230 8 46986 4015 14 3 726 628 5907 16 392 10 74184 79 5
33962 522 5492 2419 3394 4538 42 2870 53 4624 31660 19 32542 2642 35 78180 523106 33 4 15535 3394 19 32542 2642 35 522258 523106 33 4 3735 1811 4 44521 5514 4 119335 1291 4 186293 8 15660 35 3 60516 2000 33 5
1249 3735 1811 31660 8 3 119335 1291 594 3 216 522 4 3 522 7 3735 1811 31 34 392 10 1870 19 3 522 5
17 260 403 2000 3467 24 538 3 25646 4538 31 1595 10 74184 2636 5
17 260 403 2000 42 3467 106 3 1221 8958 456 6 705 54 2790 3 221 7 2000 1298 403 5
2491 3 2000 14 329 5533 27 45 3467 4 3 104 964 2000 14 3 15660 5533 71 26 3112 5
23022 13 1230 10 48 58 347 7 3 83 4538 14 2419 3394 31 4279 14 3 5060 7 46 5533 5
66 71 26 381 25 74184 2636 13 3 964 2000 14 70 4538 42 53 4 282384 8 5
17 2419 964 14 70 4538 2936 57 18 4 8 3 2000 964 14 459 7 500 4538 42 53 4 4 23356 4 4 4 447744 4 8 124010 5
931 403 2000 31 3 104 964 2000 10 83 2419 3394 4538 8 43 3001 3 2000 7 15660 5533 5
81 678 6 2882 3961 7 3 3915 2000 3394 4538 14 290 5533 3 19372 18 115 538 5
17 221 7 9109 6401 6034 25 3 1081 5907 5473 59 15 3 3112 29156 871 5
208 3 2329 31 962 19 67 2770 4568 8 57 8 3 1506 2856 3 2770 148 4568 8 57 4 153 3 8958 144 26 1391 22 29156 871 5853 35 12283 32330 4 280 33 5
75 22 46 29156 871 3 165644 470 7 3 1506 16 34 4202 19547 5
145 5473 15 3 419 2106 470 7 12003 9 41264 1447 35 2125 38 3768 33 3703 6 3 1251 470 7 34 12003 9 4149 1447 35 2125 2453 3768 33 5
273 46 1033 4 67 100410 14 290 5533 31 1595 10 46 542 5
1532 4 19 3 29156 871 35 3 8515 14 3 421 7 12003 49 10505 3 1447 33 401 6 5853 47 725 61 4 10 970 7 569 4 6 26 333 58 5853 4 21 3 2125 38 3768 16 1842 7671 3703 6 474 7 2125 2453 3768 5
332 3 216 89 4 3 596 8958 10 3 10900 7 3 1506 19 3 853 8515 10034 155 34 337 5
134 115 9 169 37582 14 290 3467 2419 197 4 19 133 29156 871 114 3 3316 18 6 1128 3 2125 38 3768 6 3 871 287 58 605 202 4 8 192 42 1595 10 3 6160 19 522 21 3 169 37582 14 9 3467 2419 197 5
238 1744 415 4 10 90 2686 3 5464 7 3 1506 71 26 19547 22 798 8958 1016 7 22 3 1391 57 5
66 5473 15 3 5514 148 2125 38 3768 8 3 2125 2453 3768 4 47 149 5473 15 292 12104 4 2686 8 13885 7 3 419 5
17 522 31 2870 15 3 1081 628 5907 538 3 962 73322 2858 25017 5
659 1262 9 21500 7 6160 4 80 240 3 96471 97 14 522 7 67 3638 2419 3394 4538 5
238 23 16 1595 10 20498 503 4 3 1308 596 8958 489 7 19372 538 2000 3467 24 78180 523106 19 29156 871 7 50452 16 202 4 47 16 146 333 58 3 1308 596 8958 489 7 3 19372 538 3 216 2419 3394 19 29156 871 55131 4 47 16 402653 202 5
17 10220 7 8958 16 230 4 392 13 87 18 9 733 7 2084 3 29156 871 6 1128 3 2125 38 3768 4 47 1106 5
15791 38 3768 16 1842 25 264387 202 6 150161 202 5
17 10220 7 8958 8887 463 6 3 644 13 22 3 216 89 3 2125 2453 3768 853 2537 25 120262 202 6 306750 202 5
1554 3 484 7 2807 7 2125 38 3768 16 215 272 88
17 1647 6 46 813 86 26 3455 24 17444 3 470 7 165644 5
81 120 267 23 71 26 381 25 20498 503 13 3 3070 7 3706 745 7 2915 21541 6 1359 23261 16 747 19 9 9426 7 3 18078 745 4 25 1359 21541 6 2915 23261 5
27846 522 42 3455 538 3 44521 5514 5
13751 6 83 4538 4 125 3 3235 8958 16 2086 1024 4 97 452161 202 4 3 5533 1929 177 206 522 7 507203 202 163 3 1215 7 3 2125 38 3768 287 58 605 202 5
145 16 463 6 3 644 13 3 3070 7 3132 745 7 2915 21541 6 1359 23261 16 747 19 9 9426 7 9 2086 1731 221 7 577 745 4 25 1359 21541 6 2915 23261 4 21 23 16 1595 10 20498 500 5
11649 893 27 2273 19 3 83 4538 5
17 10097 522 7 70 3 4538 31 2209 10 65588 708 8 700 5
20498 503 5
17 2655 522 7 538 2000 3467 24 3 78180 523106 5
143284 665 44076 489 35 202 33 59605 14510 4768 257641 871 35 50452 33 3188 59605 6327 7459 428889 14510 4768 4554 80260 373562 90025 489 35 202 33 257641 871 35 55131 33 3188 59605 22691 4452 365018 14510 4768 26264 71144 396277 90025 489 35 202 33 402653 20498 500 5
17 2655 522 7 538 2000 3467 24 3 44521 5514 5
143284 665 44076 489 35 202 33 59605 14510 4768 257641 871 35 54045 33 3188 59605 14121 11297 231659 14510 4768 11327 56507 90025 489 35 202 33 452161 257641 871 35 60675 33 3188 59605 26339 4467 378313 14510 4768 22121 50077 397748 90025 489 35 202 33 507203 20498 708 5
75250 7 3 522 7 70 4538 19 3235 8958 5
39937 5533 44076 489 35 202 33 9897 8958 35 202 33 402280 5
125780 5
35 202 33 59605 14510 4768 78180 523106 428889 373562 33596 44521 5514 231659 452161 64700 119335 1291 276031 443922 45943 186293 276031 329648 303491 44408 522258 523106 459585 261250 81625 15660 398156 261250 49256 20498 700 5
75250 7 3 522 7 70 4538 19 29156 871 3235 8958 9098 6 15791 38 3768 11102 605 202 5
39937 5533 44076 489 35 202 33 9897 8958 35 202 33 402280 5
125780 5
35 202 33 59605 14510 4768 78180 523106 365018 396277 402653 53885 44521 5514 378313 397748 507203 62354 119335 1291 332253 295520 374062 29279 186293 373478 388179 70354 522258 523106 378313 317127 189375 94953 15660 332253 274029 447771 71599 12604 5
75250 7 3 522 81 129 601 523 2419 3394 4538 31 220 4 44 3 19372 8 25017 5018 16 1206 3 216 14 70 2419 3394 4538 4 6 270 9 1906 1821 4631 7 522 5
81 678 6 2882 3 3961 7 2419 3394 4538 297 220 4538 4 80 6786 53 35 249 33 5533 8958 4 21 1321 962 4 14 3 67 29156 2770 8 35 341 33 19372 470 10 678 6 384 3 1506 47 9704 3 470 14 3 419 3 104 5
273 3 5060 7 9901 5533 8958 4 3 10900 19 3 3235 1308 596 8958 489 16 3 104 5050 57 5
20498 708 842 13 3 78180 523106 5533 1601 3 104 5050 10900 19 3 1308 596 8958 489 7 202 4 19 9 2029 44398 7 33596 202 5
6297 15 9575 960 1595 10 20498 704 4 15 596 4 3 1308 8958 7 3 78180 523106 5533 16 333 58 3 1308 596 8958 7 70 3 83 4538 2936 522258 523106 4 8 3 1884 16 17281 964 22 5180 202 1493 653 10 3153 7 3 78180 523106 5533 5
81 267 7 522258 523106 3 1884 16 34 17281 964 5
20498 704 5
9575 960 148 78180 523106 70 83 4538 5
39937 5533 11391 9421 311576 5
402280 5
78180 523106 258710 44521 5514 302452 355513 119335 1291 289795 164662 186293 129962 291465 522258 523106 269739 15660 259824 437420 9 30936 3082 440821 5
66 71 26 381 25 65588 708 8 704 13 3 78180 523106 5533 25903 3 282 522 10 970 7 3 1308 596 8958 489 5
17129 3 29156 397 6 114 9 15791 38 3768 11102 20130 35 20498 700 33 4 80 112 34 128 133 206 522 7 3 78180 523106 5533 677 6 3 83 4538 5
145 16 1144 230 121 3 27708 10 2419 3394 538 3 78180 523106 5533 16 2173 10 7488 6 3 8958 489 4 19 93 1117 912 5
66 16 9 3501 946 10 47 3 282 1308 3467 2419 197 10 57 2125 7 912 340 34 23997 83 2419 2757 163 83 912 4 10 129 946 3 29156 266 5
208 3 5577 7 9 650 71 384 3 282 197 7 2000 14 1087 912 4 23 16 7889 6 4753 13 14 1406 912 80 51 27 6 4619 3 650 7 3394 19 1406 912 10 678 6 128 3 282 197 7 2000 5
66 16 106 3 2000 4 3112 21 3 19547 3109 14 2190 3212 4 112 34 4202 772 3 459997 1215 14 90 83 912 5
208 13 16 1359 4 8 29 45 4861 10 129 267 4 153 3 50902 4538 27 32 1653 106 43 371 9 523 3109 7 2000 14 523 1341 912 4 47 16 34 3 267 19 13720 4538 106 43 581 9 5791 7 2000 5226 7 3 19372 4309 49 1117 970 7 19372 5
81 678 14 3 50902 5533 6 9239 50 785 9063 72 3 13720 5533 4 50902 5533 26849 3 5865 6 301098 3 19547 3109 7 3 13987 14 290 337 7 3 1341 4859 5
145 2464 32 1117 900 8 470 47 36 26 25526 24 3 798 569 7 165644 5
355 80 436 22 3 522 97 10 970 7 3 78180 523106 5533 8 129 946 4 14 290 4631 10 47 87 31 1406 912 4 8 10 47 80 256 6 128 3 282 773 25 3 3467 2000 23 16 1622 6 1626 61 9 84 27708 650 538 78180 523106 5533 5
48753 14 120 84 912 80 71 2285 128 184 197 7 2000 13 282 2338 3 3212 7 27708 5
238 10 46 946 80 2173 3 27708 538 3 78180 523106 5533 97 25 3 20109 7 3235 8958 23 16 11580 13 23394 3455 24 3 650 371 3 282 522 100 25 3 20109 7 3235 8958 4 8 34 90 83 912 5
6077 4 125 78180 523106 5533 1929 3 282 522 14 3 6905 4859 14 47 23 16 30512 4 15660 35 12516 33 5533 29 1595 3 282 3241 96 16 10 9067 19 3 2334 7 35 2076 33 5
17 16018 7 78180 523106 21 9 2419 3394 5533 16 241 150945 109 78180 523106 16 9 205930 6696 5533 5
81 9067 19 3 446326 35 183 33 4 3 676 3703 470 7 165644 35 49862 33 7 290 1506 14 550 11952 16 43420 1298 4 125 3 282 1506 14 290 5662 16 3 1506 19 3 2654 49862 871 5
66 71 26 381 25 20498 782 13 3 104 5050 10900 36 26 3 104 3206 57 14 3 419 10 267 3 470 7 7678 9 788 3023 21 9 206 57 35 2125 38 3768 33 16 3628 6 3 470 7 7678 9 206 3023 21 9 788 57 35 2125 2453 3768 33 8 65 3 470 5514 35 60567 53 138995 33 16 5
238 23 71 26 381 4 14 83 11952 3 104 5050 10900 35 78180 33 340 34 371 3 2654 49862 871 5
1516 11952 31 338 14 3 419 5
17 3394 5533 1929 3 2654 49862 2770 14 9610 4 4 8 470 13544 35 2125 38 2453 3768 33 8 3 78180 5533 14 5514 5
66 16 7889 6 1100 13 495 36 849 256 6 25450 3 470 4859 14 90 13544 8 34 3 8958 4859 5
273 3 78180 523106 5533 46 16 97 9 13652 10 3 5188 4859 5
214 18 34 617 10 46 4 106 3 282 5514 16 2118 24 290 419 14 1010 5
20498 782 5
75250 7 569 5
39937 5533 16347 5514 35 60567 53 138995 33 11391 19 3235 8958 78180 44521 5514 119335 1291 186293 522258 523106 11391 19 29156 871 9098 6 15791 38 3768 11102 605 202 78180 44521 5514 119335 1291 186293 522258 523106 9 17 282 1506 14 290 5514 5
1655 3 676 628 197 47 3 419 29 4 3 2000 13 31 4116 10 3 19372 7 2067 27 6 26 3112 4 8 3 1603 13 31 12689 8 138 47 2707 3 5266 76 3 284 27 6 26 21231 5
81 3695 4 141 92 333 19372 8958 16 34 3439 4 87 31 117 785 1212 7 12911 8 2419 3394 53 25004 628 43971 4 628 3003 4 8 2790 3 15209 5
659 5339 3 2000 307 2029 3394 4538 42 220 5
49574 91 4 129 209 5533 14 3 3394 7 2000 29 45 1146 4 13 16 3 5373 7 37566 8 130820 5
145 2000 3394 5533 29408 3 2000 95 13 277 3030 3 19372 10 3 650 7 2419 3394 5
364 197 7 2000 13 594 3 282 8958 7 19372 16 3112 21 3 19547 197 7 2000 5
273 3 5060 7 39200 4631 19 83 2419 3394 4538 4 454 4644 18 2828 15 9 3467 197 7 2000 5
55706 522 4 47 31 3439 24 3 78180 523106 4 31 34 351 21 380 14 3 4919 197 7 2000 14 3 5060 7 454 4632 5
17 380 19372 522 666 14 4631 19 83 2419 3394 4538 18 3439 24 1699 3 3467 2000 6 3 9796 7 4 21 166 21 14 83 2419 3394 4538 5
17 19372 522 14 70 2419 3394 4538 42 1049 10 3 216 152 8 40 6158 58753 71 3847 26 11085 5
1655 3 9345 522 80 27 3058 13 129 78180 523106 1506 16 2537 333 10 2419 3394 14 19372 677 6 90 83 4538 220 14 13896 2000 5
145 9270 3 19379 48599 5
17 216 522 240 13 543 15 3 676 628 13 3 419 29 15 50 2067 23 86 30174 2067 10 970 7 40 1121 86245 19 3235 8958 996 1614 202 8 21 6621 21 80 384 10 3 6854 15 46 1441 35 43645 4 31249 4 323 38877 4 359 109 12283 32330 4 280 109 4 4 323 4 911 109 4 4 323 4 744 33 5
145 9270 3 50697 19379 5
7626 3915 1929 3 419 1175 6 1000 133 729 4 47 31 8255 10 9067 19 3013 4 15 3 57 881 4 44 141 48 95 2651 15 3 83 5
11416 567 3 419 891 6 1741 84 2506 14 40 224 4 47 36 27 4 22 3 216 89 4 48 6928 8 9512 6 552 5
12502 4 46 1381 71 26 6453 21 57 1092 10 580 14 3 1175 6 5548 40553 276 3 2215 1892 7 3 3023 5
66 16 4203 6 1100 13 3 522 13 42 3455 24 7623 32542 2642 10 3 650 7 19372 71 26 454 2069 24 538 83 7732 1442 4309 7 19372 4 907 24 3 9207 58540 17112 5018 4 49 2254 12516 7 4309 5
12502 4 426 162 144 595 6 6786 523 4309 7 19372 15 46 628 197 4 21 166 21 15 32 3643 628 197 19 3 628 7 510 30282 5
74184 79 5
6172 20498 5
20498 5
84181 23394 19 46986 4015 5
337439 15791 10927 62856 8168 17245 250829 7334 17161 69510 141731 3082 1635 126 115998 1356 249 109 11226 1362 29574 18087 10777 250829 121911 7729 141731 3082 1635 126 115998 1356 302 109 1614 1362 250829 343846 39501 141731 3082 1635 126 115998 516082 1356 6494 109 249 1362 250829 94872 185113 141731 3082 1635 126 115998 1356 6494 109 249 1362 250829 27662 141731 3082 1635 126 115998 1356 6494 109 249 1362 250829 242694 2897 22 1379 1213 141731 3082 1635 126 115998 1356 6494 109 708 1362 250829 2897 19 3 419 141731 3082 1635 126 115998 1356 249 109 575 1362 250829 7729 7 3 2067 498 1250 141731 3082 1635 126 115998 1356 249 109 2723 1362 250829 205532 17185 7 1447 2057 1294 141731 3082 1635 126 115998 1356 249 109 403 1362 250829 14842 11873 10 190 35 11269 566 33 141731 3082 1635 126 115998 1356 407 109 5154 1362 250829 195953 46964 7 1447 141731 3082 1635 126 115998 1356 6494 109 500 1362 250829 31908 14842 1058 35 10 33 141731 3082 1635 126 115998 1356 1515 109 187874 1362 40347 28002 586 35 2864 596 33 250829 310642 5640 1781 6 3 1250 35 2864 959 33 141731 3082 1635 126 115998 1356 249 109 1362 3188 7989 1781 6 3 5640 1781 141731 3082 309054 1635 126 115998 450081 1356 6494 109 249 1362 3188 150121 24537 1781 35 5526 33 126 5640 1781 141731 3082 1635 126 115998 1356 6494 109 249 1362 3188 190160 5640 1781 141731 3082 1635 126 115998 1356 6494 109 500 1362 250829 23356 5640 13574 25 3 1250 35 3115 33 141731 3082 1635 126 115998 1356 249 109 1362 3188 5640 5640 13574 141731 3082 1635 126 115998 1356 476425 109 459 1362 3188 463887 5640 13574 141731 3082 509244 1635 126 115998 492757 1356 6494 109 1362 3188 32325 5640 13574 141731 3082 1635 126 115998 1356 6494 109 249 1362 3188 225306 5640 13574 141731 3082 1635 126 115998 1356 6494 109 249 1362 3188 190160 5640 13574 141731 3082 1635 126 115998 474807 1356 6494 109 500 1362 3188 17 5514 7 6 14654 959 141731 3082 1635 126 115998 1356 470949 109 341 1362 3188 17 5514 7 3 959 15 3 1447 2057 1294 126 6 3 959 64 103 141731 3082 1635 126 115998 156763 1356 476425 109 500 1362 101854 1743 912 250829 109970 190160 13869 141731 3082 1635 126 115998 1356 6494 109 107659 1362 250829 2897 4851 35 1760 15 3 1447 2057 1294 33 141731 3082 1635 126 115998 1356 6494 109 1362 250829 447744 30942 7 70 1819 10 3 419 141731 3082 115998 1635 126 115998 1356 109 1362 3188 282384 190160 13869 141731 3082 115998 1635 126 115998 494862 1356 115721 109 782 1362 67299 75776 586 250829 228523 11292 7 400 3023 8641 6878 13869 141731 3082 430298 1635 126 115998 1356 6494 109 403 1362 3188 11230 15 1432 11230 15 13869 141731 3082 1635 126 115998 1356 6494 109 183 1362 250829 11230 15 13869 141731 3082 1635 126 115998 1356 6494 109 47158 1362 70859 4828 586 250829 380525 11292 7 1121 19 1058 1370 58 498 141731 3082 1635 126 115998 1356 6494 109 459 1362 250829 11292 7 1121 19 1058 287 58 49 3628 6 498 141731 3082 1635 126 115998 1356 6494 109 503 1362 250829 124010 4828 586 3023 21075 141731 3082 259451 1635 126 115998 1356 6494 109 249 1362 41569 10129 3246 4336 35 38020 12911 33 7927 3082 249 35 9976 33 4 248 3082 6494 35 3602 33 6494 35 3602 33 4 249 35 9976 33 74184 2636 5
6172 20498 5
20498 5
39652 2000 5
337439 3323 49366 3394 5533 78180 523106 522258 523106 44521 74193 186293 15660 29574 121911 383519 383519 341 343846 6494 94872 6494 383519 383519 341 242694 383519 249 383519 383519 383519 383519 503 383519 383519 383519 459 205532 383519 249 383519 383519 383519 459 195953 6494 31908 383519 249 40347 310642 383519 383519 341 6494 150121 383519 383519 341 383519 249 23356 383519 383519 383519 459 383519 383519 383519 459 383519 249 6494 6494 383519 249 383519 383519 383519 383519 383519 500 383519 383519 383519 459 101854 109970 6494 383519 249 447744 383519 383519 383519 459 282384 383519 383519 383519 383519 383519 500 67299 228523 383519 383519 341 383519 383519 383519 459 383519 383519 383519 383519 383519 500 70859 380525 6494 6494 124010 383519 383519 383519 459 249 17 17130 1142 2106 5190 636 3 923 7 1721 564 15307 8 25601 7 26082 35 473383 33 759 15 3 3010 6684 7 17130 6054 10 584 280 8 3 1142 197 61 4097 2105 10 591 280 5
931 43457 1735 3192 3 1625 7 3 1142 2106 1070 6 3 229 504 8 31 176 7 3 391 4442 6 4656 3 229 3005 284 13 27 45 5782 24 3 6070 10333 5
17 473383 6229 759 15 629 1746 3893 7 3 1307 1560 22 50 541 590 443 8 15 3 58091 8 4195 6 5507 3 1170 22 50 584 590 443 35 48817 4 2076 33 5
17130 6054 16 176 7 3 1142 2106 11065 900 6 6298 3 1520 3005 6684 5
66 10744 15 3 647 63040 7 2010 58676 8 2010 9178 3024 35 17130 2453 33 5