145 1381 6274 3 5373 14900 1046 31660 19 23763 1442 35 26303 33 6 4855 3 7039 292 6885 17067 565 5
26356 12231 35 59927 33 16 9 616 1589 16496 481 4 88899 191244 27708 31660 4 47 6880 6575 25 3 3300 650 7 4231 14 9 2170 164 7 14900 5
145 162 16 32 1186 6 349903 3 59927 31660 19 3 1509 1193 543 31660 124913 14 9 333 23462 7 3 1273 31660 5
17 689 3316 7 7039 292 6885 17067 565 16 6 384 61 3 19547 2020 3035 7 3 14770 12510 6 3 104 20388 1219 397 7 3 284 72 3 1109 4424 10398 5
17 1273 31660 59 1141 361 7 523 12453 105 326 1760 4 13083 489 2980 8 2020 2980 24 538 1936 4859 5018 5
152865 42 2828 72 1678 2029 960 1443 19 500 2367 4 183 2367 8 306 2367 8 9 19079 542 16 1303 61 19 83 616 217 522 5
17 2334 18920 3 53562 8 28350 7 3 1273 17592 72 83 1806 4538 5
37515 292 17067 35 282083 33 16 57 7 3 346 27708 544 10 326 284 1315 35 5316 323 423191 4 5810 33 5
66 16 220 6 2258 3 19547 3109 7 326 55906 7 70 7470 2367 6 12042 3 676 470 7 1096 72 3 1519 13797 4736 5
1949 4 3 12453 3511 15 284 1315 24 15165 24391 489 2980 27 6 26 1109 5
19699 4 3 470 4859 14 290 15165 29 45 2429 3380 24 9 837 210979 4859 8 3 17105 397 1896 463 6 3 1892 7 2489 8272 7503 25192 42 4628 10 3 282083 565 5
145 51 34 16252 3 5238 284 8 477 321 6 70390 10 3 3979 17067 5
17 282083 565 19 17105 397 1896 16 3380 21 9 14510 6754 27708 565 441 4093 8 14510 115615 10777 5
6459 23 16 841 6 4855 106 7 50 528 551954 5
19850 4309 27 45 3677 6 4855 3 282083 565 10 3 271 1208 5
527 4 70 138 4309 142 34 26 488 6 371 32 19547 2104 8 4 142 128 3624 22 325 5
17 346 4309 539 210979 5979 35 3935 323 2552 4 5108 33 4 7039 5979 35 30634 323 30184 4 2804 33 8 18965 1217 35 29401 323 87975 27736 4 3952 33 5
931 4309 42 1538 544 10 9863 19547 2104 463 6 3 108140 8 14510 115615 1096 470 10777 7 7470 2367 5
17 46333 26966 7 1806 507238 28579 4309 27 876 3 1296 70 72 3 5713 6 4145 15 88899 191244 27964 3230 15 29182 6 4855 3685 27708 544 5
79 1029 2916 2457 24 3 88899 187739 16 13 43 7801 954 8 55673 6 32281 90 1375 24024 5
878 265 1208 27 381 32 6775 561 10 3 857 7 253831 88899 187739 5
901 920 7 27964 13 3348 10301 46 857 298 31 3 13991 27964 35 358018 33 35 4622 4 74751 4 323 397674 4 2773 109 74751 4 1515 109 15829 4 4540 33 8 3 23763 1442 35 46886 33 27964 35 135655 4 502 109 1824 4 146080 4 323 9048 4 147461 5309 4 1278 33 5
17 2104 7 17087 292 17067 16 10455 24 4624 31660 10 4 192429 4 8 35 3578 33 8 12288 8 35 4164 33 8 18982 23763 27708 35 4 1095 33 5
17 565 19 14510 6754 470 4859 16 10455 24 538 5373 13991 5979 8 30026 210979 5979 5018 10 4 173530 4 41843 4 8 93837 35 1422 33 4 7737 18982 23763 27708 10 147548 8 35 33 4 5373 18982 23763 27708 19 30026 210979 5979 10 147548 8 35 33 4 5607 5373 200058 10 147548 8 35 33 4 17229 255197 10 537216 4 343096 4 48845 4 8 62670 35 502 33 4 33855 18982 23763 27708 10 537216 4 4 8 30907 35 274 33 4 26914 6942 10 8 100720 35 274 33 4 5607 26914 6942 10 31845 12283 3462 5
35 274 33 4 2069 18982 23763 27708 10 31845 4 4 31845 4 138584 4 8 6794 35 280 33 8 5373 26914 6942 5018 10 31845 4 6794 4 31845 4 10141 4 8 31845 35 280 33 5
527 6098 532 19393 14 70 192 13991 543 27964 31 146 841 2485 5
81 1278 4 12283 3462 5
1273 14900 1046 35 59927 33 35 4 280 109 4 2552 4 323 497189 4 1278 109 1604 323 4 33 4 9 16496 481 4 88899 191244 31660 4 34168 3 36371 650 7 719 547 5
1249 50 14495 4 59927 29 3639 45 3677 6 9 1773 2726 7 5238 27708 544 105 8529 992 1746 35 4 2552 4 323 497189 4 1422 33 4 8466 27708 35 1604 323 4 33 4 1366 22853 35 4 1604 4 323 1082 4 744 33 4 2164 2760 8 326 292 17067 35 4 4 323 4 359 33 4 8 13797 7 2489 11214 284 35 4 359 33 5
59927 142 26 4129 21 9 1906 521 30557 4624 31660 35 37566 33 35 4622 12283 32330 4 2773 109 15829 4 4540 33 4 121 23 20178 117 533 2000 7 37566 105 17904 4 131231 4 8 3394 5
527 4 15 1812 8 147415 5188 16068 4 3 773 7 59927 16 34 481 25 23462 5
81 678 6 4417 192 26966 4 307 13613 31 2042 133 21 2069 14900 1046 31660 35 262763 4 4 323 4 359 33 4 391 282 14900 1046 35 154597 323 262763 4 274 33 4 8 5373 14900 1046 31660 19 30026 210979 5979 35 4 262763 4 4 323 202537 4 274 33 5
145 1181 5181 9 84 19962 7 59927 13 187869 20178 90 2000 7 184 177 1509 27708 31660 10 498 231 4 6682 21 3 18982 23763 27708 35 124913 33 31660 35 146080 323 9048 4 2804 4 1278 109 1824 323 146080 4 3401 33 76 8176 59927 19 9 1069 7 3096 3 8958 4 23462 1952 4 8 53562 7 3 4991 5
129294 7 7112 1443 16 9 3982 601 857 7 1828 7732 1442 35 43826 33 1477 19 3 726 7 3 161 2020 7 7112 1443 5
79 4867 1922 6 3 4107 7 5373 7112 1443 35 29188 33 16 3 4590 10 3 3796 2126 13 2164 8 5775 6599 36 26 1622 92 3 1652 1462 544 10 43826 31 6 26 10455 5
10087 4 29188 31 1621 974 463 6 40 5615 10 3510 117 521 131 1812 544 4 2096 121392 4 4046 8 64042 4 272 551954 35 4 10886 4 323 4 359 33 5
81 308 85 23 29 343 7587 13 9 8767 3109 7 9 943 191244 19 83 27708 4538 4 9 95 226 5373 943 191244 4 71 581 9 48 4213 3074 8 9 568 6928 5
2569 80 2780 3 1273 5373 23763 1442 543 14900 1046 35 26303 33 31660 6 4855 7039 292 6885 17067 35 33 565 5
11346 13 32 415 1186 6 12874 3 2377 7 124913 1506 76 59927 71 26 10457 10 3 162 7 154597 8 262763 35 274 33 5
17 1273 1217 4 226 391 282 14900 1046 35 193825 33 35 154597 323 262763 4 274 33 4 76561 3 2605 11141 1092 7 3 59927 133 13 3 84 14900 71 18465 3 282 14900 10 3 14900 2900 3847 4 5726 3 1975 22690 35 491631 33 96734 6676 8 1463 9 855 15209 6 59927 5
527 4 21 36 26 7587 4 129 129294 1488 22394 2537 25 40 1217 5
18027 4 10 129 31660 4 3 2605 11141 4141 7 59927 16 7679 2151 32 33855 124913 114 9 18982 19 272 5188 2503 3827 21 677 6 9 18982 19 396 5188 35 323 537216 4 274 33 5
145 16 3439 24 11264 3 35052 2916 148 32 4416 2123 8 9 798 2123 5
17 6905 4859 12510 6 3 797 470 71 26 92443 6 26 9 210979 4859 7 3 2374 326 55906 25 3 7470 2367 5
142499 4 23 16 3380 21 35 249 33 35 341 33 16 3 6635 14 470 4859 12510 6 211736 7470 1513 8 161185 4 95531 8 205326 31 50 470 225419 4 30782 16 3 521 326 3354 35 20502 33 7 211736 15165 12510 6 89 566 9575 4 43000 16 3 221 7 695 7470 2367 6 26 9883 4 3116 16 3 676 89 566 7 17067 5
17 470 4859 14 1513 19 17105 397 16344 1102 16 7154 24 538 35 459 33 114 4 39101 8 102545 31 3 470 225419 12510 6 17105 397 16344 1102 5
13166 6 3 17105 397 16344 3 2104 142 26 4423 10 3 325 244038 8 23 59 2238 3 10 3 284 5
145 18751 565 16 8004 6 9 2726 7 12453 4808 1918 7417 8 5238 5940 5
931 539 326 1760 12453 6 159 76 1250 3 536 1760 109 13083 489 2980 6 12874 7039 2129 7 565 8 10005 1219 7400 5
931 12453 31 2994 21 163 5
4465 1760 12453 49 796 12453 145 37863 16 543 15 3 5131 7 30445 148 676 284 2020 8 676 284 13173 35 39330 33 8 1174 35 79181 33 5
214 16 4 35 503 33 114 16 3455 538 8862 225419 4 392 24 35 500 33 7013 5
17 15165 12453 17 3354 326 7 290 7470 1513 29 9 798 8 4416 4787 95 13 23 3443 10 148 192 16275 5
145 37863 16 3380 24 9 1808 7 15728 12453 21 3177 53 35 708 33 114 4 8 31 798 8 4416 16275 14 326 55906 7 3 211736 7470 1513 10 20502 5
17 13083 489 2980 1716 5238 2686 13083 489 2123 26641 3 1219 1079 7 70 3 695 2367 14 13999 3 15165 1315 148 67 1219 4736 5
17 2020 142 474 49 4472 19 12510 4416 8 8369 13083 489 2980 5
458 4 2367 31 18751 463 6 192 13083 489 2980 21 3915 1298 5
35 700 33 35 704 33 114 16 3 326 2020 7 1513 4114 22 767 1390 8 8 403623 31 3 4416 8 798 13083 489 2980 3995 5
17 10113 7 13083 489 2980 76561 3 15165 1315 12453 35 708 33 21 3177 53 35 782 33 7259 5
201348 7 5188 4859 659 8612 3 5188 7 290 1570 10 3 1193 10 678 6 12042 3 1096 569 125 12404 1513 8 284 12453 4 3 508 5188 4859 1506 16 3322 14 20260 10 46 1181 53 35 183 33 114 8 31 1936 19393 5
17 1936 1043 4784 3 5728 7 3 8864 37863 8 48692 9 272 470 7 1936 4859 5
17 16 4939 24 35 407 33
26356 1046 16 9 84 88899 191244 27708 31660 47 81070 3 719 36371 650 3677 24 6238 5
3194 8208 169168 3 7897 7 8531 6 4498 9 333 164 7 14900 5
17 733 7 3 650 16 6 1018 9 2170 164 7 14900 5
17 508 2124 5181 8176 14900 1046 31660 8 50 23299 5
32567 14900 1046 31660 17 523 1959 7 3 59927 31660 31 962 1298 53 2778 17299 249 5
17 7088 1092 16 6 10807 3 565 8 504204 3 96734 2770 5
17 27708 565 16 4939 21 12042 35 49 14391 33 18365 35 14937 33 133 13 4 114 18365 35 14937 33 16 3 6905 4859 4 14937 16 9 2104 60401 14484 7 6517 421 23394 35 94604 33 8 8 31 3 798 8 4416 16275 7 290 421 12911 4 3995 5
17 19393 7 3 59927 31660 79022 5
3 14900 2900 1646 35 17040 33 4 49 3 221 7 2104 83735 10 3 14900 2900 109 14900 2900 2016 489 35 33 109 2605 13999 489 35 149959 33 109 8 3 221 7 81973 35 15118 33 49 5964 38020 31 59 14644 10 46 1092 5
2778 17299 341 5
17 7961 1092 16 6 504204 3 14900 2900 5
17 2007 14900 2900 16 4209 25 9 6158 3201 10 3 11612 4 114 249 4114 12357 145 16 617 21 3177 53 2778 17299 459 5
17 296 1092 16 424 21 3 36371 1092 5
62618 9 84 14900 16 226 36371 5
17 84 14900 60401 16 4209 538 3 508 954 53 2900 5139 4 2605 11141 4 8 6951 3394 5
17 4644 1131 21 3177 53 71488 3323 7 36371 10 59927 14 290 4114 1356 249 4 6517 1362 112 35 6494 4 249 33 1224 4 114 72539 15850 35 249 4 341 4 4 17040 33 5
35 6494 4 249 33 51720 11141 1224 4 114 24880 15850 35 6494 4 249 33 8 491631 16 3 16084 3457 18229 96734 1248 6951 3394 617 2778 17299 503 53 81 46 1092 3 14900 2900 16 3353 5
17 4209 14900 60401 12551 3 1207 14900 10 3 15013 35 14900 2900 33 4 97 92 50 5188 35 5559 10 970 7 3 6905 4859 33 16 333 58 3 1207 14900 5
2778 17299 500 53 17 5964 38020 35 2239 3 221 7 61652 33 16 5291 5
208 23 16 6383 4 66413 16 14256 5
10974 4 27760 459 8 503 31 3629 5
25143 10 14900 1046 35 23378 33 31660 25143 10 14900 1046 35 23378 33 31660 16 1273 10 154597 8 262763 35 274 33 24 57052 11264 2605 11141 489 35 149959 33 2770 19 2020 221 21 1867 21 35 403 33 114 6006 2605 11141 489 14 290 2020 109 3033 2605 13999 489 109 3235 2605 13999 489 109 15118 221 7 5197 109 297226 2020 221 5
35496 5373 23763 1442 543 14900 1046 35 26303 33 31660 17 3070 7 57052 11264 3 149959 2770 16 3322 10 46 162 6 132 48 1783 10 8176 14900 1046 31660 5
81 3 2605 11141 1092 7 8176 59927 4 290 60401 16 392 9 6951 215538 7 3235 7060 196049 491631 4 114 491631 16 9 532 96734 7 3 31660 4 226 3457 18229 5
2569 1016 7 201 14 32 16084 3457 18229 49 57052 9833 18229 24 149091 4859 543 15 2020 221 35 154597 323 262763 4 274 33 4 80 202845 290 794 2104 60401 538 3 13538 7 32 33855 124913 5
1249 4 3 3241 7 23462 7 18982 23763 27708 31660 16 166 2921 8 9 24399 7 1408 601 1131 27 45 217 15 3 3070 7 124913 35 14 9 3592 1165 4 196 35 5845 4 7820 4 323 4 359 109 33953 4 4 4 9884 4 323 22246 4 274 33 5
81 3 18982 23763 27708 3 1627 7 18982 16 2118 24 28321 10 3 1654 2020 5
17 827 7 9 18982 16 7900 24 3 282 827 170 95 300 24 1010 35 79022 5
50 209 791 33 8 3 827 7 3 282 18982 10 3 23763 35 79022 5
3 791 7 23763 33 5
2569 1016 7 3 8176 124913 4 3 18982 827 16 5210 133 13 3 1695 9098 18982 35 282 18982 33 2503 3827 65 677 6 3 799 9098 18982 35 323 537216 4 274 33 5
145 30688 3 206 3459 35 19688 6 3 391 33 15 3 1046 904 25 6951 215538 8 16 72143 825 6 3 7787 7 45024 11828 10 117 358018 6 5313 3 47081 31527 356 3 5197 5
145 71 26 3439 24 13896 523 2770 14 290 18982 232 6 40 7577 4 148 8 21 10 3 508 916 53 35 698 33 17 9384 7 3 35052 2916 10 46 152 2939 3 23763 6 26518 3254 6 7427 19547 2104 4 58 8176 124913 5
17 1332 71488 3323 7 3 31660 16 2209 1298 53 71488 3323 7 36371 10 26303 14 290 4114 1356 249 4 6517 1362 112 35 6494 4 249 33 1224 35 6494 4 249 33 149959 35 297226 33 153 1224 1248 617 3690 8 16 278065 21 6909 8 16 3 28321 7 211736 18982 10 3 498 2020 5
16 3 18982 827 10 3 498 2020 5
35353 8 50624 31 11797 8 855 196846 441 3 2770 8334 21 220 24 8176 124913 31660 8 31 3 6951 1051 4209 148 1356 6494 4 249 1362 5
81 46 1381 108 523 745 31 1109 6 5441 3 773 8 77403 7 3 1273 31660 5
81 267 249 4 9 218 1513 284 19 7084 1174 8 14510 6754 470 10777 16 1109 5
81 267 341 4 9 183 1513 284 441 14510 6754 470 10777 16 1109 5
81 267 459 4 9 183 1513 284 16 12673 6 4498 306 1513 1443 5
17 1273 31660 29 45 6227 10 370952 14710 15 32 7071 5274 19 341 62778 13821 8 341 13336 39479 5
79 665 3455 24 1273 5018 16 392 10 508 7268 5
11664 249 53 218 1513 284 81 46 267 3 218 1513 284 628 133 21 470 196846 4 637 196846 4 13083 489 2980 4 326 2020 2980 8 6885 796 31 351 25 8 100720 35 274 33 5
17 7039 13797 565 16 1109 14 889 12634 7 3 168 5
17 31660 19393 31 3467 54 5750 117 8365 10 3 1773 1079 6 4498 3 282 1096 470 871 4 8 1435 1109 2770 7 19393 31 1193 3082 575 4 93 7 43241 3082 11226 4 3082 8334 4 267846 3082 8334 4 3082 56159 4 280406 3082 10355 115998 7257 5
17 20260 16 2828 14 605 3524 8 3 3455 282 30392 326 2020 871 7 70 218 14770 10 3 889 18398 13797 10398 16 392 10 20498 249 5
17 596 46333 89 351 14 3 1273 5018 16 8370 13063 4 8417 3 89 351 24 19895 35 323 100720 4 274 33 16 217 21 77611 13063 5
17 326 637 14 46 30392 3035 16 20502 5
17 4631 7 522 3455 24 1273 5018 19 83 217 522 10 3 6854 133 21 15329 35 537216 12283 32330 4 502 33 4 484638 35 537216 12283 32330 4 274 33 8 19895 35 323 100720 4 274 33 16 392 10 20498 341 5
17 4631 7 23462 489 14 3 1273 31660 19 8176 14900 1046 5533 16 13075 10 98586 249 5
17 665 3455 24 1273 5018 5415 13 3 333 2104 16 1049 65 677 6 83 217 522 10 3 6854 5
20498 249 5
60623 7 889 18398 282083 14 218 1513 284 5
60009 465 249 46535 61722 116076 341 302 459 46535 61722 116076 503 46535 61722 500 46535 61722 708 126254 700 46535 704 782 183 407 233646 403 233646 698 685 409 697 800 46535 630 947 302 1004 985 46535 1135 46535 889 46535 20498 341 5
75250 7 665 14 218 1513 284 5
41403 40782 470 35 56 18398 33 15329 484638 19895 59927 26303 63040 3331 14 218 1513 284 98586 249 5
63040 3331 14 218 1513 284 5
11664 341 53 2752 1513 284 81 46 960 267 3 183 1513 284 19 17105 397 16344 1102 16 1109 8 3 628 71 26 3455 25 8 100720 35 274 33 5
17 284 7084 637 16 11296 8 3 6885 796 16 1109 72 889 18398 89 12634 5
17 31660 19393 1109 31 1193 3082 577 4 93 7 43241 3082 1515 4 3082 8334 4 267846 3082 8334 4 3082 56159 4 280406 3082 10355 115998 7257 5
17 20260 16 2828 14 605 3524 8 3 3455 282 30392 326 2020 871 7 70 183 14770 10 3 889 18398 13797 10398 16 392 10 20498 459 5
17 1153 89 14 3 66413 7 2104 24 1273 5018 16 13063 5
17 4631 7 23462 489 14 3 1273 31660 19 8176 14900 1046 5533 16 13075 10 98586 341 5
17 4631 7 522 3455 24 1273 5018 19 83 217 522 10 3 6854 133 21 4 22510 43437 19 4 43437 35 12283 32330 4 1422 33 4 35 147548 323 4 33 4 35 8258 33 35 147548 323 4 33 4 35 147548 323 4 33 4 19895 35 323 100720 4 274 33 4 323601 35 31845 4 12283 3462 5
35 274 33 33 4 293188 35 31845 4 12283 32330 4 280 33 4 103581 2106 24880 31660 4 19895 4 22510 19895 35 31845 4 6794 12283 32330 4 280 33 16 392 10 20498 503 5
20498 459 5
60623 7 889 18398 282083 14 183 1513 284 5
60009 465 249 324553 61722 320801 341 320801 459 61722 320801 503 320801 500 320801 708 61722 320801 700 61722 320801 704 324553 61722 320801 782 61722 320801 183 320801 407 61722 320801 403 320801 698 467720 320801 685 320801 409 61722 320801 697 320801 800 61722 320801 630 320801 947 61722 320801 302 320801 1004 320801 985 61722 320801 1135 320801 889 320801 63040 3331 14 183 1513 284 98586 341 5
63040 3331 14 183 1513 284 5
20498 503 5
75250 7 665 14 183 1513 284 5
41403 40782 470 35 56 18398 33 41403 40782 470 35 56 18398 33 22510 43437 19 43437 35 3298 33 19895 323601 293188 103581 2106 24880 31660 19895 22510 19895 59927 26303 10873 5
11664 459 53 22200 1513 284 17 183 1513 960 284 16 12673 6 4498 3 306 2367 960 284 441 216 470 10777 19 17105 397 16344 1102 5
2569 59 7084 637 16 11296 8 3 16344 5195 16 351 21 3 108 400 3 871 47 16 1109 10 14 70 889 18398 89 566 5
17 31660 19393 1109 31 1193 3082 577 4 93 7 43241 3082 27503 4 3082 8334 4 267846 3082 8334 4 3082 56159 4 280406 3082 10355 115998 7257 5
17 20260 16 2828 14 605 3524 5
17 1153 89 14 3 66413 7 2104 24 1273 5018 16 215307 13063 5
17 4631 7 522 3455 24 1273 5018 19 83 217 522 10 3 6854 133 21 35 147548 323 4 33 4 43437 4 35 147548 323 4 33 8 293188 35 31845 4 12283 32330 4 280 33 16 392 10 20498 500 5
20498 500 5
75250 7 665 7 14 306 1513 284 5
41403 40782 470 35 56 18398 33 43437 293188 59927 26303
81 46 1381 3 5373 23763 1442 543 14900 1046 31660 3639 6227 6 4855 3 7039 292 17067 565 19 14510 6754 470 10777 5
17 12453 7 46 27708 565 42 5487 24 1936 4859 5018 5
17 2605 11141 1092 10 8176 14900 1046 16 5607 19 3 2505 7 23763 1442 1016 7 6951 215538 7 3457 18229 5
17 28321 543 1627 7 18982 19 11797 8 855 3074 754 3 31660 6 27 333 5633 8 3254 23462 5
17 221 7 3524 18 2828 14 70 108 960 745 4 47 842 3 7362 7 26303 31660 6 4498 333 964 2104 10 12538 3 1695 14510 115615 565 5