208840 3972 3 31719 49 11819 7 9 1341 352 137 3 1324 49 5447 7 3 922 3076 5
1203 1444 1380 1871 117061 4 47 31 2311 6325 15 9889 1593 35 17905 4 60975 4 3888 8 217551 33 5
11268 4 117061 31 3 104 5326 8 20558 6825 7 2693 53365 35 17905 4 892 4 6306 8 4389 33 8 498 775 14 568 7175 8 927 5948 3 236 6 25450 117061 4 47 16 9 247162 2485 5
1203 767 2532 22 6707 46 565 1101 15 837 6905 27708 7 7553 6589 49 5158 7 117061 4 10772 3 9063 7 9 41748 6905 8 391 27708 5
145 162 5181 9 3093 27708 284 543 15 32 13991 41748 6905 1217 4 3682 7 7427 48480 307 8808 8255 8 57052 5
17 1273 284 2036 32 136685 1444 21 9 797 517 4 114 3 733 16 6 25450 1714 163 67 2409 6680 35 569 8 11861 33 8 1101 3 13991 1046 35 14510 3604 17309 4624 31660 25547 33 15 198781 13324 4 538 27728 5979 6 8149 3 1652 1593 35 17905 4 60975 33 5
2625 8365 42 370 538 19630 628 25 9 6974 1444 433 4 1571 13 3 1273 284 16 1144 2651 65 677 19 498 10167 136685 1593 13324 5
81 4641 10986 4 9 485 1045 7 1444 1380 1871 117061 1715 2543 6 3 1444 7 120 8466 5606 5
208840 31 3685 6589 24 47 3 922 3076 10 9 1341 352 16 16110 49 9470 137 3 1324 49 5447 7 3 13 17544 23 5
66 1618 4589 3 24569 7 192 4 47 71 153 26 5910 8 14921 6 84 692 6 26 1724 8 66511 76 67589 4 8 142 59 539 23449 1959 4 133 21 1943 953 49 9419 84727 5
23838 4 2911 8 1923 956 1871 13 4 7302 537 4 27452 12754 26 1148 538 1629 3 1943 27318 25 3 1444 433 1010 4 10 678 6 159 3235 1653 7 558 2873 8 1262 3 231 7 83 2873 811 10 25 525 4077 692 5
136685 8090 31 15777 15 1545 9889 1593 4 13563 60975 35 1943 24569 8 16344 6 3977 1593 33 4 108210 3888 35 3977 148 24569 8 27452 12754 33 4 27359 35 1943 5488 95 21 6 852 14 198781 33 8 217551 35 90227 323 4 590 109 10141 4 274 33 5
145 16 57 7 3 689 1809 13 132 117061 6 477 19712 3 1391 2156 569 8 96367 10 892 8 6306 1444 1380 4 18830 32 853 3238 3136 40 11356 27708 35 90649 4 3454 4 323 6793 4 2076 33 5
1716 46 5114 4 23 16 3456 6 25450 70 558 136685 1714 163 67 629 8808 53 470 8 11861 5
1354 5524 15 3 5681 7 1593 8 59 15 1593 13324 1411 3 864 5
145 16 9 247162 2485 463 6 307 1809 5
187 16 9 2383 221 7 537 1593 13324 16691 4 3847 3 1046 904 16 528 5
157 125 87 16 477 272 12693 4 114 3 775 16 6 581 3 248 537 569 8 96367 35 323 4 359 33 4 4823 8 864 5968 477 3769 14 32 13324 2104 13 16 1629 543 15 40 209 38460 8 791 5
7219 4 47733 236 6 26 197 148 470 8 11861 4 121 192 8808 71 59 1881 5
273 3099 4 9 287 1908 2104 142 231 287 1058 7 1593 4 47 10 786 36 665 10 568 864 96367 5
383419 4 30469 48 1593 36 474 864 569 4 44 4472 96367 5
527 4 9 7982 231 7 1593 14359 568 1096 3568 8 4518 1950 5
10526 4 21 32 136685 1444 25489 4 3 1593 383 26 83568 90296 10 678 6 2379 137 6275 1444 16200 4 53661 46 21 9 7039 41748 6905 27708 565 5
28353 4 117061 144 26 30512 5998 5
17173 3 247162 10777 7 117061 27708 35 17905 4 528 1046 904 8 11130 1446 33 4 6835 4759 40673 1192 35 17905 4 27728 5979 33 8 5958 1046 4309 31 170932 5
622 2794 2104 16 6 5357 88899 187739 4 47 31 6633 27708 4309 3682 7 4231 2794 1046 904 3248 163 9 4203 231 7 46333 1714 5
2625 2062 27 3322 88899 187739 6 136685 27708 4 133 21 4624 27964 35 96437 323 4 1422 109 323 4 359 109 23551 4 6794 4 323 58269 4 2076 33 8 23763 1442 35 189239 4 4 323 5014 4 744 109 90649 12283 32330 4 2076 109 87503 323 96035 4 2560 109 10141 4 274 33 5
527 4 117 7 192 2062 1101 15 837 8090 49 7553 6589 13 17544 117061 4 133 21 24569 8 21481 35 2641 323 16631 4 1515 109 189239 12283 32330 4 744 109 87503 323 96035 4 2560 109 23551 12283 32330 4 2076 33 4 10 32 1186 6 293 19 3 272 10119 7 3 565 5
12502 4 192 1443 1292 3 9063 7 9 391 27708 7 5577 96367 8 569 1411 70 1444 16200 5
81 970 7 27708 8808 4 98247 1443 3130 6 26 1574 6 837 6905 27708 4 133 21 470 35 96437 323 4 1422 33 49 11861 35 189239 12283 32330 4 744 33 4 49 1186 6 1384 189 8808 2151 9 177702 27708 35 10141 4 274 33 5
1113 192 2506 31 1109 1783 10 2790 66413 900 3212 4 43 19842 3 9063 7 48480 189 8808 8255 5
949 92 23 71 26 1159 22 21 41748 6680 27708 4 3 16036 543 1217 220 10 35 10141 4 274 33 97 55906 9 837 34113 14 9 1654 2059 3109 35 17905 4 9193 14 74 6680 8 6766 14 169 33 5
1575 4 477 87 16 34 9 837 19547 34113 2104 4 44 623 9 197 7 47733 19 11130 8808 5
8616 4 9 146 1375 41748 6680 27708 1217 16 6 25450 9 181810 815 7 2506 4 114 290 2104 16 226 14510 3604 4 49 181810 19547 4 92 2477 7 3 8808 71 26 2069 10 871 276 9426 3 83 35 4 4 323 264365 4 280 33 5
81 3 5114 7 136685 27708 4 70 19547 2506 31 1109 4351 206 8 3 689 1414 6680 14 13896 57 2104 72 3 83 16 477 961 24 3 864 3526 543 15 3 1444 380 3312 934 5
29383 9 181810 197 7 19547 2506 16 4321 14 3 1444 3526 4 21 117061 31 16930 9 7039 8 3847 523 2506 250 343 333 5210 6 3 36803 433 912 21 1444 10823 5
7219 4 1117 6680 86 26 220 6 270 3 380 421 4 133 21 1923 5158 4 47 71 26 8871 24 3 6013 7 1863 1632 10 290 2104 5
3763 4 1923 956 8 10905 27 45 9 1157 2826 10 3 271 265 85 35 15669 323 47153 4 7782 109 37164 4 7560 109 6794 4 95554 4 12825 4 323 7277 4 7560 33 5
273 46 1033 4 9 6633 17592 13 2228 14 32 1369 11141 7 3 27708 8808 8 71 293 19 523 47733 16 1798 35578 5
9601 76 1250 13 181810 815 41748 27708 2818 3 5479 7 9 1193 7 2506 4 1193 543 88899 187739 133 21 13991 41748 6905 27708 35 191200 33 4 27 343 1375 8 974 2506 5
4752 46 2826 4 46 162 31875 9 974 191200 5018 4 3 14510 3604 17309 4624 31660 25547 35 25547 33 31660 4 6 2703 3 41748 6680 27708 565 2442 19 6570 13324 10 136685 1444 5
81 2906 19 767 1131 4 9 1359 41748 6905 1217 16 3322 4 29092 3 1081 136685 1444 4141 8 540246 9 181810 197 7 2794 34113 2506 5
7219 4 9 3093 8593 7 2506 16 1273 4 538 74 32 191200 6 19946 198781 1593 8 153 9 27728 5979 6 10541 3 1652 1593 35 17905 4 60975 8 3888 33 5
5583 4 3 1273 284 16 24637 24 19721 19 19630 628 25 9 1444 433 8 677 111 4759 10167 136685 1746 5
145 1381 16 4393 21 3177 5
8941 341 18506 3 117061 10 3 5114 7 32 27708 565 4 150 3 6300 7 32 6905 4859 8 2442 12453 5
1301 4 8941 459 6274 3 9384 7 3 191200 31660 6 3 136685 9962 4 4740 15 50 8593 4 7039 2000 8 75785 3154 5
2927 4 8941 503 1056 3 8365 2173 8 16676 3455 522 65 52955 3 1273 284 538 19630 117061 628 5
5583 4 7951 31 43628 10 8941 500 4 47 59 6274 426 601 8249 5
1655 3 27708 397 7 1069 4 3 117061 650 71 26 6085 21 9 797 517 543 15 1714 35 9889 1593 33 8 19210 1682 148 30026 8090 5
17 558 1714 71 26 9806 6 290 2485 10 3 797 517 4 4680 25 24569 8 3977 6 5488 8 198781 1593 5
17578 15 3 1058 8 2125 7 1593 9806 8 83 2193 4 133 21 1943 2125 4 3 162 489 14 290 2485 10 3 797 517 71 26 2093 43420 4 121 23 42540 6 3 5806 7 3 162 489 7 6234 1593 5
28353 4 3 304 162 489 7 3 1593 9806 14 290 2485 144 26 21 408 21 537 6 13 7 3 1593 9806 14 3 161 2485 4 10 678 6 852 9 4599 3154 7 1943 1411 3 797 517 5
349 3 57 881 4 46 12424 13848 400 25 31461 15 3 9806 1593 4 10 745 114 3 162 489 7 3 767 2485 16 2537 19618 6 13 7 3 15663 2485 5
349 3 83 881 4 10 745 114 3 489 7 3 767 2485 16 2537 7156 6 3 15663 2485 4 32 5420 3154 7 1943 13 71 3060 30479 1627 1411 3 1444 433 16 19031 5
12502 4 6573 3 162 489 10 290 2485 496 9 797 517 16 18902 5
24106 4 3 689 12911 2442 19 3 117061 27708 565 16 3 1058 7 1593 9806 10 290 2485 4 14 290 1444 4141 5
23179 6300 81 797 1583 19 30026 62904 599 4 3 73 417 18020 3 1952 22 47 3 1081 650 25489 5
17173 13 198781 42540 6 3 73 417 10 3 117061 797 517 35 98586 249 33 4 23 18020 3 726 489 7 3 1081 1444 4 3847 441 9 1821 1951 15 864 96367 5
201398 3 162 489 10 198781 12754 51 35471 6 3 8355 5577 11861 2104 4 1252 13 87 16 385 1593 10 3 1652 8090 6 270 133 13324 5
81 46 397 7 1069 4 32 117061 1444 864 16 3868 76 9 221 7 797 1583 4 47 35471 6 3 676 221 7 198781 12754 5
659 290 198781 815 42540 9 785 797 517 8 50 2442 1593 4 4680 25 24569 6 198781 8090 5
931 797 1583 71 162 8255 8 31 1216 25 290 83 125 17605 1537 6362 5
527 4 7302 9 198781 815 16 1681 4 3 1593 2442 19 13 797 517 2742 558 480 369 5
332 46 397 4 9 1444 4141 16 1109 1681 8 9 84 57 46585 4 3545 9 86097 7 3 3340 558 1593 5
36743 4 120 27708 1186 15 46 2125 7 565 383 159 192 2193 76 5139 4 150 2485 60716 8 12911 433 912 72 89 5
136685 1593 14518 19 24569 8 198781 12754 98586 249 5
136685 1593 14518 19 24569 8 198781 12754 5
1249 6570 13324 10 117061 16 9 89 12713 650 35 7039 2485 33 4 3 2104 144 26 89 33855 21 166 5
980 4108 4 3 13324 7 136685 1593 29 6 5515 26 3353 7302 120 162 815 29 1318 50 4512 162 4 12146 2428 3 498 1444 4141 5
21669 4 3 23394 2442 19 46 2125 7 27708 31 3 1058 8 2125 7 1714 35 1593 33 6 26 83568 9806 14 290 2485 8 59 10 290 1444 4141 5
17 75785 3154 7 3 614 17592 220 6 4855 3 13324 8 7039 2000 7 3 565 16 12859 10 98586 341 5
196742 3154 7 7039 136685 6570 13324 98586 341 5
196742 3154 7 7039 136685 6570 13324 5
84812 4859 8 12453 17 19547 13324 7 136685 1593 16 1303 19 3 689 6905 7 29404 189 676 1444 400 8 569 5
17 5043 2104 51 852 14 3 5052 537 24569 4 3977 4 5488 8 198781 7 4512 3583 7 19 3033 1950 5
273 9 837 162 815 4 3 5577 11861 4 90379 4 71 26 4939 24 3 3583 7 1943 110 5487 35 10 137170 33 4 275784 4 3868 24 3 162 489 7 3 12510 9806 1593 4 4 35 10 33 4 21 13075 10 446326 35 249 33 5
35 249 33 527 4 25 3 797 517 397 7 1069 4 3 162 489 7 290 417 16 34 2112 1216 7 13 7 3 9545 599 4 44 623 176 7 9 391 162 489 7 3 1519 797 517 5
81 10752 4 2016 3 60716 7 8090 10 3 797 517 4 3 162 489 7 9 797 517 42540 6 3 3033 162 489 25 148 3 8090 13 17544 23 5
145 8887 106 3 1593 7 57 417 71 34 162 22 9 3254 489 58 13 7 3 16812 417 8 4 8255 4 23 144 34 27 9 568 7175 58 3 15663 417 5
79 530 946 250 26 13 9 182 7 108210 3888 71 34 2285 2831 48 1943 58 3 1058 47 29 45 115 558 24 60975 5
332 3 216 89 4 3 216 108210 3888 144 299 807 48 1943 6 32 27452 815 58 3 1058 97200 71 3383 4 121 3 21826 7 32 5420 1058 7 1943 22 13 397 71 30479 3 1652 1593 5
16816 4 3 11861 7 3 797 517 162 4 4 42540 6 3 3583 7 1943 2442 19 3 73 417 35 198781 33 4 329161 4 3868 24 3 3033 162 489 496 3 797 517 4 37720 4 21 12859 10 446326 35 341 33 5
35 341 33 111446 4 3 2442 470 71 26 3868 76 1821 8 11742 569 5
631 3 172 4 5547 59021 122019 4 42540 6 4599 1950 4 133 21 1593 5857 35 65 10436 33 8 22357 569 4 3 4991 4 4114 59021 122019 4 16 1547 6 89 6325 569 4 133 21 1096 9573 49 4518 470 5
81 46 267 4 3 2442 470 71 26 3455 21 1595 10 5
35 459 33 35 470 7 9 837 1990 7 1593 4 75915 33 8 35 503 33 35 569 147 797 517 4 17844 33 5
35 459 33 35 503 33 5583 4 3 676 11861 7 3 1081 136685 864 71 26 3455 24 1463 3 96367 7 70 14510 16335 797 1583 4 125 676 569 31 1547 6 3 566 290 1593 16 220 154 3 864 35 46 492 16 454 2994 10 8941 459 33 5
66 144 26 1744 13 3 27708 16 18751 24 3 1444 3312 4 3136 676 864 11861 4 8 934 4 7568 3 676 569 3455 10 3 19547 2506 5
364 1117 37863 3136 904 3012 15 3 1444 433 71 26 1109 4 7568 3 3235 1058 7 1593 8255 22 162 15 3 216 815 4 65 10436 5
22026 1277 3490 238 3876 10 3 767 2124 4 676 1444 89 42540 6 3 12609 89 14 290 1444 4141 5
70028 4 1444 89 10 290 815 16 9 4859 7 1593 7175 8 1943 3583 6 26 5487 10 13 815 5
81 786 4 9 272 1058 7 2193 27 1951 15 3 7175 7 117061 1593 14 290 267 5
273 3099 4 3 7175 7 9 108611 9806 6 9 2190 815 16 9 4859 7 50 2125 4 3 2125 1943 13 16 110 66511 4 8 3 912 163 47 198781 1141 254 35 17905 4 9419 26269 4 15460 912 33 5
10052 6 676 89 4 676 470 16108 6 3 12609 569 14 290 1444 4141 5
17 4991 16 9 4859 7 3 1821 8 11742 569 1888 6 290 1990 7 1593 4 21 166 21 3 1058 7 465 192 31 2374 5
1249 11742 569 31 89 47100 35 17905 4 3 1096 9573 5473 15 3 1058 7 89 3 1593 16 2374 33 4 5577 569 71 97 26 7154 6229 6 3 6013 7 1444 89 10 290 4141 5
17 1959 979 6 2258 3 6905 7410 35 676 1444 89 8 470 33 31 43628 10 20498 249 5
20498 249 5
27760 14 6013 7 676 470 8 11861 7 1593 13324 2506 5
17299 62856 8135 2442 249 81652 7 217551 6 27452 12754 23902 217551 35 2125 8 11036 33 109 558 27452 12754 341 104853 1570 7175 7 3 9806 217551 14 290 267 108611 2125 109 1943 2125 109 198781 912 35 17905 4 9419 26269 4 32212 912 33 459 132080 676 7175 10 290 2374 198781 815 11292 7 217551 7 290 815 8 1570 7175 7 290 108611 503 467068 5488 1593 5640 7175 10 198781 2485 14 2442 27452 815 109 558 35 2125 8 11036 33 109 1943 2125 109 162 912 500 467068 3977 1593 40782 7175 10 5488 8 198781 8090 14 2442 27452 815 109 558 35 2125 8 11036 33 109 3977 3457 109 162 912 708 467068 24569 1593 40782 7175 10 3977 4 5488 8 198781 8090 14 2442 27452 815 109 558 60975 35 2125 8 11036 33 4 1943 2125 109 162 912 700 132080 198781 11861 10 290 27452 815 44557 7 797 517 35 3033 7175 10373 70 8090 10 9 797 517 33 109 1272 1943 6163 14 7019 290 27452 815 704 130735 5052 797 517 6 1332 50 162 35 42540 6 3 11861 7 3 498 1444 4141 33 553415 11861 7 290 797 517 109 676 3583 7 1943 1272 6 1332 290 2374 27452 815 782 132080 6163 7 2873 47 27 45 27318 8 66511 10 290 815 154 498 4141 140785 7 498 1444 4141 109 7175 7 290 797 517 109 3583 7 1943 10 290 2374 815 183 132080 470 232 6 3 220 1593 8 3 11861 7 498 1444 4141 10197 8 11742 569 7 2374 1593 109 11861 7 498 1444 4141 407 130735 92 70 27452 12754 27 45 1681 5
208 34 4 17815 84 1444 4141 35 1092 249 33 4 427 76 1250 3353 1943 6163 35 7154 10 1092 782 33 5
10974 4 3354 12609 470 8 11861 23902 27452 12754 35 92 29872 84 1444 4141 33 109 1570 470 8 11861 14 290 1444 4141 35 92 540246 522 33 238 3 13324 7 1593 23677 3 3979 1444 89 8 470 4 3 9573 7 1593 6 50 556 785 16 18902 5
81 83 1299 4 3 13324 7 1593 1141 76 1250 3 156894 7 1444 89 8 470 4 44 59 3 167005 7 1593 3961 5
81 786 4 24 538 3 1593 6 50 3235 3961 4 3 4831 13324 2506 36 16930 1128 3 1923 969 7 3 1444 4 14 3099 2790 1863 1632 5
81 46 5114 4 8 6752 10 1475 13 136685 1444 71 26 11737 21 9 507 7 797 1583 4 391 7175 36 26 22 50 1391 489 65 3 7175 7 3 73 2485 10 192 797 1583 35 11771 4 198781 2485 33 16 85544 5
4036 46 13578 4 3 13324 7 1593 16 40372 1303 61 14 3 198781 2485 4 8 153 14 290 16812 2485 4 21 962 10 1959 7 20498 249 5
9049 4 10 678 6 3489 3235 1593 3961 4 3 13324 7 3 83 8090 16 2828 10 4859 7 3 7175 14580 10 27452 12754 5
273 946 4 1384 32 2007 1444 4141 114 108 217551 42 5146 148 67 12754 5
25908 4753 3 217551 4 205326 4 31 70 7 3 216 2125 4 8 3 2873 4 21 166 21 198781 912 4 10 815 249 8 341 31 3 216 4 3979 10 9 198781 7175 7 2591 147 108611 5
145 770 13 676 7175 10 815 249 51 26 2591 4 125 815 341 51 6899 22 9 489 7 3918 5
238 133 4 3 385 97200 35 17905 4 27359 33 383 26 9806 14 290 815 95 13 3 676 7175 16 21 408 21 537 35 3628 49 568 33 6 2591 10 815 249 8 3918 5
214 86 1153 13 9 568 1058 7 5488 1593 71 26 1622 14 815 341 153 14 815 249 4 4808 15 3 558 147369 10777 4 40 7175 65 3510 3 1943 2125 4 8 3 162 912 43 31 8004 6 35 17905 4 15460 912 33 5
238 1321 4216 4 144 3 558 97200 34 26 385 6 2384 3 1622 162 489 10 57 7 3 12754 4 153 3 162 489 7 3 217551 36 26 1574 24 3 3235 7175 13 138 97200 71 2769 5
17 216 13324 17592 16 220 14 3977 8 24569 1593 285 290 2374 27452 205 16 2442 19 9 797 517 13 71 270 50 7175 5
17 17592 220 14 46 13324 16 962 10 8941 459 5
3879 8449 3 3979 797 1583 4 3 198781 89 7 290 27452 815 71 26 2118 24 7623 135778 35 341 33 4 21 962 10 8941 7013 5
4752 3 767 946 4 8500 13 87 16 3 1622 1593 6 3489 13 3 217551 10 189 12754 31 418 22 40 556 785 35 2591 8 3918 14 815 249 8 341 4 3995 33 4 8 92 3 1272 3583 7 1943 6 1332 189 67589 16 52658 137170 4 153 3 676 11861 7 198781 144 26 302 18398 14 815 249 8 183 18398 14 815 341 5
435 3 74 183 18398 4 3 1593 2442 19 3 797 517 7 27452 815 249 36 343 13848 4 47 770 9 84 13324 383 26 2828 5
238 133 4 1444 4141 249 36 26 1109 1332 54 183 18398 4 8 3 198781 7 70 83 12754 36 26 10897 22 13 89 4 121 9 84 19547 3201 7 1593 71 665 10 9 86097 7 3 1593 10 13 797 517 5
17 1033 14 27116 70 1593 54 290 1444 4141 16 72 16 2994 10 48 3856 10 8941 459 5
238 133 4 21 1444 4141 341 2899 4 3 1272 6163 14 7019 27452 12754 249 8 341 36 26 6494 137170 35 1681 33 8 39970 137170 4 3995 5
931 35471 6 1959 10 20498 249 5
5583 4 441 3 2505 7 3 1058 7 465 290 1593 29 45 2374 154 1444 4141 249 35 10 46 267 4 183 18398 33 4 23 16 537 6 2258 3 89 6325 470 35 11742 569 33 14 290 2374 1990 7 1593 5
999 1463 3 665 6 3 1821 569 7 2374 1593 35 446326 35 459 33 33 4 3 676 470 14 290 1990 7 1593 71 26 7154 5
17 676 470 14 3 498 1444 4141 36 35471 6 3 5806 7 3 569 2442 19 7 3 2374 1593 35 1092 183 10 20498 249 33 5
1113 9 1444 4141 16 1109 6 194 21 831 21 9 198781 815 16 1681 4 290 2104 12354 24 3 27708 31660 16 97 1332 65 70 12754 27 45 66511 5
238 133 4 46 650 16 3629 14 290 1444 4141 4 17444 3 2442 89 8 470 285 70 12754 27 45 66511 35 1092 407 10 20498 249 33 5
81 46 267 4 121 22 248 57 27452 815 16 149 34 1681 35 27452 815 341 33 4 153 22 248 57 48 1444 4141 36 26 1622 6 1332 3 650 5
36743 4 9 84 1444 4141 36 1224 25 1092 249 7 20498 249 4 10 47 3 1272 3583 14 27452 815 341 16 107 39970 137170 4 8417 815 249 93 902 16 2572 14 108611 13324 5
11577 4 3 676 89 8 569 31 2118 10 3 194 7 3 650 24 1463 3 2442 2770 14 290 1444 4141 5
8941 459 454 1056 90 5158 7 46 650 4 25481 23 10 3 5114 7 9 68646 8593 3322 14 32 191200 31660 5
23620 317 3531 27 45 220 14 117061 27708 4 4680 25 628 4242 4538 35 11647 12283 32330 4 1515 109 22717 4 4 323 24091 4 3495 33 4 133 21 7732 32542 2642 35 90227 323 4 590 109 43611 4 16342 56739 4 323 43520 4 274 109 64640 4 16342 56739 4 323 43520 4 7560 109 323 4 274 109 9048 4 2391 109 38043 4 32758 4 323 93231 4 1422 33 4 2489 245747 35 2641 323 16631 4 1515 33 8 83 4538 35 58618 323 36798 4 2076 109 63801 4 18685 4 323 126069 4 2560 33 4 6 88899 4 133 21 4624 27964 35 101303 323 4 7560 109 96437 323 4 1422 109 323 4 359 109 23551 12283 32330 4 2076 33 4 23763 1442 35 36277 323 209634 4 7560 109 189239 12283 32330 4 744 109 90649 12283 32330 4 2076 109 87503 323 96035 4 2560 109 323 4 7782 109 10141 4 274 33 8 83 191244 27964 35 323 1376 6446 543638 4 911 33 5
17 628 4242 543 4309 3130 6 1101 15 3 10900 7 1593 162 713 623 58 15 1821 6570 13324 4 47 16 1752 3985 538 88899 187739 8 83 187739 5
17 162 2209 10 46 1381 16 543 15 32 191200 5
54480 66413 4309 4 150 4624 27964 8 191200 4 162 24 5714 9 1193 7 2113 35 785 2506 33 4 114 9 28451 68806 1570 628 8593 7 9 2104 8 6843 16 9 871 827 10 133 8593 5
157 12430 3 28451 16 9 629 5606 65 10309 13991 6599 4 21 23 15103 3 1046 904 7 3 565 5
17 1045 7 767 1131 13 5357 88899 187739 97 1213 57 49 67 30026 1959 7 3 136685 1444 35 2641 323 16631 4 1515 109 87503 323 96035 4 2560 109 23551 12283 32330 4 2076 33 5
1249 80 1217 3 1081 136685 650 4 9 3093 2104 8593 16 1273 10 46 6684 4 114 3 2113 3001 785 1593 29544 4 47 1038 3 815 6 47 290 1990 7 1593 16 9806 5
17 629 867 16 6 21095 2104 8593 24 538 9962 2505 8 4740 7180 15 3 19547 3201 7 198781 1593 35 3 73 2485 7 3 797 517 33 5
17 1593 14 3 83 8090 4 13563 5488 4 3977 8 24569 4 16 153 5146 232 6 3 2007 13324 7 3 198781 1593 35 424 21 44751 33 4 4808 15 3 5806 7 162 713 10 290 198781 815 5
8616 4 14 290 1444 4141 4 3 2104 16 9935 7 9 9149 7 3298 216571 6594 53 4 297228 4 178943 4 4 4 114 366039 68806 3 827 7 3 211736 108611 35 49 17614 33 10 970 7 50 198781 815 8 3298 2464 3 676 221 7 217551 5
61045 71 159 120 216571 871 25 6494 6 3 3235 221 7 1341 198781 12754 4 7168 35 98586 459 33 5
145 8593 3899 40372 6 19946 290 17614 205326 6 9 198781 815 58508 6494 4 249 4 341 4 4 7168 56012 35 6494 770 13 3 17614 16 34 9806 33 4 979 24 9 25017 7 290 2104 3564 46 152 35 8 13 4589 9 4177 1264 33 5
17 1081 1570 35 49 28451 33 1038 70 1444 4141 6843 19348 4 3847 3 676 221 7 6594 42540 6 3 221 7 558 217551 400 3 221 7 1622 1444 16200 53 3298 98236 5350 81 3 1654 267 31953 10 98586 459 4 87 31 3298 3082 459 44751 8 7168 3082 459 198781 12754 4 3847 2113 31 3380 538 836 6594 5
152970 8593 14 9 8942 3201 35 260 33 8 3201 98586 459 5
152970 8593 14 9 8942 3201 35 260 33 8 3201 946 14 9 267 19 3298 3082 459 44751 8 7168 3082 459 198781 12754 35 2245 33 5
1498 5188 8557 4 6843 2770 7 6494 35471 6 16273 3 13324 7 3 2190 17614 6 120 815 4 1652 14735 14 3 498 1444 815 5
145 1712 16 4279 121 23 2228 3 191200 6 6075 798 11861 2506 8 59 6 293 19 35 49 28764 33 745 10 47 3 558 1593 1457 14 60975 4 69305 8 97200 16 34 385 6 270 3 13324 7 70 558 44751 5
4962 3 4991 267 26 14580 4 8 427 76 1250 13 3 676 489 7 9 797 517 42540 6 3 3033 162 489 3455 297 3 8090 11824 10 23 4 3 3979 2506 36 27 883 25328 49 177 272 96367 19 8255 272 569 5
145 36 899 3 191200 6 28764 192 2506 21 396887 10 261 4290 5
355 52955 32 1570 4 9 4177 1264 16 220 6 9929 13 3 2104 16 16079 5
2758 4177 1264 4589 108 1433 1959 53 249 5
75270 7 1681 198781 12754 10 767 1444 16200 5
355 14580 4 120 44751 9806 6 3 277 1681 815 31 1016 9806 6 3 161 2374 815 5
75270 7 3235 221 7 44751 10 290 198781 815 5
145 37863 35 65 10436 33 16 197 6 293 19 904 3012 15 27452 12754 13 4447 10 117 1444 1265 5
355 14580 4 3 44751 13 31 996 3 3448 2123 7 3 498 815 31 90296 6 3 161 2374 815 232 6 3 1396 366039 3082 35 33 62029 35 7168 1635 249 33 4 92 537 4 49 2631 6234 9 871 7 6494 35 34 9806 33 5
75270 13 22 248 57 815 383 26 66511 147 1444 4141 5
145 13566 16 1547 19 2190 745 65 3 191200 12244 9 2104 19 9 871 7 6494 6 70 17614 29544 5
81 133 745 4 57 6843 16 6234 19 9 871 2442 19 57 7 3 2374 12754 5
17 678 7 4177 5310 1141 76 1250 3 6350 7 8621 16764 148 3 108 13566 1959 5
238 32 946 4 144 9 17614 26 90296 6 9 815 10 47 3 17614 2123 29 277 45 8641 21 9 665 7 3 1494 815 110 1681 35 4177 5527 249 33 4 23 36 26 90296 480 48 883 6 9 84 815 49 6 2477 35 4177 5527 341 33 5
10526 4 3 2129 7 4624 4262 4 13563 17764 8 17904 4 5415 3 7139 7 2506 4 5470 120 23462 6 325 21 9 665 7 3 220 4177 5310 8 22728 13 9 19547 11963 16 170 5
66 144 26 1744 13 192 4177 5310 42 1254 6 26 21 248 13215 21 537 4 10 678 6 1262 20761 49 30563 3 31660 23462 5
435 31370 3 217551 4 3 13324 7 3 1652 1593 1457 35 60975 4 69305 8 97200 33 16 153 1303 61 24 770 7 27728 5979 35 16907 33 2520 5
238 1282 10 7914 8 20986 35 7560 33 4 16907 2520 31 1783 10 3 27708 7 7553 49 5369 5158 7 3 650 4 10 47 287 66413 326 16 1272 5
81 46 162 4 6 290 2485 8 6 290 1593 2125 16 2442 9 1687 16907 1506 13 2329 3 162 489 7 3 73 2485 10 3 797 517 5
931 42 5913 21 2029 16907 2520 4 114 3 689 6905 4859 16 3 156894 7 1593 569 35 5
35 459 33 8 35 503 33 33 5
17 2442 12453 3489 13 3 162 713 7 3 9806 1593 14 290 2485 4 220845 4 4114 4 31 22 248 3267 6 13 7 3 73 2485 10 3 797 517 35 198781 33 65 537 4 49 2631 21 408 21 537 4 392 3 3235 1058 7 558 1593 7 290 843 5
17 4701 468 46 2125 7 3201 16 6 231 3 248 1908 3109 7 558 1593 13 2228 3 15663 2485 6 3270 22 577 202 162 489 4 24 7100 290 2485 6 3 162 489 7 3 73 2485 10 3 797 517 5
135778 35 500 33 842 9 8942 16907 1506 14 120 1593 843 4 114 94604 42540 6 3 221 7 9806 1593 2367 7 9 392 2125 4 19 50608 3235 558 2367 5
35 500 33 81 9 392 1444 4141 4 290 797 517 16 1216 4 44 307 797 1583 71 26 22 162 22 3 216 89 92 87 16 385 1593 6 270 23 5
8616 4 3 221 7 16335 797 1583 16 3628 6 3 221 7 198781 12754 110 66511 22 3 216 89 4 47 4 10 786 4 16 9 8867 7 3 2007 17614 3201 24 3 191200 5
238 133 4 3 3235 221 7 16335 797 1583 22 162 16 3267 6 3 3235 221 7 44751 5
4036 3 13324 7 70 1593 14 3 2374 10827 1583 4 3 198781 11861 7 70 12754 16 7154 232 6 446326 35 341 33 5
1655 3 3979 96367 4 3 198781 815 19 3033 11861 35 3 5052 198781 815 33 3730 3 194 7 3 498 1444 4141 5
24106 4 569 14 3 498 1444 4141 31 2118 10 4859 7 50 11861 538 5
35 459 33 8 35 503 33 5
3194 1444 4141 42540 6 3 6362 7 249 27452 49 198781 815 5
16024 32 27452 16 1681 4 9 84 1444 4141 2899 8 3847 9 84 1593 86097 383 1667 4 121 3 1593 12510 6 3 1681 797 517 29 343 5
527 4 3 1444 433 912 142 337 54 290 1444 4141 8 7568 3 1593 86097 6 3 13848 1593 51 34 26 9 3489 7 19547 3201 5
17 2104 16 6 3156 290 1444 4141 21 9 2112 84 19547 13324 7 1593 4 47 383 159 76 1250 3 162 277 1589 10 767 16200 4 150 433 2000 8 912 4 133 21 558 8 1272 1943 10 24569 49 198781 12754 5
659 2769 46 4 67 2900 4995 31 1206 154 3 6013 7 1444 4141 96367 8 569 4 7118 1681 12754 8 1652 12754 5
1354 4995 31 3353 22 3 194 7 290 1444 4141 5
17 172 1038 3 12754 13 27 45 1681 10 767 16200 4 130995 3 11861 2442 19 290 4 21 166 21 3 678 7 6362 5
17 4991 4 82998 4 1038 3 2755 10771 7 1943 10 290 198781 815 4 10 4859 7 3 11861 7 3 767 1444 4141 8 3 162 489 7 3 9806 1593 14 290 815 4 21 12859 10 135778 35 708 33 5
17 6013 7 198781 96367 10 3 1444 16200 35 83 58 3 74 4141 33 16 535 1303 61 10 4859 7 3 6163 4 82998 4 4114 4 4154 10 82998 5
36743 4 1531 3455 10 70 3 2374 198781 12754 16 3205 22 3 194 7 290 1444 4141 4 3847 110 6422 14 65 9409 3 198781 96367 14 3 84 1593 13324 4 10 3 161 4141 5
35 708 33 98586 503 842 3 75785 3154 7 3 191200 31660 220 6 2703 3 117061 27708 565 5
17 2007 1193 4589 3 6951 2020 7 815 11335 6 290 17614 4 3364 40 13324 4 21 1595 10 98586 459 5
17 5188 4859 1038 3 4177 17592 962 10 3 767 2124 4 21 166 21 3 16907 2520 14 3 13324 7 1593 6 3 1652 8090 5
931 852 14 3 6013 7 1444 4141 96367 8 569 538 3 89616 2994 10 8941 7013 4 3060 557 6 3 8557 4 10 970 7 676 11861 8 470 4 7 290 2104 5
17 191200 36 3855 9 84 1193 8 4619 46 650 285 3 1341 221 7 5197 16 3439 4 22 290 397 3 19547 197 16 2209 4 486 19 3 55906 3915 10 98586 503 14 290 2104 5
196742 3154 7 3 191200 31660 98586 503 5
196742 3154 7 3 191200 31660 5
263736 1444 267 659 27241 3 1273 284 4 80 5357 19630 628 1547 19 9889 1593 7 9 6974 892 1444 433 5
16878 4 3 628 848 3 6652 7 307 85 7 117061 1444 4 1404 124 76 3 1562 1715 7 3 558 9889 1593 5
17 628 13987 539 1294 4 1562 162 465 4 221 8 3457 7 6885 4119 35 150 1562 6163 7 10155 1943 33 8 6570 3351 4 21 13075 10 20498 341 5
20498 341 5
59268 7 1843 2770 16277 25 3 558 136685 5536 5
21674 6395 73351 5
35 18398 33 207777 5
7 6885 1439 75859 60009 2440 437202 2440 18983 2125 5
3583 35 137170 33 782 700 1635 14709 704 1635 35785 514318 704 700 1635 14709 704 1635 35785 70139 183 2919 698 1635 9976 403 1635 3602 108210 69419 183 3128 698 1635 9976 403 1635 3602 108210 48525 782 698 1635 9976 403 1635 3602 72588 17 628 16 1547 19 503 24569 12754 9720 67 3351 7 4505 35 9 4505 8 9 4505 8087 33 6 500 27452 12754 5
17 676 3583 7 10155 1943 16 2429 137170 5
17 14561 25 24569 6 27452 12754 7702 148 577 15441 6 440 39970 15441 4 15063 3 236 14 3656 6570 891 5
17 1444 136 558 1593 848 403 60975 35 19 9059 4680 25 605 6 2628 4474 33 4 985 3888 35 883 306 49 716 12531 108210 3888 33 4 704 97200 35 148 302 8 575 12531 33 8 500 45845 4505 217551 5
1354 3 2873 8 3 198781 1593 42 6401 232 6 3 11225 15869 35 207012 33 35 323 537565 4 1515 33 4 9 166 424 8 7768 220 198781 3929 5
238 133 4 3 2873 42 6401 21 22446 8 14 3 4505 8 3 4505 8087 4 3995 5
24106 4 503 61 7 500 7 3 45845 4505 217551 42 6401 21 182134 4 125 3 1652 57 21 9 256979 5
17 136 1254 6570 3201 4 197 427 76 1250 3 1444 16704 8 934 7 3 864 4 3619 10 2429 6332 18398 7 162 4 1724 137 1004 222 7 162 35 2429 249 191 33 5
766 3 558 1593 18 255 6 231 4 19 32 596 871 7 1562 162 465 147 168 16108 6 129453 216890 17173 46 17721 4 3 380 470 3455 14 192 162 16200 18 408 6 2555 5
17 1622 29132 14 3 27708 284 42 19696 25 3 558 5536 8 31 43628 10 20498 459 5
24130 11742 569 8 162 713 10978 25 18675 13385 44612 35 18675 2004 4 2076 33 8 4876 1192 2039 4745 90478 35 141340 4 7446 4 323 18986 4 6833 33 4 21 166 21 3 207012 10 3 267 7 198781 162 713 5
10197 569 35 150 1593 5857 8 22357 569 33 42 10094 7 3 136 5
20498 459 5
77918 284 29132 5
84181 62856 121828 72513 815 66271 8 1943 3583 1272 14 6362 34194 628 87008 115996 815 66271 8 1943 3583 558 14 24569 8 2831 89232 34194 2125 10 290 24569 815 35 47 36 26 66511 10 27452 12754 54 24569 8 2831 33 93113 7363 3457 40056 25 290 24569 815 6 290 27452 815 77845 23902 24569 1593 4 150 2125 4 221 7 558 1593 7 290 2125 4 162 489 8 1821 8 11742 569 24130 628 41550 23902 3977 1593 4 150 2125 4 221 7 558 1593 7 290 2125 4 2168 8 1821 8 11742 569 25063 23902 5488 1593 4 150 2125 4 221 7 558 1593 7 290 2125 4 162 489 8 1821 8 11742 569 36308 23902 198781 1593 4 150 2125 4 221 7 558 1593 7 290 2125 4 162 489 8 1821 8 11742 569 10548 5
98731 8365 81 46 162 4 3 1593 558 18 1206 3601 6 3 57 220 24 3 1444 136 10 40 4759 13324 1746 5
473 9 676 7 7168 3082 500 797 1583 418 8255 8 3298 3082 500 558 217551 4 3 58458 2113 27 500 98236 500 3082 605 6594 290 4 10472 3 1046 904 14 46 565 5
238 3 191200 1046 2869 4 3 14510 3604 92854 34989 31660 25547 35 25547 33 35 36859 4 85442 4 62513 4 323 4 1422 33 18 3322 463 67 689 1809 5
26148 4 25547 16 9 974 8 2029 5018 14 41748 6680 13991 27708 5
20379 4 25547 16 2093 558 14 9 46333 231 10 3 1883 11245 4462 35 1883 2971 17924 207508 4 2076 33 2151 3 1560 35 4 224417 4 156609 4 4 323 36859 4 7560 33 4 47 16 3 216 4462 3322 14 3 726 7 129 5775 27708 284 5
7219 4 3 1883 4462 1038 307 4759 27708 4309 4 133 21 3 90977 53298 35 16907 33 5018 13 18 220 14 1570 5188 13571 5
17 4768 7 25547 5018 4 21 6227 10 3 1883 4462 4 18 220 4 13563 53 1193 1646 7 577 4 737 54 577 5197 4 17764 13300 7 8642 8 17904 13300 7 6766 5
17 15943 16 6 1101 48 15 11367 8 52955 3 5615 7 3 1273 5775 284 65 677 19 498 746 1746 4 623 58 95388 3 27708 31660 5
11346 13 10 4176 1665 4 1731 1193 9059 35 11771 4 302 4 306 4 716 33 42 12956 4 44 3 3455 522 42 1734 58 3 4768 1193 1646 7 577 5
1949 4 3 5188 8557 16 205930 5326 4 21 23 2818 307 16907 296538 35 14 290 815 33 4 3847 9 1193 1646 146 1978 58 577 2113 51 474 3 46333 900 5
4036 13 10 3 1560 7 3 1883 4462 31875 9 521 871 8593 14 3 25547 5018 4 70 6594 42 74 9968 6 3 8668 216571 21 3 74 1092 7 3 5188 4859 5
17 5018 18 5913 19 32 4302 909 6 32 6015 105158 53106 62778 10764 163 9 16803 10764 5
659 128 9 48 5394 3490 7 3 1277 7 3 522 4 306 9022 1002 7 3 25547 31660 42 5913 5
17 676 46333 900 35 2016 70 306 1002 33 18 2429 2106 35 180 18398 33 5
659 14076 3 41748 6905 23462 4 98586 500 10422 3 6942 7 2506 30512 24 3 25547 1537 3 19547 815 232 6 470 8 11861 1446 4 8 154 9 837 336 5
81 3 3331 4 290 397 68806 9 537 2104 125 517 9676 31 220 6 1611 266 13 7857 6 3 181810 815 5
659 10792 3 2376 4 9 39069 1488 16 220 4 4680 25 1067 7712 35 74 2020 33 6 760 35 73 2020 33 5
98586 500 842 13 25547 12134 32 2007 2025 23462 4 19 3292 5690 7 3 181810 815 1537 3 2245 203 642 4 8 153 3 31660 137325 48 3827 1537 3 1035 181810 815 4 47 16 14510 115615 401 3 2245 203 642 5
59268 7 3 23462 7 25547 31660 35 397206 10 2555 8 411289 10 98586 500 5
59268 7 3 23462 7 25547 31660 35 397206 10 2555 8 411289 10 465 33 5
17 3455 522 42 59 677 19 67 83 27708 27964 5
17 3644 7 3 74 4631 16 6 27241 3 1277 8 8958 7 3455 522 24 4149 9 19079 542 19 9 523 8 191200 19962 4 13563 3 2567 13377 3394 13991 41748 6905 31660 35 185319 33 35 52889 4 4 323 4 744 33 5
17 169 4631 16 1827 22 11260 3 9063 7 41748 6905 27708 65 677 19 9 837 6905 27708 5018 5
931 10602 31 13075 10 98586 708 4 1571 3 596 181810 12754 14 189 191200 27964 4 21 166 21 3 596 397 12510 6 9 470 97 27708 2104 538 837 6905 27708 5
17 596 181810 23070 42 3439 24 4149 9 14042 8810 4644 35 11771 4 232 6 3 140785 6905 33 7 3 181810 23070 24 290 336 4 538 3 8810 5018 1273 24 17128 35 502 33 14 14042 8810 7 102187 23070 5
17 29540 59 1038 8913 3157 58013 4 15 189 3 1583 8 3 397 4 13 60121 3 5180 202 1493 12634 3758 232 6 9 9575 1323 3201 5
75250 148 522 3455 24 523 27708 4309 35 397206 98586 708 5
75250 148 522 3455 24 523 27708 4309 35 397206 16 10 465 8 411289 10 2555 33 5
22012 3 4631 19 9 523 191200 19962 4 3 185319 18 3112 4 14 110 2203 21 9 308 8 6682 191200 31660 4 47 754 231 7 3 1415 21 3394 38020 5
10526 4 46 31660 16 71 26 6227 163 3 1883 4462 2151 9 396 4410 7 3323 13 2527 7410 25 3 1560 35 4 2560 33 4 25004 3 19079 2376 5
1249 3 3316 16 6 852 9 1821 4631 148 522 8 3800 7 189 191200 27964 4 3 19393 220 10 185319 31 3 216 13 42 220 14 3 25547 27708 35 1193 3082 577 4 737 54 577 5197 4 17764 13300 3082 8642 4 17904 13300 3082 6766 33 5
17 2376 7 98586 708 6886 9 206 12890 148 3 522 3455 24 189 191200 27964 5
7448 4 25547 1927 93475 3 185319 10 970 7 3 3979 181810 11963 522 5
10526 4 3 676 46333 900 14 3 185319 6 3030 70 306 1002 18 2429 2106 35 180 504375 18398 33 4 47 16 59 996 3 18398 2442 19 3 25547 1002 5
17 837 6905 31660 16 6227 10 1883 24 10309 3 1560 35 4 7782 33 5
17 2506 14 3 837 6905 27708 7 569 35 306 1002 19 3 216 27708 19393 21 3 191200 27964 33 1194 6 26 4547 19 3 522 3455 24 3 191200 27964 10 970 7 3 470 2807 733 5
527 4 21 1321 3876 4 121 3 3354 16 9 837 13324 2104 4 23 8009 3 6928 7 3 181810 11963 27708 4 1691 6 3 421 2557 100 57 34113 2104 163 57 27708 5577 4 10772 3 9063 7 41748 6905 27708 5
17 46333 900 14 46 31660 35 306 1002 33 18 2106 35 423368 18398 33 5
75250 19 10167 13324 17 1273 284 522 42 677 111 3 1494 10167 13324 2828 24 3 1444 136 4 21 1595 10 98586 700 5
81 3 1233 4 3 203 29540 842 3 596 35 72 70 306 1002 33 25547 30512 181810 815 4 125 3 243 29540 9670 192 522 35 760 517 33 19 3 1494 2104 3455 24 10167 13324 35 924 397 33 5
77918 522 35 98586 700 5
77918 522 35 11856 3082 27529 33 10 970 7 53 203 29540 29595 7074 181810 815 109 8 243 4631 148 3 30512 181810 815 35 760 11963 33 8 3 746 543 13324 2104 35 5685 397 33 35 10 189 42749 397206 16 10 465 8 411289 10 2555 33 5
355 15826 98586 700 4 23 16 530 13 25547 12134 9 3292 3070 35 189 10 970 7 470 8 11861 33 65 677 19 3 10167 1593 13324 5
17 284 3354 2573 307 785 78266 4680 25 2429 2918 6 6052 18398 7 1444 11861 4 2442 19 26920 569 7 5299 2555 6 26754 2555 4 3995 5
145 42540 6 9 2807 7 180 2970 202 10 11861 8 1551 202 10 470 4 92 677 6 3 11861 7 18137 18398 8 470 7 2555 13 18 3455 10 3 1494 13324 5
17 1494 746 543 13324 16 300 25 3 19547 2104 4 47 71 26 2921 24 3 1292 7 32 4213 11356 27708 8 59 24 23961 3881 5
22012 3 1292 7 4213 22629 4 3 1494 17721 12134 37685 10 3 797 1583 10 57 7 3 8090 16812 198781 4 3979 10 307 40986 7 13848 1593 5
659 14076 46 4 67 9022 797 1583 31 454 10637 10 20498 503 5
66 16 1369 6 44732 13 4 14 189 797 1583 3 162 713 10 290 2485 7 3 1494 3201 17721 31 34 62736 4 21 2400 6 3 162 713 7 3 30512 2104 5
81 192 745 4 3 1081 797 517 16 1574 24 3 162 489 7 60975 10 3 1494 17721 4 47 770 13 3 83 8090 27 6 2024 14 1943 6 26 27318 10 678 6 852 14 50 2831 4 5488 8 1435 198781 5
145 74337 10 1593 13848 89 125 1767 14 1943 6 26 1334 14 3510 4 47 2464 29118 10 970 7 1714 35 121 192 112 34 162 22 556 3961 33 8 1096 35 6737 6 6647 569 33 4 21 166 21 32 474 15 6647 1863 1632 5
21669 4 3 676 162 489 7 192 797 1583 71 34 26 1109 7156 6 13 7 3 3033 162 489 3455 10 3 797 517 8090 4 10 46 267 24569 35 58440 10 797 517 249 8 29325 10 797 517 341 33 5
81 2906 4 3 162 713 3455 10 3 1273 30512 2506 14 290 2485 13 16739 3 797 517 31 21 62736 21 537 4 392 3 558 1593 5
238 133 4 9 4599 3154 7 1943 1411 8090 71 26 3439 4 538 3 9806 1714 6 40 556 785 8 3961 5
20498 503 5
75250 148 1494 8 30512 35 11856 3082 27529 33 78266 14 189 745 5
20692 17721 249 20692 17721 341 9897 3457 148 24569 8 198781 12754 53 11589 15441 9897 3457 148 24569 8 198781 12754 53 1317 15441 317869 1943 3583 53 137170 317869 1943 3583 53 137170 24130 3201 8 162 489 24130 3201 8 162 489 249 514318 35 33 58440 249 514318 35 33 29325 341 108210 3888 35 4 33 276939 459 108210 3888 35 33 149684 249 147369 35 33 46797 249 147369 35 33 46706 249 288120 17614 35 33 63701 249 288120 17614 35 33 80260 129736 797 517 162 489 129736 797 517 162 489 58440 35 24569 33 29325 35 24569 33 140785 53 84335 18398 140785 53 38964 18398 16347 53 2555 16347 53 2555 131889 17721 249 131889 17721 341 9897 3457 148 24569 8 198781 12754 53 11589 15441 9897 3457 148 24569 8 198781 12754 53 1317 15441 317869 1943 3583 53 137170 317869 1943 3583 53 137170 24130 3201 8 162 489 24130 3201 8 162 489 341 514318 35 33 94867 341 222666 35 4 33 76722 341 90975 3888 19786 341 108210 3888 35 33 40453 341 97200 35 4 33 159428 249 147369 35 33 43202 249 288120 17614 35 33 145324 249 288120 17614 35 33 80260 129736 797 517 162 489 129736 797 517 162 489 94867 35 198781 33 80260 35 198781 33 140785 53 55011 18398 140785 53 31433 18398 16347 53 2555 16347 53 2555 66 16 23694 6 12680 13 4 10310 48480 3 1081 13324 10 970 7 569 8 96367 4 3 1589 284 16 230 6 535 422 3 9806 1593 418 22 556 3961 5
66 25903 46 24 4740 15 3 156894 7 1593 13848 89 4 47 36 59 665 10 156894 7 6647 1863 1632 5
145 73 6681 16 177 3558 6 11166 24 4759 1746 41154 5
41221 3 1494 17721 19 50 30512 6824 14 797 517 249 4 3 746 543 13324 2104 2000 9 530 4967 7 162 2168 3136 3977 1593 13 16 34 6737 14 50 1531 4 21 23 16 1574 24 3 162 489 7 3 24569 205 5
81 678 6 4444 46 4 3 27708 284 9806 1731 3888 35 798 2168 4 798 1096 3568 8 4 3847 4 798 1315 569 33 6 15654 46 604 1016 4 125 5224 50 1714 48 2311 15 3 24569 4 5488 8 198781 1093 5
238 9 665 4 3 30512 17721 14 46 267 16 21 62736 21 537 10 970 7 162 489 148 8090 35 427 76 5139 3 558 1593 33 4 3979 10 9 4472 7 575 202 10 189 11861 8 470 14 46 797 517 5
1113 3 1273 30512 2104 250 19946 48 1593 19 9 568 7175 4 3 2807 10 11861 16 964 385 6 1128 3 5257 569 4 3060 3979 10 9 2807 7 189 2193 5
81 83 745 4 21 57 71 196 10 3 78266 14 797 517 341 4 47 2000 523 12754 8 1943 3351 4 3 17721 3439 24 3 27708 14533 9286 7 5902 3272 65 677 19 3 1494 13324 5
17 8985 893 6 3 1427 7 1593 220 10 90 8090 35 17905 4 5488 33 4 21 166 21 3 6381 7 6647 1593 25 461 35 17905 4 3977 33 2228 9 1370 96345 7 162 713 4 3979 10 440 302 202 2807 10 11861 8 306 202 10 470 5
7219 4 3 1593 13 16 2700 25 46 797 517 16 153 558 6 26 220 10 523 162 12754 21 5100 1622 5
17 3455 522 12680 3 3238 7 538 7112 46333 3648 14 48480 117061 5
81 1654 4 23 18 1595 143 4759 746 1746 13324 41154 71 26 2086 33197 10 90 5771 5
1498 27708 4 32 3961 2916 7 11856 3082 27529 18 5892 14 217551 4 21 166 21 83 1593 3351 5
17 3961 2916 16 1547 6 3 1058 7 89 13 9889 1593 7042 10 2755 797 5
1210 6 3 2911 10942 220 154 3 726 7 46 162 4 13563 207012 35 323 537565 4 1515 33 8 18675 13385 44612 35 18675 984 4 2076 33 4 2755 47490 7175 16 7900 24 2193 133 21 3802 7415 4 897 3881 4 417 17136 8 83 3881 5
1249 3 733 16 6 14391 6570 9573 8 12042 13848 400 4 23 754 1065 6 231 9 11856 871 7 27529 4 2016 13 46 16 3 3235 3448 871 24 3 207012 14 198781 1715 5
204803 3881 31 463 6 10774 5771 13 71 4722 10 9 521 1566 4 133 21 1892 7 788 1943 49 1593 23221 5
17 938 1884 148 25547 522 8 3 10167 1746 250 26 9 8867 7 9 798 3961 2273 10 3 521 1444 864 5
659 27447 3 308480 7 3 1273 284 4 1117 25547 8365 42 2173 8500 9 146 798 3961 2916 7 11856 3082 6822 35 98586 704 33 5
355 677 19 767 8365 7 11856 3082 27529 4 3 84 11856 3082 6822 25547 181810 815 2506 1871 568 569 8 11861 5
81 1654 4 11861 107 11612 25 11327 18398 6 15099 18398 4 9 1079 15 47 3 10167 13324 2104 3809 15 35 21 1595 10 3 243 7 98586 704 33 5
527 4 141 65 8500 9 799 4213 2916 4 25547 149 93475 3 10167 2104 4 2352 9 181810 815 13 16 48 2794 8 13 1038 9 34113 397 13 16 146 287 5326 14 3 216 11861 5
77918 522 35 98586 704 5
77918 522 35 11856 3082 6822 33 10 970 7 53 203 29540 29595 7074 181810 815 109 8 243 4631 148 3 30512 181810 815 35 760 11963 33 8 3 746 543 13324 2104 35 5685 397 33 35 10 189 42749 397206 16 10 465 8 411289 10 2555 33 5
931 84 8365 240 3 26110 7 3 1273 284 10 2201 6 10774 993 5
208 666 4 3 1273 284 71 26 29518 10 678 6 539 7212 7 3 433 912 8 84 25639 4 133 21 19720 3 558 1593 7175 713 5
1203 1420 1444 6294 35 17905 4 892 4 6306 8 1594 1444 33 1871 117061 1715 4 47 3972 31719 3 922 3076 8 2930 3 1272 3959 912 5
1716 46 5114 4 3 27708 7 136685 16 9 629 2916 14 1444 12693 4 121 117061 1250 14 9 272 2156 7 3 1308 1444 569 8 11861 5
31587 10167 1746 4 477 543 15 791 8 38460 4 16 1574 5
7219 4 498 7112 11356 2333 477 1341 837 8090 49 7553 6589 13 17544 117061 8 112 34 8255 25450 189 470 8 11861 1446 5
145 162 6274 9 3093 13991 41748 6905 27708 35 191200 33 1217 13 6145 3 1081 136685 1444 4141 8 76451 189 470 8 11861 8808 5
66 16 2247 24 32 1494 8593 7 117061 21 797 1583 4 9 181810 1217 14 2957 19 11130 8808 4 8 3 6582 7 523 27708 4309 5
17 1217 29 45 3181 1537 9 5238 8 6633 2516 7112 284 13 71 26 220 10 120 1444 13 1038 528 6163 7 117061 5
17 785 7 3 1589 284 16 1595 24 50 25017 538 19630 628 25 9 6974 1444 433 4 125 7995 90 964 9705 7 4759 10167 117061 1746 5
81 644 4 3 3455 522 240 13 3 191200 284 16 1144 2651 65 677 19 3 4759 1746 8 13 23 71 26 2093 9888 6 7039 893 13 31 13292 6 117061 53365 5
17 726 7 46 284 4426 307 84 11598 4 133 21 53 35 249 33 454 26753 19 523 27708 8808 4 10 678 6 422 55 19 498 8 426 4695 4 133 21 1923 969 154 1444 35 17905 4 1863 1632 33 5
273 946 4 87 29 45 90 726 3136 41154 14 6573 8 2790 1863 1632 154 1444 4 8 133 628 86 26 220 6 960 8 27241 50 231 21 9 156894 6905 109 35 341 33 3 27708 17592 3136 3 797 1583 71 26 6804 24 427 76 1250 83 5158 4 133 21 16344 8 11538 38060 109 35 459 33 3 284 71 59 1234 25 4740 15 3 24220 7 3 27708 19393 4 21 166 21 7816 83 191200 23299 35 17905 4 341 4 4 33 5
5583 4 3 1589 27708 284 16 230 6 26 6804 19 628 4242 8 14954 317 1443 35 60464 33 3531 4 10 678 6 11032 9 48 1812 284 5
7337 4242 71 26 220 6 270 96734 37582 4 133 21 1593 7175 10 9 392 983 4 65 3 2755 628 16 12323 35 11771 4 261 1746 4141 33 4 125 60464 71 581 9 6372 270 14 3 3526 4 189 10 970 7 628 9796 35 11771 4 13267 7 24569 8 198781 12754 4 49 6013 7 19838 4949 148 12754 33 8 10 970 7 43971 7 522 35 11771 4 45651 3364 3 13324 7 1593 1411 162 12754 33 5