17112 4462 1694 1871 2505 7 40 2953 2106 5615 4 8 3 5983 2238 19 692 7 272 8958 2484 5
622 6681 7 9 2953 2106 7453 16 50 31479 8958 5
647 9178 8 110835 10942 31 558 6 1015 3003 7 3 1272 13693 8 6 8217 15 143 6 3030 91 5
527 4 87 16 32 3612 7 120 7112 5018 3682 7 124986 3 11861 7 9 58091 342 4 48572 2953 163325 5
81 46 162 4 7732 1442 10 3 916 7 11356 1330 16 3677 6 3 565 7 2953 4462 71488 17087 31479 3768 58091 5
720 2543 2505 7 49474 5309 35 43826 33 1330 16 1272 1411 46 1381 5
17 4888 27 1465 46 1381 14 58091 5395 6 196 3 1212 13 11356 1330 71 581 5
901 2520 31 1273 109 3 74 5708 9 30026 58091 342 3682 7 1913 3 19547 58091 342 5
17 169 1506 29 3 1117 2177 7 1330 14 34587 13693 4 1463 3 2177 7 454 2790 2953 163325 5
1354 2520 159 9796 3136 9 2953 2106 21365 8 558 40279 5
17 15487 7 189 2520 16 12354 24 4149 9 267 542 7 9 218 22723 88011 2953 4 15121 58091 358 31 1601 8 677 111 189 32 3796 8 1784 2516 5
1655 46 4 3 7362 7 46 3093 5018 14 3747 19547 58091 342 16 12354 4 18358 785 14 426 162 5
17112 4462 58091 16 9 4867 650 14 3685 291 4 907 138 2484 6 9 272 653 7 8958 4 133 21 11468 2484 5
17 2953 1541 36 18774 57534 40 4081 6 647 9178 6 2384 9 3592 3003 7 40 5615 5
17 11861 148 170198 16 23125 6 3 2953 2106 11040 8 3851 628 4 44 10 104 745 23 16 10 3 2953 1541 2106 518 6 57534 40 2953 16139 5
11772 9 556 31479 2953 4462 58091 2818 2516 2505 8 16 1441 6 3 2953 2106 21365 4 424 960 4309 8 558 40279 6 1657 9 9149 7 13693 13 1665 14 70 3 1658 6825 5464 5
97303 46 9149 6 1377 13 3 58091 650 16 19547 6 16895 2953 163325 16 3558 8 2818 2537 48 5139 5
145 1236 71 26 1109 141 1370 14 32 5318 19 287 791 4 363 3 650 7 1445 3 71488 17087 31479 3768 5937 8 342 9 6943 152 7 9365 290 9 902 650 5
187 29 45 485 601 900 76 3 19372 7 2953 4462 31479 5464 35 12283 32330 4 359 109 33585 4 152450 4 323 156188 4 1515 109 12283 32330 4 274 109 13129 256182 323 23489 386702 4 590 109 71920 4 105046 4 323 4 3401 109 45602 4 144129 4 295214 4 323 41378 4 280 109 38179 4 59977 4 19959 4 323 6794 4 274 33 8 87 16 9 3095 7 6854 8 4199 6 1015 19 3768 14555 35 4 3495 4 4 4 359 33 4 44 87 16 32 3612 7 6854 7237 13 1783 5310 27 45 1589 6 1297 2953 4462 58091 1330 4 7412 6 2537 1128 2953 163325 5
145 16 4179 106 23 16 149 3558 14 2953 4462 3474 4 1694 8 58091 291 6 2258 3 104 4213 58091 342 106 7 3 3095 7 523 2953 38060 4 558 40279 4 89 8 2215 12453 5
364 2234 9109 1658 13 87 16 312 17521 148 3 3394 7 9 14555 8 3 2953 4462 2106 21365 5
527 40 162 16 13380 15 3096 3 3394 7 3 282 960 1990 6 231 14 31479 58091 35 4 4 323 91908 4 274 109 323 36801 4 280 33 5
267030 4 37750 4 8 35 590 33 1601 9 1990 7 1586 13 20392 19 3 40279 3394 543 15 3 61638 10777 7 9 528 66983 5
1113 46 5018 16 34 1827 22 124986 3 9149 7 13693 4 23 340 185 6 71823 3 3394 7 40279 14 9365 290 61638 15565 5
79690 7 143 3 5018 9013 40279 6 3 61638 74260 10 970 7 3964 7 2558 4 3101 8 470 31 189 2794 8 4279 6 3 2520 110 1146 10 46 1381 5
49474 1442 12174 27 45 6227 10 117 692 7 2484 1330 4 290 19 9 2537 523 9688 5
34252 162 29 45 10605 24 7914 4 16964 3454 4 22803 28466 4 8 10558 23235 35 2076 33 6 1657 9 4624 31660 14 837 1990 4 145464 417 2214 13797 5441 3 785 14 1913 19547 2506 5
1516 162 24 4888 133 21 127768 12283 3462 5
35 2076 33 4 6 16895 417 71925 10 132 6 678 2484 8 96018 35 280 33 6 71823 16786 8927 4197 1583 31 70 6200 13 5441 114 9962 1216 421 363 270 8 1330 4538 27 45 6227 6 162 19 9962 2190 2505 5
11394 601 768 3619 10 3 797 7 9 421 270 4462 6227 10 3 46333 5979 2030 219703 4 14 14513 19 3 1444 7 9 58091 342 35 11679 12283 32330 4 33 5
1113 46 4462 71 185 6 1657 9 1332 58091 342 4 23 1141 312 5139 6 1913 3 19547 2104 13 3899 6 16895 2953 163325 5
145 59896 6252 3 162 76 3747 9 1506 47 18 488 6 5998 1657 9 1332 4 88852 9149 7 13693 6 16895 2953 163325 5
81 1243 6 48572 2953 163325 4 18774 3747 9 58091 342 47 16 24 9 87229 650 71 1015 6 1842 14555 4046 5
81 46 1381 4 9 3093 58091 1330 5018 538 46333 1442 16 1273 14 3747 189 1332 8 19547 58091 358 5
145 2179 24 40372 8409 3 650 7 58091 1330 4 1571 143 23 71 26 25710 4 47 3880 3 3212 14 3 1506 5
2927 4 9 6652 7 67 523 2520 13 27 45 1589 16 2209 109 3 74 16 58458 10 3 916 7 9 284111 12607 3673 35 33 4 8 3 169 10 11772 37612 53798 19389 35 33 5
17 9688 468 3 6942 7 290 1506 16 2994 5
17 6652 16 10 385 3856 14 9 58091 5318 37 3 4888 4753 36 27 312 92 93 2543 791 19 7732 1442 35 43826 33 1330 5
659 10158 189 2520 4 9 267 542 16 153 2828 24 2172 3 58091 358 14 9 218 22723 88011 2953 5
931 67 1601 58091 358 31 153 677 19 138 1601 24 32 1784 8 32 3796 2516 5
79 2898 153 1141 254 6 8612 3 1277 8 3961 7 3 11356 358 10 970 7 89 5
117637 3 71488 17087 31479 5464 7 9 2953 4462 16 32 3456 4867 6 1330 9 58091 106 23 1708 32 3003 7 47 6825 5464 144 26 2870 5
187 31 117 166 2203 2520 14 3 19372 7 2953 4462 31479 5464 5
273 946 4 3 57 2209 24 71920 12283 3462 5
35 3401 33 10 3 64 3401 16 4783 6 1506 3 31479 5464 8 40 1322 10 9 218 22723 2953 4462 5
187583 10 3 73 1352 27 3619 10 2520 105 46 110 3643 6 539 7039 4 6885 6325 8 12030 5464 35 33585 12283 32330 4 1515 33 5
187 31 117 3093 58091 4538 47 3316 6 581 32 2538 8 48 530 650 7 58091 5
12283 3462 5
35 274 33 231 9 14395 10336 20260 6 8612 58091 4309 47 71 26 220 6 185 384 9 6943 58091 4082 5
17 2234 576 13 3 20260 1131 3639 14 117 523 2953 38060 4 658 3 3525 7 50 6928 8 1175 6 71823 58091 358 16 34 530 5
145 2124 4286 9 3297 6652 7 3 14048 351 6 1657 129 71488 17087 31479 3768 1506 5
17112 21365 17112 3648 31 3054 9168 25 32 6214 7 27728 8 42601 13 47 16 2311 7900 24 50 2484 3212 5
17 1943 8 1646 7 3 176 110 8495 31 67 7 3 2193 13 1951 3 7254 7 9 2190 2953 21365 5
273 946 4 23 16 287 4213 6 231 9 2953 21365 114 3 16 15511 15 9 1324 1870 14 3 2484 7 528 4 1545 1172 5
145 16 106 3 2953 51 26 1272 6 398 3 154 2484 5
26480 4 9 88011 2953 51 398 180 3 4 2790 3 1058 7 536 1272 6 2953 3 6500 21 166 21 2790 3 8466 4476 15 3 2953 25 3 4 44 29 9 1978 1308 9882 5
17 11036 7 523 2953 4462 38060 16 528 4 57 5517 1658 13 87 31 67 3674 8 43444 537 38060 7 14042 98922 5405 1363 35 4 274 33 4 34 427 76 5139 3 117 523 38060 7 20045 8 1405 4848 35 88011 33 98922 3710 5
1113 9 58091 342 71 26 25407 4209 1003 14 9 1029 2953 21365 106 32 5318 36 26 2350 19 40 1746 4 3 48 2022 38060 383 26 5422 8814 6 2705 40 71488 17087 31479 5464 5
41983 5464 238 12859 10 98586 249 4 23 16 166 424 13 32 22723 7 27728 4327 29 3 288 2463 7 2558 2288 9 321028 3768 19 290 70652 22723 35 4 280 109 12283 32330 4 274 33 5
20524 166 259 4 21 1595 10 98586 341 4 9 42601 22723 36 27 179 4327 5464 8 179 2737 5464 35 12283 32330 4 359 109 13129 256182 323 23489 386702 4 590 109 71920 12283 32330 4 3401 33 5
288 3964 7 2558 8 321028 5464 14 3 14937 22723 7 9 2953 4462 98586 249 5
288 3964 7 2558 8 321028 5464 14 3 14937 22723 7 9 2953 4462 19 108 70652 27728 38629 5
9898 8 2737 5464 7 32 22723 7 10235 35 8258 22723 33 98586 341 5
9898 8 2737 5464 7 32 22723 7 10235 35 8258 22723 33 5
96368 7060 3194 31479 6825 3768 71 10456 6 3 154 2484 4 658 4 3 7060 7 90 6825 5464 16 1370 5
145 7060 71 26 9 665 7 3 2953 2106 21365 4 49 3 98922 3212 15 3 40394 5
35 280 33 1379 9 152 7 48975 3 10674 8 297012 7 9 71488 17087 31479 3768 76 108 2757 7 799 4 6127 8 272 5
1113 10 104 745 40 19372 250 26 4007 4 3 10674 16 23125 6 3 2953 2106 21365 8 3 10777 7 3 176 13 23 16 110 220 6 1657 4 2677 13 23 144 26 12354 15 32 1570 2953 1625 4 34 7427 5
273 946 4 2016 9 291519 14042 98922 1387 4 3 4280 7 3 14042 64399 22723 71 26 4357 21 441 9 798 3238 65 677 6 3 4280 3768 7 3 11348 8 14937 22723 5
145 16 106 120 20721 52 20721 35 4280 33 1627 486 3 64399 22723 36 97 2498 3 10235 7 2953 2106 2138 4462 827 35 47 154 33296 45989 4210 33 4 8417 120 4280 10 3 295273 8 11348 22723 51 665 10 3 10235 7 3 5
527 4 3 7444 7 3 20721 52 20721 6825 3768 14 9 218 22723 88011 2953 16 1370 5
145 2953 29 9 2614 114 3 8258 22723 16 6726 15 3 64399 22723 8 3 9 22723 16 6726 15 3 8258 22723 5
238 381 10 98586 459 4 120 3768 7 3 64399 22723 4280 36 26 60484 124 3 2614 3979 10 3 12340 13267 7 3 9 22723 4 47 51 26 1752 7587 15 120 98922 3803 13 3972 3 10235 7 3 9 22723 5
20721 52 20721 3768 3979 10 9 22723 62377 3768 15 9 218 22723 88011 98586 459 5
20721 52 20721 3768 3979 10 9 22723 62377 3768 15 9 218 22723 88011 2953 4462 5
2954 5018 17 3316 7 3 58091 4644 16 6 25767 3 2953 2106 3768 5
145 16 617 24 13896 9 6943 960 5018 13 71 1415 9 6825 3768 5
647 9178 8 110835 10942 31 220 21 9 1351 14 1691 960 4309 5
79 960 36 1871 3 1627 7 3 2442 22723 4 5964 22 125444 2371 6 1415 3 523 148 3 230 8 2755 827 5
273 946 4 65 2279 3 27728 13267 4 3 1884 148 3 2953 2106 230 8 2755 827 16 5422 22 2489 3459 1411 3 1030 1079 7 3 22723 5
105597 17 3394 7 1593 36 1618 26 617 10 30114 19 3 960 5018 4 7900 24 3 5318 2106 8684 5
527 4 87 31 117 745 114 117 523 5957 71 26 220 14 4149 3 216 960 5018 4 114 290 1871 9 523 11861 6 6694 8 3030 3 960 5
273 946 4 189 9 10855 491479 8 9 17717 1071 2452 71 26 220 6 1415 3 266520 7 9 27728 22723 5
17 10855 491479 250 159 902 6 16443 4 44 92 3 2953 29 32 22723 19 9 241 1030 4 3 17717 1071 2452 250 236 6 26 68517 2489 400 6 1415 3 1519 22723 4 3475 4 427 48 89 6 3030 5
81 1243 4 87 31 117 745 114 3 2177 6 3030 2489 1665 8255 86 665 10 964 89 2055 5
145 51 1871 13 23 16 6614 537 6 6694 8 231 67 5957 8255 8 13 87 16 93 7924 148 91 5
273 946 4 2279 14 27728 13267 538 10855 242387 8 4280 538 32 12398 653 27 3 785 6 26 2828 8255 4 1691 13 3 12398 653 340 34 30479 3 10855 15059 8 3 10855 1593 340 34 4 19572 2760 10 3 653 5
81 1243 6 120 2215 12453 4 3 19393 7 3 13693 383 59 1648 5
17 508 858 1708 3 19393 47 31 1109 10 3 498 2520 2209 10 46 1381 5
631 46 16 34 9 3592 197 4 3 1506 6409 385 19393 6 852 14 32 5050 8593 7 2953 4462 58091 13 71 71823 543 15 2953 163325 5
8932 61361 7 3 1506 36 1384 117 48 19393 13 852 14 3 58091 342 6 26 88852 14 523 547149 9224 5
17 1952 22 47 3 2953 2503 148 3 1341 2371 35 33 5
17 827 7 3 74 8 73 1341 15 3 22723 5
17 221 7 1341 2371 1411 3 22723 1030 148 3 74 8 73 827 5
17 22840 89 22 290 1341 4 47 1038 3 89 1272 14 3 2953 6 15433 25 120 7039 4327 5464 8 3 89 6 159 3 14555 5
101415 35 744 33 5181 43826 21 110 9 4386 7 1416 1897 13 16 1477 19 63282 7112 3225 5
145 6300 16 1359 14 96 80 31 464 6 2769 24 5726 3 2505 8 1442 7 9 58091 5318 19 32 11356 1330 284 5
81 1243 6 1842 3 1272 900 6 3855 58091 358 4 3 11356 1330 284 36 26 2870 6 8612 289 43 71 958 1657 48 4213 58091 358 4 47 16895 2953 163325 5
145 2124 842 143 3 25710 565 71 26 26080 1867 8 11737 24 67 523 1330 4538 5
901 2520 42 1601 14 4631 109 3 74 18 538 32 4 8 3 169 10 5
17 2124 5181 3 6358 7 290 1506 8 5948 40 3272 5
17 13488 6652 7 189 2520 16 6943 14 9 58091 5318 5
527 4 9 3297 6652 7 189 2520 8 40 726 71 26 170 10 35 11679 4 12283 32330 4 2076 109 11679 4 8759 4 188434 4 323 72165 4 2076 33 5
1506 17 74 1506 35 11679 4 12283 32330 4 2076 33 4 1601 21 32 18 1254 8 2870 538 3 6358 35 139843 12283 32330 4 1095 33 5
17 9688 468 3 3394 7 9 18 106 3 650 7 2953 4462 58091 71 6661 26 1867 21 9 9149 7 1731 8090 5
79 16 9 916 7 11356 1330 114 3 19210 297 1945 71 26 3380 5
17 1589 9962 2228 14 12538 9 1812 565 24 3 231 7 2485 47246 5
145 650 16 114 3 17686 132414 32 13488 2485 4 24 3 231 7 3 9962 2106 4309 8 4262 4 76 1731 285 17417 8090 31 1049 4 47 71 26 36438 93 454 5
17 508 858 5181 3 13488 8090 13 31 848 10 129 4 8 98586 503 14103 46 5
15000 70 27728 4 42601 8 2858 22723 5464 543 15 3 2953 2106 21365 5
13088 6825 3768 14 9365 5
13088 3 6943 1593 14 9365 3 6825 3768 5
239654 3 1593 10 9 6943 152 6 1415 3 6825 3768 5
29736 3 6825 3768 538 3 40279 8 3 498 16443 5
12607 47246 3472 98586 503 5
12607 47246 3472 5
17 1601 1506 51 4855 9 58091 565 543 15 3 34520 7 307 317727 5
98586 500 842 90 5907 317727 47 10301 3 2007 164 5
66 71 26 381 13 3 22723 2125 4 31479 3768 4 1593 8 3 14555 4644 31 3380 5
1506 317727 98586 500 5
1506 317727 5
319328 4036 385 89 8 66413 1714 4 3 1506 16 3682 7 1913 70 3 537 2506 6 9 392 58091 565 5
527 4 3 197 7 785 2506 71 26 177 528 4 95 23 16 533 6 8916 3 197 6 97 3576 138 58091 358 13 31 1060 6 26 1681 10 3 19838 11861 5
17 4462 34427 3 4386 8 4787 89463 31660 6 2705 3 2654 470 342 35 139843 12283 32330 4 1095 33 5
17 3509 470 7 32 3802 16 220 14 46 8557 5
61648 2828 538 46 1506 4964 13 3 19547 2104 18 535 170 496 9 3235 42776 169 89 566 14 9 523 2726 7 58091 11952 35 11679 4 12283 32330 4 2076 33 5
98586 708 842 3 4262 8 842 40 3509 470 5
17 508 858 5181 96 3 470 14 290 3802 9286 7 53 35 249 33 96368 3394 53 145 16 3 3238 7 32 6825 3768 5
79 6825 3768 13 16 4357 21 441 9 272 7444 4 49 13 144 26 5559 74 4 16 6234 9 798 470 871 5
17 4386 8 4787 31660 36 5339 32 6825 3768 19 9 272 3238 35 799 6234 470 871 33 74 5
35 341 33 24130 16443 470 53 17 470 10 549 13 16 1272 14 1994 55 3 40279 61 7 3 2031 5
35 459 33 24130 11141 470 53 145 16 3 470 10 549 14 13999 3 1593 92 23 16 277 197 55 15 3 22723 5
273 946 4 86133 3 38272 7 9 10855 491479 25 27728 6 38451 14555 5
35 503 33 21626 3 14555 470 53 145 16 3 470 10 549 14 9365 3 6825 3768 538 3 3467 1593 5
7337 3968 16 3615 6062 4 44 477 2818 10167 4653 5
4262 47 10181 3 470 2770 7 88 8258 14 3 3768 3394 4 98586 708 5
4262 47 10181 3 470 2770 7 88 8258 14 3 3768 3394 4 1593 16443 4 11141 8 14555 470 5
17 2164 665 25 192 4262 16 13 9 342 16 1601 114 3 6825 5464 19 3 1391 7444 31 3467 74 8 3 3112 1593 16895 3 16443 4 11141 8 14555 89 5
1506 162757 10 3 1506 5042 13 16335 13693 86 34 26 6422 14 5
145 420 6 3 7254 7 3 1506 10 8 3619 10 3 797 7 9 169 4 48 2410 1506 5
4749 3 1506 4 3 1506 71 26 11737 24 117 523 12359 1330 27964 5
145 1506 35 11679 4 8759 4 12283 32330 4 2076 33 18 1589 6 852 14 27964 13 71 3383 3 16335 14555 7 2489 6825 5464 5
11649 6 3 1506 4 3 1506 4286 108 523 5811 3351 53 22723 4 8531 8 3768 5
17 81495 14 3 1506 71 26 381 10 98586 700 5
17 1506 4286 179 4262 53 16443 4 8743 4 1415 8 123854 5
81 3 1506 80 2042 1117 12453 6 3383 3 299912 5
931 42 53 35 249 33 239654 15 216 22723 53 766 299912 13693 383 26 15 3 216 22723 7 1627 5
66 51 34 26 537 6 960 27728 5464 14 3 14937 22723 4 125 2279 3 27728 5464 7 3 11348 22723 14 9 2953 4462 19 106 23 51 4013 25940 5
35 341 33 11292 7 16335 1665 53 3194 8531 29 9 3235 221 7 5464 13 23 71 1415 8255 35 3964 7 2558 33 5
35 459 33 145263 53 66 16 477 3 267 13 23 16 1122 34 537 6 16443 16335 1665 106 7 2215 3012 5
171463 5
10855 15059 14169 5
379701 19798 7 3 13328 7 8531 8 3768 6034 10 98586 700 5
379701 19798 7 3 13328 7 8531 8 3768 6034 10 3 1506 5
15060 4631 98586 704 14103 3 522 25 32 2007 5867 13 18 2828 2279 189 2520 14 15832 523 58091 544 14 4631 5
17 556 1056 7 46 777 31 845 24 11679 4 8759 4 12283 3462 5
35 2076 33 5
17 522 25 46 5867 27 1595 13 276 8259 3 1175 14 16335 13693 4 87 16 93 530 1425 148 3 35 33 8 35 355986 33 1506 21 11084 6 3 30392 342 4385 5
527 4 480 3 1175 14 16335 13693 16 8509 4 3 342 4385 1601 24 3 35 33 1506 16 2537 7877 4 19 2055 3145 575 202 7 13 4209 24 3 1506 5
6927 4631 98586 704 5
6927 4631 5
11394 162 29 1595 3 5615 7 189 2520 5
527 4 14277 4631 148 2516 58091 358 29 45 115 5
273 46 1033 4 46 2124 4286 9 3275 267 542 16 2828 6 6786 3 58091 358 1601 24 189 32 1784 8 3796 2516 111 138 7 3 67 523 2520 5
1532 4 8557 7 189 2516 2106 358 36 159 254 6 10775 34130 628 3136 3 40279 8 1221 68511 6 5507 10 3 565 24648 5
66 16 1622 6 4018 46 2516 2505 76 129 1506 4 21 43 1871 7025 317 6 1657 3 104 4213 9149 7 13693 5
2491 9 2726 7 2516 4 34130 628 29 45 6453 8 11828 10 3 1506 4 3 89 36 11851 114 385 2505 16 3380 14 3 1506 6 162 86091 4 276 3 231 7 120 1117 2516 628 5
4752 3 3465 7 3 565 6300 5342 4 189 3 8 12174 36 26 5913 14 9 2752 1836 566 19 89463 8509 6 384 9 1332 8 19547 2104 5
57775 36 153 26 115 148 3 2516 8 11356 358 6 8612 40 3961 8 1277 5
23179 5662 17 565 13 80 31 201 6 1384 16 3 58091 7 9 218 22723 88011 2953 21 381 10 98586 782 5
81 676 3 2953 29 3356 71488 17087 31479 5464 5
3194 27728 22723 29 3 6825 5464 13 71 26 381 10 98586 249 8 290 42601 22723 29 3 6825 5464 13 71 26 381 10 98586 341 5
81 1243 6 3 31479 5464 7 3 27728 35 295273 4 11348 8 64399 22723 33 8 3 42601 35 111437 8 9 22723 33 71488 17087 31479 5464 4 3 113053 35 2106 22723 33 5464 36 59 26 1109 5
17 113053 71 26 1109 21 32 1117 42601 22723 4951 3 14555 7 3 53 249 5
160235 827 10 6219 8 12662 5
160235 164428 336 61 5
160235 70865 336 61 5
160235 44338 336 61 5
3546 22723 2953 98586 782 5
3546 22723 2953 5
31879 2106 342 98586 183 842 3 8062 8 230 11861 7 3 67 2516 58091 358 5
17 74 24 32 1784 2516 4 8 3 169 24 32 3796 2516 19 3844 791 10 15 2953 14555 5
931 358 27 45 24637 24 4149 3 13693 5
31879 58091 342 98586 183 5
31879 58091 342 5
31879 2106 342 4631 66 16 17123 25 98586 183 13 189 3 1784 8 3796 58091 358 27 3272 10 970 7 8062 4 960 11861 8 1593 3394 5
26148 4 23 16 1622 6 3434 3 1884 1547 6 3 523 9688 468 4149 3 58091 5
17 1784 58091 342 16 1433 10 3 152 13 3 31479 5464 25583 5
145 5018 2228 91 6 4007 32 3768 13 43 250 6075 154 40 162 4 48572 3 1102 13 3 13652 29 15 3 5464 13 27 277 45 2870 5
17 3796 2106 9688 16 523 4 43 36 3030 70 3 13693 74 8 153 21867 3 628 103 14313 120 25571 652 5
17 1784 58091 342 16 59 1441 6 3 6570 12453 7 83 34587 58091 599 4 95 59131 6570 13324 71 27 9 964 969 15 3 1601 58091 342 5
66 16 59 537 13 3 9838 250 26 418 15 48 58 57 58091 417 22 57 89 4 44 22 3 89 13 3 58091 342 18 1601 14 3 218 22723 2953 10 813 4 43 42 34 5
9049 4 3 3796 58091 342 18 1601 163 3 6249 1033 7 4149 3 13693 10 3 104 10139 678 4 9365 3 612 38629 74 5
66 16 59 7587 25 98586 183 13 3 1784 58091 342 4286 3 231 7 9 17717 1071 2452 6 960 14 3 266520 6825 5464 5
17 9838 4 15 3 83 881 4 231 3 10855 491479 106 538 3 17717 476667 14 9 2953 4462 19 9 528 22723 1030 36 159 48 89 4 8417 3 10855 71 1415 32 22723 19 9 902 1030 276 11141 5
1471 1884 16 3 3394 7 3 1593 14 9365 3 70652 321028 5464 5
17 1784 58091 342 4286 3 231 7 9 17717 2842 4 3350 3 9838 342 754 231 7 9 1094 2261 5
145 16 463 6 3 1094 2261 110 48 10139 6 231 14 3 9838 4 8 13 23 22576 3 7453 6 59 3968 628 3136 3 7039 5464 7 3 2953 4462 5
43410 1330 6832 189 3 8 2520 21 381 10 58486 9610 8 9073 4 3 565 71 26 58458 10 6943 916 1749 3 1330 27964 6 1186 6 4855 3 1330 565 5
23179 6300 17 508 2124 4286 3 9688 468 3 19393 3467 14 3 1506 6300 5
2778 95257 5464 53 1354 565 24648 3576 3 216 6825 5464 21 189 2516 358 5
17 6825 5464 3001 3 13693 13 236 6 26 351 6 3030 9 556 71488 17087 31479 2953 4462 58091 5
273 90 7 3 42601 6825 5464 4 3 13693 3972 48 58 57 6825 3768 5
273 946 4 3 837 14555 7 8258 22723 827 10 6219 8 12662 4490 3 67 827 6825 5464 47 71 26 381 10 98586 341 5
2778 24130 53 3690 189 1784 8 3796 358 231 3 216 1593 14 3 14555 7 9 2190 6825 3768 4 189 3 565 24648 36 3576 97 46 8531 5
527 4 92 189 358 3576 523 40279 4 3 565 24648 36 3576 189 5957 5
2778 58676 4424 53 208 189 2516 358 231 3 216 40279 14 9 2190 14555 4 3 89 36 26 351 25 3 58091 342 114 3 2882 89 16 1370 5
145 2228 14 3 1506 6 162 19 3 23972 5662 5
3690 3 58091 358 231 523 40279 4 3 565 24648 36 231 3 5551 4424 5
2778 69269 2807 53 208 3 40279 16 110 5210 4 23 29 45 7154 13 46 36 1128 3 89 351 6 60251 8 3030 3 14555 24 15 596 302 202 5
9601 3 321028 960 538 3 1094 2261 21 32 946 5
949 377 290 7 3 108 27728 321028 1665 162 10 9 523 1535 4 92 3 1094 2261 1593 16 277 16443 4 23 16 48 89 4213 6 1415 91 70 37665 5
145 16 106 3 1593 29 277 45 351 61 7 3 2031 4 16443 4 3797 6 3 1416 8 3 1586 29 45 34171 5
2954 1566 766 8365 42 1303 61 15 32 56974 116695 1416 19 9 15880 113357 2453 239952 56003 25592 62778 13821 8 503 13336 39479 5
17 1506 18 5913 538 3 35 139843 12283 32330 4 1095 33 6358 4 8 14 3 1506 4 80 231 3 539469 17686 35 4 4 323 520063 4 502 33 5
3194 31660 18 9806 2752 549 7 324741 89 6 4855 3 392 565 5
17 31660 220 3 4386 8 4787 1046 89463 16408 4 8 14 3 4 80 231 3 174450 16408 6 384 3 2654 470 342 10 9 14644 74734 5
213967 98586 407 842 3 104 4213 342 1658 24 3 31660 496 9 2752 1836 566 5
66 16 1080 17123 13 3 17686 29 29371 3 13693 76 22723 678 4 146 105 13 7 3 3796 2106 58091 342 5
17 5694 6 46 8062 16 114 3 321028 13693 27 45 29371 671 106 3 1506 29 12354 13 23 16 48 4213 14 91 6 26 2828 1752 54 290 83 5
58091 342 98586 407 5
58091 342 5
66 16 59 17123 13 3 1506 29 3467 3 1593 47 71 3030 3 1272 14555 10 3 2654 89 5
66 16 7587 13 3 1506 29 3467 1593 4 8 52765 3 13693 4 543 15 40279 13 71 26 5210 6 1176 89 5
109795 95390 25 3 189 2516 8 58091 358 4 3 1506 29 1601 9 342 13 4286 13693 13 71 26 2828 8255 5
17 1601 342 4286 3 216 8062 21 3 1601 342 4 44 87 31 3272 10 970 7 960 40279 2124 5
273 46 1033 4 97 32 28686 7 3 1601 342 16 1595 5
9601 3 74 67 13693 13 71 26 381 10 98586 403 12662 827 8 12662 52 12662 71 26 2828 8255 5
145 16 537 106 189 1665 3972 1324 3 22723 24 3 125444 1058 4 72 3 216 1079 44 19 523 1593 5
145 809 7 19393 4 8 3 3612 7 2215 14169 49 155598 4 770 13 189 3 13693 71 26 2828 8255 5
270171 342 98586 403 5
270171 342 5
145 2124 4286 9 3297 4631 7 3 1601 11356 358 5
145 2179 24 9901 3 12174 10 970 7 11861 35 89 33 4 3 979 24 9 2898 7 3 1277 35 14555 678 8 40279 3394 33 5
6927 11861 20498 249 842 3 1221 89 14 3 179 58091 358 5
66 16 71 26 381 13 3 1784 2516 2106 342 16 57 1390 7877 58 3 3796 2516 2106 342 4 47 522 25 523 58091 6905 4 791 8 523 1593 21 962 10 8941 5
66 16 59 7587 13 3 1601 58091 342 16 31976 218 549 48 4213 13 3 9838 342 10 970 7 89 4 44 340 34 371 120 97032 72 3 1784 342 4 141 377 3 17686 29 88852 3 342 6 10753 3 231 7 40279 671 95 13 23 97 29 6 26 5210 4 623 58 16443 5
17 1033 13 3 1601 342 16 902 16 106 3 68511 220 10 3 565 6300 42 3 1391 351 25 3 2516 8 3796 342 6 1377 13 3 17686 155 34 163 2882 5
9601 46 76 5139 4 1330 24648 42 1146 6 3576 3 50976 68511 5
17 522 71 26 381 10 3 798 2124 7 20498 249 5
66 16 7587 13 92 3 50976 68511 31 351 4 3 1601 58091 342 16 1842 24 22200 218 549 6 15832 465 8 2752 549 4 47 16 17003 549 7877 58 3 1784 2516 2106 342 5
20498 249 5
75250 7 1221 58091 89 14 523 358 5
14333 5018 2897 10 465 7443 2516 69272 28397 2516 86912 23972 81271 23972 111959 50976 106098 50976 112095 349 3 83 881 4 21 381 10 20498 249 4 3 342 1601 24 3 1506 29 32 1221 5577 89 7 23421 465 8 20025 67 549 5
145 16 9 20025 108 549 7877 58 3 1601 342 4 8 22200 583 549 7877 58 3 1784 2516 2106 58091 342 5
17 14618 14 13 2807 10 1221 89 16 3 16335 13693 13 27 45 1658 8 11828 76 3 1601 58091 342 5
55718 9 1185 7 3 565 6300 538 3 50976 68511 3619 10 32 1117 2807 10 342 4385 7 22200 179 549 4 363 3 84 676 14 3 2654 470 342 23421 465 8 45824 549 4 47 16 57 1390 8 15832 549 7877 58 3 282 2516 342 5
6927 1277 1354 3 11356 358 1667 3 216 2981 7 9365 3 6219 4 12662 8 20721 27728 71488 17087 5464 979 24 9365 3 321028 148 290 5
2927 4 3 3298 8 79 42601 22723 5464 31 5559 4 979 72825 3 14555 7 3 113053 5464 35 2567 22723 33 5
17 71488 17087 31479 5464 7 9 27728 22723 31 2279 10 96 3 1506 29 2118 6 26 3 104 10139 8 4213 678 5
9601 3 6219 22723 14 946 4 3 62377 35 6219 827 33 3768 16 5559 538 3 127625 1614 979 24 3 8958 8 185131 35 6219 297093 8 15401 33 960 5
143460 192 67 13693 16 11580 106 43 189 231 3 216 1593 16443 4 97 3 8958 8 185131 960 16 3629 9 197 1058 7 400 5
2927 4 3 2605 35 6219 52 20721 33 8 151156 35 6219 52 12662 33 38451 5464 31 5559 538 10855 242387 5
1354 192 13693 231 3 216 1593 8 2953 19393 4 363 23 11580 14 91 6 26 30209 671 4 141 92 3 38451 38272 31 14518 7196 5
10052 4 10855 242387 16 153 220 6 1415 3 67 35 6219 10 12662 8 6219 10 20721 33 266520 5464 106 3 97 1884 16 3 12602 7 3 38272 5
5583 4 3 4280 3768 35 6219 52 6219 33 16 5559 538 9 89838 5
145 14555 16 1155 21 3 73 14 3 71488 17087 31479 3768 106 23 2818 3 231 7 523 40279 4 47 10 46 267 16 9 12398 653 5
2491 70 3 288 2463 7 2558 5464 27 45 5559 14 290 27728 38629 4 3 321028 5464 148 290 31 153 5559 35 6219 321028 6 12662 4 6219 6 20721 8 20721 6 6219 33 5
931 108 13693 31 47036 671 106 43 70 132 231 7 3 1094 2261 1593 21 166 21 3 1627 7 67 27728 22723 10 3 418 1535 363 23 48 4213 6 182 91 671 5
931 108 13693 31 47036 671 106 43 70 132 231 7 3 1094 2261 1593 21 166 21 3 1627 7 67 27728 22723 4 363 23 34 97 48 89 4213 6 182 91 671 4 44 59 32 6676 48 87229 547149 650 5
355 9365 3 27728 6825 5464 4 23 51 26 788 1407 6 1415 3 321028 3768 347 152 137 106 23 51 3972 2571 3 827 7 3 2953 2106 83 38629 4 2790 3 13693 185131 5
2927 4 3 42601 38629 31 5559 1204 19 3 3298 22723 5
26148 4 3 13267 3768 7 3 3298 22723 16 538 3 127625 19966 5
145 16 3 979 24 3 8958 8 185131 14555 106 4 105 14 3 27728 38629 4 3 216 40279 8 960 16443 16 220 5
17 19966 16 153 93 902 1272 14 3 3298 22723 4 95 3 3298 22723 321028 6 3 6219 8 12662 22723 16 153 5559 538 9 960 2261 8 67 19509 5
145 16 153 979 24 14555 7 3 36265 4385 538 3 216 1593 5
2927 3 342 7301 50 1164 6 3 14555 7 3 79 22723 5464 13 71 26 5559 538 3 40279 13 16 277 16443 15 3 3298 22723 5
17 17686 29 1658 13 3 9365 3 321028 10 6219 8 12662 4 979 24 3 14555 7 3 827 10 6219 8 12662 16 3 104 4213 1414 10 970 7 89 5
2491 3 17686 29 6422 14 3 13693 13 71 26 2828 538 3 960 2261 8 67 19509 4 23 153 3831 3 6943 152 7 9365 3 79 827 8 79 8958 8 185131 37665 538 3 19966 5
17 380 67 6825 5464 13 1871 1330 14 31 3 67 4568 9937 5464 4 47 31 5559 538 3 960 2261 8 67 19509 5
17 8254 7 3 58091 342 4286 3 113053 6825 5464 5
17 74 113053 6825 3768 6 26 5559 16 3 113053 827 10 6219 8 12662 106 3 40279 13 18 73 220 15 3 42601 9 22723 4 47 16 3 960 2261 8 67 19509 5
4752 46 4 3 113053 2106 164428 8 70865 305925 31 5559 538 9 5413 8 9 960 2261 4 47 31 342117 7 3 767 40279 5
17 380 6825 3768 203 6 1415 16 3 113053 44338 47 16 2828 538 9 837 5413 5
145 216 8062 16 7587 10 3 342 1601 25 3 1506 5
17 1884 110 13 90 7 3 13693 31 1155 30417 623 58 37665 5
9601 3 34587 1330 7 3 12662 827 8 12662 52 12662 35 4280 33 13 71 26 381 10 98586 403 21 32 946 4 80 71 8612 3 1102 46 13797 29 15 3 342 2106 1277 5
6297 15 3 2953 2106 21365 8 558 40279 23 16 9 6695 1414 6 16443 3 40279 8 153 1415 189 8255 4 8 340 34 4 3475 1128 3 358 1277 5
145 542 6274 3 1236 7 71488 17087 2953 4462 58091 4 8 10260 3 2442 20554 5
79 5018 7 58091 1330 538 46333 1442 16 153 2209 10 3 916 7 67 523 2520 5
17 74 1506 16 1601 21 9 8 71 1657 19547 58091 358 114 3 13693 31 1303 61 37665 5
66 29 45 1595 13 3 1506 71 1128 3 1308 58091 342 24 8062 3 13693 543 15 40279 16443 4 11141 8 14555 11861 5
10052 4 3 169 1506 538 71 1657 19547 58091 358 4 658 4 3 1175 6 342 14 34587 13693 1842 3 1308 342 11861 454 5
79 267 542 5662 14 3 58091 7 9 218 22723 88011 2953 18 153 1109 4 114 9 58091 342 25 32 3796 8 32 1784 2516 42 220 14 4631 111 3 58091 342 1601 24 189 3 8 2520 5
145 5042 13 1330 14 34587 13693 16 9992 8 71 1128 3 1308 58091 342 4385 5
145 3093 2673 7 11356 1330 6 2953 4462 58091 6274 9 785 14 426 2840 6 852 14 89463 543 15 83 547149 2193 8 34 100 89 5