11083 532 16 8146 48 1164 10 16786 200 463 6 4901 1223 5
145 1381 6409 55568 40484 35 116579 33 4 9 6682 6952 10 1277 532 5
31587 4309 4 133 21 294303 93786 6027 4 48694 4 126760 4 8 2106 96133 4 31 1940 220 6 7367 15172 5
527 4 141 14 8639 6589 4 3 650 89 22394 5
19417 628 142 19525 4942 9674 5
49474 1442 35 43826 33 4538 31 220 6 293 19 192 544 5
81 46 1381 4 9 84 4942 9674 5018 538 56018 8 9207 58540 17112 35 187305 33 16 1273 5
273 9 392 650 3905 4 56018 16 3677 3136 1092 2571 266 21 19689 266 5
17 225419 27704 6 3 1625 7 3 4859 31 1109 21 3 2000 14 3 3905 5
187305 2527 138 16277 2000 21 9796 23394 6 13014 3 303777 14 4942 9674 5
209401 8365 31 2173 10 3 267 7 7732 628 13 63120 16786 2484 5300 6 8612 3 773 7 3 1273 5018 5
17 1223 10 16786 200 16 587 47044 8 20515 5
27594 3474 31 4827 6 159 3 12015 2106 432 7 46 200 24 2199 2484 6102 5
85666 4 14541 83 5002 2106 797 1583 71 474 3354 5
57779 4 3 1277 532 14 16786 27663 4 47 5121 3 4047 4 11980 48 1164 5
2382 3 7443 7266 4 1277 18 2638 6325 15 3 7 1570 571 5
880 24991 2106 8272 2869 1406 3 689 1277 2916 25 3 3051 6 3 2484 1593 35 11206 4 2773 33 5
21669 4 1678 4309 27 45 1589 6 532 3 1799 7 2484 1593 5
40013 27300 4866 35 93786 33 6027 4 1273 24 5660 3129 4 16 3 104 1940 220 8 166 1589 5018 7 192 35 6076 4 744 33 5
7525 4 658 4 13926 6 3 4430 561 7 317 8 2484 718 4 23 16 537 6 231 10534 628 6 1415 8 532 3 1799 7 1593 5
17 4102 7 1277 532 4 538 3 21431 23394 4 16 1406 6 7039 532 11264 3 15123 23394 13 3250 3 3905 10777 163 9 988 14808 5
12502 4 3 650 10768 4 1254 6 2384 9 16672 5257 1566 5587 6 3 1896 7 20754 8 10887 10 3 650 4 16 3456 6 2769 12818 773 35 23907 4 4296 4 323 525507 4 1278 33 5
527 4 3 650 10768 16 2051 6 532 90 10887 5
1526 10887 31 4357 21 15172 4 34736 10887 10 13 3250 3 1799 7 6589 35 23907 12283 32330 4 1278 33 5
17 104 974 5018 6 384 15172 16 6 17721 532 2123 14 5944 13422 4 3564 24 11245 66413 5
931 3803 31 226 4942 9674 5
55568 9674 18020 3 15172 1379 10 9 284 8 3 89 7 9674 35 323 384830 4 2773 33 5
79 26119 397 72 9 392 89 10398 16 4357 21 9 12911 6 1088 9 4942 9674 1506 14 294303 5300 109 13 16 4 14 5300 13 7702 72 89 5
17 294303 93786 6027 4 47 2757 55 3 4416 532 2123 35 40004 33 8 798 532 2123 35 297039 33 538 3 7154 1153 8 2029 44398 7 290 89 397 12911 4 16 9 177 974 5018 6 7367 15172 35 1082 4 2552 4 323 79756 4 280 109 1082 323 2552 4 274 33 5
17 6027 35 4065 4 9348 33 8 6027 35 8816 4 13142 33 27 45 3677 6 12262 3 964 893 10 1069 7 89 507 6 6298 3 773 7 4942 9674 10 3 267 7 396 893 8 35 23907 12283 32330 4 1278 109 6076 4 744 33 5
1249 9 26119 397 7 9 3905 16 4357 21 9 12911 4 3 221 7 532 7896 6 26 5487 2238 19 3 3905 12540 10291 5
116870 532 7896 19525 3 1783 773 7 3 4942 9674 284 5
10526 4 133 532 7896 71 34 14076 3 89051 1896 148 3 23394 35 1082 12283 32330 4 280 33 5
8616 4 234675 11245 2376 4309 4 133 21 2106 96133 38076 4 3610 6825 2376 35 48694 33 4 8 7553 248 20085 35 126760 33 35 9048 323 22926 4 1515 33 4 31 1109 5
79 4942 9674 5018 538 352343 18 18778 6 6298 3 1175 6 12262 1896 1022 24 89 35 68645 4 20986 4 323 2850 4 1422 109 1082 4 2552 4 1082 4 323 2552 4 274 33 5
527 4 3 1321 3915 4309 27 4166 10 2957 19 3 521 628 5
79 107083 3905 71 26 4939 21 9 3109 7 1959 13 27 825 5158 5
949 92 3 5300 31 2816 25 8639 6589 4 3 2215 89 9998 5697 4 21 1595 10 98586 249 5
7219 4 812 3272 148 3 5300 4447 677 6 83 266 7 89 5
24106 4 2029 44398 16 272 154 192 20587 109 46 3684 3117 2125 341 5464 5
81 1243 4 1484 12540 71 34 26 2173 4 95 13 3 1268 628 565 6848 10 521 131 628 5
16816 4 4942 9674 4309 236 9 445498 31660 6 293 19 521 131 628 5
73929 1092 9998 98586 249 5
73929 1092 9998 5
17 445498 5018 29 90 26966 109 23 81950 3 4809 5266 8 8511 3 21043 7 3 1494 3905 5
98586 341 35 9 33 8 35 8862 33 842 90 2193 13 2498 3 2816 3905 5
81 98586 341 35 9 33 4 18365 35 14937 33 68806 3 6173 3905 5195 24 9 650 5318 5
20994 6 3 5318 2106 8265 4 23 16 1087 13 924 16960 31 535 304 6 3 1254 5195 18365 35 14937 33 5
81 32 2755 2484 650 284 4 10 9067 19 9 9510 11359 24 3 650 5318 4 3 3905 37662 508 3 5195 7 18365 35 14937 33 2164 19 5
17 2129 7 5300 35 14937 22723 2464 89 4 11348 22723 2464 26119 871 33 98586 341 5
17 2129 7 5300 35 14937 22723 2464 89 4 11348 22723 2464 26119 871 33 5
527 4 96 1106 10 3 11065 3547 71 34 26 424 5
7337 29 3 916 7 33770 73743 26119 22 14644 89 20587 5
10526 4 14555 5464 13 4722 10 15721 2438 4 12283 4 31 59 304 5
79 3905 26119 22 89 9575 4 40527 4 71 26 1867 21 3 60816 916 7 192 2193 40527 3082 18365 35 14937 33 9575 1635 1635 12283 5
8616 4 3 5215 6905 7 4942 9674 16 6 5518 3 964 893 10 11065 3547 4 623 58 13 7 2816 5300 35 1082 12283 32330 4 280 33 5
24106 4 1678 7732 1442 35 43826 33 4309 31 1940 220 6 7367 15172 35 165192 4 2804 33 5
2625 6889 1368 3 3968 7 3 1359 3905 5195 4 18365 35 14937 33 4 2406 192 79120 5
43826 4309 31 48 5394 6 192 191563 58 4759 11245 4309 5
158 2093 26518 6 3 1359 2071 517 148 96 16 1966 8 9 4942 109 46 2697 6 798 713 5
55568 9674 4538 13 2780 43826 27964 31 220 10 386 5
147388 4 19959 4 8 28306 35 280 33 231 29289 3394 5979 6 7367 15172 7 25828 4081 5
81 1243 4 3 2673 7 187305 4 41748 1427 187305 16 220 10 4942 6708 35 4 4 323 4 274 33 5
341421 35 911 33 2527 9 4624 31660 10 4942 9674 14 5844 4 538 49894 8 187305 5
81 46 601 4 9 2419 21946 5018 538 56018 16 1273 13 12424 1373 3905 10777 8 44718 30199 5266 5
56018 16 3684 220 14 1973 5447 8 3905 5447 35 6793 323 32061 4 280 109 123248 4 2391 109 40521 323 4874 4 744 33 5
4752 1082 8 2552 35 274 33 4 2000 16277 25 56018 27 544 10 2430 5
81 1243 4 4 47 6848 10 290 1092 4 57916 5050 4942 9674 35 1082 12283 32330 4 280 33 5
23022 31 3868 24 3 2029 44398 6 3764 3 565 10 2430 8 1221 538 48015 248 20085 35 117049 33 5
145 61699 2000 6 4498 9 48 3206 665 5
435 3 2419 21946 5018 16 2209 4 3 4942 9674 31660 16 2921 538 3 270 60401 2953 303777 543 15 3 2000 16277 24 3 1273 5018 35 1082 323 2552 4 274 33 5
79 4482 960 16 392 6 12262 50 773 677 6 4759 4309 5
17 4859 16 9935 7 534649 4939 15 9 75644 9962 5
81 46 1381 4 97 3 395088 4859 16 1109 5
79 4859 2567 35 17563 33 4 4939 15 1356 9 4 8862 1362 4 9013 91 6 4 3 197 7 521 1051 5
2567 35 17563 33 9286 7 521 5794 11065 7410 49380 35 17563 33 35 4114 3082 6494 4 4 11856 115998 341 33 4939 15 9 1356 122019 4 1362 5
214 16 4 35 249 33 133 13 9 3082 243785 11102 11102 11102 11102 3082 8862 8 35 341 33 17 392 11856 266 4 13 6797 3 9962 7 4859 4 122019 31 226 23532 35 35 42252 33 4 280 33 5
7410 71 26 6401 24 143 43 31 4939 4 76 7879 4 1375 4 42146 8 95 15 5
17 4859 71 26 1867 21 9 84 916 4 9 11975 7 3 1625 538 27728 1625 2840 4538 5
79 4859 104639 35 14937 33 4 3 2395 8586 4859 4 4939 15 3 9421 61638 60401 904 4 29 9 4859 871 15 14 9 392 9421 61638 60401 14937 5
473 46 27728 2840 5533 4 120 4859 18365 35 14937 33 16 3380 21 9 27728 3109 7 9 8586 4859 4 21 1595 10 35 459 33 5
35 459 33 208 329 9421 61638 60401 14937 71 26 6740 137 3 1625 4859 4 153 3 27728 2840 5018 71 26 2093 3322 5
458 13 4 3 19393 35 15441 3082 249 4 4 2990 33 4 114 2990 68806 3 221 7 1625 7410 4 47 3157 3 4859 4 31 1221 5
4752 3 2125 7 4 1625 7410 31 4209 8 251459 14 19393 31 43420 19 27728 4538 4 133 21 3 248 2842 5018 5
435 7019 138 1959 4 3 4859 2567 35 17563 33 16 3564 35 168821 4 4 8 12051 4 1278 33 5
1655 107 15 4 14937 16 4357 21 9 12911 13 68806 3 12540 89 7 9 3905 109 97 3 7879 16 1109 5
90977 1625 2840 86265 7410 14 67 41386 7879 7410 71 26 1867 21 35 503 33 4 114 19689 266 31 8 53 35 503 33 114 16 9 4859 13 9013 6 14937 65 14937 16 1370 58 6494 109 6494 2631 5
145 6300 14359 13 1625 7410 178575 8 159078 31 964 97 65 14937 16 1370 58 8 4 3995 5
931 10777 5697 25 4 4 181462 5
1249 1625 7410 4 4 181462 31 4939 15 3 1519 9962 642 4 3 19393 4 4 4 27704 6 4 4 181462 4 31 4357 21 2000 13 3250 3 1519 4695 7 9 3905 5
81 2906 4 8 27704 6 178575 8 159078 4 47 27 7034 317 97 15 3601 642 4 71 26 1109 21 2000 7 14644 3248 5
81 1243 4 3 7879 4859 16 161861 4 8 71 26 11737 21 22015 7 13422 148 3 5
473 192 10777 7 1625 4 2419 21946 14 107083 5300 150 1092 2071 317 16 488 6 26 2828 11076 5
473216 5300 40527 35 9575 3082 249 4 4 3116 33 31 3 197 7 26119 3905 22 9 397 7 89 224603 999 1994 1092 2571 266 21 23532 4 46 27728 1625 2840 28792 9 463238 9796 871 6 9 100096 60401 5
273 9 26119 107083 3905 197 4 3 628 2981 16 1927 1406 24 27728 1625 2840 5
35 500 33 17 40056 916 14 9 3905 71 26 3380 21 35 708 33 35 700 33 273 9 392 3905 4 40056 6219 71 26 7154 19 27728 1625 2840 5
17 225419 27704 6 290 1625 4 4 144 26 1221 24 3 248 20085 5533 5
262707 248 26327 152482 17 1506 16 2209 19 4974 6 446326 35 700 33 5
527 4 232 6 1082 12283 3462 5
35 280 33 4 65 3 1215 340 34 817 4 251459 14 3455 24 3708 248 20085 35 373714 33 34238 72 89 5
214 16 4 121 3 373714 12726 13 3 3768 1043 3177 1216 8639 3201 4 14 3 267 4 9 48 48015 37582 4644 16 666 5
17 262707 46478 88104 152482 35 117049 33 16 9 2104 6 4855 46 565 35 76136 4 1515 109 89927 4 274 33 5
81 373714 4 3 152482 7 4 16 3380 21 35 704 33 527 4 3 117049 152482 16 1867 21 35 782 33 4 114 125437 35 33 3082 5
35 782 33 2680 117049 29 48 9063 58 373714 4 3 40056 14 16 4000 10 104 745 5
8616 4 37582 14 144 26 2828 6 4498 3 117049 152482 5
6297 15 3 6905 4859 4 32838 3 7662 49 29404 3 5806 7 26327 3768 4 4309 6 2882 189 8 31 523 35 89927 4 274 33 5
4 3455 24 117049 4 2742 3 2000 7 9 107083 3905 5
473 46 650 4 2419 21946 1380 107083 5300 4 7 47 9998 31 523 4 76 3 216 61638 904 5
19850 11245 4309 71 26 2093 3677 4 121 3 9796 23394 31 3601 6 3 216 1646 5
1249 4 4 31 2000 13 3250 3 10777 7 9 14644 4 23 16 537 6 7381 114 15172 4722 5
238 4216 10 1082 8 2552 35 274 33 4 658 4 225419 31 34 10 3 216 2430 5
949 377 3 2000 3250 3 15565 7 290 166 4 121 3 34602 7 290 2419 16 5824 523 4 2430 3272 899 798 773 5
12502 4 192 2000 236 6 26 18139 24 13500 3 2430 24 50 34602 5
81 46 601 4 9 63919 5018 4 13500 24 50 2029 48517 4 16 1252 5
20994 6 767 601 35 1082 12283 32330 4 280 33 4 3 1153 26327 3768 7 3 3905 16 93 902 666 21 9 2419 7 3 3905 4 121 3 117049 152482 71 3250 50 48517 5
16816 4 9 500 3168 3905 29 583 2000 5
17 9207 58540 17112 35 187305 33 16 3 104 974 19372 5018 5
66 16 1940 220 10 1678 3547 7 19372 4 133 21 6050 3905 35 4 4 8 4 280 109 30412 8 6793 4 1095 33 4 1973 35 101903 4 120318 4 8 4 2391 109 47153 4 359 33 4 8 229 628 35 74659 8 43645 4 280 109 7744 4 9413 4 8 9413 4 280 109 18150 4 7277 4 8 86391 4 274 33 5
187305 51835 628 76 67 3597 4 11061 32838 31479 3053 4 3 8668 3457 25 3 303777 5
1249 187305 9317 6 12391 2854 4 290 230326 383 26 10921 21 9 1427 103 23 16 6401 35 4 3401 109 4 2804 33 5
17 928 628 197 14 187305 71 26 3380 21 35 183 33 109 23 9286 7 1427 4336 8 9796 23394 5
35 183 33 12266 628 197 2482 16 9935 7 9424 3893 4 9906 7 94604 35 4114 3082 249 4 341 4 4 9424 33 8 205326 35 4114 3082 249 4 341 4 4 9424 33 5
94604 16 9 9421 61638 60401 226 9796 23394 8 205326 16 9 1427 4336 13 42540 6 94604 5
242841 2854 71 26 3677 463 6 3 1427 4336 205326 5
17 187305 303777 71 26 1867 21 9 916 7 19966 17563 14937 115998 8862 3082 6494 5
228012 3053 4 3380 10 98586 459 35 9 33 4 144 26 85544 14 5050 4942 9674 5
4109 637 7 156324 4 3 6905 4859 13 77180 71 26 66421 6 12042 5
41085 7 187305 35 9207 58540 17112 33 98586 459 5
41085 7 187305 35 9207 58540 17112 33 5
20994 6 3 1687 267 3380 10 98586 459 35 9 33 4 120 13 16 488 6 1687 67 3597 340 34 4447 14 90 628 4 21 1595 10 98586 459 35 8862 33 109 46 16 18549 32 36909 267 5
67647 12911 35 4114 3082 249 4 341 4 4 9424 33 4 47 2464 3 2463 7 165644 4 16 3322 14 70 3 928 628 197 6 293 19 3 36909 267 5
17 81040 7 1936 470 3298 8 3 60816 7 70 31 304 6 3 6905 4859 13 53300 3 43655 7 3 26327 3053 5
473 46 4 3 27708 565 35 407 33 4 47 3831 3 303777 4 71 26 27394 53 35 407 33 19 50 9460 447 21 35 403 33 4 35 403 33 21669 4 3 187305 303777 16 3455 21 9 916 7 35 698 33 4 114 35 14937 33 16 9 4859 13 2696 65 14937 16 1370 58 6494 109 2631 5
35 698 33 17 187305 303777 16 27728 5
527 4 23 71 26 6740 76 108140 538 3 54861 6958 5
17 187305 303777 71 26 9887 10 3184 523 12483 109 97 3 1432 7 3 54861 4859 144 26 6383 5
273 120 1432 17682 54861 9273 35 14937 4 11348 33 4 3 9460 565 8 50 303777 71 26 27394 21 35 685 33 8 35 409 33 53 35 685 33 35 409 33 980 5050 8 19372 71 26 2828 538 192 1678 54861 7410 8 13999 50 3157 19393 5
81 46 1381 4 508 767 601 7 1082 12283 3462 5
35 280 33 4 2000 16277 25 56018 343 3 9796 12911 14 187305 4942 9674 5
208 628 424 21 15172 49 19772 31 392 4 3 928 197 71 26 3192 109 3 187305 303777 16 9168 5
256806 7 16786 141524 628 31 220 4 623 58 3 521 141524 628 463 6 3 313 534 7 3 16786 5002 4 6 8612 3 773 7 3 1273 5018 5
1796 5066 7 5300 31 1109 109 67 12544 19393 4 57 16 825 6 3 96734 5
7337 6652 17 108 3351 7 5300 13 12544 3 2755 3905 10 3 27663 650 31 4209 5
1532 4 3905 267 38 4 1595 10 98586 503 35 9 33 4 16 825 6 3 33583 49 4249 96734 5
17 2755 1506 14 3905 267 38 16 628 25 3 231170 15721 5
1526 5300 10779 105 9 1092 4859 4 121 23 71 7702 1080 72 89 4 4446 4879 5
66 16790 25 575 6 1410 5
3668 4 3905 267 2453 63120 9 4879 3905 5
66 16790 11995 109 46 2125 7 3905 13863 3 89705 4879 10 3 445366 650 5
17 3905 1141 50 871 25 577 6 1719 5
17 267 6054 3905 29 13980 19 3 13422 7 4879 10 3 44040 650 5
17 3905 893 50 871 25 2536 6 13381 5
66 22394 25 3 267 2453 3905 4 377 43 189 5907 4879 5
81 3 650 13 3 267 2453 3905 2816 4 3 4879 16 3 6325 12911 7 3 650 5
81 3 267 7 3905 6054 4 3 4879 16 3 1216 12911 109 13 16 4 23 16 3 9796 9510 7 3 650 5
18365 35 14937 33 7 4209 3905 98586 88566 18365 35 14937 33 7 4209 3905 5
273 70 1959 4 3 3905 36 1667 3 4939 7410 5
766 192 5066 7 4939 7410 27 3 216 2215 4385 6 1317 8 31 9935 7 218 1959 4 44 290 1092 4385 16 523 5
17 2215 9998 7 3 4209 3905 71 7702 496 202 5
546 16960 4 47 1667 1966 23033 19 1153 6494 8 2029 44398 459 4 31 304 6 3 1519 4736 7 3 650 3905 5
20498 249 15103 108 3351 7 15172 5
79 2125 79 4942 16 4939 21 40986 7 1153 2435 10 3 740 1092 5
208 9 3905 16 6401 21 9 2125 2636 4942 4 13 3905 29 272 48517 924 5266 10 1092 503 5
17 3318 7 1153 2435 8 3 7060 7 16960 7702 14 3905 3351 5
5583 4 9 3905 16 4357 21 9 2125 3298 4942 65 3 3905 2179 218 266 268 58 3 1966 3905 5
20498 249 5
141302 7 4942 5
55568 2125 62856 15791 79 29139 2435 10 9 1092 15791 2636 1692 13422 10 9 1092 15791 3298 2897 2800 35 353 500 266 268 33 10548 5
33962 1746 17 2757 7 14027 4209 5300 31 3192 6 8612 3 773 7 1321 3915 4309 8 3 1273 5018 5
1796 2757 31 4209 14 290 3905 2125 5
8604 7 74 197 1038 3 1966 3905 8 3 19407 1038 4942 5300 13 1667 2125 79 15172 5
11649 6 197 249 4 2757 341 8 459 539 2125 2636 8 3298 15172 10 40 169 347 4 3995 5
3194 197 9286 7 577 5300 5
13385 1665 31 2173 538 4209 3905 2757 5
500 31080 2858 25017 1665 31 3677 5
5492 4309 31 1109 6 6786 3 773 7 4942 9674 27964 4 7 47 3 294303 6027 16 57 5
81 614 4 459 227366 532 2980 31 197 55 5
527 4 10 46 601 4 3 9903 2123 14 3 11650 397 8 9 1773 532 2123 31 1109 14 3 8347 7 15510 72076 148 2125 249 8 2125 341 5464 5
17 459 227366 532 2123 19 67 9903 266 8 503 227366 532 2123 19 57 9903 397 93786 7896 31 1109 21 4942 9674 4309 5
2106 96133 5018 8 187305 31 220 6 10775 2000 24 3 7879 5018 5
17 532 13300 14 2106 96133 4 47 15103 3 532 2123 7 3 6027 4 16 197 21 27529 4 10355 8 56159 6 13655 50 1175 6 7367 15172 5
81 3 267 7 3 270 60401 2953 4 3 201026 54861 8 43655 41748 210979 54861 31 1109 21 3 532 176 7 46 601 5
33962 665 81 65588 1298 4 68806 3 13300 13 2125 249 3768 8887 109 46 11084 9 1966 3905 21 9 4942 5
68806 3 13300 7 53611 9 2125 341 3768 109 46 4390 9 4942 21 9 1966 3905 5
238 3915 996 4 4942 9674 16 2409 14 16786 4047 5
355 15172 31 52692 24 3 650 5318 4 2484 2438 2509 40 27411 24 42886 11650 42579 5
21669 4 3 4942 9674 31660 144 26 3538 6 7367 396 650 893 5
214 16 4 141 377 16 2086 272 4 798 16 48 12818 10 16786 2484 5
273 46 1033 4 3 19393 7 3 1273 5018 31 3467 6 14834 5
20498 341 5
55568 9674 14 3905 267 38 5
15791 79 15791 2636 15791 3298 53283 202 10 1092 503 35956 400 48517 10 1092 503 500 3905 3321 93786 6027 227366 3082 459 4 9903 3082 341 155897 517169 155897 200372 155897 93786 6027 227366 3082 503 4 9903 3082 249 176163 176163 176163 494990 96133 6027 13300 3082 27529 217990 217990 217990 209449 96133 6027 13300 3082 10355 356479 356479 356479 169984 96133 6027 13300 3082 56159 487023 138861 187305 19 201026 70865 1625 212835 415295 217240 176163 432050 187305 19 43655 41748 210979 94340 415295 217240 176163 494990 20498 459 5
55568 9674 14 3905 267 2453 5
15791 79 15791 2636 15791 3298 53283 202 10 1092 503 39258 400 48517 10 1092 503 500 3905 3321 93786 6027 227366 3082 459 4 9903 3082 341 326958 408478 326958 396666 93786 6027 227366 3082 503 4 9903 3082 249 326958 408478 156763 326958 96133 6027 13300 3082 27529 159194 326958 212835 200372 225269 175436 96133 6027 13300 3082 10355 156001 242786 280510 96133 6027 13300 3082 56159 494990 100615 210913 473145 187305 19 201026 70865 1625 178231 212227 515982 283695 187305 19 43655 41748 210979 175436 257157 515245 20498 503 5
55568 9674 14 3905 267 6054 5
15791 79 15791 2636 15791 3298 53283 202 10 1092 503 35956 400 48517 10 1092 503 500 3905 3321 93786 6027 227366 3082 459 4 9903 3082 341 494990 93786 6027 227366 3082 503 4 9903 3082 249 432050 96133 6027 13300 3082 27529 192580 155897 155897 96133 6027 13300 3082 10355 486959 223551 223551 211371 96133 6027 13300 3082 56159 398091 444438 444438 155897 187305 19 201026 70865 1625 94340 404615 187305 19 43655 41748 210979 384183 485170 280510 408478 81 3 267 7 3905 38 4 4446 745 2453 8 6054 5300 4 3 3157 7 3 3905 13 3177 3 1092 4859 29 4166 10 3364 3 3109 916 7 3 7879 4859 5
1504 46 4 3 1273 5018 93475 3 172 4309 10 19841 15172 4 79022 5
3 1273 4309 5603 3 12818 871 677 6 70 83 4309 5
81 3 267 7 4942 2125 3298 4 114 3 3905 2179 218 266 268 58 1966 4 3 1273 4309 7474 19 4974 6 189 3351 7 3768 4 8 5
17 2000 16277 538 7879 56018 31 230 6 166 3250 3 2215 4385 7 5300 109 3 4942 9674 5018 538 138 2000 4 2106 96133 5018 8 187305 3030 4 333 58 112 3 461 5
64656 3 267 2453 3905 4 47 16 9935 7 58771 11963 4 141 377 4759 93786 6027 732 6 7367 3 4942 4 2419 543 4309 128 2086 798 5
273 19841 4942 2125 3298 4 1273 5018 93475 70 83 4309 5
14510 21431 93786 6027 16 34 6943 6 19841 4942 5
527 4 1273 5018 8 2106 96133 5018 31 48 3538 58 93786 6027 4 95 13 43 7367 15172 166 4 377 4209 2915 5590 5631 5
5583 4 10 3 267 7 3905 6054 4 105 83 3905 745 4 3 1273 5018 12134 1695 15 3 197 9935 7 4942 2125 3298 5300 5
17 665 7 46 3905 2125 16 1734 58 13 14 267 2453 463 6 3 798 2338 7 3 7879 58 14 3 267 6054 3905 5
527 4 3 1273 5018 16 48 3538 6 4942 9674 677 6 83 4309 5
520 20400 7 3 1273 5018 31 6453 25 192 964 522 5
238 3915 996 4 3 4942 9674 773 10881 6 3 5188 7 3 4859 5
17 7879 4859 4784 3 3157 7 3 3905 14 267 2453 4 3 4942 9674 773 14 3 267 2453 3905 16 2086 568 5
81 1243 4 14 70 3351 7 5300 4 3 1273 5018 8 2106 96133 5018 4 538 16277 2000 4 162 166 10 19841 2125 3298 15172 5
154757 6 192 522 4 3 16277 2419 2151 7879 4859 166 4784 3 3905 2800 5
527 4 3 16277 2419 543 4309 31 34 206 22 19841 15172 19 272 48517 5
878 4 3 34113 1322 148 9512 8 53562 16 6453 5
2330 3 1519 665 4 2419 543 4309 4 2106 96133 8 187305 4 10779 10 3 3634 2586 5
355 25 3 187305 5018 16 799 4 25 3 2106 96133 16 2086 272 5
54522 138 67 4309 22 3 216 89 10 9 30834 152 86 26 3 629 6 14426 4942 9674 5
81 46 1381 4 7879 56018 8 270 60401 2953 31 220 14 2419 21946 8 4942 9674 14 16786 2484 6589 4 121 3 293 19 521 131 628 544 4 133 21 1268 628 8 73929 12540 20587 8 2215 9998 5
79 392 3905 4 9935 7 307 1959 4 16 69062 15 9 7879 4859 4 11061 3 1092 2571 266 31 4357 21 23532 7 3 4859 5
23022 31 16277 25 3 7879 56018 4859 21 9 916 7 225419 27704 6 3 1625 5
6832 192 16277 2000 4 3 187305 303777 16 9168 6 7367 15172 25 1966 5300 5
17 1273 5018 93475 415 4309 4 742 87 16 454 787 14 4091 5
17 1375 144 26 1109 21 2155 14 3 7879 4859 4 121 3 5188 7 3 56018 4859 6654 4942 9674 109 23 16 488 6 8744 50 3157 48 7521 6 3 1494 3905 5
81 1243 4 138 16277 2000 31 2051 6 3250 3 1896 7 48517 4 90 4015 7 3 56018 665 4 133 21 3 5210 26327 19407 144 26 1109 21 9 2419 5
55568 19372 383 26 1109 14 48 5238 231 10 16786 2484 5
55568 9674 16 9482 14 3 650 5318 5
79 392 3905 16 4357 21 9 4942 109 3 5318 16 2051 6 4002 3 4942 4 106 340 34 259 114 1351 7 3 4942 5
12502 4 3 650 532 284 144 30174 3 5066 7 15172 8 19285 96 3117 3 4942 5
23022 16277 538 3 1273 4309 71 26 220 6 30174 8 19285 3 15172 5
41748 1427 187305 1273 24 12283 3462 5
35 274 33 16 9 3311 5018 14 19372 8 6708 5