3282 11861 1261 16 9 964 899 7 10451 1547 6086 15 29366 5
78217 1022 24 1261 14 2262 465 71 21583 35284 1512 2106 53633 8 773 5
145 3174 6274 32 7732 1442 543 284 47 86 7367 261 13882 7 10451 10 2220 538 921 489 34602 35 264780 33 21 3 746 29991 1415 5
17 9674 773 7 32542 992 18 2870 538 9 197 7 80860 35 64110 33 628 2236 163 6232 912 5
17 32542 992 594 32 8958 7 1818 202 5
145 264780 543 10451 9674 5533 71 26 220 21 9 10451 94613 5
81 308 85 10451 29 45 1109 21 57 7 3 346 899 7 892 6086 8 29 343 9 2419 15 3 2792 7 892 927 5
1203 68 219 7 10451 21 9 565 7 1641 9620 125 1261 658 2062 4459 13 10451 3117 544 14 1261 773 166 103 3 1512 958 3809 9620 5
529 10 3578 4939 10451 21 9 112900 6 595 4149 3 2485 4 8 13 23 4589 32 9038 7 746 3961 65 162 1009 54 3 696 39 343 2303 7 40 39567 164 5
529 59 10236 2215 10451 25 2699 10451 35 529 4 3578 33 5
17609 1547 10451 16 4939 21 9 164 7 1842 2699 53633 4 47 68349 773 7 9 1079 7 11797 8 354286 8090 150 1261 35 11842 4 4 323 4 3495 33 5
17609 10451 5473 15 2193 105 89 7 3 168 8 3002 820 5
4 130609 8 40796 10 2773 170 13 773 15 3 1261 2485 18 6826 22 29277 18398 8 23061 216890 19795 820 59 14792 6 1512 10451 8 24658 1842 773 5
40939 8 2302 10 2773 4729 1512 10451 3512 10 1628 8 170 13 4271 202 7 2220 37 39 9 291170 1103 217 9482 3002 15 3 263 103 3 1103 1106 5
78217 10 2220 16 9 6737 2916 14 5761 1366 9511 5
79 1339 617 10 3021 24 17 379 7028 10473 4180 2153 35 20488 33 10 3495 2082 13 87 31 30904 3002 1547 892 9511 4672 10 3021 4 3979 10 5299 1397 8 83418 10935 5
81 3 64 359 10 3021 10451 18 13465 10 22 248 630 202 7 4613 6086 8 1819 14 52 700 202 7 70 6086 35 9356 148994 4 274 33 5
81 2232 437 55 6 302 202 7 812 892 6086 16 1022 463 6 10451 35 17 1309 2599 7 3 6758 7 31551 4 1278 33 5
79 542 10 84 326197 10 2773 170 13 1512 10451 18 9 1479 2916 10 700 202 7 3 6086 35 17 1309 2599 7 3 6758 7 31551 4 1278 33 5
238 147 3 1339 617 24 1736 8 10473 3031 35 1062 33 10 3 64 1422 4 302 202 7 1366 9511 39 10451 21 9 6737 2916 35 1684 5734 4180 3983 4 1422 33 5
23209 29991 19393 133 21 193497 35 70983 33 35 46872 323 3771 4 1278 4 33 8 35 86948 33 35 323 41187 4 3578 33 4 854 3726 71 26 220 6 1415 3 653 7 10451 5
527 4 177 312 601 29 45 2173 10 3 352 7 7623 264780 21 9 1415 7 1512 10451 8 104 7 46 352 840 47580 5
17 3238 7 1572 1512 46927 14 10451 29 45 2994 767 35 46872 4 3771 4 4 140620 4 323 20492 4 1095 33 5
17 3238 7 22565 264780 21 9 29991 96734 6 5548 10451 14 5060 7 1572 10451 94613 284 16 12956 10 46 1381 5
7189 489 34602 1708 9 15238 770 6 25767 59191 91011 35 50863 4 3824 33 5
66 16 4939 21 3 1415 7 13422 10 921 11820 8 16 7154 24 15826 3 89 507 7 1041 6 1041 20587 35 11771 4 3 20587 33 35 1642 7 388932 4 359 33 5
264780 29 45 1321 220 6 5518 2699 19029 35 15301 323 4 2773 33 4 2847 35 12283 32330 4 911 109 323 4693 4 1515 33 4 8 1512 10451 35 4 6186 33 5
81 7488 6 1512 10451 4 264780 71 581 4116 628 7 65 10451 2742 32 492 154 1261 5
622 474 10 264780 16 32 5039 7 4472 10 2699 19029 4 47 71 4722 10 19154 2220 72 7982 52322 1261 35 23023 323 293087 4 3401 33 5
75 798 19029 142 59 26 1547 6 798 24818 4 47 71 15498 969 1512 773 5
264780 71 26 12354 538 159343 1170 49 10291 9962 1170 5
2897 9962 1170 31 1029 8 3 22340 6 3030 8 71 26 8871 19 13571 7 3 2029 44398 7 35 66619 1041 33 20587 35 402 7189 2480 4 3495 33 5
39272 9962 2376 16 543 15 17315 48369 35 11771 4 14015 166754 446596 33 7 3 5300 25 89 9962 6 10291 9962 35 1867 10 12104 147 1041 19 11264 456702 8 26831 33 5
4465 54766 15183 35 68386 33 2376 1708 3 2370 317 7 143 326 35 11771 4 48517 33 18366 21 9 4859 7 10291 35 181 7189 1063 4 3495 33 5
64362 14 17444 68386 71 26 6401 21 8 182439 5
35 47 16 3615 2173 538 122928 33 29 3 1653 7 272 5447 1952 8 17635 7 31660 8417 182439 35 47 16 3615 2173 538 1506 33 29 3 1653 7 30813 54766 5937 13 71 26 10236 1216 7 138891 10291 6577 35 181 7189 1063 4 3495 33 5
2431 689 5937 47 31 10978 25 921 489 326 6805 31 962 10 20498 249 35 181 1885 7 7189 1063 4 2391 33 5
17 799 10291 35 60177 33 6825 35 106554 33 7 3 264780 326 6805 16 7900 24 189 3 217468 8 10277 1534 8417 3 272 10291 35 92846 33 6825 35 106554 33 16 7900 24 3 217468 1534 35 4 261482 4 323 4 2391 33 5
17 29991 60091 7 26725 799 10291 35 33 8 177 799 10291 35 327385 33 31 149 4000 8 738 454 601 35 12283 32330 4 359 33 5
17 1379 542 36 3617 60177 8 92846 5937 7 264780 8 10451 1896 5
17 5514 16 1109 6 26 9 1415 7 1760 35 181 1885 7 7189 1063 4 2391 33 5
17 1653 7 3 10291 9962 2376 16 50 1175 6 1012 264780 89 507 628 76 523 6805 120429 5
4 327385 4 60177 8 92846 8 9834 1691 317 3136 290 6805 13507 5
3735 1547 6 10451 71 26 3455 24 15826 60177 8 92846 6577 8 64145 5514 5
16816 3 3316 7 3 1379 542 16 6 5548 264780 21 32 9008 7 1512 10451 5
20498 249 5
4465 6805 5937 35 181 1885 7 7189 1063 4 2391 33 5
39272 17245 30697 799 10291 106554 9559 799 10291 106554 12615 10291 106554 1692 10291 106554
15748 8 542 10319 7337 3883 1321 35 46872 323 3771 4 33 18 220 10 46 542 5
527 4 3 921 489 628 25 46 542 35 46872 323 3771 4 33 8 264780 2376 15 3 628 29 34 45 217 1321 5
7337 7 15832 3587 42 10637 5
58728 42 7791 25 9 528 62331 4689 8 3 325 668 8 42 14027 6234 6 3 542 5
766 3 3587 42 2901 2220 8 39 9 7716 2220 4245 65 3 960 18 2173 5
158 39 9 1153 731 7 3573 196049 407 85 5
15748 3467 39 93 784 198381 133 21 2091 74805 1222 4 22294 4 801 1776 4 8 6249 49 5663 544 47 86 2123 5986 76 3 542 35 46872 323 3771 4 33 5
15748 2828 18139 27364 5761 1512 30730 2485 10 9 105785 6232 5
15748 42 5973 25 10446 7 120 48962 4810 105 3486 8 4261 503 18398 103 3 542 8 2473 14 889 18398 103 3 542 5
1949 3 3587 42 4469 6 3002 341 18398 287 58 40 1562 3002 566 3 263 103 3 542 47 51 474 3 2392 7 3 3587 155224 154 40 773 7 3 11065 8 52322 1261 2485 5
114717 7 3330 6 1415 3 921 489 17 3330 10 3 80860 35 64110 33 628 16 16277 538 3 5533 14644 24 33739 35 33739 4 4164 33 5
17 12634 21946 31660 25 64110 628 18 1589 538 370952 35 1185 16482 4 534539 4 3021 33 5
81 678 6 7367 3 3330 3 63326 4719 64110 628 18 7213 10 370952 5
145 4719 628 18 1198 137 9 1975 1042 13720 5
17 13720 6227 10 46 31660 18 9 437124 13720 5
145 1975 1042 13720 18 1254 6 201502 70 3 26831 1298 341 106554 8 1281 716 106554 5
999 682 95 104 7 3 5266 2236 463 6 5693 5690 4 575 157827 4 12388 42188 8 432765 7924 16 80548 5
17 23642 628 16 153 1198 137 9 44710 4859 47 16 9 103860 1315 5
5602 46 1315 70 3 628 266 2742 1432 8 23 454 72466 3 568 26831 10 3 3905 47 31 2638 463 6 3 431427 1812 35 33739 4 4164 33 5
17 12768 42 7947 25 3 26327 921 489 89 507 538 9 8515 871 133 13 70 3 628 266 996 3 8515 871 42 1842 6 3 8515 871 8 70 3 628 266 1298 3 8515 871 42 1842 6 4568 5
659 454 128 5733 7 120 40394 47 250 27 20542 10 154 64110 4229 4 3 31660 18 454 6804 133 13 480 9 628 397 1370 58 3 8515 871 35 47 16 9 3330 7 431427 33 16 7947 153 70 3 628 266 14 161 6180 51978 16 1842 6 4568 35 33739 4 4164 33 5
17 1884 148 3 3330 5036 16 7154 8 3868 24 3 12540 489 6 128 3 921 489 5
98586 249 240 3 283578 14 25418 3 921 489 8 98586 341 842 3 16277 628 12768 47 56953 3 12768 7 3 26327 3905 5
31022 6027 6 10775 921 489 98586 249 5
31022 6027 6 10775 921 489 5
213271 628 12768 60516 19 26327 3905 98586 341 5
213271 628 12768 60516 19 26327 3905 5
189317 7 326 54766 15183 35 68386 33 17 326 54766 15183 31660 6 12262 264780 18 1589 538 370952 35 1185 16482 4 534539 4 3021 33 5
14015 166754 67565 35 122928 33 3054 132414 9 3905 76 50 6825 26831 8 40 456702 5
122928 18 3677 6 16277 2760 489 89 507 628 76 3 10291 9962 5
659 1128 431860 18 3677 6 3 122928 628 538 9 118138 2801 35 41711 4 42877 4 323 168356 4 4164 33 5
194896 5
459 8 503 240 3 3154 6027 14 7470 3 68386 8 3 68386 7 57 7 3 1441 14 189 4325 8 10451 684 4 3995 5
31022 6027 6 13012 3 326 54766 15183 35 68386 33 98586 459 5
31022 6027 6 13012 3 326 54766 15183 35 68386 33 5
59268 7 326 54766 15183 35 68386 33 10 57 7 3 5269 14 4325 164 98586 503 5
59268 7 326 54766 15183 35 68386 33 10 57 7 3 5269 14 4325 164 8 10451 684 16 1595 10 35 9 33 8 35 8862 33 4 3995 5
11346 3 474 10 217468 1534 35 33 10 3 10451 164 5
133951 992 2376 133951 992 64152 31 6252 24 2520 7 129 209 9026 8 8460 2469 5
79 32542 992 71 26 4939 21 32 71861 7 23791 133 13 61279 55906 31 3797 4 137 17509 4 6 70 83 23791 150 792 19 189 418058 8 2800 5595 805 35 20492 4 502 33 5
81 7732 23791 4 9 2370 46333 5606 16 477 226 9 38105 49 1513 5
17 38105 7121 9796 25 90 83 30864 49 25 32 6404 1351 5
273 290 9796 35 4114 3082 249 4 341 4 459 4 4 9424 33 29 32 2442 2059 4 47 71 26 5607 95 21 6 1506 126095 2854 5
17 38105 110458 3 4859 7 3 16036 5806 7 50 29132 53 35 249 33 114 14937 3082 9796 6 3 32542 992 4 19966 3082 17509 22 290 9708 38105 4 8033 3082 30110 6 3 38105 4 4114 3082 249 6 9424 3082 221 7 30864 5
17 3354 7 3 38105 4 10 786 4 71 1485 21 32 9796 6 83 30864 5
17 16036 5806 16 226 3 30110 6 3 38105 8 16 103415 24 8033 5
5583 4 18365 35 17563 33 16 226 3 30110 4859 7 3 38105 5
79 3856 7 290 38105 10 9 32542 992 16 392 10 98586 500 5
87240 10 32542 992 98586 500 5
87240 10 32542 992 5
79 2370 6684 7 32542 992 71 26 1254 24 13896 6358 4 30110 4859 8 2854 1396 5
133951 992 6358 71 26 3868 76 67 2370 6294 47 31 511151 2642 8 9464 2642 5
1563 32542 992 18 1254 538 9 511151 992 10 47 5300 4 1030 57 152 97 4 25 29132 30864 6 3354 30864 5
187 16 93 9464 4 13 16 4 3 3354 7 120 9419 340 34 2498 3 3354 7 3 216 9419 35 20492 4 502 33 5
12266 3 32542 992 16 184 533 38020 47 144 26 1109 125 12430 3 32542 992 5
134 220 12391 2854 7927 14 928 3 32542 992 21 3 13228 3354 226 2329 31 1252 24 3 6270 5
66 4589 3629 3534 6 928 628 8 140746 13652 7 3 17509 13 31 197 6 6951 2770 4 285 3 1506 19601 6 3030 3 2485 3577 35 4 359 33 5
19850 2854 954 105 13672 2854 1396 4 8 2854 1396 71 26 220 6 1649 3 32542 992 35 20492 4 502 33 5
931 2854 954 3130 6 337 3 871 7 17509 9708 3 23791 47 16 10 5084 6 143 3092 57 61279 53908 3 83 35 4 359 33 5
23620 30110 7410 105 8515 8783 1513 35 33 4 67929 4859 35 60177 33 4 16419 67929 4859 35 197213 33 4 8 55853 105487 4859 35 506131 33 71 26 220 125 12430 9 32542 992 5
121867 7410 59 424 21 8515 23791 31 220 10 32542 992 47 28792 3 3354 25 3 61279 6 1657 9 249 49 6494 35 98586 459 33 5
145 3354 16 677 19 3 1341 3354 8 92 3 19372 665 16 1171 4 58 3 2854 31660 35412 3 17509 6 4434 3 9796 628 9109 6 57 7 3 67 3597 13 16 4 9 249 49 6494 35 4 359 33 5
17 996 3109 71 26 220 14 12430 9 837 9419 32542 992 49 2489 9419 32542 2642 5
134 1254 9 837 9419 32542 992 538 3 3109 7 16419 67929 4859 21 32 30110 4859 8 13672 2854 1396 35 33 21 3 2854 1396 5
98586 708 842 3 23791 4 3 115168 7 23791 19 523 17509 8 3 16419 67929 4859 5
17 14392 14 3 16419 67929 4859 16 217 1298 5
35 341 33 114 7168 3082 30110 4859 4 8033 3082 16036 5806 7 29132 4 16054 3082 46279 4859 5
133951 992 1746 98586 708 5
133951 992 1746 5
370952 35 1185 16482 4 534539 4 3021 33 1566 18 220 6 1800 3 31660 14 3 32542 992 5
17 31660 18 220 6 7367 289 3 392 1441 18 10 32 4325 164 49 9 10451 164 5
7337 25 3 403 5269 18 220 6 2494 32542 992 2376 5
135353 1973 7 306 98236 306 39079 18 10978 25 3 122928 628 3455 6 13012 3 326 54766 15183 35 68386 33 5
17 628 220 6 4498 3 54766 1973 3395 21 32 9796 6 3 32542 992 5
17 283578 7 3 32542 992 31660 16 1595 10 98586 700 5
31022 6027 14 32542 992 2376 98586 700 5
31022 6027 14 32542 992 2376 5
17 32542 992 29 6938 9796 30864 8 341 3354 30864 5
3546 628 197 290 35 218 14 4325 8 218 14 10451 33 42 220 6 1649 3 32542 992 4 67 628 2757 220 14 25017 8 218 628 2757 42 220 14 2279 7 3 32542 992 5
17 54766 1973 18652 25 3 68386 18 3 9796 392 6 3 32542 992 4 10559 32 8958 7 1818 202 65 2870 19 3 288 628 2757 5
23620 2854 91755 4680 25 69246 6 249 42 220 6 1649 3 32542 992 95 21 6 474 3 8958 653 5
17 1391 8958 7 1818 202 18 3455 24 538 9 2854 4599 7 5853 5
17 107083 3768 11963 7 3 32542 992 47 18 3 1884 148 3 13228 3354 8 3 2755 3354 16 1595 10 98586 704 5
66 71 26 6453 25 3 11963 10 98586 700 13 3768 9704 6 3033 8 12146 3 32542 992 137325 6 3 13228 3354 5
473216 3768 11963 98586 704 5
473216 3768 11963 5
11271 25 326 6805 522 110 220 14 32542 992 2376 4 23 59 1708 3 1175 6 12681 148 217468 35 92846 33 8 10277 35 60177 33 1534 19 5514 110 3 1760 35 402 7189 2480 4 3495 33 5
931 13544 42 18652 356 70 15832 5269 6 2258 289 9 825 2826 86 26 6453 5
20498 341 4995 3 5514 7 4325 8 10451 684 8 98586 782 842 3 29540 18652 25 3 216 628 5
20498 341 5
5514 14 4325 8 10451 684 10 403 1441 5
35103 35 4325 33 35 10451 33 249 33236 39566 341 54208 27529 459 50452 40475 503 60984 40715 500 55308 57385 708 51975 50311 700 40037 36635 704 34992 44179 782 70916 51231 183 34231 37168 407 54045 34231 403 54982 55973 9897 6094 196049 26178 4611 196049 59003 5514 7 403 3587 35 114 60177 16 799 10291 8 92846 16 272 98586 782 5
5514 7 403 3587 35 114 60177 16 799 10291 8 92846 16 272 10291 33 5
40013 2376 659 2705 9 1884 148 5514 154 4325 8 10451 684 2376 18 2828 538 9 6325 5907 5823 9906 960 5
17 1153 8 2029 44398 7 5514 14 4325 164 18 35 6448 196049 5696 33 8 13 7 10451 164 18 35 4611 196049 10355 33 5
5514 18 2537 798 154 10451 21 677 6 3 4325 164 35 3116 3082 30273 4 20721 3082 7259 4 9421 3082 25343 33 5
145 542 5422 3 231 7 264780 8 32542 992 6 7367 10451 10 2220 5
17 8958 7 3 32542 992 18 6622 272 22 1818 202 5
238 80 39 9 1574 1058 7 628 197 3 8958 7 3 32542 992 71 34 26 24637 2903 5
81 678 6 27241 3 8958 80 236 6 27 48 628 2757 14 928 4 52955 8 2279 5
17 264780 6805 2376 1929 9 1821 1322 148 10451 8 3 264780 5
35 6186 33 29 59 217 13 87 42 964 3320 148 3 3457 2434 24 3 1512 8 264780 10 3 642 106554 35 6909 106554 264780 33 5
238 3 264780 16 10637 72 9 1079 7 500 13063 3 798 6577 7 3 264780 6805 3 8 327385 340 34 27 120 3238 8 12146 3 2376 7 192 26831 144 26 5259 72 3 814 1043 4229 35 402 7189 2480 4 3495 33 5
17 3201 7 326 8 3 885 10291 7 60177 8 92846 31 34 3601 44 142 7702 10 7488 6 893 10 113981 185978 7 921 566 5
170729 10 3 164 29 45 1321 1547 6 9 48 55119 164 35 243066 4 15298 4 27485 4 88066 4 323 1082 4 502 33 4 125 2238 10 3130 6 4459 1370 2699 19029 49 53633 35 42709 4 4 84870 4 4 323 4 2804 33 5
238 4216 10 20498 341 23 18 6453 13 3 5514 5668 19 474 10 10451 5
145 16 16153 7 9 1430 10 1261 532 8 773 10 2220 5
16816 5514 86 1485 21 32 9008 7 10451 5
133951 992 47 1252 32 8958 7 1818 202 18 10978 97 15 3 1625 7 264780 2376 5
17 8958 7 32542 992 71 26 2069 10 523 1225 5
238 3 264780 16790 19 523 2113 4 628 25 48 5269 19 523 34406 144 26 3883 8 220 14 928 3 32542 992 5
145 36 581 3 32542 992 19 4783 2854 15 523 10887 10 264780 8 12146 51 454 474 3 8958 7 3 32542 992 5
22348 7 32542 992 59 2053 32 533 604 10 3 8958 7 3 32542 992 5
17 1379 32542 992 18 1254 538 9 837 9419 992 5
17 8958 71 454 26 853 24 12430 9 179777 32542 992 35 4 359 33 5
1192 6 7367 10451 538 523 746 34406 29 45 2173 1321 35 529 4 3578 109 46872 12283 32330 4 1095 109 51023 4 41030 4 323 17555 4 359 33 5
152664 12283 3462 5
10 3578 220 3 1512 2106 6107 35384 21 9 10900 6 10451 5
70983 29 2436 6 26 9 4116 746 29991 1415 6 7367 10451 44 34394 236 6 26 6726 15 3 21502 7 3 2220 5
33360 3648 105 854 4229 7 1512 2106 453 71 26 220 6 7367 10451 44 50 19898 16 4000 141 377 117 1443 31 558 5
17 2334 7 46 542 2048 13 264780 47 1708 9 23232 29991 5582 7 10451 154 1261 4 71 26 220 486 19 32542 992 49 120 83 7732 1442 1443 14 726 7 88907 25884 8 1729 2438 5
12502 4 264780 142 26 220 14 1572 10451 46927 10 678 1128 3 19415 1896 7 10451 1918 1261 5
6876 2062 31 1272 6 3413 3 996 2334 19 1978 5907 1646 5
8932 2062 144 59 2828 538 156936 32542 992 4 47 142 27 3 785 7 1723 3 8958 7 3 94613 31660 5
249 7337 20638 8 10725 36787 5
341 16888 28397 26840 5
12162 5
53 13633 185950 109 21326 53 13633 5
459 83875 5
35129 5
12162 5
53 13633 109 21326 53 13633 5
503 16888 5843 26840 5
12162 5
53 13633 143705 109 21326 53 13633 5