17 1381 7301 15 3 2485 7 7678 426 2770 7 869 200 1291 5
901 16705 13563 164610 116057 8 2567 323 3280 18392 2904 1981 35 43049 33 32952 25 1452 869 553 31 3467 14 9345 8557 5
61648 31 543 15 183 85 7 3851 628 7 192 67 16705 5
17 7736 31 115 14 4 409 8 306 222 10 2379 5
17 1381 12966 67 967 17120 1217 2096 9207 58540 382860 35 33564 33 10 3 74 967 5
17 169 967 7 3 17120 1217 2527 49474 133951 3673 35 49894 33 4 23333 4893 35 31524 33 8 33564 3979 76 4 8 17120 10900 2520 5
17 10900 773 7 192 5373 2520 16 677 19 3 837 967 11952 114 49894 4 31524 8 33564 31 220 27174 5
5408 2911 9224 31 3467 21 3 29132 6 290 7 3 10900 2520 5
53139 7 869 360 16 9 3501 565 5
66571 200 19379 684 13 23 16 34 537 6 4764 869 360 8 13 1989 10779 10 6951 1964 4230 5
75 2911 1151 494 13 104 317 52 3 1989 31 4669 10 308 360 8 95 92 4695 10 3 5690 31 6453 153 360 71 26 2093 2655 5
81 1243 4 869 200 2106 5690 31 1768 24 117 27461 20388 2193 133 21 281 993 4 1470 1496 4 614 292 912 4 5628 484 1291 4 419 489 4 419 1557 489 4 706 1879 4 7193 706 4073 4 5690 7 83 869 553 4 10381 7 706 4 4703 5
35 90649 4 7744 4 323 19959 4 359 33 5
19241 7 869 16705 31 7154 543 15 1989 19 272 200 21737 5
19850 2911 19393 31 220 6 1811 11245 317 25 871 7 1989 360 5
2904 16705 31 10978 25 360 7 1989 19 272 200 21737 8 95 43 371 32 1308 1868 7 310 8 5473 15 1678 2193 5
187 31 307 523 6599 6 89 507 17241 5
20370 11245 2520 150 1324 596 4 46279 42146 4 8 31 27728 10 40 7736 7 3 426 2770 35 4 5981 109 38870 4 3952 109 29227 323 4 5810 33 5
52141 601 29 3619 10 3184 10900 2333 538 49474 133951 9861 35 49894 33 4 22190 8783 4 34989 201601 35 37566 33 8 83 4538 35 4 4 323 210721 4 109 1604 323 32758 4 2076 109 4 4 323 4 2560 33 5
49474 133951 9861 35 49894 33 8 9207 58540 382860 35 33564 33 31 67 2953 2854 27964 47 27 45 104 1940 220 14 7678 869 484 8 869 200 1291 2770 5
3194 31660 29 50 209 152 6 1849 5897 5
10141 8 12825 35 280 33 11828 3 32542 992 19 32 39168 113504 77918 35 33 5
158 4964 3 1175 7 40 1273 1217 10 7678 869 1291 14 189 814 1043 35 161 168 33 8 241 1043 35 409 222 33 5
73239 11391 16008 3 7156 773 7 1273 1217 5
79 3109 7 628 445498 4309 4 4624 27964 8 35 69972 33 31660 14 2854 4018 850 32542 2642 18 1273 10 268585 4 4 4 8 35 2560 33 5
158 220 628 337482 4309 133 21 628 8586 8 3394 7 9796 23394 14 3096 3 8958 7 3 1506 5
17 522 661 13 3 1273 1217 18 488 6 4685 19 3 12642 7 869 200 2770 8 59 10559 206 10900 8958 5
17 49474 6313 147461 238487 35 211910 33 18 2042 24 32867 4 30412 4 12825 4 8 12825 35 2076 33 6 1649 70865 1625 4859 32542 992 35 33 5
1700 8365 15 3 869 16705 7 3 4139 2904 1981 2573 13 30512 24 211910 18 32 29512 31660 19 4900 8958 5
102391 8 6794 35 280 33 220 676 2752 628 4242 4538 6 4764 484 1627 7 11830 13129 1291 7 2397 2507 869 200 5
17 6599 848 90977 12811 35 66891 33 4 210979 12811 35 33 4 11856 8668 5737 19372 4 132114 120540 543 15 54861 37582 4 523577 1506 4 13963 543 19372 4 32542 992 4 175314 19372 19 201026 650 4 9207 58540 17112 35 187305 33 8 46478 98805 9207 58540 17112 35 333220 33 5
33962 522 661 13 3 187305 8 333220 4209 7156 31392 773 297 3 83 2520 5
4 210721 4 8 35 33 1273 9 5373 7732 1442 1506 14 869 1557 1291 11249 5
17 1506 18 9 3109 7 4624 27964 8 4018 850 32542 2642 5
10087 4 3 270 60401 2953 35 187305 33 35 4 2391 33 29 2347 4084 8 16 4357 21 9 12359 5533 14 56018 8 19372 2333 5
111542 4 152666 4 11997 4 14964 4 8 11997 35 6833 33 1273 9 11249 1506 543 15 9832 15987 4 100401 31660 4 8 9207 58540 382860 35 33564 33 6 4764 869 200 484 5
1506 47 18 3340 2042 10 40 542 4 18 677 19 35 34989 238487 33 4 35 108384 34989 238487 33 4 35 71172 238487 33 4 49894 8 2520 8 3 665 661 13 1506 18 4149 333 58 83 2520 5
98456 4 14879 4 14879 4 8 15669 35 590 33 1589 9 44505 9207 58540 382860 35 33 1506 6 1877 6487 89 507 628 5
22510 4624 27964 8 174871 1046 35 33 27964 42 3677 10 678 6 5339 108 19393 7 2520 5
158 59 3677 67 83 11249 2520 4 408017 21542 17129 9897 35 33 8 33564 14 11249 15 3 216 628 2757 5
146183 522 2573 13 3 22308 189 33564 8 2520 10 970 7 11249 8958 5
999 17938 4624 31660 543 19547 203863 2419 100409 19 270 60401 4081 4 18150 8 12825 35 274 33 1589 9 3093 5373 10900 1506 13 4769 14 2489 203863 11423 8 25810 9 6633 6 4764 426 125722 7 1678 869 16705 5
81 4631 19 32542 2642 4 6835 8 1510 2520 4 3 1273 1506 2828 3 282 5
17 2807 10 6808 1153 26327 3768 18 964 5
1743 89 507 10900 538 12516 2854 27964 10 24087 4 23551 4 8 6794 35 2560 33 1282 13 12516 27964 42 1509 10 3096 3 3800 7 1084 31633 5
17 542 24 124436 4 4 8 35 2560 33 12354 3 7362 7 538 2911 9224 4 133 21 17129 9897 4 114666 4 83622 4 259840 4 4703 5
10 7678 5690 7 2478 1981 4985 5458 35 33 5
145 1381 7301 15 3 2485 7 7678 426 2770 7 869 200 16705 5
17 7736 31 115 14 4 409 8 306 222 10 2379 5
66 29 45 4436 25 3 6854 13 3 1806 4309 14 3 2485 163 1101 10 46 1381 8245 97 57 9419 7 10900 47 1141 3 11245 19393 21 29132 8 1929 3 380 3354 5
81 192 1806 4309 4 3 11245 19393 871 7 25947 168 16 220 21 29132 6 4764 3 25947 168 2106 2157 35 9575 16 9 498 168 33 5
66 16 1195 13 10 133 11952 4 21 3 871 7 9424 2238 4 7736 31 543 15 1576 1737 2770 7 11245 19393 8 9834 34 5050 385 5
66 16 530 25 46 2995 13 87 16 9 236 6 1213 46 565 4 8 13 6252 286 52 67 967 10900 1488 47 71 3379 46 3014 8 12042 3 3768 967 8057 5
66 18 554 13 1028 7 3 67 967 1273 1506 86 399 26 3 964 4413 6 3 601 21 3 1217 71 26 48015 14 83 10900 8090 133 21 289 11249 4 536 3568 11249 4 3777 11249 4703 5
17 67 967 17120 1217 1273 10 46 1381 4589 9207 58540 382860 35 33564 33 10 3 74 967 5
17 169 967 7 3 17120 1217 2527 49474 133951 3673 35 49894 33 4 23333 4893 35 31524 33 8 33564 3979 76 4 8 10900 2520 5
17 10900 773 7 192 5373 2520 16 677 19 3 837 967 11952 114 49894 4 31524 8 33564 31 220 27174 5
17 8254 7 3 1381 16 4393 76 508 7268 5
8941 341 5181 837 967 1217 125 1101 7 3 8941 459 16 1273 67 967 1217 5
8941 503 6145 9345 522 8 2995 15 192 522 5
8941 500 3006 19 3 14615 2932 5
17 2370 867 7 9 837 967 1217 16 12859 10 98586 249 5
66 71 26 381 13 14 3 10900 2485 7 25947 168 588 7 89 4 29132 6 10900 2520 31 2752 2911 9224 6293 25947 168 125 3 3354 16 25947 168 2106 2157 484 5
931 2911 9224 47 31 220 21 29132 31 43628 10 20498 249 5
17 10900 2520 4723 31 962 10 3 508 488219 5
903 6358 7 837 967 1217 14 7678 9424 168 588 7 89 98586 249 5
903 6358 7 837 967 1217 14 7678 9424 168 588 7 89 5
20498 249 5
39652 2911 9224 323 40 26325 35 20848 12283 32330 4 2076 33 5
17699 7 9224 239420 18214 192420 1324 596 69958 18618 1324 596 43076 160269 160269 58589 2362 1291 35 114666 33 17129 596 23462 41171 35 259840 33 4542 1968 2106 1883 202 35 33 161648 83622 35 21964 3822 1291 33 16 3 2157 484 4 16 3 799 484 8 3 272 484 22 89 16 46279 1324 596 4 16 9 42146 2916 47 16 3628 6 16 3 89 566 7 11856 168 46279 1324 596 4 8 14359 2654 799 8 1391 272 10 3 73 9575 222 4 3995 5
770 9907 484 337 125 16 3 8369 484 337 22 89 224603 8334 5
49474 133951 9861 1796 9419 4018 850 119 71966 49894 21 1595 10 98586 341 16 4723 10 46 1381 5
84181 9419 29 2752 23791 4 57 14 290 7 3 3467 2911 19393 5
17 871 7 3 1291 47 16 6 26 2655 16 3380 24 3 97 61279 10 3 3354 9419 5
65179 66590 10529 16 220 21 3 2059 4219 31660 5
79 105487 16 220 21 3 2589 4859 7 3 23791 7 3 4438 9419 125 3 61279 10 3 3354 9419 2527 27728 2589 4859 5
17 3354 7 3 1506 16 9 11065 871 44769 3 2655 871 7 3 1291 5
49894 1506 98586 341 5
49894 1506 5
17 1033 468 538 33855 66590 10529 16 6 852 2854 489 6 337 154 3 928 650 5
66 142 1297 3 773 7 3 66590 10529 31660 5
81 33855 66590 10529 4 74 4 3 2007 992 3354 8 3768 31 7154 5
17 498 2854 489 16 220 6 13012 84 17509 8 34710 22 290 55978 5
6297 15 192 84 17509 8 34710 4 84 55906 8 5464 31 7154 5
208 3 84 3768 15471 3 551 3768 24 48 58 9 125444 5514 35 34621 4 10 46 542 33 4 3 84 17509 8 34710 31 14386 5
1949 3 2854 489 16 5668 35 6 1551 202 7 50 498 871 4 10 46 542 33 5
10974 4 84 17509 8 34710 31 1206 8 3 2854 489 16 853 35 24 500 202 7 3 498 871 4 10 3 8365 217 10 46 1381 33 5
17 4644 14264 13 3 2854 489 16 853 97 6 3 3525 13 3 992 71 1849 276 528 2238 10 3768 5
145 2228 6 4498 401 19547 2854 489 14 3 325 9528 5
332 3 216 89 4 21 241 21 3449 2854 16 5799 4 2854 489 16 853 5
355 23 16 215 272 6 9929 9 4472 10 3768 4 23 16 5668 285 3449 2854 18015 5
11292 7 23791 10 3 4438 9419 8 221 7 129759 31 1109 21 3 1746 19393 7 3 1506 5
18608 221 7 8365 31 1303 61 24 11264 3 96734 2770 21 1595 10 20498 341 5
20498 341 5
49894 19393 8 40 2770 2870 5
470655 17442 35 2106 33 11292 7 4438 9419 23791 35 9424 33 183 4 302 4 4 577 129759 35 200058 33 11226 4 1515 4 4 2667 7013 5
9207 58540 382860 17 33564 2527 3 216 4860 21 3 187305 14 19372 4 19 97 9 265 2846 3272 5
1532 7 70 4 106 3354 16 9 521 221 23 2742 177 841 6 4764 3 317 22 881 4 47 29 25328 8953 5
81 3 267 7 56018 4 9 3053 7 9903 16 197 10 60029 6 3 187305 5
3974 285 3 8515 4 3 3768 16 1109 6494 5
527 4 3 689 867 16 535 3 216 53 6 12042 3768 4 483855 3 62230 1535 47 77180 3 3053 4 2016 13 176 7 3 3768 16 14546 35 142419 4 359 33 5
17 2370 13538 7 33564 47 31 2994 322 71 59 26 170 10 8 486170 35 1515 33 4 35 1278 33 8 18150 8 47153 35 280 33 5
70797 13 3497 9 197 7 9796 83735 19 12510 1070 12911 5
33564 10744 3 27728 56018 4859 21 1595 10 446326 35 249 33 5
35 249 33 446326 35 341 33 842 2106 27728 47395 637 4859 5
35 341 33 6297 15 46 4 27728 56018 16 1221 24 8255 29404 8 3 5806 7 3 27728 47395 1174 21 1595 10 446326 35 503 33 5
17 4599 8258 3466 9 34113 148 32 60029 3768 8 3 2059 60401 12715 5
35 459 33 185167 3 552 1883 16 3267 6 29404 3 552 1595 10 446326 35 503 33 163 3 12453 12859 10 446326 35 500 33 35 700 33 5
2569 4 8 31 17617 23394 4 57 14 13096 3 1341 871 24 48 58 8 83 14 110 48 58 1298 3 1341 5
35 503 33 35 500 33 35 708 33 35 700 33 11649 6 187305 4 996 18751 27708 565 16 10455 538 209754 3695 8 3 912 6 4498 3 13228 2059 60401 7 3 56018 4859 5
33564 71 4434 3 9796 83735 76 9 272 61638 2419 904 5
79 54861 4859 12134 3 15987 5
17 395088 8 70865 1625 54861 7410 31 220 10 46 542 8 43 31 1595 10 5
35 704 33 8 35 782 33 3995 5
5408 2911 9224 35 20498 249 33 31 392 21 29132 6 33564 47 7928 23 6 4764 3 426 2157 484 5
35 704 33 35 782 33 114 4 5547 16 3 2463 7 395088 4859 8 16 3 4599 7 70865 1625 4859 5
11067 7 54861 4859 4 2463 7 54861 4859 35 5547 33 10 267 7 395088 54861 4 39869 10 54861 4859 35 33 10 267 7 70865 1625 54861 8 375055 4599 35 8258 33 31 1109 21 3 1746 19393 7 33564 5
18608 221 7 8365 31 1303 61 24 11264 3 96734 2770 21 1595 20498 459 5
20498 459 5
33564 19393 8 40 2770 2870 5
470655 17442 35 2106 33 45993 7 54861 4859 35 5547 33 249 4 341 4 459 4 503 65786 10 54861 4859 35 33 6494 4 5853 4 249 4 3127 4 341 4 3921 4 459 4 503 4 500 4 183 4 302 4 575 4 577 375055 96734 35 8258 33 249 7170 5
23333 4893 364 7 3 104 974 5533 14 19372 16 421 3472 2854 5
66 16 177 4213 8 22 3 216 89 50 19372 8958 16 5870 19 83 19372 4309 5
17 3472 47 16 35171 226 21 3 421 3472 16 220 6 3001 3 19372 1506 7520 137 192 4538 5
29507 3472 71 59 26 7520 21 3 56018 3472 8 23 16 59 177 4213 8 13875 799 3768 2770 5
34417 7 421 3472 2854 27964 31 382633 35 32988 4 5981 33 4 35 32988 4 4164 33 8 95033 35 4 12051 4 5878 4 323 4 5810 33 5
9007 71 26 170 10 10583 4 150333 4 8 50058 35 502 33 5
23333 4893 9317 6 3 3936 7 12516 2854 27964 5
29507 3472 16 220 24 23 21 3 1084 42136 7 3 12516 5
81 46 1381 4 3 1084 42136 16 958 9 56018 3472 5
79 837 56018 3472 16 34 5050 385 10 9409 2655 871 7 9 6325 12911 16 3 2370 867 7 12516 2854 5
35967 110 4 543 15 5907 628 4 16 34 488 6 12681 148 5266 8 5195 5
458 4 12540 19 3780 16 2828 133 13 392 9424 2855 6 26 7520 31 543 15 192 628 197 5036 5
1949 4 10 3 8365 2828 10 46 542 4 290 3472 16 7520 538 459 14027 3467 2000 5
435 3465 7 9424 2855 4 65 2279 628 16 220 4 3 596 7 2655 871 24 290 7 3 3472 10 3 12516 16 1109 21 3 380 2655 871 7 3 6325 12911 5
145 59 66612 565 7 72 10104 5
1563 7254 7 23333 4893 31660 16 43628 10 3 238487 249 5
238487 249 5
1563 7254 7 23333 4893 84181 53 928 197 2482 4 221 7 2855 10 3 12516 11856 37442 53 9 7539 1506 249 53 14 6 341 53 33382 187384 5907 24 12540 2482 19 3780 5
459 53 13088 459 2000 14027 5
503 53 10555 8 14027 3467 108 2000 6 26136 9 56018 3472 5
500 53 194 14 708 53 462 5
11292 7 2855 35 9424 33 10 3 12516 16 1109 21 3 1746 96734 7 23333 4893 5
61648 31 1303 61 19 575 4 577 8 2536 221 7 2855 5
17 2370 867 7 67 967 17120 1217 16 12859 10 98586 459 5
17 74 967 6655 80136 6 3473 29132 14 3 10900 2520 10 3 169 967 5
903 6358 7 67 967 17120 1217 14 7678 9424 168 588 7 98586 459 5
903 6358 7 67 967 17120 1217 14 7678 9424 168 588 7 89 5
9007 52 29132 8 55906 6 192 80136 4 14 3 10900 2485 7 25947 168 588 7 89 4 31 13075 10 98586 503 5
9007 7 67 967 17120 1217 14 7678 9424 168 588 7 89 98586 503 5
9007 7 67 967 17120 1217 14 7678 9424 168 588 7 89 5
66 16 6 26 4436 13 29132 6 3 80136 10 3 74 967 4301 25947 168 125 55906 7 46 967 4301 25947 168 10 970 7 2752 2911 9224 5
931 55906 25 3 74 967 1485 21 3 29132 6 3 10900 2520 10 3 169 967 5
145 2697 6 3 983 114 10900 2520 10 3 169 967 27 6 2705 15987 8586 25 2911 19393 6293 25947 168 6 25947 168 2106 2157 484 5
145 16 523 25 837 967 1217 4 114 4 10900 2520 27 6 2705 15987 8586 25 2911 19393 6293 25947 168 6 25947 168 2106 2157 484 5
66 71 26 381 13 3 380 3354 10 189 3 6599 16 3 2157 7 3 25947 168 5
238 1595 10 194896 5
459 4 503 4 49894 4 33564 8 23333 4893 31 4723 21 3 10900 2520 10 3 169 967 5
18608 221 7 8365 14 290 7 3 10900 2520 10 169 967 31 1303 61 24 11264 3 96734 2770 10 3 216 4230 21 10 3 837 967 1217 5
527 4 6 1865 282 3109 7 96734 2770 14 290 7 3 80136 10 3 74 967 4 9 96734 24220 628 197 16 3192 21 3 302 202 628 7 3 1519 628 197 5
17 96734 24220 628 197 16 454 3868 76 928 8 2279 197 5
12266 628 197 9286 7 1614 202 7 3 96734 24220 628 197 125 1652 7 3 96734 24220 628 916 3 2279 628 197 5
999 770 7 8365 15 192 928 8 2279 197 4 282 3109 7 96734 2770 14 290 7 3 80136 10 3 74 967 16 1658 5
134 475 192 8365 21 96734 24220 8365 14 3 80136 10 3 74 967 5
17 537 2770 47 31 1109 14 290 7 3 19393 7 192 80136 31 216 21 1595 10 20498 459 5
11391 7 96734 24220 8365 14 290 7 3 80136 10 3 74 967 240 13 8586 7 9796 904 137 54861 12134 333 58 3 8586 137 395088 54861 5
17 282 96734 16691 21 217 24 96734 24220 8365 14 290 7 3 80136 10 3 74 967 31 43628 10 20498 503 5
66 16 6 26 4436 13 3 3316 7 3 96734 24220 8365 16 6 2705 282 96734 3109 14 290 7 3 80136 10 74 967 4 95 13 4 3768 10 11245 19393 47 31 6 26 220 21 29132 6 3 10900 2520 10 169 967 16 42726 5
1498 3 1308 8365 7 7736 4 80136 10 3 74 967 31 220 19 3 19393 2118 154 3 96734 24220 8365 5
20498 503 5
3487 96734 3109 217 24 96734 24220 8365 14 290 7 3 80136 10 74 967 7 67 967 17120 1217 5
33564 216015 4859 249 341 341 341 459 341 503 577 500 577 708 183 700 503 704 577 782 341 183 3127
7337 14 26753 145 542 2527 676 2752 85 7 3851 628 25 2216 1095 6 2861 2560 7 67 869 200 16705 164610 116057 8 2567 323 3280 43049 32952 47 31 1695 37759 5
17 2752 2911 9224 220 31 7154 25 408 4 272 4 799 8 986 360 7 192 16705 5
766 3 628 16 3455 25 11102 2158 53 6117 8 11102 2158 53 6117 5271 5
29756 1170 29139 33939 67440 96368 35 33 4 29139 33939 96368 35 165419 33 4 3703 37388 29139 88104 96368 35 33 8 29139 88104 96368 35 155737 33 31 220 6 8612 3 773 7 192 10900 2520 5
239420 7 192 8557 1170 31 1595 10 5
35 183 33 35 698 33 5
35 183 33 35 407 33 35 403 33 35 698 33 114 16 2755 871 8 16 1877 871 5
11391 1796 10900 2520 13563 49894 4 33564 8 31524 31 220 10 837 967 1217 5
81 67 967 17120 1217 4 3 10900 2520 13 31 220 31 4 8 5
273 189 3 6599 4 10900 8365 4 14 4 409 8 306 222 588 7 89 31 1303 61 5
11391 14 164610 116057 31 1595 10 65588 5
11649 522 14 2567 323 3280 43049 32952 31 13075 10 65588 5
20498 500 5
53139 773 7 240200 588 7 89 35 273 164610 25870 33 5
53139 2520 470655 96368 1170 165419 155737 129759 49894 26366 57375 59762 64821 18992 238788 46366 65786 33564 45595 52445 427857 31165 48634 37446 374517 44240 23333 4893 575 34624 533347 40475 4893 2536 35858 489836 40037 20498 708 5
53139 773 7 341 222 588 7 89 35 273 164610 25870 33 5
53139 2520 470655 96368 1170 165419 155737 129759 49894 26366 45538 56722 2667 42164 49768 65786 33564 23238 32221 231858 43150 48634 45448 55125 23333 4893 575 42245 48166 4893 2536 31555 468705 47285 20498 700 5
53139 773 7 459 222 588 7 89 35 273 164610 25870 33 5
53139 2520 470655 96368 1170 165419 155737 129759 49894 53061 46526 285548 24839 39970 46485 378540 50281 65786 33564 64283 44569 406930 52843 48634 46485 302720 53797 23333 4893 2536 50705 508330 57687 4893 577 46366 547697 56722 20498 704 5
53139 773 7 503 222 588 7 89 35 273 164610 25870 33 5
53139 2520 470655 96368 1170 165419 155737 129759 49894 39970 49826 49869 1515 50705 53781 65786 33564 64283 49624 558247 58819 48634 55039 61559 23333 4893 575 42809 64446 4893 577 50705 386056 55308 20498 782 5
53139 773 7 500 222 588 7 89 35 273 164610 25870 33 5
53139 2520 470655 96368 1170 165419 155737 129759 49894 1515 39284 57545 1515 55656 61230 65786 33564 45595 53180 61771 48634 46597 54672 23333 4893 577 61559 460528 46509 4893 575 53797 44593 20498 183 5
53139 773 7 708 222 588 7 89 35 273 164610 25870 33 5
53139 2520 470655 96368 1170 165419 155737 129759 49894 64821 49515 56803 27503 59762 62405 65786 33564 48634 57385 62764 48634 51514 63434 23333 4893 575 58109 42929 4893 575 64080 55426 20498 407 5
53139 773 7 700 222 588 7 89 35 273 164610 25870 33 5
53139 2520 470655 96368 1170 165419 155737 129759 49894 53703 64153 53885 53703 41330 60137 65786 33564 46535 61838 52892 48634 64080 52798 23333 4893 575 63434 58141 4893 577 66679 42929 20498 403 5
53139 773 7 704 222 588 7 89 35 273 164610 25870 33 5
53139 2520 470655 96368 1170 165419 155737 129759 49894 26366 62899 46752 52658 56793 43402 65786 33564 64283 51231 55172 45595 58697 42929 23333 4893 575 52798 22954 4893 575 51231 59712 20498 698 5
53139 773 7 782 222 588 7 89 35 273 164610 25870 33 5
53139 2520 470655 96368 1170 165419 155737 129759 49894 11226 60137 74987 39970 44593 59532 65786 33564 64283 63434 63126 45595 57644 54580 23333 4893 2536 59976 68435 4893 575 66785 56275 20498 685 5
53139 773 7 368790 588 7 89 35 273 164610 25870 33 5
53139 2520 470655 96368 1170 165419 155737 129759 49894 53061 58208 79906 64821 55426 53663 65786 33564 64283 60436 53663 45595 70595 35421 23333 4893 2536 58430 72418 4893 2536 60570 53663 20498 409 5
53139 773 7 409 222 588 7 89 35 273 164610 25870 33 5
53139 2520 470655 96368 1170 165419 155737 129759 49894 52658 54631 91165 64821 26795 85950 65786 33564 64283 64848 89723 45595 53885 85950 23333 4893 575 62589 70355 4893 575 59532 72882 20498 697 5
53139 773 7 260992 588 7 89 35 273 164610 25870 33 5
53139 2520 470655 96368 1170 165419 155737 129759 49894 64821 85295 108946 64821 68435 101068 65786 33564 64283 93341 105049 45595 79718 98056 23333 4893 2536 91977 116801 4893 575 81088 91147 20498 800 5
53139 773 7 249 168 14167 7 2897 35 273 2567 323 3280 43049 274993 33 5
53139 2520 470655 96368 1170 165419 155737 129759 49894 26366 43150 57590 64821 31555 47285 65786 33564 45595 59133 13540 34231 39442 47719 23333 4893 577 13540 34014 4893 575 34622 31555 20498 630 5
53139 773 7 341 222 588 7 89 35 273 2567 323 3280 43049 274993 33 5
53139 2520 470655 96368 1170 165419 155737 129759 49894 64821 45538 42809 26366 45077 42592 65786 33564 46535 36228 18940 34231 41626 52125 23333 4893 577 42164 49624 4893 2536 42359 54062 20498 947 5
53139 773 7 459 222 588 7 89 35 273 2567 323 3280 43049 274993 33 5
53139 2520 470655 96368 1170 165419 155737 129759 49894 11226 36097 24839 53703 47723 52734 65786 33564 64283 18940 58717 34231 33596 55966 23333 4893 577 54062 52513 4893 2536 47719 40805 20498 302 5
53139 773 7 503 222 588 7 89 35 273 2567 323 3280 43049 274993 33 5
53139 2520 470655 96368 1170 165419 155737 129759 49894 39970 51593 180105 55487 53703 53106 32913 65786 33564 64283 40319 51975 34231 50750 49003 23333 4893 577 56722 66785 4893 577 54785 52734 20498 1004 5
53139 773 7 500 222 588 7 89 35 273 2567 323 3280 43049 274993 33 5
53139 2520 470655 96368 1170 165419 155737 129759 49894 1515 51949 58554 52658 39395 61771 65786 33564 23238 57590 51231 34231 49256 60334 23333 4893 575 63371 63551 4893 577 55656 65983 20498 985 5
53139 773 7 708 222 588 7 89 35 273 2567 323 3280 43049 274993 33 5
53139 2520 470655 96368 1170 165419 155737 129759 49894 64821 51949 63020 53061 55639 53721 65786 33564 45595 56418 65979 34231 56722 66785 23333 4893 575 61771 59712 4893 2536 23238 49869 20498 1135 5
53139 773 7 700 222 588 7 89 35 273 2567 323 3280 43049 274993 33 5
53139 2520 470655 96368 1170 165419 155737 129759 49894 53703 56793 60843 27503 56418 55426 65786 33564 45595 55308 58554 18992 44408 60570 23333 4893 577 45943 64848 4893 2536 55308 52798 20498 889 5
53139 773 7 704 222 588 7 89 35 273 2567 323 3280 43049 274993 33 5
53139 2520 470655 96368 1170 165419 155737 129759 49894 53061 62653 64853 64821 52734 58208 65786 33564 64283 66679 63447 18992 63085 52892 23333 4893 2536 58175 70184 4893 577 60984 59976 20498 605 5
53139 773 7 782 222 588 7 89 35 273 2567 323 3280 43049 274993 33 5
53139 2520 470655 96368 1170 165419 155737 129759 49894 53703 63721 54631 53061 55487 61658 65786 33564 64283 64153 53150 34231 55487 59712 23333 4893 575 51694 77792 4893 2536 49869 55335 20498 1239 5
53139 773 7 368790 588 7 89 35 273 2567 323 3280 43049 274993 33 5
53139 2520 470655 96368 1170 165419 155737 129759 49894 52658 43770 52047 27503 53781 43402 65786 33564 46535 62906 56060 34231 44593 56275 23333 4893 577 62658 63715 4893 2536 62906 63259 20498 1173 5
53139 773 7 409 222 588 7 89 35 273 2567 323 3280 43049 274993 33 5
53139 2520 470655 96368 1170 165419 155737 129759 49894 27503 55767 72158 53061 59976 68726 65786 33564 46535 64700 76713 34231 55172 73233 23333 4893 575 72940 91496 4893 2536 46752 72418 20498 1227 5
53139 773 7 260992 588 7 89 35 273 2567 323 3280 43049 274993 33 5
53139 2520 470655 96368 1170 165419 155737 129759 49894 52658 81625 108254 11226 71193 86498 65786 33564 64283 91977 43393 34231 82435 47423 23333 4893 2536 76434 104696 4893 575 80182 83626 66 16 533 6 3088 13 14 290 7 3 10900 8090 8 10900 2520 4 3592 221 7 8365 31 1303 61 4 14 523 537 16691 7 1506 19393 5
17 2770 217 10 3 6160 31 282 96734 3109 114 3033 10900 3768 16 16008 5
66 16 7587 25 3 665 13 21 7736 31 115 14 48 8 48 221 7 222 10 2379 4 3768 2770 474 5
145 142 26 3081 14 120 10900 284 5
35496 67 967 17120 2520 8 23997 49894 8 31524 2520 14 460 70 10900 8090 14 189 3 628 2757 5
93475 33564 14 70 3 10900 8090 2936 14 3 10900 8090 55 6 222 10 2379 5
65588 1403 4 306 9670 773 7 837 967 2520 6 67 967 17120 2520 14 164610 116057 5
17 217 2770 10 192 6160 31 7074 72 70 403 10900 8090 35 4 409 8 306 222 10 2379 33 5
11649 522 14 2567 323 3280 43049 32952 31 43628 10 65588 1078 8 2131 5
65588 1403 4 1078 6786 837 967 10900 2520 6 67 967 17120 2520 15 3 1625 7 596 10900 773 125 65588 306 4 2131 240 2156 3070 10 773 3439 24 67 967 17120 10900 2520 72 837 967 10900 2520 5
20498 1403 5
9897 53139 773 14 164610 116057 5
53139 15060 165419 155737 49894 62899 54581 60961 251076 60350 33564 63085 57541 60961 52810 23333 4893 35 31524 33 64153 56275 53781 550261 56608 20498 306 5
13385 25143 35 18996 13683 28043 6288 901 13683 22528 28043 33 14 164610 116057 28043 163 4631 165419 155737 49894 6288 114190 108080 95958 148811 33564 6288 42164 42164 32418 134963 31524 6288 159810 101288 23382 153568 20498 1078 5
9897 10900 773 14 2567 323 3280 43049 32952 5
53139 1506 165419 155737 49894 51231 55172 54208 63551 33564 60961 58175 49003 65053 23333 4893 35 31524 33 62899 53885 57687 48132 20498 2131 5
13385 3070 35 837 967 2520 6288 67 967 17120 2520 33 14 2567 323 3280 43049 32952 5
28043 163 4631 165419 155737 49894 6288 23382 217641 142172 241918 33564 6288 60774 50603 41905 143307 31524 6288 110676 142469 20014 236311 66 71 26 6453 13 773 7 8 2520 16 2069 2537 58 49894 8 33564 2520 5
1506 13875 9 3753 3070 72 33564 1506 5
931 522 10260 3 7362 7 129 1581 5
75250 7 10900 773 7 70 3 2520 14 189 3 869 200 16705 6886 13 1506 12134 3 282 1308 5
98586 500 842 3 2755 871 7 3 164610 116057 4 871 2655 24 49894 8 2520 14 3 2485 7 7678 114182 588 7 89 5
17 6372 8593 59 52491 3 7362 7 129 1273 67 967 17120 1217 5
31580 8593 14 3 83 10900 8090 35 34 1595 322 33 59 10260 3 7362 7 129 1273 1217 5
53139 773 4631 7 49894 8 14 7678 500 168 588 98586 500 5
53139 773 4631 7 49894 8 14 7678 500 168 588 7 89 14 164610 116057 5
17 1033 468 3 2069 773 7 67 967 17120 1217 72 3 837 967 1217 142 26 7889 21 3177 5
81 67 967 17120 1217 4 10900 2520 10 3 169 967 4 27 6 2705 8586 25 2911 19393 6293 25947 168 6 25947 168 2106 2157 484 125 10 837 967 1217 4 10900 2520 27 6 2705 8586 25 2911 19393 6293 168 6 25947 168 2106 2157 484 5
17 5385 7 32 1117 967 10 267 7 67 967 17120 1217 1141 3 1780 7 2930 628 14 3 10900 2520 10 3 169 967 5
9537 23 28792 2157 8 986 484 4 799 8 272 7 168 6 2911 19393 3364 25947 168 5
145 142 1128 3 10900 3768 4 21 107 4 3 10900 2520 10 169 967 27 6 4764 543 15 2655 2911 19393 7 25947 168 623 58 2755 2911 19393 44 7 25947 168 5
17 2485 7 7678 426 2770 7 869 200 16705 16 1967 10 46 1381 5
61648 31 1303 61 15 2752 85 7 3851 628 7 67 16705 13563 164610 116057 8 2567 323 3280 43049 32952 25 1452 869 553 5
17 7736 31 115 14 4 409 8 306 222 10 2379 5
7365 7 3 1806 6854 15 3 5890 1556 13 1806 4309 14 7678 869 200 1291 2106 27 220 9 837 967 10900 1217 5
81 192 1806 4309 4 3 19393 871 7 25947 168 16 220 21 29132 6 4764 3 25947 168 2106 2157 35 9575 16 9 498 168 33 5
81 133 11952 4 21 3 871 7 9424 2238 4 7736 31 543 15 1576 1737 2770 7 11245 19393 8 9834 34 5050 385 5
66 16 530 25 46 2898 13 87 16 9 236 6 1213 46 565 8 67 967 10900 1488 47 71 3379 46 3014 8 12042 3 3768 967 8057 142 26 7141 5
520 7 3 254010 15 3 1967 5890 27 873 6 349903 1678 2953 2854 4538 44 2477 29 873 6 3379 3 1658 3014 4 623 4 10 192 254010 4 2239 23 16 170 13 57 2953 2854 5533 16 220 6 7322 3 1746 19393 7 3 83 5533 5
79 67 967 17120 1217 2096 9207 58540 382860 35 33564 33 10 3 74 967 8 49474 133951 3673 35 49894 33 4 23333 4893 35 31524 33 8 33564 10 3 169 967 16 1273 10 46 1381 6 1213 3 565 1658 5
61648 31 1303 61 19 837 967 8 67 967 17120 10900 2520 5
17 522 240 13 67 967 5373 2520 3030 333 58 13 7 3 837 967 10900 2520 5
17 773 3070 16 964 10 267 65 49894 8 31524 31 225392 19 33564 5
79 3753 3070 10 3 773 16 6453 65 33564 16 225392 19 1010 5
17 1212 7 67 967 10900 2520 72 837 967 10900 2520 343 7587 21 3 7736 31 115 14 48 221 7 222 10 2379 5
17 282 1308 10900 773 16 3439 24 1506 5
17 1581 7 67 967 10900 1488 16 9 964 601 4413 7 46 1381 21 46 1488 1708 9 843 7 84 152 7 7146 6607 317 6 10900 2520 5
659 11166 46 4 2953 2854 4309 31 220 10 27580 10 67 4290 5
1532 967 2527 33564 6 4764 426 2770 7 11245 19393 47 31 5543 21 3 29132 6 3 10900 2520 10 3 169 967 5
33962 522 31 3982 8 10260 3 28389 7 3 1273 1217 5
17 1273 1217 16 34 97 1408 44 59 4116 8 36722 14 83 10900 8090 133 21 1582 11249 4 536 3568 11249 8 3777 11249 5
145 547694 7 3 1273 1217 3850 754 3 1581 9 964 4413 6 3 601 5
81 869 200 4 706 231 3 1043 82489 678 47 684 678 6 408 9 827 1174 1018 9 8515 5
81 46 1381 4 7736 31 115 14 222 4 409 8 306 222 588 7 89 5
145 71 185 706 24 3392 82489 678 14 222 49 409 222 49 306 222 79022 5
737 637 678 14 9 191 5
238 3 1273 1506 2939 2790 3 10900 3768 4 706 71 530 40 827 9443 287 1058 7 637 49 48 1234 5
238 4216 415 1273 1217 71 59 26 220 10 83 30951 105 1582 11249 4 536 3568 11249 49 3777 11249 4 47 16 59 32 25817 5940 7 3 1273 1217 5
81 46 1381 1746 19393 7 80136 10 3 74 967 31 2118 93198 4 658 23 142 26 973 7816 27964 133 21 4624 31660 6 7322 3 1746 19393 7 192 80136 5
145 142 321 6 48 5050 10900 7 11245 19393 24 192 80136 5
1471 2586 14 426 162 71 26 6 231 48 11245 19393 21 29132 6 384 146 333 17521 5
66 16 166 424 13 3 360 7 1989 5524 15 307 5158 105 98 1496 4 136 773 4 706 518 4703 5
79 316 1547 6 120 7 192 5158 3850 6654 3 1989 360 5
931 316 71 26 40345 21 206 4 177 206 4 788 4 49 1734 5
622 2794 426 2586 16 6 12874 192 316 1547 6 192 5158 24 770 7 40 3936 21 2994 996 5
2758 9 26918 12391 284 36 852 6 132 1443 48 5394 8 7736 48 5050 5