17 7039 10119 7 3 24328 10 20430 826 16 3 689 10202 1537 2887 231 7 32 7732 28665 5
17 964 653 7 365094 59286 34602 2818 14448 19708 3 532 534 6 3639 453 1562 893 10 2119 2106 24328 8 4935 5
81 46 1381 4 32 26653 14007 35126 2854 31660 13 7928 10534 9384 7 9 532 534 543 15 2676 16764 19 3 2119 95 21 6 21339 3 7732 28665 16 1273 5
67704 1038 67 695 3803 53 26653 8 96734 18298 7 3 201026 650 220 6 26920 3 532 534 5
473 3 1273 5018 4 3 270 628 23901 14 26653 2854 16 5607 24 6457 92 10 3 5204 628 5954 87 6848 3093 317 6 26 304 6 3 23901 10 678 6 52885 3 534 5
11391 3455 10 8365 5441 13 26653 534 2854 16 189 1460 8 4213 14 5714 1327 17269 34602 496 3 1079 5
18054 16 9 5418 1222 463 6 3 7934 7 3 28665 6 68692 3 12594 8 180119 13676 4 47 1929 828 6 57868 1327 17269 926 10 2113 8 2638 8246 40 46941 4 3810 8 7619 137980 5
1692 653 7 1327 17269 7353 3117 4900 1739 7436 133 21 14699 22530 4 6948 1305 4 26887 1241 13 2238 3 1643 6 921 687 4 11255 4394 4 7983 4 71031 29006 4394 8 20788 35 94524 323 1999 4 1515 109 4 277757 4 32440 4 323 118557 4 590 33 5
659 4417 192 7436 16 1622 6 2384 3 1327 17269 653 21 401 6 3 1966 926 21 537 5
5602 11065 12594 14930 24 32 6404 5841 23 16 537 6 1128 59286 34602 8 1368 993 7 336220 49 69889 35 12283 32330 4 274 33 5
8561 7204 10 7998 2438 105 17269 10363 8 12594 2280 11311 852 1324 2211 1537 3 7732 28665 35 245 33 35 4 100884 4 323 4 2076 33 4 47 1038 133 2438 21 629 6728 3893 10 3 17269 3013 14808 5
17 83 3456 6825 7 32 7732 28665 16 3 532 1264 220 6 13012 3 12594 2280 489 1918 9 17269 14555 3905 663 25 3 15721 35 4 5014 4 5660 4 98763 4 323 106125 4 6833 33 5
17 346 1236 14 3 726 7 32 7732 28665 16 6 4685 19 3 13769 893 10 1327 17269 926 463 6 3 34602 7 17269 24328 148 826 8 14 3 216 696 72 89 1867 10 970 7 731 4 12594 9512 4 247 2217 4 2541 4082 4 7146 6662 4 4703 35 4 2560 109 13303 4 74708 4 323 2850 4 359 109 124945 4 1422 109 288177 4 4 41811 4 29963 4 323 219142 4 359 33 5
7219 4 680 533 4525 10 15721 8 12594 5841 718 4 3 532 284 7 32 245 383 4685 19 3881 8 38953 10 189 17269 24274 8 12594 2280 35 532 652 33 5
81 3 271 108 1208 3 104 13787 220 532 5310 10 3 1746 7 532 27964 14 32 7732 28665 42 3 16496 35 152874 33 8 3 1506 31392 532 35 14483 33 35 202462 4 4 41372 4 323 59603 4 7560 33 5
1949 4 22190 8783 532 4538 42 1589 44 6 9 8692 3525 5
17 689 10202 14 104 532 27964 16 13 10774 2193 4 133 2847 8 3346 4 31 13737 1543 7 59286 34602 13 383 26 5487 3577 5
1203 7 3 1806 532 6854 27 732 6 1213 3 1236 7 166483 34602 2638 106 9 3601 532 534 16 3677 6752 10 1475 32 596 2119 5
8561 601 768 42 1967 1537 33855 532 4538 6 1800 32 7732 28665 47 16 3682 6 293 19 3 5344 3074 10 20430 826 35 323 228187 4 7560 33 5
17 166 424 9464 10768 18 4723 21 32 261 408 14808 532 31660 14 3 245 35 4 744 33 5
2625 5207 7 3 152874 10768 27 45 1589 8 12354 10 5
99066 4 5593 4 4 8 3290 35 1095 33 1254 9 152874 10768 7623 3 4102 7 32 2516 284 4 7759 9 9343 1870 6 5507 9 152874 532 1488 19 7039 2763 5
79 152874 16 9 9322 35713 10768 4 79022 5
15618 6 893 10 17269 7353 54 43 27 2273 5
659 1297 152874 773 4 12283 3462 5
35 274 33 1753 9 511151 652 8 108706 4 100333 4 70077 4 364987 4 8 35 274 33 4 12874 8748 5310 14 54 9 5523 8 12594 213120 4 671 19 89 6325 60240 8 18683 14 5266 6381 10 11065 17269 3726 5
108262 4 39110 4 8 35 359 33 1254 9 13911 45689 75312 10768 19 23631 19393 47 31 14549 24 325 1046 4309 5
238 9 665 4 3 75312 10768 142 7902 9 523 1070 4808 15 3 997 7 3 6453 3768 871 5
659 293 19 3 632 3074 7 17269 12594 14130 10 421757 8 35 6833 33 4 9 152874 8 36467 1870 10768 31 1273 6 1213 3 17269 15026 1022 24 2541 4 2800 49 5266 10 17269 15721 8 9407 3196 5523 28455 22 5523 400 5
15060 31392 532 35 14483 33 16 9 213849 532 5533 35 28170 4 4 323 423901 4 4540 33 4 47 18 13787 3322 14 448434 8557 7 17269 3013 10 15791 249 20430 826 5
81 3 162 7 209564 12283 3462 5
35 359 33 4 9 27728 14483 10768 18 8871 8417 10 209564 12283 3462 5
35 280 33 3 794 18 2262 6 8612 9 108140 164 9464 14483 10768 35 292216 12283 32330 4 911 33 5
81 1604 4 13303 4 2850 4 8 35 280 33 9 9464 532 31660 538 14483 486 19 5523 9674 8 5523 1646 37582 1217 31 2164 5
81 1243 4 9 7039 1506 7 12594 652 16 220 6 581 12594 15 762 12453 13 12067 539 3 426 1102 7 271 8 498 893 6 3 12594 2314 5
10526 4 9 5841 102408 2419 16 848 6 1262 139307 993 5
81 678 6 1128 3 46333 900 8 12067 64145 3 532 534 3 162 7 116009 4 12293 4 8 35 502 33 12966 3 6582 7 3 182439 5979 27708 5533 19 3 14483 6684 6 4498 3 532 1945 35 893 6 3 12594 2280 489 33 21 9 4859 7 3 498 1327 17269 7353 7 3 2119 35 164 23394 33 24 5429 3 532 1945 21 27708 23394 8 3 164 23394 21 29132 5
17 41748 182439 213849 532 35 196186 317954 33 16 32 8736 1185 4 47 16 9 532 5018 19 3 1175 6 4855 3 26653 27708 565 4 694 10 1510 14483 4 66851 2151 182439 27708 19 3 1653 13 532 1945 31 7154 10 32 26653 152 2151 1906 4859 22015 1016 7 12538 176758 26653 9 205930 3545 27708 565 35 116009 4 4 116009 4 323 4 274 109 45747 12283 32330 4 2076 33 5
19506 4 9 2440 317954 29 45 1589 35 372800 4 4 364987 4 70077 4 323 12293 4 590 33 47 2527 24717 9796 628 8 16 5210 5998 24 27728 1884 16719 2520 4 110 3 1341 7 3 532 12911 9 2440 1016 7 9 197 397 49 16480 5
81 368105 12283 3462 5
35 7560 33 4 9 31462 14483 31660 29 45 1589 543 15 9 5523 3696 14483 1264 8 23 18 74 220 10 32 21888 40360 245 5
100955 7 152874 91755 137 6682 4309 4 133 21 3 166 424 4 16 841 121 9 164059 245 16 535 9 166483 492 5
1949 4 893 10 17269 14130 3855 3 236 14 5515 18298 192 19393 5
349 3 83 881 4 31 213849 532 5310 13 27 32 533 30046 14 538 91 10 32 245 53 3 10768 773 16 3092 6325 15 3 8958 7 3 1506 220 6 3001 3 1359 14130 5
659 4417 192 26966 4 33855 532 4538 11851 21 9 3982 2155 6 1213 59286 34602 10 20430 826 35 323 228187 4 7560 33 5
622 33855 532 284 13 112 34 54576 120 5523 49 1534 9712 18 1273 10 4 159739 4 8088 4 74824 4 8 228187 35 6833 33 4 47 16 2638 543 15 3 48015 31392 532 6684 5
81 4 228187 4 8088 4 8 1072 35 280 33 9 14608 13720 16 220 6 1250 14 3 203804 148 70993 8 1327 17269 2770 5
1949 4 9 1072 34141 16 220 6 4685 19 3881 10 12594 652 1896 4 47 1708 9 1506 543 532 1264 13 22462 3 1272 12594 14930 489 125 1506 19393 31 14549 5
81 9 825 601 19208 4 2953 2854 4538 27 45 3677 10 3 1186 14 17938 33855 532 5310 10 17269 3013 5
81 3 11950 162 7 74232 4 4 16934 4 8 45809 35 2391 33 9 168986 31660 18 1273 4 47 2179 25 9 197 7 8942 954 6 916 7951 5
4649 15 4 421 954 31 9888 6 2490 9 392 696 10777 24 2854 25 166483 628 5
81 255210 35 2560 33 22190 4538 31 4723 14 3 726 7 9 421 270 284 47 4278 21 9 66851 3196 10768 1749 3 27708 7 207147 10 2125 249 20430 826 5
81 4693 10154 8 24652 35 33 4 9 20260 543 1217 543 15 201026 650 7039 5979 35 4 11714 4 323 13754 4 280 33 16 6227 6 384 9 532 534 4 47 16 3380 10 9 9824 6170 13 1708 2479 7 787 14 50 63251 5
12197 6 336 27964 27 45 220 14 1597 24220 7 72269 14930 713 538 23604 1327 17269 13693 35 4 364987 4 4 323 12293 4 274 33 5
79 2953 2854 31660 71 26 1109 21 9 14324 4644 14 25418 2981 25 628 35 4 590 33 5
81 1654 4 3 162 7 64989 4 4 175016 4 8 86738 35 7560 33 1165 9 197 7 4538 6 10775 2505 25 3 5559 2119 628 5
212910 2854 25 3 2119 628 16 7 18902 3238 6 1800 1359 33855 532 5310 5
81 394594 4 4 8 35 7560 33 4 32 33855 31879 5898 16 1273 13 34427 32 140746 5533 543 15 767 791 6 1576 1297 3606 421 363 5
81 109728 8 35 7560 33 4 9 2854 293438 543 7787 16 1273 6 2258 3 12594 7317 427 76 1250 3 271 586 7 1327 17269 13693 47 4 10 786 4 31 58458 10 3 19393 7 9 201026 3201 4859 5
81 3 162 7 4 4 80111 4 8 35 2560 33 4 11065 17269 3726 16 220 6 1800 26653 33855 70624 2520 14 17269 10900 6 1250 14 3 59286 34602 7 20430 826 5
622 6582 7 35126 2854 35 80191 33 35 12567 323 225226 4 2804 33 8 19547 532 3695 27 45 2209 10 12562 4 80111 4 8 35 6833 33 4 114 9 1506 481 532 1217 16 1273 5
17 532 1264 5667 32 543 15 3606 3803 4 1038 16335 11141 7 189 3 12594 72269 489 8 3 213120 6731 4 8 754 787 14 9 10534 63251 7 3 532 534 5
81 4631 19 83 1510 532 5310 4 80191 340 34 1871 9 3297 6652 7 3 17269 14130 10 970 7 9 74 4860 1506 5
12586 27964 1589 21 213849 532 5310 31 3254 58 138 543 15 1506 481 5310 5
80191 27964 3316 6 384 9 534 532 13 76451 9 1739 773 1415 4 47 754 23 5043 6 4685 19 3321 1896 7 3 2314 12594 121 13 1102 36 26 351 76 1250 24 3 164 871 4859 49 164 652 4859 35 12283 32330 4 6833 33 5
273 80191 27964 6 26 5238 4 43 383 26 488 6 1849 25 9 3971 7 5036 125 12375 427 1945 10 10534 35 16483 4 32988 4 323 5878 4 2560 33 5
17 24204 7 213849 2854 5310 4 8074 25 3 857 7 3 29280 4 1871 9 1506 7 3 14130 35 10 129 267 9 1506 7 14130 33 6 4301 3456 317 52 3 1070 7 3 284 6 532 1945 35 323 13754 4 33 5
14510 182439 2520 31 1359 628 2520 6943 6 162 19 13769 14130 35 12283 32330 4 6833 4 2560 33 4 47 754 91 9 1509 4462 14 33855 532 24 2790 3 565 7 1506 9124 4 47 3684 8887 65 112968 2520 31 220 5
81 35 65838 4 335752 4 4 323 292216 4 7560 33 4 3 1581 16 6 2882 3 19393 7 3 1506 1589 6 4301 3 12594 223016 109 9 175314 42101 1217 16 220 543 15 3 3883 628 25 826 5
980 4108 4 9 201026 650 16 9 3093 17241 4462 496 3 14510 182439 6684 47 65 2164 19 171627 175314 42101 35 11714 323 1320 4 502 33 16 4116 6 4685 19 17241 3 14130 163 4046 35 40795 4 445468 4 4 323 4 590 33 5
273 927 8 773 10 3 7732 28665 4 26653 33855 1264 2818 6 162 10 10534 8 19 11065 628 11039 5
12502 4 14 9 2119 1506 6 26 4116 10 6573 59286 34602 23 144 26 51283 3353 10 10534 35 323 182800 4 6833 33 5
10087 1273 26653 4538 35 7744 4 23222 4 323 6794 4 6833 109 43403 4 4 323 33316 4 911 4 8 13754 4 33 31 282 9760 14 26653 2854 7 7039 2520 13 8744 9 532 534 6 9 2119 4935 8 2665 17269 24328 5
1506 543 80191 16 9 3982 2155 6 1800 33855 63251 4538 6 532 1327 17269 121 80191 27964 71 138188 4764 8 1415 3 773 7 3467 1945 35 358480 12283 32330 4 6833 109 4 80111 4 323 4 6833 33 5
17 14130 29 9 39238 7 684 8 1945 5
12502 4 9 3245 6633 8 33855 1581 543 15 3 213849 80191 6684 144 26 115 10 9 11065 8593 5
81 80191 4 6 293 19 46 983 32 4213 1760 148 12732 8 5633 6 79117 25 791 16 666 5
1949 4 33855 17241 7 3 14130 16 1568 5
81 46 1381 4 32 26653 14007 35126 2854 31660 13 7928 10534 9384 7 9 532 534 543 15 2676 16764 19 3 2119 95 21 6 21339 3 7732 28665 16 1273 5
67704 1038 67 695 3803 53 26653 8 96734 18298 7 3 201026 650 220 6 26920 3 532 534 5
131804 201026 650 2520 7 3 4195 14130 8 871 7410 31 1148 26653 5
1949 4 3 532 534 1010 16 18213 24 9 201026 650 1506 5
273 927 8 773 4 3 534 16 9888 538 97 9 396 221 7 16764 19 3 2119 8 97 4279 628 16 26119 137 175314 2374 2854 35 323 4 6833 109 31916 4 336217 4 323 3563 4 3495 109 12283 32330 4 280 33 5
17 6582 7 9 5533 19 3 26653 2854 31660 754 537 6 162 19 9 11065 628 5954 47 7928 9 3050 18298 7 3 270 628 197 220 6 26920 3 532 534 5
81 46 152 4 26653 9384 7 3 532 534 16 1783 14 6573 365094 34602 463 6 9 2119 2106 4935 8 50 9062 22019 1070 5
428124 6200 31 220 6 1588 7254 1056 7 3 1273 1217 5
17 5141 7 9 532 534 624 25 3 857 7 7732 1442 35 4296 323 391048 4 280 33 4 8 16 907 220 6 4301 3 3074 7 32 7112 2204 35 10768 33 10 3 857 7 80191 35 12567 323 225226 4 2804 33 5
81 17315 970 4 3 534 16 9 4859 503100 53 14937 129708 28825 13 9013 684 35 14937 33 6 9 532 652 35 28825 33 5
81 46 1065 4 9 532 534 15103 143 9 10768 13220 3 532 1945 6 26 3677 6 3 3275 284 5
980 4108 4 10 3 7732 28665 3 532 534 18020 3 12594 14930 489 47 144 26 2314 6 9 20430 2119 5
999 39048 8 12538 9 80191 565 23 16 537 6 384 9 8942 534 14 6573 1327 17269 24 46254 5344 912 10 9 8942 2119 8 50 1566 47 371 828 6 59286 34602 5
4649 15 4 3 8942 534 71 26 16719 10 10534 6 9 392 2119 5
332319 2854 80304 9 80191 565 9286 10 2854 9 2485 25 16764 6 2769 9 733 5
1498 2854 4 32 2204 35 49 10768 33 50050 19 3 1341 284 24 427 32 652 8 4 54 13 4 3 284 37169 25 3 164 6 8 3 2204 7121 9 28579 3905 357706 226 5157 35 49 470 33 47 1708 9 1415 7 143 206 35 49 788 33 16 3 652 351 22 10 970 7 3 6453 164 4195 5
38413 31 392 21 12005 3136 733 5149 49 19547 3074 5
81 7623 80191 6 3 7732 28665 4 3 689 6905 7 3 2204 16 6 1849 3 19547 534 4 4 47 15103 3 19547 12594 14930 14 523 2119 2106 684 4 6752 10 1475 189 814 8 241 1043 8294 5
3062 286 4753 13 163 9 392 534 503100 4 3 230 16364 5157 35 14937 33 4 49 871 4859 72 9 1087 89 12634 4 16 9 4859 7 4 114 31 3 12510 164 2770 8 15103 3 534 2190 9149 7 532 1945 5
17 9149 7 164 32966 1929 828 6 8294 5
10212 17269 3013 16 9 11065 2485 276 9 837 380 164 4 12146 6517 86 26 4939 6 1250 14 3 1562 4082 150 5192 4 2541 4 3002 4 4703 5
12502 4 3 11124 5806 7 426 8294 16 220 6 7673 3 35 11124 33 230 164 871 4859 14 9 534 503100 25 3 164 14937 53 35 249 33 114 35 1362 16 3 4911 2916 47 17509 426 8294 5
35 14937 33 16 220 6 60121 3 3235 11124 5157 3455 65 3 2204 2179 10 164 14937 8 53079 3 19547 534 5
8616 4 3 2442 19547 164 871 4859 44931 3 193299 2106 14392 14 70 164 14937 16 53 35 341 33 114 76341 3082 35 33 5
10052 4 3 871 4859 16 4939 24 53 35 459 33 133 13 14 70 14937 5
2491 16 424 137 16764 4 153 3 19547 534 71 26 3455 1752 137 53 35 503 33 355 3 164 904 8 3 652 904 31 33770 8 31276 4 3 19547 534 71 26 3455 1752 25 9 174882 8593 7 3 871 4859 5
527 4 10 129 565 3 164 8 1945 159 40 2770 25 9 39238 5
16816 4 9 4859 60029 5533 16 1272 14 871 4859 60029 5
7219 4 129910 17241 7 3 19547 534 16 6640 6 852 13896 19547 1945 10 3 11065 904 5
201026 650 2520 31 9 1509 2155 14 83538 8 26653 2854 10 35126 2854 27964 5
201026 650 201026 650 35 7220 33 16 9 2086 84 54861 5018 36826 496 3 2953 2854 668 24 11714 8 1320 35 502 33 5
66 16 9 1509 4 14510 182439 4462 14 56018 10 272 61638 7269 2352 9 14510 182439 131804 1506 5
79 7220 16 9 83538 7 9 201026 13300 3201 114 3 3201 16 72 7410 1016 7 8500 9 1506 19 9 392 2981 103 628 16 1109 5
79 629 1653 7 3 7220 16 3 1175 6 581 4046 2082 8 2854 3 5266 8 64340 19393 25 928 628 5
81 12538 80191 544 137 27998 16764 4 3 791 71 26 3883 10 628 2757 21 58508 6219 4 12662 56012 4 114 16 3 197 7 9796 83735 8 16 3 197 7 3 12510 11537 109 114 9424 16 3 221 7 5036 5
70797 13 148 9906 7 628 87 16 9 12329 1322 4 133 13 5
1301 4 10 678 6 132 42101 52 9 4859 871 18398 35 33 14 32 4000 9796 4 32 48044 1506 14 4919 4859 18398 16 666 5
5839 9 175314 6684 4 3 42101 7 3 4919 4859 18398 16 962 24 3 59833 13300 53 35 500 33 114 9421 35 4 6219 33 16 3 7662 8 9421 35 18398 33 16 9 2543 3201 15 14858 871 7410 5892 24 3 7220 1506 5
17 1043 9421 35 33 16 226 3 660 49 3 11992 7662 5
355 17241 19 12403 4 9 7220 2543 9421 35 18398 33 16 1942 1752 10 3 904 7 7410 276 3 11240 6 1384 32 10023 7 3 91415 4859 216890 145 2543 3054 4784 7417 15 3 4 22 248 7821 4 64340 7 216890 11649 6 9 201026 3201 4 47 16 1816 14644 24 9 1153 60401 8 9 40056 4 9 7220 16 14644 24 9 1153 4859 15441 35 17563 33 8 9 4859 342147 35 17563 4 17563 33 4 59 424 21 9 54861 5
79 7220 71 26 1109 9 3201 72 7410 5
527 4 2016 9 4859 21 32 26170 241 60401 4 70 1622 110278 14 42101 8 10900 7 871 7410 71 26 1961 124 6 16201 6682 201026 23033 5
17 644 13 4859 18398 35 17563 33 16 7220 5146 16 2573 24 87471 5
4036 9 7220 1506 7 3 4859 18398 4 80 31 2274 10 7678 3 871 4859 14 32 16084 9796 5
17 31392 35 11992 33 3201 7 3 4859 871 14 9 960 9796 16 201026 5146 19 1153 8 48517 392 24 53 35 708 33 35 700 33 114 9273 16 3 54861 40056 19 5
79 1029 4859 16 3 26327 46279 35 25063 33 53 35 704 33 114 40056 8 4 24880 3082 249 4 4 5547 4 110 3 15565 4385 16506 5
17 96734 5181 3 34602 7 3 129910 1506 216890 17 19393 7 3 4859 31 3 7 3 8 31 3883 496 3 60401 5
659 2338 19393 6 871 4859 628 3 660 167005 49 11992 7662 27708 1217 16 3448 35 196 11714 323 1320 35 502 33 33 5
17 10024 660 16 392 24 53 35 782 33 81 446326 35 782 33 4 80 27 18398 35 6219 33 3082 1356 18398 35 273290 33 4 4 18398 35 33 1362 114 9424 16 3 221 7 928 266 5
134 115 3 19210 7 9273 15 3 62230 19393 10023 24 2184 10 446326 35 782 33 5
17158 167005 6819 32 129910 1506 7 3 871 4859 13 53 35 4114 33 8294 628 4 8 35 25547 33 8294 17635 7 3 9098 1506 5
16816 4 23 5998 34427 141885 2106 21857 4 79022 5
16601 3 22340 1506 5
6876 1056 15 7220 56018 71 26 170 10 3 3419 1548 7 11714 8 1320 35 502 33 8 32559 35 1095 33 4 8 8785 34947 5
84630 3 164 4195 14130 66 16 1940 4218 13 213849 4309 477 132 333 231 7 558 317 121 43 3968 3 4919 5195 35 35855 4859 33 14 164 32966 5
273 6573 59286 34602 4 213849 2854 4309 1871 9 1506 7 3 164 4195 14130 35 10 129 267 9 1506 7 3 14130 33 6 4301 3456 317 52 3 3074 7 3 284 8 3 1951 7 32 652 351 15 46 284 5
79 4195 4859 18365 4 9013 9 164 652 1808 35 4 76341 33 6 9 4726 59286 164 35 33 4 21 16 2573 10 446326 35 183 33 5
35 183 33 131804 2520 133 21 12403 71 26 220 6 1506 3 14130 24 2854 9 4195 4859 18365 543 15 928 628 14484 7 9 9149 7 6453 59286 684 8 893 6 3 12594 14930 489 35 532 1945 33 5
238 9 665 4 3 7220 19601 6 4764 3 337 148 67 2458 684 27383 15 3 767 164 8 3 532 9796 5
8616 4 3 7220 35 129910 33 1506 4 3 4 16 2198 6 4301 3 164 4195 14130 137 1879 15 893 1022 24 9 532 652 5577 5
134 1186 6 1506 814 1043 4195 14130 543 15 3 628 663 25 3 16764 35 19 9 521 2119 49 9 30730 33 5
134 4753 13 3 17269 14130 11995 15071 125 9 532 534 16 110 3677 5
527 4 80 27368 4753 13 17269 34602 16 463 6 4046 52 189 211059 8 258900 2119 34602 4 38953 10 17269 24274 8 3881 10 12594 28455 25 3 70993 6948 5
273 7678 3 17269 4195 14130 4 9 7220 1506 16 3559 10 133 9 152 3 1102 7 4046 52 3 164 4195 508 9 532 652 16 18213 17281 21 35 407 33 114 160208 16 3 1153 4859 8 16 3 4859 5
25421 13 46 1506 14359 13 3 3354 17020 31 78189 1216 15 3 392 29132 5
7219 4 3 17521 148 3 164 23394 16 27368 1109 65 80 10992 9906 7 684 8 4726 684 5
17 928 29132 6 3 1506 4195 14130 31 35 4 76341 33 4 8417 3 2329 31 3 164 3272 1595 10 446326 35 407 33 5
17 59833 3201 14 3 14130 7220 6886 3 1652 4046 52 3 4919 35855 4859 14 120 1327 17269 337 1022 24 9 532 76341 65 23 16 6227 22 5
7220 2520 7 3 4195 14130 4 14 59233 684 4 31 1148 15 3 2546 538 628 2816 25 16764 19 9 1087 2119 35 521 49 4731 33 5
7220 17241 7 9 871 4859 273 83538 8 26653 2854 10 80191 27964 19 11065 164 8 652 7269 4 7220 2520 31 4116 6 26920 3 871 7410 9485 35 17563 33 8 4625 35 17563 4 17563 33 1752 10 4859 904 24 3364 91 24 1816 131804 7220 2520 35 12283 32330 4 280 33 5
931 129910 2520 132 20945 1065 21 43 231 628 35 663 25 521 49 17229 16764 33 6 2258 3 4919 6294 7 3 871 7410 4 47 31 9 139061 4000 5
7219 4 12403 581 317 52 1493 20587 14 3 871 4859 7736 5
8616 4 3 164 871 4859 9485 35 17563 33 8 3 652 164 871 4859 4625 35 17563 4 17563 33 31 92443 21 8 4 3995 5
17 928 2329 35 11537 33 71 26 2118 24 3 80191 31660 5
8616 4 3 928 29132 14 3 70624 1506 31 3 684 8417 3 2329 31 3 12510 164 2770 9485 35 33 5
10052 4 3 928 29132 14 31 35 4 76341 33 8 3 2329 31 3 164 652 2770 4625 35 4 76341 33 5
17 1653 7 17241 3 871 7410 24 7220 2520 16 13 3 12403 1708 9 31392 3201 7 9485 35 33 49 4625 35 4 76341 33 14 120 49 120 1808 35 4 76341 33 137 5
35 708 33 8 35 700 33 5
13166 6 3 83538 955 7 8 4 80 71 162 10 9 11065 164 904 8 652 904 6 2258 9 871 4859 9485 35 33 49 4625 35 4 33 14 120 164 49 164 652 1808 35 4 33 5
1301 4 6 4498 3 19547 532 25 3 871 7410 14 9 164 10 446326 35 503 33 4 3 19547 652 16 392 24 3 3235 7 3 1153 4859 7 47 16 3455 24 12538 3 27708 565 53 35 403 33 66 16 973 4936 13 538 9 131804 1506 14 3 871 4859 2228 6330 4046 10 164 32966 508 9 532 652 8 3 34602 10 12510 8294 35 569 33 10 9 1375 152 5
1949 4 24 22933 6 12403 4 3 1273 80191 31660 35 1589 1298 33 71 10793 3383 4046 10 164 32966 463 6 9 160269 15026 14130 486 19 13703 13693 8 8294 5
7220 17241 7 9 532 534 134 4974 3 19547 534 21 9 131804 4434 25 684 6 1945 5
81 678 6 79117 3 532 534 70 72 3 164 904 4 80 27 6 4855 9 56018 565 6 4498 32 19547 534 543 15 32 6453 628 197 5
931 628 31 3455 25 9 9149 7 16764 35 521 49 17229 33 148 9 2854 10768 8 9 392 2119 5
1113 120 4859 60029 5533 71 26 220 6 1506 3 532 534 4 322 23 16 59 92443 19 9 7220 1506 4 4 121 23 2228 11367 3 1652 4046 65 21853 19547 3466 14 19041 684 5
145 7453 16 11597 10 10534 63251 7 9 8942 532 534 5
17 928 29132 7 3 1506 31 684 8417 3 928 2329 31 3466 5
355 3 2329 31 3 19547 3466 3455 25 446326 35 403 33 4 3 2520 3 19547 532 534 5
63069 532 534 79 8942 532 534 16 9 534 47 16 3455 10 32 66851 152 11700 9 20260 1566 5
5602 9 20260 5867 4 2096 3 11455 148 9 392 10768 8 9 2119 4 163 1087 912 4 4321 928 628 71 26 3564 5
145 628 71 26 16771 8 29371 10 9 270 628 197 4 49 1122 270 197 4 133 13 8 76341 15850 4 114 8 31 3 270 2757 7 928 29132 8 2329 3995 5
8616 4 543 15 9 1087 270 197 4 9 8942 534 71 26 2198 8 18213 24 9 7220 1506 4 4 10 26653 66851 152 5
1498 3 5867 4 120 9464 532 1264 71 26 3677 6 3855 3 928 628 5
527 4 6 4556 129 1217 80 8245 3 80191 31660 3876 6 21 238487 27778 31703 10 3 98586 249 6 1849 9 8942 532 534 5
33194 7 35126 2854 19 201026 6589 14 534 98586 249 5
33194 7 35126 2854 19 201026 6589 14 534 43241 5
81 98586 249 4 32 31660 17938 80191 19 7220 16 13075 5
238 9796 4 32 2007 534 29 6 26 7543 5
81 9 614 983 4 65 93 2505 52 3 532 2485 6848 4 16 7081 9 6951 534 47 958 9286 10 9 6951 4859 6 5339 50464 1945 5
81 517 700 4 538 9 20260 1566 7 3 14130 4859 18365 35 47 24457 3 14130 33 3 498 534 16 3677 6 3 30730 25 290 353 164 154 12540 400 4 9863 3 270 2757 8 15850 5
273 534 43241 4 46 31660 5181 3 871 7410 9485 35 17563 33 8 4625 35 17563 4 17563 33 1752 10 4859 904 24 3364 91 24 1816 131804 7220 2520 5
931 129910 2520 132 20945 1065 21 43 231 20260 628 6 2258 3 4919 6294 7 192 871 7410 4 47 31 9 139061 4000 5
17 2757 8 15850 1016 7 110 9 33770 8593 14 3 164 8 652 7269 4 31 1109 3 270 266 35 928 628 33 6 26920 3 871 7410 9485 35 17563 33 8 4625 35 17563 4 17563 33 538 7220 2520 109 47 31 2573 21 8 4 3995 5
17 928 2329 35 11537 33 31 2118 24 238487 249 1010 5
238 23 29 45 277 3915 4 3 1653 7 17241 3 164 871 4859 9485 35 17563 33 24 16 13 3 7220 1708 9 31392 3201 7 9485 35 33 14 120 164 5
145 955 16 12631 10 3 66413 7 3 72846 871 35 517 403 33 5
13166 6 3 83538 955 7 80 31 34 5973 6 9 31276 197 7 4726 684 4 665 7 7623 32 652 22 9 1087 164 94604 4 65 9409 5
2491 3 1081 367034 14 9863 9 270 197 8 3353 19547 3466 35 33 27 45 1681 4 9 84 1185 7 3 532 534 16 3455 10 3 916 7 9 201026 650 4 3 53 10 517 630 5
5406 43241 137325 65 23033 14 532 1496 31 408 385 5
238 532 1496 10 6275 61652 31 59 18213 538 12403 4 534 43241 71 26 1505 65 3 7488 7 3 35 99998 33 120324 72 9 270 197 4 19 4 148 67 6275 534 12403 16 798 58 9 396 9903 5
16436 4 97 9 265 61652 31 1622 14 3 532 534 23033 6 26518 232 6 3 38020 10 446326 35 698 33 5
35 698 33 114 53 35 685 33 35 409 33 238 23 16 1595 10 3 517 1004 7 238487 249 35 98586 249 33 4 9 7220 1506 16 2198 6 26920 3 8942 534 543 15 3 270 2757 8 35 33 5
238 23 18 20 4 192 628 2757 71 26 3455 24 12538 9 80191 565 19 3 1273 238487 249 4 49 24 4229 628 663 25 29182 7 7623 83 532 5310 5
17 20260 1566 6 17515 3 59286 3074 10 9 20430 2119 16 2239 3890 7 97 32 596 1441 163 2190 912 5
12502 4 480 9 8942 534 16 3455 4 23 71 26 5875 3677 6 9 1087 2119 5
527 4 23 16 13750 6 8744 46 534 6 3 166483 3074 8 4935 5
659 112 46 4 10 3 161 2124 80 8850 9 17592 14 532 534 63251 6 532 9 392 2119 17269 34602 538 448434 2854 8 26653 9384 7 9 8942 532 534 5
17 1273 1217 16 543 15 35126 2854 4860 4 23 16 5775 19 9 616 17592 14 17208 695 8 6655 201026 650 60029 5
1949 4 9 175314 2374 2854 7787 16 1273 14 9 276202 650 35 323 4 6833 33 488 6 162 10 32 26653 152 19 9 11065 628 5954 10 10534 5
66 16 533 6 5306 9 629 1653 7 22933 6 201026 6589 14 70624 17241 7 532 1496 5
6832 12403 4 9 8942 532 534 71 26 18213 72 32 30485 270 197 4 4 47 7801 3 270 2757 7 523 8942 1496 3455 25 523 20260 1002 5
273 946 4 290 20260 5867 71 26 617 163 523 912 4 14 3099 11700 523 532 5310 4 3136 523 2119 38060 4 8500 523 5523 17125 21 166 21 117 83 537 23299 5
8616 4 290 20260 5867 36 371 828 6 9 523 270 197 5
8616 4 32 30485 270 197 71 26 3455 21 53 5
1301 4 9 8942 534 18213 24 9 7220 2198 72 9 197 144 27 9 83538 1175 6 293 19 117 523 5771 13 9 2119 142 791 5
73239 1566 659 17515 20430 826 3074 4 9 20260 1566 488 6 16252 3 14130 35 4859 18365 10 238487 249 10 98586 249 33 16 666 5
14130 842 485 34602 25 2119 6 2119 35 66619 2119 34602 33 5
7219 4 10 3 216 696 3 17269 653 125722 31 34 8639 486 2458 222 742 3 2119 16 8004 6 3 216 912 329 168 35 7146 4 2215 2541 4 12594 14930 33 5
145 16 3876 6 21 258900 2119 34602 5
355 9 532 534 16 7520 66851 538 46333 20260 4 3 1375 211059 8 258900 2119 34602 738 6 26 4605 5
1203 7 3 2520 1273 31 543 15 883 3 29491 2106 8355 1506 35 29491 4 4 18114 4 323 4 5282 4 6962 33 49 24465 2106 29991 1506 35 24465 4 6760 33 5
931 2520 582 9 623 44895 10900 4462 14 1327 17269 14130 6 1250 14 146090 12594 32296 8 46941 10446 5
208 3 5435 31 21231 8 92 3 1506 71 34 10366 3001 3 17269 8 12594 14130 4 9 964 773 22609 10 213849 532 5310 142 11851 8417 139307 6281 71 34 26 1722 61 5
38678 8 2541 486 19 731 8 2059 1871 523 2770 7 1506 19393 6 4301 10 11427 970 3 34602 6453 10 3 14130 5
10526 4 826 19 4171 31 5515 3509 6 6404 20754 13 899 528 1327 17269 238496 105 5523 3568 49 2215 1534 15 9 1562 1625 5
1354 29491 2106 8 24465 2106 2520 31 91011 543 8 71 98913 2565 96 2659 19 11264 926 7 2215 1534 5
81 46 1381 4 3 24637 160269 1506 1273 24 8 35 590 33 16 220 6 24457 3 7039 284 35 17229 826 33 47 1819 14 3 523 1543 7 5435 8 34602 5
145 1506 16 32 6804 1506 543 15 3 29991 1506 1273 24 30574 8 42575 35 3824 33 5
17 29991 1506 1273 24 30574 8 42575 6409 67 68434 35 40136 33 6 3001 3 14130 543 15 3 508 284 7 26914 42584 35 48 3856 71 26 170 10 30574 323 42575 35 3824 33 8 10 3 1295 2158 53 33 53 35 697 33 35 800 33 35 630 33 81 3 26914 42584 284 996 4 5
35 697 33 35 630 33 3001 3 893 19 89 7 3 53 15685 17269 4 12594 10 3327 23028 149719 8 15685 12594 7353 38 4 3995 109 40 2007 912 31 53 5828 35 6494 33 4 149719 35 6494 33 8 38 35 6494 33 5
81 446326 35 697 33 61044 16 3 11237 2109 7 17269 2151 17269 28455 25 3 14399 4 16 3 1050 88717 17269 1760 4 89856 16 3 3583 7 3201 7 17269 4 57449 16 9 4249 17269 653 4 106156 16 3 4599 148 17269 21717 8 15685 17269 7353 8 318923 16 3 29006 126375 7 17269 5
81 446326 35 630 33 4 16 3 43947 6226 489 7 12594 4 21456 16 3 12594 3201 3583 8 219054 16 3 3154 489 7 146090 12594 26962 133 13 219054 3082 1635 76341 114 76341 16 3 337 10 3 12594 7543 35 532 652 33 5
17 60401 3280 3082 1356 1362 2610 14 1221 166483 19393 8 10 46 162 3 2770 1221 24 8 35 590 33 31 220 5
931 19393 31 392 10 20498 249 4 8500 9 636 2059 7 1551 18468 5
17 96734 142061 13 1464 10 20498 249 16 3 88717 9512 666 6 2258 3 35 9575 33 35 196 30574 323 42575 35 3824 33 33 5
20498 249 5
15060 19393 5
394789 19241 8576 89856 40181 57449 12604 106156 41942 12116 21456 27900 513940 46219 239178 45687 44965 52377 239178 142061 5853 5
35 697 33 35 630 33 581 9 112968 7039 1506 14 1327 17269 10 15791 249 20430 826 5
527 4 87 6848 4046 52 3 37582 7 1506 19393 10 20498 249 13 12424 6293 34602 297 1562 2770 7 17269 10 826 4 8417 83 1543 7 8466 5464 371 828 6 1506 2119 32421 5
1949 4 10 9 2029 7254 87 6848 38953 7 3 14555 2438 8 3475 3 558 13693 112 34 15234 2258 3 1359 164 10 9 20430 2119 5
8616 4 87 16 4046 10 189 21853 284 164 8 7678 3 3115 7 532 1945 5
10526 4 5266 16 1379 10 70993 17269 10363 47 16 184 533 899 7 34602 35 50243 4 590 33 5
766 192 1543 7 89 6325 5435 86 26 3380 24 7285 160269 6589 10 9 112968 1506 35 323 4 590 33 5
45056 9 45928 39630 2106 160269 650 35 39630 4 13466 33 4 6 3001 3 34602 10 15685 17269 7353 4 71 26 3455 24 27396 446326 35 697 33 21 3177 53 35 947 33 114 16 3 48517 96734 8 16 9 6951 221 4209 24 9 1966 3201 19 9 1153 3628 6 4568 8 9 2029 44398 3628 6 57 5
17 16812 1506 18 220 6 3001 3 14130 21 3 4859 18365 6293 32 596 59286 3074 7 20430 826 19 19393 10 20498 249 5
17 211059 8 258900 34602 10 20430 826 31 18213 538 3082 20130 5
4649 15 4 3 238487 249 35 98586 249 33 16 3677 8 9 8942 532 534 16 3455 5
81 98586 341 4 3 629 4102 7 9 532 534 16 5042 137 3 3979 17269 10809 7 7555 1216 29182 115 538 3 962 14130 1506 35 5
35 947 33 4 35 800 33 8 35 630 33 15261 24 32 19547 534 5
66 16 17123 13 3 19547 534 16 488 6 2769 3049 59286 532 21 17269 926 31 496 4011 122289 35 1461 1583 33 5
121680 10809 14 7555 1216 29182 163 3 8942 534 98586 341 5
121680 10809 14 7555 1216 29182 163 3 8942 534 5
17 161 2124 6274 9 3093 448434 31660 14 10534 63251 7 9 8942 532 534 35 33 6 3 2190 10777 8 4935 7 9 392 2119 5
2491 9 8942 532 534 35 33 29 45 3455 10 32 66851 152 4 23 71 26 9888 6 3 3212 7 9 2190 2119 95 21 6 4498 9 16719 532 534 4 3876 6 21 87471 5
999 7285 90 893 6 3 238487 249 10 98586 249 4 9 84 1185 3682 7 19708 9 8942 532 534 11061 3 532 31660 50050 19 3 2119 16 3455 5
175314 2374 2854 4 8074 25 29280 4 144 26 848 14 1460 5633 21 3 532 534 16 110 6227 35 323 4 6833 109 31916 12283 32330 4 3495 109 144525 4 590 33 5
16816 4 97 9 4279 176 7 3 164 904 36 26 12956 125 3 11075 7 3 80191 565 16 4605 35 44086 323 301082 4 359 33 5
7219 4 154 3 27998 16764 148 3 245 35 8 50 532 534 33 8 9 2119 4 9 1506 7 3 17269 14130 383 26 7520 26653 4 1749 3 534 6 8744 1010 6 893 10 3 2119 1070 6 532 1945 5
273 46 1033 4 3 26653 2854 31660 383 26 3682 7 2957 19 11065 628 5954 6 4219 3 270 628 197 5
659 46 3316 4 17208 26653 6943 6 162 19 14510 182439 201026 650 56018 16 1272 35 43403 12283 32330 4 911 109 323 13754 4 33 5
17 17208 5533 754 537 6 2258 289 5204 628 581 4321 317 3136 3 498 270 2757 14 189 3 14130 8 3 534 5
145 2228 286 6 2123 3 7 3 270 2757 8 422 91 3353 6 1250 14 365094 59286 34602 5
175314 2374 2854 659 1849 131804 7 3 14130 8 3 871 7410 15 3 2546 4 9 18751 1185 7 175314 2374 2854 35 447744 33 7787 383 26 220 26653 5
3062 286 74 4301 143 6 2258 3 104 3982 684 25 9 392 197 7 1026 684 8 153 9 7787 6943 14 695 16764 19 3 2119 35 521 49 4731 33 16 1273 6 4498 1026 628 6 26 304 6 3 270 2757 5
79 1185 7 175314 2374 2854 31660 16 31703 10 98586 459 47 16 3876 6 21 447744 31660 49 238487 341 5
175314 2374 2854 31660 98586 459 5
175314 2374 2854 31660 5
86237 3982 684 12097 9 392 197 7 1026 684 5
134 236 6 871 91 10 90 152 5
8616 4 80 27 6 7577 91 232 6 13 871 8 5339 3 57 19 3 1391 871 5
81 26653 534 2854 532 4 9 206 164 144 581 189 317 1811 52 3 35855 871 4859 8 26 488 6 1128 4046 52 3 19547 3466 5
16816 4 32 4756 4859 13 15419 189 8808 6 489 3 1277 7 1026 684 16 220 35 12283 32330 4 280 33 5
24106 4 3 104 3982 164 16 3 57 13 77180 3 230 4756 4859 4939 21 3177 35 302 33 114 8 31 220 6 532 3 72076 4 8 3 31392 1153 8 48517 7 3 871 4859 31 35 1004 33 35 985 33 114 16 3 30485 54861 40056 65 150 35 1135 33 8 16 226 54861 60401 133 13 5
10052 4 16 3 54861 40056 133 13 8 16 3 54861 871 43420 21 5
100234 11856 35 17563 4 17563 33 16 9 54861 4859 21 1321 2573 10 446326 35 704 33 4 2191 2631 4216 5
17 4756 7 9 1026 164 21636 143 146 676 5157 16 230 25 23 65 2466 83568 35 74 1043 10 446326 35 302 33 33 8 143 4179 16 230 6 26 392 3 498 928 29132 7 3 7220 1506 14 9485 35 169 1043 33 5
17 169 1043 10 446326 35 302 33 16 3999 1547 6 3 230 8895 317 35 92541 33 7 3 31392 3201 49 3 41171 35 4 590 109 323 4 3824 33 148 3 31392 201026 3201 7 8 35 33 5
17 19393 8 31 220 6 774 123 459997 10 652 3394 19 317 1811 47 16 666 14 26653 534 9384 5
79 528 35 1432 33 871 7 18506 628 9124 1537 19547 3466 4 8417 9 528 871 35 1432 33 10078 5656 317 543 15 3 2655 48517 7 3 871 4859 14 19041 684 22 523 421 4290 5
62618 3 3982 684 95314 3 534 6 3 2119 2106 14130 2818 51283 3096 3 1506 7 3 14130 8 24658 3 871 4859 1506 4 4 36 59 26 2069 5
12502 4 3 270 197 383 26 3353 19 958 44818 684 5
81 3 1273 447744 26653 31660 7 98586 459 4 9796 3459 31 304 24 27319 1752 19 3 2119 5
81 1243 4 137 447744 1460 5633 19 532 1945 16 617 8417 427 1945 13 142 321 3 2119 6 11196 684 31 5259 5
659 1224 19 4 9 1460 385 8942 532 534 35 33 16 3677 5
1301 4 21 3 63251 7 3 534 25489 4 3 3979 534 16 1576 12695 6 3 2119 5
12487 4 3 2119 16 10 164 5
81 290 367034 7 3 63251 31660 35 962 1298 33 4 9 84 230326 4939 21 9 164 652 35 14937 4 28825 33 4 3979 25 3 11455 19 3 2119 35 521 49 4731 33 16 3455 5
355 3 2119 16 10 9 164 4 1460 5633 16 617 24 427 1945 72 9 1087 197 13 2464 3 1652 4046 52 3 19547 652 5
145 197 71 26 4939 21 9 6158 10 3 16079 12634 14 6098 32 652 5
134 8850 6 3434 46 197 543 15 3 1493 12634 7 67 2029 64441 35 33 180 3 1153 7 3 652 3201 5
8616 4 80 4498 32 12634 19 9 1493 653 7 5180 202 14 19547 652 3394 5
17 1153 871 16 392 24 3 1153 4859 7 3 498 12354 22 8 3 2029 44398 16 392 24 3 4859 7 3 5
11333 503 137 700 10 3 447744 31660 35 98586 459 33 31 3 1959 1272 6 7673 5
1655 517 704 6 407 4 9 4644 6 4498 3 197 16 962 4 114 307 150851 32966 25 14 70 31 17229 5
1301 4 24 3 4644 3297 10 3 8941 4 3 104 3982 164 35 517 403 33 383 26 2118 5
17 652 4 47 1929 828 6 3 17229 4195 25 6 4 16 1109 21 3 282 652 6 26 3677 6 3 2119 35 517 698 33 5
2491 3 11455 10768 2119 1141 254 35 517 685 33 24 7623 4 3 164 4195 16 6453 4 8 9 3 84 1026 230326 16 4939 35 517 409 8 630 33 5
7179 10 9 37323 4538 27 45 3639 4723 10 29280 14 695 7379 7 70624 2520 5
9049 4 4538 27 45 2164 19 56018 4538 35 4 4 323 4 2076 33 10 678 6 2123 3 46333 10119 5
26666 4 10 3 162 7 8 13754 35 33 32 17208 695 35 276280 33 5018 29 45 1273 47 16 2638 3581 10 3 216015 172930 248 20085 31660 1273 24 43403 12283 3462 5
35 911 33 5
659 1368 1908 46333 569 10 26653 534 2854 4 480 9 84 230326 1770 3093 317 16 7947 4 3 397 13 3390 3 248 317 25 3 270 197 144 26 2207 5
999 18166 17208 695 76 3 1217 4723 24 3 238487 249 4 32 17208 3394 7 5036 13 31 220 6 4219 3 270 197 16 537 5
24106 4 3 7220 2520 7 3 14130 8 3 871 4859 31 1206 3353 24 21072 21853 40 62230 19393 5
231425 2854 7 3 2520 220 6 26920 8 31 1568 14 11065 534 9384 6 9 392 2119 10777 5
4752 4 32 20071 52 3 17208 695 5533 16 392 5
6876 1056 15 276280 71 26 170 10 3 1131 7 8 13754 35 33 8 43403 12283 3462 5
35 911 33 4 8 8785 34947 5
1949 4 3 7067 16 3876 6 162 7 7744 12283 3462 5
35 6833 33 14 9 3093 6582 7 26653 19 49668 1884 2854 5
17 614 5141 16 13 3 54861 40056 144 26 1816 4041 5
214 16 6 1377 13 120 5907 10 3 270 197 71 34 26 180305 3380 24 3 83 5036 5
1301 4 14 695 4 3 2370 867 16 13 92 32 5204 230326 71 26 180305 3380 24 3 628 10 3 270 197 4 23 144 34 26 304 5
20216 13 22 89 9575 4 3 270 197 29 15441 628 266 133 13 4 114 4 24 1444 4 31 180305 1216 2419 83735 5
355 9 84 230326 4 4 8144 4 3 629 2409 6 2258 6 1865 289 23 71 26 180305 3380 24 3 1806 628 10 5
458 4 2279 289 16 180305 6325 15 628 266 16 1272 5
17 27728 9295 35 12283 32330 4 2391 109 323 518108 4 1278 33 71 26 5559 24 35 889 33 12502 4 65 3390 90 16580 121 9 8515 4 23 383 26 304 6 5
24106 4 46 4644 3899 6 1311 97 3 4279 642 7 164 904 19 9 1574 270 197 5
81 446326 35 889 33 80 27 9 60401 9 3082 35 4 4 743 33 3116 7 225419 161185 7 27728 9295 47 71 26 2118 24 29404 21 3177 35 605 33 114 8 5
80304 3 87625 27708 565 7 446326 35 605 33 6819 3 19547 9 3082 5
43639 46 665 10 446326 35 889 33 1929 828 6 35 1239 33 2491 16 43420 24 446326 35 1239 33 14 9 84 628 397 4 50 871 16 677 19 3 8515 8 9 421 6 12874 76 3 197 351 5
81 3 7 238487 459 10 98586 503 31 3 689 1959 14 3 4644 5
31660 98586 503 5
31660 5
81 3 31660 4 65 6117 8 3 270 197 1646 16 1731 58 50 3235 1646 35 33 4 383 26 3353 538 3 238487 9610 10 98586 500 5
16024 3 221 7 628 10 3 197 16 383 26 3353 24 5726 32 551 397 24 3 84 57 5
81 3 4991 267 4 3 238487 9073 7 98586 708 47 1141 76 1250 3 39177 8 49668 13324 7 3 628 137 9 21152 489 1356 1362 35 323 13754 4 33 16 220 5
17 21152 489 4939 21 35 1173 33 114 122019 16 3 89 65 3 397 4114 18 848 76 8 3 96734 18398 3466 3 34113 148 39177 8 49668 1676 5
17 3297 110278 694 10 201601 9610 8 9073 31 392 10 3 546757 79 8 2636 4 3995 5
238487 6 32697 3 270 197 24 18166 9 84 628 397 98586 500 5
238487 6 32697 3 270 197 24 18166 9 84 628 397 5
238487 6 4219 3 270 5726 32 551 628 397 24 9 84 57 98586 708 5
238487 6 4219 3 270 5726 32 551 628 397 24 9 84 57 5
238487 14 521 89 534 63251 6297 15 3 80191 6684 4 3 238487 503 6755 10 98586 700 14 534 2854 8 9384 16 1273 5
145 31660 16 488 6 8744 26653 9 534 24 27319 19 9 2119 10 521 89 5
17 63251 650 770 2674 25 9 8942 532 534 6 9 1654 16719 532 534 8 1947 23 3353 72 89 5
12487 4 23 16 5892 13 9 8942 532 534 47 71 26 3455 21 18 2573 10 8941 7170 16 558 5
145 534 16 18213 24 9 7220 1506 4 79022 5
5
7219 4 3 270 197 47 4088 3 1506 16 424 5
238 2573 10 517 459 4 3 8942 534 16 3677 6 3 2119 154 12540 400 5
81 46 152 4 164 652 32966 31 6453 8 2236 10 9 197 5
2927 4 137 3 31660 4 3093 628 266 31 1658 538 238487 459 47 1708 7034 317 6 4219 35 517 500 33 5
1301 4 3 2520 8 31 3353 24 21072 21853 40 12510 62230 19393 538 3 270 197 35 1583 700 6 782 33 5
231425 534 2854 8 9384 31660 98586 700 5
231425 534 2854 8 9384 31660 5
231425 534 2854 10 238487 503 1141 254 10 3 14808 4939 25 1583 407 6 1173 5
5602 175314 2374 2854 35 238487 341 33 4 1460 5633 125 27319 19 3 2119 16 115 24 6098 3 282 652 14 3 498 2119 164 5
2491 3 532 652 16 3677 4 3 628 397 14 6453 164 4195 16 558 8 2236 10 35 517 403 33 5
999 770 7 238487 459 4 3 270 197 16 3353 532071 1708 4321 317 35 517 698 33 5
4649 15 4 3 14130 1506 16 3353 543 15 3 4991 1185 7 35 517 685 33 5
81 46 152 4 32 3353 1185 7 3 1506 220 6 4301 3 2119 1070 6 532 1945 16 558 5
1949 4 32 2069 1185 7 3 532 534 9888 6 3 2119 2106 59286 34602 16 3455 5
81 517 697 4 3 72846 2854 1396 16 6227 6 4219 3 72846 2770 3136 32 2090 5157 24880 35 94604 4 399633 33 8 9 4911 2916 5
17 871 4859 8 3 14130 31 92443 24 7220 2520 4 3475 3 5435 52 871 4859 8 14130 27 45 351 76 1250 5
13166 6 3 83538 955 7 8 4 65 3 230 871 4859 7 16 43420 87 16 93 236 6 8916 6 9 31276 197 7 4726 684 5
8616 4 10 3 66413 7 192 230 2770 4 3 230 871 7 22 9 4726 35 5344 33 164 16 1221 21 962 10 3 74184 3298 35 12283 32330 4 280 33 5
4649 15 4 10 3 161 14 14808 35 517 630 6 985 33 4 19 3 43420 72846 2770 8 70 1945 4 9 1506 7 164 652 871 4859 4 4 16 2198 5
1301 4 3 19547 532 16 3 32838 2685 7 3 72846 2770 14 9 1087 164 94604 4 8 3 871 4859 35 94604 33 22 94604 16 3 12510 3235 871 5
659 14391 4625 14 9 1087 164 94604 4 2029 27708 4309 133 21 3931 2124 49 146376 12231 31 220 5
11346 13 2520 9 4859 7 28825 97 121 94604 16 3601 5
81 46 152 4 3 19547 652 16 3455 137 35 94604 4 28825 33 35 28825 33 4 3 3235 7 3 1153 4859 35 28825 33 7 5
2491 3 19547 2770 31 43420 4 9 7220 1506 4 4 6 26920 3 164 871 4859 16 2198 5
7219 4 19 70 8 3 19547 3466 43420 10 517 302 14 70 32 3353 1185 7 3 532 534 71 26 92443 24 9 84 7220 1506 4 47 16 3876 21 10 3 367034 9421 7 3 238487 503 5
238 61652 7 238487 503 31 115 4 3 63251 650 7 3 532 534 1141 254 5
134 140 13 87 16 9 63251 121 3 14130 7220 1506 4 4 16 2198 19 628 663 25 1821 16764 19 3 2119 35 521 49 4731 33 5
3701 337 10 2119 2106 7039 3074 36 26 4669 10 3 4919 2981 7 3 3883 628 5
12502 4 3 7039 1506 383 26 3353 10 290 367034 7 238487 503 5
16816 4 3 6633 2000 7 2053 9 885 492 5
84630 59286 1070 24 2228 9 8593 47 71 26 2069 14448 6 3 2119 3074 543 15 628 25 27998 16764 5
24106 4 9 534 63251 16 115 121 3 164 871 4859 5473 15 3 7039 1506 8958 8 3 534 1506 4 5
11346 13 16 7520 543 15 19547 3466 4 47 5473 15 3 1506 47 4 10 786 4 5473 15 164 1945 2770 35 43420 10 517 697 33 47 31 1221 538 3 14130 1506 5
80191 9937 14 17269 3013 60054 10 20430 826 770 5714 3 17269 653 496 3 1079 5
81 3 4171 601 668 87 16 34 6182 809 52 9 2665 8 2029 1079 14 5
273 3099 4 10 90 601 3174 9 139307 715 16 4939 538 9 798 8515 7 52798 35 33 14 3 17269 653 4 125 461 197 3 798 4787 14 22 52843 35 33 5
15814 4 10 3 1806 6854 16 537 6 384 13 993 31 4939 538 25 183 35 33 4 409 35 33 4 206110 35 1992 33 8 55 6 630 35 33 4 47 16 9 177 1778 653 5
66798 11612 7 59286 34602 1368 2489 1739 7436 7 4171 4 171463 5
3 67433 2847 4 13 4569 6 474 59344 8 9382 35 89049 4 4 142592 4 21032 4 323 12585 4 2076 109 12283 32330 4 590 33 5
273 15 534 2854 4 3 1079 16 4939 24 17269 926 148 503 6 700 5
931 8095 16275 371 828 6 9 48 841 532 2485 47 5948 3 236 7 6330 3 1739 1896 7 532 1945 5
81 3 80191 565 24656 4 3 798 8 4416 16275 14 17269 926 31 197 24 6098 32 3206 5157 4859 5
81 129 20260 8365 4 3 508 201026 5157 4859 16 220 53 35 1227 33 114 5828 35 9575 33 16 3 44676 2043 25 3 17269 15721 8417 8 9 31 3 38260 1055 8 3 97727 7 3 201026 4859 24880 35 17563 33 4 3995 5
218813 4 3 5157 4859 3380 10 446326 35 1227 33 147342 14 964 64441 25 5
17 22690 7 3 17269 1975 16 4939 24 3 96734 9 5
81 678 6 8063 17269 926 148 503 8 700 4 3082 8566 8 9 3082 249 31 3467 5
66 16 973 15606 13 192 2980 31 34 6640 34082 121 43 142 26 8641 24 9 396 1058 154 814 4736 7 89 5
11346 13 3 19547 534 144 3855 9 9149 7 532 1945 133 13 3 16364 5157 16 85544 1016 7 32838 290 2090 5157 5
81 98586 704 4 6200 7 523 5157 7410 14 523 2770 7 3 96734 9 31 1595 5
238 71 26 381 4 21 3 871 7 9 17094 4 3 5157 4859 17628 9 1731 12634 7 17269 12276 8 24658 3 532 2485 16 48 3558 5
34417 7 201026 5157 7410 14 523 9 19393 19 98586 704 5
34417 7 201026 5157 7410 14 523 9 19393 19 3082 8566 5
659 14076 3 1102 7 2571 3 96734 9 10 3 5157 4859 4 98586 782 16323 10809 3979 7 7623 3 19547 1496 170 24 538 238487 249 35 10 98586 249 33 14 3 216 2119 35 17229 33 163 8639 912 35 4420 4 2541 4 4703 5 33 5
273 9 3082 3127 4 3 532 534 16 5944 35 196 98586 782 35 9 33 33 742 623 33302 65 677 6 3 146 8095 534 3979 25 538 9 3082 249 10 3 5157 4859 35 196 98586 782 35 8862 33 33 5
238 71 26 230 4 3 12510 532 534 16 9 1023 48 3137 10 3 4991 267 6 3489 19547 773 5
66 16 973 4936 13 1461 16228 1583 10 98586 782 35471 6 4011 34082 14 3 1327 17269 16022 10 3 1079 25 503 6 700 8417 1426 3349 1583 35471 6 572 34082 3511 6 34064 306807 49 62230 59286 16275 5
100234 4 3082 8566 8 9 3082 249 36 26 3112 2191 2631 4216 5
11391 3455 137 238487 249 14 67 523 9937 7 3 98586 782 5
11391 3455 137 238487 249 14 67 523 9937 7 3 96734 9 14 3 5157 4859 5
35 9 33 9 3082 3127 109 35 8862 33 9 3082 249 5
659 2780 3 80191 6684 4 9 1652 492 16 6 7673 3 23394 13 115 55 3 60401 47 1708 9 7059 7 3 284 164 5
659 46 3316 4 3 5559 1327 17269 7353 22 89 9575 35 286965 33 8 3 12594 3154 489 10 3 767 89 1092 31 220 6 26077 3 59286 164 7 3 2119 22 89 224603 81 46 152 4 9 7059 7 3 284 164 16 21008 4939 137 3082 35 286965 4 33 8109 10526 4 3 463238 532 652 4 76341 4 16 3112 21 3 337 6 3 12594 14930 489 5
622 1653 7 74876 3 284 164 10 46 152 16 13 23 97 4589 10793 424 23394 4 483 43 31 25746 385 6 4301 3 29991 164 7 9 2119 14 3639 6573 1327 17269 5
85564 9 8942 532 534 10 123 517 152 79 8942 532 534 14 17269 3013 18 3455 24 448434 2854 538 3 213849 31660 2209 10 98586 249 35 238487 249 33 5
19147 6904 6 532 1945 42 17229 538 3 1506 2209 10 8941 7259 19 19393 10 20498 249 5
659 5548 238487 249 4 523 5523 17125 42 1109 6 4498 3 12510 8942 532 1496 5
17 7039 1102 7 9 5523 15 1327 17269 3074 2638 5473 7 50 46941 9339 5
901 7146 10494 2573 10 20498 341 47 31 2537 523 3136 3 46941 53782 31 1109 5
81 98586 183 4 3 1102 7 46941 353721 7 290 5523 4082 35 392 10 20498 341 33 10 970 7 3 17269 28455 25 3 14399 61044 31 1595 5
79 5523 71 26 3055 21 32 6404 15026 13 3117 1327 17269 238496 8 23 16 4116 6 15564 3 522 5
66 71 26 381 13 3 64171 2453 16 2537 48 6696 10 1043 7 46941 53782 5
20498 341 5
38049 10494 5
55946 4082 38 55946 4082 2453 55946 400 35 13063 33 1356 7183 32864 47902 94867 1362 1356 7183 1992 8807 32518 47946 79236 1362 419993 2038 35 19440 33 1356 302 302 1054 302 1362 1356 3573 697 4937 1078 4937 1078 1362 16156 7 17269 28455 25 3 14399 14 3 7146 10494 10 20498 341 98586 183 5
16156 7 17269 28455 25 3 14399 14 3 7146 10494 10 20498 341 5
35 9 33 61044 14 5523 4082 38 109 35 8862 33 61044 14 5523 4082 2453 5
17 17269 10809 3979 7 7623 3 19547 1496 170 538 238487 249 14 3 216 2119 35 17229 33 163 5523 17125 38 8 2453 4 3995 4 31 392 10 98586 270149 8 8862 5
81 46 267 4 3 31660 29132 31 53 19 3082 500 114 133 13 428974 8 108617 31 6951 2770 25 20587 428974 1356 1362 8 108617 1356 1362 109 3082 183 202 4 3082 56159 8 16 9 6951 534 5
17 893 10 12594 14930 489 31 2828 329 708 13063 4 15121 16 220 6 1377 54561 60240 5
121680 10809 24 7623 3 19547 8942 534 170 24 238487 249 15 98586 407 5
121680 10809 24 7623 3 19547 8942 534 170 24 238487 249 15 9 2119 35 4731 33 5
35 9 33 11391 14 5523 4082 38 109 35 8862 33 11391 14 5523 4082 2453 5
11391 13075 10 98586 407 1798 4459 13 532 1945 666 6 8114 3 1327 17269 926 14 3 64171 2453 16 48 3545 10 970 7 3 146090 12594 1272 5
527 4 10 189 745 3 89 3892 7 12594 14930 1272 16 21578 31270 19 3 17269 28455 489 5
268325 34602 14 189 5523 17125 16 2537 799 8 189 532 1496 7902 3220 773 5
66 16 973 4936 13 14 523 46941 53782 4 3 1327 17269 7353 16 535 9183 496 3 1461 19130 1583 21 71 26 230 14 32 19547 532 534 5
17 6928 7 17241 3 1496 24 7220 2520 2228 10503 3 270 2757 7 523 8942 1496 4 47 31 3455 10 9 6564 152 137 523 20260 8365 35 196 8941 7170 33 5
81 46 152 4 80 4498 9 84 8942 532 534 543 15 32 30485 270 628 197 47 1038 3 270 628 7 1496 3455 14 5523 4082 38 8 2453 5
8616 4 3 84 8942 534 36 27 32 3220 83538 1175 6 293 19 523 5771 13 9 2119 142 791 5
134 960 46 84 534 14 5523 17125 10 20498 341 5
81 98586 403 4 523 960 8365 31 1595 5
3194 5867 1038 7555 29182 14 9 2119 35 4731 33 163 9 5523 4082 35 38 49 2453 33 2016 523 3964 7 34602 10 59286 3074 4 47 16 2203 24 3 96734 10 3 1506 2994 10 8941 7259 5
2954 8365 98586 403 5
2954 8365 5
3194 1801 842 7555 3979 17269 10809 14 17229 826 19 34602 96734 7 29487 4 20130 8 34231 163 189 5523 17125 38 8 2453 5
35 9 33 11391 14 3082 29487 8 5523 4082 38 109 35 8862 33 11391 14 3082 20130 8 5523 4082 38 109 35 8258 33 11391 14 3082 34231 8 5523 4082 38 35 5547 33 11391 14 3082 29487 8 5523 4082 2453 109 35 16054 33 11391 14 3082 20130 8 5523 4082 2453 109 35 18365 33 11391 14 3082 34231 8 5523 4082 2453 5
98586 698 842 9 983 114 87 6848 1144 272 46941 53782 41996 10 89 35 196 98586 698 35 9 33 33 5
98586 698 35 8862 33 13875 3 12510 665 14 46 2279 267 5
11391 3455 5441 13 3 3455 8942 532 534 71 3639 532 59286 34602 125 5714 23 496 3 1460 1079 35 4011 34082 33 5
81 98586 685 4 3 3638 983 114 3 2119 3177 9 112968 3074 16 1595 5
66 71 26 381 13 3 534 25903 32 19547 773 14 5523 4082 38 35 98586 685 35 9 33 33 8 4082 2453 35 98586 685 35 8862 33 33 5
11346 3 532 565 2742 623 1906 65 3 534 3455 538 238487 249 16 3677 5
81 3 161 2124 4 3 8942 534 16 351 21 3 2007 534 47 36 26 16719 10 10534 6 9 1087 2119 538 3 238487 503 5
27311 267 98586 698 5
27311 267 5
35 9 33 19465 7 17269 28455 25 3 14399 7 9 2279 5523 4082 109 35 8862 33 11391 7 6573 3 2119 163 3 2279 5523 4082 5
112968 267 98586 685 5
112968 267 5
35 9 33 11391 14 3082 94081 8 5523 4082 38 109 35 8862 33 11391 14 3082 94081 8 5523 4082 2453 5
3188 89 63251 7 9 8942 532 534 2151 26653 16764 17 689 1884 148 66851 2854 8 26653 9384 16 13 10 3 4991 4 3 534 16 5607 543 15 3 628 958 4209 10 10534 24 695 16764 148 3 2119 8 3 7732 28665 47 34427 3 238487 503 5
659 14076 26653 534 9384 4 3 8942 534 16 351 21 3 1204 397 8 153 1576 16719 6 9 2190 2119 1918 628 3455 25 7623 5
238 9 8752 14 9 521 2119 4 3 1506 962 10 8941 7259 16 133 13 3 534 220 112 34 27 32 19547 773 5
8616 4 1994 142061 3082 39964 35 88717 9512 96734 33 8 2016 3 5523 4082 38 35 20498 341 33 65 7623 6 3 4731 2119 4 23 71 26 381 10 3 522 1595 10 98586 409 13 46 2007 534 13875 32 5944 773 4 44 87 16 2479 7 787 14 773 3096 137 10534 63251 5
13385 7 21 2007 534 14 9 2190 2119 163 5523 4082 38 98586 409 5
13385 7 21 2007 534 14 9 2190 2119 163 5523 4082 38 5
11391 3455 14 3 63251 1264 538 3 238487 503 154 218 222 35 35749 33 31 43628 10 98586 697 5
17 31660 29132 31 53 3 8942 534 19 50 270 628 197 4 3082 249 4 3082 341 4 3082 56159 8 3 5157 4859 24880 35 17563 33 16 3 57 962 10 8941 12018 5
3194 1801 10 98586 697 42540 6 9 1562 336 7 238487 503 5
66 16 623 4427 3 2025 6942 25 9 1460 4 483 147174 8942 534 6 32 19547 16719 532 534 5
66 71 26 381 13 54 3 296 168 7 534 63251 4 97 2846 893 31 6085 10 3 2119 2106 59286 34602 65 3 7732 28665 34427 3 9888 532 534 5
11391 7 218 222 7 9 534 63251 1303 61 24 238487 503 4 98586 697 5
11391 7 218 222 7 9 534 63251 1303 61 24 238487 503 4 1204 25 4 14 9 35 4731 33 2119 163 3 5523 4082 38 5
804 4 879 286 4753 13 3 216 35 4731 33 2119 3453 893 30 4420 54 3 168 5527 500 8 31875 3 5523 4082 2453 5
11391 3455 65 3 2119 16 3275 538 3 498 534 31 1595 10 98586 800 35 1963 13 26653 534 9384 16 34 483 1303 61 33 5
238 71 26 381 4 3 1185 7 3 10676 534 16 20954 6 3009 3 17269 34602 7 3 2119 35 4731 33 5
659 8744 3 534 6 3 84 7146 5195 4 3 238487 503 16 3677 5
81 98586 630 4 522 3455 154 26653 534 2854 72 218 2458 222 31 1595 5
10052 6 98586 697 4 290 1801 7 98586 630 842 9 1562 336 35 35749 33 5
17 3070 7 3 534 21 3 36722 7732 28665 50050 19 3 2119 16 1144 4427 5
13385 7 14 9 2190 2119 163 5523 4082 2453 98586 800 5
13385 7 14 9 2190 2119 163 5523 4082 2453 5
11391 7 3 161 218 222 7 9 534 63251 1303 61 24 98586 630 5
11391 7 3 161 218 222 7 9 534 63251 1303 61 24 238487 503 4 1204 25 4 14 9 4731 2119 163 3 5523 4082 2453 5
8077 4 879 286 4753 13 3 2119 3453 893 30 7146 4082 133 13 46941 53782 1667 3 3892 1595 10 98586 531986 5
208 3 532 534 16 3677 522 3455 31 392 10 98586 4 47 13875 13 3 7732 28665 16 20954 5
8077 4 92 26653 534 2854 16 1303 61 72 3 161 2458 222 4 19547 532 7 59286 34602 16 5409 35 196 98586 302 33 5
5045 10 7146 6662 98586 947 5
5045 10 7146 6662 5
35 9 33 19465 7 17269 28455 25 3 14399 14 3 84 4420 109 35 8862 33 13385 7 14 3 4731 2119 163 3 84 7146 4082 5
11391 7 3 161 67 222 7 9 534 63251 1303 61 24 98586 302 5
11391 7 3 161 67 222 7 9 534 63251 1303 61 24 238487 503 4 1204 25 4 14 9 4731 2119 163 3 4991 5523 4082 5
79 1264 14 26653 2854 8 10534 9384 7 9 532 534 14 63251 7 32 7732 28665 6 9 2190 2119 29 45 2209 5
145 726 16 32 533 1092 850 1537 32 46982 4233 10 4171 891 5
4749 83 33855 6599 4 534 63251 12966 9 63355 2155 47 2228 9 10534 11065 11455 19 3 2119 11061 1568 2119 628 31 220 6 4219 26653 3 1506 7 9 2190 2119 14130 5
145 7928 13 3 532 534 71 26 9888 15 3 2546 232 6 9 392 2119 24328 8 4935 5
999 2016 166483 628 8 418 19 11065 628 5954 276 4951 120 164 4 3 26653 63251 534 71 26 3677 5226 47 532 1264 18 220 6 7673 3 2007 534 5
214 16 4 3 2007 534 51 26 3455 538 35126 2854 49 196186 317954 5
527 4 175314 2374 2854 31660 8 3 31660 345 9 629 604 10 19555 129 80191 24656 5
7219 4 9 9824 8593 7 3 532 534 18213 543 15 12403 47 6464 35023 10534 8116 16 1273 5
145 16 3 689 1653 7 3 1273 1217 14 50 7254 10 40360 2438 5
10212 17269 532 16 45228 9 3013 565 14 47 80 27 1273 129 1217 543 15 3 80191 6684 4446 3 1581 115 10 4693 10154 8 24652 35 33 47 9317 6 3 857 7 7039 5979 8 18 1589 6 4855 2638 32 46660 2854 2485 10 9 147415 1994 5
1949 4 10 4693 10154 8 24652 35 33 2854 16 543 15 12540 463 6 532 23865 8417 10 3 1379 162 241331 12540 16 220 5
17 175314 2374 2854 1264 10 129 767 162 35 4693 10154 323 24652 4 33 18 1589 14 9 448434 185455 47 16 34 17098 385 14 534 9384 10 10534 16764 5
12502 4 10 3 1379 162 32 2069 447744 31660 3682 7 27319 10 10534 19 9 1087 2119 16 1273 5
1949 4 3 1379 726 1038 9 31660 13 2228 418 19 9 1574 221 7 628 14 70624 17241 7 3 17269 14130 5
931 2000 754 534 9384 9 46333 171627 565 47 3153 418 10 10534 5
4749 32 2516 284 4 534 63251 16 1303 61 276 120 2543 2516 2505 1281 3 2007 532 534 220 21 9796 6 3 31660 5
364 7 3 346 9705 7 3 601 162 115 95 300 3443 10 22933 6 10 2119 26753 14 11367 534 63251 5
12502 16 13750 6 960 534 9384 15 521 826 4 49 2226 4 14 47 16 6640 418 21 176 7 9 53935 205 5
81 786 4 46 16018 9751 9 2586 14 129 426 162 5
349 3 83 881 4 3 80191 14264 23462 141 163 912 14 18751 652 3394 35 12567 323 225226 4 2804 33 5
12502 4 23 16 2794 6 1384 3 2177 7 14426 129 1581 24 25480 2516 2505 6 132 1065 7 3 16719 534 95 13 23 71 26 333 3055 24 7018 4 8 15 13 1625 927 12453 71 26 304 5
9457 601 768 1101 15 108 18784 5
1532 4 80 31 418 1537 17938 3 16719 1496 7 826 10 9 62736 182 10 9 2823 534 47 71 26 220 21 9 5394 2007 534 14 9 84 2119 10 3 216 182 5
20379 4 3 4275 867 7 32 113981 7732 28665 16 110 8089 5
81 46 4974 4 7117 27708 35 534 63251 33 16 100 57 7 3 629 7410 5
1949 4 124505 8 307259 108506 31 110 1589 5
5583 4 83475 534 63251 95 23 71 26 10793 220 10 12741 8 100858 16 32 533 6905 14 1773 37890 7 3 534 63251 867 5
74184 79 5
189317 65 79841 9 628 197 16024 9 270 197 16 30485 24 1463 9 84 628 397 4 3 27728 2744 1170 14 70 383 26 3353 35 43403 12283 32330 4 911 33 5
145 4589 18298 161185 4 8 174774 14 329 4114 25947 397 5
8616 4 3 40098 383 26 2262 24 9 8 174774 24 9 837 871 4 133 13 35 33 35 33 114 19 5
473 3 5
35 33 8 35 33 4 3 43655 54861 40056 16 392 24 35 33 1301 4 3 2744 1415 14 70 397 16 392 24 35 33 110 35 33 114 11348 5
74184 2636 5
189317 65 5726 32 551 628 24 9 84 57 10 9 628 197 3265 89 13 9 628 397 16 2445 24 9 84 628 10 4 3 2744 1415 14 70 397 383 26 3353 35 323 13754 4 33 5
145 4589 9 13521 7 3 7 40098 8 3 871 7 11856 4 46 16 35 33 35 33 114 4 5
1301 4 3 2744 1170 383 26 3353 21 10 446326 35 33 4 114 35 33 125 71 26 99065 538 3 508 4219 1396 35 33 114 35 33 114 8 1356 2990 1362 68806 3 1843 7 9 392 40056 3271 74184 4854 65815 19 5344 29132 81 3 508 80 7253 6 3 522 392 10 12283 3462 5
35 280 33 7 143 6 4764 19 12403 14 5344 29132 5
3 565 7 7678 9 4859 871 18398 35 33 14 32 5344 960 9796 47 16 201026 5146 4 114 18398 7220 19 9 2842 46279 35 25063 33 4859 11856 35 17563 4 17563 33 35 21 10 446326 35 704 33 33 4 35471 6 1147 3 5551 31392 3201 53 35 33 47 16 34 9 201026 3201 5
17 1153 8 3 48517 7 3 31392 3201 9421 35 18398 35 33 4 33 10 446326 35 33 31 392 24 5
35 708 33 8 35 700 33 4 3995 5
355 9 7220 1506 11084 9 2842 46279 35 25063 33 54861 4 35 17563 4 17563 33 4 3 1153 8 3 48517 7 31392 3201 10 446326 35 33 71 26 43420 10 408 916 5
91415 3 5551 31392 3201 19 9 201026 4 47 22576 3 216 1153 8 48517 4 3 1153 16 392 24 53 35 33 19 4 114 322 4 16 9 38540 40056 19 3 15565 4385 16506 5
17 48517 7 3 31392 3201 7 446326 35 33 16 392 24 53 35 554277 33 114 19 5
11346 4 13 3 31392 1153 8 3 31392 48517 5524 12067 15 3 1153 4 4 8 40056 4 4 7 3 5344 9796 5