17 42343 39937 238487 1589 24 22664 12283 3462 5
18 3581 24 3 152 10 47 79253 141351 8342 496 3 193733 103 110 531 76 3 1327 284 5
17 8342 79253 141351 7902 32 2794 15565 4 10 13 43 31 97 13097 24 346178 2469 13 16614 3 746 636 5
17 42343 39937 238487 136266 32 24612 7100 4859 6 28207 289 3 24612 148 9 3340 4209 35 31361 33 79253 255292 8 9 7117 2052 16 287 58 9 1654 8515 109 13 16 4 289 3 79253 255292 16 13097 24 3 7117 2052 5
79253 141351 34 13097 24 7117 5243 343 8342 79253 141351 5
79 84 24612 7100 4859 18549 3 2419 9674 1396 16 2042 10 46 1381 5
17 2419 9674 1396 136266 3 273420 148 189 9545 8 14510 9545 2000 7 9 1654 565 9962 6 2258 289 32 45968 16 13097 24 32 7732 255292 5
17 773 7 3 2419 9674 1396 16 21539 19 1510 24612 7100 7410 4 1001 4723 496 42343 39937 201601 4 104 5482 3 24880 14838 1396 35 47 280236 3 24880 43287 8675 1396 33 8 3 124770 3457 1396 5
145 1381 842 13 3 2419 9674 1396 6464 11657 3 9674 713 8 2915 5590 713 16008 24 3 31361 35 62551 3 24880 14838 8 124770 3457 1396 33 10 1243 6 68430 3 152 10 47 123192 9779 31 1001 110 3677 10 7732 5587 1443 5
49474 5587 1443 35 33 2061 10 5981 21 9 84 98731 5309 24204 35 17836 4 34341 4 323 497387 4 5981 33 5
622 86698 71 26 4939 21 9 284 7 28508 5937 47 17515 57 49 48 10777 3901 496 3 5587 284 35 33348 33 6 11166 9 1654 2485 5
17 33348 29 8736 72 1267 7 85 8 16739 1678 34434 47 1333 10 16811 6 1316 3 636 5
17 33348 29 9 4624 35 500418 33 8 32 33855 35 84887 33 6825 5
17 26705 5587 284 16 12962 543 53 13 16 4 23 340 34 1871 9 767 5793 19 32 45968 6 26 488 6 6468 23 5
17 33855 5587 284 4 658 4 16 3682 7 45099 50 1070 6 32 9184 45968 8 340 1800 9 2900 35 4 1278 109 216639 4 30634 4 153434 4 323 4 1278 109 10210 23541 4 274 33 5
17 33855 5587 284 29 45 3 19729 397 7 86698 601 121 50 14495 35 100183 4 502 109 1376 5567 323 487844 4 1095 33 5
65179 7407 21722 108 346 5937 4 13563 2854 4 2900 4 8 61338 35 10210 23541 4 274 33 5
79 629 22455 7 3 33855 5587 284 16 3 255292 4 47 71 26 454 75563 76 125154 141351 8 79253 141351 5
1113 189 125154 8 79253 141351 27088 10 3 5475 17483 4 40 4125 496 3 33348 31 10866 523 35 4 1278 109 216639 12283 32330 4 1278 33 5
26148 4 79253 141351 7380 9 12691 55806 650 496 3 193733 103 110 531 76 3 1327 284 4 8417 125154 141351 31 1122 531 76 3 1327 284 54 7566 5
20379 4 3 21180 531 24 125154 141351 71 19524 8047 19 81692 4 8417 79253 141351 71 19524 97 6 81692 10292 496 346 192605 1812 35 83588 33 15398 998 24 45968 8409 2469 105 98078 35 10210 23541 4 274 33 5
75481 31 3348 1479 14 201259 7407 8417 198868 31 3348 1479 14 454496 7407 35 7407 7 3 746 5587 284 33 5
248404 75481 21731 6 3 193733 6 1849 3 4102 7 7117 24 7507 67 3394 6589 13563 53 1432 8 2366 3394 35 31916 4 911 33 5
17 2366 3394 650 26200 70 75481 19 9 632 227316 6 9 7117 62673 1812 5
17 1432 3394 650 26200 70 75481 19 9 2086 2325 227316 6 9 7117 62673 1812 5
273 9 1332 20071 7 3 125154 55806 650 4 7253 6 35 4 1278 109 216639 12283 32330 4 1278 109 10210 23541 4 274 33 5
17 42343 39937 238487 35 31361 33 1589 24 22664 4 497387 4 2895 4 8 291082 35 3578 33 16 3581 24 3 79253 55806 650 8 29 45 1940 3322 24 3 86698 668 5
364 7 3 6557 1809 31495 50 6192 16 13 23 16 72143 1906 8 2228 9 2726 7 523 24612 7100 7410 6 26 4723 35 24612 7100 7410 31 3 770 137 47 3 31361 18020 3 24612 148 9 20035 8 9 14510 2052 33 5
17 104 974 24612 7100 7410 1001 4723 24 86698 1296 35 496 3 5114 7 3 31361 33 27 1574 35560 10 13 43 4028 1384 3898 148 9545 13987 7 9 7117 60401 8 9 20035 60401 6 2258 289 3 20035 16 13097 24 9 1654 45968 5
17 162 2209 10 46 1381 53 2778 306597 9 84 24612 7100 4859 4 47 136266 3 251124 148 189 9545 8 14510 9545 13987 7 9 7117 60401 8 9 20035 6 2258 289 3 20035 16 13097 24 3 7117 60401 5
2778 183540 3 84 24612 7100 4859 6 1510 24612 7100 7410 4 4723 24 3 31361 4 8 10260 13 3 84 24612 7100 4859 13875 7156 9674 713 11061 48572 551191 713 35 9674 713 8 2915 5590 713 31 3848 1170 220 6 25767 3 773 7 3 31361 33 5
2778 306597 143 4279 7 9 7117 60401 35 220 24 3 2419 9674 1396 33 71 2093 26 2118 24 363 9 1906 13652 6 3 31361 31660 5
2778 319735 3 33771 148 2036 15 123192 9779 35 123192 9779 31 32 7254 7 83588 15398 33 1001 1806 496 86698 6854 35 90 1296 164 13 123192 9779 31 9 3047 7787 6 1128 3757 17458 24 17009 4 8417 83 1296 7683 33 5
17 8254 7 46 1381 16 5419 21 3177 53 2778 8941 341 15682 3 3157 904 3695 4 24612 7100 7410 5228 4723 24 35 104 5482 3 31361 1427 7 27964 33 4 46193 17458 24 24612 7100 7410 979 24 6599 10605 6 16895 3 969 7 3757 5
2778 8941 459 15682 23491 13 31 220 6 25767 3 773 7 35 982 3 31361 1427 7 27964 33 5
2778 8941 503 15682 22664 12283 32330 2106 31361 4 3 1102 7 24612 7100 7410 15 3 773 7 3 31361 8 3 379492 326 7 17009 163 3 31361 5
2778 8941 500 18506 3 2419 9674 1396 4 15682 3 379492 326 8 7100 13300 7 17009 163 3 2419 9674 1396 8 5948 143 3 31361 71 26 5607 133 13 3 4089 7 4279 2000 16 848 10 3 2854 650 5
2778 8941 708 15682 3 8365 2173 6 3617 3 773 7 3 2419 9674 1396 6288 3 1510 24612 7100 7410 2994 10 8941 341 5
2778 8941 700 118139 3 13538 28991 6 3 2419 9674 1396 5422 10 46 1381 10 1243 6 61705 426 2062 13 71 26 10605 6 2601 1918 3 162 2209 10 46 1381 5
13429 7 3 2129 7 9 1654 86698 31660 4 104 86698 27964 8245 3 3157 904 4102 1273 24 497387 8 81794 35 5282 33 4 47 2228 9 11427 6652 7 3 16764 7 28032 15398 33788 15 141351 8 81692 5
17 3157 904 3695 684 13 9 1193 7 6517 2113 35 17009 33 71 26 3380 21 9 31276 3583 4 9485 4 4623 9424 266 35 114 9424 16 3 551954 7 9 20035 33 5
3194 20035 29 9 3583 4 4 2867 23 133 13 120 20036 45968 13 3443 496 16 6148 24 3 1570 5
17 1043 16 226 3 9674 352 4 8 50 1646 5473 15 9 96734 4 24880 4 424 21 3 24612 8515 5
81 46 3157 904 4 9 20035 21682 16 13075 21 9 60401 4 14937 4 19 25927 35 273290 4 309581 4 4 33 4 8417 32 7117 66983 16 13075 21 9 60401 4 11348 4 19 25927 35 4 4 4 18013 33 5
5743 15 3 3157 904 3695 4 86698 1296 27 4939 9 2726 7 6599 10 47 3 24612 148 32 45968 8 9 20035 71 26 52090 4 2151 9 2726 7 24612 7100 7410 2994 161 5
74979 7100 7410 17 24612 7100 7410 2209 10 46 2124 1186 6 18465 3 24486 650 13 8887 10 3 33348 5
355 32 45968 8 28032 19524 4 43 112 95 19 11264 3964 7 2362 4808 15 143 166 3 20035 2106 9485 642 71 6468 3 45968 5
4036 9 20035 4 14937 4 8 32 45968 4 11348 4 9 221 7 24612 7100 7410 71 26 4939 6 2258 289 14937 8 11348 868 5
1796 974 24612 7100 7410 3684 4723 19 3 31361 4 13563 3 124770 3457 1396 4 24880 43287 8675 1396 4 8 24880 14838 1396 31 962 1298 53 249 5
489805 3457 1396 53 3 124770 3457 35 9091 33 148 67 46302 83735 16 3 221 7 12510 8675 13 5697 5
273 946 4 92 14937 3082 35 33 8 11348 3082 35 33 153 3 124770 3457 148 14937 8 11348 4 35 14937 4 11348 33 4 16 249 5
901 17009 868 163 3 9091 1396 92 40 124770 3457 16 287 58 53652 24880 43287 8675 1396 53 3 24880 43287 8675 35 33 1396 684 13 67 46302 83735 868 92 43 27 8639 8675 10 22 248 24880 43287 2371 35 4 4 323 497387 4 4164 33 5
273 946 4 92 14937 3082 35 33 8 11348 3082 35 33 153 3 221 7 24880 43287 8675 148 14937 8 11348 4 35 14937 4 11348 33 4 16 459 5
17 1396 16 9 177 974 7100 1396 4 121 23 16 21297 1906 8 20783 1010 4351 6 189 17315 8 11245 2376 35 4 1515 33 5
35 214738 4 4 22664 4 323 8 59615 4 1422 33 4 18 3581 24 3 1396 8 7100 954 14 303777 1443 1589 24 7731 35 7731 4 4 268807 4 323 4 5981 33 5
17009 31 14644 24 9 2801 7 1646 24880 10 47 70 24880 8675 10 3 2801 383 868 3 392 3897 10 813 5
17 1652 1023 2371 31 18549 284217 10230 8 31 4628 5
622 20035 16 13075 21 9 60401 4 14937 4 7 4385 24880 8 9 1204 827 19966 35 13 16 4 9674 2179 22 827 19966 8 3006 22 827 19966 1635 24880 115998 249 33 5
273 946 4 92 14937 3082 35 33 8 11348 3082 35 33 153 35 11348 4 33 3082 503 4 114 35 11348 4 33 16 3 2673 7 3 1396 6 83735 14937 4 11348 4 8 19966 3082 249 5
79 221 7 8365 42 2828 24 214738 12283 3462 5
35 1422 33 114 43 3058 13 3 1396 2828 333 58 3 1396 14 40 628 2757 5
66 18 1595 24 4 22664 4 8 143349 35 911 33 13 3 1396 280236 3 1396 5
1655 290 7 3 9674 954 2209 3847 300 35 9091 4 8 33 23 16 7587 13 9 34113 148 3 221 7 17009 8 40 24612 8515 6848 5
38418 24612 34082 665 10 48 2190 7100 4 8417 1731 24612 34082 665 10 48 8942 7100 5
81 83 1299 4 3 282 2770 14 192 19393 31 565 47100 8 144 26 1597 14549 14 290 84 565 9962 35 323 22664 4 1515 33 5
79 454 1568 1884 148 3 7100 954 16 3 221 7 46193 11709 13 43 17458 4 47 31 18549 3757 24 4 22664 4 8 143349 35 3495 33 5
83876 31 2994 10 3 161 100561 5
83876 17458 24 7100 954 83876 112 34 4447 4028 106 7 3 9705 7 3 7100 954 220 4 44 59 106 7 3 27647 13 6848 148 7117 8 346178 2469 5
81 1851 4 7117 8 346178 31 5146 22 485 14561 25 290 83 8 3757 4447 14 120 26920 7100 1396 4 141 496 3 33348 35 4 2391 33 5
214738 12283 3462 5
35 1422 33 1658 67 3351 7 3757 5818 3 1396 13563 4385 1574 3757 8 92400 3757 53 249 5
2858 72 3757 53 9 17764 2892 4 18398 4 8887 65 70 537 3909 35 3 14644 24880 43287 2371 7 32 20035 496 18398 33 31 44094 35 4939 1298 33 7 9545 3909 496 9 1654 197 7 83735 35 114 3 197 16 883 9 375505 49 9 346178 197 4808 15 3 86698 31660 110 4723 33 5
4036 9 197 4 2567 4 7 7117 11709 8 67 83735 4 28825 4 8033 2567 4 9 17764 8887 148 67 9545 3909 4 60385 3082 35 55969 4 4 4 33 8 3082 35 4 4 4 33 4 7302 8675 3082 53 4114 1635 249 72539 4114 1635 24880 115998 249 35 214738 12283 32330 4 1422 33 5
116894 1574 3757 53 4385 1574 3757 31 3757 13 11851 10 21261 17009 4 14 946 17009 47 8245 3 49 9091 1396 5
79 4385 1574 2892 16 4939 21 9 60401 4 4 47 4286 22 248 57 2801 7 24880 8675 34 1379 496 3 7117 21234 8 14 47 9 20035 71 34 26 4209 35 214738 12283 32330 4 1422 33 5
4941 1963 13 3 1396 340 34 19572 4385 1574 3757 35 214738 12283 32330 4 1422 33 5
66 29 45 12241 24 8 22664 35 1515 33 13 83588 2053 32 533 604 496 3 33348 6 1316 9 1193 7 17009 25 3757 5
81 8 22664 2106 1069 4 83588 16 9 7787 137 47 9 837 7619 71 26 3380 10 9 523 152 5
8 22664 350 454 6 7336 13 4 106 523 23623 19572 523 3757 4 22958 2489 23623 36 1128 3 1308 221 7 3757 5
8 22664 6227 3 83588 7787 24 10472 9 123192 9546 4 15441 3082 35 249 4 4 52134 33 4 114 290 50608 58508 249 4 4 9424 56012 45453 9 84 827 14 1023 221 4114 5
17 4859 35 19966 4 15441 33 8323 9 123192 9546 4 15441 4 6 9 60401 4 212239 17 123192 4859 16 3677 24 7470 9 837 6951 123192 9546 4 15441 4 14 32 1519 391 1193 7 17009 5
3194 45968 4 11348 4 16 74 9490 24 35 11348 4 15441 33 4 103 110 2042 6 9 1193 7 17009 35 323 22664 4 1515 33 5
79 3297 542 7 3 1102 7 8 22664 2106 123192 9546 220 10 10651 19 3 31361 18 2828 24 4 487844 4 8 43959 35 502 33 5
12283 3462 5
35 502 33 170 13 14027 4209 123192 9779 1406 3 3157 8 3201 7 3 1519 628 197 4 3847 28910 50 51423 2677 8 3979 10 17009 110 14027 5146 496 3 1046 904 4 21 2400 6 110 8520 180 7117 3248 5
10526 4 12283 3462 5
35 502 33 59 15092 289 123192 9779 42 3206 22 2790 3 221 7 3757 496 42343 39937 201601 24 182130 7139 5
20994 6 3 1069 7 12283 3462 5
35 502 33 4 12283 3462 5
35 911 33 661 13 53 2778 17 31361 4 163 3 1396 30485 24 123192 9779 4286 3 1427 7 7693 6148 24 3 31361 163 3 9091 1396 5
214 16 4 3 1396 30485 24 123192 9779 16 488 6 1316 48 2757 58 3 9091 1396 5
2778 123192 9779 1842 3 221 7 3757 17458 24 189 3 8 9091 1396 5
17 4867 1884 148 3 2036 7 12283 3462 5
35 911 33 8 12283 3462 5
35 502 33 16 1022 24 3 1217 10 47 43 4729 3 15487 7 3 123192 9779 3677 6 3 1396 5
81 3 172 267 4 12283 3462 5
35 911 33 3985 3 777 40916 4 8417 10 3 4991 267 12283 3462 5
35 502 33 3985 3 777 94425 5
66 16 3 1069 7 46 1381 13 189 12283 3462 5
8 12283 3462 5
35 911 33 31 4007 4 10 13 123192 9779 112 17361 3757 17458 24 24612 7100 7410 92 3 123192 17458 24 3 123192 9546 16 7034 5
214 16 4 3 123192 9546 144 5339 189 9545 8 14510 9545 8675 114 9 1322 6848 148 3 13987 7 9 7117 60401 8 9 20035 35 10 3 678 17458 24 3 123192 33 5
273 946 4 92 9 1322 6848 148 13987 35 33 7 9 7117 60401 8 9 20035 10 9 218 61638 565 904 4 153 23 16 11580 6 1000 9 123192 9546 13 52770 133 9 123192 15 3 1519 7117 21234 7 11709 103 7470 17009 35 24 22565 3 31361 33 5
66 18 2186 24 12283 3462 5
35 911 33 13 133 9 123192 16 3244 177 841 4 92 34 205930 1908 4 6 44732 5
631 46 16 1359 4 32 1217 6 3855 7034 123192 9779 16 12859 10 46 1381 5
17 161 2124 5948 974 23491 220 6 25767 3 773 7 86698 27964 35 104 5482 3 31361 1427 7 86698 27964 33 5
17 104 974 23491 4723 24 86698 1296 6 210 15 3 773 7 8 9 221 7 83 86698 27964 31 2915 23261 4 1359 23261 4 2915 21541 8 1359 21541 53 2778 36905 23261 35 140701 33 4722 65 7117 5897 31 14414 6401 21 346178 5
2778 8664 23261 35 33 4722 65 7117 5897 31 9109 6401 21 7117 5
2778 36905 21541 35 33 4722 65 346178 5897 31 14414 6401 21 7117 5
2778 8664 21541 35 498959 33 4722 65 346178 5897 31 9109 6401 21 346178 5
931 1170 71 26 2164 10 9 48 7034 152 6 1000 67 1117 23491 4 18549 3 9674 489 35 22228 33 8 551191 489 35 82998 33 4 4939 24 35 4 53501 4 323 487844 4 744 33 21 53 35 249 33 35 341 33 17 161 2124 5181 22664 12283 32330 2106 31361 31660 8 143 24612 7100 7410 4723 24 17009 2498 3 773 7 3 31361 979 24 9 2898 15 3 379492 326 7 9 20035 5
17 689 13578 7 3 31361 1589 24 22664 12283 3462 5
35 3578 33 16 6 3855 9 197 7 1026 17009 4 3298 4 133 13 3298 8 2567 4 35 94604 4 33 11102 24880 4 114 94604 16 9 20035 4 16 9 5195 8 35 94604 4 33 16 32 24612 7100 4859 5
14 3 31361 31660 16 392 10 98586 249 5
22664 12283 32330 2106 35 3578 33 1494 31361 2527 9 837 391 24612 8515 4 24880 4 10 10651 19 3 1396 14 290 1570 20035 496 3 1193 7 17009 4 4854 17 24612 8515 16 2118 137 9 650 7 794 8 3768 4 15121 3 8515 16970 3 282 284 773 16 3112 21 3 1341 24612 8515 5
79 614 6684 6 1015 10 6098 32 30392 871 14 24880 10 10651 19 3 1396 18 1252 24 4 487844 4 4693 141123 4 1376 5567 4 8 5644 35 1422 33 5
631 3 1494 31361 63438 3 1396 4 86698 1296 27 1669 13 3 1414 7 3 24612 7100 4859 29 32 969 15 3 773 7 3 31361 31660 35 214738 12283 32330 4 1422 109 34483 4 100183 4 323 4 1095 33 5
17 161 100561 4 15682 67 6599 10605 24 86698 1296 6 21867 3 773 7 3 31361 4 3 172 9 48 17315 1217 8 3 4991 9 45268 1217 5
14 3 42343 39937 238487 98586 249 5
14 3 42343 39937 238487 5
30411 7 24612 7100 7410 15 3 42343 39937 238487 364 7 3 7581 9063 7 3 31361 72 117 7 3 83 86698 27964 16 13 4 10310 110 21297 1906 4 3 31361 2228 120 7100 4859 6 26 4723 35 742 46 404 16 1359 14 9 528 1045 7 86698 27964 23 16 34 1359 14 70 86698 27964 35 12283 32330 4 3495 33 33 5
23620 7100 7410 4 658 4 19572 523 9674 3248 14 290 20035 4 94604 3298 4 8 3847 27 9 1821 1951 15 3 773 7 3 31361 5
145 2124 15682 67 7 3 104 3311 16676 2828 24 307 86698 1296 15 143 7100 7410 1951 3 773 7 3 31361 5
17 1494 2376 2828 24 22664 12283 3462 5
35 3578 33 4 47 16 11409 10 13300 3695 4 16 2994 74 979 24 32 2155 2376 2828 34483 12283 3462 5
35 1095 33 5
32973 13 3 31361 16 131804 4 22664 12283 3462 5
35 3578 33 10978 218 42584 13 71 26 220 6 2258 143 117 7117 19637 17009 4 73367 4 236 6 26 4209 24 3 31361 10 678 6 1316 9 197 7 7117 11709 4 2567 4 19 9 1087 1606 13300 4 161491 5
931 42584 31 2209 1298 5
17 42584 10978 24 22664 12283 3462 5
31 543 15 3 13300 4 8000 4 13 67 6951 11709 868 10 22 248 24880 2371 4 47 18 4939 24 12283 3462 5
35 4164 4 3495 33 21 53 35 459 33 114 16 3 221 7 12171 3345 496 3 28608 7 3 11709 35 14 946 14 9 46302 3897 16 341 33 8 9424 16 3 4385 7 9 3897 5
66 144 26 1744 13 46 60029 16 97 206 92 5
208 46 37863 16 34 6383 4 153 3 5551 14392 383 26 220 35 4 17126 33 5
446326 35 459 33 13875 67 10777 53 87 16 9 27728 474 10 8000 21 9424 2238 4 8 87 16 32 46279 4472 10 8000 21 24880 2238 5
11649 6 446326 35 459 33 4 35 1515 33 10978 32 14392 6 13012 3 13300 13 67 6951 46302 11709 27 9 124770 3457 7 145 14392 71 26 220 92 3 9091 1396 16 4723 19 3 31361 53 35 503 33 4941 1963 13 5
35 500 33 35 782 33 4753 13 8000 16 7154 538 446326 35 459 33 5
17 13300 7 9 6951 34 7100 120 7117 11709 496 2567 16 392 24 22664 12283 3462 5
35 3578 33 21 53 35 500 33 17 13300 13 73367 7117 19637 17009 3303 6 7367 32 45968 4 161491 4 16 392 24 22664 12283 3462 5
35 3578 33 21 53 35 708 33 114 73367 16 3 221 7 7117 19637 17009 6 1649 5
208 8000 16 396 8 73367 16 528 4 153 4 35 700 33 17 221 7 7117 19637 17009 4 73367 4 666 6 25272 9 1087 1606 13300 4 161491 4 8 7100 13300 4 8000 4 16 392 24 22664 12283 3462 5
35 3578 33 21 53 35 704 33 17 221 7 2007 17009 4 92185 4 103 37783 35 79022 5
7623 3 31361 6 3 17009 6 10158 289 120 7 91 31 34 7117 19637 33 4 666 6 3855 73367 17009 16 392 24 22664 12283 3462 5
35 3578 33 21 53 35 782 33 364 7 3 346 33192 7 3 31361 16 13 92 8000 4 161491 4 8 73367 31 3601 4 153 32 46279 474 10 92185 71 26 6453 5
22664 12283 3462 5
164 13 46 71 59 26 4129 10 9 1432 1067 4 10 3 1065 13 92 133 9 197 7 73367 17009 42 4209 24 9 45738 4 153 23 16 1695 1848 13 9 337 6 7117 51 198 26161 35 22664 12283 32330 4 3578 33 5
22212 4 543 15 9 542 7 3 30371 7 3 31361 14 992 19337 9674 4 2552 8 11961 35 1278 33 3039 46 2916 21 3 1325 1033 14 3 31361 441 732 6 3030 2875 5
13166 6 3 31361 2100 25 9 2091 16619 565 4 2552 8 11961 3058 13 3 31361 144 623 26 220 21 9 13720 14 21652 17009 21 2400 6 3 2020 7 17009 5
187 31 307 10887 7 3 31361 10 5248 47 4417 3 2091 16619 565 4 105 3 90977 89 20035 62618 238487 35 12283 32330 4 3495 33 5
81 2906 6 22664 12283 32330 2106 35 3578 33 1217 4 34483 12283 32330 2106 35 1095 33 17592 2532 6 78093 3 3157 904 4939 24 497387 8 81794 35 5282 33 5
81 970 7 497387 8 81794 2106 3157 904 3695 4 17009 144 26 5146 1411 3 1519 3157 904 133 13 3 9674 642 7 290 20035 16 488 6 7367 9 221 7 34725 825 45968 35 497387 323 81794 4 5282 33 5
17 3157 904 4 658 4 16 3691 49985 8 4 24658 4 3 650 7 10541 17009 1411 3 3157 904 16 9 14510 18795 650 5
17 1217 1589 24 34483 12283 3462 5
35 1095 33 71 26 962 21 3177 53 3701 397 35 14937 4 11348 33 351 25 9 565 904 12510 6 3 9962 1356 1362 341 71 26 24717 6 9 46302 3897 4 4 4 4 4 4 4 4 4 7 4385 697 114 3 74 583 8675 90942 3 216571 871 1356 1635 5853 1362 8 3 73 583 8675 90942 3 216571 871 1356 1635 5853 1362 5
999 538 3 15987 6 542 3 522 7 46302 7100 954 19 11084 6 523 928 2757 4 34483 12283 3462 5
35 1095 33 2909 3 508 7951 53 2778 17 46302 7100 954 4400 4 13563 4 4 8 9091 4 71 34 1657 9 206 110873 7 3 7117 904 4 3979 10 1024 1676 7 3 346178 904 5
17 1033 13 3 46302 7100 954 112 34 1657 9 206 110873 7 3 7117 904 16 13 43 31 34 488 6 10366 3968 3 24612 7488 4723 10 3 521 904 496 3 7117 35 46302 904 33 5
2778 17 7100 1396 220 24 31361 738 6 26 3112 10 133 9 152 13 3 24612 1322 148 266 10 3 565 904 16 10955 65 3 1322 16 78865 6 3 7117 904 5
2330 8 996 3 16676 2828 24 22664 12283 3462 5
35 3578 33 8 34483 12283 3462 5
35 1095 33 2994 996 4 184 533 4102 424 21 3 379492 326 7 9 20035 18 4939 24 35 1515 33 8 16 2994 10 3 161 100561 5
17 379492 326 7 9 20035 163 3 1396 35 1515 33 15103 3 379492 326 7 9 20035 21 3 221 7 2665 11709 7947 24 9 20035 538 3 1396 5
81 30 6300 9965 6 9 20565 7 678 79 20565 7 678 24880 16 9 3897 7 4385 9424 14484 7 9424 115998 24880 11787 12171 35 290 11787 5167 16 3380 19 9 33 5
79 20565 16 14644 24 538 3 5167 4 122019 4 19966 4 114 19966 68806 9 3897 9935 7 24880 8675 8 4114 68806 3 1204 827 7 3 19966 8675 5
17 379492 326 7 9 20035 71 26 170 24 6535 3 221 7 2665 11709 6148 24 290 20565 4 122019 4 19966 4 17458 24 9 20035 4 14937 5
238 32 946 4 1384 3 20035 8 879 24880 3082 459 5
17 20035 52770 3 508 47298 53 3082 4 3082 4 3082 4 8 3082 5
17 74 20565 4 3082 4 17893 2665 11709 5
17 169 20565 4 3082 4 2388 11709 3082 8 3082 5
527 4 16 59 6148 24 5
16816 3 676 221 7 11709 6148 24 16 14329 5
4752 46 14618 4 35 1515 33 170 13 3 379492 326 7 9 20035 4 163 3 1396 4 16 3628 6 98236 35 341 1635 9424 115998 24880 33 5
17 2419 9674 1396 16 2994 10 8941 500 5
17 17315 2763 2442 19 3 2419 9674 1396 31 153 2994 5
145 16 979 24 9 2898 7 3 273420 148 3 2419 9674 1396 8 83 24612 7100 7410 2994 10 46 1381 5
8941 500 10761 19 9 2898 15 62377 9124 2042 24 3 2419 9674 1396 8 143 23 16 4605 10 46 1381 5
17 2419 9674 1396 22394 11632 25 3 4 9091 8 954 10 13 23 2527 3 251124 148 45968 14804 8 9 20035 6 28207 289 3 45968 16 7947 24 3 1026 20035 5
659 14076 3 10777 7 3 2419 9674 1396 4 1384 3 508 22365 542 5
38396 13 9 542 18 1303 61 15 9 5907 7 2113 37 39 1589 957 8 9 5907 7 2113 37 39 34 1589 957 10 40 37306 5
17 3644 7 3 542 18 6 1800 32 31660 13 86 61477 289 9 696 39 3244 1589 957 24 580 22 32 3099 7 3 2914 24 3 9345 542 5
70797 13 3 542 4545 290 1570 496 9 5907 8 2914 3 508 628 53 2778 337439 249 53 4799 3 1570 3565 88
2778 337439 341 53 4799 3 1570 162 48 58 1054 18398 147 122 88
2778 337439 459 53 4799 3 1570 27 9 9589 88
2778 337439 503 53 4799 3 1570 3105 2473 48 58 288 400 147 122 88
2778 337439 500 53 4799 3 1570 159 5005 5094 88
2778 337439 708 53 4799 3 1570 3002 22 248 704 18398 147 168 88
2778 337439 700 53 4799 3 1570 2681 218 11136 7 4548 8 6210 290 168 88
2778 337439 704 53 4799 3 1570 2541 287 58 108 400 147 122 88
12097 98586 341 4 47 16323 133 9 182 7 13987 8 40 3703 2770 35 1963 13 290 17807 16 9 46302 17807 33 5
98586 341 2464 9 1654 1570 441 957 92 2778 3 1570 36672 4 2778 3 1570 4810 2473 48 477 58 288 400 147 122 4 2778 3 1570 22171 11102 704 18398 147 168 4 8 2778 3 1570 340 34 2541 108 400 147 122 5
62191 7 3 2419 9674 1396 98586 341 5
62191 7 3 2419 9674 1396 5
17 1051 22 3 2245 7 3 1233 3001 290 7 3 704 46302 13987 5
17 46302 13987 31 28508 92 43 31 4279 6 3 3115 7 3 565 5
520 7 3 13987 31 4279 6 3 565 13 3 31660 16 464 6 4855 4 8417 461 31 11177 5
66 16 59 537 13 9 182 7 13987 8 3 871 13 290 17807 4263 31 4279 6 3 3115 7 3 565 5
17 2419 9674 1396 9965 6 3 10777 962 10 3 996 946 21 2000 5
1655 3 996 4 3 2770 7 2000 249 4 503 4 708 8 704 31 4279 6 3 3115 7 3 565 4 8417 3 2770 7 2000 341 4 459 4 500 8 700 31 11177 6 3 3115 7 3 565 5
208 32 86698 31660 42 220 6 3855 17009 6 2258 289 32 1570 29 957 4 543 15 3 2770 7 3 704 13987 4 23 51 10 644 26 48 1783 6 53 2778 40476 650 290 7117 3897 4 11824 7 70 704 2000 4 76 9 7877 7117 3897 16007 7 2000 249 4 503 4 708 8 704 4 8 2778 3855 17009 4 7 4385 503 4 111 3 370551 7117 11709 24 11700 3 1396 5
17 996 946 14103 3 13578 1918 47 3 2419 9674 1396 16 543 5
17 2419 9674 1396 16 3677 24 53 2778 337482 9 76 9 7877 14484 7 2000 4279 6 3 3115 7 3 565 35 4279 2000 71 26 2118 24 538 17315 4538 133 21 5131 6825 2376 4 4703 5 33
1001 163 5139 35 196 3 6300 7 3 2419 60401 4 9421 4 1298 33 109 8 2778 7623 3 1396 6 3 3340 4209 35 14484 7 4279 2000 33 8 9 20035 4 14937 4 6 2258 289 3 24612 148 14937 8 3 3340 4209 16 1370 58 24880 4 3 24612 8515 5
17 6300 7 3 2419 9674 1396 4 4 16 4352 4216 1298 53 3062 35 103524 4 9421 33 26 9 4859 133 13 4 392 9 46302 60401 103524 3082 35 103524 4 181918 4 4 516217 33 8 9 60401 7 216571 2371 4 3364 3 2371 7 4279 2000 4 114 9424 4 3 4859 57078 9 60401 24 538 3 2371 29617 10 157451 81 83 1299 3 2419 9674 1396 12244 9 60401 24 13896 3893 7 103524 21 20273 24 157451 273 946 92 103524 3082 35 33 8 9421 3082 35 33 153 35 103524 4 9421 33 3082 35 33 5
804 1384 32 45968 4 11348 3082 35 4 4 4 18013 33 35 46302 60401 33 4 9 20035 14937 3082 35 273290 4 309581 4 4 33 35 46302 60401 33 8 9 60401 9421 35 216571 60401 33 7 551954 4 114 3 551954 7 3 565 16 9424 4 3 551954 7 9 20035 16 4 9424 8 9421 16739 9 33498 7 2419 2371 7 11348 4 13 16 4 9421 3082 35 348130 4 4 4 33 4 114 290 348130 1464 97 480 8 4114 249 8 72539 523110 175982 11348 8 20035 14937 868 163 3 2419 9674 1396 4 4 92 35 14937 4 35 11348 4 9421 33 33 81 83 1299 45968 11348 8 20035 14937 868 92 87 31 24880 43287 2000 5
12097 3 946 114 14937 3082 35 33 11348 3082 35 33 9421 3082 35 33 24880 3082 341 1301 4 17 508 71 26 4216 14 3 946 996 8500 13 3 2419 9674 1396 16 34 220 53 2778 17578 15 47 2000 31 1547 8 289 43 4722 10 408 12743 6 57 184 4 3 1396 51 34 26 9 206 1414 7 32 24612 7100 4859 148 11348 8 14937 5
273 946 4 92 32 4302 1322 8779 148 2419 249 8 2419 704 4 153 97 57 14937 3082 35 33 19 24880 3082 704 51 26 488 6 7367 11348 5
75 133 9 20035 16 215 2190 6 45968 11348 5
17 216 8323 6 3 1396 4 121 3 1396 280236 3 1396 35 12283 32330 4 911 33 5
2778 17 9091 1396 29 3 1175 6 3968 3 1322 148 523 2000 4 7 9 7117 60401 8 9 20035 4 97 92 3 1884 148 3 2000 19 93 1322 16 287 58 9 1654 8515 4 659 14076 96 16 1630 24 46 404 4 9000 13 87 31 67 83735 11348 8 14937 114 87 16 9 1322 148 2419 249 8 2419 704 4 93 1322 148 2000 341 2307 700 4 8 13 24880 3082 341 5
17 9091 1396 16 543 1918 3 221 7 8675 13 5697 4 3847 2419 249 8 2419 704 383 26 3628 10 189 11348 8 14937 8 22 104 249 2419 148 8675 1173 142 26 523 5
76935 9 33498 7 4279 2000 4 9421 4 42540 6 9 166 424 2419 21946 565 8 16 9 3047 6825 31495 3 773 7 3 2419 9674 1396 5
17 1217 220 6 2258 9421 16 2994 10 8941 12099 5
51445 8941 13000 4 15682 3 379492 326 8 3 7100 13300 4 8000 4 17458 24 3 2419 9674 1396 5
379492 326 8 7100 13300 7 17009 163 3 2419 9674 1396 17 379492 326 7 9 20035 11700 3 2419 9674 1396 71 26 7154 538 9 825 2685 2209 24 35 1515 33 5
1655 3 946 10 8941 500 4 114 14937 3082 35 33 8 9421 3082 35 33 4 52770 67 47298 4 3082 8 3082 5
10052 4 3082 52770 67 47298 4 3082 8 3082 5
527 4 121 3082 4 3 221 7 11709 13 71 7367 31 2875 14329 5
145 2685 71 26 67343 6 120 16084 20035 5
17 13300 13 9 20035 4 14937 4 2388 32 45968 4 11348 4 71 153 26 7154 24 4936 13 9 20035 14937 7 4385 52770 115998 24880 1635 249 47298 5
17 74 20565 71 6468 11709 8 290 4831 20565 4 35 115998 24880 33 10 676 4 71 97 6468 11709 5
187 31 11709 10 676 5
12502 4 35 183 33 659 6786 3 7100 13300 7 3 2419 9674 1396 19 3 83 9674 954 2994 10 46 1381 4 3 7100 46025 14 3 8 954 31 2209 1298 5
4941 1963 13 14 3 1396 4 3 5551 14392 16 220 35 8500 13 3082 341 33 21 2400 6 3 60029 1252 24 12283 3462 5
35 4164 4 3495 33 392 10 446326 35 459 33 5
273 3 1396 4 35 407 33 17 7100 13300 4 8000 4 7 3 1396 71 2093 26 7154 24 4936 13 3 4385 7 9 20035 163 3 1396 16 3628 6 3 24612 8515 4 8616 4 290 20035 7 4385 24880 71 6468 5
273 3 1396 53 35 403 33 1655 5
35 183 33 8 35 407 33 4 3 7100 13300 4 8000 4 163 3 2419 9674 1396 16 1370 58 8000 163 3 1396 92 6117 523110 10526 4 25 5
35 183 33 8 35 403 33 3 7100 13300 4 8000 4 163 3 2419 9674 1396 16 1370 58 8000 163 3 1396 92 6117 22212 4 8000 14 3 2419 9674 1396 16 7154 10 9 825 4230 6 8000 14 3 1396 35 196 5
35 183 33 8 35 407 33 33 5
17 2419 9674 1396 16 3475 230 6 3520 25 3 216 16619 544 21 3 31361 35 25 9 9322 17315 23996 33 5
17 7100 13300 4 8000 4 14 3 9091 1396 18 392 24 446326 35 503 33 5
8000 163 3 2419 9674 1396 16 1370 58 8000 163 3 9091 1396 92 53 35 698 33 1655 5
35 183 33 8 35 698 33 8 4936 13 4 3 7100 13300 4 8000 4 163 3 2419 9674 1396 16 1370 58 8000 163 3 9091 1396 92 6117 1635 24880 115998 341 5
145 2875 770 13 3 13300 7 9 14027 4209 20035 7100 9 7117 3897 163 3 2419 9674 1396 16 798 58 13 7 9 20035 538 883 3 4 35 10 70 2686 33 8 3 9091 1396 35 10 104 2686 4 79022 5
114 24880 16 10581 396 8 16 10581 528 4 47 16 104 477 34 3 267 163 3 9091 1396 4 106 22958 396 24880 2770 36 3855 17009 13 31 215 35713 3747 1024 22228 8 82998 2770 33 5
17 161 100561 17270 3 2419 9674 1396 111 6951 123192 9779 10 678 6 254 3 2419 9674 1396 10 5114 5
17 2419 9674 1396 8 123192 9779 17 104 1029 24612 7100 7410 220 10 3 31361 4 13563 4 3 8 3 954 4 19572 3757 5
83876 71 26 1842 24 538 9 123192 9546 111 32 45968 6 102278 3 8675 7 3 45968 5
949 377 123192 9779 31 9 40916 16079 770 7 16797 189 17764 8 4385 1574 3757 4 346 10763 4447 10 3 152 10 47 43 31 6227 5
123192 9779 31 1001 6227 24 2020 7 32 1570 6951 123192 9546 8 2673 7 3 1570 6951 123192 9546 6 9 1193 7 17009 4209 163 3 31361 5
79 8867 7 3 2673 7 123192 9779 10 46 4230 16 13 40 1212 31 170104 24 96 1464 6 26 9 23828 7 3 1519 7117 904 35 24 14027 2571 3 3157 7 3 1519 7117 904 19 9 14027 4209 123192 9546 33 5
281967 7 3 7117 904 6586 6 123192 9779 24 12283 3462 5
35 502 33 71 26 2921 21 3177 5
79 123192 9546 893 3 916 7 9 3157 904 5
6832 9 837 6951 123192 9546 14 32 1519 197 7 17009 4209 163 3 31361 16 3267 6 427 9 2938 4111 24 464 6 44732 9 837 8 7034 12678 8593 14 3 1519 565 904 5
187 142 10 644 26 2489 23623 7 3 565 904 13 31 4279 6 3 565 22 881 5
273 946 4 87 142 26 2489 3898 2096 2903 523 108791 7 2000 7 7117 83735 8 17009 496 9 1654 565 9962 5
208 3 1396 8 3 1396 31 1109 10 3 216 5114 21 3 946 2209 10 98586 341 4 153 67 512 51 1080 343 7587 53 35 249 33 3 1396 8 1396 31 97 1783 65 3898 148 9545 2000 7 7117 60401 8 9 20035 4447 8 35 341 33 9 6951 123192 7 3 565 904 36 10 644 474 3 15487 7 189 3 8 3 1396 114 3898 148 14510 9545 2000 7 9 7117 60401 8 9 20035 4447 4 106 3 665 7 3 123192 10 2201 7 3 565 904 71 18094 67 14510 9545 13987 9545 5
980 6951 54012 31 3847 3267 6 1913 48 3898 148 14510 9545 2000 5
66 18 4216 24 12283 3462 5
35 502 33 13 1913 9 7034 123192 9546 6 2780 6 32 1519 197 7 17009 16 205930 1908 8 4 10 644 4 170932 5
1113 40 404 340 817 1359 4 3 565 7 1913 9 7034 123192 9546 71 26 3985 25 184 10620 5
4752 3 2685 2209 10 3 767 397 4 3 1396 8 3 1396 144 958 26 4129 21 24612 7100 7410 4 47 9239 3 3898 13 4447 148 9545 2000 7 9 7117 60401 8 9 20035 5
52194 148 14510 9545 2000 71 26 1669 137 3 2673 7 9 6951 123192 9546 6 32 1570 20035 5
4752 3 2685 7 12283 3462 5
35 502 33 4 3 3316 144 26 6 6075 307 123192 9779 543 15 3 10651 7 3 565 904 8 3 2000 7 32 1570 20035 4 2677 13 3 565 16 48 205930 1908 58 1321 554 5
16268 9 60401 7 7034 2000 4 9421 4 6 231 10 3 2419 9674 1396 16 3267 6 1913 9 7034 123192 9546 6 2780 6 9 1654 565 9962 5
473 3 97 1884 110 13 3 4385 7 9421 4 4 16 287 58 49 3628 6 3 4385 7 32 66983 35 32 45968 4 20035 49 7117 3897 33 4 9424 4 3901 496 9 1654 565 9962 5
17 1217 220 10 46 1381 4 47 16 5885 1906 4 16 6 847 3 2020 7 9 6951 123192 9546 19 3 2020 7 290 1570 20035 163 3 31361 5
81 83 1299 4 9 20035 16 4209 671 19 9 6951 123192 9546 8 16 5291 111 3 1519 375505 6 1377 13 3 20035 16 34 13097 24 9 7117 3897 103 110 304 6 3 37839 21234 7 17009 5
145 770 13 3 31361 16 15105 19 2854 9 123192 9546 14 290 20035 110 4209 5
17 5607 1185 7 3 31361 31660 4 962 996 4 71 26 6227 24 363 3 508 893 6 3 12859 10 98586 249 53 249 5
49971 517 708 19 53 14027 3855 9 20035 4 94604 4 8 9 2419 60401 4 64943 109 341 5
49971 517 782 19 53 35 94604 4 4 64943 33 6117 1655 5
35 183 33 8 35 403 33 23 16 7587 13 92 24880 3082 4 153 9 20035 4209 163 3 2419 9674 1396 16 3267 6 9 20035 4209 163 3 1396 35 3 1396 16 220 106 23 280236 3 1396 35 12283 32330 4 911 33 33 4 114 290 20035 163 3 1396 29 9 6951 123192 9546 5
75 4 92 6117 24880 4 153 3 379492 326 7 9 837 20035 163 3 2419 9674 1396 16 3628 6 115998 24880 17009 5
1249 3 2419 9674 1396 16 3267 6 3 1396 4 19 290 20035 441 9 6951 123192 9546 10 3 1207 267 35 65 24880 3082 33 4 23 3177 13 3 2419 9674 1396 5708 287 3757 58 3 4 8 3 9091 1396 5
17 161 100561 15682 143 3 2419 9674 1396 18506 62377 9124 8 143 23 16 4605 10 46 1381 5
489940 9124 2042 24 3 2419 9674 1396 17 2419 9674 1396 16 9 48 4213 916 7 3 1396 4 10 13 3 2419 9674 1396 8323 3 1396 6 9 197 7 2000 9421 7 32 66983 35 47 16 32 5606 7 3 565 9962 33 4 21 2400 6 70 7 3 13987 16007 3 66983 5
17 1396 658 4 18506 62377 9124 21 2994 24 87313 8 487844 35 1095 33 5
659 14076 46 4 1384 3 946 10 98586 341 5
6297 15 98586 341 4 3 2770 7 2000 249 4 503 4 708 8 704 31 4279 6 3 3115 7 3 565 4 79022 5
2419 249 383 3415 9 871 7 249 4 2419 503 383 3415 9 871 7 249 4 2419 708 383 3415 9 871 7 6494 8 2419 704 383 3415 9 871 7 249 5
804 92 32 24612 8515 7 24880 3082 503 16 4723 24 3 2419 9674 1396 8 3 2000 31 1433 10 3 4230 2209 996 4 79022 5
10 3 678 7 2419 249 4 2419 503 4 2419 708 8 2419 704 4 153 23 16 7587 13 87 16 62377 9124 4 106 92 3 2000 42 3467 10 9 523 678 4 14 946 10 4435 678 4 153 3 216 20035 13 51 27 5823 3 2000 2209 10 40 1494 9149 4 79022 5
131951 4 36 34 868 3 2000 92 43 42 2209 10 4435 678 148817 5
804 1384 143 3 2419 9674 1396 16 3677 496 3 5114 7 46 1381 5
17 2000 671 19 3 37839 20035 35 290 20035 29 50 209 197 7 2000 33 31 4209 24 11700 3 31361 4 79022 5
3 2000 31 3467 14027 111 9 14027 4209 20035 4 2677 13 5226 7 3 678 10 47 3 2000 31 2209 4 3 20035 36 97 26 13097 4 163 3 2419 9674 1396 4 92 50 13987 868 3 253638 2000 5
8616 92 3 2419 9674 1396 16 3677 496 3 5114 7 3 5607 1185 7 3 31361 4 2994 10 8941 12099 4 23 54527 62377 9124 5
659 14076 46 946 4 1384 3 508 5662 35 19 4249 6 98586 341 33 19 67 14027 4209 17009 53 273290 3082 35 33 19 9 827 60401 7 27900 3082 35 33 8 309581 3082 35 33 19 9 827 60401 7 46219 3082 35 33 4 32 24612 8515 4 24880 3082 503 8 32 45968 11348 3082 35 33 5
13429 7 3 644 13 189 273290 8 309581 5339 3 216 197 7 2000 4 7449 10 9 523 678 4 189 273290 8 309581 31 13097 24 45968 11348 5
17 161 2124 15682 3 9345 522 3455 24 5750 9 221 7 8365 538 3 2419 9674 1396 4 3 1396 19 8 276 6951 123192 9779 14 290 20035 4 3 1396 19 9 837 6951 123192 9546 3677 30985 6 9 1193 7 17009 4 8 3 9091 1396 5
17 8808 7 3 8365 2173 31 6 53 2778 5441 3 15487 7 3 2419 9674 1396 35 103415 21 24876 33 10 2906 6 3 1396 35 19 93 123192 9779 33 8 3 9091 1396 109 2778 5441 3 15487 7 3 2419 9674 1396 10 2906 6 3 1396 35 114 290 20035 29 9 6951 123192 9546 33 5
273 3 5060 7 46 1381 4 11952 10 47 9 6951 123192 9546 31 220 10 10651 19 3 1396 31 103415 21 35 83588 33 5
26480 4 11952 10 47 83588 9779 31 34 220 10 10651 19 3 1396 31 103415 21 35 720 83588 33 109 2778 5441 143 3 2673 7 32 1570 391 83588 9546 3677 6 9 197 7 277 4209 17009 69986 3 773 7 3 197 7 17009 5
145 397 16 533 106 23 36 27241 3 11025 115 24 46 1381 13 83588 9779 31 110 3677 14414 496 3 5114 7 3 31361 5
147643 10 47 9 391 83588 9546 16 3677 6 9 40476 4209 197 7 17009 16 103415 21 35 2865 83588 33 109 8 2778 5441 13 3 773 35 9674 489 8 551191 489 33 7 3 2419 9674 1396 16 3267 6 3 1396 35 114 290 20035 29 9 6951 123192 9546 33 22 1207 267 5
17 939 7 46 2124 16 5419 21 3177 53 3 9345 4644 220 6 2494 290 5867 16 962 10 8941 12775 4 979 24 9 2898 7 3 366 8557 5867 4 46442 5867 4 5017 3632 957 5867 4 3171 5867 8 24070 5867 10 58486 3995 5
79 10028 7 3 1519 197 7 8365 16 2209 10 8941 13134 5
33962 4644 622 5867 16739 218 11952 114 9 5662 63413 6 9 1654 9104 6905 53 249 5
12266 9 197 7 17009 19 3 5607 1185 7 3 31361 4 2994 10 8941 12099 4 62551 3 2419 9674 1396 5
12266 9 197 7 17009 19 3 31361 62551 3 9091 1396 5
12266 9 197 7 17009 19 3 31361 62551 3 1396 19 93 123192 9779 5
12266 9 197 7 17009 19 3 31361 62551 3 1396 19 9 837 391 123192 9546 5
4941 1963 13 3 960 2757 496 46 1654 5662 16 5913 24 40372 7470 9 197 7 17009 8 153 7623 9 837 14027 4209 391 123192 9546 6 3 4209 20035 197 5
12266 9 197 7 17009 19 3 31361 62551 3 1396 114 290 20035 29 50 209 14027 4209 123192 9546 5
79 5662 16 11824 7 9 221 7 960 600 5
3194 960 182 136266 9 523 197 7 19393 35 171463 5
523 2770 7 24880 33 6 960 3 5662 5
79 960 182 10 786 16 11824 7 307 1665 5
3194 960 16 5913 19 3 19393 29617 24 50 960 182 10 1243 6 538 9 1654 1341 1193 1646 4 73367 5
214 16 4 523 1665 27 523 73367 2770 5
17 73 960 5913 496 9 960 182 29 3 612 73367 871 8 16 226 3 1341 960 5
17 6905 7 3 1341 960 16 6 1415 3 773 7 3 31361 392 9 3235 73367 871 10 10651 19 3 19393 2442 19 3 1341 960 5
79 84 960 197 8 928 197 18 14027 1146 14 290 84 5577 7 9 960 4 10 290 960 182 4 21 3177 53 2778 3194 628 197 5630 6 9 1654 5867 18 19234 76 9 7117 8 346178 197 35 2921 14 290 5867 33 5
2778 79 928 197 18 1146 543 15 3 7117 628 24 14027 13896 1551 202 7 3 1494 375505 5
2778 17 960 197 11824 3 1652 306 202 7 3 1494 375505 8 9 346178 197 2442 19 3 928 628 5
273 290 960 5913 496 9 1654 960 182 4 3 59433 4 65599 4 78468 4 22228 8 82998 23491 42 2236 5
659 1377 13 3 522 31 17281 964 4 290 960 496 9 1654 960 182 18 5913 306 400 4 8 3 665 7 290 13377 1564 3 1153 871 8 3 2029 44398 7 3 13377 5
355 9901 3 282 1341 1665 356 523 11952 4 496 9 1654 5867 4 6 290 83 3 15850 960 35 19 15550 13760 33 18 4723 6 960 307 53259 4 68407 10 20498 249 4 356 3 24876 4 9091 4 35 720 83588 33 4 35 2865 83588 33 8 954 5
3194 19379 16 18884 8610 4 3 12678 19379 12510 6 290 19379 16 19 32 9 4 8 3 596 4 4 5630 6 9 9674 1396 8 13377 16 103415 21 53 5
355 2279 290 19379 9 1568 57 44017 871 7 3082 47285 18 220 5
20498 249 5
9551 1665 53259 5
143636 17 628 2757 343 1576 48 1812 14 290 6275 5867 2828 10 46 2124 5
17 216 628 2757 2925 220 24 125847 35 911 33 6 960 3 15487 7 32 86698 13 8736 50 17009 4 31 220 24 46 1381 5
184140 3883 3 628 2757 25 3 22930 17112 12586 125008 35 93412 12283 32330 4 274 33 8 4902 91 76 46302 11709 24 538 9 138364 5533 5
193274 16 3677 24 13500 9 310615 17807 4 8258 4 76 8862 8 153 538 446326 35 685 33 6 29155 47 3595 4 4 72539 4 9 5195 9317 6 53 35 685 33 114 4 72539 16 3 7959 397 871 7 17807 4 8258 4 10 5195 4 72539 4 8 4520 16 3 676 221 7 5897 10 3 628 197 5
17 871 1035 24 5828 35 4 72539 33 16 9968 6 3 5426 216571 8 4902 6 9 46302 3897 538 2029 46302 61610 35 17 221 7 8675 4 9424 4 666 6 90942 8862 16 392 24 33 5
17 19393 220 6 960 3 31361 496 9 1654 5662 42 3112 24 7623 3 6684 1282 24 12283 3462 5
35 1422 33 6 2401 32 30392 24612 8515 4 24880 4 14 3 31361 163 3 1396 5
13166 6 3 17315 27647 148 3 1396 35 5226 7 289 9 123192 9546 16 3677 6 9 20035 49 197 7 17009 33 8 3 2419 9674 1396 4 3 216 197 7 24612 34082 42 220 356 70 7 3 960 600 10 11952 249 4 459 4 503 8 500 14 290 1654 5867 5
26480 4 463 6 3 3272 10 3 12251 4723 24 3 9674 1396 8 3 9091 1396 6 2258 289 67 46302 11709 31 13097 24 57 184 4 3 216 24612 8515 4 24880 4 71 34 26 38492 6 6786 3 773 7 3 9091 1396 6 883 3 1396 49 3 2419 9674 1396 5
1858 4 3 773 7 3 9091 1396 18 88852 35 24 6098 32 19547 24880 871 33 8 11952 42 677 6 57 184 496 9 1654 5867 543 15 290 5662 2106 282 4149 960 182 5
17 282 4149 960 182 29 3 2670 596 22228 115998 82998 871 14 50 1341 960 35 3 73 960 5913 496 3 960 182 33 5
4941 1963 13 3 1207 4149 960 182 29 3 2654 596 22228 115998 82998 871 14 50 1341 960 5
3546 523 8365 42 2828 4 290 2994 10 9 1687 305485 5
9066 8557 5867 17 366 8557 628 197 21651 9 9594 7 1021 543 1918 108 10777 4 13563 484 4 2911 10777 4 8 5067 5
17 484 2916 1038 3 484 7 3 366 8 3 470 7 5714 3 366 5
17 2911 2916 6145 3 927 7 3 366 5
17 5067 2916 16 1477 19 3 366 2106 1770 2168 8 3 1646 7 3 366 2106 8426 10 970 7 9250 2168 5
17 628 197 9286 7 117285 5897 4 5146 148 179 3597 53 206 4 5944 4 6436 8 177 206 5
3194 5195 10 3 628 197 16 11824 7 708 17365 13987 4 114 3 74 108 13987 290 27 503 9022 2770 35 3380 24 1051 249 2307 503 3995 33 8 3 73 108 13987 290 27 459 9022 2770 35 3380 24 1051 249 2307 459 3995 33 5
125847 35 911 33 4902 290 5195 76 9 46302 3897 7 4385 403 4 79022 5
290 17807 18 58458 538 341 8675 5
17 628 2757 42 9490 454 6 1000 9 837 375505 8 346178 197 21 3177 53 2778 103418 5
7117 53 4286 43796 5897 5630 6 3 5944 1427 5
2778 103418 5
346178 53 4286 70 3 5897 1547 6 3 6436 4 206 8 177 206 3597 5
17 197 4286 172953 5897 10 676 5
17 366 8557 628 197 4 503736 21 9 197 7 46302 11709 4 16 3 248 1812 628 197 4 121 290 5195 9286 7 403 46302 5794 13987 5
17 522 35 1153 4 2029 44398 8 15850 960 33 7 3 282 4149 960 182 14 290 5662 31 64979 10 65588 8 8 98586 3995 5
17 522 240 13 53 2778 17 2419 9674 1396 13875 568 596 22228 2770 58 3 83 9674 954 35 9091 15293 4 35 720 83588 33 15293 4 35 2865 83588 33 15293 8 15293 35 83588 33 33 5
2778 187 16 93 17281 964 1884 148 3 596 82998 871 16008 24 3 2419 9674 1396 8 3 9091 1396 5
2778 17 2419 9674 1396 16 3 282 4149 1396 106 23 13875 9 568 596 22228 115998 82998 871 58 3 83 9674 954 5
21669 3 35 2865 83588 33 16 3 1207 4149 1396 106 23 13875 3 2654 596 22228 115998 82998 871 5
24044 5867 17 46442 628 197 9286 7 108 9022 3597 4 13563 4 345983 8 5
17 1427 16 180305 249022 25 3 8 345983 3597 4 8417 3 8 345983 3597 31 34 180305 249022 25 57 184 5
3194 5195 496 3 628 197 4 16007 7 179 11065 13987 4 18 4902 76 9 46302 3897 7 4385 302 35 125847 4 911 33 4 79022 5
290 17807 18 58458 538 500 14481 5
17 628 2757 42 9490 454 6 1000 9 837 375505 8 346178 197 21 3177 53 2778 345983 5
7117 53 4286 575 5897 5630 6 3 345983 1427 5
2778 345983 5
53 4286 70 3 5897 1547 6 3 8 3597 5
17 197 4286 577 5897 10 676 5
17 46442 628 197 4 503736 21 9 197 7 46302 11709 4 16 48 1812 58 3 366 8557 628 197 4 106 290 5195 16739 302 46302 5794 13987 5
17 522 7 3 282 4149 960 182 14 290 5662 31 64979 10 65588 8 8 98586 3995 5
17 522 240 13 53 2778 187 16 93 17281 964 1884 148 3 596 22228 871 16008 24 3 2419 9674 1396 8 9091 1396 5
2778 17 596 22228 871 16008 24 3 2419 9674 1396 16 1370 58 3 596 22228 871 16008 24 3 35 720 83588 33 4 35 2865 83588 33 8 35 83588 33 954 5
2778 17 596 82998 871 16008 24 2419 9674 1396 16 287 58 3 596 82998 7 3 83 9674 954 5
2778 17 2419 9674 1396 16 3 282 4149 1396 106 23 29 3 1391 596 22228 115998 82998 2770 58 3 83 9674 954 5
2778 17 9091 1396 16 3 1207 4149 1396 5
5017 3632 957 5867 17 5017 75252 628 197 16739 51402 5897 5146 148 67 3597 4 13563 4 13677 8 23450 5
3194 5195 9286 7 836 17365 13987 4 114 3 2770 7 3 13987 31 10 3 1079 1356 1362 35 159 1963 13 3 17807 2770 31 269410 33 5
17 13176 17807 6154 3 1341 1427 7 3 5195 8 18 6229 2207 25 3 628 197 5
17 628 197 29 697 1268 2770 14 3 8548 56951 17807 5
3194 5195 18 4902 76 9 46302 3897 7 4385 2592 35 125847 4 911 33 4 79022 5
290 17807 18 58458 538 503 8675 5
87213 4623 1268 13987 42 3380 21 46302 11709 4 7180 16007 7 73477 5
17 628 2757 42 9490 454 6 1000 9 837 375505 8 346178 197 21 3177 53 2778 167630 5
7117 53 4286 52477 5897 5630 6 3 13677 1427 5
2778 167630 5
346178 53 4286 70 3 5897 1547 6 23450 1427 5
17 197 4286 30365 5897 10 676 5
17 522 7 3 282 4149 960 182 14 290 5662 31 64979 10 65588 8 8 98586 3995 5
17 522 240 13 53 2778 17 2419 9674 1396 13875 568 596 22228 2770 58 3 83 9674 954 5
2778 17 2419 9674 1396 13875 798 596 22228 2770 58 3 83 9674 954 5
2778 17 2419 9674 1396 16 3 282 4149 1396 106 23 29 3 1391 596 22228 115998 82998 2770 58 3 83 9674 954 5
2778 17 35 2865 83588 33 1396 16 3 1207 4149 1396 5
13056 5867 17 3171 628 197 16739 29958 5897 4 5146 148 700 3597 4 19 290 1427 110 9 2190 3171 2125 5
3194 5195 4 2925 15995 7 836 11065 5794 13987 4 18 4902 76 9 46302 3897 7 4385 1814 35 125847 4 911 33 4 79022 5
290 17807 18 3868 76 2131 14481 5
720 5897 42 2236 10 3 1427 33498 8 4 6229 4 46 33498 18 8766 25 3 83 628 2757 5
17 628 2757 42 9490 454 6 1000 9 837 375505 8 346178 197 21 3177 53 2778 5
7117 53 4286 1551 5897 5630 6 3 1427 5
2778 5
346178 53 4286 70 3 5897 1547 6 3 12192 4 9973 4 67752 4 68394 8 3597 5
17 197 4286 19560 5897 10 676 5
17 522 7 3 282 4149 960 182 14 290 5662 31 64979 10 65588 8 8 98586 3995 5
17 522 240 13 53 2778 187 16 93 17281 964 1884 148 3 596 22228 871 16008 24 3 2419 9674 1396 8 83 9674 954 5
2778 187 16 93 17281 964 1884 148 3 596 82998 871 16008 24 3 2419 9674 1396 8 3 9091 1396 5
2778 17 2419 9674 1396 13875 9 798 596 82998 871 58 3 35 720 83588 33 4 35 2865 83588 33 8 35 83588 33 954 5
2778 187 16 93 17281 964 1884 148 3 596 22228 115998 82998 871 16008 24 3 2419 9674 1396 8 3 9091 1396 4 35 720 83588 33 4 35 2865 83588 33 954 5
2778 17 596 22228 115998 82998 871 16008 24 3 2419 9674 1396 16 1370 58 3 35 83588 33 1396 5
2778 17 9091 1396 16 3 1207 4149 1396 5
103173 5867 17 24070 628 197 16739 21411 5036 4 12510 6 1135 2502 7 24070 962 24 985 17365 5794 13987 5
3194 5195 16 6401 21 110 24724 4 172109 49 4000 5
17 221 7 9022 13 290 17807 29 16 8382 24 3 508 60401 7 4385 985 53 114 290 5606 10 3 60401 42540 6 9 1654 17807 5
17 221 7 8675 220 6 90942 290 17807 16 392 24 3 508 60401 53 3979 10 9 46302 3897 7 4385 4271 35 125847 4 911 33 5
17 628 2757 42 454 9490 6 1000 9 837 375505 8 346178 197 21 3177 53 2778 73480 5
7117 53 4286 503 26372 5897 5630 6 3 24724 1427 5
2778 73480 5
346178 53 4286 70 3 5897 1547 6 19003 1427 5
17 197 4286 459 83445 5897 10 676 5
17 24070 628 4 503736 21 9 197 7 46302 11709 4 16 24 300 3 104 1812 628 197 4 10 13 23 16739 4271 46302 5794 13987 8 4286 9 528 221 7 189 7117 35 490857 33 8 346178 628 35 33 5
17 522 7 3 282 4149 960 182 14 290 5662 31 64979 10 65588 8 8 98586 3995 5
17 522 240 13 53 2778 187 16 93 17281 964 1884 148 3 596 22228 871 16008 24 3 2419 9674 1396 8 3 9091 1396 5
2778 187 16 93 17281 964 1884 148 3 596 22228 871 16008 24 3 2419 9674 1396 8 3 35 83588 33 1396 5
2778 17 2419 9674 1396 29 9 568 596 22228 58 3 35 720 83588 33 8 35 2865 83588 33 954 5
2778 17 596 82998 871 16008 24 3 2419 9674 1396 16 287 58 3 596 82998 16008 24 3 83 9674 954 5
2778 17 2419 9674 1396 16 3 282 4149 1396 106 23 13875 3 1391 596 22228 115998 82998 871 58 3 83 9674 954 5
2778 17 35 2865 83588 33 16 3 1207 4149 1396 5
33962 522 4774 17 8365 2828 10 46 2124 661 13 3 2419 9674 1396 18 7156 35 19 11084 6 50 22228 8 82998 2770 33 6 3 35 83588 33 4 35 720 83588 33 4 35 2865 83588 33 8 9091 14 503 8365 35 9066 29756 4 5017 19408 5378 4 24044 8 103173 61648 33 4 333 58 3 35 83588 33 1396 8 3267 6 3 9091 4 35 720 83588 33 8 35 2865 83588 33 10 249 5867 35 103173 5867 33 5
17 2673 7 9 837 391 123192 9546 6 9 197 7 40476 4209 17009 35 163 3 31361 33 5562 1601 1024 522 356 70 7 3 628 2757 4 3847 43887 3 11025 115 10 46 1381 13 123192 9779 236 6 26 848 10 3 2854 650 5
17 42343 39937 238487 4 2042 24 22664 12283 3462 5
35 3578 33 29 2347 964 4050 10 3 86698 668 463 6 3 644 13 23 16 35 249 33 72143 1906 8 35 341 33 34 4787 6 9 1654 24612 7100 4859 35 742 46 16 1359 14 104 86698 27964 33 5
20370 24612 7100 7410 4723 24 3 31361 1379 11264 773 10 1243 6 25246 3757 5
5753 4417 3757 24 11700 9 123192 9546 6 3 13987 7 32 45968 103 8409 3 45968 6 9 1026 20035 5
79 565 2442 19 123192 9779 16 3 152 10 47 43 31 6227 4 3979 10 1296 216061 40 871 8 2442 1212 4 79022 5
9 837 6951 123192 9546 16 3677 6 9 391 1193 7 4209 17009 5
17 23996 2209 10 46 1381 18 6 1384 9 46302 565 9962 21 9 197 7 13 236 6 26 2198 24 3 31361 10 678 6 3639 21238 148 7117 8 346178 5
999 11700 46 23996 4 3 1381 2042 9 84 9674 1396 4 226 3 2419 9674 1396 4 47 2527 9 33498 7 189 9545 14510 9545 2000 7 32 45968 10 678 6 2258 289 9 20035 16 13097 24 32 45968 5
17 1381 253 3 827 13 2489 3898 4 13 16 4 7034 54012 148 2000 7 7117 83735 8 17009 4 4447 8 13 192 236 6 26 12631 10 678 6 3639 21238 148 7117 8 346178 628 35 21 2400 6 9 837 14027 4209 123192 33 5
81 1069 7 3 221 7 537 54012 7 2000 13 86 4447 10 9 46302 628 197 7 4385 9424 4 3 650 7 9409 4279 2000 16 166 424 8 71 26 3985 2151 9 221 7 770 5
145 1381 2042 32 8396 4230 10 47 4279 2000 71 26 2198 24 363 9 1906 13652 6 3 31361 4 114 3 3394 7 4279 2000 16 9556 6 3 2020 7 290 1026 20035 103 2279 289 3 1026 20035 16 13097 24 7117 5
364 2366 6681 7 3 2419 9674 1396 16 13 23 18506 62377 9124 106 23 37413 3 1396 4 47 16 4417 24 50519 3 2020 7 3 2419 60401 4 9421 4 671 19 290 20035 4 14937 4209 24 3 31361 5
17 1381 661 13 4 72143 4 3 2419 9674 1396 16 3267 6 3 1396 35 83588 33 92 24880 3082 4 3267 6 2489 17009 92 24880 11102 4 8 94425 4 3 2419 9674 1396 6819 7156 773 72 3 4 8 9091 1396 5
17 508 426 162 71 26 10605 6 2601 1918 3 162 2209 10 46 1381 53 2778 17 31361 18 1595 6 3520 25 9 2091 16619 565 5
214 16 4 65 8000 4 161491 4 8 73367 31 3601 4 32 46279 474 10 92185 71 26 6453 5
17 2419 9674 1396 16 34 5587 6 46 565 4 8 16393 6 3 31660 2994 10 8941 12099 71 26 10605 6 1213 46 492 5
2778 17 77403 7 3 2419 9674 1396 71 26 2262 6 83 86698 77497 4 133 21 459177 3394 3695 49 992 27964 5
4941 1963 4 658 4 13 3 1102 7 62377 9124 2042 24 3 2419 9674 1396 738 6 26 1109 65 7623 3 2419 9674 1396 6 192 27964 5
2778 17 77403 7 3 2419 9674 1396 71 26 2262 8 4729 496 521 5794 7269 5
2778 17 5577 400 2442 19 3 5607 31361 31660 4 2994 10 8941 12099 4 71 26 21539 19 3 5577 400 2442 19 22664 2106 31361 31660 5
2778 17 2419 9674 1396 71 26 2262 454 4 133 13 954 83 58 3 1396 31 220 6 28207 289 9 20035 16 13097 24 32 45968 4 10 32 1186 6 12067 2821 3 62377 9124 2042 24 3 2419 9674 1396 5
273 3099 4 1016 7 7623 3 1396 6 9 197 7 2000 79022 5
35 14937 4 35 11348 4 9421 33 33 4 83 46302 954 71 26 3677 8 21539 6 3 2419 9674 1396 2209 10 46 1381 5
2778 17 3394 7 4279 2000 4 9421 4 16 3047 6 3 773 7 3 2419 9674 1396 5
70592 2000 42 2118 10 46 1381 24 50519 3 2020 7 9421 19 9 6951 20035 14937 4 21 12859 10 8941 12099 5
631 46 1217 16 7716 152 6 5339 4279 2000 4 9 221 7 2155 2419 3394 12251 133 21 5131 6825 2376 144 26 12956 5
74184 79 5
11665 17 508 40491 16739 42749 17488 3 596 22228 8 82998 2770 14 290 5867 2173 10 8941 708 5
194896 5
4 4 4 4 5
9066 29756 5867 22228 8 82998 10028 98586 5
9066 29756 5867 22228 8 82998 10028 5
24044 5867 22228 8 82998 10028 98586 5
24044 5867 22228 8 82998 10028 5
5017 19408 5378 45899
5017 19408 5378 45899
13056 5867 22228 8 82998 10028 98586 5
13056 5867 22228 8 82998 10028 5
103173 5867 22228 8 82998 10028 98586 5
103173 5867 22228 8 82998 10028 5
74184 5729 65588 65588 4 4 4 4 4 4 4 4 4 5
20498 5
9066 8557 5867 126094 8 82998 522 5
74979 7100 4859 22228 82998 126094 139738 470655 49366 9674 1396 196049 527710 196049 196049 3082 708 4 24880 3082 500 9091 15293 196049 506713 196049 196049 24880 3082 782 35 720 83588 33 1396 196049 94081 196049 94081 196049 697 24880 3082 459 35 2865 83588 33 1396 196049 94081 196049 94081 196049 24880 3082 459 35 83588 33 1396 196049 196049 196049 24880 3082 500 20498 5
24044 5867 126094 8 82998 1870 5
74979 7100 4859 22228 82998 126094 139738 470655 49366 9674 1396 196049 196049 196049 3082 459 4 24880 3082 341 9091 1396 7853 196049 196049 196049 24880 3082 403 35 720 83588 33 1396 196049 196049 196049 24880 3082 503 35 2865 83588 33 1396 196049 196049 196049 24880 3082 1004 35 83588 33 1396 196049 331718 94081 196049 94081 196049 331718 24880 3082 1004 20498 5
5378 5867 126094 8 82998 1870 5
74979 7100 4859 22228 82998 126094 139738 470655 49366 9674 1396 196049 196049 196049 3082 459 4 24880 3082 341 9091 1396 15483 196049 94081 196049 196049 24880 3082 630 35 720 83588 33 1396 196049 196049 196049 24880 3082 500 35 2865 83588 33 1396 5853 196049 94081 94081 196049 94081 5853 196049 94081 24880 3082 2919 35 83588 33 1396 196049 196049 196049 24880 3082 459 20498 5
13056 5867 126094 8 82998 1870 5
74979 7100 4859 22228 82998 126094 139738 470655 49366 9674 1396 196049 196049 196049 3082 1135 4 24880 3082 1135 9091 1396 196049 556664 196049 196049 24880 3082 716 35 720 83588 33 1396 5853 196049 94081 94081 196049 94081 5853 196049 94081 24880 3082 306 35 2865 83588 33 1396 5853 196049 94081 94081 196049 94081 5853 196049 94081 24880 3082 306 35 83588 33 1396 5853 196049 94081 94081 196049 94081 5853 196049 94081 24880 3082 306 20498 5
103173 5867 126094 8 82998 1870 5
74979 7100 4859 22228 82998 126094 139738 470655 49366 9674 1396 15483 196049 94081 196049 196049 3082 503 4 24880 3082 459 9091 1396 15483 196049 94081 196049 196049 24880 3082 1403 35 720 83588 33 1396 196049 94081 196049 94081 196049 24880 3082 503 35 2865 83588 33 1396 196049 94081 196049 94081 196049 347232 24880 3082 1403 35 83588 33 1396 15483 196049 94081 196049 196049 24880 3082 503 20498 5
9066 8557 5867 15850 960 522 5
143636 64399 102018 128758 63267 368219 63267 368219 128758 128758 63267 128758 63267 128758 63267 128758 63267 128758 63267 128758 63267 128758 63267 128758 63267 128758 63267 128758 63267 20498 5
24044 5867 15850 960 522 5
143636 64399 102018 63267 128758 128758 63267 128758 63267 128758 63267 128758 63267 128758 63267 128758 63267 128758 63267 128758 63267 128758 63267 128758 63267 128758 63267 20498 5
5378 5867 15850 960 522 5
143636 64399 102018 128758 63267 128758 63267 128758 63267 128758 63267 128758 63267 128758 63267 128758 63267 128758 63267 128758 63267 128758 63267 128758 63267 128758 63267 20498 5
13056 5867 15850 960 522 5
143636 64399 102018 63267 128758 433788 63267 433788 128758 63267 128758 63267 128758 128758 63267 63267 128758 63267 128758 128758 63267 63267 128758 63267 128758 128758 63267 128758 63267 20498 5
103173 5867 15850 960 522 5
143636 64399 102018 6494 63267 6494 128758 128758 63267 128758 63267 128758 63267 128758 63267 128758 63267 128758 63267 128758 63267 128758 63267 6494 63267 6494 128758 128758 63267 128758 63267