145 1381 12966 9 5394 6285 653 10768 14 9556 6462 1443 65 2957 19 12911 13537 713 22 3 5369 4429 4 543 15 9 5373 22190 42101 284 13 2527 7732 33609 2642 22 3 1092 4 2395 22190 16716 532 5
17 1746 17592 7 3 1273 10768 16 2209 8 2994 5
81 1243 4 9 267 542 18 336 72 3 9556 6462 284 10 678 6 5507 8 27241 3 22190 16716 10768 1273 10 13 162 5
79 19079 8557 19 3 1273 10768 4 9 4759 152874 10768 4108 1254 14 46 284 8 9 331839 5394 10768 4 18 617 5
1949 4 9 773 8557 10 970 7 53562 4 4249 5479 10 9 3601 1219 397 8 4249 5479 10 9 12911 1219 397 123780 18 336 8 10637 5
11391 7336 13 3 1273 22190 16716 10768 1900 19 4046 8 5266 4 71 3383 14130 10 1219 397 4 9 1506 7 3 1457 16 34 1272 4 8 23 16 1369 8 1906 6 5507 10 4631 19 83 11379 10 6854 5
659 46 194 4 3 1273 22190 16716 6285 653 10768 45470 10777 25 22190 11379 8 7732 33609 2642 10 678 6 5507 32 2410 5394 8 7112 532 284 5
9556 6462 1443 31 1940 220 10 117 3609 5
158 31 5425 10 6589 114 21212 27 6 26 7545 10 6462 8 153 4566 6 83 6462 21 1272 109 5714 90 2770 4 133 21 9 2190 4801 5
273 946 4 2333 7 6285 653 532 6599 10 9556 6462 539 53 30934 3609 4 1381 363 4 509 953 4 514 5447 4 12894 3609 4 6503 4 8 95 6242 35 3957 4 51204 4 323 86609 4 2560 109 323 290402 4 2076 109 12661 4 207635 4 4 323 1376 47970 4 744 109 5014 4 32396 4 323 268335 4 7560 33 5
527 4 192 1443 1871 4213 6285 653 11379 4 463 6 3 11240 7 10371 3 6285 7545 10 9 1325 4429 6 9 5369 4429 13 31 958 9556 671 35 196 98586 459 33 5
81 1654 6 9556 6462 1443 4 57 7 3 689 544 10 6285 653 11379 6409 3 1606 7 91 14 4249 5479 463 6 10887 7 19393 10 3 284 105 89 11264 7 13537 713 10 6462 35 171463 5
10887 10 17105 986 33 4 1641 10 9 7039 197 397 5
81 13 1065 4 6285 653 3013 10 9556 6462 1443 71 26 5487 538 523 532 4910 5
27372 8 386 12681 192 532 6599 21 53 3601 1811 11379 4 31392 11379 4 5394 11379 4 8 7112 11379 35 3957 12283 32330 4 2560 109 323 4 280 109 4 4362 4 4 509393 4 323 4 280 109 323 290402 4 2076 109 12661 12283 32330 4 744 109 36443 4 20985 4 323 19871 4 280 33 5
527 4 6854 576 13 3601 1811 11379 31 7722 65 19393 7 9556 6462 1443 31 89 11264 8 20754 31 1379 35 3957 12283 32330 4 2560 109 28410 4 2076 33 5
81 120 267 4 3 152874 10768 16 3 104 220 1264 10 9556 6462 1443 35 323 290402 4 2076 33 5
273 3099 4 31392 11379 31 1254 14 17444 426 532 5300 13 53300 9 470 4859 4939 72 9 10900 10398 35 13069 323 180829 4 2560 33 5
2625 6200 7 46 843 7 532 1443 71 26 170 4 133 21 53 3 48015 31392 532 35 144901 33 4 3 104 974 1506 31392 5018 35 5682 4 412452 4 323 400981 4 6104 109 13069 323 180829 4 2560 33 109 49 4 3 27728 33770 89 1506 31392 532 35 33 14 521146 8 499122 35 164427 33 9556 6462 1443 35 13069 323 180829 4 2560 33 5
10087 4 13069 8 180829 35 2560 33 231 9 27728 1506 31392 532 35 14483 33 543 15 124775 7410 14 9409 3 2785 7 3 164 904 1506 7 3 1457 8 29404 5
98928 4 5394 11379 71 293 19 5435 4 20754 8 89 11264 1443 35 3957 12283 32330 4 2560 109 3716 323 165753 4 502 33 5
54421 7927 532 35 75004 33 16 3 104 1029 5394 532 5533 13 29 45 6227 14 9556 6462 1443 14 16797 20754 8 5266 35 3957 12283 32330 4 2560 33 5
527 4 38011 16 32 1102 7 75004 13 3117 9 565 65 2957 19 6573 9556 6462 1443 5
81 13 152 4 8 35 502 33 5507 75004 10 9556 6462 284 14 6285 653 538 57 17087 8 7039 9343 7927 4910 10 678 6 1128 3 38011 565 5
1516 6599 7 5394 532 31 3 169 678 9343 7927 10768 35 33 1589 14 8547 272 10291 38011 463 6 272 10291 8748 35 323 4 280 109 12283 32330 4 280 33 4 8 3 169 678 9343 7927 10768 14 164427 1443 35 3716 323 165753 4 502 33 5
81 3 162 7 3716 8 165753 35 502 33 4 9 169 678 75004 16 1273 4 2790 3 38011 565 44 59 3096 3 31660 6 1657 9 7039 532 276 4951 3 16496 7 3 9343 12911 13 3054 738 32 14536 49 3330 17009 6 13441 20878 2770 5
349 3 83 881 4 7112 11379 35 45441 33 31 12072 14 538 27964 8 4309 3581 15 746 1442 4 8 48 616 4 15 1375 1442 35 15152 4 280 33 5
81 13 1065 4 22190 11379 8 32542 2642 11379 27 45 166 4400 106 43 112 34 236 32 10023 17315 1506 7 3 1457 10 678 6 26 1254 35 15762 4 43203 4 43203 4 93838 4 323 6750 4 7560 109 15152 4 280 33 5
81 1243 4 192 7112 11379 27 2436 6 26 177 4213 65 2957 19 4 4046 8 5266 35 28410 4 2076 109 43203 4 43203 4 323 15762 4 6833 33 4 13267 7112 11379 72 3601 1811 4 31392 8 5394 11379 5
273 946 4 87047 4 244175 4 8 35 2804 33 12966 9 5373 186564 22190 532 284 2793 24220 19 4624 27964 4 1691 32 33855 10768 13 10834 5266 4 4046 8 10 6285 653 9556 6462 532 1443 5
81 35 6793 4 19174 4 323 19959 4 274 33 4 9 2125 25547 22190 532 284 16 1273 6 3383 272 4046 3096 3 10777 7 7112 11379 14 9556 6462 6285 653 1443 5
145 97970 22190 532 284 1038 9 9882 7 4046 10 4333 7410 6 293 19 108140 3898 105 20754 8 5266 4 59 1708 9 7039 1219 397 5
527 4 2125 25547 22190 11379 31 841 6 5507 8 1266 9 515 7 46333 1714 5
10087 4 6854 576 5373 7112 8 31392 49 5394 11379 10 678 6 9239 10777 25 189 4910 5
273 946 4 4 4 203290 4 8 330969 35 2076 33 8850 32 2155 5394 10768 538 7112 4309 1572 9 5373 70865 1625 4859 32542 2642 19 9 9343 7927 532 1488 4 7412 6 4855 3 38011 565 8 6 3383 799 4046 8 5266 5
4 98492 4 8 87179 35 7782 33 1379 9 1506 31392 532 538 12940 31660 4 9 253831 5018 4 14 29404 9 125444 470 4859 6 384 3 282 9796 5300 1441 6 122289 8 9 1506 7 3 284 5
1655 3 996 4 6285 653 9556 6462 532 284 16 149 9 3558 565 8 9 1773 1079 7 523 11379 27 45 1589 5
81 13 152 4 46 1381 12966 9 3093 7112 10768 14 9 9556 6462 284 4 543 15 9 308 5373 22190 42101 284 8 7732 5092 2642 1217 2395 22190 16716 42101 284 35 43203 12283 32330 4 6833 33 5
145 22190 16716 42101 284 45470 10777 25 22190 42101 1443 35 171463 5
4250 7 2505 25 1149 4 2957 19 4046 4 25429 23394 33 8 7732 5092 2642 35 171463 5
8927 317 10 16716 2367 4 9974 7 317 4 2957 19 190880 4046 8 5266 33 4 9 2854 5018 3581 15 4122 5092 10904 5
81 2379 4 22190 16716 42101 284 71 293 19 4046 8 163 3137 912 7 5266 4 19 3703 304285 7 7254 35 15762 12283 32330 4 7560 109 43203 12283 32330 4 6833 33 5
34417 7 22190 16716 543 11379 71 26 170 10 15762 12283 3462 5
35 7560 33 43203 4 77085 4 43203 4 8 15762 35 33 4 43203 12283 3462 5
35 6833 4 33 5
8616 4 3 6905 7 46 162 16 6 1746 4 1800 8 5507 32 7112 22190 16716 6285 653 10768 14 9 9556 6462 284 10 678 6 26 5394 10 970 7 120 13422 22 3 3703 13537 713 7 3 169 4429 5
81 1243 4 46 1381 6274 3 7254 7 3 1273 10768 10 9 267 542 72 3 9556 6462 284 5
79 19079 2376 19 9 4759 152874 10768 8 9 94937 11427 9464 3695 35 331839 33 10768 4 16 2209 8 2994 5
81 9 37323 4 3 4413 7 46 162 16 43628 508 53 2778 79 3093 7112 10768 543 15 22190 16716 42101 1443 4108 14 9556 6462 1443 16 1273 5
2778 79 1906 44 7034 10768 16 962 13 54527 4046 4 5266 8 1292 7 53562 5
2778 79 1506 7 3 1457 16 34 1272 4 95 13 3 1273 10768 71 26 2093 48015 6 83 9556 6462 1443 4 8 23 36 34 1379 38011 5
2778 79 16716 24065 7 3 3354 9962 71 26 11737 21 25429 2367 5
2778 332 73 4 3 1273 7112 10768 11657 22190 11379 8 12134 333 3354 1070 677 19 4759 152874 11379 8 94937 11379 5
17 939 7 3 1381 16 1433 21 3177 53 8941 341 4241 5181 7732 33609 2642 8 22190 16716 42101 1443 5
1301 4 8941 459 120616 3 1273 10768 8 50 1746 5
4649 15 4 8941 503 5181 3 267 542 10 47 3 1581 29 6227 5
8941 500 6274 9345 522 7 3 1273 10768 5
34910 4 8941 708 10761 46 1381 5
145 2124 18506 3 5141 7 9 22190 16716 42101 284 35 181478 33 4 40372 1273 24 43203 12283 3462 5
35 6833 33 5
20837 2130 4 23 16 9 5373 22190 42101 284 35 58122 33 9935 7 9 22190 24065 22 3 9796 904 7 78117 4 8 7732 33609 2642 6294 7 3363 21 176 7 22190 5940 5
98586 249 842 9 22190 16716 42101 284 35 43203 12283 32330 4 6833 33 5
71674 7 9 614 22190 16716 42101 284 53 16 98586 249 5
71674 7 9 614 22190 16716 42101 284 53 16 3380 21 9 22190 24065 7 3 9796 904 4 8 16 9935 7 9 478456 2981 5
273 556 3003 4 7732 33609 2642 31660 16 2042 103 9 3142 6652 7 3 22190 16716 42101 284 5
71674 7 32 7732 33609 992 538 15150 27728 7026 7 98586 341 5
71674 7 32 7732 33609 992 538 15150 27728 7026 7 15398 5
49474 33609 2642 49474 33609 2642 31660 16 543 15 9 5533 226 7732 5092 2642 5
66 16 9 1427 7 2854 27964 4 3581 15 4122 5092 10904 4 13 16 2638 12072 24 8927 317 10 19266 4 2395 15398 35 43203 323 43203 4 2076 109 43203 4 43203 4 323 15762 4 33 5
10052 6 4122 5092 10904 4 7732 5092 2642 7673 191244 12251 14 7470 4393 8 30512 6294 543 15 4122 536 5
81 9 37323 4 7732 5092 2642 852 35 43203 12283 32330 4 33 53 195512 4 14181 4 19019 4 8 8466 3241 5
349 3 83 881 4 7732 33609 2642 16 9 12391 2854 31660 19 9 45268 1506 2981 3581 15 4122 33609 10904 35 43203 12283 32330 4 33 5
11649 6 4122 29920 4 7732 33609 2642 31 9935 7 67 7408 2367 53 9657 8 1863 25222 13 71 26 1888 19 22 104 57 8 179 83 25222 4 3995 5
9537 4 192 7408 2367 12248 297 91 6 1657 15398 5
81 1654 6 46 5018 4 3 2370 1513 19 317 16 3 83714 21682 5
66 16 115 7 67 49 48 25222 1888 148 91 10 678 6 7673 9 17315 4859 9836 10 3 1863 24665 8 19 9657 25222 4916 6 23 4 21 1595 10 35 249 33 109 114 4 2464 3 3074 7 83714 21682 4 16 9 521 871 226 3 1863 871 4 16 3 211736 9657 24665 1888 6 3 1863 24665 4 11856 2464 3 221 7 9657 25222 10 3 21682 4 8 14937 16 3 9796 6 13 21682 35 43203 12283 32330 4 6833 109 33 5
35 249 33 208 9 83714 21682 16 14510 15150 35 79022 5
11856 11102 503 33 4 153 23 71 26 1353 671 19 83 83714 15398 19 3 216 955 4 8440 7026 7 15398 2395 7732 33609 10904 5
81 43203 12283 3462 5
35 4 6833 33 4 4888 1919 538 15150 27728 7026 7 15398 105 10 35 341 33 109 114 4 2464 9 83714 21682 19 11856 9657 25222 2442 6 23 4 8 3 517 5167 2464 9 1906 2713 148 67 15398 5
25421 13 11307 15398 31 125 6706 15398 31 5
35 341 33 49474 33609 10904 59 29 2442 9 4859 3364 50 3074 5
273 46 162 4 23 18 3467 3 4897 3074 35 43203 12283 32330 4 33 4 133 13 21 1867 10 35 459 33 109 114 4 18238 2464 3 4787 13 2980 3 652 7 9 83714 21682 72 3 9796 904 5
81 13 1065 4 92 3 9796 9962 16 10 3 12634 14937 1356 4 1362 4 153 8 8 3 83714 21682 3395 72 3 12634 14 70 5
35 459 33 332 73 4 7732 33609 10904 71 12248 297 91 10 17682 13544 8440 9 8087 5
273 46 5018 4 17509 31 226 225419 8 43 31 3380 21 3893 21 1595 10 35 503 33 109 114 4 8258 16 3 221 7 10904 10 3 8087 35 43203 12283 32330 4 33 5
273 46 162 4 3 7732 33609 2642 2981 6409 57 4897 4 133 13 4 8 5
35 503 33 86853 4 32 7732 33609 992 16 9 8087 7 7732 33609 10904 35 196 98586 341 33 4 290 57 3455 538 9 163633 88899 191244 1396 5
17 928 31660 16 424 21 3 31660 35 43203 12283 32330 4 6833 109 33 4 8 23 16 1595 10 238487 249 109 114 4 2610 14 3 12715 7 1883 4 8 16 3 7 197 79 5
25421 13 238487 249 4784 3 3012 52 15150 27728 2614 7 15398 8 9 4897 3074 3511 14 46 162 5
273 9 3297 6652 7 3 614 31660 4 196 43203 12283 3462 5
35 33 5
81 1243 4 3 31660 16 558 22 3 49474 18693 9861 109918 14 35 43203 12283 32330 4 109 7782 33 5
31660 238487 249 5
31660 5
80440 42101 284 19 9 16716 1217 22190 16716 42101 1443 31 36278 7 7732 33609 2642 8 22190 42101 1443 35 43203 12283 32330 4 6833 33 5
273 3099 4 1384 9 58122 105 98586 249 5
238 1595 4 23 6409 108 1959 53 4 22190 42101 2869 8 5
17 1308 650 9013 11868 29132 6 9 22190 904 8 3979 2770 31 1035 6 21 11868 55906 538 9 16716 1217 543 15 7732 33609 2642 5
81 1243 4 9 2505 1084 1705 317 52 9 2190 565 35 43203 12283 32330 4 6833 33 5
1092 81 46 1092 4 3 22190 16716 42101 284 7121 32 9796 14937 4 424 21 9 25429 12911 4 8 23 16 24717 6 9 22190 871 10 3 1079 7 1356 6494 4 249 1362 5
1301 4 879 7168 26 9 22190 197 8 35 14937 33 3 4333 4859 7 7168 4 6219 109 114 6219 16 3 9796 9962 904 5
7219 4 35 14937 33 1356 6494 4 249 1362 16 9 521 871 3364 3 2463 7 7880 14937 6 3 22190 197 7168 21 1595 10 35 500 33 35 43203 12283 32330 4 6833 33 5
35 500 33 81 1243 4 14937 71 26 75644 76 11856 523 22190 2757 47642 4 14 70 5
1301 4 50 4333 871 16 7154 72 3 197 7 4333 7410 14 70 35 43203 12283 32330 4 6833 33 5
659 46 194 4 3 3157 7 192 4333 7410 5473 15 3 3644 7 3 565 9962 4 171463 5
40330 7410 5
80440 42101 2869 1092 66 16 9 7787 13 110458 3 42285 871 7 9 197 7 22190 954 13 1933 4333 2770 7 25429 23394 5
273 3099 4 879 26 3 22190 1396 7 3 916 21 35 708 33 109 114 4 16 3 197 7 25429 23394 22 3 4 16 3 197 7 22190 64360 7 3 9796 904 6219 4 16 3 12911 7 3 42285 10 3 1396 4 229669 16 3 83714 21682 7 32 7732 33609 992 29673 19 3 3979 22190 18029 871 35 196 1298 33 4 8 16 120 9575 12715 4859 35 43203 12283 32330 4 6833 33 5
35 708 33 208 8500 13 16 3 665 7 120 9575 12715 4859 4 153 35 708 33 71 26 29418 21 35 700 33 109 114 4 16 3 16716 3074 7 229669 5
273 17635 6 46 162 4 879 4753 13 16 3 3033 4859 105 1867 10 35 704 33 5
35 700 33 35 704 33 5
1092 81 46 1092 4 23 22462 3 11868 3354 871 11348 538 35 782 33 19 70 22190 954 7 3 916 21 35 700 33 109 114 4 16 3 22190 8557 7 3 78117 8 16 3 42285 871 4 14 70 22190 954 35 43203 12283 32330 4 6833 33 5
35 782 33 5
25149 1084 332 73 4 22190 16716 42101 1443 76084 10 3 2505 1084 2190 317 52 3 565 13 3 22190 42101 2869 1092 2527 5
145 2505 1084 71 26 3380 21 9 40056 2981 60347 70 22190 954 10 3 284 8 5630 91 19 16716 55906 5
145 40056 71 26 9168 21 1282 24 43203 12283 3462 5
35 6833 33 33 53 35 4114 33 3855 70 537 16691 7 9796 23394 538 3 7005 7 290 197 10 3 22190 24065 7 29132 4 4017 70 3 22190 954 4 8 35 25547 33 14 290 3109 4 23335 3 12510 4336 7 21682 229669 13 36 1333 65 3 22190 1396 16 1679 5
145 2124 5181 3 1581 52 12430 9 6285 653 10768 22 3 169 4429 10 9556 6462 1443 538 3 22190 16716 42101 284 5
273 3099 4 1384 3 284 1595 10 98586 459 4 10 47 982 4 2796 2464 3 2755 6285 653 4659 22 3 169 4429 5
208 2464 3 6285 653 4249 871 4 153 23 71 26 43420 3 3768 72 89 16054 35 9575 33 148 3 4249 8 3 2755 2770 105 10 35 183 33 5
35 183 33 349 3 83 881 4 98586 503 842 3 2146 45546 7 9 6285 653 532 284 14 9556 6462 1443 5
238 4436 4 46 16 9 135401 284 13 20330 3 4249 871 8 3 2755 6285 653 871 2796 6 49075 3 3768 16054 35 9575 33 4 47 23 16 220 21 32 9796 7 3 532 382 5
2491 3 532 382 12244 3 13760 3905 28825 35 9575 33 4 23 2757 3 5841 7 3 1457 35 196 98586 459 33 13 36 13655 2796 5
659 46 194 4 3 161 2124 5181 3 532 382 538 3 22190 16716 42101 284 5
151670 7 9 9556 6462 284 98586 459 5
151670 7 9 9556 6462 284 5
35 8913 4 4659 33 53 6285 926 4 35 132718 4 239375 4 479317 33 53 1547 7798 4 35 37720 33 53 37521 5841 489 4 35 79 33 53 4429 162079 352 5
15265 45546 7 3 135401 6285 653 532 284 7 9556 6462 98586 503 5
15265 45546 7 3 135401 6285 653 532 284 7 9556 6462 1443 5
9508 7 3 532 382 17 543 6285 653 10768 14 9556 6462 1443 2818 3 1746 7 3 532 382 13 36 17244 7 179 5937 4 21 6453 10 98586 249 5
4752 4 290 6825 16 962 5
1092 81 678 6 1746 9 543 10768 4 9 532 1264 144 26 3467 5
17 104 1029 5310 10 532 3695 31 53 3 22652 35 3280 33 10768 109 3 22652 8 16496 35 39330 33 10768 109 3 22652 4 13138 8 16496 35 152874 33 10768 109 8 3 22652 8 13138 35 75312 33 10768 5
81 120 267 4 3 3768 16054 35 9575 33 1595 10 35 183 33 148 3 4249 8 2755 2796 6285 653 2770 16 1272 4 21 166 21 50 16496 50 13138 35 9575 33 219054 5
1516 11379 1871 3 16496 13138 7 9 6943 12911 5
2491 9 532 1264 29 3112 8 3 29132 7 3 10768 27 45 3467 4 46 1092 6409 95453 3 9796 904 76 11856 22190 2757 19 50 12510 4333 7410 14 290 9796 14937 5
238 32 946 4 92 9 9421 10768 18 3467 4 153 3 97 9796 16 16054 35 9575 33 4 8 23 71 26 75644 76 108 22190 2757 53 2366 4 4568 4 8 1432 5
80440 42101 2869 1092 332 46 1092 4 23 16 1272 6 7673 3 197 7 22190 954 7 3 916 21 35 700 33 464 6 1311 3 1308 164 904 7 3 565 5
53800 35 700 33 4 3 42285 2770 31 43420 538 3 14408 4859 35 249 33 7 3 83714 21682 14644 10 22190 954 35 14 48 1056 52 15398 4 196 3 161 1092 33 5
8616 4 3 197 7 22190 954 16 3267 6 3 2505 1084 5
238 32 946 7 46 1092 4 1384 3 197 7 954 10 35 407 33 109 153 4 3 2505 1084 71 26 43628 21 20498 249 5
35 407 33 20498 249 5
59268 7 9 2505 1084 538 3 197 7 954 10 35 407 33 5
16054 35 9575 33 110655 42343 43012 16266 27041 29091 54147 5
1092 17 73 1092 10 3 543 10768 110458 3 13760 3905 28825 35 9575 33 10 678 6 16201 3 3656 129876 35 171463 5
3 509 5841 33 10 3 1457 133 13 3 6285 653 2796 16 8795 5
81 644 4 3 13760 3905 71 26 12354 538 35 782 33 133 13 5
349 3 83 881 4 3 1746 7 3 197 7 15398 4723 10 22190 954 144 26 6103 10 32 7732 33609 4897 105 3 15150 27728 2614 7 15398 10 35 341 33 5
81 13 1065 4 3 1746 7 1092 6409 6 8850 3 221 7 15398 9424 10 3 4897 4 3 197 7 9657 20708 8 1863 2770 4 8 3 197 7 16275 18238 7 290 83714 21682 10 3 4897 5
81 98586 500 4 23 842 32 946 7 32 7732 33609 4897 2209 21 9 8466 6363 35 43203 12283 32330 4 33 4 13 2464 3 197 7 15398 27041 4 54147 4 43012 1272 10 20498 249 5
59268 7 9 15150 27728 2614 7 83714 15398 1254 14 9 543 98586 500 5
59268 7 9 15150 27728 2614 7 83714 15398 1254 14 9 543 10768 4 3380 10 9 8466 6363 45546 5
145 2124 5181 3 267 542 220 14 9375 8 52955 9 22190 16716 42101 284 543 6285 653 10768 14 9 9556 6462 284 5
273 9345 5060 4 46 10768 18 1589 8 6227 14 3 9556 6462 284 5
81 13 1065 4 3 4991 284 16 59 2042 4 8 9 1506 7379 18 2828 6 336 9 19079 5867 148 9 4759 152874 10768 8 3 1273 543 10768 5
34910 4 9 19079 2376 148 9 94937 11427 9464 3695 35 331839 33 543 10768 8 3 1273 543 10768 16 59 2209 8 2994 5
5898 6652 17 9556 6462 284 220 10 3 267 542 16739 67 1687 14042 6462 35 11771 4 1325 8 5369 33 4 47 43 31 3797 24 9 3154 3822 35 196 98586 459 33 5
17 6285 9796 16 7543 76 3 1325 4429 24 9 12911 1952 509 5841 13 19345 3 37521 5
17 23449 3822 2228 9 3703 3154 13537 25 3 1325 6 3 5369 4429 4 8795 24 17105 9 5
332 73 4 21493 3154 61 3 15138 137 17105 8258 5
145 284 59 4286 17105 8862 47 2228 9 3154 13537 7 3 1325 4429 5
659 46 194 4 25192 71 26 25407 11264 25 6494 35 4120 988 33 6 500 35 4120 1085 33 5
3194 4429 16 9098 19 9 6285 653 15721 6726 22 3 6998 7 3 815 1801 5
1354 10363 31 13507 3797 19 9 6633 41437 2852 22 3 1084 7 3 6462 5
81 1243 4 32 45541 3154 15721 16 2852 401 6 3 3354 7 3 509 5841 14 9365 3 3154 489 22 46 397 5
20498 341 61685 3 2911 20297 7 3 284 1547 6 3 5867 35 4 43203 4 6750 4 323 15762 4 6833 109 4 6833 33 5
34910 4 3 1273 22190 16716 10768 36 26 21655 10 3 99443 2912 4742 10 9 1416 300620 19 3 9556 6462 284 538 9 628 3310 1341 93836 494892 5
20498 341 5
16528 20297 7 3 9556 6462 284 35 12283 32330 4 6833 109 4 6833 33 5
6060 62856 66448 35 2858 75885 352 33 782 4 150157 35 2858 75885 352 33 125350 85612 7 17105 9 5853 125350 85612 7 17105 8862 6909 125350 85612 7 17105 8258 6909 5126 5841 1811 17442 15721 1811 42003 653 10363 3354 4 12510 6 5126 5841 3154 15721 3354 4 12510 6 273 3099 4 1384 3 9556 6462 284 1595 10 98586 459 5
66 71 26 18213 538 3 2589 4859 35 403 33 19 35 698 33 277 3455 25 12283 3462 5
35 6833 33 114 4 4659 16 3 6285 653 7 3 5369 4429 4 9485 16 3 33583 7 3 509 5841 10 3 1325 4429 4 8913 16 3 6285 653 7 3 1325 4429 4 132718 4 239375 8 479317 31 3 1547 7798 2442 6 3 25192 10 3 284 4 79 16 3 4429 162079 692 4 279514 16 3 509 5841 1811 8 16 3 15721 653 1811 189 15 3 5369 4429 4 8 2106 6002 6 3 10291 9962 5
35 403 33 35 698 33 10548 5
9508 7 3 22190 16716 6285 653 10768 17 22190 16716 6285 653 10768 14 3 9556 6462 284 16 1254 538 3 17592 962 10 8941 459 5
238 277 20 4 4759 11379 14 9556 6462 1443 27 12110 65 3 14130 7 3 284 3809 61 3 1219 397 4 3979 10 32 11323 773 35 3957 12283 32330 4 2560 109 28410 4 2076 33 5
8616 4 3 1273 22190 16716 10768 29 6 26 5394 5
26666 6 46 267 542 4 3 10768 36 26 1109 5394 92 23 71 2647 6 120 13537 653 7 17105 8258 53 653 341 35 12122 408 33 4 653 459 35 12122 526 33 8 653 503 35 460 526 33 5
81 13 1065 4 9 22190 16716 39330 10768 16 1273 19 67 29132 53 3 3768 4859 16054 35 9575 33 148 3 6285 653 4249 871 35 9575 33 8 3 2755 6285 653 871 2796 35 9575 33 4 8 3 337 10 3 2755 6285 653 4939 21 35 685 33 5
35 685 33 1301 4 3 9796 9962 904 16 75644 76 108 22190 2757 53 2366 35 6517 33 4 4568 35 20721 33 8 1432 35 3280 33 5
194896 5
708 8 700 240 3 22190 4333 7410 14 189 29132 4 3995 5
29748 7410 7 3 9796 3768 10 6285 653 16054 35 9575 33 98586 708 5
29748 7410 7 3 9796 3768 10 6285 653 16054 35 9575 33 5
29748 7410 7 3 9796 337 10 6285 653 35 9575 33 98586 700 5
29748 7410 7 3 9796 337 10 6285 653 5
10526 4 3 197 7 22190 954 3455 14 46 1273 10768 14209 3 996 29132 19 9 16716 8593 7 3 13760 3905 3354 28825 35 9575 33 4 21 381 10 20498 459 5
17 3354 7 3 1273 10768 16 3380 19 108 83714 15398 53 4568 35 203970 33 4 1432 35 2929 33 8 177 1432 35 10392 33 5
98586 704 842 3 8466 6363 7 3 7732 33609 4897 1547 6 3 13760 3905 28825 35 9575 33 5
66 16 4427 6 140 13 25429 32434 7 3 83714 15398 3250 3 3074 7 3 532 72 3 284 4 121 3 9556 6462 284 16 8795 24 27396 3 45541 3154 538 3 509 5841 4 23 71 97 26 9 1432 3154 489 35 171463 5
3189 10 3 1325 4429 33 5
20498 459 5
25149 1084 7 3 1273 22190 16716 39330 6285 653 10768 53 9796 16054 35 9575 33 4 9796 8 3354 28825 35 9575 33 5
28825 35 9575 33 6517 20721 3280 16054 35 9575 33 6517 203970 203970 203970 20721 2929 203970 203970 3280 10392 2929 2929 59627 6363 7 3 7732 33609 4897 3364 28825 35 9575 33 98586 704 5
59627 6363 7 3 7732 33609 4897 3364 28825 35 9575 33 4723 10 3 1273 22190 16716 39330 6285 653 10768 5
9508 7 3 19079 5867 81 678 6 1415 3 773 7 3 1273 22190 16716 39330 6285 653 10768 4 108 523 8365 42 1254 5
17 74 5867 6409 9 4631 148 3 1273 22190 16716 39330 10768 8 9 4759 152874 10768 4 19 9 3601 1219 397 5
17 169 5867 6409 9 4631 148 3 1273 22190 16716 39330 10768 8 9 94937 331839 10768 4 19 9 3601 1219 397 5
34910 4 3 296 5867 6409 108 22015 53 53562 22 120 13537 653 7 17105 8258 4 5479 22 3 4249 6285 653 871 22 120 13537 653 7 17105 8258 4 8 5479 22 3 4249 6285 653 871 463 6 893 7 17105 8258 5
4752 4 290 5867 16 4241 962 5
64982 8365 931 8365 36 8612 3 773 7 3 22190 16716 39330 10768 10 2906 19 9 4759 152874 10768 8 9 94937 331839 10768 5
81 1654 4 192 8365 3601 3 1219 397 6 3 508 3212 53 17105 9 16 4120 1085 35 653 500 33 4 17105 8862 16 460 408 35 653 249 33 8 17105 8258 16 460 408 35 653 3127 33 5
1532 4 9 1506 7379 7 3 284 18 336 10 678 6 1746 9 4759 152874 10768 5
81 1654 4 46 1506 7379 18 3455 4149 9 10291 6387 6 128 3 5514 148 3 6285 653 22 3 5369 4429 4659 8 3 509 5841 33583 13719 17 10291 6387 18 3677 25 6 22 20587 7 5
98586 782 842 3 30628 50185 3455 25 3 1884 148 97727 8 4141 10620 7 3 9796 8 3354 5300 65 7623 3 10291 6387 4 8 23 59 842 9 161861 284 60029 5
659 46 194 4 3 161861 1506 7379 7 3 284 16 1867 10 35 409 33 5
17 25017 7 35 409 33 18 2118 24 9901 9 1070 7 3 284 111 3 9345 1506 7379 4 21 1595 10 98586 183 5
35 409 33 30628 50185 3455 25 3 10291 6387 5533 72 3 284 98586 782 5
30628 50185 3455 25 3 10291 6387 5533 72 3 284 35 12283 32330 4 6833 33 5
106449 7 3 284 538 9 1070 98586 183 5
106449 7 3 284 538 9 1070 5
35 3349 517 33 53 521 1070 284 4 8 35 517 33 53 17229 1070 284 35 12283 32330 4 6833 33 5
2491 3 1506 284 18 1658 4 9 4759 152874 10768 18 1254 5
6832 3 5018 4 3 152874 10768 2309 665 10 53 8 5
79 3297 317 52 3 1506 7379 8 152874 10768 1746 71 26 170 10 12283 3462 5
35 6833 33 5
349 3 83 881 4 9 94937 331839 10768 18 59 1254 14 19079 5060 5
75455 4 331839 16 9 5394 532 35 32261 323 50691 4 8054 33 8 23 18 1254 14 6573 138 6589 962 24 27728 2520 19 12911 19393 5
331839 16 9 12048 3695 13 21131 3 231 7 9464 14 7759 3 13228 284 773 116751 680 1457 4046 392 24 4000 19393 49 108140 284 3074 5
17 5018 2527 30628 50185 8 13490 7896 7412 6 1377 9 5394 1746 72 773 20297 5
81 2379 4 331839 3899 6 76249 35 14808 3157 33 9 1906 4 506099 10768 19 3033 18229 4 12404 3 13228 20297 8 9045 9464 532 544 19 5394 773 8808 35 32261 323 50691 4 8054 33 5
81 13 1065 4 9 331839 10768 35 697 33 18 1254 538 3 17592 962 10 35 323 11714 4 2391 33 5
9049 4 9 40476 13720 35 800 33 18 59 1254 6 1377 13 3 988 14808 284 57827 3 1746 20297 5
35 697 33 35 800 33 5
13385 5867 349 3 83 881 4 3 773 5867 6409 6 1415 3 53562 7 3 1273 22190 16716 39330 10768 22 523 13537 926 7 17105 8258 35 79022 5
926 33 5
81 1243 4 9 5479 8557 7 9 4249 653 72 9 2190 566 7 89 36 26 6227 215 5
34910 4 3 4991 8557 36 26 3643 6 1415 3 5479 7 3 1273 22190 16716 39330 10768 463 6 893 10 3 13537 926 72 9 2190 566 7 89 5
81 644 4 3235 89448 4 1157 89 4 10029 89 4 8 3768 10 137214 36 26 1109 5
238 2921 1321 4 3 1273 22190 16716 6285 653 39330 10768 18 12354 10 3 9556 6462 284 4 699 108 523 8365 53 9 19079 8557 148 3 1273 10768 8 9 4759 152874 10768 4 59 9 19079 8557 111 9 331839 10768 4 8 9 773 8557 4740 15 53562 4 5479 19 9 3601 13537 653 8 5479 463 6 893 7 13537 653 5
4752 4 3 9345 522 31 2209 5
64982 8557 6832 3 1273 22190 16716 39330 10768 4 3 4759 152874 10768 4 8 3 94937 331839 10768 962 10 8941 503 4 9 1092 1070 18 336 72 3 9556 6462 284 19 3 508 21365 7 25192 53 653 500 10 17105 9 4 653 249 10 17105 8862 8 653 3127 10 17105 8258 5
98586 407 842 9 4631 7 192 11379 5
66 71 26 381 13 3 1273 10768 7318 3 137214 2429 500 400 3254 58 3 4759 152874 10768 8 459 400 3254 58 3 331839 10768 35 2106 4 2106 8 2106 4 3995 33 5
81 1243 4 3 3235 89448 7 3 1273 10768 16 72252 202 10 2906 19 3 3235 89448 7 83173 202 538 3 4759 152874 10768 5
527 4 331839 10768 340 34 1379 89448 5
20498 503 61685 4279 522 7 3 773 538 192 11379 5
64982 7 3 1092 6904 148 3 1273 22190 16716 39330 98586 407 5
64982 7 3 1092 6904 148 3 1273 22190 16716 39330 10768 4 8 3 4759 152874 10768 8 331839 10768 4 538 3 13537 926 21365 53 653 500 4 653 249 8 653 3127 7 25192 79 4 2636 8 3298 4 3995 5
20498 503 5
64982 522 148 3 1273 22190 16716 39330 10768 8 3 4759 152874 10768 5
32174 37642 89448 35 202 33 11795 89 35 2106 33 80469 89 35 2106 33 96368 10 4024 164 35 26741 33 31587 152874 83173 259533 49912 331839 10768 94081 38161 22190 16716 39330 72252 72431 124695 37118 81 1243 4 3 13138 89 16036 6474 3768 35 33 35 3957 12283 32330 4 2560 109 4 7560 33 18 43420 14 290 10768 13 1170 3 13138 7 3768 148 3 4249 8 3 2755 2770 16036 24 89 5
20837 2130 4 23 1170 3 1952 8 3 3768 10 137214 7 9 10768 4 10 47 3 1731 3 3 333 7 773 5
81 13 1065 4 110278 594 14 3 22190 16716 39330 10768 4 14 3 4759 152874 10768 4 8 14 3 331839 10768 109 47 770 13 3 1273 22190 16716 39330 10768 16 333 58 189 3 4759 152874 8 3 331839 11379 5
66 16 533 6 1963 13 3 773 7 3 1273 10768 16 333 58 3 4759 57 72 3 996 522 5
81 1243 4 3 1273 10768 16 59 333 58 3 94937 331839 10768 10 970 7 3 10029 89 4 3768 10 137214 8 5
66 16 4427 6 140 13 189 152874 8 331839 10768 1272 767 2505 7 3 1457 14 12430 5060 4 10 2906 19 3 1273 10768 5
7219 4 3 4759 152874 10768 71 34 3383 9 1092 1070 525 3 1219 397 4 8 3 331839 10768 1272 9 40476 13720 10 678 6 2384 3 284 976 532 8026 5
659 46 194 4 3 508 773 8557 7 3 1273 22190 16716 6285 653 39330 10768 19 9 12911 1219 397 16 10637 5
13385 8557 145 100561 6274 3 773 522 7 3 1273 22190 16716 39330 10768 10 970 7 53562 4 5479 4 8 5479 463 6 893 72 3 13537 653 7 17105 128951 9537 4 17105 9 840 653 500 21 166 21 17105 8862 840 653 249 5
53562 81 678 6 2148 3 53562 7 3 1273 22190 16716 39330 10768 4 108 9345 1092 6904 42 617 14 3 197 7 13537 489 926 962 996 5
98586 403 842 192 1092 6904 14 926 7 13537 713 4 3995 5
25421 13 97 22 653 341 3 1092 1070 29 9 3235 89448 7 29568 202 125 22 926 459 8 503 87 16 93 3235 89448 5
81 1243 4 3 10029 89 22 290 653 13537 489 1070 31 2106 4 2106 4 8 2106 4 3995 5
332 73 4 3 3235 137214 3768 22 290 13537 489 653 31 26741 4 26741 4 8 26741 4 3995 5
20498 500 61685 192 522 5
17299 1070 7 3 5394 22190 16716 6285 653 39330 10768 19 98586 403 5
17299 1070 7 3 5394 22190 16716 6285 653 39330 10768 19 523 13537 926 7 17105 128951 20498 500 5
6077 522 7 53562 538 3 1092 1070 7 108 523 13537 926 7 17105 8258 5
125350 653 37642 89448 35 202 33 11795 89 35 2106 33 80469 89 35 2106 33 96368 10 137214 35 26741 33 17442 341 72252 80855 54260 28419 17442 459 94081 51357 51357 36635 17442 503 94081 192912 192912 56159 5
35513 19 9 3601 13537 653 81 678 6 2148 13 3 1273 22190 16716 39330 10768 71 1328 9 6285 653 4249 871 4 32 5867 538 9 3601 13537 489 653 459 10 17105 8258 18 336 5
17 284 18 8004 6 108 523 4249 926 53 71909 4 57704 8 67036 26741 5
98586 698 842 3 37839 5479 1070 19 3 10768 5
17 10029 89 22 290 4249 653 31 53 605 26741 9907 10 51357 2106 4 35781 26741 9907 10 47653 2106 4 8 13856 26741 8369 10 25029 139815 81 329 267 4 3 6474 137214 3768 16 287 58 32590 26741 5
37839 1070 7 4249 5479 538 3 1273 22190 16716 39330 98586 698 5
37839 1070 7 4249 5479 538 3 1273 22190 16716 39330 6285 653 10768 19 653 459 21365 22 17105 128951 5
35513 19 893 7 13537 926 5583 4 184 5867 18 617 7556 13 3 1273 22190 16716 39330 6285 653 10768 71 2647 6 893 10 3 13537 489 653 7 3 5369 4429 4 4680 25 926 341 6 503 4 21 1595 10 98586 685 5
66 71 26 381 13 3 10768 16 5394 463 6 893 10 3 13537 489 653 4 5714 9 3235 137214 3768 7 26741 5
66 16 4427 6 140 13 3 89448 22 3 653 341 2124 35 98586 685 33 16 463 6 3 14130 7 3 284 5
9537 4 3 10768 97 3395 65 3 6285 653 871 16 163 49 408 6 3 4249 871 4 8 3 14130 7 3 284 3395 65 3 6285 653 16 300 996 3 4249 871 5
17299 1070 7 3 22190 16716 6285 653 39330 10768 463 6 893 98586 685 5
17299 1070 7 3 22190 16716 6285 653 39330 10768 463 6 893 10 3 13537 489 653 7 17105 8258 10 3 5369 4429 5
35135 238 1595 10 46 267 542 4 3 1273 22190 16716 39330 6285 653 10768 71 293 19 10 3 9556 6462 284 4 59 2016 9 5394 1217 14 523 13537 489 926 22 17105 8258 2442 6 3 5369 4429 7 3 284 5
7219 4 46 10768 2228 3 1092 1070 6 27 9 3033 89448 10 926 459 35 12122 526 33 8 503 35 460 526 33 4 79022 5
3 104 1029 17105 38060 10 19630 2333 35 12283 32330 4 6833 109 12283 32330 4 280 33 5
9049 4 3 1273 10768 9704 3 10029 89 10 70 17105 38060 4 10 2906 19 3 10029 89 2106 7 3 4759 152874 10768 6227 14 3 2190 1219 397 7 3 284 4 8 2106 7 3 331839 10768 5
81 1243 4 3 1273 10768 2209 304285 7 1746 10 2906 19 189 4759 152874 8 331839 11379 13 1871 3 1506 7 3 1457 6 26 34171 5
7219 4 3 19079 2376 148 3 1273 22190 16716 39330 10768 8 3 331839 10768 661 13 3 1273 10768 11657 3 3354 1070 10 970 7 53562 276 538 7 9 40476 13720 49 83 12251 6 2384 3 532 14808 284 57827 3 1746 20297 5
349 3 83 881 4 3 22190 16716 10768 1388 9 16716 24065 7 3 3354 9962 10 678 13 43 71 26 381 21 25429 2367 35 171463 5
2366 4 177 1432 4 4703 5 33 5
81 644 4 192 16716 2367 71 293 19 5435 4 5266 109 8 10 46 267 4 43 71 582 53562 6 3 10768 5
273 3099 4 6854 576 13 9 22190 16716 10768 71 26 220 21 32 2155 7 9 2125 25547 22190 11379 4 9 2125 7 22190 543 11379 13 293 19 4046 35 196 43203 12283 32330 4 6833 109 15762 12283 32330 4 7560 33 5
81 13 1065 4 3 22190 16716 1217 14792 6 1746 9 1906 44 7034 10768 4 16797 4046 4 5266 8 1292 7 53562 4 21 10637 10 3 9556 6462 267 542 5
145 1381 1273 9 3093 8 5394 6285 653 10768 14 9556 6462 1443 543 15 9 22190 16716 1217 5
238 962 4 3 22190 16716 10768 6409 108 1959 53 4 22190 42101 2869 4 8 538 16716 2367 7 317 5
17 4991 16 543 15 15150 27728 7026 7 7732 33609 10904 220 14 6293 25429 23394 22 3 3354 9962 5
7219 4 192 16716 2367 4569 65 9 10768 2818 2957 19 4046 8 5266 4 21 166 21 1219 10 523 272284 4 79022 5
53562 5
81 13 1065 4 46 162 18506 9 17592 14 12430 192 22190 16716 11379 14 9556 6462 1443 5
349 3 83 881 4 9 5394 22190 16716 6285 653 39330 10768 18 1254 14 8 6227 10 3 9556 6462 284 10 678 6 231 23 14 523 38060 22 3 13537 489 653 7 17105 8258 2442 6 3 5369 4429 5
33962 522 27241 3 773 7 3 1273 10768 111 19 9 4759 152874 10768 4108 1254 14 13 284 8 9 331839 10768 5
81 644 4 3 1273 22190 16716 39330 10768 2209 166 773 10 970 7 3235 89448 4 1157 89 4 10029 89 8 3768 10 137214 5
9049 4 3 1273 10768 3455 333 773 10 970 7 8557 10 2906 19 3 83 11379 5
35513 22015 42 59 336 8 522 2118 13 3 1273 10768 137325 6 3 197 7 1665 35 5479 19 9 3601 1219 397 8 5479 19 12911 1219 266 123780 33 5
659 46 194 4 3 267 542 661 13 3 1273 22190 16716 39330 10768 16 1369 14 7254 8 1509 14 6573 108140 1443 5
17 773 7 3 1273 6285 653 10768 14 9556 6462 1443 543 15 9 22190 16716 1217 18 2870 8 24637 5
81 13 1065 4 10 4631 19 83 11379 25 6854 4 46 1273 1217 6274 5238 9063 105 53 304285 7 1746 137 9 614 17592 109 17635 10 1746 44 7034 10 4631 19 2125 25547 22190 11379 109 17635 10 1746 106 23 340 34 1871 9 1506 7 3 1457 6 26 34171 109 5394 773 13 54527 4046 4 3137 5266 49 20754 8 14130 7 3 1219 397 109 20786 7 38011 109 8 4 304285 7 9088 463 6 3 16716 24065 7 3 3354 9962 13 71 26 381 21 25429 2367 7 317 5
527 4 3 1273 22190 16716 10768 59 6274 90 9705 5
273 946 4 9901 19 3 331839 10768 4 3 1273 10768 16 287 4213 10 970 7 89448 4 3847 32 3070 7 3 3354 1070 16 1272 5
81 1243 4 2793 24220 16 59 12818 6 197 19393 7 4333 7410 4 995 9 48 614 5394 8 7112 10768 14 6285 653 9556 6462 1443 5
8932 601 6409 32 3070 7 3 22190 16716 10768 10 678 6 1128 89448 10 1092 1070 5
980 2279 6904 250 26 4116 6 474 3 3695 7 22190 16716 11379 4 8 9 3241 2376 5018 2818 1164 5
1949 4 9 5373 22190 16716 10768 19 2854 4309 29 45 2016 6 1746 32 2793 24220 10768 4 1723 53562 8 61338 7 3 10768 5
81 970 7 4 8365 10 69629 49 83 3569 6728 31 7 3238 6 1332 3 25017 7 3 10768 14 1283 5060 5