81 46 601 80 27 220 421 3472 25828 31660 15 1841 21061 628 6 30174 1349 826 232 6 40 1568 1215 5
1796 1427 7005 4 799 4 6127 8 272 4 31 220 6 12681 3 190431 7 3 1349 826 5
2625 421 3472 2520 31 1589 4 12354 4 8 677 19 523 773 23491 5
5583 32 4213 303777 16 1589 6 30174 1564 8 132 15 90 9796 19393 5
17 2520 1589 10 46 601 86 26 7141 154 8122 65 938 221 7 826 3773 1562 5
13166 6 4503 7 2787 1448 8 24704 7 1272 221 7 7018 4 23 16 572 6 19285 329 2119 5
3701 1416 2673 86 26 7141 6 19285 8 1415 3 190431 7 3 3340 1348 2119 19 3 185 7 3 3851 628 1206 10 3 4246 5536 5
17 2673 51 1374 265 952 15 2215 1215 8 15 586 7 1222 7 3 2119 8 14031 18020 3 1568 1215 7 3 2119 21 799 4 6127 49 272 5
79 152929 1222 4246 284 18 2203 22 243635 4 2636 4 20314 4 6262 35 243635 4 2636 4 274 33 10 5282 8 2262 6 3 370952 688 22 441954 4 6262 10 1095 5
17 4246 284 15974 317 15 3606 4 56291 8 9908 10777 7 826 5
79 14324 341 202 456626 7 826 4157 11755 1192 8 1476 3291 35 33 8 70 826 25 3 1059 8 90711 21061 5898 35 33 352 4157 3 370952 688 31 9742 76 3 4246 447 5
48859 2849 1008 3 826 40 16199 6 4498 317 15 30074 8 9908 10777 4 1034 8 1923 912 4 7146 2822 4 982 297 9602 8 448 212 4 8 15 3 231 7 1083 8 9785 4233 22 139 5
11755 10777 4 322920 13693 4 4760 597 22 3 2033 4 8 8599 7 826 31 59 2236 5
52141 157603 9758 7 132166 5036 35 82590 4 1761 4 8 186799 33 7 826 31 2828 6 2705 152929 28948 8 6 2258 53572 37994 7 17476 28948 5
17 447 1705 533 317 13 2939 688 23512 6 581 361 6 826 5
66 59 7928 3 1387 6 7367 3 11030 7 84 28948 8 15618 6 261 7379 7 11470 8 40 3459 6 1919 3 913 7 6262 6 159 14922 8 83 532 1170 8 6 4112 3 893 10 3 10777 7 826 8 53572 37994 7 17476 28948 5
88782 317 16 3890 7 3 1193 5
16816 4 23 1708 32 533 628 26983 14 5750 56291 2062 4 25017 7 522 7 3606 2062 4 2939 1800 84 601 2377 8 542 1746 4 8 4556 2069 191743 5310 8 14922 1190 5
115877 355 826 3773 22 688 4 32 2007 6708 16 1303 61 24 3 2787 6790 6 384 61 3 190431 7 3 826 1215 5
1210 6 3 190431 7 2119 2106 2215 1215 3 2787 2037 1141 1622 652 5
5356 65 87 16 8122 105 10 3 64 274 154 4341 4 65 11226 2119 15 32 596 1349 10 3 688 4 23 16 572 6 19285 329 2119 46950 463 6 4503 7 2787 1448 8 24704 7 1272 221 7 7018 5
3701 1416 2673 86 26 7141 322 6 19285 8 1415 3 190431 7 3 3340 1348 2119 19 3 185 7 3 3851 628 1206 10 3 4246 5536 5
17 2673 51 1374 265 952 15 2215 1215 8 15 586 7 1222 7 3 2119 8 14031 18020 3 1568 1215 7 3 2119 21 799 4 6127 49 272 5
84812 1841 21061 5536 3576 1564 13 1392 2119 2106 2007 2215 1215 4 586 7 1222 4 21 166 3 380 3115 7 953 8 11861 7 948 10 3 688 5
17 3115 857 29 3 508 2770 7545 53 249 3082 201642 4 341 3082 55309 186802 4 459 3082 36944 4 503 3082 40591 4 500 3082 3754 4 782 3082 36068 5
81 46 601 4 80 1384 97 3 1564 7 3 826 19 3115 3082 249 21 1564 19 83 3115 35 3115 11102 6117 249 33 31 13746 10 104 7 3 745 5
527 4 80 112 34 384 120 17807 857 13 1705 3 2007 6708 14 190431 19 871 53 799 4 12122 4 272 5
134 231 32 38460 322 13 3 11861 7 948 10 3 688 51 4459 6 3 190431 7 3 2119 5
134 1000 9 10978 17807 190431 24 7719 3 11861 7 948 857 21 3177 53 6494 6 18398 53 12615 4 2879 6117 6 18398 53 24647 4 6117 8708 1692 5
63973 81 46 601 80 27 220 421 3472 25828 31660 15 1841 21061 628 6 30174 1349 826 232 6 40 1568 1215 5
2625 421 3472 2520 31 1589 4 12354 4 8 677 19 523 773 23491 5
5583 32 4213 303777 16 1589 6 30174 1564 8 132 15 90 9796 19393 5
2625 601 1131 27 45 2173 6 2705 84 4 4809 8 2794 5897 25 688 4206 532 8 173 244 4246 628 5
81 35 2804 33 4 9413 4 80920 4 14489 4 9669 4 8 9413 35 1095 33 8 58419 4 1053 4 8 35 2391 33 628 4242 4538 31 220 14 3726 2627 5792 8 53572 4484 5
17 3726 8 9674 7 180218 5792 16 9 533 565 15178 10 2549 5
79 53918 49 180218 4206 16 9 1222 13 10823 54 6134 76 3 688 8 23 16 3 8867 7 9 953 4 34 4202 9 9745 57 4 2828 24 3 784 607 5
180218 5792 31 1778 106 43 31 1022 24 6748 47 27 1778 35 1568 33 4484 6 11450 5
145 565 16 177 812 70 72 3 131 5
81 678 6 270 91 10 46 1812 2485 4 9 284 27 45 1589 4 226 35 354809 12283 32330 4 502 33 5
17 8808 7 46 284 31 3 25017 7 157603 628 8 3 3465 7 9 521 89 56291 317 284 5
17 284 16 4116 14 6232 7018 4 106 23 4088 91 10 3 5577 7 3 157603 16676 109 14 23512 4 106 23 4088 91 10 3 6300 7 3 96568 4 7 3 104 6943 21641 4233 8 10 3726 826 5792 109 8 14 56910 4 106 23 2228 91 6 2705 11470 8 6 542 4206 14130 5
81 678 6 2769 192 8808 628 4242 4538 27 45 3322 5
7337 4242 4538 27 45 220 14 3096 3 284 2505 1084 5
81 678 6 10158 3 11040 7 3 8090 2828 24 8 3 28389 7 3 2505 4089 1217 4 9 960 18 2828 543 15 9 100402 7 521 4206 993 5
81 3 25017 2485 3439 32 8958 7 95521 202 4 9 9512 7 95521 202 8 9 48581 7 6709 202 5
81 3 4233 5840 2485 4 3439 177 272 8958 8 48581 21 166 5
87213 10292 10 528 6163 7 3606 628 142 581 533 11598 76 3 10777 7 826 49 361 2280 6589 4 44 142 26 841 6 2705 24 1510 770 5
1192 27 45 1303 61 6 1800 5018 538 628 4242 13 71 4517 5897 10 192 528 628 2757 5
81 8 333667 35 274 33 4 6200 27 45 2209 7 46 7453 10 47 4 628 4242 29 45 3639 3677 6 688 4206 532 5
17 7337 16714 21061 5898 35 33 2527 628 25 3 3606 6232 8 688 317 1443 6 1000 3320 954 7796 826 4 5907 3351 4 3459 4 18335 4 8 21641 225876 5
21257 10 3320 2362 72 89 4 3905 140451 5897 2475 3206 14 8617 4 8 1117 191244 4309 2705 3 104 25746 7 192 5897 14 25884 5
7337 4242 16 3 650 7 11533 2794 2505 4 133 21 5897 4 9557 4 893 4 31575 8 964 6294 4 25 528 3318 7 628 7545 10 14431 4 628 18822 4 49 83 317 62167 5
81 7935 4 3320 954 31 1109 6 26 1144 4116 21 43 582 3 2177 6 2494 7112 6708 8 10775 17133 317 8 1088 533 2505 4312 1003 8 5998 5
17 565 7 7995 84 4 4809 8 2794 5897 10 784 14431 10 614 4 8 20430 628 62167 10 2190 4 16 1109 10 9 601 35 4 4 4 323 54390 4 1278 33 5
81 46 1381 3 31660 6 9 5536 4623 1564 7 20430 826 8 2704 6 10775 3320 954 25 3 7545 521 19393 5
17 522 4459 13 3 17592 979 142 26 7 206 871 6 3 13752 4644 4 907 65 528 628 6163 31 694 5
17 979 650 8 3 6227 284 582 32 4213 8 1783 4462 10 3 891 7 4171 5
1471 601 1381 35 2544 12283 32330 4 2391 33 15682 307 628 4242 27964 8 4538 13 27 45 1589 22 3 430 7 2060 49474 5309 17238 5
81 46 1381 138 27964 8 4538 31 6227 76 307 30134 4 57 7 47 7301 15 784 317 1589 10 3672 19 3 379 5378 1642 35 51875 33 8 3 430 7 2476 22 64109 5
622 6358 27 45 1273 14 784 2505 317 1443 13 36 6203 628 4242 356 307 784 317 1543 8 1588 9 7663 7 628 4242 3648 13 27 45 1589 6 4530 51875 10 3096 173 909 6 8 231 7 40 1806 2383 957 317 7386 5
1192 162 29 59 45 617 6 5441 8 960 28389 8 773 7 628 4242 3648 8 4538 110 3677 6 3796 601 2173 15 39102 826 5
35 12283 32330 4 274 109 36798 4 308576 244611 4 1604 4 323 526449 135236 7744 4 274 33 5
17 10900 7 4397 7 72852 7189 6874 35 124010 33 29 45 9 3558 601 565 14 784 1757 5
17 6905 7 601 2209 10 52891 4 32465 6794 4 8 350676 19959 35 359 33 18 6 1800 628 4242 27964 14 7678 4397 7 124010 826 543 15 11226 745 5
79 3606 9892 8 9 70348 1667 55 42 1303 61 6 539 11226 124010 745 5
17 4397 317 7 290 267 16 3455 2151 1667 55 5
6297 15 3 628 4 108 974 628 4242 27964 42 4723 6 1800 3 10900 2520 538 3 61459 745 5
1949 73322 2858 25017 4309 42 220 6 1415 3 30771 2882 7 3 108 10900 2520 14 773 4631 5060 5
17 522 2573 13 3 187305 16 3 282 34141 19 137458 202 8958 15 3 32044 5907 7732 32542 2642 269 61 6 26 3 169 19 211607 202 8958 8 3 421 2855 2520 269 61 6 26 3 1207 7 3 108 19 128065 202 8958 5
17 19079 542 7 2489 10900 2520 14 4397 7 124010 826 486 19 9 73322 2858 25017 1252 32 7726 76 3 3703 10900 1175 7 523 628 5
1192 27 45 617 6 1800 32 7732 203173 628 4242 2869 35 33 35 12398 784 628 4242 4 274 33 13 71 86091 1046 70 3 424 28487 601 17180 4 74549 3 845 801 15487 660 14 2190 4394 8 1379 23 10 9 6170 13 16 558 10 10534 35 2106 33 14 826 8 7018 6 1165 5
473 6582 76 1806 6790 410 891 1443 4 7018 71 231 35 481 7 886 33 3 801 601 11924 8 4498 20455 43628 3606 7362 317 15 9 1773 1079 7 1083 8 4394 125 3 2119 16 2421 10 3 787 278
273 826 4 23 3804 6 1647 3 813 53 96 340 3 3186 668 219 3 282 953 2003 14 1222 12662 31 88
10095 1122 236 6 2707 3 1222 43 3073 6 259 48 52 10 3 1046 2031 15 3 815 2078 5
158 19491 3 21243 543 192855 970 6 185 4330 40 1046 124 6 3 2190 1222 43 31 4231 14 8 2696 6 91 53 35 9 33 7970 15158 8 17561 14 3 953 7 13 1222 4 35 8862 33 1516 29997 19769 4 8 35 8258 33 7970 81723 14 13 1222 5
355 57 2876 143 841 23 51 26 14 7018 6 25114 8 30292 1165 3 6854 15 70 1083 43 20231 4 46 843 7 2869 29 964 785 5
17 628 4242 2869 29 45 10 726 14 9 265 85 107 4 8 54 67 83475 61652 18 531 6 3 173 21 9 17505 10 541 359 5
17 2771 16 149 22 261 20316 967 8 16 149 1147 3090 1255 9 1555 5
81 9 628 4242 601 1381 35 4 4 4 4 323 128740 4 3824 33 15 784 1564 4 628 27 45 3883 15 18002 826 7221 6 40 614 22660 7 9 84 3737 7 4771 2023 4 13105 49 19272 5
52194 42 5422 148 2007 1478 8 3498 8 9 8617 6708 54 9 566 7 341 388 6 341 190 5
17 628 42 18460 19 95033 4 9 11245 421 3695 1586 1560 5
81 3 74 336 4 3 221 7 488124 24 95033 18 4441 202 5
435 42769 7 3 628 8 13752 5835 4 87 42 2919 202 488124 5
17 104 28501 12911 725 61 6 26 2023 15 5
355 9901 290 7 218 13752 600 6 70 461 4 23 18 170 13 9 1432 31392 871 7 1173 202 14 26343 4394 4 4765 202 14 11255 8278 4 5102 202 14 10551 4394 4 4452 202 14 160485 8 6052 202 14 4771 2378 29645 5
17 95033 17592 738 454 777 8 2279 103 120 3606 2673 36 26 537 10 614 1407 5
81 52807 4 275625 4 4 4 8 35 3401 33 9 542 18 1303 61 6 384 32 5050 31660 14 3 6708 7 7760 62699 68243 10 4771 2023 826 15 5287 6 3 1188 1385 5
81 9 7862 3606 542 4 3 13752 3800 7 3606 3498 42 677 4 8409 64110 4 119989 77967 4 124846 77967 51691 1534 8 2199 7353 4 237368 4 8 10528 252728 3116 960 522 7 688 6134 1327 5036 5
999 19372 8 56018 2855 4 9 421 3472 14 3 6708 7 7760 62699 68243 18 1589 5
17 601 18 2173 22 6361 787 7 9 511 7 10129 4970 35 430 1841 33 15 17696 4771 2023 826 53 1239 72846 3042 8 947 14510 72846 3042 62699 280981 4 3722 826 19 11323 50989 333148 4 8 302 826 19 4771 2023 1022 24 83 4394 5
81 46 542 32 31660 18 170 13 86 10366 1687 3 62699 68243 826 25 3 461 15 6134 6 3 1188 1385 5
12502 4 46 303777 86 26 9 4321 13752 1015 14 4430 5620 7 9 1803 62699 68243 5
81 184 601 1381 35 12283 32330 4 3401 33 67 19372 2520 42 2209 4 57 543 15 4102 7566 8 3 83 538 2029 67929 56018 5
17 2520 42 74 2921 10 90 3856 8 153 12354 15 3 216 1193 7 8469 826 5
17 733 7 189 1443 16 6 4764 3 3115 7 138 826 5
17 522 31 43628 8 2921 10 970 7 17693 27964 7 3 67 2520 5
134 86 4855 9 19372 565 24 1855 9 507 7 3991 13953 952 52 3 13987 7 3 960 410 5
3194 89 80 1271 32 1647 4 9 8617 813 16 467 285 80 1018 9 4774 52 3 1427 4336 7 3 410 5
17 507 7 952 8 40 537 4411 71 26 4393 10 3 916 7 9 421 3472 4 47 16 9 52301 2981 14484 7 30864 8 3181 12029 5
397091 9 960 410 16 9802 480 9 421 3472 29 45 9168 5
10745 25 3 6808 38105 4 80 2780 3 960 1215 6 3 410 8 1667 3 3206 4386 543 15 3 3115 7 3 960 5
145 36 321 286 883 6 184 2634 38105 4 14 47 9 84 960 1215 16 3677 4 49 6 9 14613 38105 5
17 1427 4336 2442 19 3 14613 38105 16 153 6234 6 3 410 5
29507 3472 25828 31660 35 260 124 124065 7 29507 13963 33 31660 29 3192 3 1625 14 117 19372 1443 4 67 7 3 282 424 110 382633 8 5
29507 2855 31 4209 24 2556 14087 15 3 2770 7 13987 5
145 650 16 424 21 172930 95453 5
81 3 2029 24656 7 3 31660 87 16 9 928 197 7 9584 5
3194 3099 9317 6 32 5811 1427 4 47 16 962 24 3 2770 7 9 197 7 13987 5
17 2370 31660 71 26 392 10 100 9 265 1583 21 1595 10 98586 249 5
17 31660 98586 249 5
17 31660 5
332 290 14510 14613 38105 32 17807 16 3112 14 14087 5
145 86 26 120 17807 4 2936 13 3 216 17807 383 34 26 3112 1429 10 3 216 4386 5
527 46 15335 15914 29 9 177 4321 1102 5
3194 2714 15 3 871 7 32 17807 10316 3 4385 7 3 12510 4386 24 57 1043 4 44 3 3235 537 4385 14 9 4386 16 2990 970 114 87 31 2990 13987 5
16816 3 31660 16 5053 6 17982 5
187 16 57 533 1215 47 383 817 103 3 31660 71 26 3677 5
145 16 3 26301 1215 53 93 67 9584 19 3 216 2770 7 70 13987 142 7857 6 523 3597 5
145 16 1122 9 152 7 5918 13 928 197 16 4547 5
79 346 565 19 3 31660 16 13 23 16 53 93 5018 16 392 6 5339 3 17807 79 15 47 3 2714 36 26 617 5
187 31 90 4538 14 13896 13987 5
527 4 90 7 91 142 26 48 4116 58 461 5
9831 9 206 1414 7 13987 6 2714 15 22 290 967 16 2409 6 3 1028 7 3 1217 5
40534 3 13987 659 259 3 678 10 47 13987 146 26 3112 6 2714 3 628 4 80 236 90 1415 13 51 852 286 6 6786 3 13987 15 90 2430 8 2401 57 996 3 83 5
364 7 3 1170 14 13896 3 282 813 49 17807 16 543 15 3 653 7 170225 10 3 3979 3597 7 628 5
170225 86 26 4939 21 3 1058 7 4046 1379 10 3 628 8 13 3 17807 47 9704 3 170225 104 144 26 3112 5
4036 13300 9421 4 90 7 3 170225 1170 31 53 2778 119335 5458 53 37255 35 249 115998 9421 33 2778 236794 53 115998 1356 9421 10024 9421 1635 35 249 115998 9421 33 10024 35 249 115998 9421 33 1362 2778 518842 19465 53 249 115998 34411 35 9421 4 249 115998 9421 33 81 614 4 65 3 100402 86 26 3868 76 67 3597 4 153 9421 16 3 5084 7 9584 10 3 5536 13 29 57 871 14 3 1341 17807 8 249 115998 9421 16 3 5084 7 9584 10 3 5536 13 29 3 169 871 14 3 216 1341 17807 5
83538 7 3 170225 1170 81 3 767 2124 4 80 5892 3 9584 10 3 5536 86 26 6401 487650 5
355 3 221 7 3597 2742 108 49 48 79022 5
35353 4 50624 8 45787 4 114 2778 3280 35 35353 33 3082 9421 2778 3280 35 50624 33 3082 72846 2778 3280 35 45787 33 3082 249 115998 9421 115998 72846 153 3 170225 1170 86 26 48015 21 3177 5
2778 119335 5458 2778 236794 2437 2778 518842 19465 9102 5
6832 1811 5514 14 17807 3394 6405 6363 80 231 14 3 2485 7 17807 3394 4 18506 32 129910 9124 4 79022 5
9 8684 14 57 1414 623 58 83 4 47 16 34 2118 24 9322 24 3 628 1010 44 24 6404 567 4 133 21 129 8684 14 17635 49 22254 19 449 35 12283 32330 4 3401 33 5
2758 9124 71 26 7141 49 8621 4 4808 15 3 100402 5
134 71 2401 9 5018 13 29 9 9124 13 80 3153 4 44 80 71 34 5199 129910 9124 6676 5
187 16 93 7887 4 30771 5018 5
9069 23 16 533 6 26 488 6 140 96 16 2042 24 120 1654 5018 7 13896 13987 5
273 117 4309 46 16 34 1369 6 112 4 44 14 57 7 3 11288 4309 80 71 5
6832 92541 71 26 1595 6 27 9 9124 1537 13896 13987 19 9 528 221 7 2770 5
81 678 6 1128 1102 7 9124 3979 25 3 231 7 317 1811 4 9 19962 424 21 44521 74193 18 2042 24 3 1684 3796 3935 32988 10 30 4788 284 5
44521 74193 35412 3 317 1811 14 290 17807 6 852 14 3 6821 8 51647 7 3 17807 2770 5
44521 74193 16 4939 24 3 6363 53 114 41627 3735 16 9 871 543 15 3 4848 8085 5
1841 4246 1513 7 243635 4 2636 4063 4246 628 8 628 1547 6 2119 10 90457 1586 5
23620 3351 7 628 31 11831 76 9 837 3359 5
1655 15705 3 628 23 16 7587 13 3 23394 10 3 100402 86 26 3868 76 508 500 600 53 923 249 53 3317 8 42176 7337 53 628 1547 6 2119 2106 7207 317 4 292 1215 4 882 1215 4 932 653 4 6662 8 2822 1547 6 13373 4 855 8 14408 13987 4 923 341 53 19147 6344 8 9469 77231 53 244 1215 7 3 2119 65 1349 8 120 586 7 767 1222 4 923 459 53 61520 6315 53 6708 210 7 1327 4 26955 8 83 44176 4 923 503 53 53 5325 28948 8 40 9512 2376 6 523 11450 4 923 500 53 15156 8 3115 53 953 4 11861 7 948 8 3115 7 953 16 59 7545 10 46 628 197 5
931 218 600 1311 3 689 2071 7 3 23394 10 3 1841 21061 628 5
1563 3316 7 3 542 16 6 30174 3 2119 232 6 40 11861 7 948 10 3 688 5
134 5892 13 3 568 3 11861 7 948 3 48 1568 16 3 1215 7 3 2119 35 9 107447 33 5
458 80 27 1146 9 10978 12911 25 11861 7 948 21 190431 35 799 4 6127 4 272 33 10 3 628 445498 4141 5
1210 6 3 6905 197 24 286 6 384 61 3 190431 7 3 2119 15 6134 80 27 3467 3 34141 23394 4279 14 3 542 25 3 600 53 3317 8 42176 7337 4 19147 6344 8 9469 77231 4 8 3 1341 12911 190431 16 9 16496 12911 25 3 140785 7 15356 12911 10 3 182 53 15156 5
1841 21061 1513 29 1252 286 628 10 90457 6170 5
2778 66 29 1564 5
2778 66 29 628 25 7088 548 3495 6 17193 591 359 4 52 403 85 628 5
2778 66 29 52 34572 5
1655 129 9892 80 27 3868 3 23394 10 218 346 600 47 16 277 45 2994 4 232 6 40 3968 89 8 10777 5
60432 19 1149 7 4246 1513 37 27 3 1622 9962 2505 4 232 6 16301 80 27 1074 90 23394 8 3467 90 12911 14 129 542 14 445498 4 6109 4 8586 8 17241 5
1329 70 1564 10 3 182 249 4 182 341 8 182 500 31 34 1206 10 3 4 3547 31 1206 232 6 16301 8 3238 6 3 542 5
931 3547 31 454 1842 10 3 628 445498 4141 5
5602 628 1339 538 11245 3648 90 7 192 3467 3547 31 454 1074 14 1292 7 48517 49 1292 7 4321 317 5
6832 9962 2505 3 12911 2408 5668 25 34572 6 716 5
39272 22785 4 449563 7 3 23394 8 11245 317 1547 6 3 23394 10 3 3467 628 197 16 351 6 27 9 2411 3003 52 3 317 2038 8 1277 7 3 628 5
134 10992 13 87 31 1268 2770 10 3 628 8 87 31 8 349622 10 90 23394 4 47 31 5169 10 3 161 2124 1013 628 445498 5
766 3 1564 27 28579 628 5
75 104 7 3 1564 27 2919 13987 35 61 7 716 33 31 58994 10 2129 79022 5
43 3576 265 9022 216571 2770 4 47 42540 6 90 58994 2770 4 2224 12911 3115 23 29 708 9022 216571 2770 8 290 216571 871 35471 6 9 58994 871 35 249 3082 201642 4 341 3082 55309 1009 4 459 3082 36944 4 503 3082 40591 4 500 3082 3754 4 782 3082 36068 33 5
47561 459 13987 27 11065 2770 4 4 5
7337 4242 16 52 418 19 628 4 47 6 9 1370 49 8692 2463 4784 90 19630 1534 4 715 4 49 5811 5
7337 236 6 26 1745 95 13 3 317 222489 496 23 16 104 2093 10644 24 3 628 4242 3648 5
66041 7 628 16 34 9 650 13 71 26 1303 61 32647 5
187 16 93 6062 4462 13 71 26 2653 22 9 100402 8 127 6 4002 3 628 5
187 36 816 21 146 1450 21 1897 10 206 628 5923 5
2249 628 5923 4538 71 34 26 2112 11356 4 23 16 1622 6 2780 91 19 2505 7 40 1102 15 3 628 110 1745 35 43541 52711 4 7337 66041 14 7337 16714 4 2223 19486 4 323 86608 4 2391 33 5
90457 1586 16 220 25 1092 249 6 685 8 25 1092 409 6 947 189 90457 8 32575 16 220 6 384 61 1268 2770 4 3435 2770 4 165644 3768 4 857 8586 4 551954 2807 11771 4 1308 628 6109 1715 31 1303 61 10 3 508 1959 538 90457 8 32575 5
17299 249 53 7337 16 23642 15 3 1177 3115 5
2196 410 19 3115 871 3082 16 351 5
98459 7 3 100402 9704 5
12628 2408 16 5
145 16 617 106 24 9892 23 16 5054 13 10 745 7 1564 19 3115 871 3082 1564 31 13746 5
17299 341 53 435 46 20973 1534 3115 857 16 18864 5
458 3 410 22690 17094 5
17 221 7 13987 10 3 100402 2742 3128 5
17299 459 53 39272 3201 7 16 351 6 384 61 92 87 16 120 1268 871 5
134 170 67 1564 19 1268 2770 1203 7 3 3547 10 192 1564 31 170 11787 5
458 192 67 1564 18864 5
804 410 2408 16 5
17299 503 53 6 1128 349622 10 3 12911 10 9 84 12911 7729 16 1146 25 7719 2770 10 3 508 152 53 53 249 35 9602 33 6117 53 341 35 261 4217 33 6117 53 459 35 268 4217 33 6117 53 503 35 17050 33 7183 6117 53 500 35 3219 33 6117 32953 53 708 35 551 33 7729 29 288 33770 871 25 249 6 708 5
16 18864 109 1092 503 8 500 14082 9 8586 7 11065 12911 6 9 33770 12911 53 6 731 5
17299 500 53 9 84 857 16 1146 916 46 6363 3082 35 889 33 1635 17299 708 53 8 192 67 3547 31 18864 109 95 628 22690 16 1842 5
72312 2408 10 3 928 100402 16 107 2919 5
17299 700 53 857 170 3435 10 800 9584 4 95 138 1564 31 18864 4 121 129 1341 12911 51 26 1146 543 15 46 12911 46 857 71 34 26 3435 5
804 410 2408 16 5
17299 704 53 79 84 12911 190431 16 1146 25 7719 10 3 508 152 53 53 249 35 12615 33 6117 53 341 35 24647 33 6117 8708 53 459 35 1692 33 190431 16 3 1341 12911 10 3 410 5
66 29 108 33770 871 4680 25 249 6 459 5
17299 782 53 16 18864 5
364 12911 18864 8 10 3 767 1092 57 12911 16 1146 4 95 1308 551954 7 3 100402 840 2919 21 103 5
17299 183 53 39272 3201 7 70 3 23394 31 351 5
32721 13 10 218 1564 117 7 3 23394 31 3435 5
931 1564 31 18864 5
804 410 2408 2742 5
17299 407 53 39272 3201 7 3 23394 31 351 369 6 384 61 92 87 16 120 3435 2770 10 120 7 3 23394 5
966 23394 170 6 27 57 1268 871 5
766 192 1268 2770 31 10 67 1564 5
931 67 1564 31 18864 5
12628 2408 16 107 5
17299 403 53 39272 3201 7 3 23394 31 351 5
720 1268 871 16 170 14 120 7 3 23394 5
81 90 12911 90 2770 31 170 129618 4 47 16 18864 5
12628 2408 16 107 10 3 100402 5
17299 698 53 39272 3201 1870 16 351 369 14 70 23394 5
32721 13 9 871 708 2167 10 3 190431 857 10794 5
35967 142 26 10748 1048 10 3 11909 5
214 410 16 18864 5
12628 2408 16 107 5
17299 685 53 39272 3201 1870 16 351 369 14 70 23394 5
32721 93 1268 49 3435 871 5
766 1268 8 3435 2770 8 129618 2770 31 5169 19 5
1329 70 13987 142 26 666 6 4855 9 392 628 4242 565 5
81 644 4 3 231 7 90 13987 142 11193 19 3 4007 6362 7 9 628 4242 2485 5
17 231 7 83 13987 142 1122 474 3 10119 8 4472 3 3961 7 32 31660 5
145 565 16 1484 3876 6 21 551954 16117 4 2677 13 87 31 117 13987 35 17020 33 694 8 23 16 841 6 2258 47 1603 144 26 220 5
364 2104 6 46 272 551954 565 16 6 1128 3 221 7 13987 4 47 16 424 21 551954 2807 5
29701 3 221 7 13987 187 31 307 1225 10 47 3 221 7 13987 35 49 2000 33 71 26 1842 103 9 100402 16 9490 5
187 31 117 537 6680 13 71 26 220 14 9409 47 13987 6 4643 4 14 946 53 2196 4643 3 282 302 13987 5
2196 4643 282 605 202 7 3 13987 5
2196 4643 13987 19 32 317 1811 13 16 22 248 605 202 7 3 1391 317 1811 7 120 17807 5
2196 4643 17807 13 1128 3 2007 92541 7 3 100402 24 22 248 183 202 5
187 16 93 57 1414 13 16 282 10 70 5771 4 44 15826 3 317 1811 2770 7 70 3 13987 71 185 132 9 206 1414 35 5736 4 359 33 5
81 3 508 67 1959 80 27 1842 13987 25 716 6 985 24 538 236794 13571 14 17807 3394 543 15 317 1811 5
17299 409 53 39272 3201 7 190431 3547 16 351 14 13571 7 2007 92541 5
20498 249 4286 3 10291 3201 7 190431 5
236794 7 3 100402 16 7154 538 3 6363 20498 249 5
39272 3201 7 1341 12911 190431 5
190431 7 2119 1215 39272 50767 78822 94 55508 94 78822 12615 126335 126335 126335 24647 365761 21633 21633 113078 1692 176917 11544 11544 102590 5640 102590 102590 17299 697 53 2858 16540 7 70 34141 23394 19 3 1341 12911 190431 16 351 14 13571 7 236794 4 3 596 92541 7 3 928 2757 3979 25 14087 15 9 2190 17807 5
273 32 59268 4 2858 411210 7 17807 9151 16 1595 19 1341 12911 190431 10 20498 341 8 13571 7 14 1312 16 59 1595 5
20498 341 5
190431 98236 9151 5
21464 9151 7 826 5640 21122 19922 190431 7 19147 49872 9151 7 826 190431 7 19147 49872 12615 24647 130048 219239 1692 53322 39718 123497 5640 16 107 7154 24 8440 9 5806 21 3177 5
35 9 33 273 329 310387 871 9485 10 3 689 636 7 3 1870 35 79022 5
3 176 47 16 15133 53820 33 4 50837 35 9485 98236 33 5
35 8862 33 273 329 310387 871 2567 10 3 4848 5806 1843 35 79022 5
3 1461 176 33 4 1753 2567 98236 5583 6797 3 676 24 221 7 9584 12357 59268 273 17807 9151 4 252980 19 317 1811 1370 58 5853 202 31 1206 14 628 4242 1506 589 53 421 3472 2020 5
81 46 152 80 1128 3 23394 25 2919 6 985 23394 5
17299 800 53 1516 23394 31 14386 79022 5
1074 25 3 100402 5
551954 79022 5
3 22690 7 3 100402 16 1842 5
17 2408 7 3 1564 10 46 100402 16 1435 19 12911 2408 985 5
17299 630 53 145 628 10 90457 16 4902 6 32575 6170 6 132 23 1334 14 3 161 4141 11771 4 14 7337 17241 5
17299 947 53 190431 857 29 33770 628 2770 249 4 341 4 459 7 216571 628 2125 5
158 31 4902 58994 2770 7 11709 628 2125 24 538 3 32575 6363 53 3082 18743 35 190431 3082 249 4 12615 4 18743 35 190431 3082 341 4 24647 4 18743 35 190431 3082 459 4 1692 4 59605 33 33 33 5
145 7332 16 617 106 104 7 3 628 17241 3648 1356 4 1362 236 1341 2770 6 26 58994 5
7337 17241 81 46 601 162 80 231 35 4 274 33 14 7470 421 3472 1506 5
16 9 7337 16714 10725 47 34427 1678 12391 2854 77497 5
84630 1715 17299 249 53 332 74 70 3 1564 10 3 4246 100402 13 18 12355 10 3 628 445498 4141 31 220 10 5
17299 341 53 20773 421 3472 19372 27964 14 1506 589 5
81 3 100402 190431 16 3 1341 1427 8 83 1004 23394 31 34141 23394 5
79 15315 7 31660 10 16 2209 10 98586 341 5
86237 3 43455 98586 341 5
86237 3 31660 5
17299 459 53 1707 3 508 16 4216 10 1295 35 4 274 33 53 66 34427 2638 67 629 2377 53 1811 5514 10 678 6 5339 3 243 2714 17807 109 1270 37578 232 3 14134 3768 38020 10 678 6 7367 3 243 1646 7 3 3472 5
470655 56856 35 22635 653 33 14 14134 37578 53 66 16 3 1493 653 220 14 3 66413 7 3 14134 3768 489 79022 5
3 4416 4787 7 3 1493 12634 7 3 3768 489 15 9 14613 5
36349 7 2690 53 79 2714 16 2404 92 67 2690 22 248 27 1646 4416 58 46 8515 35 32988 4 4164 109 12283 32330 4 1422 33 5
17299 503 53 901 19393 236 6 26 1198 5
59605 871 7 5
14 14134 37578 3082 605 202 8 36349 7 53972 3082 341 5
931 2770 31 1206 10 3 74 336 5
86237 138 19393 137 16 2209 10 98586 459 5
43455 98586 459 5
2674 19393 5
22635 653 16 220 14 10900 7 3472 3768 713 8 6654 3 37578 650 4 3 798 3 1493 653 4 3 568 3 1058 7 37578 13 36 159 254 35 17469 8258 4 4 323 819 4 359 33 5
931 67 19393 31 1406 8 5210 72 8 72 6 128 32 19547 421 3472 1506 5
17299 500 53 273 101627 4768 871 16 766 100402 5
17 12540 3394 16 1206 10 50 4768 871 53 70 1564 31 351 14 5867 5
17 665 25 3 1002 53 3 4209 421 3472 2520 31 70 12354 8 677 14 773 10 3 161 2124 4 10 3 29756 8 41381 4141 5
273 8557 3644 4 80 231 100402 13 27 45 9490 10 3 767 967 5
134 1088 421 2855 15 67 628 2757 5
1532 100402 3576 70 1564 25 5536 8 3 83 4286 3467 1564 25 5536 133 13 70 3597 35 272 4 799 8 12122 33 27 3628 221 7 1564 5
15060 249 35 70 9584 25 100402 249 220 10 19372 33 332 74 80 231 3 100402 13 27 45 9490 10 445498 1092 5
17 508 19393 31 197 10 6 3855 9 29507 13963 1506 53 69 12586 41403 53 35 32988 4164 33 22635 17442 3082 605 22832 1646 3082 341 101627 3082 6494 35 766 100402 33 903 317 52 3 3472 35 98586 503 33 53 30864 53 1403 53972 53 409 5736 98459 53 700 29507 3472 4209 24 43455 98586 503 5
29507 3472 4209 24 5
409 421 954 31 4209 5
273 6722 12911 190431 3 56360 26895 14 100402 249 16 392 10 20498 459 5
20498 459 5
56360 26895 14 100402 249 5
22827 79407 1692 24647 12615 1692 16462 35 9 33 341 35 8862 33 303943 35 8258 33 24647 6486 35 5547 33 459 35 16054 33 35 18365 33 12615 3801 35 19440 33 6494 35 18398 33 35 4114 33 17 8958 35 8912 33 16 3 5084 7 3 676 221 7 7736 13 42 4007 5
66 16 2118 538 3 14392 53 35 249 33 2569 4 8912 3082 202 17 3423 49 1359 1432 489 35 59433 33 16 3 5084 7 1432 745 13 42 9109 1658 4 21 7154 538 3 14392 53 2569 4 3082 202 2569 4 3082 202 2569 4 3082 375739 202 17 2915 1432 489 35 65599 33 16 3 5084 7 21541 745 13 42 14414 6401 21 1432 4 21 7154 538 3 14392 53 65599 35 61606 33 3082 282415 202 65599 35 46064 33 3082 467415 202 3280 35 112153 33 3082 202 42112 35 3280 33 16 3 5084 7 3 2655 1432 745 13 42 4007 4 21 7154 538 3 14392 53 3280 35 61606 33 3082 311096 202 3280 35 46064 33 3082 1054 202 3280 35 112153 33 3082 106474 202 13385 23491 14 1506 249 16 2209 10 98586 500 5
66 1798 842 9 9124 1537 190431 1427 799 5
17 8958 2118 538 446326 249 16 34 995 6607 773 1415 4 121 221 7 12615 190431 745 16 146 1370 58 3 939 7 3 745 10 3 100402 35 102882 4 4 323 4 2804 33 5
949 377 3 303777 842 1024 773 6 30174 1692 8 12615 745 4 463 6 4114 5606 10 3 14392 13000 79022 5
8664 29091 745 7 12615 871 16 95 272 13 90025 2742 272 35 10794 33 14 46 303777 5
13385 19393 14 3 15060 249 98586 500 5
13385 19393 14 3 15060 249 5
15060 341 35 70 9584 25 100402 341 16 220 14 19372 33 238 80 2994 10 3 767 2124 52 3 799 773 7 3 3472 1148 15 3 628 197 249 4 80 155 34 6899 454 19 3 2376 19 46 100402 5
134 4534 13 80 27 6 80728 3 100402 6 2821 90 9124 6 3 798 871 8 59 236 6 1128 551954 6 90 2975 6 10 761 6 474 3 1308 773 7 3 94757 5
17 508 628 5447 1959 31 979 53 17299 249 53 1655 10291 3201 1870 80 71 196 13 3099 7 1427 12615 29 4 24647 29 365761 8 1692 29 176917 1564 5
2156 8057 12615 3082 126335 202 4 24647 3082 21633 202 8 1692 3082 11544 202 5
60432 19 9962 2516 80 4534 13 46 2156 16 5944 5
2018 3 1349 826 46 5514 12615 53 24647 53 1692 3082 800 53 341 53 249 2464 3999 1359 1868 5
1249 14 129 601 3644 46 5514 49 5084 16 34 146 4279 8 80 31 48 1477 52 3 13987 7 3 100402 47 3001 3 2215 1215 7 3 826 4 80 231 6951 3394 6 5339 176917 1564 25 24647 8 12615 1427 4 216 21 3 3099 2408 7 1427 1692 53 6 132 9 1760 5907 61 7 3 14234 4246 100402 5
17299 341 53 39272 22785 7 3 100402 14 70 23394 31 351 5
98459 7 3 100402 16 107 29 107 1564 4 19 3628 221 7 1692 4 24647 4 12615 3597 5
134 27 508 9892 53 35 4114 33 364 3081 644 16 13 34602 7 3 2770 7 3 857 16 177 272 5
214 1177 16 2207 5
35 25547 33 1249 3 221 7 1564 29 45 1074 124 4 3201 7 3 12911 27 1406 12850 5
458 80 236 6 1970 14 3 3735 44521 7 3 23394 369 5
458 80 236 6 159 2858 86331 190431 19 70 3 1652 23394 5
17299 459 53 2858 86331 16 351 35 190431 98236 766 83 23394 33 5
98023 317 1811 54522 3 767 3394 6680 7 13987 35 13088 17807 19 3735 44521 5853 202 33 4 108 7 3 23394 31 1074 5
804 23394 2408 6 630 4 800 34141 23394 8 249 12911 5
804 369 54 46 169 89 628 6109 8 628 445498 80 353 6 1506 3 100402 538 19 421 3472 19372 31660 19 3 216 4768 19393 21 3 74 336 53 12586 41403 53 35 32988 4164 33 22635 17442 3082 605 22832 1646 3082 341 101627 3082 6494 35 766 100402 33 903 317 52 3 3472 53 30864 53 5154 35 2131 30864 853 25 1403 33 53972 53 1078 35 697 53972 474 25 409 33 5736 98459 53 403 35 500 5736 98459 853 25 700 33 208 80 6786 6 3 767 3472 46 84 3472 19 3 84 100402 29 2131 48 30864 4 697 48 2690 8 5736 98459 29 474 24 500 926 4 11771 4 3 84 421 3472 16 1405 10 1646 677 6 3 767 3472 5
458 10119 47 5473 15 3 6264 30864 29 4900 853 5
145 842 565 7 4 47 51 665 10 23069 528 1396 2757 19 177 799 31392 326 14 1321 19041 628 5
38720 9 528 221 7 954 31 4209 53 1078 421 954 109 43 31 34 3915 121 43 31 463 6 109 43 31 4787 6 26 177 146 10676 4 19 287 83538 2168 53 206 14 19372 7 928 197 44 788 15 19041 9584 4 79022 5
165644 3768 16 287 4 44 10900 3768 51 26 272 35 218470 4 3952 33 5
134 236 9 1731 8 13911 3472 10 678 6 474 50 31392 8958 5
273 46 3644 80 236 6 8245 3472 27708 5533 4 3472 37578 5
134 236 9 72076 148 165644 3768 8 3472 10119 35 3923 4 911 33 5
2382 13738 454 19 3472 37578 4 879 286 159 3 6498 40056 14 3 84 3472 109 8 59 13012 8912 4 4 8 8 6786 3 84 2770 19 3 2770 14 3 767 3472 35 98586 503 33 5
273 1427 12911 190431 3 56360 26895 14 100402 341 16 2209 10 20498 503 5
20498 503 5
56360 26895 14 100402 341 5
22827 79407 1692 24647 12615 1692 29191 35 9 33 36759 35 8862 33 14747 35 8258 33 24647 306 35 5547 33 85791 35 16054 33 22072 35 18365 33 12615 685 35 19440 33 2715 35 18398 33 185568 35 4114 33 1655 3 1870 23 16 5185 13 3 19372 8958 29 853 5
949 410 2408 16 1842 10 3 84 100402 4 59433 2408 14 1692 8 24647 1427 27 853 6 9 4900 1058 5
98586 708 842 3 19372 8958 16 853 11771 4 3 165644 3768 16 5668 19 48 1812 3472 55531 83538 2168 7 3 3472 5
13385 19393 14 7337 11686 341 98586 708 5
13385 19393 14 7337 11686 341 5
804 14 100402 341 53 8912 3082 202 3082 402999 202 3082 202 3082 289620 202 65599 35 61606 33 3082 341348 202 65599 35 46064 33 3082 186936 202 65599 35 112153 33 3082 128571 202 3280 35 61606 33 3082 347801 202 3280 35 46064 33 3082 351954 202 3280 35 112153 33 3082 202 134 71 13014 3 508 6160 6 3001 2000 7 3 93927 35 20498 500 33 8 4631 7 19372 773 7 3 421 2855 4209 25 3 93927 35 20498 708 33 5
20498 500 5
901 93927 220 14 421 3472 1506 2854 5
100402 62856 40692 326407 139729 540007 64933 12266 197 2954 197 100402 249 155792 22785 7 6722 9584 459 985 100402 341 24101 22785 7 1427 9584 459 630 425622 20498 708 5
75250 7 19372 8958 148 341 2520 5
100402 2954 197 35 9584 33 190054 79407 90025 202 202 202 202 100402 249 35 12586 11686 33 375739 100402 341 518774 35 12586 11686 33 376278 402999 289620 79 4631 148 1506 249 8 1506 341 16 2209 10 98586 700 5
134 71 10992 13 80 27 9 4900 726 10 19372 7 272 8 12122 3597 4 65 80 220 3 100402 341 19 3628 3201 7 1427 9584 1016 7 538 100402 249 19 1427 3201 7 272 34602 14 2854 3 421 3472 5
204398 4631 7 19372 8958 148 67 28043 98586 700 5
204398 4631 7 19372 8958 148 67 28043 5
15060 459 35 100402 249 16 3868 76 928 8 2279 197 33 804 3 9584 7 100402 249 8 100402 341 31 3868 76 928 197 8 960 197 5
12266 8 2279 19 100402 249 53 14983 19393 216 21 103 53 12586 5018 53 35 32988 4164 33 22635 653 3082 605 22832 1646 3082 341 101627 3082 6494 35 766 100402 33 903 317 52 3 3472 53 30864 53 1078 53972 53 697 5736 98459 53 782 697 421 954 4209 5
56360 40056 14 2854 100402 14 1506 249 16 2209 10 20498 700 5
55706 8958 8912 3082 544285 202 3082 99520 202 3082 25952 202 3082 520949 202 65599 35 61606 33 3082 390049 202 65599 35 46064 33 3082 202 65599 35 112153 33 3082 490469 202 3280 35 61606 33 3082 354258 202 3280 35 46064 33 3082 452560 202 3280 35 112153 33 3082 505904 202 20498 700 5
56360 26895 14 100402 249 35 12266 33 5
22827 79407 1692 24647 12615 1692 2131 700 28137 24647 800 947 274404 12615 407 700 56360 40056 14 2279 100402 14 1506 249 16 2209 10 20498 704 5
55706 8958 8912 3082 88422 202 3082 88596 202 3082 61243 202 3082 202 65599 35 61606 33 3082 537417 202 65599 35 46064 33 3082 411838 202 65599 35 112153 33 3082 202 3280 35 61606 33 3082 43333 202 3280 35 46064 33 3082 257281 202 3280 35 112153 33 3082 202 20498 704 5
56360 26895 14 100402 249 35 27311 33 5
22827 143284 1692 24647 12615 1692 2723 630 64296 24647 985 407 99271 12615 889 183 458 80 71 196 13 19372 8958 8 10900 8958 7 46 3472 16 34 16672 14 3 1692 8 24647 3597 5
208 80 12262 3 102187 35 44031 8660 144420 33 11963 351 19 96734 731 80 71 59 384 13 3 303777 12134 6698 14 1427 1692 8 24647 35 3 11963 16 300 305 25 3 282 537 517 35 6494 4 249 33 4 23 16 163 3 38540 79022 5
6951 17024 517 4 23 29 3 8692 10900 2168 153 20378 9 12878 35 5853 33 4 97 23 267 7 7678 1427 12615 4 23 1131 166 4 3 517 16 19688 6 3 35 6494 4 249 33 517 5
194896 5
4 20053 3 102187 11963 14 523 3597 5
102187 42267 14 1692 98586 547290 5
102187 42267 14 6722 3082 1692 5
102187 42267 14 24647 98586 5
102187 42267 14 6722 3082 24647 5
102187 42267 14 12615 98586 252204 5
102187 42267 14 6722 3082 12615 5
15060 503 35 100402 341 16 3868 76 928 8 2279 100402 33 5583 4 80 3855 9 421 3472 538 575 202 7 3 9584 25 628 197 341 14 2854 8 939 14 2279 5
473 3 474 10 1646 7 3 3472 4 165644 3768 16 5668 8 10 267 7 3235 3472 4 165644 3768 36 26 3628 6 6494 5
804 81 267 7 100402 341 80 3855 9 421 3472 538 575 202 7 3 9584 14 2854 8 939 14 2279 10900 8958 15 19041 3099 35 81265 33 5
86237 928 8 2279 100402 25 16 2209 10 98586 704 5
86237 2374 6200 10 14 2854 8 19808 6200 36 26 98586 704 5
86237 2374 6200 10 14 2854 8 19808 6200 36 26 220 14 2279 10900 8958 15 19041 9584 5
20590 421 3472 6698 3030 15 1216 628 5
13385 7 421 3472 15 1216 628 16 226 1359 10900 326 7 3 3472 5
12502 4 3 1325 2485 16 6 384 3 19547 5084 148 3 3472 10119 8 165644 3768 5
17 2485 16 3439 137 470 10119 4859 53 114 1883 35 3116 33 53 165644 3768 7 3 3472 3116 4 53 10119 1415 4 53 676 221 7 6264 30864 10 3 3472 4 53 96734 16 170 137 3 9149 7 10 5907 2279 65 9 176 7 2854 5907 16 220 6 1088 3 3472 4 3 83 176 7 3 628 16 351 21 2279 5907 35 218470 4 3952 33 5
134 8743 3 2007 19393 7 3 421 13963 19372 31660 10 6 384 32 19547 5084 148 3 3472 10119 8 165644 3768 5
134 336 3 2854 650 72 8 72 24 13999 3 19393 53 5
14 14134 37578 8 22832 36349 307 400 8 873 6 3773 22 32 19547 3472 4 114 3 3472 142 27 48 165644 3768 44 9 1370 83538 2168 8 24658 853 10900 8958 15 19041 9584 5
7710 35 19547 33 3472 53 14983 19393 53 12586 5018 53 35 32988 4164 33 22635 653 3082 1818 22832 1646 3082 605 101627 3082 6494 35 766 100402 33 22635 653 35 33 1406 25 4768 871 8 22832 36349 25 341 6 605 5
145 2697 6 137 48 37578 9 421 3472 1506 19 287 221 7 6264 30864 11771 4 287 10119 35 98586 183 33 5
29507 3472 4209 24 43455 98586 183 5
29507 3472 4209 24 538 100402 341 35 7337 16 3868 76 8 2279 628 33 5
903 317 52 3 3472 35 98586 183 33 53 30864 53 698 53972 53 700 5736 98459 53 708 5492 35 700 33 421 954 31 4209 53 15293 249 53 18743 18992 45770 190431 10 1356 1692 1362 19 8958 15 35 20981 4 341 4 306 33 15293 341 53 18743 11102 18992 8 11102 18992 45770 190431 10 1356 12615 1362 19 8958 15 35 716 4 4640 4 47489 33 15293 459 53 18743 11102 18992 8 18992 8 11102 18992 8 11102 34231 45770 190431 10 1356 12615 1362 19 8958 15 35 403 4 306 4 22637 33 15293 503 53 18743 11102 18992 8 18992 8 11102 18992 8 34231 45770 190431 10 1356 24647 1362 19 8958 15 35 4467 4 4572 4 403 33 15293 500 53 18743 11102 18992 8 18992 8 18992 8 22743 11102 18992 45770 190431 10 1356 24647 1362 19 8958 15 35 23457 4 37814 4 2913 33 15293 708 53 18743 11102 18992 8 18992 8 18992 8 22743 18992 8 11102 23238 45770 190431 10 1356 24647 1362 19 8958 15 35 8390 4 17696 4 685 33 15293 700 53 18743 11102 18992 8 18992 8 18992 8 22743 18992 8 23238 45770 190431 10 1356 1692 1362 19 8958 15 35 9579 4 183 4 500 33 56360 40056 14 928 100402 7 19547 3472 16 2209 10 20498 782 5
55706 8958 8912 3082 387104 202 3082 547681 202 3082 361604 202 3082 380017 202 65599 35 61606 33 3082 216375 202 65599 35 46064 33 3082 165602 202 65599 35 112153 33 3082 160579 202 3280 35 61606 33 3082 458390 202 3280 35 46064 33 3082 426089 202 3280 35 112153 33 3082 202 20498 782 5
56360 26895 14 100402 341 35 12266 33 5
22827 79407 1692 24647 12615 1692 33318 31125 3706 24647 403 58897 9521 12615 1596 4636 33369 56360 40056 14 2279 100402 7 19547 3472 16 2209 10 20498 183 5
55706 8958 8912 3082 420926 202 3082 379607 202 3082 537701 202 3082 537701 202 65599 35 61606 33 3082 310479 202 65599 35 46064 33 3082 150676 202 65599 35 112153 33 3082 115830 202 3280 35 61606 33 3082 519737 202 3280 35 46064 33 3082 410720 202 3280 35 112153 33 3082 496984 202 20498 183 5
56360 26895 14 100402 341 35 27311 33 5
22827 143284 1692 24647 12615 1692 34916 40104 4441 24647 685 62862 13549 12615 1135 4636 63683 208 80 6786 148 3 3800 7 3 32166 15060 2198 25 100402 249 8 3 32166 15060 2198 25 100402 341 35 75250 7 13385 20498 407 4 98586 407 33 4 8 196 3 102187 231105 35 98586 403 33 18652 14 3 266 35 4 33 4 35 4 33 4 35 4 33 4 102187 23070 35 194896 5
33 351 19 96734 731 8 10992 23 80 71 1798 196 13 80 27 324 9 48 30512 1506 47 29 19547 5084 148 3 3472 10119 8 165644 3768 5
145 1506 29 568 83538 2168 4 11771 4 23 71 4764 19 568 8958 52 3 1427 7 84 19041 9584 5
20498 407 5
75250 7 773 148 67 2520 2198 25 100402 249 8 100402 341 5
100402 100402 249 100402 341 2954 11686 35 139729 33 190054 79407 83929 117005 373830 79407 351587 69824 6077 90025 202 88422 76238 202 379607 202 435098 537701 202 202 537417 310479 202 411838 150676 202 115830 202 43333 519737 202 257281 410720 34723 202 496984 75250 7 10900 8958 148 67 2520 98586 407 5
75250 7 10900 8958 148 67 2520 5
75250 7 10900 8958 538 102187 29540 53 266 35 65599 4 59433 33 1595 14 98586 403 5
75250 7 10900 8958 538 102187 29540 53 266 35 65599 4 59433 33 1595 14 799 4 12122 8 272 3597 10 67 2520 5
102187 42267 14 1692 98586 5
102187 42267 14 6722 3082 1692 5
102187 42267 14 24647 98586 5
102187 42267 14 6722 3082 24647 5
102187 42267 14 12615 98586 5
102187 42267 14 6722 3082 12615 5
134 71 10992 13 3 102187 11963 29 4900 1571 333 773 10 10900 8958 5
1203 7 3 89 3 11963 16 72 3 6951 4111 517 35 3 38540 517 9708 397 35 6494 4 6494 33 6 397 35 249 4 249 33 5
17 1325 3644 7 1841 21061 628 16 6 1877 2627 33309 95 13 18555 1170 71 26 351 6 1128 3 653 7 1305 1022 24 32 8122 5
19699 89 507 2376 49 10753 2376 29 45 220 10 46 6218 6 4517 120 107083 5897 10 8122 5218 8 6 3855 56018 6363 47 71 26 220 14 11249 5
81 46 18502 80 27 220 628 4242 3648 8 4538 6 30174 2119 538 421 3472 2520 4209 25 20699 7337 7 21061 5898 5