10206 5932 7 6554 22661 35 78344 33 3859 84 2235 10 3 1315 7 9 291425 5
20216 13 9 221 7 34370 1694 852 40 7694 6 886 65 40 1021 31 6650 4 46 1381 12966 32 1217 13 3899 6 384 6943 1570 2374 326 272284 12510 6 3 15043 5301 489 7 290 34370 5368 3797 6 3 291425 5
79 41748 2204 284 543 10768 16 1254 6 384 192 2374 326 197 266 14 19547 326 891 7 78344 4 5146 536 1714 10 3 291425 4 8 3 13173 5
6554 1276 35 34370 33 27 597 4900 1164 10 308 85 5
1716 1806 1496 4 57 99 78344 31 230 6 339 3 892 24 7782 5
1249 78344 336 15 2372 4 9 528 19000 7 78344 10 3 200 16 338 6 474 3 796 14 2372 5
19526 4262 31 1477 13 46 853 796 250 665 10 32 474 10 3 3330 6885 4 47 51 1871 91 6 1753 1117 326 2020 2168 6 3 7132 35 173718 4 280 109 40939 4 590 33 5
527 24 538 796 487 2622 13125 49 4946 5300 3 7132 4262 250 26 488 6 2800 4 1128 49 99697 3 489 7 5301 65 3 796 14 2372 16 272 8 1710 3 78344 6 886 154 513269 465 35 4 4 4 323 4 590 33 5
145 51 34 97 1128 3 236 14 84 2472 44 59 665 10 333 21717 7 3 1806 326 7132 5
6554 8152 31 1576 33886 40 2020 3414 24 1463 528 10771 7 4980 536 1714 10 678 6 14550 994 337 8 6 1128 129 9295 15 7504 6846 5
145 182 7 25046 7470 1714 10 3 916 7 471927 16 226 21 9 17598 19526 35 31559 33 5
31559 142 883 26 3797 6 3 689 7132 49 142 26 4769 15 32 7927 7 1315 5
931 1714 7 2372 4 105 2114 8 3355 326 4 31 25046 10 13 3 44676 326 3354 7 192 1714 5473 15 3 1923 912 4 133 21 2114 1952 4 22 120 392 89 35 4 41227 4 323 26779 4 2076 33 5
659 868 3 44676 326 3354 7 192 1714 19 3 44676 326 796 4 3 2372 7132 738 90 916 7 536 4250 2438 5
527 4 129 498 2372 7132 29 9 22946 1058 7 4250 2168 4 3348 2442 19 56404 2089 5
1249 104 1276 31 6650 72 1818 202 7 3 89 4 192 78344 71 26 220 21 9 528 5146 5368 8 71 581 326 4250 8 33103 416 6 3 2372 7132 65 43 31 34 110 2434 5
145 4102 16 424 21 1366 6 7132 326 49 150966 326 5
66 16 32 2794 4 11580 4 8 6695 2155 6 231 144494 536 1543 6 1605 287 17767 1276 5
81 1243 4 454 11952 12072 24 1723 19000 926 7 4980 326 1543 19 25046 2129 4 133 21 2114 8 26582 2020 4 8 59 144376 1443 3797 6 12615 79226 35 48447 33 3201 30988 144 26 351 76 1250 5
208 78344 42 6 25272 9 200 432 10 3 11462 200 4 19 32 596 5368 2168 7 503 57204 4 9 4883 7 1317 78344 28289 51 2475 1753 32 1355 67 33645 6885 6 3 326 7132 35 8500 16335 886 7 70 1317 1276 22 21796 886 489 33 5
208 192 78344 31 861 8 10891 3 7132 14027 4 3330 6885 36 26 272 109 3201 58145 36 26 28490 8 30112 5
17 78344 536 3568 5195 36 59 2537 1951 3 2372 200 106 200 2981 4 200 954 4 796 926 4 200 7353 8 536 1543 6 1657 2372 27 9 632 1951 15 200 3800 35 4 215746 4 4 323 66045 4 2560 33 5
16816 6 1262 1207 11952 4 32 7112 536 891 284 13 3466 8 58225 3 6885 326 3568 16 666 5
68829 1283 1443 27 45 1589 13 27 3 7453 6 12310 532 3 5301 7 2947 1366 20479 35 69558 4 502 33 5
2625 4888 27 2209 40 601 15 6582 7 3293 1276 76 3 7132 35 494940 323 40537 4 2560 109 494940 4 40537 4 40931 4 323 51605 4 2560 109 12283 32330 4 2076 109 323 26425 4 2560 109 108895 323 126036 4 2560 109 12283 32330 4 2560 33 497398 87 16 9 236 14 9 48 3297 542 76 3 565 4 47 1141 76 1250 7 3 5301 5897 8 1214 3074 5
145 1381 12966 32 7112 326 891 1488 538 41748 2204 1443 14 326 891 10 3 31559 6 772 3 1157 796 7 78344 5
17 6905 7 46 601 16 6 1800 9 5146 536 891 284 14 3 31559 19 34370 19000 95 13 3 13173 31 943 10 32 20388 4230 5
17 536 200 7 31559 19 78344 16 10637 8 90 537 796 891 5310 31 4729 5
81 3 31559 110 1109 14 3 960 267 4 14770 31 10 3 916 7 307 4980 536 1714 8 13173 31 10 3 916 7 1163 37 209 78344 10 1243 6 3 1290 13173 5
17 1381 16 4393 21 3177 5
8941 341 36 74 4301 3 284 6358 13 36 4552 1783 536 891 7 2489 78344 3797 6 9 31559 5
17 7410 4 13987 8 16764 7 3 284 36 26 962 5
17 284 9286 7 9 50675 10768 13 36 57052 5907 3 200 484 4 1163 236 8 91727 7 3 5368 6 132 9 521 89 421 15 3 326 13324 5
8941 459 36 1379 9 2941 5385 6 2673 7 61713 14471 4478 35 70233 33 14 326 891 7 31559 19 78344 5
8941 503 36 4301 143 326 891 16 2828 10 31559 19 78344 5
8941 500 1929 9 2941 20071 7 7732 5587 284 5
8941 708 1056 143 3 1273 1217 16 6227 538 70233 5
8941 700 6274 20260 522 15 9 960 267 5
901 3351 7 5301 294137 4 28482 5301 8 20388 5301 27 45 1109 14 20260 5060 5
8941 704 6274 3 7951 5
79 31559 16 9 48447 3201 284 19 307 16007 396 31462 2020 2367 3797 6 3 48447 992 137 326 2979 31054 4 5842 13173 4 4250 2438 8 9 52301 532 8 891 284 2247 24 9 6943 4440 2693 4 133 13 3 31559 71 26 4769 883 10 7927 49 3797 6 3 25446 284 35 7277 4 2560 33 4 35 4 4 323 29759 4 280 33 5
17 31559 16 26946 3275 8 1725 24 3 4514 22 3 5369 44021 4 47 16 1479 6 373 3 31559 52301 532 284 5
17 532 7 3 326 3154 16 907 9 346 1364 14 3 78344 121 43 27 307 5301 2003 5
158 71 26 861 22 40 3235 326 538 3 2025 5301 1712 4 49 43 71 26 21761 10 14 902 400 8 886 24 3683 287 326 5
355 43 31 2025 5301 43 142 14985 3 7132 13343 5
1471 492 6 1384 14 34370 5301 16 3 1351 7 326 5
238 192 1276 31 7412 6 198 1461 4 40 282 1712 144 26 5301 25 3 4980 536 1714 5
17 31559 1109 14 46 542 9286 7 9 29406 14029 4 9 1096 2052 4 9 2114 14029 8 218 33719 35306 5
17 221 7 78344 3797 10 3 31559 16 2118 543 15 3 3235 2168 7 3 31559 5
17 31559 6358 6 47 78344 31 6 26 3797 16 3380 10 98586 249 5
78344 71 26 1109 21 1906 13173 65 40 1694 1122 7673 13 7694 383 26 861 19 9 3601 489 4 47 42540 6 9 13730 5301 49 21 7039 13173 5
208 3 34370 1694 7673 9 89 12634 14 3 5301 6 159 254 4 1749 90 34370 891 2981 6 532 3 5301 489 4 153 13 16 226 21 9 3782 5301 6684 5
1655 3 7132 397 7 1069 4 3 169 1217 6819 48 1212 121 3 34370 891 2981 36 532 3 5301 650 24 3 5301 489 232 6 3 284 1219 912 35 51605 4 40931 4 323 43246 4 2076 33 35 51605 12283 32330 4 33 35 51605 4 40931 4 13453 7894 4 323 43246 4 33 4 95 13 5301 71 26 5146 154 6736 1390 4736 8 22 400 65 87 16 528 4980 326 2020 5
31559 6358 98586 249 5
31559 6358 5
61713 14471 4478 35 70233 33 29 45 1658 24 3 69558 4465 10986 2599 2106 70233 8979 923 21 9 3982 532 1217 10 326 3685 5
17 418 182 1658 3 629 1212 70233 71 807 52 53
69 300823 53 3 1175 6 2093 1753 84 16408 8 79841 49 15838 1806 16408 5
69 55568 9903 53 3 1175 7 3 284 6 772 50 1746 8808 10 267 7 1606 5
70233 31 454 2921 10 3 161 2124
17 5146 532 16 3439 24 12430 9 50675 2204 543 284 13 71 37676 8 86091 132 1866 543 15 3 236 7 3 1390 5
14471 543 1443 31 1443 9935 7 117 27319 16001 4 7732 7112 2210 5
20590 2204 543 1443 35 28104 33 9935 7 1906 2210 13 5441 1812 5961 3074 582 307 9063 72 1510 41748 2204 1443 13 4145 15 57226 2210 5
2680 90 544 31 282 9760 14 18974 8 488 2210 4 1510 41748 2204 1443 35 70233 33 13 19491 91 27 964 13753 10 22 248 57 7 3 508 692 53 53562 4 61338 4 3241 8 47175 5
4478 10 47 2210 337 40 5310 10 1070 6 1945 24 83 2210 71 1003 8744 6 1923 893 109 658 4 46 2419 16 1618 3439 22 3 3329 7 391 3241 35 95462 4 516113 4 4 1409 4 323 75887 4 1515 33 5
17 272 4440 8 46333 470 1272 6 11572 2204 3074 36283 3 1646 7 3 1510 70233 6 22 104 9 265 2107 2210 5
1575 184 13925 16 13 3 10119 7 3 2204 2106 2634 684 8 50 16764 19 83 2210 132 192 1443 66883 14 10190 11427 2376 5
79 50439 28104 4 15 3 83 881 4 16 32 4213 4 5394 4 33855 8 3449 2204 543 284 5
66 8009 885 532 4 2677 13 3 284 71 3521 1003 25 4390 4 2204 1606 8 1923 337 5
2249 23 29 177 799 4440 8 46333 3212 4 87 31 3664 93 12453 15 284 1646 5
7219 1586 2210 1485 21 2370 5937 14 114729 5961 3074 5
4465 891 10 146847 19 78344 705 163 3 3936 7 2333 47 2818 5961 3074 35 8 12146 9 2204 543 284 33 25 70 1543 8 13173 3797 6 3 1308 284 5
2622 8 532 7 326 10 9 31559 19 78344 5473 15 3 7132 326 4946 8 59 15 3 2443 13885 35 796 487 891 33 8 5301 2003 3112 24 3 1290 6885 1163 8 34370 1694 3995 5
7219 4 2204 543 1443 27 45 7081 220 6 542 3 2372 200 14 1219 9 326 284 106 7 50 1175 6 1506 3 1812 14141 7 1678 3587 10 9 528 2430 536 200 5
8616 10 129 601 4 326 891 4 200 8 2210 31 70 89051 5
622 2204 71 26 21 1906 21 9 837 12911 496 9 1416 447 49 21 1812 21 32 7112 5811 133 21 9 746 110 2096 2285 32 25328 221 7 684 4 1866 4 8 5
12502 4 3 7608 6300 7 2210 16 9962 6325 5
1655 3 3293 326 200 20109 4 80 1384 2210 6 27 3 508 2000 53 10075 4 161072 4 9384 8 855 1175 5
81 1243 6 3 996 689 2000 4 83 12818 2000 539 53082 4 409186 4 11081 4 6928 4 8 92211 5
5583 4 742 290 2204 16 32 16001 1513 4 189 1570 2210 8 3 2204 543 284 31 733 25243 109 40 1446 1821 40 3074 8 1866 5
81 3 1273 41748 2204 284 14 326 891 10 9 31559 19 78344 4 5146 532 16 3439 24 12430 9 50675 2204 543 284 13 71 37676 8 86091 132 1866 543 15 3 236 7 3 1390 5
17 7254 7 70233 16 617 538 3 323977 35 17177 14471 2971 6684 33 2204 891 2912 5
323977 35 4 273658 4 326297 4 323 4 590 33 16 9 1586 726 6684 14 1572 70233 8 2333 46544 6 35 2417 14 27143 24347 17561 33 35 57419 323 162616 4 1095 33 1639 14 7112 2210 5
17 1273 41748 2204 284 35 70233 33 9286 7 34370 2210 4 15165 2210 8 6885 2210 4 689 7132 2204 8 48480 2204 5
79 17315 1506 18 1589 14 3 34370 10 17177 5
145 1506 16 115 6 3001 9 34370 2204 538 323977 5
17 6885 2210 31 40345 543 15 40 3008 232 6 3 2443 2106 738 5
8616 87 31 108 6885 2210 14 290 1214 4 74 110 3 3047 13173 47 31 7 19145 3238 6 3 1214 4 14510 3047 13 31 34 21 533 21 3 3047 13173 2677 13 14510 3047 13173 71 26 2301 124 14 9 3112 11861 8 3 241 1043 2301 124 13173 47 31 3 248 3008 13173 47 71 26 2301 124 14 902 89 4736 58 3 14510 3047 13173 5
14333 2210 35471 6 3 1678 545319 2852 10 3 31559 5
17 689 7132 2204 42540 6 3 689 7132 47 12896 3 13173 154 3330 796 4736 5
17 48480 2204 16 3 57 37 16 1479 14 17444 3 197 266 7 3 14770 8 13173 8 14 14904 3 2020 8 6885 9937 6 3 12510 2204 5
238 3 34370 2210 1518 40 326 1882 22 1685 89 20587 4 3 48480 2204 57052 58225 40 317 52 3 230 6885 5
17 7254 7 32 7112 891 284 4 114 3 78344 31 3797 6 3 31559 4 4589 9 50675 10768 13 71 86091 8149 3 558 2020 148 70 3 1290 13173 8 78344 5
81 46 162 4 80 27 1254 9 50675 10768 538 9 41748 6905 27708 1217 4 47 71 37676 3009 3 326 8353 24 3 1290 13173 8 3 78344 10 9 31559 5
70386 532 16 3439 24 12430 9 50675 2204 543 284 13 71 37676 8 86091 132 1866 543 15 3 236 7 3 1390 5
17 1308 6358 7 3 2204 284 9286 7 34370 2210 4 9 689 7132 2204 4 307 72438 2210 4 3980 1290 6885 2210 8 32 48480 2204 5
17 4859 7 9 34370 2204 16 6 886 3 5368 7 50 34370 10 89 5
17 4859 7 9 15165 2204 16 6 132 823 13 23 7574 326 6 3 1272 13173 8 78344 22 3 243 89 9028 5
17 4859 7 9 1290 6885 2204 16 6 7265 19 3 15165 2204 52 3 676 6885 8 7117 8743 3 13173 10 133 9 4230 13 3 3047 1290 13173 31 7543 19 24765 326 5
17 1290 6885 2210 27 6 3030 6885 15533 163 1188 912 65 3 4209 326 16 34 4783 385 6 1605 70 3 13173 5
931 7410 31 34 1216 7 290 83 5
659 3030 70 3 7410 4 3 2210 27 6 11572 19 290 83 137 4440 5
17 1290 6885 2210 31 40345 543 15 40 3008 232 6 3 2443 2106 738 5
81 1243 4 3 6885 2210 31 848 10 3 12271 19460 35 22228 33 447 5
8616 87 31 108 6885 2210 14 290 1214 4 74 110 3 3047 13173 47 31 7 19145 3238 6 3 1214 4 14510 3047 13 31 34 21 533 21 3 3047 13173 2677 13 14510 3047 13173 71 26 2301 124 14 9 3112 11861 8 3 241 1043 2301 124 13173 47 31 3 248 3008 13173 47 71 26 2301 124 14 902 89 4736 58 3 14510 3047 13173 5
81 1243 6 3 34370 2204 8 3 6885 2210 4 3 70233 284 16 9935 7 2020 2210 4 3 689 7132 2204 8 32 48480 2204 5
72438 2210 35471 6 3 1678 487285 8 4980 536 1714 2852 10 3 31559 5
17 689 7132 2204 42540 6 3 689 7132 47 12896 3 13173 154 3330 796 4736 5
17 48480 2204 16 3 57 37 16 1479 14 17444 3 197 266 7 3 14770 8 13173 8 14 14904 3 2020 8 6885 9937 6 3 12510 2204 5
238 3 34370 2210 1518 40 326 1882 22 1685 89 20587 4 3 48480 2204 57052 58225 40 317 52 3 230 6885 5
17 61338 7 3 70233 16 2118 24 3 489 22 47 4360 7 34370 2210 71 26 9490 24 3 48480 2210 5
208 9 1882 16 691 14 3 74 89 24 9 34370 2204 4 3 48480 2204 29 6 109537 3 197 266 369 5
208 9 1882 25 9 34370 4286 3 216 7113 21 3 73 1882 4 93 166267 16 666 5
355 3 31559 16 1219 10 7132 3797 7927 8 3 78344 31 5301 25 5301 2321 4 78344 1823 326 25 3 7132 47 51 474 3 2374 326 1174 5
208 3 31559 16 1219 163 7927 4 78344 5301 25 5301 2321 51 474 3 470 7 2020 24 545319 10 3 31559 5
16816 40916 3 565 16 27394 21 9 41748 6905 27708 565 13 4589 156894 7 3 48517 7 2374 326 3154 35 4 327486 4 323 51605 4 2076 33 137 3 397 7 1029 50519 2016 3 1117 3568 7 3 34370 7694 8 156894 7 470 7 2020 7 3 545319 10 3 31559 35 249 33 114 16 3 470 7 2020 14 3 29406 15165 4 139223 16 3 15043 326 9844 22 3 397 7 1029 50519 8 16 3 596 871 7 326 54 2016 34370 3568 35 341 33 35 459 33 114 437409 16 3 326 2682 24 70 34370 4 164523 16 3 5806 7 70 10 3 291425 8 16 3 5806 7 326 2682 24 13173 35 13 31 3112 24 3 1214 543 15 3008 8 326 4946 22 13 1390 33 154 889 18398 7 9 3848 168 5
446326 35 249 33 16 1441 6 3 508 37863 35 503 33 4 4 3364 3 2654 13228 4 19547 13228 8 1391 13228 164 7 886 7 3 5368 10 3 34370 5
17 74 8 296 31 2770 14644 24 3 366 1541 8 3 169 871 16 2118 24 3 27708 565 5
49474 87967 5898 35 86698 33 29 45 3112 21 32 27708 31660 121 3 5587 284 16 9 50675 284 19 93 885 10768 8 532 16 5146 1411 129 636 2151 50 22455 2469 8 15398 5
1575 23 12134 3 1029 733 7 8216 3 563 9963 3675 3 636 5
87967 5898 22576 307 2763 133 21 5195 4355 4 7117 5240 4 5587 2900 4 5587 992 8 9916 2840 5
10052 4 41748 2204 1443 27 307 2210 13 27 1570 1446 5
158 1849 8 19491 3 27279 1442 6 3030 9 391 733 5
187 31 9022 13980 148 3 7112 2210 8 3 5587 284 5
79 2941 1165 7 86698 16 1252 10 3 161 2124 5
49474 5587 1443 31 7112 2520 27964 1589 24 90 1296 37 31 3581 24 3 785 108506 7 746 5587 1443 5
81 32 415 1185 7 7732 5587 1443 35 4693 5567 323 487844 4 3495 33 4 3 1026 21180 15071 232 6 40 24612 2164 19 3 1654 45968 5
187 3 52097 7 20501 21180 16 1206 3601 680 40 24612 4 59 226 3601 21403 4 47 770 13 70 21180 27 3 8639 20749 7453 5
1949 4 3 17904 7 21180 16 5210 232 6 40 24612 2164 19 3 1654 45968 5
66 16 226 24612 543 17904 5
527 4 3 1906 85846 27728 1322 148 3 17904 7 21180 8 40 24612 68349 3 23462 35 1952 8 8958 33 7 7732 5587 1443 5
81 1243 4 3 12510 5587 19140 3802 16 13097 65 3 27647 49 24502 148 120 67 21180 16 1298 9 1087 8515 5
145 843 7 19140 16 27647 543 5
145 8515 29 9 2409 1102 15 3 773 7 7732 5587 284 109 658 4 23 18 100 4939 24 794 8 3768 5
931 1806 33192 132 7732 5587 284 1010 841 6 33855 2479 7 27708 544 5
16816 32 39168 65179 49474 87967 5898 35 33 31660 18 1273 35 6793 4 10141 4 323 20024 4 2076 33 5
145 2069 31660 16 220 10 46 601 6 2258 3 30392 2020 9937 4 6885 9937 8 5301 9937 14 14770 4 13173 8 78344 3995 5
81 46 5018 4 108 5587 4262 4 150 21403 4 17904 8 136187 4 31 20489 6 1297 8 6298 3 61338 7 7732 5587 1443 8 3 3638 601 1341 16 6 6416 3 773 7 7732 5587 284 10 1812 3685 27708 565 5
30253 3550 71 7253 6 35 6793 12283 32330 4 2076 33 14 9 3297 5230 4 31660 8 283578 7 3 5
66 18 6453 13 46 3093 5018 16 206 22 34 97 4242 3 325 317 44 59 16114 785 317 7 6905 4859 4 47 5415 13 3 391 16 170 1003 8 10366 5
16816 3 996 3915 27708 565 18 10455 538 3 5
81 678 6 5548 3 773 7 3 1217 962 996 4 3 31559 992 2209 10 98586 249 18 220 5
17 992 16739 108 47779 53 57 2041 9 3348 4254 352 4 57 1784 26345 2041 9 396 12118 8 57 26345 19 1283 1163 5
273 290 26345 4 3 6885 23070 31 21 1595 10 98586 341 14 9 3848 19683 10 681 5
17 676 536 796 14 46 168 16 57204 5
17 326 2916 7 70 13173 16 5892 6 26 3628 6 50311 16667 5
79 2726 7 545319 133 21 32 46363 4 9 41057 1557 33417 1096 2052 4 9 1752 9556 255946 8 307 31 4514 10 3 4254 26345 5
66 16 5892 13 70 72438 1543 1657 2374 326 22 5580 326 2916 4 2812 12564 2305 3747 35713 326 5
17 3033 8 3235 2020 2980 7 3 72438 1543 31 392 10 20498 249 5
17 1160 225419 5892 24 3 72438 1543 1867 10 1139 7 7347 35 81953 33 147 57204 8 1390 31 392 10 20498 341 5
81 3 216 1870 4 353 55 569 114 10436 31 2209 5
30879 6885 11963 7 3 960 267 98586 341 5
30879 6885 11963 7 3 960 267 5
20498 249 5
8660 2980 7 545319 5
72438 15791 27485 326 2123 35 75242 33 5736 326 2123 35 75242 33 249 17598 14029 708 306 341 16908 2052 459 306 459 11386 14029 6494 409 503 33719 249 6494 459 500 33719 341 6494 3921 708 33719 459 6494 3921 700 33719 503 6494 3921 704 33719 500 6494 3921 20498 341 5
40667 225419 7 545319 5
15791 95531 35 33 205326 35 33 12137 55 470 35 81953 33 17598 14029 63825 782 16908 2052 66679 697 11386 14029 132525 6494 6494 33719 249 462844 6494 6494 33719 341 462844 6494 6494 33719 459 462844 6494 6494 33719 503 462844 6494 6494 33719 500 462844 6494 6494 659 21095 129 2376 4 70 2367 10 46 1381 31 5892 6 26 1219 10 2372 7927 97 8 93 2760 16 1272 14 3 5422 566 5
81 678 6 1384 7025 1051 4 3 5842 3961 7 3 1096 12725 2367 4 21 166 21 3 12028 89 14 40 7579 27 45 351 76 1250 5
22827 536 360 25 3 8276 4465 1981 35 33 14 9 168 35 8276 1981 7337 4 359 33 19 623 5431 360 27 45 5892 6 3001 25114 3 526 200 1315 35 20498 459 33 5
17 221 7 78344 6 26 3797 10 3 31559 992 18 1221 140082 543 15 3 221 7 2372 2067 35 834 33 10 13 992 5
622 2882 7 78344 25 4254 2372 2067 18 43420 543 15 3 1217 1282 10 96940 8 35 2076 33 5
79 2941 6652 7 46 5018 16 392 10 74184 5
20498 459 5
4707 360 25 238275 5
18615 4985 35 33 18615 4985 35 33 249 313499 698 341 947 685 2591 459 165330 409 14586 503 403 697 500 122698 800 1054 708 199332 630 65290 700 178001 947 317752 704 302 302914 782 1004 183 2591 985 3992 407 2591 1135 306 403 2591 889 245090 1796 523 19000 926 19 108 523 1051 7 78344 27 45 1109 14 4907 3 1102 7 13422 7 221 7 78344 15 6885 8 536 891 5
6297 15 192 11129 4 3 508 522 35 20498 503 33 42 3455 5
17 78344 5301 29 45 6401 76 67 3351 4808 15 3 89 7 886 4 35 249 33 304893 5301 8 35 341 33 147511 5301 5
35 249 33 304893 5301 53 304893 5301 18 5892 6 159 254 148 84760 8 69364 5
13945 31 5892 6 353 5301 40 7694 329 168 22 84760 5
145 267 16 48 338 4 58 28482 5301 995 1806 4684 14 38112 536 231 5
273 46 267 4 80 5892 9 4599 5301 489 7 5370 75242 47 16 543 15 9 1029 3980 73298 4 302 79 6221 19 11065 3246 7 75242 5
1504 46 799 5301 489 4 3 886 89 14 9 2112 10891 5368 16 149 287 58 288 465 5
35 341 33 147511 5301 53 147511 5301 68806 3 267 114 3 834 886 40 78344 276 508 120 5128 5971 1488 5
23333 1204 400 42 1146 14 290 2443 543 15 201026 3201 5
17 1153 871 7 46 3201 18 3112 6 12458 19 3 3330 4254 6885 5
145 16 2429 79603 154 2103 8 22 87460 154 724 47 42540 6 3 89 22 47 1066 462 139 5
79 2029 44398 7 67 465 18 1109 5
17 4046 7 290 834 34370 5368 91727 2543 6 5301 4 18 4605 2172 9 6951 5301 11861 14 290 34370 1541 5
81 46 7254 4 121 90 34370 1694 250 4535 6 886 2112 21301 4 3 221 7 34370 1694 2006 6 886 154 123 3330 465 16 5892 21 575 202 5
81 678 6 1377 3782 891 7 5368 5301 7 78344 8 14 50675 532 7 70 3 14770 4 13173 8 78344 4 3 508 2210 27 45 6227 10 3 267 542 5
20498 503 5
34370 20297 5
11292 7 2809 78344 10 3 31559 35 5892 33 341 4 503 4 183 45142 7 3 5368 8963 57204 10291 91727 154 3835 575 202 5898 3961 4481 202 335116 536 10 5368 4961 708 57204 9897 3457 2278 24 9 1366 7766 9897 3457 2278 24 78344 147 57204 51694 707 35 249 33 4707 2204 35 341 33 72438 2204 35 459 33 60009 2204 35 503 33 222980 2204 35 500 33 86023 2204 35 708 33 34370 2204 659 1800 32 2204 543 6684 4 23 16 1622 6 7673 3 3297 7410 7 290 2204 232 6 3 10777 7 3 1570 536 5
17 508 16 9 2941 6652 7 3893 10 3 2204 543 6358 5
17 9149 7 2204 3063 16 13075 10 98586 459 5
14471 543 891 7 31559 19 78344 98586 459 5
14471 543 891 7 31559 19 78344 5
35 249 33 4707 2204 53 145 2204 2464 3 5862 3293 7132 8 9781 3 526 200 4946 6 3 6885 2204 4 72438 2204 8 48480 2204 5
238 3 16400 16790 329 409 13063 4 628 16 691 72 3 3822 14 329 409 13063 12634 5
35 341 33 72438 2204 53 17 536 1351 2204 7162 3 3380 536 1351 543 15 3 325 5559 317 8 3 3063 19 83 2210 5
17 2204 7121 317 25 3 48480 2204 52 143 146 536 36 26 7543 8 16791 3 12510 536 1351 6 112 95 5
17 532 5310 14 523 3351 7 536 1543 142 26 523 58 290 83 4 4808 1918 3 10777 7 3 6846 5
17 72438 2204 43475 5275 6 3 25959 2204 154 329 409 13063 12634 5
35 459 33 60009 2204 53 17 6885 2204 16 6 3009 3 6885 6 132 23 9 58752 536 6570 5
81 32 2204 543 891 7 3782 7132 4 3 6885 59 36294 10 3 1223 24 5922 10 3 6451 650 232 6 3 799 8 272 3008 13173 10 290 2125 7 6885 5
17 6885 2204 43475 50 272 3008 8 799 3008 6981 14 329 409 13063 12634 6 3 25959 2204 35 503 33 222980 2204 53 145 2204 7703 3 796 8 4946 317 6 3 27708 4082 4 294137 4 7732 5587 284 31660 5
17 86698 31660 2696 19547 2020 7 290 72438 119 6 3 10768 2204 133 13 3 5806 7 70 72438 5197 16108 6885 796 5
145 10 786 16 20572 6 290 72438 2204 95 21 6 8743 40 2020 9937 5
35 500 33 86023 2204 53 17 951 1264 3322 10 46 162 294137 4 25508 2890 1264 16 2173 24 3 25959 2204 6 5548 3 552 2442 19 9 1160 49 1374 163 498 200 912 8 2647 14031 5
79 361296 33855 6451 1264 543 15 552 8 36308 484 10900 16 25810 24 3 25959 2204 5
35 708 33 34370 2204 53 145 2204 2464 3 1366 8 16 220 14 4778 19 3 25959 2204 14 5301 8 42556 5
145 2204 6409 3 229 1212 7 543 15 3 1163 897 1261 7953 8 200 360 5
3194 34370 2204 29 9 523 3593 89 8 380 164 7 886 35 91727 33 47 28 51 105 6 12124 22 3 194 7 30 36833 5
2569 4 23 16 5892 13 290 34370 2204 3804 6 27 22 248 183 202 48 536 58 220 14 3 656 1187 5
2491 3797 4 3 34370 2204 46411 3 9374 2168 4 2205 40210 4 2007 8 380 13228 91727 6 3 48480 2204 37 153 1002 3 27708 4082 8 18020 143 3 558 536 71 26 5146 5
17 34370 2204 71 7902 883 57 7 67 5301 14141 294137 4 28482 5301 49 20388 5301 5
17 27708 4082 962 10 1092 35 503 33 6409 834 13885 8 536 360 95 21 6 25450 3 536 9573 5
7219 4 6 14391 3 229 1212 4 9 796 1070 31660 15441 16 11828 10 3 6885 2210 13 71 337 3 536 9573 24 194 231 834 25 40 1966 3568 5897 4 10 1070 6 893 10 3 484 7 2372 72 89 5
17 48480 2204 41526 19 3 27708 4082 6 2258 3 19547 9937 7 545319 10 3 31559 8 59 3 78344 5
2569 3 146847 31 1109 6 26 1219 10 189 7927 21 166 21 7132 3797 7927 5
355 3 200 484 14 536 16 798 58 3 72438 2106 1423 484 4 153 3 13173 8 78344 1865 6 736 326 25 3 7132 2677 3 31559 16 1219 10 9 7132 3797 7927 5
349 3 83 881 4 92 3 72438 2106 1423 484 16 798 58 3 7132 4946 4 153 3 13173 8 78344 1865 6 736 326 7821 25 3 545319 8 12146 3 31559 71 3270 10 32 7927 5
17 48480 2204 962 10 1092 35 503 33 4263 61 3 27708 4082 24 2513 1290 4 1283 8 1784 6885 2779 4 34370 5301 6885 796 35 92 3 34370 16 10 5301 7927 33 4 34370 326 3354 35 154 13537 33 8 5197 25 545319 10 3 31559 5
17 55906 25 3 27708 4082 31 3 2020 9937 14 3 72438 4 6885 9937 35 4808 15 31559 16 10 7927 49 7132 3797 7927 33 8 9937 7 3 78344 5
931 30392 9937 31 153 20572 6 3 7562 2210 35 72438 4 6885 8 34370 33 8 3 2020 926 36 26 197 22 3 545319 8 926 36 26 197 22 3 78344 5
355 3 31559 16 1219 10 7927 4 92 3 78344 31 10 5301 7927 8 92 70 3 13173 31 725 10582 4 153 87 16 9 808 13 796 142 343 1370 58 2020 5
659 1262 46 5662 4 80 27 6227 796 1070 47 71 26 220 6 786 22333 1087 13173 543 15 40 22 3 3112 89 566 5
17 34370 1694 13537 40 1276 154 3330 465 65 87 16 9 796 14 326 8 59 65 3 326 16400 16 272 5
145 1212 3 1163 10 1691 24765 326 1605 8 59 13039 1763 14 3 34370 1694 5
17 1423 360 35 481620 33 31 4406 24 545319 6 3 25959 2204 5
17 6885 2210 8 34370 2210 59 6153 40 1727 360 35 250670 33 6 3 25959 2204 5
79 11287 6297 35 25508 33 2890 1264 18 220 24 3 2415 8 7119 4 47 754 1866 543 15 3 5141 7 552 4651 35 9888 6 282 2338 3 14114 200 5771 33 5
11287 16 4939 21 3 104 3206 152 6 26077 3 2204 2106 6237 6 774 5
8616 3 72438 2210 4 6885 2210 8 34370 2210 916 9 94332 49 82532 4808 15 143 552 1147 49 552 32479 43 31 8 8744 40 552 4651 4 543 15 271 791 5
145 3117 91 6 26 48 1783 10 14114 200 912 5
145 33855 3074 24 3 2210 76561 3 250670 8 481620 14448 10721 9 2357 16 1049 148 91 5
17 1688 31 1303 61 137 3 25959 2204 37 3395 21 9 6032 148 3 1423 2210 8 1727 2210 5
30253 3550 71 7253 6 4 32688 4 479 4 8 13187 35 911 33 14 48 15 25508 2890 1264 5
17 1273 1217 14 536 891 10 9 31559 19 78344 18 6227 15 3 960 284 1595 10 98586 249 5
152865 42 1303 61 19 108 523 926 7 34370 19000 10 3 31559 5
7219 67 523 5301 11952 42 1109 6 542 3 1102 7 5301 13885 15 536 891 8 796 1070 5
17 5301 11952 7 78344 13 42 1109 10 46 1381 31 20388 5301 8 28482 5301 5
17 6905 7 46 1381 16 6 1800 32 536 891 2104 8 6 542 3 1102 7 5681 7 4980 545319 8 3 1102 7 523 5301 10809 15 3 326 891 565 5
17 689 9063 7 3 1273 1217 31 13 3 70233 2209 10 46 1381 1131 15 32 98694 4 6633 8 31793 6358 14 8398 34370 7113 8 14 6573 40 5301 3074 5
17 2890 1264 220 10 46 1381 16 32 33855 552 543 1264 47 58225 1010 4808 15 271 791 8 14114 200 912 5
17 29182 42 2870 15 9 41748 2204 2912 21655 538 9 323977 2204 891 2912 5
2491 4 2210 4916 6 31559 5937 4 49 600 7 5937 71 3270 8610 4 232 6 40 5979 5
17 2204 2912 1752 4088 48863 8 10610 16069 4 21 2210 71 252 15 8 123 8 71 26 2093 22983 14 4942 65554 5
43530 4 31559 2210 3270 232 6 219091 1446 8 71 162 8610 49 62387 21 40 5979 23677 4 18976 40 6532 10 8690 19 83 2210 5
931 2210 42 17229 19 108 523 926 7 34370 19000 4 341 4 503 4 8 183 5
3194 267 42540 6 9 2190 16344 21365 5
659 1000 9 267 4 3206 4254 10809 31 6234 6 290 2443 5
17 78344 31 14027 9806 6 834 8 34370 5301 10809 31 304 15 260 4 6 1000 380 2443 10809 5
66 16 5892 10 46 7254 13 4 97 3 4254 834 12124 78344 8 43 886 40 1276 97 22 40 7562 751 5
17 796 1070 5310 543 15 6885 2125 31 392 10 20498 500 5
20498 500 5
22228 5310 24 6885 2125 5
41426 15791 22228 1264 27619 13173 144769 1329 4433 49 6916 22 70 163549 28294 34296 13173 5126 5636 41949 124 3 1593 65 3 484 16 568 4 6885 36 26 6916 6 287 1908 465 44770 18717 34370 222405 13173 3680 5636 74347 10441 53 786 22333 48634 743 53 8743 24 183 8 4300 54 3330 465 82995 6461 17647 22333 575 202 7 3 6461 13173 65 3 484 16 568 17 6885 2457 4 14 70 3 108 34370 19000 11952 31 1595 10 98586 503 14 28482 5301 35 1618 10 3 1486 33 8 276 796 1070 8 65 3 31559 16 7132 3797 5
17 28482 5301 5662 10 104 745 3859 6 3 284 3330 6885 5
17 799 19000 653 2106 969 15 3 3330 6885 16 8355 125 189 3 6127 8 272 34370 19000 11952 51 474 3330 796 5
81 3 28482 5301 5662 4 7657 7 3 34370 4883 2899 5301 22 10441 4 1954 3 89 65 3 3330 796 2273 15 3 3330 2103 168 5
238 9 665 4 70 7 3 34370 19000 11952 10637 51 1753 6 3 284 3330 5
81 3 2103 190 4 3 261 1486 3330 16 2434 24 4254 536 231 5
4036 13 78344 3001 9 964 3980 6885 4 5301 65 2352 139 25 162 51 474 261 1486 3330 796 14 5842 536 154 3 2358 1582 190 5
98586 500 16323 3 13422 7 34370 19000 926 163 912 7 20388 5301 276 796 1070 8 65 3 31559 16 7132 3797 5
145 5301 5662 12726 13 883 137 229 4684 133 21 123 3330 713 4 3 78344 112 34 886 285 68550 743 5048 5
98586 708 14103 13 9 528 221 7 78344 86 886 25 3 7132 276 1463 6 284 3330 796 163 32 20388 5301 5662 5
148223 713 7 180 183 78344 71 26 35650 276 3 236 6 1088 1117 2020 8 7084 5
81 189 3 745 2994 996 4 796 1070 18 34 1109 106 3 31559 18 3797 6 3 7132 35 106 3 7132 360 42 798 58 3 72438 1423 360 33 5
81 3 161 20260 4 3 72438 2106 481620 42 5607 6 26 798 58 3 7132 360 8 12146 3 31559 18 1219 10 7927 5
34370 19000 969 53 28482 5301 98586 503 5
34370 19000 969 53 28482 5301 5
34370 19000 969 53 20388 5301 98586 500 5
34370 19000 969 53 20388 5301 5
60009 3892 14 341 78344 19 796 1070 10 7927 98586 708 5
60009 3892 14 341 78344 19 796 1070 10 7927 5
81 3 7927 4 19 78344 5301 8 70 3 1290 10211 3797 10 3 1290 834 2737 4 6885 796 16 1370 58 3 558 2020 5
659 772 46 853 796 4 307 48 5146 536 1714 27 6 26 2042 76 3 31559 47 16 34 32 9028 6695 1712 5
16816 796 891 29 6 26 848 10 46 1488 95 13 90 7 3 13173 71 26 725 10582 49 22333 543 15 40 3238 8 89 7 3568 5
12271 891 49 12271 1070 71 26 7679 24 35 9 33 9995 3 34370 5301 89 4 49 35 8862 33 4149 3980 6885 532 5
17 7254 7 796 891 19 78344 16 1148 1918 32 1806 2693 8 16 2638 9 1586 543 2104 5
81 104 745 4 3 101996 2104 71 26 1109 48 470 1783 58 9 201670 2104 35 76423 4 4 323 17641 4 280 33 4 79022 5
589 48 545319 10 3 31559 5
81 3 796 891 1488 4 3 78344 1333 21 9 6885 15 3 284 6 26104 40 7694 496 3 89 558 148 108036 6 3 7132 8 3 161 3463 5
208 13 89 16 902 58 3 3033 89 1272 14 38472 4 46 18506 3 6928 6 2435 3 13173 496 13 566 6 1128 3330 796 8 3189 4736 7 798 796 4 9834 2790 3 236 14 12385 3 558 536 1714 5
12271 891 16 1252 24 3 5301 6928 7 1570 78344 4 47 2228 91 6 886 154 3 2654 796 4736 496 3 5301 2801 13 16 1252 24 3 1366 1694 5
2249 799 796 17914 19 799 360 4 3 5157 14 133 6928 16 4162 5301 14 3 1366 1541 5
12271 891 12385 416 3855 1182 24 1749 1276 6 883 2120 2372 14 4162 58 18 4212 4 3847 3934 207 4 49 24 1749 1276 6 1005 3 243 6 10798 2372 4 3847 4822 207 5
1249 10 46 1381 4 3 1101 16 3348 15 78344 1219 163 7927 4 3 172 5971 16 1109 5
12271 1070 16 848 76 3 1494 565 24656 21 9 11933 565 47 71 26 220 6 14391 1214 5067 1291 35 76423 4 4 323 17641 4 2560 33 5
95 13 3 1214 25903 799 470 8 340 34 4013 15 30 5067 653 5
273 34370 5301 22 139 4 3 2800 16 1618 34 9 565 2191 3 4650 738 3 34370 10 3 1486 4 14 47 43 36 197 9 568 3008 14 3 34370 5
81 13 267 4 34370 5301 36 26 5053 5
12502 3 5067 16705 31 34 10436 6 78344 5
75 14 70 3 83 10211 133 21 509 28621 4 818 36089 8 9634 4081 4 5067 16705 31 4939 21 931 16705 31 4939 543 15 3 10674 4 2430 8 11861 7 8853 5264 14 290 58752 18998 5
20498 708 4995 3 1214 5067 7400 14 523 10211 5
17 1051 2888 996 31 543 15 3848 1214 8684 5
17 5067 2440 142 7702 24 692 8 71 26 393863 232 6 120 558 4097 1339 628 5
17 16705 31 220 6 1415 3 10076 7 22228 15 3 1214 2106 8853 5
473 796 1070 6227 486 19 552 543 2890 2173 10 3 536 200 4 3 6885 10809 14 9 19000 7 341 4 503 8 183 31 12859 10 194896 5
3995 5
304893 5301 8 28482 5301 31 13075 24 1426 8 2412 23070 3995 5
20498 708 5
4142 5067 7400 14 523 10211 5
1634 36089 5126 28621 81409 2953 34370 26067 2440 1884 25 1994 1884 25 1994 13063 496 3 1494 5301 89 13063 496 3 1494 5301 89 60009 3892 14 503 78344 19 796 1070 10 7927 98586 700 5
60009 3892 14 503 78344 19 796 1070 10 7927 5
60009 3892 14 183 78344 19 796 1070 10 7927 98586 704 5
60009 3892 14 183 78344 19 796 1070 10 7927 5
81 3 996 42749 4 1461 517 6154 3 3235 2168 7 3 31559 4 2412 517 6154 3 20388 5301 8 1426 517 6154 28482 5301 5
81 98586 708 4 121 87 31 97 341 78344 694 4 87 16 34 146 7 9 13422 148 292 5301 8 28482 5301 14141 5
75 10 194896 5
700 8 704 4 9 938 13422 10 3 326 8353 8 3 4230 10 47 796 891 1141 10 1250 46 13422 4 71 26 6453 5
17 6885 10809 7 818 36089 4 9634 4081 8 509 28621 10 3 31559 154 3 168 16 392 10 194896 5
19 9 34370 19000 7 503 5
60009 3892 7 3 818 38466 19 796 1070 98586 782 5
60009 3892 7 3 818 38466 19 796 1070 5
60009 3892 7 3 9634 2953 19 796 1070 98586 183 5
60009 3892 7 3 9634 2953 19 796 1070 5
60009 3892 7 3 509 27285 19 796 1070 98586 407 5
60009 3892 7 3 509 27285 19 796 1070 5
17 1273 796 1070 1264 71 581 3 4756 19 6057 3330 796 6 1262 589 84 5146 536 1714 4 125 110 488 6 7933 34370 5301 24 26080 2143 10582 49 22333 4 3 83 13173 4 543 15 2443 2106 13885 5
1249 3 4756 97 7703 3 796 2123 6 290 444 8 36 822 70 3 3980 532 421 6 3 1214 4 3 1273 796 891 1264 36 2201 3 1214 2106 209 4073 8 1316 40 3978 5
17 522 3455 996 2148 3 77403 7 796 891 5775 19 552 543 10828 6 14391 8474 7 3 2443 5
1498 20388 5301 5195 4 3 34370 1694 42 392 22196 4946 14 3 326 8353 95 21 6 2729 8 1673 5301 154 123 3330 465 5
145 9704 3 1308 3330 796 15 3 284 8 9834 9704 3 676 6885 15 3 326 7084 8 3201 284 5
999 83568 6573 3 78344 5301 5195 4 46 601 53300 3 48517 7 2374 326 3154 137 3 397 7 1029 50519 8 3 470 7 326 2020 24 545319 10 3 31559 5
17 3977 284 10 3 178 18 1148 10 32 2877 7 3339 727 5
7465 16 34 3339 6360 5
458 87 2106 93 1837 52 3 644 13 3 3977 284 738 9 337 5
1108 31 277 1324 119 76 3 1628 4 1324 2211 6 114 43 162 5
4036 3 785 14 19194 4 8587 5932 23 16 533 13 534 3891 8 2372 386 320 1445 3 969 13 78344 36 27 15 389 2372 43060 5
10206 1051 7 78344 27 3 785 6 5924 3 3241 7 3 326 284 5
145 1381 2520 67 523 5301 5897 14 3 78344 5
81 46 1381 4 9 41748 2204 543 6684 16 1273 14 19547 326 891 10 9 31559 19 34370 19000 5
17 14770 4 13173 8 78344 31 3380 21 2210 10 9 41748 2204 284 4 47 71 11572 8 7265 19 290 83 14 4213 8 20388 1315 7 3 31559 5
17 6582 7 796 891 1264 486 19 552 543 2890 1264 16 59 12956 5
81 46 796 891 1264 4 3 4756 7703 10 3 326 796 2123 3905 6 3 1214 8 3 532 1866 31 203 6 3 2443 5
145 14264 13 2443 2106 4073 8 738 31 943 8 8255 1708 3 2443 19 20388 326 5
20518 2106 4073 31 4939 543 15 30 5067 16705 8 30 653 5
473 9 568 19000 7 78344 3 2443 36 34 27 6 6504 30 5067 22 139 10 1557 14 4162 326 5
9831 231 7 192 16705 6 5507 796 891 36 1015 10 3096 3 2443 5323 10 192 1190 5
134 27 1109 9 31559 13 71 27 9 3235 7 183 78344 486 19 1806 1290 13173 5
208 3 1646 7 3 31559 16 853 4 153 32 853 19000 7 78344 142 26 1109 5
17 4888 36 26 6005 46 601 162 24 4907 9 568 2168 31559 19 9 146 568 19000 7 78344 677 6 3 267 10 46 1381 5
238 3 221 7 78344 2238 4 23 36 343 48 841 6 422 3 3980 6885 163 9 392 796 2123 8 34 7125 3 1214 2106 5067 653 5
332 13 397 4 3 8152 142 34 26 488 6 4145 7180 15 796 1070 6 21110 3 3330 796 5
355 70 796 1714 31 12631 4 8152 71 5576 83 770 133 21 1723 3 545319 49 8339 14 7084 8 3201 1593 6416 6 1213 272 34370 19000 11952 5
74184 79 5
17 221 7 78344 10 32 3293 326 992 71 26 1221 140082 543 15 221 7 2372 2067 35 834 33 10 13 992 5
622 2882 7 78344 25 4254 2372 2067 142 26 43420 21 3177 53 114 53 2778 212711 3082 11292 7 78344 2778 3082 202 7 3 221 7 2809 78344 14 5323 10 2020 13797 19 150966 2778 3082 9897 221 7 78344 147 4254 2372 3023 2778 3082 11292 7 4254 2372 2067 2778 3082 67440 7 4254 13173 10 3 326 992 2778 3082 40782 6885 10 3 326 992 22 392 89 35 20502 33 2778 3082 9897 15043 6885 796 147 4254 2372 3023 35 75242 33 2778 3082 9897 2864 2372 3568 147 4254 2372 3023 35 57204 33