3016 39272 7379 35 29153 33 29 45 220 10 9 1773 2726 7 2333 133 21 4948 3037 2137 4 589 909 532 4 2578 5479 4 3327 110189 2606 14 17652 8 5479 1124 5
273 946 4 29153 10 11207 4 19 9 3652 683 4 71 1297 3 5615 7 189 45921 8 1481 5
145 1381 6274 9 84 231 7 29153 10 11207 6 185 9409 3 2215 2737 7 9 783 496 3 4926 8 6 581 2765 6 1481 6 3773 6 3 13228 3459 5
1563 2007 13604 4 1013 4 29 45 2262 8 93198 6227 10 530291 2106 2386 7537 35 3590 4 1598 33 5
17 2673 16739 108 689 1443 53 32 2979 57 47 31427 1481 137 9 29153 10363 284 109 32 161185 543 284 6 342 8 6 4112 3 1481 4360 232 6 40 2108 109 8 1435 9 165773 317 284 13 41526 19489 3 8249 3 1481 27 6 1667 5
134 27 1589 9 3866 3063 284 543 15 718 6 852 189 4 3 317 3154 356 3 589 8 6 6143 3 32074 6 7367 29153 1481 5
145 22516 3 236 14 538 15229 5
17 2673 34 97 2939 1481 6 2093 10680 3 1548 49 3 2043 2940 976 3 589 4 44 59 76578 8090 25407 2828 24 3 4926 607 35 79022 5
3855 4015 52 1548 9573 89 4 32839 9573 4 4703 33 5
128025 8116 42179 4145 15 3 23462 7 3866 3531 8 2410 5225 5
21847 15721 992 2333 71 159 1653 7 3 40807 3979 25 3 2164 231 7 3016 39272 7379 35 29153 33 8 7670 66355 3673 35 313737 33 3531 5
65714 16 9 3866 3063 2029 1254 24 3 65714 13 63262 104 313737 3212 10 9 1773 2726 7 2333 35 10141 4 7277 4 323 7744 4 280 33 5
29153 1443 8 3001 67 629 3531 14 13737 8116 13 27 4200 4900 1164 10 308 85 106 40 231 170751 5471 2673 692 5
29153 35023 9674 8 7379 7 6034 13 31 34 2093 43385 49 75327 24 538 4759 15721 3531 5
527 4 29153 340 34 581 317 52 3 1215 7 3 6034 23 31427 5
313737 15 3 83 881 4 34 97 1708 317 52 3 1215 7 3 6034 8 3 1566 44 43 31 59 2642 7 396 4 13900 2438 13 71 7916 6 5439 8 581 317 24 24274 1923 912 133 21 4879 4 1067 4 17332 4 775 4 33789 8 1864 5
66 59 7928 3866 3063 5
16816 4 3 6582 7 192 3531 15553 40 1308 16408 8 2168 5
622 5385 6 3 93259 8 2235 7 46 6582 86 26 170 10 7914 4 4 136588 4 8 35 274 33 5
17 3979 5775 718 36 27 2262 5615 4 47175 4 8 51918 21 166 21 1842 6647 569 5
187 31 9 515 7 6200 7 2333 4 25 4948 3037 2137 4 1605 2614 891 4 173 3977 4 6573 589 909 4 2578 5479 4 1572 3782 139 10211 4 6 3327 110189 2606 14 17652 4 14 27717 212 4 4703 5
75 4 80 71 1384 108 334 30951 24 3 3583 7 2333 53 249 5
7935 53 8960 7 8 29153 3531 29 45 177 1029 10 2189 1443 5
527 4 308 2333 11032 189 3531 96 1673 40 77699 5
79 2189 946 7 46 25072 16 3 3070 7 2119 953 1277 5
17 826 2737 71 26 8181 538 315728 4 125 40 1215 71 26 8179 538 10363 5
27619 5464 133 21 138 10 4760 2353 49 13092 784 1564 4 71 26 5259 19 3 231 7 32 5775 15721 992 35 12283 32330 4 359 33 5
1471 946 16 3 726 7 30134 7 746 3726 1443 538 2374 29153 15789 4 47 31 5775 19 10363 5
931 15721 15789 71 26 4 14 946 4 220 6 14448 4112 3 4879 7 3 1327 419 17533 21 166 21 6 1328 3 2737 7 9 1327 3376 35 2552 12283 32330 4 502 33 5
24485 53 29153 1443 27 1940 45 220 10 3 1605 2614 14 1247 5479 4 6291 532 4 8 3273 3726 4 125 31 220 14 904 8 1566 3726 5
5775 10363 27 59 45 3322 24 3 101 3034 35 173868 4 911 33 6 1328 4321 1782 1172 10 4250 5
17 5775 10363 31 488 6 1415 17332 4 4879 4 8 818 775 4 8 14 9 992 19 83 29153 15721 15789 5
1471 946 7 32 6582 5662 7 29153 8 4 8 14 9 1378 182 284 4 18 1273 24 7744 12283 3462 2307 3194 182 2106 3929 2609 9 15707 8 290 182 2106 771 4263 9 2645 19 9 15238 29153 6865 10 47 3 182 2106 7334 16 7545 5
48621 53 29153 718 29 45 220 2925 10 11207 6 1297 3 558 6291 7 1548 35 16257 4 52133 4 323 309690 4 590 109 20626 4 744 109 111142 4 3336 4 4 323 36390 4 2076 109 6794 4 2076 33 8 6 1368 4578 35 2432 12283 32330 4 911 109 34796 323 24784 4 359 33 5
17 74 864 9375 29153 10 9 4926 18 4071 10 2804 4 10 3 7537 7 10458 430 10 118 213 35 5014 4 156191 4 323 52314 4 502 33 5
9364 6911 4 10 2391 4 3 49418 4311 7537 18 3 74 173 4926 538 29153 718 5
1113 29153 18 2337 11629 6 17060 3 6291 891 35 185737 323 84580 4 6833 33 4 23 71 59 185 6005 3 4926 1219 465 24 770 7 3 7117 8 138365 2321 35 5014 12283 32330 4 502 33 5
145 73 9962 16 3 1101 7 46 1381 5
17 3109 7 29153 8 313737 4 10 3 11207 857 4 86 4855 83 544 58 3 6682 57 3915 996 5
273 946 4 9 1029 5093 13 1481 453 10 528 11207 4 47 27 2489 7480 8 2940 4 16 3 4007 2737 7 3 1548 8 3 12602 7 68 976 3 589 5
364 152 6 4855 46 565 16 6 581 3 589 19 32 7112 284 6 3929 3 1481 1537 3 2043 2940 5
145 59 1708 9 152 6 259 22 120 89 3 221 7 1481 10 3 589 8 3 2177 7 50 90997 496 23 5
145 1181 6274 3 4485 8 522 7 7623 32 4159 7 129 2007 13604 35 24880 12283 32330 4 2076 33 6 3 530291 2106 2386 7537 35 184630 33 10 3590 5
145 2673 10556 49474 5309 35 43826 33 4538 4 29153 8 5
29153 543 9139 90997 16 9 8342 5890 7 601 8 1296 27 1273 177 2794 4910 6 1954 10680 3 15789 10 9 589 19 272 8958 35 18409 323 31845 4 2076 109 53618 4 10141 4 323 4 2076 109 10882 323 4 2076 33 5
1563 1581 340 34 11257 6 8850 120 84 5018 15 143 15789 144 26 1942 44 143 43826 71 26 220 6 11572 8 4112 70 3 317 52 1481 4 2940 8 1548 5
520 6599 231 11694 14 68 5479 35 12283 32330 4 7560 33 44 1016 4 80 27 961 29153 21 3 9139 2737 284 35 375922 4 4 4 54347 4 323 546214 4 590 33 5
17 1033 18 2638 7900 24 3 29153 2693 277 558 10 11207 14 1548 4 13 86 26 2262 59 14 68 5
17 1381 16 4393 21 3177 5
8941 341 5181 3 84 416 1252 24 3 284 10 3 184630 5
1301 4 3 523 5937 7 3 6358 31 962 5
8941 503 6274 3 522 10978 25 3 791 8 231 7 46 284 10 9 521 1566 5
5583 4 7951 8 426 162 31 6755 5
184630 16 2852 2913 7033 9639 7 3590 35 1598 33 4 10 9 396 649 19 9 1193 180 30803 2095 5
17 4926 29 179 2940 5146 15 67 926 21 1595 10 98586 249 5
32980 7 184630 98586 249 5
32980 7 184630 5
349 3 922 1702 4 3 74 1664 16 3 689 5588 19 3 317 8 69832 815 5938 13 1929 909 6 7844 249 5
3701 4650 37 844 6 3 4926 29 6 198 137 46 397 114 32 29153 313 6926 16 1942 5
98586 341 35 203 33 842 3 9217 7 129 2673 35 197 15 3 689 5588 33 8 3 29153 6926 249 486 19 3 29153 313 6926 5
98586 341 35 243 33 842 3 689 5588 25 3 83 487 4 114 3 1481 71 1046 14 3 1548 2545 6 9 5274 2852 103 3 815 5938 5
9049 4 43 71 10428 46 2485 6 3 317 5938 607 5
81 189 745 4 43 71 1374 14 3 656 1548 49 3 5681 7 2043 2873 43 31 2274 10 8 43 71 59 4498 317 52 3 5681 8 787 2737 7 1654 1548 5
81 3 267 7 3 1481 37 256 6 6304 9 783 25 3 4926 4 43 71 97 2789 24 46 5938 8 1379 3 783 35 2106 33 6 6304 4 671 19 3 4926 1536 5
62191 7 523 184630 3459 98586 341 5
62191 7 523 184630 3459 5
7844 249 3395 189 21 32 2606 8 4083 397 6 3 4926 5
2491 10 46 787 4 57 71 909 3 83 108 2940 114 70 3 1548 31 2852 5
7844 341 2609 2857 4 1595 10 98586 341 35 1055 33 4 8 23236 2106 6854 8 7844 459 4507 448 2364 1548 5
349 3 74 1702 80 71 384 7844 503 4 47 71 26 10644 883 24 538 3 11736 49 3 14250 5
145 787 2609 28421 8 239811 1548 4 4 325 4888 8 1764 7386 1548 5
766 192 2940 27 9 2043 352 4 114 3 4650 71 384 6160 8 6666 6 1125 3 1548 10344 5
91659 4 80 27 962 3 1029 1315 7 120 4926 5
134 27 2262 3 16408 7 3 394 24 1463 3 508 3893 53 179 29153 8423 6 7367 3 68 10 3 589 4 57 14 290 787 13 80 71 909 10 3 4926 4 9 3866 4440 992 6 18686 3 317 3883 24 3 9674 284 6 3 885 1416 4 32 43826 543 284 6 581 8 4112 3 11023 13 3 4650 144 1667 8 9 197 7 317 6136 4 2852 486 3 589 4 6 8468 3 1481 52 3 2785 43 27 6 1667 10 678 6 1018 40 8808 5
26449 6 192 3893 59 9 2137 7 15238 29153 15789 31 666 5
520 7 192 15789 71 26 10292 10 3 4650 7067 1536 8 461 71 26 1363 5
81 46 7254 4 3 4650 71 159 1653 7 3 284 10 67 523 1225 5
349 3 57 881 4 28 71 436 14 3 2043 787 28 844 6 598 4 8 15 3 83 881 4 28 71 1046 9 2190 783 5
81 189 745 4 3 284 36 3929 102 6 3 5024 397 5
6459 4 3 1548 71 26 5998 2852 22 120 787 92 3 45921 27 1198 3 783 35 2106 33 137 3 29153 8423 7 13 787 5
2437 43 71 25407 12874 3 783 1056 8 787 2737 76 3 885 284 13 7162 3 4926 5
145 317 16 535 558 65 3 4650 844 6 1125 49 6304 9 783 5
17 783 2737 6881 1252 6 3 1481 31 4209 10 3 678 10 47 3 4650 29 3467 3 783 35 2106 33 49 3 2043 787 35 2106 33 5
17 733 16 1109 3439 92 3 4650 29 1049 3 787 114 3 783 16 49 3 2043 787 13 29 45 3467 5
134 27 34 1109 120 27708 10 3 11861 7 3 11023 106 80 51 236 6 159 76 1250 3 2215 912 7 3 4650 4 14 946 4 92 3 4650 738 25562 4 9 10367 4 4703 5
75 3 284 71 3855 358 14 4492 68 4 95 10 267 3 4650 29 6 909 7844 503 4 3 284 36 1919 102 6 159 3 14250 1016 7 3 11736 5
2491 3 4650 29 961 96 783 35 2106 33 28 844 6 6304 49 3 2043 787 35 2106 33 28 844 6 598 4 3 284 77080 3 787 8 12244 9 2785 25 3 4650 2106 498 2737 6 3 787 2737 10 3 4926 5
2437 10 3 267 7 9 783 4 3 284 36 59 240 3 10837 8 3 1843 114 23 16 1942 10 3 787 5
81 1243 4 3 8042 16 7748 6 384 30 5024 2545 6 3 523 6136 2852 180 3 589 5
17 317 1595 10 3 6136 1141 76 1250 3 152 3 8042 324 3 2424 8 86 26 9 997 4 49 32 12602 5167 4 1571 3 2586 28 29 6 1667 4 232 30 498 827 10 3 589 4 6 128 30 5024 5
766 28 29 6 112 16 1667 46 1987 5
17 1481 36 128 2765 21 117 400 21 666 10 678 6 384 3 2940 28 16 2274 10 5
238 3 696 5643 137 15402 4 11736 8 95 15 4 28 36 1042 137 3 523 29153 8423 32780 5
3194 89 28 3191 137 3 6926 4 3 284 36 7367 102 35 2545 6 3 29153 1536 28 4263 33 4 2258 30 827 4 36 1970 92 3 1627 2586 16 6607 35 28 3177 3 2925 1254 2515 33 49 34 8 36 1518 3 12602 1229 6 3 12510 2424 5
208 3 4650 1627 2586 16 34 6607 4 3 284 51 27 6 13012 9 84 2515 25 30 84 2737 5
1249 3 284 1853 4 22 120 89 4 3 4650 2106 827 4 23 71 1080 581 3 317 666 6 1018 3 5024 5
145 317 1464 15 307 6136 2852 22 2832 266 5
355 9 696 8144 22 30 5024 35 2043 787 33 4 3 284 36 8468 102 7 3 2737 7 3 783 35 92 13 18 96 28 961 33 5
332 46 397 4 3 284 16468 285 3 4650 2690 3 787 6 3929 102 369 6 30 161 5024 35 2043 787 33 49 3 4083 5
17 4650 36 26 7737 21 117 400 21 1622 285 28 29 1318 70 3 6950 5
435 13 4 3 284 10942 3 4650 6 3 4083 5
1498 3 4926 598 4 1481 71 128 372 5
81 13 267 4 3 284 36 7367 46 983 8 4007 3 3768 5
659 4855 3 565 4 3 284 36 3855 9 84 2785 2016 3 4650 2106 84 983 4 8 23 36 8468 102 10 3 2795 152 5
17 8953 7 46 284 31 34 97 1574 6 581 4199 44 59 6 581 528 3318 7 628 15 3 231 7 3 4926 416 5
273 946 4 80 71 3855 5471 317 133 21 4015 7 1548 4 596 89 702 10 3 523 2940 4 9858 566 7 89 49 9858 787 4 297 461 5
766 192 628 31 2422 4116 14 2634 891 8 14 3096 4926 2089 4 121 43 852 3 4926 607 6 259 3 1029 11023 13 1481 1667 4 3 596 948 89 10 3 523 2940 4 221 7 1481 10 3 4926 4 4703 5
980 4108 4 184630 35 21 80 4753 23 36 4722 10 83 540 49 173 11207 33 4 144 3855 15359 576 6 3590 2106 1764 2178 15 3 221 7 68 538 3 394 4 1312 4 731 4 96 16 3 796 7 1548 4 598 465 19 48 40474 4 4703 5
332 1379 4 46 162 16 617 25407 5
273 946 4 92 3 607 738 6 259 3 596 787 14833 49 3 9858 3035 43 27 6 10775 13 317 24 881 25 3 1548 9573 49 221 7 1121 5
81 267 7 787 14833 16 141 48 4093 121 43 27 6 1970 3 1548 22133 10 9 787 8 10775 3 221 7 68 13 42 2043 138 1548 5
1113 46 1217 16 21527 4 43 71 128 2082 4 44 43 71 34 159 76 1250 92 4 14 946 4 9 4650 18 100 464 6 3473 32 7784 4 8 28 18 1122 4907 10 3 787 5
208 87 31 93 1892 10363 10 290 787 4 87 16 93 152 6 5998 10775 13 317 2853 25 6535 91 5
208 43 256 6 26 7608 4 43 27 6 1374 3 1481 13 317 49 2408 91 4 125 538 4 43 71 6621 8 5998 112 23 5
81 46 2201 4 129 2673 71 6298 46 650 24 5998 17444 3 523 4015 8 7470 138 576 4 3934 89 14 3 4926 607 4 8 3847 28206 3 231 7 46 284 5
1471 2673 7 3 284 86 26 6 10680 212 4 13 31 372 10 3 589 4 92 43 1626 9 29153 6865 5
17 284 71 5998 581 3 2737 7 3 787 10 47 3 5386 16 24 538 3 317 25 3 29153 8423 4 79022 5
3 5386 29 1198 3 6926 8 3 284 16 8126 14031 5
473 2201 6 3 683 4 3 470 7 46 284 10 11207 49 528 1979 16 1752 1547 6 3 221 7 3 29153 8423 8 6136 1272 5
17 939 7 3 3893 53 3 885 1416 4 3 4440 284 35 38923 8 194 2438 31 3339 33 8 3 532 1586 27 460 3 216 470 2767 3 1646 7 3 4926 16 5
527 4 19 2201 6 3 29153 8423 4 3 484 1884 16 964 5
273 946 4 290 7 3 8423 35 9935 7 67 6139 8 3 3905 5447 284 33 220 10 46 267 4 1871 9 6127 6 272 683 5
187 31 83 3351 7 29153 17009 19 287 2000 13 71 26 4580 14 347 7 3 484 49 287 4 44 13 31 97 3448 14 146 1731 7269 5
17 17020 7 129 29153 8423 31 53 5246 35979 22690 4 21770 35979 4801 8 704 35979 1540 5
59037 148 3404 114 148 35979 35 508 5002 2106 20297 33 5
17173 13 16 32 9345 284 10 47 80 3348 10158 50 1315 8 3 18550 7 3 3726 8 13663 650 4 80 27 34 747 856 1164 6 3 14555 7 3 2043 489 4 44 80 71 1377 13 23 18 996 1818 202 5
17 689 1033 14 34 110 577 202 21 3 5002 1827 18 106 3 1481 1942 15789 10 9 152 13 3 6926 86 93 1125 91 35 79022 5
1171 12602 33 5
81 7488 19 3 6136 3 470 16 34 215 371393 44 22 248 3 216 221 21 3 29153 8423 16 666 5
7977 4 92 3 589 16 528 3 470 7 3 6136 86 26 533 5
17 470 7 3 15789 4 289 43 31 10292 10 3 2043 2361 49 34 4 16 22250 5
29997 6 3 3978 667 4 35236 19 3 2152 1209 5
17 1481 628 27 45 59 226670 6 26 1804 4 1725 8 123429 24 129 2673 5
1655 3 397 7 1069 7 3 2673 4 3 6680 334 49 396 16 2638 2203 232 6 3 221 7 523 2940 4 106 13 6654 4 21 2994 415 4 1752 3 470 7 3 2673 5
17 221 7 1481 31 4 10 46 267 4 287 1568 21 97 29 32 969 15 3 3154 7 317 137 3 65714 284 4 47 16 5099 3682 7 3510 272 6163 7 25414 276 10996 5
81 120 267 4 3 2737 8 221 7 3 8423 8 3 6136 383 26 30512 10 678 6 422 3 1081 284 3339 8 1906 44 4213 5
17 2673 16 1254 6 4530 70 3 1481 37 31 1001 10 3 352 114 290 2424 16 2852 5
659 46 3316 4 65 3 221 7 1481 16 272 4 3 317 36 26 16139 32135 4 6584 74 138 2633 7118 138 1481 13 27 100 2167 3 352 5
17 317 14 290 4650 36 8491 25 3 2424 65 3 4650 2690 3 352 8 184 29153 6926 31427 102 5
17 317 52 3 783 36 26 59 1595 10 3 2424 5
208 87 31 48 58 57 783 10 3 787 10 47 3 4650 16 2794 10 4 3 317 7 3 2737 7 290 783 36 6197 2789 55 5
435 183 13063 4 3 2633 36 8491 49 65 3 4650 2690 3 787 4 2767 16 74 5
7977 87 16 9 19210 148 2424 1646 8 3 221 7 1481 37 71 26 8255 3696 5
81 614 4 32 317 284 105 3 57 2209 322 144 26 20683 14 3 596 267 7 3550 5
66 16 11580 13 10 3208 4736 35 528 221 7 2094 33 3 284 2106 1070 89 2238 5
17 284 4071 10 184630 16 543 15 3 13604 35 24880 12283 32330 4 2076 33 5
4248 50 7579 10 530291 4 39 97 45 2870 10 20260 10711 4 543 15 9 13604 1589 10 3 6232 5
472 80 4301 10 46 1181 16 3 9573 7 3 284 10 32 1566 19 521 1481 5
187 31 533 3272 148 3 13604 8 3 7254 10 3 4926 105 3 13663 317 2399 53 10 3 13604 1566 3 317 18 7364 15 3 689 5274 4 125 10 530291 3 317 39 6 26 6217 10 3 2424 2852 2211 6 114 3 4650 18 5
9049 4 65 307 1481 42 1767 6 1125 3 317 4 3 43971 284 39 6 27934 23 4 6584 74 3 2633 6 3 1481 13 27 2167 3 352 48 616 4 21 166 21 7995 91 16432 5
134 27 59 39 6 4855 7924 544 8 4440 667 148 29153 8 13 42 34 1379 10 3 30134 1589 10 3 6232 5
66 144 26 1744 13 3 16811 16 84 10 46 7254 121 10 3 1506 1589 10 3 6232 4 3 4440 148 3 523 19266 42 137 15229 8 3 228866 10319 5
273 46 5867 4 23 18 1622 6 304857 3 16906 53189 297 3 523 3893 5
17 284 9286 7 179 19266 4 290 57 19 9 1798 4939 16408 4 8 47 31 2164 76 9 391 284 13 105142 8 3466 70 3 19266 5
40484 53189 17 40484 53189 16 543 15 9 29153 6358 13 16739 29153 15789 13 31 4916 6 3 1548 8 3 1481 4926 1536 4 29153 3550 4 8 32 3735 1894 10764 35 300573 33 5
17 15789 12874 9 29406 21405 8 9 19911 37018 4 47 4286 9 2665 7379 3323 5
29153 3550 27 45 2852 10 3 909 266 148 2043 2940 4 1447 692 49 1548 909 692 10 3 4926 5
3194 29153 7067 7703 3 95771 5218 6 3 2979 6865 5
17 5218 20610 24 3 7067 22098 3 37018 137 3 29406 21405 538 1631 5218 8 18686 3 628 119 6 7067 4 150 9 2665 3323 5
17 628 496 9 6865 1708 7379 7 3 1481 8 3 1548 4 8 10 3 73 267 4 3 4250 2737 4 1447 1799 8 586 5
355 3 7067 7121 3 11584 628 4 23 71 1970 3 2665 3323 10 3 5536 4 95 13 23 2742 537 6 259 3 2838 7 3 8 120 83 317 558 10 3 5536 5
355 9 4650 6950 14 9 783 4 883 14 2043 49 62553 4 3 2673 36 259 114 6 384 3 783 8 3475 4 3 2442 29153 7067 36 7367 92 3 4650 29 1348 22 3 787 114 3 783 16 5
17 40484 53189 16502 1481 2674 137 3404 5
355 13 2659 4 3 14533 15974 8 46411 90 628 6 3 4866 53189 5
980 4108 4 290 4650 9674 4589 3 7084 7 32 81825 7 3 2125 7 11584 628 35 341 3333 33 4 3 6926 221 35 503 3333 33 4 3 1294 10 6170 4 89 10 6170 8 1435 3 29153 6865 1536 6752 3 4650 35 697 3333 33 5
81 10028 4 290 4650 9674 12244 9 2723 3333 241 3897 13 1389 105 5
17 102033 10 886 7 3 3897 7084 8 2280 16 3 16906 53189 5
16906 53189 145 14533 7162 3 7084 7 3 317 25 3 29153 3550 6 3 689 1416 8 25 23 6 3 6136 5
16024 9 29153 6926 31427 9 4650 49 9 783 2674 137 23 4 3 628 23 12244 16 691 6 3 6 689 1416 5
187 16 9490 24 3 4866 53189 35 962 268 33 8 4 10 3 267 7 9 8042 1324 137 3 589 4 3 6881 6 3929 102 31 691 6 3 12510 2424 5
66 16 543 15 9 65714 992 35 238007 4 274 33 19 30864 2852 1411 3 589 15 3 243 1561 5
364 7 3 689 1809 14 6098 18 6 852 31400 148 2438 8495 24 523 291 5
214 16 4 8259 71861 8 1730 1315 148 523 1443 4 10 9 4547 152 5
12502 4 50 689 2419 16 50 1175 6 6143 307 2438 1749 91 6 162 48 11076 671 5
66 7928 29153 2438 6 7265 19 290 83 21 166 21 83 35368 2438 4 114 29153 15789 4916 6 6034 31 39195 25 31524 114173 8 11584 2151 65714 5
17 2795 152 7 538 46 718 16 24 1994 55 9 3866 992 35 196 98586 459 33 10 47 87 31 108 523 3351 7 1822 232 6 40 604 10 3 992 53 2778 65714 40118 35 261184 33 5
66 16 3 104 3592 2125 7 2354 5
187 144 26 57 147 992 5
1738 689 4859 16 6 532 189 3 992 8 3 11023 6 26 979 24 2438 6 6143 6 290 83 5
2778 65714 111033 35 186853 33 5
66 223385 3 23449 266 7 3 992 5
66 16 1479 14 104027 1687 2438 10 3 992 151438 4 8 1708 32 2673 9419 14 4650 3323 5577 5
2778 7710 36901 35 422901 33 5
66 29 3 16408 6 7265 19 50 3178 38105 35 261184 49 186853 33 8 3030 3 1272 1945 44 23 71 34 18686 317 6 83 380 2438 5
184630 4071 6358 98586 459 5
184630 4071 6358 5
1471 9688 4 297 461 4 15 538 16 50 3279 7 7579 4 799 470 8 50 1175 6 3270 10 12507 2642 5
145 73 15565 11657 3 11040 7 4440 5
17 231 7 46 14533 59 19102 6481 589 8 35023 3 50984 7 3 992 3893 5
17 74 2419 16 177 533 121 11207 31 477 197 10 551 1979 8 19595 3 589 16 1144 1908 5
1301 4 46 14533 2228 3 40484 53189 6 7265 19 3 4866 53189 4 8 16 1479 14 29516 628 148 3 151988 8 3 4866 118561 5
2491 3 1519 284 35 885 1416 4 29153 8423 4 6136 8 38923 33 16 1942 8 699 4 23 16 488 6 18686 628 5
187 31 67 1543 13 3855 628 53 35 4114 33 29153 8423 4 47 581 317 52 3 9674 7 9 4650 1770 9 29153 1536 4 8 35 25547 33 3 885 1416 47 34427 3 4199 284 8 7703 4199 628 6 3 317 6136 5
134 144 397 61 13 10 1243 6 3 5257 628 4 3 992 29 6 1518 532 628 10 678 6 422 3 284 699 5
17 317 6136 31 5487 24 3 151988 53189 5
151988 53189 364 7 3 689 544 13 120 4650 29 6 453 65 2598 9 334 3076 16 3 1292 7 317 8 1478 13 71 3929 91 5
659 4855 46 983 4 46 14533 16 1479 14 13196 3 317 13 290 4650 383 1667 4 538 13645 6136 2852 15 2832 1561 133 21 4 114 87 31 307 8953 8 3 4650 383 132 9 421 5
9049 4 10 11207 4 80 59 236 6 384 3 2737 7 3 1548 5
17 317 6217 16 3 4650 7334 21 14644 15 3 4926 1536 35 9 25752 221 4 13 14 3978 1809 340 34 240 3 610 49 3 73 610 33 8 9 4199 11846 35 47 36 5697 4808 15 3 397 10 47 3 8042 16 33 5
184630 97 39 67 7480 4 3 798 653 22 3 5588 7 3 4926 8 9 2043 787 15 3 74 653 5
17 2633 13 36 26 6217 31 53 3773 6 5024 4 1071 4 786 243 4 786 203 4 198 14106 4 159 11736 55 4 159 11736 124 49 159 14250 4 979 24 3 12510 5
81 3 267 7 9 783 4 65 3 4650 8144 6 3 787 114 16 2852 4 3 2424 36 240 3 783 7334 35 3 184741 3897 13 1464 10 3 13920 7 3 783 33 979 24 50 827 4 79022 5
10837 8 1843 5
145 317 18 3205 10 3 29153 6865 7 3 783 4 95 129 284 88646 8 842 46 317 65 23 31427 3 4650 16 10 3 216 787 21 3 783 5
17 773 7 3 6136 5473 15 3 221 7 2399 1583 13 43 27 5
208 3 221 7 1481 10 9 4195 2440 16 2185 58 3 4112 2168 4 3 4112 36 26 3577 32135 95 13 70 68 71 128 40 7562 317 5
7977 4 87 16 9 4013 148 3 1058 7 317 3 2424 842 14 290 8042 4 3 1646 7 3 2424 8 3 221 7 68 6 293 19 5
980 791 19 3 284 36 128 9 333 773 5
17 317 36 8491 25 3 2424 65 3 4650 2690 3 352 8 184 29153 7067 31427 102 5
4866 53189 145 14533 9286 7 32 7112 1330 284 4 3 62708 33194 7 11772 8 110087 5898 35 33 35 11773 4 24880 4 211226 4 323 15215 4 274 33 13 22462 4 15 796 4 3 1945 6 1018 3 5024 25 9 392 1204 397 5
11772 16 9 7 3 43826 857 13 9286 7 9 197 7 4538 47 3316 22 1691 4213 6950 7 544 2506 5
17 67 29132 7 9 17686 31 53 2778 37612 3695 5
1532 4 80 236 6 1605 9 9962 6652 47 16739 9 197 7 4262 4 1749 3 17686 6 198 25 9 4939 2007 164 6 9 164 10 47 9 197 7 1446 16 15251 5
66 16 543 15 3 14886 8593 35 413580 323 41262 4 8716 33 13 29 8736 76 9 2029 2030 4 3 11772 37612 53798 19389 35 33 35 4 3282 4 10183 4 34796 4 323 24784 4 11145 33 5
66 18 2042 6 4417 96 42 381 21 46333 4166 65 538 684 6 13014 358 5
81 4 9 131 164 16 3380 24 9 197 7 11580 89616 4 3 10651 7 47 16 2161 6 4301 3 392 164 5
52579 31 3380 24 3 2395 4262 5
622 3802 9286 7 94697 35 912 13 383 26 1359 6 852 3 652 5577 33 4 8 1270 912 49 1896 35 1618 20739 7 32 1753 858 8 9 23063 858 33 5
17 1753 858 45453 3 197 7 89616 13 31 1359 10 3 3979 164 125 3 23063 858 45453 3 197 7 89616 13 31 93 902 1359 8 383 26 18864 25 3 6652 7 3 164 5
273 3099 4 10 46 9962 4 3 4262 51 26 3 2586 6881 6 3 1481 4 13 16 53 198 1071 4 786 243 4 786 203 4 198 14106 4 159 11736 55 4 159 11736 124 8 159 14250 4 297 461 5
98586 503 842 143 3 786 243 3802 16 30557 10 5
273 9 696 6 398 25 787 79 35 3380 10 3 946 24 3 12911 33 6 787 2636 35 3380 24 3 12911 33 4 23 16 1622 13 3 696 35 3380 24 3 12911 88 696 33 18 10 787 79 10 3 74 254 35 3380 24 3 161523 35 88 9421 88 8416 33 8 54 18976 3 652 4 3 696 36 26 10 787 2636 35 3380 24 3 161523 35 88 9421 88 5024 33 8 3475 3 696 16 34 6360 10 787 79 4 13 16 4 80 27 3 23063 1102 35 34 35 88 9421 8416 33 33 5
1471 533 1990 7 317 16 143 3 523 2940 31 3797 5
145 2125 7 317 86 1079 25 488219 7 3 589 4434 35 171463 5
57 787 16 15 3 7 184 787 33 6 3 1332 589 4434 5
622 946 7 32 3802 10 98586 503 5
622 946 7 32 3802 10 5
145 317 16 197 24 2586 317727 5
81 46 267 4 80 27 220 35 15 243 88 8416 88 5024 33 6 3001 13 3 5024 787 16 15 3 243 7 3 8416 5
2778 23179 5
66 16 962 10 970 7 9 197 7 684 8 1446 5
1526 684 31 3380 24 9 11580 6363 31291 9 983 14 47 57 16 1147 14 9 2104 5
14983 164 5
81 1330 4 57 29 6 10807 3 1204 983 7 3 5208 565 5
81 129 2673 4 9 785 2007 164 51 26 3 2940 10 3 4926 114 3 1481 37 31 580 14 883 1548 49 2043 2940 31 2852 5
81 98586 500 80 71 196 13 3 317727 7880 6 3 2007 164 31 21804 10 3 197 53 5
238 2007 164 80 27 3 5595 148 3 523 2940 35 79022 5
35 15 243 33 4 35 15 203 33 33 25 70 3 537 8249 5
1949 10 46 176 7 3 3359 4 80 3001 3 3459 7 3 523 1481 2809 10 3 4926 35 79022 5
35 33 33 5
622 946 7 9 565 10 98586 500 5
622 946 7 9 565 10 5
16922 5
158 31 477 4129 21 20297 14 9 342 5
158 4301 96 31 1109 1408 14141 54 3 5577 7 3 342 53 79022 5
31291 3 2329 13 31 13228 6 26 1359 22 3 194 7 3 2104 7 3 565 5
81 46 2673 4 57 733 86 26 13 290 4650 8144 6 3 3467 2043 787 5
81 98586 500 80 27 4939 108 1446 21804 10 3 197 53 733 5
81 46 946 70 7 3 1481 144 3773 6 7844 503 5
4036 192 29132 4 3 17686 1708 9 2104 14484 7 32 1433 9149 7 6881 14 290 4650 4 37 36 1018 3 13228 787 392 9 1654 2007 2737 5
17 4866 53189 16 59 1479 14 22594 70 3 317 663 25 3 29153 3550 8 25318 23 76 3 8593 666 24 3 17686 4 10 678 6 581 9 342 5
66 59 7414 13 3 1481 12730 3 358 21 230 5
8616 4 3 4650 36 26 7737 21 117 400 21 1622 285 70 3 19510 31 6383 5
631 3 1481 31 464 6 384 3 3467 787 4 43 71 128 7122 5
208 13 16 3 267 4 46 14533 36 7367 23 8 23 36 581 48 5050 6881 4 24 1492 3 17686 8 7470 9 84 16673 342 14 3 4650 5
17 7112 4112 284 15 260 7 3 17686 36 1970 92 3 1896 7 3 1945 31 6383 5
208 120 7 91 16 2915 4 3 284 36 3855 9 84 342 25 3 2755 827 7 3 4650 4 174069 16 2118 24 3 317 25 3 29153 3550 5
17 4650 36 26 3696 10 3 2795 152 4 79022 5
137 3 13645 6136 5
9049 4 46 14533 36 10456 3 342 1252 24 3 17686 8 1518 23 6 3 151988 53189 5
17 4866 53189 59 7162 47 2424 29 6 2399 3 1229 5
1113 3 184630 16 9 396 589 4 23 5497 3 2370 912 14 2279 3 284 4 50 7579 4 24722 8 628 2137 5
1738 1646 4 19 180 20422 1481 8 17246 1548 4 16 396 385 6 422 9 1574 5932 10119 4 44 23 16 4783 6 960 3 284 1212 5
17 4926 17136 35 1595 10 98586 249 33 29 763 3 5932 7 3 284 5
9049 4 3 206 5871 7 3 4926 2582 8 570 18 59 9 629 397 6 5339 46 4926 14 3 9345 8557 7 129 284 5
81 678 6 8612 3 628 6625 284 8 6 960 3 1586 4 80 2816 628 14 57 122 8 10637 3 522 5
134 220 46 628 6 4018 3 523 19266 8 240 3 5615 7 46 2104 5
134 27 3883 628 10 108 5867 3351 53 249 5
5898 8557 5
81 46 5867 80 8871 3 3656 9842 7 3 284 8 50 2168 6 18686 2633 9109 137 3 523 29153 8423 5
273 46 960 4 3 36978 4 6437 19 29153 2361 4 1198 307 400 137 290 29153 6926 8 153 14580 3 243 1315 7 3 284 15826 3 18243 5
364 533 670 80 5291 4 10 46 74 960 4 18 3 1175 7 3 29153 8423 6 7367 67 523 15789 2674 460 22 3 216 89 356 3 216 7067 5
134 170 13 92 67 15789 1042 177 408 10 89 3 29153 20035 16 34 3682 7 12681 57 25 3 83 49 141 23 340 34 4517 57 7 189 5
659 3434 3 3033 8960 148 67 15789 6 26 7947 16 32 533 492 13 383 26 4605 10 3 426 5
1471 533 5890 16 3 267 65 9 4650 5211 14820 100 10 3 1559 7 9 29153 6926 5
81 46 983 3 284 36 3855 9 11065 3154 7 11826 5300 4 10 13 267 4 32 1712 86 26 423 3 5954 7 628 54 9 1087 221 7 101268 5
527 4 3 104 533 565 20521 65 9 97 6865 3191 4 276 5964 4 137 9 29153 6926 10 133 32 12602 13 3 12190 857 3154 356 3 6865 6221 16 95 396 13 23 29 93 385 536 6 371 9 43385 5842 1070 5
145 1236 16 177 841 6 2703 92 80 97 231 2291 15789 8 23 770 13 90 4650 284 16764 36 26 26161 5
7448 4 104 7 3 9345 628 3883 10 46 960 42 177 16672 8 80 86 1970 3 1081 284 18 418 177 166 5
109495 521 1481 5
145 5867 18 2828 6 4697 628 25 521 1481 4 37 42 1324 8047 356 3 4926 2940 276 120 2543 11846 5
17 1481 7829 42 34 1109 5
145 152 4 80 2816 317 52 3 7512 7 290 787 24 89 4 596 7512 8 596 89 702 24 1481 10 290 787 7 3 4926 5
273 3099 4 98586 708 842 3 15183 3331 7 3 89 13 3 1481 27 702 10 290 7 3 2940 5
8071 22 3 45546 4 23 16 530 13 10 7844 249 3 1481 3130 6 948 9 902 89 10 4631 6 3 83 2940 5
349 3 8101 4 1481 10 83 2940 3130 6 948 9 825 89 5
81 1243 4 23 71 26 381 13 3 1481 4 15 596 4 948 30985 148 2591 8 6938 2106 10 24692 341 4 459 8 503 109 9793 4 3 4650 3892 16 523 10 7844 249 4 1481 87 948 3054 148 2591 8 22585 139815 145 1884 16 4547 19 3 856 604 13 3 7844 249 2053 10 3 4926 5
349 3 57 881 4 46 787 16 9 30759 57 8 70 3 2094 201 6 120 83 787 27 6 1042 137 23 6 128 40 5024 5
158 59 27 6 1042 137 23 65 43 337 2940 8 65 43 31 15 40 152 61 5
7844 249 59 29 50 209 4859 106 23 2609 3 8102 4926 4630 8 3 1548 7 614 518 5
458 13 4 117 3550 1266 32 533 1058 7 89 976 13 787 7046 5
216015 3331 19 3 89 702 24 3 1481 10 290 57 7 3 4926 2940 98586 708 5
216015 3331 19 3 89 702 24 3 1481 10 290 57 7 3 4926 2940 5
1498 46 960 90 7 3 544 7947 10 3 5898 8557 1970 42 170 5
214 16 53 67 68 2674 671 24 3 216 6926 4 9 696 201 356 3 29153 8423 19 9 783 49 15789 13 112 34 371 120 3905 106 7 50 12602 65 2674 137 3 8423 5
520 7 192 544 31 20112 44 71 26 31487 4 10 90 745 4 19 3 939 7 3 5300 392 24 3 83 17009 5
349 260 7 13 4 10 46 169 960 90 84 544 661 55 5
1203 7 91 1547 6 3 1481 3074 4 13 16 53 68 1373 40 15789 4 23341 91 49 141 68 20005 14820 40 7067 2361 5
17 1081 628 80 4697 10 46 967 16 59 177 4116 141 92 80 112 34 256 6 185 49 3929 3 1481 5
2249 22 13 397 4 80 31 488 6 1667 9 1332 4650 3074 486 70 3 89 28 29 45 22 3 4926 8 80 71 112 23 14 104 7 3 2094 10 3 5867 5
81 1243 4 70 3 628 80 5439 852 286 6 27 9 515 7 317 52 3 231 68 31 682 7 3 4926 8 185 286 6 1297 3 773 7 3 394 5
49947 521 1481 5
17 1481 4 10 46 267 4 42 7737 137 3 1678 2940 10 3 4926 5
17 689 733 7 46 5867 18 6 5548 3 4199 217660 8 50 2168 6 185 1481 6 384 40 16873 5
81 104 745 23 29 45 170 13 3 284 1252 70 3 317 666 6 1821 2094 8 842 46 317 10 3 243 2424 8 10 3 3656 89 5
527 4 46 296 5867 35 65 3 1481 27 6 12248 19 3 284 33 661 9 177 2794 644 4 13 16 53 1481 236 90 843 7 928 103 43 71 159 556 1653 7 3 284 8 231 50 523 2089 5
145 928 770 4 22 248 4 67 512 53 2505 8 1493 5
1302 593 4 3 689 3316 7 46 162 18 34 6 5237 3 4926 2094 143 6 1816 12248 19 44 80 4534 13 46 16 32 533 492 13 144 26 4605 10 3 426 5
238 946 4 80 71 3125 3 16301 7 3 197 7 12171 4 49 1478 4 6 4459 3 12602 9 4650 144 1667 65 28 1374 14 23 580 22 3 6136 5
81 614 4 10 46 296 960 4 3 3117 7 44588 49 5464 42 3 216 13 10 3 767 4003 5
1655 9 614 397 7 1069 4 65 1816 1131 4 23 1708 2319 108506 6 270 10554 6589 13 4 10 13911 1443 4 51 26 146 48 841 4 92 34 2784 4 6 3855 5
1516 533 317 16 1595 10 98586 700 5
66 4286 9 26667 3331 13 182904 3 221 7 1481 147 168 8 787 154 3 1081 122 5
17 3076 7 290 2842 10 3 3331 16 22652 6 3 221 7 1481 10 13 787 8 168 5
17 48517 7 787 14833 154 3 122 16 1624 396 4 3 221 7 1481 10 290 787 16 460 4599 5
332 3 216 89 4 80 71 196 13 7844 249 16 3 104 220 57 5
145 3331 16 59 4547 19 3 4926 9573 8 4 10 90 1065 4 11080 13 3 284 16 418 166 5
273 3099 4 23 16 530 13 945 6535 297 3 2094 7 24692 341 4 459 8 503 29 6 2408 297 3 1603 2598 30759 7844 249 4 95 13 4 46 73 787 29 6 240 2185 1051 13 3 83 108 304 5
43689 3331 3364 3 221 7 1481 147 122 4 168 4 8 787 98586 700 5
43689 3331 3364 3 221 7 1481 147 122 4 168 4 8 787 5
66 16 59 537 6 3968 9 89 507 1571 3 221 7 1481 10 290 787 5
9537 4 98586 704 2464 9 89 507 35 122 566 33 13 842 3 221 7 1481 10 290 787 5
8962 465 31 1798 1595 10 3 1868 4 8 65 3 4926 16 988 21 166 5
8077 4 80 112 34 5883 964 3272 297 3 2940 24 3 168 7 3 122 5
2897 430218 3364 3 4926 14833 24 787 98586 704 5
2897 430218 3364 3 4926 14833 24 787 5
1498 3 2279 4 3 4926 607 170 32 2794 44 30075 2673 53 23 2228 6 10680 120 1570 7067 4 11715 4 976 3 4926 5
145 2419 16 177 4116 11109 22 2157 89 65 43 27 6 259 37 4 8 114 4 149 840 10 3 4926 5
2382 14615 3 6652 7 46 2673 23 144 26 1744 13 4 10310 3 6589 891 4 7737 5690 8 4926 1481 3726 4 3 284 1708 5342 47 539 70 3 16764 7 3 2094 19 3 284 329 168 5
931 628 36 10301 9 5536 47 36 852 4 10 9 4831 2062 4 6 3434 143 3 4926 16 220 24 1691 317 52 104 220 2940 4 9858 10494 4 2168 6 902 986 465 4 8 95 15 5
134 5306 13 3 5681 7 46 317 51 34 26 537 19 4759 1443 7737 24 66442 49 83 15238 13973 5
145 1181 29 4964 3 785 8 9063 7 538 29153 718 6 1673 8 25450 3 416 998 24 11207 5
17 1589 13604 10556 3866 718 35 29153 8 33 19 43826 4538 35 6062 1330 33 6 7367 4 3929 8 4112 1481 137 3 4926 5
66 59 35023 3 650 7 27717 3 1548 49 2043 2940 3 4650 16 2274 10 5
75 3 1212 31 34 97 1574 6 1481 4 44 59 6 138 1691 3 394 4 79022 5
3 4926 607 5
473 46 284 4 45921 71 5998 3855 2033 9573 4015 4 1548 9573 89 4 32839 9573 4 4703 5
81 10028 4 628 13 31 16139 1272 24 3 12532 1898 5
17 535504 7 3 284 86 26 6804 92 23 18 5775 76 3 7117 6457 8 138365 2321 5
1655 9 5238 397 7 1069 4 90 7 3 104 533 544 170 10 3 521 5867 7 3 1443 383 6 26 3601 49 4 22 248 4 427 76 1250 10 3 426 5
214 16 53 3 3033 8960 148 67 15789 2674 137 9 29153 6926 10 678 6 7367 189 7 91 4 143 6 3521 372 628 538 3 939 7 3 558 628 4 3 4440 2633 8 3 928 7 3 1481 5
81 1243 6 96 16 962 10 46 1381 4 3 284 71 59 26 220 6 384 68 4 907 212 4 37 31 10 3 589 44 446 2737 16 4000 5
145 71 26 617 137 3 317 691 24 3 29153 8423 8 8500 13 3 696 29 19 102 3 4926 1536 19 3 29153 6865 5
1471 2673 4 13 86 26 1589 10 3 426 4 16 3 4213 8492 7 589 1481 10 267 7 32 1188 13 2818 23 5
1249 80 259 3 676 221 7 1481 8 3 2940 10 47 43 31 4 57 86 5507 9 284 6 3009 3 1627 7 68 4 7427 4 24 589 55 40 1332 8492 650 5
249 12162 5
53 9686 73657 3722 14099 109 21326 53 9686 73657 3722 3801 5
341 12162 5
53 9686 73657 340681 109 21326 53 73657 5
459 2158 53 503 17 3133 1335 14 64842 1376 64381 27143 37336 5898 14 460471 3844 10711 13 770 155609 23054