2904 484 7736 27 45 9 857 7 542 25 307 266 7 1069 150 4 297 461 4 7732 1442 8 2516 1443 5
273 4251 7736 4 3 2911 9008 3703 2362 9008 35 114666 33 29 45 845 10 117 3174 8 220 1857 5
60636 16 2209 10 46 1381 5
60636 71 26 381 21 9 197 7 2506 14 17444 3 114666 538 7732 1442 4538 5
17 3070 16 543 15 3 231 7 448659 32542 2642 6 13012 3 114666 10 9 48 5050 152 4 47 80 475 3 5
145 84 4462 36 26 220 10 67 11952 5
81 3 74 4 23 36 4764 9 200 10 129 267 4 3 2152 106984 1596 869 200 5
81 3 169 4 23 36 4764 837 136 2770 28991 6 3 106984 1596 5
17 522 31 177 3863 8 3817 13 3 60636 71 4764 3 392 200 21 9 1081 486 19 1570 869 28991 6 3 106984 1596 1291 5
187 29 45 875 518 10 421 270 951 1443 10 308 85 5
70189 484 5690 10 869 553 29 45 9 346 1236 14 1029 706 4 1044 4 7804 8 14598 35 245983 4 23963 4 323 4 280 33 5
17 869 200 16 1109 9 1695 1812 8 7039 284 19 13703 4 294303 8 9832 628 507 35 9280 4 7277 4 10558 4 323 30883 4 590 33 4 8 12146 4 841 6 1877 35 4367 323 2552 4 1422 109 6794 4 1095 33 5
527 4 10 7294 7 50 4 23 16 34 2903 6951 35 75656 323 7744 4 280 33 5
1858 4 23 16 103860 8 7039 35 4 28255 4 323 15011 4 2773 109 409023 323 1053 4 3578 33 49 1695 4093 8 5431 35 2302 323 4 911 33 5
2904 1627 16 1768 24 3 8087 7 67 3351 7 2193 35 45840 323 7277 4 274 33 53 58042 35 17905 4 11902 2362 337 148 1727 487 8 1423 1612 33 8 6951 35 17905 4 57866 2745 49 1562 1315 10887 33 5
1210 6 9280 12283 3462 5
35 590 33 4 3 542 7 3 869 200 16 9 2165 5890 4 106 92 1408 4 3 665 36 2589 6 28338 8294 5
8616 4 23 16 3081 13 7678 3 869 200 2106 1627 16 3 110288 3368 7 706 4 14598 4 8 3609 35 2552 4 911 33 5
527 4 46 200 16 2422 572 6 1506 19 120 4203 8958 35 6794 4 1095 33 5
53139 7 869 484 13422 16 9 177 841 2485 8 484 1627 37662 48 105 9 6951 1964 8 89 11264 35 15669 323 7914 4 274 33 5
527 4 10 7294 7 46 10119 4 117 2193 4 150 23150 23394 8 869 200 2911 9224 4 27 45 4861 6 27 9 1087 653 7 1877 7453 10 3 869 200 154 9 1087 566 7 89 35 20936 4 4 323 6794 4 1515 33 5
364 7 3 3648 14 46 229 1407 16 2911 2376 4 59 424 21 30322 5
1210 6 12138 4 4 43571 4 8 4065 35 1422 33 4 2068 2588 1589 3 1494 2588 28252 14 2911 2376 10 49119 31288 24 2641 8 30598 35 2773 33 48 58 9 1666 415 5
16528 2376 2062 3851 628 2867 484 8 3583 5690 7 3 869 24 538 7896 21 3 1325 4462 6 1877 426 484 5690 35 4396 4 2391 33 5
81 308 85 4 8 10 7294 7 307 2079 35 17905 4 207329 4 3401 33 4 2911 2376 29 4861 6 26 1509 14 12752 869 360 8 16 1940 2404 297 229 3285 8 8974 1470 35 323 43120 4 274 33 5
13166 6 46 3238 4 9 515 7 601 29 1169 76 3 726 7 2520 543 15 9 1079 7 7112 4011 8116 4538 72 3 73 67 1208 35 245983 12283 32330 4 280 33 5
1203 7 3 162 16 3 3109 7 4011 8116 718 8 2911 2376 10 869 2376 35 7744 4 266186 4 130759 4 323 548335 4 280 109 9280 12283 32330 4 590 33 5
4752 46 601 2826 4 10 46 1381 4 60636 16 2209 5
60636 16 9 4462 1254 6 1297 3 683 4538 220 10 951 1443 4 3677 6 3 2152 869 200 4 543 15 9 84 152 6 13012 3 3703 2362 1291 35 114666 33 24 24134 35 7458 33 5
145 3070 16 543 15 3 231 7 448659 32542 2642 6 13012 114666 10 9 48 5050 152 4 47 80 475 5
17 1381 9286 7 218 7268 8 16 10032 21 3177 5
8941 341 5152 3 4279 6854 52 2911 2376 8 50 13632 19 4011 8116 5
8941 459 15682 3 689 2000 7 60636 4 150 3 25147 1506 4 31660 8 6358 5
8941 503 5181 3 8557 7 3 4462 2106 773 150 9 6652 7 3 5907 4 3 5018 4 522 8 2898 5
5583 4 3 1381 3006 19 9 2898 7 601 2334 4 9705 8 14615 2932 5
2904 484 10900 538 4011 1442 4309 16 34 84 5
659 4855 3 103860 565 8 1297 869 484 8557 4 117 1296 27 1967 15 2911 2376 8 220 2410 12100 8 1897 35 6794 323 12090 4 502 33 5
6947 19 3 726 7 7732 1442 4 48 8 48 1296 690 6 1088 6062 10554 1443 6 4764 3 869 200 35 323 4 1515 33 5
35257 8116 4538 133 21 22190 8783 4 32542 2642 4 8 131804 14618 1823 104 1164 106 7 40 10612 6 3383 4046 8 5266 10 3 869 200 35 280434 323 20024 4 744 33 5
527 4 377 4011 8116 71 3999 1128 3 969 7 6951 2193 4 17882 628 31 95 5344 13 43 141 10779 9322 14027 22 90 89 35 13754 4 3578 33 5
980 10 5719 4 32542 2642 27 59 343 32 533 5018 14 869 200 10900 106 7 40 1175 6 293 19 5344 4 22190 4 49 9482 628 13 34238 3665 10 177 814 4736 7 89 35 4 3728 33 5
10526 4 32542 2642 31 488 6 55320 103860 89 507 628 13 11435 4301 3 10777 7 3 869 553 35 13115 4 20024 4 323 232169 4 2391 33 4 8 71 26 3677 6 1678 1812 229 553 1752 35 16253 4 359 33 5
8616 4 495 8 229 1938 31 5224 2311 10 3 726 7 32542 992 2520 8 27 574 6 8117 91 10 3 229 951 6218 5
1700 1175 6 1849 25 3 271 8 1657 9 48015 1506 6 1877 426 360 4 2558 6 12874 4867 8 2911 2376 76 9 11249 1506 8 1175 6 8744 232 6 200 912 31 90 7 3 689 1809 14 40 4084 35 245983 12283 32330 4 280 33 5
546 35 4973 33 18 3 74 6 231 32542 2642 14 200 11249 10 3 411 3134 5
81 3 261 2661 4 4 472094 4 72074 4 8 453031 35 3728 33 220 307 2854 27964 8 10900 4309 6 1800 9 10900 284 14 3 3231 2904 1981 7991 5458 5
62067 8 35 3824 33 2164 3 55906 7 1570 2642 538 326529 4262 6 1657 9 197 7 7539 954 5
1516 7732 32542 992 6599 71 26 170 10 1678 3174 25 13 1352 35 17905 4 29942 323 4 3578 109 5625 323 68007 4 2773 109 173295 4 3495 109 59726 4 214430 4 323 4 3495 109 323 122023 4 4164 109 17713 4 43612 4 323 195665 4 2804 109 4 2391 109 43693 323 208108 4 3952 33 5
1210 6 15669 8 7914 35 274 33 4 658 4 192 2520 27 40 9705 13926 6 3 6830 5266 8 1812 551954 7 869 484 628 4 8 10310 4 3 11036 7 628 1010 8 3 9796 23394 142 59 11193 19 290 83 5
10087 4 10 3 74 1352 7 3 5647 1666 4 1678 2062 538 49894 27 45 1589 10 3 3547 7 11249 869 11335 35 15669 4 7914 4 14879 4 24290 4 323 36355 4 280 109 323 43120 4 274 109 7744 323 44883 4 911 109 7744 4 44883 4 323 4 1095 109 43120 323 4 744 109 28724 4 911 109 1604 323 7744 4 1422 109 1604 323 75656 4 1422 109 12138 4 40169 4 323 4 744 109 323 43120 4 911 109 13115 4 6793 4 323 20024 4 1515 33 5
17 3238 7 454 4525 10 4011 8116 420 6 307 3174 5446 6 11249 869 11335 538 4538 133 21 270 60401 4081 35 17905 4 75656 323 7744 4 280 109 18150 4 445628 4 323 6794 4 744 109 2552 4 1095 109 98456 323 14879 4 744 109 9280 12283 32330 4 590 33 4 22190 1443 35 17905 4 15669 323 7914 4 274 109 15669 4 6794 4 323 7914 4 359 109 18150 323 15152 4 744 109 6794 4 1095 33 4 4624 27964 35 17905 4 7744 12283 32330 4 280 109 4367 4 2552 4 323 27485 4 744 109 4367 4 2552 4 27485 4 323 1604 4 502 109 223508 4 22739 4 323 108487 4 911 33 8 3196 4309 35 17905 4 4 222466 4 323 4 744 109 4 4 323 4 1422 109 8169 4 50487 4 323 4 359 109 47929 323 7108 4 359 109 12138 4 43571 4 323 91606 4 1422 33 5
238 4216 103 4 3 60636 35 340997 12811 5898 14 8061 33 16 543 15 3 231 7 32 2069 1185 7 3 114666 4 57 7 3 557 2911 2376 11335 5
17 114666 21 9 176 7 5471 11129 8 26325 16 7081 1379 10 4011 8116 601 35 17905 4 15669 323 7914 4 274 109 15669 12283 32330 4 280 109 4 20024 4 323 1889 335419 4 280 109 75656 323 7744 4 280 109 2552 4 911 109 36260 4 24290 4 18150 4 323 15669 4 280 109 20986 4 1604 4 323 75656 4 280 109 245983 12283 32330 4 280 109 20024 4 195912 4 323 103928 4 274 109 13115 323 13213 4 280 33 5
527 4 538 4011 8116 4309 10 587 11129 16 9 601 2485 19 93 1892 10 3 6854 5
81 46 1381 16 1273 60636 4 9 284 13 2527 9 48015 448659 32542 992 6 3030 2069 114666 11129 5
17 867 7 3 284 1589 10 3 60636 16 6 1000 9 951 284 543 15 4867 49 324692 2376 5
434192 4 3 689 867 16 6 231 57 7 3 104 220 229 9224 4 13563 4 3 114666 5
238 962 103 4 3 114666 16 9 229 2911 2376 4050 161648 9365 3 28321 8 7060 7 48378 484 1627 24 9901 9907 8 8369 408 6 408 5690 5
43076 1170 3 489 7 3 828 49 705 10 869 360 5
1554 3 4050 1723 10 3 55 2586 4 49 16 3 4050 1723 10 3 124 2586 5
187 31 307 1225 6 13012 46 9008 4 8 23 5473 15 289 63 256 6 13012 9 1966 114666 49 29776 114666 26325 5
17 13571 7 3 114666 16 962 21 3177 53 273 290 168 4 32 9907 337 35 15850 33 49 8369 337 35 2482 33 16 7154 5
3974 222 31 12072 24 3 1562 408 110 568 58 793 2106 1562 408 4 79022 5
53 26480 4 9 124 168 16 12072 24 3 408 110 798 58 3 767 168 2106 35 1963 13 2482 16 9793 9 1432 221 33 208 298 2106 408 16 3 216 21 793 2106 4 189 15850 8 2482 31 4568 5
622 596 14 15850 16 7154 19 32 46279 1324 596 35 60614 33 538 9 392 9424 222 42146 2916 4 8 18684 14 5486 17 5514 7 138 14407 16 3 3703 2362 53 145 16 4902 6 9 3703 2362 1291 148 6494 8 577 53 145 871 16 3 629 857 220 10 3 284 5
24134 35 7458 33 2203 13 3 104 5050 871 14 871 6517 6 13012 3 282 114666 16 685 106 23 18 347 7 3 11681 4165 5
527 4 4808 15 3 200 4 3 136 8 83 2193 4 3 871 685 16 34 535 3 282 871 6 13012 3 114666 5
273 46 1033 4 129 74 768 15 46 5890 873 6 13012 9 333 871 14 6517 10 678 6 13012 333 114666 2770 13 2228 14 363 48 5314 2472 5
7448 4 129 601 842 13 17444 3 871 6517 19 3 32542 992 1217 155 34 371 21 206 522 21 17444 32 114666 871 1752 35 2921 10 3 8557 2124 33 5
473 3 3644 7 3096 46 871 4 3 60636 284 18 1146 5
81 46 1381 4 3 60636 16 962 5
66 16 9 284 3682 7 7678 114666 2770 14 9 4097 200 1016 7 14 9 4097 136 5
17 689 867 16 6 690 6 4764 200 3074 4 108013 4 114666 3074 35 21 9 2137 7 291 33 8 512161 14 9 4097 136 538 90 13760 2193 5
98586 249 842 3 614 6358 7 3 284 5
5898 6358 98586 249 5
5898 6358 5
81 3 508 7268 4 70 3 19266 2209 10 3 6358 36 26 2921 5
133951 992 14533 17 32542 992 14533 16 1479 14 1691 3 114666 2770 13 36 26 220 6 1865 92 32 3469 144 3537 10 9 1087 136 5
98586 341 842 3 8593 35 538 1586 33 7 3 32542 992 13 18 220 10 3 380 1185 7 3 284 5
74691 7 3 992 98586 341 5
74691 7 3 992 5
17 992 220 16 9 48015 448659 992 35 323 4 1095 33 5
262707 448659 2642 31 9 856 267 7 156936 133 13 5595 71 3278 72 57 49 48 10746 5
81 3695 4 32 106153 71 4855 120 565 13 9 48015 448659 992 71 4855 5
81 1407 4 658 4 3 48015 448659 2642 477 4855 3 565 146 48 11076 35 12670 4 2391 33 5
17 1653 7 3 48015 104750 992 16 10 50 1175 6 864 1715 850 24 27158 10746 5
17 665 16 13 3 928 7 3 10746 2211 6 3 9796 2742 146 48 4213 5
98586 459 842 3 2981 7 46 843 7 992 5
74691 7 9 48015 448659 992 98586 459 5
74691 7 9 48015 448659 992 5
804 4 3 21365 7 3 992 220 36 26 1595 5
81 74 254 4 3 9796 2770 7 3 992 31 1595 10 20498 249 5
20498 249 5
3673 9796 2770 5
84181 2770 136342 652 871 19241 7 3 200 14 9 4097 168 114666 35 782 33 148118 7 114666 871 538 6517 3082 782 114666 35 685 33 148118 7 114666 871 538 6517 3082 685 114666 35 306 33 148118 7 114666 871 538 6517 3082 306 114666 19547 148118 7 19547 114666 538 191244 5230 8 13571 31 1595 10 8941 5347 5
1655 3 1431 4 24134 35 7458 33 12966 3 231 7 685 21 3 19547 221 7 222 6 231 3 114666 5
527 4 4831 3174 4400 3 2177 7 538 9 523 89 12634 5
159062 35 3952 33 2653 61 13 2571 3 566 7 222 144 26 1109 4808 15 289 63 31 580 14 9 4251 49 1739 10900 5
12502 4 28 12966 538 836 222 14 177 4251 7736 8 985 222 14 9 902 566 5
7448 4 10 1407 4 902 4736 31 220 3684 4 95 4888 961 6 231 306 222 21 9 3890 902 566 5
17 151438 7 3 992 220 18 3868 76 32 9796 9419 4 57 4438 9419 8 32 3354 9419 5
20498 341 842 3 23791 197 6 290 9419 5
20498 341 5
3673 151438 2770 5
59434 84181 23791 37442 23791 121867 4859 84181 500 409 35 459 19237 4 249 6336 2800 33 26406 409 183 37442 183 249 74115 273 440 70 544 4 57 4438 9419 16 4783 5
901 4438 10746 31 1272 14 17241 628 19 198134 5
6832 67 4438 10746 3691 11657 3 1506 4 8 23 142 4556 9 1370 552 7 38326 6 9 325 244038 5
187 16 93 18423 1033 14 538 48 58 67 4438 10746 35 4 4540 33 5
145 16 3 1033 6 197 221 7 4438 10746 6 57 5
364 7 3 104 533 10777 7 9 992 16 3 221 7 23791 10 3 4438 9419 35 2106 33 5
208 32 7722 221 7 23791 31 220 4 3 992 36 26 2051 6 1506 1812 628 4 8 3 3979 2338 36 26 1024 5
208 215 117 23791 31 220 4 3 928 89 142 343 23069 241 4 8 4 1734 4 3 992 142 3 628 5
355 8887 4 3 992 36 1224 6 1506 6951 5266 10 3 628 5
17 665 16 13 3 1506 9346 3 928 628 2422 166 4 44 23 337892 6698 6 84 4 19041 628 5
187 31 117 306883 4309 14 9409 3 4007 221 7 23791 6 231 10 3 4438 10746 35 120242 4 199355 4 323 104220 4 3578 33 4 133 21 3 508 53 2778 17 221 7 4438 23791 144 26 148 3 1646 7 3 9796 9419 8 3 1646 7 3 3354 9419 5
2778 17 221 7 4438 23791 144 26 3 1646 7 3 9796 9419 4 2288 3 1646 7 3 3354 9419 5
2778 17 221 7 4438 23791 144 26 287 58 1429 3 1646 7 3 9796 9419 5
7448 4 3 221 7 23791 13 3434 46 843 7 954 340 34 581 206 522 5
273 46 1033 4 54 2279 90 38060 4 3 221 7 23791 2203 18 13 1595 10 1870 5
79 3848 32542 992 250 27 9 847 7 3674 17509 446 2770 383 26 170 6 1657 32 19547 2104 5
208 32542 2642 42 27728 2520 105 27728 56018 4 23 51 26 1369 6 384 3 19547 197 7 17509 5
527 4 3 3354 7 9 32542 992 21 9 4859 7 3 29132 16 477 1695 103860 109 46 754 3 27708 650 1812 5
273 46 1033 4 3 25646 30110 4859 29 45 220 5
17 30110 4859 1595 10 20498 341 16 4 10 644 4 32 9796 9419 220 65 5447 49668 19348 5
145 2228 3 49668 3905 6 26 2209 1752 6 3 992 276 445498 49 87930 5
17 2900 2981 16 1148 25 9 799 1042 13720 19 9 7283 22 64399 3082 35 249 115998 15441 33 4 979 24 9 27580 7 9273 70 1042 7410 5
145 1708 9 172930 2900 7 3 9796 3905 2106 271 5
25421 13 3 292078 7121 9 60401 7 29132 5
12502 4 3 34427 9 60401 2900 2981 5
17 2900 5719 16 3628 6 4 114 9273 16 3 221 7 19237 8 16 3 85612 5
17 85612 16 6227 24 3 292078 2106 2059 60401 4 79022 5
5
145 2228 290 27891 6 27 50 209 85612 4 290 7 47 71 26 9888 5
17 2800 148 19237 4 9575 4 16 32 23631 96734 7 3 6825 5
32690 121867 89969 53 17 4859 4 59 424 21 3 55853 105487 4859 4 16 1867 21 53 17 30110 5018 36 26 5543 3 5806 7 3 9796 5897 8 2205 17509 5
145 5806 36 26 3876 6 21 28825 5
17 30110 5018 1122 2696 3 55853 105487 7 28825 5
17 55853 105487 8515 5018 36 26 9 1079 7 1051 189 1370 58 8 287 58 4568 5
17 9124 30110 4859 16 21 3177 53 17 928 31660 18 220 6 1649 3 992 5
66 18 74 962 24 8 43536 35 5981 33 109 23 18 3 74 5238 5018 14 928 32542 2642 5
17 1494 4644 220 3 66590 10529 31660 6 8743 3 17509 1189 23462 538 3 66590 5
2249 7 46 586 4 3 1043 49 16 477 220 6 60121 9 32542 992 928 31660 538 66590 10529 21 3 2669 31660 5
214 16 3999 7845 121 12807 71966 7 3768 317 137 3 992 16 220 24 440 70 928 27964 4 90 7 47 31 146 333 58 66590 10529 5
538 66590 10529 477 137325 177 3827 49 34 22 70 5
349 8587 544 4 50 1028 5473 15 4650 14644 2854 489 8 4050 19393 5
187 16 93 6062 152 6 5339 192 19393 4 8 92 12340 2770 31 14644 4 3 23462 142 26 24998 2063 4 49 23 142 34 26518 22 70 5
631 19 66590 10529 16 149 220 10 117 32542 992 1190 4 23 16 93 902 1109 6 26 3 282 49 5052 31660 5
238 14 3 4050 4 23 738 6 26 20 13 23 16 849 3 104 974 4159 7 3 31660 109 23 16 572 6 384 745 114 46 16 34 220 35 15152 323 7744 4 3495 33 5
473 4050 15441 4 3 2059 4219 22 9 392 89 9575 2742 53 114 15441 16 9 84 391 96734 47 383 26 2118 24 794 8 3768 5
43076 1122 3859 9 7468 15441 7 3 767 2059 4219 6 3 498 57 5
355 3 66590 4063 5193 10 3 216 2586 4 46 36 474 3 1646 7 3 1959 351 1537 3 3033 5
66 16 3475 477 1622 6 1128 3 391 2854 489 65 538 9 515 7 4050 35 15441 408 6 249 33 5
17 4050 871 2442 19 3 10746 7 3 2642 18 1435 197 6 8642 5
100234 3 928 2770 220 10 3 992 31 1595 10 20498 459 53 20498 459 5
3673 928 2770 5
11292 7 9796 628 3807 25017 12266 35 6117 697 11243 7 229 628 33 302 202 7 84181 628 183 202 7 84181 628 17 221 7 129759 6 1649 3 992 18 197 6 2667 4 7601 13 3 992 383 737 2854 54 1317 129759 276 3070 10 2858 25017 35 27609 323 4247 4 5810 33 3768 5
98586 503 842 3 2854 11963 13 71 26 381 65 3 992 2854 2179 6 9227 5
12586 11963 98586 503 5
12586 11963 5
8061 284 17 951 284 7 60636 6358 16 3 176 10 886 7 15826 3 665 392 24 3 32542 992 14533 5
355 9 5433 16 115 6 3 60636 284 4 23 1141 3 498 2770 7 3 200 8 754 9 25692 6 3 32542 992 5
66 16 533 6 12680 13 10 46 267 3 7736 115 24 3 284 2498 97 3 200 8 34 6 9 4097 136 5
527 4 10 3 191244 2124 4 90 13760 2770 36 26 1595 10 678 6 196 13 23 16 537 6 8744 3 191244 5018 6 132 7736 1752 52 3 291 5
7448 4 46 13652 29 97 45 2870 1752 427 3 114666 7 3 191244 1016 7 928 9 32542 992 5
17 2376 115 24 3 951 284 16 1906 5
66 1141 3 871 392 24 3 32542 992 35 114666 33 8 9670 23 19 67 3638 2770 5
2778 208 3 114666 871 16 568 58 1551 3 421 13 3 951 284 36 462 16 9 1005 3905 5
145 871 71 26 9888 8 10 90 745 3 871 36 26 197 6 2715 1016 7 1551 5
2778 208 3 114666 871 16 798 58 306 3 421 13 3 951 284 36 462 16 9 736 3905 5
145 871 71 26 9888 8 10 90 745 3 871 36 26 197 6 1596 1016 7 306 5
12487 4 24134 12966 1994 3 2770 7 798 8 1370 19277 6 306 8 1551 5
527 4 23 16 1966 13 1151 10992 3 9980 7 3 9008 8 389779 40 7736 6 2770 716 8 1054 5
238 133 4 80 36 236 6 12262 3 9980 29540 4 95 80 36 236 6 1384 3 2770 1596 8 2715 6 398 850 20400 8 736 8 1005 5300 5
7337 891 14533 17 628 891 14533 10 46 267 97 4286 9 11933 14533 226 15628 5
145 16 3 176 7 3 284 10 886 7 9863 3 628 1622 6 162 19 3 284 5
81 46 176 80 31 201 6 4459 67 2757 7 2770 1622 14 3 284 5
17 74 197 9965 6 3 267 65 80 31 7678 97 200 2770 8 80 31 34 10 9 4097 136 5
17 169 197 9965 6 3 267 65 80 256 6 4764 2770 14 9 4097 136 4 95 4 523 2770 31 666 5
17 2770 1622 14 3 284 65 80 31 951 15 3 200 31 3 508 53 2778 19241 7 3 200 5
2778 21674 7 3 871 5
17 2770 1622 14 3 284 65 80 31 951 15 9 4097 136 7 3 4707 31 3 508 53 2778 19241 7 3 200 5
2778 19241 7 3 136 5
2778 21674 7 3 2770 5
17 97 1884 148 3 67 5066 7 951 1443 16 9 837 871 13 2464 3 871 7 3 652 5
931 31 3 689 2770 13 3 284 738 5
1516 2770 666 36 26 7154 24 3 284 25 192 2770 5
17 628 220 10 3 284 71 26 3455 25 117 523 526 1543 105 2739 3956 4 3 3590 2904 1981 35 4707 33 4 17 1743 778 4 476 49 1246 3956 4 297 461 5
214 16 524 87 16 97 9 11933 14533 226 15628 106 80 97 236 6 1125 628 8 650 23 5
114666 739 8 15165 17 114666 739 8 15165 16 3 14533 10 886 7 3032 8 7470 3 114666 2770 5
17 2020 7 192 2770 3177 3 17315 10869 3915 22 3 1431 7 8941 459 5
145 14533 36 13012 114666 35 6517 33 2770 114 6517 36 26 148 500 8 1596 35 189 848 33 8 13 36 26 220 6 1649 3 992 49 6 25692 23 5
527 4 87 16 184 114666 13571 13 144 26 115 53 80264 114666 5
187 31 67 1225 6 13012 80264 114666 5
2778 80264 114666 14 4707 35 33 10900 53 17 13571 16 1252 24 3 191244 4859 35 196 3 161 2124 33 5
2778 80264 114666 14 933 35 33 10900 53 81 3 5114 7 136 10900 80264 114666 2020 29 67 1225 6 13012 3 871 5
9450 80264 114666 19 720 23903 53 17 13571 7 3 114666 19 3 191244 16 115 427 76 1250 3 2770 13 1945 27 10 3 1081 566 276 120 13652 4 95 6009 7154 31 34 7545 8 3 114666 25 3 168 103 8 3 498 168 36 535 26 220 276 427 76 1250 767 5
6172 3 161 2124 6 196 3 6363 5
9450 80264 114666 19 23903 53 81 46 267 4 3 4644 16 3 216 44 63 353 22 9 4097 1294 10 3 271 35 500 85 4 14 946 33 8 31 7154 427 3 767 7154 21 9 4249 8 3934 9 2900 7 91 5
6172 3 161 2124 6 196 3 6363 5
191244 14533 17 191244 14533 16 10 886 7 3032 3 523 26325 13 581 3 191244 220 6 3855 3 19547 2770 14 3 114666 9008 5
238 18 3915 10 3 767 2124 4 87 16 48 58 57 152 6 13012 3 80264 114666 871 5
80264 114666 14 4707 35 33 10900 17 6363 7 46 191244 16 3 508 53 114 53 2778 2464 3 498 871 7 3 200 15 3 498 1294 5
2778 35353 16 9 13760 96734 197 6 5
2778 50624 16 9 13760 96734 197 6 5
2778 45787 16 9 13760 96734 197 6 5
17 6363 29 45 3455 538 11245 4538 3677 6 3 23394 694 10 3 650 5
434192 4 9 27728 56018 6 9439 3 114666 2770 19 869 200 2157 2770 29 45 617 5
659 26 488 6 4697 3 537 2770 7 3 114666 3455 10 4859 7 3 221 7 222 220 14 40 4 9 676 7 306 27728 245747 39 45 617 5
3194 7 192 245747 2527 9 523 871 7 3 114666 65 7154 1010 19 523 89 20587 5
434192 4 23 18 805 13 3 221 7 222 220 10 3 34238 148 500 8 1596 5
17 1033 16 6 4697 70 3 537 2770 220 4 106 23 16 34 1966 13 1151 231 4736 525 7 46 1079 5
3194 7 3 27728 245747 7154 1038 9 96734 226 38003 35 249 33 6 1297 3 34520 7 3 1506 5
2491 522 27 45 3455 4 3 2520 13 155 34 11922 3 508 211884 42 14386 53 2778 520 7 3 1216 23394 31 34 17281 964 14 6617 3 3074 7 3 6325 12911 5
2778 17 13300 7 1081 269103 7 3 1506 16 4568 5
2778 17 16577 7 2338 16 34 206 385 5
81 46 1065 4 3 2520 13 71 34 2565 9 2628 202 7 3 13422 7 3 6325 12911 31 1109 34 7716 5
2778 17 1506 6274 5
2778 17 1506 6274 5
5583 4 10 4859 7 3 3915 4 3 2520 13 539 3 114666 7154 19 20587 7 222 16108 6 500 4 183 4 403 4 1227 4 306 8 1596 27 45 14386 5
473 3 939 7 3 2520 4 80 6899 6 13012 9 2665 14392 13 16 50 32689 1153 4 95 13 3 3979 191244 16 3 104 3890 871 7 70 3 7716 7154 2520 5
80264 114666 14 933 35 33 10900 81 46 267 4 87 31 67 1225 6 13012 3 114666 871 5
80264 114666 19 720 23903 17 6363 7 46 191244 16 3 508 35 2921 10 307 1959 33 53 114 53 2778 2464 3 871 7 3 200 298 5
2778 2464 3 871 7 3 200 793 5
2778 2464 3 871 7 3 136 298 5
2778 2464 3 871 7 3 136 793 5
2778 35353 16 9 13760 96734 197 6 5
2778 50624 16 9 13760 96734 197 6 5
2778 45787 16 9 13760 96734 197 6 5
17 6363 16 543 15 3 27728 56018 2921 1321 35 3 19393 35353 4 50624 8 50624 31 3 216 33 5
145 56018 1141 3 2770 13 3 114666 36 159 10 4859 7 3 869 200 2157 871 5
17 3644 7 46 191244 16 13 23 71 26 3677 6 120 136 3345 15 3 5
659 132 13 537 4 9 2916 16 3677 6 3 114666 871 7 3 168 103 3 168 13 80 31 10679 4 47 2228 286 6 4498 9 665 14 9 4097 136 5
17 13571 2179 25 3 114666 7 3 25 3 767 168 4 6 6229 13012 3 1884 148 46 114666 8 3 114666 7 3 498 168 5
659 13 1884 4 9 85612 13 6154 3 7488 148 3 498 9980 7 3 8 3 1109 652 36 26 3677 81 120 267 4 3 13571 7 3 114666 14 9 4097 652 10 3 498 168 36 535 353 10 3 871 7 3 114666 7 3 15 3 767 168 106 23 340 34 1176 2900 5
80264 114666 19 23903 17 6363 7 46 191244 16 3 508 35 2921 10 307 1959 33 53 114 53 2778 2464 3 871 7 3 200 298 5
2778 2464 3 871 7 3 200 793 5
2778 2464 3 871 7 3 136 298 5
2778 2464 3 871 7 3 136 793 5
2778 2464 3 871 7 3 114666 7 3 200 793 5
2778 35353 16 9 13760 96734 197 6 5
2778 50624 16 9 13760 96734 197 6 5
2778 45787 16 9 13760 96734 197 6 5
208 3 871 16 3435 4 3 871 16 7154 19 3 508 6363 35 65 3 19547 114666 19 2900 650 2179 4 3 74 871 7 36 34 4447 4 8 14 46 1033 738 6 26 7154 33 5
66 16 3 216 13571 13 18 2921 10 3 1506 276 2900 19 3 97 1884 13 4 10 46 267 4 14 3 7 3 114666 7 9 4097 136 15 3 498 168 4 23 36 353 25 3 871 7 3 114666 14 13 4097 136 3 767 168 1016 7 1204 19 3 114666 5
17 1033 14 46 337 16 106 10 46 7927 4 21 63 112 34 535 27 6 353 19 3 216 871 35 114666 7 3 168 767 6 3 498 168 33 4 290 136 36 27 32 114666 19 9 9980 34 4202 1888 19 20400 5
17 8557 7 3 284 9286 7 67 1172 53 2778 81 3 74 254 4 3 8557 7 3 32542 992 8 143 23 16 488 6 4764 36 26 12354 5
980 10 5719 4 10 46 8557 3 282 21365 7 3 32542 992 17721 6 13012 333 7736 538 16 3112 5
2778 17 169 176 7 3 8557 4 617 10 9757 341 4 9286 7 93805 3 32542 2642 19 9 1087 221 7 2770 8 6457 3 5300 13 3 114666 871 8787 35 736 49 1005 33 5
17 3316 16 6 384 61 3 8958 7 3 5
123154 249 53 12752 83538 7 3 32542 992 17 74 176 7 3 8557 7 3 284 15995 7 3 8557 7 307 32542 2642 19 523 38060 10 678 6 2401 3 57 13 661 333 522 10 970 7 683 773 5
1192 1746 17 3316 7 46 542 16 6 384 61 47 32542 992 21365 1708 333 522 14 3 60636 5
23620 32542 2642 21365 4910 36 26 2870 8 40 3354 36 26 677 19 521 2770 10 678 6 2401 3 57 13 25903 333 10900 713 5
65815 8 32542 992 38060 36 26 2828 10 3 5662 7 114666 53139 5
17 650 36 26 617 508 3 1959 21 3177 53 249 5
11686 55 9 7716 32542 2642 21365 14 114666 13571 5
15469 32542 992 17721 5
29451 522 7 329 197 55 19 9 5907 7 521 628 5
81 96 3177 9 6652 7 192 1959 16 13075 5
11686 55 7716 32542 2642 21365 14 3 114666 17 74 1092 16 6 10807 7716 32542 992 38060 5
145 16 617 232 6 192 19393 53 2778 135780 53 61452 3 10119 7 3 32542 992 5
17578 15 3 871 4 3 151438 8 2770 36 337 5
17 10119 7 3 32542 992 29 67 2770 35 799 8 6127 33 5
17578 15 290 871 4 3 32542 992 29 9 4097 151438 5
9450 12615 10119 53 17 151438 7 3 32542 992 19 799 10119 16 1595 10 20498 341 8 70 3 2770 35 30110 4859 4 2854 31660 4 4703 5 33
31 2921 10 8941 9450 40544 10119 53 17 151438 7 3 32542 992 19 6127 10119 29 67 4438 10746 1016 7 57 5
20498 503 842 3 689 21365 2770 7 46 151438 5
20498 503 5
3673 151438 2770 35 6127 10119 33 5
59434 84181 23791 37442 23791 121867 4859 84181 2131 14110 35 500 19237 4 249 6336 2800 33 26406 249 14110 459 1635 35 249 33 26406 341 459 249 1635 35 249 33 37442 249 249 74115 43076 2770 7702 25 6494 6 249 1723 6909 10 290 337 5
81 3 380 1870 7 32542 2642 114 3 522 31 1595 4 97 3 992 19 3 282 4050 871 16 1595 5
98586 500 842 3 151438 7 3 992 5
2778 11292 7 9796 19393 53 330509 3 221 7 9796 19393 35 150 13228 871 13 16 59 32 9796 871 4 44 16 34 4669 10 3 19393 4848 33 13 3 992 7121 5
2778 470655 53 330509 3 19393 392 6 3 32542 992 5
23902 19393 31 53 9450 35155 53 61452 3 652 871 7 3 200 5
9450 114666 1356 1362 53 61452 3 114666 2770 25 114666 35 6219 33 6 114666 35 12662 33 35 189 848 33 5
9450 114666 35 6219 4 4 20721 33 53 61452 114666 35 6219 33 4 114666 35 33 8 114666 35 20721 33 2770 5
9450 21323 53 61452 3 19547 114666 871 5
74691 7 3 992 19 6127 10119 98586 500 5
74691 7 3 992 19 6127 10119 5
81 3 169 254 4 8 427 76 1250 21365 19393 4 7716 32542 992 38060 31 1595 10 20498 500 53 20498 500 5
20498 7 32542 2642 220 6 4764 3 114666 5
17699 135780 5527 84181 19393 470655 12615 2131 35155 4 114666 1356 1362 12615 341 35155 12615 500 35155 4 114666 35 782 4 685 4 306 33 40544 2131 35155 4 114666 1356 1362 40544 341 35155 40544 500 35155 4 114666 35 782 4 685 4 306 33 5
15469 32542 2642 3194 32542 992 18 3559 183 400 6 1970 13 3 992 18 418 3577 5
5408 94 7 3 628 25 3 5907 18 220 14 46 2485 5
29451 522 7 329 17721 19 9 5907 7 521 628 17 4631 36 26 115 538 67 1170 53 2778 27311 5364 53 61452 3 221 35 8 2156 33 7 4007 522 9901 3 32542 992 19 521 2770 5
2778 15441 2279 5364 53 61452 3 221 35 8 2156 33 7 4007 522 150 2770 7 1493 14 114666 10900 5
79 871 7 1493 7 218 2367 7 3053 18 220 5
145 871 16 220 106 4 65 17444 3 114666 4 23 71 26 5892 13 87 16 9 312 13422 10 3 114666 2770 10 47 80 71 69554 10 9 1627 7 3 871 10 3 152 3 60636 16 7678 5
435 9863 2279 19148 8 15441 2279 19148 2770 4 3 32542 992 13 6274 333 2279 19148 8 15441 2279 5364 2770 35 568 22045 33 36 26 3112 5
40373 17 5907 18 9935 7 9 676 7 200 360 12510 6 697 85 7 869 200 360 25 3 106984 1596 35 1598 33 5
91235 19 221078 8 35 3401 33 4 1614 202 7 3 628 18 220 14 928 8 302 202 14 2858 25017 35 79771 2770 33 5
11391 8 2898 20498 708 842 522 25 70 32542 2642 2870 5
20498 708 5
20498 7 522 7 282 32542 2642 14 7678 3 114666 5
17699 135780 5527 84181 19393 470655 27311 30012 35 202 33 15441 2279 30012 35 500 119053 33 35 202 33 12615 2131 35155 4 114666 1356 1362 12615 341 35155 12615 500 35155 4 114666 35 782 4 685 4 306 33 40544 2131 35155 4 114666 1356 1362 432187 40544 341 35155 40544 500 35155 4 114666 35 782 4 685 4 306 33 17 522 240 13 3 21365 1708 3 282 522 25 3 197 10637 5
6832 3 15441 960 44024 4 3 522 240 13 3 21365 71 4764 1614 202 35 77219 745 61 7 79771 33 10 32 5050 152 4 47 16 9 177 206 1217 5
473 3 6905 7 30435 289 3 522 2209 17281 964 3272 297 32542 2642 38060 4 3 11245 5018 2376 7 48517 35 33 18 220 6 1626 61 2376 7 48517 297 600 538 3 90457 4462 5
17 653 7 11245 7444 18 197 6 27063 5
153320 18 220 10 678 6 960 14 3272 148 67 49 48 1216 600 35 10 129 267 4 288 600 33 5
17 522 7 3 960 4459 13 600 1379 964 3272 2573 24 3 11245 871 35 7168 35 79238 33 3082 4 9421 11102 93726 33 5
145 20883 14359 13 4 25 9 11245 397 7 1069 4 87 16 9 1884 297 7736 5
527 4 23 16 533 6 162 61 289 87 16 9 1884 148 3 282 10900 21365 8 521 2770 5
66 18 617 538 3 11245 5018 12016 2106 9575 960 35 4631 7 67 770 33 5
17 522 7 46 960 661 964 3272 148 521 2770 8 3 282 7736 12510 6 35 9575 35 79238 33 3082 4 9421 11102 93726 33 5
145 20883 6886 13 87 31 1225 6 1297 129 2104 883 24 333 928 49 84 17721 6300 4 742 23 6274 28355 206 522 5
81 678 6 6899 19 9757 341 4 3 32542 992 13 36 26 220 21 9 4249 14 454 2062 36 26 3 57 1013 14 50 4427 7453 7 83538 232 6 50 522 5
9757 341 53 113242 3074 7 9 32542 992 10 9 521 267 5
1192 1746 81 9757 341 4 480 3 282 32542 992 21365 35 33 16 3112 10 9757 249 4 23 16 3677 6 9 521 200 5662 10 9 392 566 7 89 5
17 3316 7 46 542 16 6 259 289 3 1273 10 46 1381 1929 333 522 58 3 4759 114666 538 685 222 21 18 1282 24 24134 35 7458 33 5
81 9757 341 4 46 5018 36 26 1744 24 5
4036 13 3 60636 71 26 3677 6 67 523 11952 4 1081 200 10900 35 3 106984 1596 4 10 46 267 33 4 8 837 136 10900 35 28991 6 3 106984 1596 33 4 87 36 26 67 689 1665 5
17 3316 7 3 74 960 16 6 6786 3 4830 14 3 106984 1596 869 200 5
17 3316 7 3 169 960 16 6 2148 13 3 71 4764 837 136 2770 28991 6 3 106984 1596 10 9 48 5050 152 677 6 5
145 4631 2828 10 2954 341 36 26 115 14 3 19 8 276 2900 35 196 58486 9371 8 5347 33 5
17 4631 5018 4 47 16 1029 6 2954 249 8 2954 341 4 16 21 3177 5
4036 9 4097 168 8 3 106984 1596 1291 35 2954 249 33 49 136 35 2954 341 33 4 3 1291 16 2828 35 8 33 5
66 11035 57 6 883 30735 49 8488 5
2491 3 652 16 2828 4 3 871 1547 6 46 1315 35 7 1423 49 1727 33 16 677 6 3 380 871 54 9 566 7 89 35 25 57 168 6 550 222 33 5
208 3 871 16 16615 19 3 10900 35 798 92 9 1005 4183 18 691 49 568 92 9 736 4183 18 2314 33 4 153 46 652 36730 9 1028 4444 14 3 5018 2436 4 10 46 267 5
17 380 1846 36 26 35 1028 884 33 126 35 676 884 33 5
40373 17 5907 220 10 46 960 15995 7 3 628 3455 10 3 566 148 591 6978 4 744 8 681 14186 4 280 4 9 676 7 79771 2770 5
273 2954 249 4 106984 1596 2770 42 220 5
273 2954 341 4 409 291 10 3 2152 869 200 35 33 42 220 4 13563 4 524221 4 33880 4 70938 4 145585 4 13455 4 66626 4 130150 4 18740 4 37567 4 35954 4 85129 4 35485 4 137906 4 46997 4 8 167765 4 3847 538 79771 2770 147 136 4 9 676 7 2770 5
11391 8 2898 5
116664 249 20498 700 842 3 522 7 3 3112 32542 992 14 10900 677 19 7678 106984 1596 3074 5
11665 10 6636 3133 10 6160 8 782 770 333 522 62456 14 3 276 2900 58 5
20498 700 5
20498 7 10900 522 538 114666 5
16773 35 202 33 35 202 33 249 1503 302308 256083 341 9518 366393 335436 459 9518 430047 242423 503 9518 500 9518 300084 494750 708 9518 300084 494750 700 9518 456419 17 522 240 9 333 773 7 3 677 6 5
766 1170 1379 568 2770 10 3 8 70 7 91 31 996 575 202 5
349 3 83 881 4 2477 7 3 1170 24 1379 1170 996 3440 202 5
10941 1028 2770 14 3 31 1379 10 500 8 708 222 4736 35 494750 202 33 5
17 74 960 2828 10 678 6 384 61 289 87 31 964 3272 148 8 3 18 9 12016 2106 9575 960 35 4631 7 67 770 33 5
17 960 18 2828 14 3 7736 115 276 427 4736 76 1250 5
17 522 7 46 960 661 964 3272 148 3 8 35 9575 35 33 3082 4 9421 11102 93726 33 5
145 20883 4 47 71 26 2093 48044 25 3 522 4 6886 13 3 16 9 333 3929 14 706 10 678 6 4764 3 106984 1596 869 200 5
54522 46 216 960 6 9906 7 7736 4 522 240 9 333 10900 21 166 21 9 964 1884 148 329 8 1808 10 329 267 5
17 169 492 16 6 384 87 31 964 3272 297 4736 21 9 1081 10 3 5
659 112 95 4 153320 18 220 10 678 6 960 14 3272 148 67 49 48 1216 600 35 10 46 267 4 550 600 33 5
17 665 7 46 960 2653 61 13 87 31 93 964 3272 297 4736 14 3 35 7168 35 33 3082 4 9421 6117 93726 33 5
145 71 26 48044 59 25 3 522 4 1571 100 5902 3272 297 3247 5
17 2673 7 32542 2642 6 869 10900 16 34 84 35 17905 4 4 4 323 4 1515 109 115423 39173 4 70167 4 200109 4 12035 4 323 60173 4 1422 109 4 493086 4 323 4 4 33 5
81 192 745 4 32542 2642 581 9 4203 6652 7 3273 484 5690 5
81 129 267 4 10 47 3 3316 16 6 1297 3 114666 4 3 522 240 32 64726 25072 7 522 677 6 5
116664 341 5583 4 80 240 3 522 7 3 10900 538 3 32542 992 35 33 9888 19 3 191244 7 114666 13571 19 8 276 2900 538 90 291 25 3 200 5
20498 704 842 3 522 7 3 2673 7 14 3467 10349 28991 6 3 106984 1596 869 200 53 20498 704 5
20498 7 10900 522 10 291 538 5
933 9788 103150 35 202 33 9788 39811 35 202 33 9788 7557 35 202 33 9788 90289 35 202 33 9788 128833 35 202 33 9788 392926 35 202 33 9788 325336 35 202 33 524221 483764 494081 294416 552276 388010 33880 253945 351245 203368 434347 522395 434347 455552 70938 422777 508312 475380 422777 315106 371872 504473 145585 256283 323763 266118 266118 528271 528271 13455 323725 126254 337348 326366 337348 283711 283711 66626 508990 338763 362536 298698 130150 298896 405671 291098 265715 311096 246536 288370 18740 436289 524416 425904 311811 232609 302542 379381 37567 373686 373686 410175 324552 376345 35954 441425 431480 436099 255920 354258 287165 85129 267714 548878 336886 360750 209228 409154 515442 35485 363216 187768 346318 306754 331348 126254 137906 320756 303647 235667 455552 474977 310789 367203 46997 326090 473142 449751 304175 267289 267289 267289 167765 331380 429971 429971 263965 307497 263965 261757 20498 782 842 522 7 3 2673 7 3 276 2900 538 5
20498 782 5
20498 7 10900 522 10 291 538 3 276 2900 5
933 9788 103150 35 202 33 9788 39811 35 202 33 9788 7557 35 202 33 9788 90289 35 202 33 9788 128833 35 202 33 9788 392926 35 202 33 9788 325336 35 202 33 524221 218398 317880 238482 317880 278500 317880 421427 33880 519437 233249 336886 332691 326221 379357 243234 70938 292861 311332 297233 464945 496355 410174 387724 145585 415188 341153 486538 426089 489555 346909 13455 379357 311332 389127 439929 549675 439929 300882 66626 337348 270214 434858 130150 313143 263379 316445 354258 316445 18740 238482 238482 341423 362511 262722 204444 354983 37567 445648 431090 232161 232161 339219 431090 245722 35954 256083 274434 418052 353149 379358 427857 85129 308516 446562 35485 323584 497434 212367 212367 494079 494079 323584 137906 377315 295886 335436 355651 46997 325050 264777 239486 194421 271957 271957 391725 167765 411774 355927 484253 282858 341153 270214 20498 183 842 522 7 3 2673 7 3 19 2900 538 5
11665 10 6636 3133 1153 333 522 14 3 276 2900 58 5
20498 183 5
20498 7 10900 522 10 291 538 3 19 2900 5
933 9788 103150 35 202 33 9788 39811 35 202 33 9788 7557 35 202 33 9788 90289 35 202 33 9788 128833 35 202 33 9788 392926 35 202 33 9788 325336 35 202 33 524221 277004 289707 446689 433180 486539 484373 33880 274125 407917 340725 340725 540054 540054 357525 70938 342225 233898 488695 226288 226288 268812 303202 145585 298128 473333 187233 307813 337767 13455 421988 506764 473370 291052 332674 255086 494079 66626 243904 268184 230543 297233 259757 454004 555537 130150 289456 380322 263965 307497 262722 361995 18740 322006 338436 500049 354881 354881 456933 495396 37567 415188 166366 252443 267714 252443 220910 35954 410233 518435 428889 361985 85129 463176 303894 303894 126254 336888 425211 35485 341153 344609 478570 544841 307801 307801 137906 287802 241773 401879 540054 420050 446044 494079 46997 243904 372480 273124 434631 230287 372480 391977 167765 317494 336888 248201 355927 372337 350342 342707 238 71 26 6453 10 3 665 2124 7 3 8557 4 3 231 7 32542 2642 538 191244 26325 7154 24 27728 56018 7 229 2193 14 928 71 1297 5
65588 782 8 183 240 333 10900 713 10 3 276 2900 109 23 6274 1734 2770 58 3 19 2900 10 67 745 4 535 10 3 288 8 27016 10900 5
3879 10 1475 13 2911 2376 16 2573 10 4251 7736 4 23 16 16079 6 4753 13 3707 4736 71 132 1734 7736 5
8616 4 3 5018 3467 36 26 3 276 2900 5
145 5018 3390 333 522 58 10 22 248 109220 202 7 3 745 5
17 391 8958 7 7736 16 1144 825 14 3 108 4309 4400 35 3082 263419 202 4 276 2900 3082 372338 202 8 19 2900 3082 488694 202 33 5
17 1391 1028 10900 713 35471 6 39811 10 3 267 7 35 305769 202 33 8 325336 10 3 267 7 276 2900 35 360270 202 33 8 19 2900 35 336836 202 33 5
17 522 31 177 408 8 2477 7 91 1379 17281 964 3272 5
527 4 23 16 533 6 397 61 3 1884 10 333 7736 496 3 1079 53 325336 14 8 39811 14 5
145 86 1153 13 3 4759 9176 3 19838 11612 8 11612 996 459 222 10 9 333 152 35 25 459 222 15 4 3 522 31 10034 3 216 33 5
1210 6 5909 7736 15 596 4 3 282 10900 522 21 9 1081 269 25 35 355413 202 33 8 8 3 1207 25 8 35 349352 202 33 4 8 427 5325 2770 4041 10 21 3 282 35 298698 202 33 14 3 128833 566 8 21 3 1207 35 310789 202 33 14 3 392926 10900 5
931 522 240 9 48 31392 3074 14 3 4 441 798 2029 44398 2770 35 290397 14 3 276 2900 8 209436 14 3 19 2900 33 58 35 290900 33 4 3847 4 110 48 10436 6 9 3528 1079 7 2770 5
187 31 67 10349 4 13563 4 8 4 10 47 19 8 276 2900 7736 31 4 10 70 745 4 1734 58 5
17 4888 732 6 384 9 11397 1033 524 5
17 533 492 322 16 13 189 8 27 177 5050 7736 10 5
17 104 16079 5230 16 3 9832 628 2129 4336 392 10 3 6854 35 17905 4 9280 12283 32330 4 590 33 5
527 4 3 4888 4145 15 726 4 8 21 426 162 1919 4032 3 5907 10 678 6 3617 46 6347 5
17 689 4774 6 46 2954 341 16 13 3 276 2900 16 48 10742 35 798 2029 44398 33 8 59 48 5050 35 568 22045 33 58 3 83 4309 5
145 16 617 10 9 333 152 538 325336 21 3 89 5483 5
527 4 23 16 533 6 140 13 307 2770 31 48 10366 2655 538 4 2285 463 6 3 160269 2129 7 3 869 553 5
17 498 1381 5181 9 601 864 52 3 2020 7 114666 2770 6 1000 1443 3682 7 7470 11356 49 409732 2472 10 1087 291 10 3 2152 869 200 5
81 46 1381 4 3 689 162 16 543 15 3 542 267 7 7470 9 191244 14 9 4097 200 8 7623 90 17085 2916 10 678 6 26 488 6 3855 206 683 522 14 4097 291 7 3 1031 5
17 2020 7 3 114666 4 424 21 3 4 59 18 2870 538 67 23299 10 50 13571 53 538 2900 8 34 538 23 5
145 19962 59 14359 3 13652 7 3 689 191244 6363 1146 6 13012 19547 114666 2770 5
1354 6599 42 4209 4 4400 8 12354 8 3 380 4774 1049 18 13 114666 19547 2020 35 276 2900 33 16 3 333 1712 5
145 1381 18 543 97 15 3 114666 229 9008 8 3 191244 4309 3677 114 4209 6 1000 9 837 191244 6363 14 3 869 200 5
17 498 1381 12966 179 3351 7 4442 47 144 26 12956 10 426 601 5
81 3 74 254 4 129 426 162 358 6 3855 9 191244 14 290 136 24 15826 50 628 5
81 3 169 254 4 80 36 2975 3 2673 7 3 6 9 3707 5907 53 48 291 28991 6 3 106984 1596 4 48 11335 189 389 8 395 8 4 7 593 4 21 4216 103 4 9 2185 89 5483 5
81 3 296 254 4 80 36 7322 3 6 8744 23 6 4050 10 3 200 35 9907 49 8369 2826 33 5
5583 4 80 36 2601 3 601 6 3617 3707 2911 2376 11335 105 3 259840 35 17129 9897 33 229 9008 49 24969 54609 5
249 12162 5
53 9686 72970 109 21326 53 9686 72970 5
341 12162 5
53 9686 72970 109 21326 53 9686 72970 5
459 12162 5
53 9686 72970 109 21326 53 9686 72970 5