19408 957 16 4357 21 57 7 3 104 5005 9382 3117 297 303 5
238 261 9674 7 3632 957 2238 3 4397 808 4 3465 7 9 284 6 19285 4990 11518 10 24266 16 533 5
81 46 1381 4 67 11356 4309 31 2209 6 19285 2199 3351 7 13677 8 23450 10 24266 5
81 3 74 1273 5018 4 87930 16 617 538 32 11356 642 875 446 8515 16 3455 24 9 3559 7732 32542 992 35 49894 33 5
81 3 169 1273 5018 4 87930 16 2828 24 9 14699 32542 992 35 895 33 446 19393 31 2118 24 9 4624 31660 35 37566 33 5
98421 4 85490 4 8 3157 2000 31 16277 25 75563 12249 5
37566 16 220 6 5339 3206 2000 25 3 197 7 16277 2000 5
81 3 161 967 4 439493 31 220 6 30174 3 24266 21 13677 49 23450 5
659 8612 3 773 7 3 1273 4309 523 536044 35 133 21 6951 4895 4 27563 120540 4 187305 4 8 33 31 220 5
11391 7 3 1273 4538 2828 15 8 14431 31 3982 5
17 3455 9512 4 48581 4 8 8958 713 31 455347 202 4 283453 202 4 8 202 4 3995 5
1210 6 181 957 1757 35 33880 33 4 52 3632 957 1546 31 2655 10 3021 10 6833 35 303 8 27568 315 33 5
19408 957 16 3876 6 32 15924 81040 7 2469 10 3 3632 6948 5
66 16 3 169 104 1029 899 7 1546 10 303 54 6536 957 5
1249 4540 4 3 3632 957 9382 713 27 1238 2891 10 448 303 163 575 85 7 731 5
2758 1842 9382 713 71 26 2442 19 3 261 9674 8 1783 4760 35 181 5378 2599 4 6833 33 5
17379 4 87 31 307 3351 7 24936 10 24266 133 21 11518 8 29406 210024 35 4 2804 33 5
53590 31 6586 6 120 59277 4 14266 4 49 291166 10 3 3632 8 29406 210024 31 17597 4851 463 6 71280 7 3740 38385 10 3 3632 5307 10 18679 49 2113 5
17 1646 7 1570 29406 210024 71 26 11466 25 17003 6 1116 7 83669 10 18629 5
1249 29406 210024 27 568 2906 58 11518 10 24266 4 9674 8 6708 7 11518 16 9 48 3558 565 35 68471 323 4 2560 109 131062 323 197028 4 3578 33 5
8561 4525 10 2088 35265 9939 1443 27 1827 6 333 6708 7 24936 10 3 3632 35 253293 4 119568 4 13705 4 4 323 25738 4 6801 33 8 27 853 3 4397 808 35 4 280 33 5
12214 11917 6708 35 52678 33 1443 31 2757 7 6062 49 38944 3648 538 1416 718 6 185 50669 19 9674 8 19372 7 3632 24936 35 70449 323 4 1278 33 5
238 9 665 4 52678 1443 1194 5142 6 3 50669 5
17379 4 9 52678 284 9286 7 87930 4 2419 21946 8 19372 4290 35 4 153966 4 323 506984 4 2076 33 5
66571 87930 7 24266 10 47 3 689 10777 7 12249 4 907 8026 4 31 10955 71 3639 1951 3 42285 4290 5
17 689 4413 7 46 1381 16 8669 67 87930 6599 543 15 3 3070 7 642 875 8 895 19 2201 6 5313 9366 11763 317 6 19285 13677 8 83147 10 24266 5
81 24266 87 31 67 3248 7 3632 8 14510 3632 5
659 19285 11518 4 3 642 7 518 35 40739 33 16 22534 25 3 3632 352 5
376845 976 11518 1618 27 3 1391 7665 10 32 40739 5
158 1618 1379 19489 11065 13422 5
458 4 192 10777 15616 9 642 875 4644 6 5280 11518 10 402104 35 22803 4 7744 4 323 7914 4 2560 33 5
12261 875 5018 16 9 642 543 87930 10 47 11518 31 75563 24 16839 825 4863 39079 7 3424 266 5
273 946 4 92 9 27647 1415 7 3 67 9545 39079 16 1370 58 9 8515 4 192 39079 31 1109 21 825 8 3847 31 29371 671 5
17 16839 7 4863 39079 1755 285 93 825 39079 816 5
13751 6 3 9674 7 3424 266 14 32 1973 4 3394 7 32 3206 871 14 3 8515 16 9 48 4900 565 109 106 3 8515 71 2498 12095 3 11763 317 7 3 11518 8 13677 8 83147 6708 35 28044 4 51757 4 20928 4 323 58269 4 590 33 5
81 7294 7 192 544 4 154 3 642 875 650 35 21 9 642 543 5018 10 11763 21946 33 3 7665 8 3 39177 8 16069 317 31 1109 109 8101 6 96 1106 10 50676 8 2452 543 4309 35 4 4 4 253828 4 323 4 2076 33 5
187 31 523 6599 6 1297 1510 642 875 87930 4 90 308 2062 31 21 3177 5
22803 12283 3462 5
1273 9 11763 87930 5533 543 15 642 875 21 9 176 7 40 251401 33980 45679 284 5
17 16026 39079 10 32 40739 42 1109 21 3424 266 5
100955 7 3 8515 18 617 93198 10 47 577 2233 42 2870 538 523 34082 8 153 3 8515 18 197 21 34517 35 22803 12283 32330 4 2560 33 5
40534 9 4599 8515 14 70 2233 1022 1731 49 1978 2199 9676 58 3 4249 2199 5280 47 16 226 163 8 72 87930 4 3995 5
238 133 4 9 5018 16 666 6 2258 32 33855 8515 14 290 1973 5
66766 12283 3462 5
5210 642 875 6 197 8515 285572 24 538 9 1601 2199 1646 37582 7 7665 449563 10 87930 35 66766 4 4 4 323 4 6833 33 5
81 250355 4 253493 4 9536 4 8 35 6833 33 6 1018 3 282 561 6680 4 3 2826 7 3 66590 7 523 2199 2233 18 1109 10 678 6 5280 11518 10 24266 5
10526 4 3 272 10291 39079 19 7665 996 1410 42 2118 21 3424 266 5
12283 3462 5
1273 9 325 3424 642 875 35 33 5018 10 47 3 3394 7 3424 266 8 27647 38020 42 2118 232 6 3 325 8 391 317 35 11771 4 1153 8 2029 44398 7 4863 39079 459 98236 459 4 21 325 8 3 1519 1973 21 391 33 5
1949 4 6 197 3 8515 4 523 24648 42 2042 8 2870 35 4 4 323 4 6833 33 5
81 35 6833 33 4 9 928 100402 4286 3 16277 2000 25 2233 8 40 12510 8515 10 678 6 1657 32 33855 8515 10 642 875 18 1148 5
1301 4 24 538 9 11856 8668 5737 35 33 8 3 928 100402 3 8515 7 32 1973 18 1221 4 285572 5
81 3 74 1273 5018 7 46 542 4 3 642 875 543 87930 5018 16 2069 24 538 3 16277 7665 2000 25 402104 8 7623 3 49894 6 3855 32 33855 8515 5
2249 7 3 272 46333 470 7 642 875 5018 4 23 16 22356 14 184793 272 3101 2233 133 21 24266 35 12283 32330 4 2076 33 5
12502 4 6 4417 46 59896 4 9 87930 5018 538 895 19 6728 26606 8 8690 8116 16 3677 10 3 169 1273 5018 7 46 542 5
79 895 16 9 1506 2042 24 54559 8 7277 543 15 49894 8 14699 293438 5
13166 6 50 6358 46333 326 4 23 16 9760 14 10534 8 7116 8690 3905 5447 35 54559 323 7277 4 4973 33 5
53656 10 3 992 4434 9796 3905 76 3354 19 7039 3074 47 16 2118 24 538 947 19393 1013 21403 20565 5
27684 3 895 20565 16 3 104 533 492 10 3 1973 5447 2673 7 895 35 62650 4 54559 4 323 13203 4 3728 33 5
81 523 2062 4 3 87930 7 9 2726 7 2233 35 133 21 24266 4 58133 4 20393 2233 33 27 45 617 538 895 5
81 181809 4 232056 4 7894 4 8 1376 150176 35 280 33 8 49148 181809 12283 3462 5
35 2076 33 4 24266 87930 18 617 538 3 4216 895 47298 7 8 35044 13 42 2042 10 12283 3462 5
35 3578 33 5
473 2201 6 3 3455 522 24 49148 12283 32330 4 23 18 2653 61 13 6 1018 333 87930 522 895 19393 144 26 30512 5
200855 2854 4538 27 45 220 1940 10 2062 6 1746 895 20565 5
1498 46 4 3 17521 148 3 9796 8 3 13228 3354 2233 16 170 8 3 20565 16 3455 5
520 308 4279 2062 15 12430 895 19393 31 4216 21 3177 5
79 5018 6 7367 12029 10 13703 2233 538 895 18 2042 10 6793 4 63801 4 6793 4 18150 4 8 6793 35 2076 33 10 47 3 895 20565 18 1254 19 9 27728 40056 15728 35 151870 33 69676 5018 5
12283 3462 5
2042 9 5018 6 1649 895 24 538 9 4624 31660 10 6062 87930 7 2032 58133 2233 35 12283 32330 4 2560 33 5
6794 12283 3462 5
1273 895 2854 27964 543 15 4624 31660 8 18982 23763 27708 35 124913 33 14 20393 2233 5
6297 15 40 522 4 4624 31660 661 2025 23462 677 6 124913 4 907 14 528 2233 35 6794 4 7277 4 33761 4 323 622 4 7560 33 5
81 644 4 10 3 169 1273 5533 4 3 895 19393 31 197 538 9 4624 31660 19 32 1186 6 5313 9366 11763 10 24266 87930 4 11109 14 3 2233 10 8 14431 5
81 678 6 8612 3 67 1273 4309 4 3 508 4290 31 2828 5
435 87930 7 3 12249 543 15 2069 642 875 8 895 4 21 23 18 2653 61 996 4 523 2000 133 21 7665 4 3157 4 8 16194 31 16277 25 3 75563 12249 5
1301 4 6 5339 3206 2000 8 1128 3 46333 470 3 2419 3394 650 16 2828 24 9 4624 31660 5
17 773 7 3 1273 87930 4309 16 10034 1556 10 13677 8 23450 19372 967 5
17 1273 4309 31 12354 24 523 536044 133 21 106153 4 6951 4895 4 27563 120540 4 187305 4 8 5
66 144 26 1744 13 189 7 3 1273 4309 31 84 6599 677 6 3 1806 4309 6 19285 13677 8 23450 3632 12249 10 24266 5
17 3455 522 5441 13 3 87930 538 3 2069 895 19 7453 7 8690 8116 8 106153 19372 31 3982 677 19 3 1806 4309 4 10 970 7 9512 4 48581 4 8958 4 8 57736 5
659 581 9 333 3003 7 3 1273 27964 4 3 2209 1181 16 4393 10 3 508 678 5
81 8941 341 4 3 1273 5018 16 962 14484 7 288 199158 7 1973 3310 4 337482 4 87930 4 212815 4 2419 21946 4 2419 3394 4 8 19372 5
81 8941 459 9345 522 7 87930 8 19372 31 2921 4 8 1435 10 8941 503 3 4774 16 2682 5
17 3677 4290 10 3 3632 957 9674 8 6708 1443 31 825 6 138 7 7732 203173 1443 8 2239 17244 7 337482 4 87930 4 2419 21946 4 2419 3394 4 8 19372 35 146002 12283 32330 4 6833 33 5
17 614 2826 7 129 1273 6062 4538 16 2042 10 194896 5
249 8 341 5
17 1884 148 3 67 1273 4538 3443 10 3 152 87930 4538 31 3677 5
238 1595 10 98586 249 4 3 74 5018 2527 642 875 31660 446 1272 8515 16 3455 24 9 3559 32542 992 21 1595 10 98586 341 3 87930 7 3 169 5018 16 2828 24 9 14699 32542 992 446 19393 31 2118 24 4624 31660 14 95453 3 1973 76 7034 3248 5
81 678 6 6452 48 15 3 1273 4309 4 46 2124 16 3868 76 307 199158 21 3 508 5
17 74 1273 11356 5533 543 15 642 875 87930 98586 249 5
17 74 1273 11356 5533 543 15 642 875 87930 5
17 169 1273 11356 5533 543 15 14699 32542 992 98586 341 5
17 169 1273 11356 5533 543 15 14699 32542 992 87930 5
21755 3310 17 1273 4538 31 3677 15 9 4410 7 2233 351 25 67 1029 14431 7 35265 9939 2376 1757 35 33 8 2088 5536 14 4463 35265 35 33 5
659 5518 3 773 7 3 1273 4538 4 80 220 8770 8 8945 2233 4623 23450 8 13677 11518 4 3995 4 25 189 8 14431 5
81 3 508 3 10777 7 3 67 3677 14431 31 962 5
138811 9939 2376 1757 17 5536 16 558 695 15 3 1295 2158 53 14 3 3796 601 5060 5
17 5536 4286 24150 9906 7 34611 35 33 1069 2233 19 163779 98236 163779 3101 5
17 2233 31 351 25 9 592 2424 194654 9939 7 3 165 6379 389 3632 4463 447 5
435 79996 3 2233 4 43 27 45 65054 543 15 3519 6948 35 16244 4 16244 70593 8 12507 70593 33 4 1427 7 42737 35 121830 4 166 4939 4 4 10983 27700 4 74727 4 64194 4 8 1966 33 8 10674 7 42737 35 13677 49 23450 33 24 2516 50669 5
1949 4 3 1055 25927 7 42737 8 50 26920 23348 31 2118 5
7773 5536 14 4463 35265 66 16 184 2137 7 24266 14484 7 745 8 3313 6163 5
66 16 8047 558 15 2158 53 5
79 267 16 9 2137 7 24266 8 317 12510 6 57 35265 7784 7 57 2119 5
79 3583 16 9 2137 7 745 3883 671 14 3279 7 3201 5
17705 10 46 5536 42 351 10 8 35 24097 33 2036 5
3194 1973 29 45 65054 24 22 248 67 2516 50669 8 3 2737 7 24936 16 6234 21 9 2614 3323 5
1949 4 46 5536 4286 91169 7 290 42737 538 3 3632 9939 2319 8 628 284 35 95531 486284 33 32595 5
174213 7 24936 31 3868 76 13677 8 23450 8 3597 7 24936 31 40345 76 59347 4 64194 8 11518 4 10983 27700 4 74727 4 121830 8 1966 5
1949 4 10777 7 3519 6948 7 24936 31 3868 76 16244 4 16244 70593 4 8 12507 70593 5
40476 5447 81 3 337482 967 74 7 70 4 3 2233 31 22534 6 4498 3 402104 4623 42737 17363 8 11518 5
145 16 617 24 538 3 1806 25927 12510 6 3 1055 8 3 26920 23348 7 290 42737 14 2233 8 3 2614 3323 14 2233 5
1249 24266 31 351 163 523 912 4 43 31 1768 24 5266 8 90 13990 5
7219 4 43 1618 112 34 27 3 13228 2906 6 3030 5050 16676 7 3 67 1273 4538 5
238 133 4 3 325 352 449563 164835 16 220 35 157671 323 127941 4 590 33 8 153 3 8200 20973 35 134600 4 4 323 191772 4 6833 33 16 3677 6 15745 5266 5
81 3 449563 164835 967 4 3 7665 7 1973 39079 16 7406 6 2975 3 2906 5
56985 20973 16 9 108140 1315 35 26265 323 43203 4 1095 33 477 220 10 1973 5447 6 1128 5560 8 11767 8 267253 5266 5
98586 459 842 4831 337482 1959 3677 15 32 1973 351 25 5536 5
60623 7 337482 1092 98586 459 5
60623 7 337482 1092 5
35 9 33 20692 1973 4 35 8862 33 50389 6804 1973 4 35 8258 33 56985 23642 1973 5
345301 2569 4 3 87930 650 19756 3 9366 692 25 3 3519 6948 10 24266 5
187 31 67 346 6599 10 87930 5
35 4114 33 642 543 4309 35 133 21 642 875 4 538 26540 3472 47246 33 10 47 13980 31 7947 4 8 35 25547 33 11763 543 4309 35 133 21 4 66590 2452 9674 33 10 47 198134 31 7947 8 1888 6 916 642 8026 35 6456 12283 32330 4 590 33 5
17 87930 7 247162 2233 16 57 7 3 104 841 8090 10 1973 5447 5
81 3 1273 6708 4538 67 642 543 4309 4 642 875 8 14699 32542 992 4 31 1273 14 184793 12249 5
931 31 2921 21 3 508 5
12261 875 5018 17 3677 87930 5018 10 3 74 1273 5533 16 32 3070 7 642 875 87930 5018 5
12261 875 16 9 642 543 5018 1204 19 3424 266 10 3 1973 5
45593 52052 285 3 14644 737 6680 16 6383 35 30249 4 7003 33 5
23620 1959 7 642 875 31 2209 21 3 508 53 35 4114 33 84181 1973 3082 40739 109 35 14937 4 11348 33 3082 3235 7665 10 40739 109 9575 3082 1601 3424 397 538 3559 49894 109 1153 7 642 3082 38 35 14937 4 11348 33 109 35 25547 33 12137 642 875 285 3 3457 148 3 642 7665 1153 8 84 39079 7665 1153 343 568 58 3 8515 224603 35 31883 33 8940 84 503 4338 39079 5
35 40378 33 8940 5737 92 976 8 34 277 176 7 3 75563 352 5
35 8033 33 8940 50676 19 7665 8668 6 3 1153 7 3 642 4 6 3 642 5
35 55969 33 132080 3 84 1153 7 3 642 5
35 70231 33 8769 3 14937 8 11348 25927 7 3 50676 35 14 3 5737 1753 650 33 5
35 76204 33 17624 341 5
17173 3 644 13 3 24266 112 34 27 3 216 7665 2906 4 13324 7 9 4599 8515 6 5280 3 1973 24 642 875 2697 6 13092 87930 522 5
21669 4 32 6062 5018 16 666 6 2258 32 3206 8515 5
659 46 194 4 9 3559 7732 32542 992 35 49894 33 16 1273 5
49474 32542 2642 31 346 1172 7 2953 2854 27964 5
18484 4 9 32542 992 16 9168 543 15 90 5447 3893 4 13563 23791 4 47 31 3797 671 24 64156 5
3194 61279 22462 3 5806 7 16036 9796 5300 8 153 32 30110 4859 16 3677 6 2123 3 3354 7 23791 6 9 144169 12634 5
81 678 6 4434 9796 83735 6 3354 83735 4 3 17509 7 3 32542 992 144 26 14549 5
145 650 16 424 21 928 49 2854 35 4 3578 33 5
41748 9419 32542 992 35 106153 33 16 9935 7 57 49 307 4438 10746 5
106153 16 3559 538 9 119 71966 35 5629 33 31660 5
81 46 31660 4 3 3316 16 29404 3 3768 5132 148 3 992 3354 8 1341 83735 5
17 3677 1959 10 5629 31 21 3 508 35 99144 4 64244 4 323 202673 4 2560 33 53 35 4114 33 504204 3 17509 10 3 32542 992 14027 5
35 25547 33 41701 5
35 31883 33 273 290 928 5907 14937 53 35 40378 33 15535 52052 14937 137 3 992 5
35 8033 33 170297 3768 5132 10 3 992 5
35 55969 33 6305 5
35 70231 33 4248 36567 1215 35 3033 3768 5132 33 5
35 76204 33 6305 5
15535 71966 53 132080 3 3354 12510 6 290 928 5907 14937 4 24 2674 14937 137 23791 10 3 992 5
170297 71966 53 32769 5464 7 290 61279 10 3 3354 8 4438 10746 31 7154 232 6 35 249 33 35 341 33 871 7 17509 1547 6 3 123016 16 12354 24 35 459 33 114 16 4939 21 35 503 33 8 16 3 2854 489 5
999 7623 9 341 9419 32542 992 4 32 3206 8515 16 3455 14 290 1973 5
17 9796 8 1341 177751 14 928 49894 17244 7 3 16277 2770 1547 6 3 7665 449563 2000 25 402104 35 196 20498 249 33 8 3 3455 8515 7 290 1973 14 642 875 5
435 928 4 3 3455 32542 992 16 3682 7 7470 9 4279 8515 14 87930 5
238 133 4 290 1973 16 48 10366 75563 7623 50 209 4209 8515 5
20498 249 5
98421 449563 2000 14 928 49894 6 1657 32 3206 8515 5
49366 720 5
49366 249 29139 341 252185 459 503 527737 500 236794 708 1810 700 50389 5
32767 32542 992 5018 17 87930 10 3 169 1273 5533 16 543 15 9 895 446 19393 31 2118 24 538 9 4624 31660 5
895 16 32 6157 7 108140 49001 16939 17253 1013 2469 5
3194 2052 50050 19 50 4863 2469 825 6 96 2659 10 3 14699 293438 5018 5
516557 31 3682 7 8690 5447 24 15987 29132 6 55906 109 825 6 96 2659 10 164777 5
98586 503 842 9 331242 895 10 47 290 2052 50050 19 83 2469 10 9 503 98236 503 2621 5
455874 895 19 2469 98586 503 5
455874 895 19 503 98236 503 2469 5
154757 6 32 1973 19 2990 98236 6517 39079 4 9 895 19 2990 98236 6517 2469 16 1109 5
3194 2052 10 895 16 9 7039 284 446 164 893 72 89 543 15 9 17315 1506 8 50 3354 16 9 108140 4859 7 2052 684 5
273 9 2052 9 2621 35 24880 33 19 23348 16 4939 232 6 35 500 33 81 46 162 4 3 895 1506 10 54559 323 7277 35 4973 33 16 3677 5
3194 2052 10 46 1506 16 9 1906 108140 16939 6221 21 1595 10 98586 500 5
66 9286 7 9 27728 109100 4 32 1216 498 1351 4 32 1216 33583 1351 4 67 27728 162433 4 22 104 12776 27728 33583 3275 498 1543 35 15441 110 3 221 7 5737 2469 7 3 1109 1513 33 5
17 33583 35 9575 33 356 3 109100 16 3 164 7 3 2052 4 4 125 8 35 9575 33 3001 3 9796 8 3 3354 4 3995 4 8 35 4114 4 72539 109 11856 4 14305 109 9575 33 8 35 4114 4 72539 109 11856 4 14305 33 31 4939 21 35 708 33 35 700 33 71674 7 2052 10 895 98586 500 5
71674 7 2052 10 895 5
470655 79 35 4114 4 72539 109 11856 4 14305 33 8 2636 35 4114 4 72539 109 11856 4 14305 33 10807 11455 148 895 2469 5
17 3354 35 9575 33 16 2118 538 108140 33583 3275 498 1351 13 16 3 97 108140 5606 7 3 2052 35 704 33 114 18365 16 3 15565 4859 7 3 108140 3275 498 1351 4 4939 21 35 782 33 999 7623 169300 1591 4 3 164 7 9 2052 10 895 16 4939 232 6 3 108140 26914 14392 21 35 183 33 17 104 533 565 10 538 895 16 19393 1994 79 35 4114 4 72539 109 11856 4 14305 33 4 2636 35 4114 4 72539 109 11856 4 14305 33 4 8 463238 20721 109 11771 4 928 895 5
17 20565 1356 79 35 4114 4 72539 109 11856 4 14305 33 4 2636 35 4114 4 72539 109 11856 4 14305 33 4 20721 1362 71 26 2118 24 32 13991 650 133 21 4624 31660 47 16 9 160269 27708 31660 11359 25 9 20749 4644 5
3194 28451 10 37566 16 12072 21 81 678 6 4472 3 46333 470 4 177751 79 8 2636 31 1109 45689 5
8616 4 3 2981 7 290 28451 35 20565 33 16 18213 21 17 928 4141 7 895 538 4624 31660 16 617 538 67 3848 2233 8 40 12510 25407 75563 2233 24 2516 50669 5
81 194896 5
708 8 700 67 3848 2233 351 25 8 14431 31 1595 5
17 1959 10 928 895 16 4939 21 3 508 53 35 4114 33 168335 2007 1193 19 13896 3 1051 10 3 1079 1356 4 708 1362 14027 5
35 25547 33 41701 5
35 31883 33 132080 5188 4859 12510 6 290 5606 10 25152 35 28451 33 5
35 40378 33 13088 9906 7 3 282 5791 31527 21 703 5
35 8033 33 46974 2858 72 3802 5
35 55969 33 46974 17904 3802 5
35 70231 33 13088 57 7 928 2233 35 25407 75563 2233 33 14027 4 196 194896 5
708 8 700 5
35 76204 33 11686 3 19393 10 1601 28451 25 1092 35 55969 33 10 20565 5
35 80498 33 35259 1973 538 1601 20565 8 895 31660 5
35 14937 33 168704 5188 4859 5
35 94604 33 4248 36567 1215 5
35 103682 33 6305 5
901 3467 2233 351 25 5536 6 1649 895 53 35 9 33 1494 2233 4 98586 708 5
901 3467 2233 351 25 5536 6 1649 895 53 35 9 33 1494 2233 4 35 8862 33 25407 75563 2233 5
901 3467 2233 351 25 5536 6 1649 895 53 35 9 33 1494 2233 4 98586 700 5
901 3467 2233 351 25 5536 6 1649 895 53 35 9 33 1494 2233 4 35 8862 33 25407 75563 2233 5
17 19393 1547 6 3030 37566 31 3467 21 3 508 53 25152 1646 53 306 47032 2156 53 9193 213753 2156 53 6822 213753 489 53 28107 152970 3394 53 87700 35094 5018 5
221466 1215 53 3235 43241 577 5
20865 4859 10 37566 16 4939 21 446326 35 407 33 5
35 407 33 114 5167 68806 3 3802 8 16 4769 148 67 39079 10 2737 35 4114 4 72539 33 7 67 46302 2233 109 11771 4 25407 75563 1973 35 1341 1973 33 8 3 75563 1973 24 895 5
17379 4 446326 35 407 33 5708 3 221 7 30579 39079 10 3 1341 8 75563 2233 5
999 56586 3 1601 871 7 446326 35 407 33 25 3 1646 7 1973 4 3 221 7 3628 39079 10 189 46302 2233 16 4209 5
16816 4 5188 4859 16 12354 24 35 403 33 8 3 3316 10 37566 16 32838 3 1547 871 35 3 221 7 3628 39079 33 35 12283 32330 4 2560 33 5
435 7623 70 3 3915 3803 10 46 2124 4 3 895 20565 16 4209 21 13166 6 3 644 13 2233 31 351 163 11264 912 10 523 14431 4 87930 71 34 26 617 6621 8 10366 14 2233 538 3 996 3455 20565 5
238 9 665 4 3 508 20565 16 1601 14 5536 21 7259 5
2075 5447 387472 6034 250 1230 10 3 3619 2233 8 23 16 20112 5
659 2821 133 46187 4 3 352 7 3 6034 16 351 76 5139 5
6459 4 106 7 3 3238 7 9366 3053 10 3606 4355 650 4 9 9149 7 107736 4538 35 106469 8 12854 33 16 220 6 5313 3 11992 317 7 9366 5
98586 704 842 3 522 7 212815 967 5
1270 5447 1092 53 35 9 33 1494 1973 4 35 8862 33 75563 1973 4 8 35 8258 33 98586 704 5
1270 5447 1092 53 35 9 33 1494 1973 4 35 8862 33 75563 1973 4 8 35 8258 33 75563 1973 54 6433 5447 5
49366 21946 81 46 162 4 3801 2000 1547 6 3 7665 449563 4 3157 4 8 16194 2000 31 16277 25 75563 2233 6 1379 3 10777 7 3 75563 11518 4 12362 5
13751 6 83 3248 10 24266 4 12249 1230 19 9 568 7665 5
52324 2000 2498 13677 8 23450 19372 2362 109 106 12249 7880 6 3 216 1427 31 7 825 3157 5
238 23450 12249 477 27 13769 16194 677 6 13677 12249 4 85490 2000 31 16277 25 8248 653 25310 15778 40056 35 33 35 4 4 4 323 285962 4 744 33 4623 3 161861 11245 317 7 4863 39079 7 32 1973 5
1203 7 3 16277 2000 31 2888 10 65588 5
20498 341 5
98421 449563 2000 5
49366 720 5
49366 249 29139 341 252185 459 503 527737 500 236794 20498 459 5
2000 5
49366 720 5
49366 249 1810 341 96345 459 186293 503 50389 20498 503 5
12261 13693 5
49366 720 5
49366 249 8103 341 3966 41983 4385 459 25542 41983 4385 503 388247 8103 500 471018 708 181501 700 107217 704 47484 782 95013 183 279034 407 95827 403 2018 16277 2000 4 209689 3281 31 206 145935 14 5811 3157 5
659 10775 2000 4 43 112 34 1871 7608 1090 317 7 290 5811 5
238 133 4 141 92 3 6034 31 34 75563 177 166 4 43 71 2769 206 522 35 22803 4 6793 4 79701 4 323 6793 4 280 33 5
209689 3281 4434 32 1973 6 9 197 7 209689 1812 534649 5
1249 209689 534649 31 219471 6 290 83 4 43 1379 1973 2000 276 24651 8 1355 317 35 7914 4 424080 4 323 220752 4 1278 33 5
17 650 7 17444 209689 3281 1547 6 32 1973 31 2921 21 3177 35 12283 32330 4 2076 33 53 35 4114 33 132080 23348 534649 5
35 25547 33 132080 209689 2370 7410 5
35 31883 33 32980 1973 40056 15 209689 2370 7410 6 4498 209689 3281 5
279790 916 7 209689 3281 14 32 1973 19 6517 98236 6517 39079 16 35 698 33 114 8 16 9 40937 2916 5
1949 4 9424 16 9 461076 216571 3364 3 678 7 23348 395088 8 3 10620 25724 15441 16 32 216571 12404 35 685 33 114 80460 4 15441 8 4 15441 31 23348 534649 8 209689 49985 2370 4859 4 3995 5
1113 209689 3281 19 568 2353 817 48 317 4 43 474 3 46333 569 5
12502 4 209689 3281 8 3 10620 7 290 1129 31 43420 55 6 3 10303 678 35 306 2000 61 7 3801 16277 2000 33 5
32769 209689 3281 8 40 2215 2677 31 1595 10 20498 500 4 35 4 4 323 4 2076 33 5
20498 500 5
209689 3281 8 40 2215 2677 5
5458 15441 9424 209689 395088 24347 2677 6494 6494 6494 249 136626 53 4599 1043 249 249 142920 53 1037 10 14937 2586 341 249 249 142920 53 1037 10 11348 2586 459 341 141085 19 22723 22 503 341 6494 356472 53 857 67387 500 341 341 141085 19 22723 22 6494 49 1818 708 459 305854 141085 4 543 15 397206 35 426679 33 700 459 9469 14860 486 397206 704 459 249 9469 14860 486 411289 782 459 459 305854 141085 4 543 15 411289 35 426679 33 183 503 407 503 11778 678 141085 403 503 6494 356472 698 503 341 11778 678 141085 685 503 503 81 1243 6 3 16277 2000 4 2419 16 59 7 3 216 3238 10 19372 5
66 16 3455 232 6 4 52277 4 8 58265 35 2076 33 24 17444 3 67387 10620 14 290 50676 25 3 2452 7 3 12249 5
238 1595 10 98586 782 4 6 13012 3 67387 10620 4 67 3206 39079 15 189 1612 7 3 397 79 31 1109 5
435 8306 3 1583 2674 25 397 79 377 39079 4 3 10620 148 3 67 1583 16 12354 5
273 290 50676 15 3 2452 7 9366 9 825 650 16 3677 6 4498 3 67387 10620 5
17 67387 17016 287 58 14 290 50676 15 3 2452 7 9366 4459 3 2419 5
56464 7 17444 67387 10620 98586 782 5
56464 7 17444 67387 10620 5
5583 4 14 290 9366 4 3 221 7 67387 17016 16 6074 5
17 2419 71 1102 9366 19372 5
126265 12249 27 48 221 7 39079 58 13677 12249 5
49366 3394 49366 3394 16 617 10 678 6 5339 3206 2000 25 16277 2000 5
66 11657 3 10900 8958 8 17094 3 46333 470 35 36260 4 6793 4 323 4 4540 33 5
49366 3394 16 9 1046 565 10 9 528 904 7 2506 35 523 61917 7 2000 33 5
273 13896 2000 4 3 4624 27964 31 220 19 67 523 3497 7 31527 3465 8 5188 7410 5
81 3 74 916 4 290 28451 16 9 46302 3897 10 47 290 6843 842 3 1892 49 3612 7 290 2419 4 21 6494 8 249 5
81 3 169 916 4 290 28451 29 302 6594 8 290 6843 16 6234 19 2770 11466 25 1356 249 4 3801 1362 10 678 6 5339 57 61 7 3801 2000 5
17 614 1959 7 4624 31660 31 21 3177 53 35 4114 33 33382 3 2007 1193 7 31527 5
35 25547 33 41701 5
35 31883 33 132080 5188 4859 12510 6 290 5606 10 1193 35 1570 33 5
35 40378 33 13088 9906 7 3 282 5791 31527 21 703 5
35 8033 33 46974 2858 72 3802 5
35 55969 33 46974 17904 3802 5
35 70231 33 4248 36567 1215 5
35 76204 33 6305 5
17 19393 1547 6 37566 10 3 74 916 7 31527 3465 8 5188 4859 31 53 25152 1646 53 1614 47032 2156 53 9193 213753 2156 53 5853 213753 489 53 28107 152970 3394 53 87700 35094 5018 5
221466 1215 53 3235 43241 577 8 26914 148 2770 7 5188 7410 10 341 43241 7 37566 6117 137281 5
20865 4859 35 28700 4 3282 4 323 34792 4 744 33 53 35 409 33 114 14937 8 11348 31 67 2419 83735 4 9421 35 14937 4 11348 33 16 3 1730 13300 15183 4859 7 14937 8 11348 83735 4 8 9421 35 14937 33 8 9421 35 11348 33 31 11992 13300 15183 7410 7 2419 83735 5
17 19393 1547 6 37566 10 3 169 916 7 31527 3465 8 5188 4859 31 53 25152 1646 53 575 47032 2156 53 9193 213753 2156 53 5853 213753 489 53 28107 152970 3394 53 87700 35094 5018 5
221466 1215 53 3235 43241 577 5
20865 4859 35 1999 4 2391 33 53 35 697 33 114 11856 16 3 221 7 3467 2000 4 16 3 1153 7 85612 17521 148 3 3467 2000 8 1341 60401 4 8 16 3 1153 7 85612 17521 148 3 67 3467 2000 5
435 4149 37566 27964 19 523 28451 6294 8 5188 7410 4 90 2000 13 31 10 6636 10 20498 708 31 3467 3684 297 3 16277 2000 10 7254 7 3 67 6062 1273 4309 15 8 14431 5
20498 708 5
23022 47 31 3684 3467 538 37566 10 67 1273 4538 5
49366 1726 29139 25542 41983 116894 252185 388247 8103 471018 527737 181501 236794 107217 50389 96345 47484 186293 95013 8103 279034 3966 41983 116894 209689 95827 209689 10620 7923 5
55706 1249 150750 31 3206 3648 10 5195 4355 35 99144 12283 32330 4 2560 109 24087 12283 32330 4 502 109 34490 4 126069 4 18150 4 323 7744 4 274 109 93624 323 41392 4 6833 109 12283 32330 4 2076 33 43 31 220 10 46 162 5
17 2770 1547 6 3 3467 2000 538 37566 10 2419 3394 1092 31 392 6 3 32542 2642 21 9796 83735 5
12502 302 23791 31 1942 10 3 9796 10746 5
659 3030 9 341 1427 79833 6 12681 3 13677 12249 25 3 23450 1603 4 80 255 57 61279 10 3 3354 9419 7 3 32542 992 6 1657 67 55906 6494 49 249 6 7367 3 13677 8 23450 12249 4 3995 5
659 8612 3 773 7 3 4309 4 8770 35265 402104 4623 3992 13677 8 3128 23450 12249 25 5536 4 8 8945 35265 402104 4623 6263 13677 8 8708 23450 12249 25 5536 42 351 5
17 1273 27964 42 336 10 35 1586 415722 1185 33 8 15 9 5274 19 3 508 10777 53 6015 128845 503 35 54881 62778 33 8 503 13336 7 39479 19 3909 700 1219 284 5
17 3455 522 31 2209 10 67 488219 7 87930 8 19372 773 14 3 67 1273 4309 5
345301 773 345301 8958 18020 3 7946 1028 49 1606 7 87930 3803 5
659 1415 3 87930 773 7 3 1273 4309 67 6680 226659 8 210199 47 31 3684 220 31 3677 5
226659 6154 3 2463 7 24651 148 67 46302 2233 35 75239 4 9527 33 8 210199 12244 3 2463 7 27647 13377 35 56669 323 17124 4 7622 33 5
931 31 4939 24 35 800 33 35 630 33 114 79 8 2636 31 3 25407 75563 1973 8 3354 1973 7 3 87930 5018 4 3995 5
238 12859 79000 3 87930 4309 10 3 1273 1443 31 3677 15 3 2233 10 194896 5
183 8 407 5
1700 12510 522 31 2888 10 65588 700 8 704 5
238 1595 4 3 3455 2770 7 226659 8 210199 1547 6 3 169 1273 5533 2769 333 522 5
11391 7 87930 543 15 642 875 35 74 1273 5018 33 98586 183 5
11391 7 87930 543 15 642 875 35 74 1273 5018 33 12510 67 2233 53 35 9 33 1494 2233 4 35 8862 33 75563 2233 4 8 35 8258 33 1341 2233 5
11391 7 87930 543 15 895 35 169 1273 5018 33 12510 67 98586 407 5
11391 7 87930 543 15 895 35 169 1273 5018 33 12510 67 2233 53 35 9 33 1494 2233 4 35 8862 33 75563 2233 4 8 35 8258 33 1341 2233 5
20498 700 5
345301 522 1547 6 3 74 1273 5533 5
21755 10 98586 183 226659 35 202 33 210199 35 202 33 249 65981 59003 341 60220 61243 20498 704 5
345301 522 1547 6 3 169 1273 5533 5
21755 10 98586 407 226659 35 202 33 210199 35 202 33 249 61237 55178 341 56159 59574 9073 5
55706 773 74487 7 3 220 106153 32542 2642 31 7154 24 1153 26327 3768 35 155737 33 232 6 35 947 33 114 1127 8 7168 31 3 1341 8 3354 177751 4 3995 5
1516 1547 23491 31 59 7154 21 35 41228 4 7458 33 53 59433 53 1359 1432 4 3 19372 665 16 1432 10 1892 7 83147 5
60809 53 1359 2366 4 3 19372 665 16 2366 10 110 13677 5
65599 53 2915 1432 4 3 19372 665 16 1432 10 110 13677 5
78468 53 2915 2366 4 3 19372 665 16 2366 10 1892 7 83147 5
1210 6 996 24648 3 42584 1547 6 48581 35 8958 7 2366 1427 33 4 9512 35 8958 7 1432 1427 33 8 8958 7 4517 189 2366 8 1432 3597 31 4939 21 35 302 33 35 1004 33 35 985 33 17 6051 1219 15565 35 102187 33 16 57 7 3 2029 6680 14 12752 19372 773 7 3 1273 4309 5
102187 11963 16 18652 10 9 49985 904 114 397206 8 411289 3001 249 48581 35 49 1359 1432 489 33 8 9512 35 49 2915 1432 489 33 4 3995 5
66 842 3 72076 148 339 713 8 2915 5590 713 7 536044 5
273 333 5230 7 102187 4 352 163 3 102187 11963 18 5559 5
126073 16 9 964 2916 10 35972 12249 121 32 474 10 3 871 7 78468 250 321 76 826 365 5
659 2258 9 206 49894 2981 4 1678 49894 6294 19 523 221 7 10746 8 30864 31 3677 5
11268 260429 32542 2642 3455 333 522 5
17 2981 7 3 3677 439493 10 3 1273 4538 16 2888 10 65588 782 8 183 543 15 3 967 19 47 439493 31 3677 19 3 2190 5060 35 87930 49 19372 33 5
121867 4859 7 3 3354 9419 8 2854 1396 14 3677 439493 31 3 27728 4859 8 119 71966 35 5629 33 4 3995 5
17 169 4848 10 20498 782 14103 3 2981 7 3 3677 32542 992 10 87930 14 9409 32 3206 8515 10 3 74 1273 5018 5
659 30174 9366 3351 10 5536 184 49894 16 220 21 1595 10 3 296 4848 5
10052 4 14 3 2233 351 25 5536 83 439493 543 15 96 16 1252 10 3 740 8 1600 11107 31 3677 5
81 3 169 1273 5533 4 83 439493 6 30174 24266 10 8 14431 31 220 35 196 20498 183 33 5
20498 782 5
22348 7 3677 439493 10 74 1273 5533 5
266367 345301 55706 345301 55706 37354 15791 7 49894 106153 106153 106153 106153 11292 7 10746 459 341 341 341 244271 10 9796 9419 700 302 700 302 244271 10 4438 9419 35 2106 33 708 4 459 302 183 459 244271 10 3354 9419 249 249 249 249 12586 1396 5629 5629 5629 5629 12266 4859 121867 4859 7 4438 9419 35 2106 33 4 96368 155737 155737 155737 155737 15791 7 565 382860 55706 382860 55706 20498 183 5
22348 7 8323 439493 10 169 1273 5533 5
266367 55706 55706 37354 15791 7 49894 106153 106153 11292 7 10746 341 341 244271 10 9796 9419 302 302 244271 10 4438 9419 302 459 244271 10 3354 9419 249 249 12586 1396 5629 5629 12266 4859 121867 4859 7 4438 9419 96368 155737 155737 15791 7 565 55706 55706 17 522 7 57736 4 48581 4 9512 4 8 8958 10 183 400 7 699 3 1273 27964 10 3 282 8 596 745 31 2209 10 20498 407 5
20498 407 5
55706 48581 4 9512 4 8 8958 489 10 1273 4538 5
35496 4309 37354 126073 35 202 33 478640 35 202 33 90025 35 202 33 57736 35 202 33 1532 1273 5018 10 282 267 529668 310268 1532 1273 5018 10 596 267 402817 310803 474208 3668 1273 5018 10 282 267 368299 430757 345185 3668 1273 5018 10 596 267 529667 379836 1532 1273 5018 10 282 267 419527 283453 447492 419528 1532 1273 5018 10 596 267 283453 511063 375401 3668 1273 5018 10 282 267 455347 283453 132677 3668 1273 5018 10 596 267 356146 290225 261468 1210 6 20498 407 4 3 169 5018 3677 15 5536 4 10 3 282 8 596 745 4 29 333 9512 2201 6 3 83 4309 5
66 16 12818 6 27 189 272 9512 8 272 48581 4 44 46 16 3684 34 537 5
10941 9512 2697 6 798 48581 4 8 3 1797 22206 35 323 55187 4 274 33 5
81 9366 6708 4 568 9512 16 48 533 21 23 3117 261 9674 7 83147 5
81 3 74 1273 5018 4 3 568 48581 842 13677 6708 2362 4 8417 4 10 3 169 1273 5018 9512 16 568 5
273 333 19798 4 10 98586 403 3 102187 23070 31 18652 14 1273 4309 15 3 67 220 14431 10 3 282 267 5
102187 23070 14 1273 4538 15 8 14431 98586 403 5
102187 23070 14 1273 4538 15 8 14431 5
10526 6 5548 9 10312 653 7 3 67 1273 4309 10 9366 19372 15 2233 351 25 8 14431 73322 2858 25017 5018 16 220 35 4 24067 4 323 7914 4 280 33 5
81 73322 2858 25017 3 5536 16 3868 76 183 31080 5
49894 16 3559 19 782 31080 8 3 1652 13091 16 3677 6 960 3 32542 992 5
17 3455 8958 1153 16 1109 14 12752 3 32542 992 10 19372 5
81 98586 698 4 6 6786 3 522 7 73322 2858 25017 14 106153 19 83 536044 133 21 6951 4895 4 27563 120540 4 4 8 187305 31 1252 5
238 1595 4 106153 16 3 282 303777 10 189 1273 4309 297 3 83 536044 6 4517 13677 8 23450 12249 5
11391 7 523 536044 538 73322 2858 25017 98586 698 5
11391 7 523 536044 538 73322 2858 25017 5
2625 1806 4309 19 523 6599 10 35972 13677 49 23450 12249 8 40 522 31 2888 10 20498 403 5
81 61281 4 28182 4 8 35 590 33 4 9 84 303777 661 333 522 677 6 3 2029 106153 8 2069 3 1308 8958 10 9366 6708 5
12502 4 10 3 1600 1843 7 20498 403 3 522 7 4011 30209 543 1821 2854 35 33 15 75563 2233 543 15 895 31 392 5
435 67818 3 13677 8 23450 12249 76 708 273684 4 3 2059 40056 10 3 10753 9419 16 2118 24 538 3 98956 5
435 9409 3 17509 4 3 960 628 16 392 6 5
20498 403 5
75250 7 1806 4309 5
64362 35 202 33 37354 303777 126073 35 202 33 478640 35 202 33 90025 35 202 33 57736 35 202 33 3668 5533 35 282 33 106153 455347 283453 225128 3668 5533 35 596 33 106153 356146 290225 261468 3668 5533 35 282 33 106153 368299 430757 345185 3668 5533 35 596 33 106153 529667 379836 3668 5533 35 282 33 302241 338538 318850 6794 8 7277 12283 32330 4 7560 109 6794 4 6793 4 323 23222 4 7560 187305 250782 7914 8 24067 4 6833 187305 500553 443740 443740 329683 153966 12283 32330 4 6833 254200 496769 313275 10141 4 4 89906 4 323 4 2560 187305 388179 12283 32330 4 2076 106153 577 222284 287556 222682 8 4 2076 1614 480252 12283 32330 4 590 106153 254200 383107 313275 61281 12283 32330 4 590 106153 248314 340659 61281 12283 32330 4 590 227628 227628 227628 61281 12283 32330 4 280 333257 341998 347446 8 146188 4 280 4 175314 4 362633 62464 12283 32330 4 274 316408 4 502 187305 293638 214562 312561 524028 273 773 4631 5060 4 90 3848 522 7 3 67 1273 4309 15 8 14431 31 1595 5
66 144 26 1744 13 4446 3 4309 10 62464 4 146188 4 323 35 274 33 4 8 146188 35 280 33 4 153966 4 4 4 8 506984 35 6833 33 4 4 153966 4 8 506984 35 590 33 4 12283 3462 5
35 2076 33 4 61281 4 28182 4 8 35 280 33 4 61281 12283 3462 5
35 590 33 13 3 2233 31 25407 75563 8 10 8 35 2076 33 4 35 502 33 13 27 93 87930 967 4 10 129 1273 4309 70 7 3 4290 10 1973 2376 150 337482 4 87930 4 212815 4 2419 21946 4 2419 3394 4 8 19372 31 617 5998 5
19408 9366 87930 16 57 7 3 104 533 8 2409 4290 10 784 1973 5447 8 5195 4355 5
81 46 162 4 67 11356 4309 42 2209 543 15 3 3070 7 642 875 8 895 6 1657 32 33855 8515 8 3206 47298 4 3995 4 10 678 6 5313 9366 11763 317 6 19285 13677 8 83147 10 24266 5
81 3 74 5018 4 7665 2000 8 49894 42 3677 6 3855 32 33855 8515 10 3 642 875 967 7 87930 650 5
81 3 169 5018 4 9 2854 31660 18 1273 538 4624 31660 6 2258 895 47298 10 87930 7 2233 35 10 8 14431 33 5
17 1273 4309 27 2069 3 895 8 642 875 4309 10 3632 9366 87930 5
659 8612 3 773 7 3 1273 87930 4309 4 54 25418 3 7665 4 3157 4 8 16194 2000 10 678 6 26077 3 75563 12249 4 9 4624 31660 18 3677 6 5339 3 3206 2000 5
5583 4 3 9366 19372 18 2828 538 523 536044 133 21 106153 4 6951 4895 4 27563 120540 4 187305 4 8 5
238 9 665 4 106153 1601 3 282 6708 773 10 189 1273 4309 5
17 3455 522 2573 13 3 3070 7 3 642 875 8 895 8 21717 7 7665 4 85490 4 8 3157 2000 7 3 75563 12249 1708 16672 1443 6 19285 13677 8 23450 12249 5
17173 8690 110278 8 6728 26606 7 895 35 8 59 50 4964 272 1175 677 19 642 875 10 35972 7 12249 33 4 46 1381 20310 48 1067 15 3632 9366 19372 8 2939 3 50669 10 40 6708 2485 5
7219 4 3 568 9512 4830 3 798 48581 7 3 169 1273 5018 842 3 568 6708 2362 7 83147 677 6 13677 7 12249 5
145 1653 2238 3 4397 808 7 3 2119 19 261 9674 7 957 8 1388 48 1783 953 2003 5
1949 4 3 19372 773 7 3 169 1273 5018 35 10 970 7 9512 4 48581 4 8958 4 8 57736 33 16 5870 19 13 7 83 1806 4309 6 4517 13677 8 23450 3632 12249 5
81 7294 7 3 4216 11414 7 3 1273 4538 4 34602 7 3 522 15 8 14431 16 1109 21 9 4938 5
238 9 665 4 454 542 71 26 2173 19 48 5983 15 523 445498 4309 5
1949 4 83 32542 2642 35 133 21 198770 4434 35 113757 33 4 187305 4 8 70865 1625 4859 35 33 33 8 523 13991 27964 35 133 21 18982 23763 4 14900 4 34148 11521 4 8 174871 1046 33 71 26 3677 10 6013 7 32 33855 8515 8 895 47298 10 3 74 8 169 4309 5
931 71 26 1109 21 426 162 5