81 22190 8783 11379 35 33 4 19547 773 71 26 4939 21 773 13 53300 3 44398 35 3768 1043 33 148 3 1866 7 3 22190 8783 1443 8 3 1866 7 1149 5
79 1079 7 6599 133 21 4624 27964 35 37566 33 4 18982 23763 27708 35 124913 33 4 7732 32542 2642 35 49894 33 4 8 33855 992 543 22190 42101 1443 35 33 71 26 220 6 3997 19547 773 14 24 14348 3 4333 4859 19393 35 198359 33 13 532 773 5
21847 2062 27 45 2173 6 24107 198359 8 1297 3 773 7 22190 8783 1443 137 3 2673 7 9 837 27708 1217 4 44 121 523 27708 6599 4047 523 3768 970 163 523 11952 4 3 231 7 9 837 27708 1217 340 34 4202 1657 3245 19547 522 5
12502 4 46 542 4723 307 27708 6599 4 37566 4 8 124913 496 9 4939 1046 2869 1513 13 677 3 3768 2770 25 3 523 6599 163 523 11952 8 4 10 290 5662 4 3467 3 522 13 39 3 3033 3768 871 5
9049 4 3206 2007 23394 14 3 27708 650 42 2042 137 3 5018 5
145 284 18 3677 6 9 267 542 7 3 128842 22003 35 28309 33 4341 6573 284 10 1372 118 1133 4 8 80 170 13 23 39 798 596 3768 970 58 9 837 27708 1217 10 3726 9 4341 532 6926 8 5841 356 9 1079 7 11952 5
6077 4 538 13991 27964 10 9 3093 1046 2869 420 6 7156 773 4 538 3 5018 420 6 401 30392 2007 2770 14 3 198359 4 8 1572 9 9464 3726 284 5562 420 6 5314 1219 954 5
12502 4 80 5830 3 231 7 523 4309 10 3 1046 2869 1513 14 1913 3 19547 198359 4 8 13896 3 198359 25 3 5018 47 29 3 2654 3768 871 297 91 5
80440 2757 8 22190 8783 42 1273 24 163251 10 9749 35 163251 4 9749 33 4 8 192 13538 27 45 220 1940 10 532 1443 5
17379 4 22190 8783 11379 35 33 19491 25429 10869 6 1800 9 11427 1322 148 3 9796 8 3354 3893 7 3 1506 5
81 678 6 1811 3354 2770 13 31 121001 401 3 230 55906 4 144 26 14549 8 30512 5
659 2769 46 4 13991 27964 27 45 220 1940 24 307 1296 5
3716 4 212567 4 169959 4 8 2416 35 7782 33 220 9 4624 31660 14 24220 3 33855 22190 276067 10768 3677 10 32 818 3510 1513 5
354889 4 44229 4 8 20907 35 7782 33 27 1589 9 2164 284 13 2527 9 3866 15721 992 8 2489 6 57052 532 3 1461 89 7 1617 3895 5
1858 7 57 837 343321 4 354889 12283 3462 5
35 7782 33 3677 2489 14 6573 523 1617 16200 5
238 677 6 3 231 7 9 837 343321 4 3 1217 1589 24 354889 12283 3462 5
420 6 9 568 4942 9903 4 7877 1767 400 14 5204 1276 4 568 47175 4 8 568 6928 19 32165 3770 713 5
8 48519 35 2560 33 220 3 124913 5018 6 7322 3 1589 198359 7 9 22190 2516 284 4 47 18 110 220 6 19285 17753 14467 4394 5
158 220 9 421 3472 1506 6 18571 3 6737 13987 10 17753 14467 4394 8 2589 76 22190 543 954 35 22190 2516 284 33 109 153 4 3 22190 2516 284 18 14549 24 124913 5
17 22190 2516 284 14549 24 124913 661 568 19372 8958 35 320997 202 33 148 921 4394 8 244 912 5
8 48519 12 1217 10 538 9 5373 1506 13 11828 189 9 421 3472 1506 8 124913 420 91 6 568 8958 5
6794 8 35 2076 33 25810 14 46254 3 11432 8551 7 9 284 4 8 8 35 2076 33 220 32 6 26136 1308 8152 7 1380 24 2016 3 325036 297 3 694 6680 5
8 450336 35 2076 33 220 124913 14 24220 32 343321 13 18 220 14 6573 9 10051 16480 10 67 61638 1627 5
144005 8 481103 35 280 33 1589 9 5373 1506 7 7732 32542 992 8 22190 42101 1443 6 384 3 30512 15138 6342 5
24087 4 47153 4 35537 4 8 15669 35 274 33 220 9 22190 32542 42101 284 6 25450 3 10554 6589 10 120900 3685 5
4 4 8 35 359 33 4 24 538 3 124913 5018 4 1589 9 5373 2854 1217 14 24220 3 19393 7 5
463132 8 225521 35 911 33 1589 32 19547 343321 6 4764 9 4618 589 12 22117 10 18910 912 5
4 125873 4 8 35 911 33 220 9 22190 42101 284 14 1219 3 80646 8423 10 9 4341 6573 15138 5
524428 8 4076 35 590 4 2560 33 4 7744 8 35 1095 33 4 8 7277 8 168187 35 1515 33 220 9 37566 14 1913 3 19547 19393 7 10 523 3685 1443 5
4296 8 3748 35 3495 33 220 22190 42101 14 1913 3 19547 1219 1396 7 9 15138 5
4 15429 4 35194 4 8 177808 35 590 33 33 220 37566 8 124913 14 24220 7 77 3800 5
81 104 2062 4 1296 220 9 837 13991 31660 10 24220 8 48480 5
527 4 23 16 1848 13 9 837 13991 31660 36 384 3 19547 2104 14 70 9184 11952 4 8 142 141 5339 9 7821 19547 2104 623 58 9 7427 19547 2104 5
187 16 9 2409 1292 7 9 1046 5331 14 9901 3 522 7 523 13991 27964 6 1377 13 3 19393 7 3 31 4 10 644 4 19547 5
145 542 2532 6 12042 3 4046 653 7 343321 12 459997 24 10472 9 1046 2869 13 1038 108 974 13991 4309 5
999 538 8 9901 2489 13991 27964 4 46 1217 2238 3 7662 7 7995 3245 19547 912 8 9704 3 552 7 13896 7821 19547 912 623 58 7427 19547 912 5
81 678 6 2769 32 5050 8 19547 22190 42101 284 35 58122 33 4 67 629 2193 31 2537 533 53 35 249 33 11533 3206 22190 954 4 8 35 341 33 7623 32 3206 24220 5018 5
17173 3 9796 8 3354 2770 7 32 58122 4 13896 3 3206 4538 6 7673 3 19547 16200 16 20858 533 109 3475 4 13896 3 3206 22190 20587 35 16200 33 7 9796 8 3354 2770 16 21 533 21 24220 3 4333 7410 7 138 20587 5
364 7 3 282 6599 6 3617 3 1272 2981 14 9 22190 42101 284 16 8306 3 3354 8 9796 2770 5
17 45268 3074 35023 3 3394 7 32 3206 2981 14 3 343321 35 32 58122 33 5
1301 4 3 4333 4859 19393 7 13 2981 71 26 30512 137 32 27708 650 5
273 46 542 4 2007 4333 4859 19393 42 4939 543 15 22190 42101 1443 1016 7 25429 10869 47 18 1589 24 189521 8 35 6760 33 5
17 5018 18 3112 463 6 3 1102 30009 24 42101 1443 15 3 8958 7 10978 3354 2770 5
81 1443 4 9796 23394 3054 31 4939 10 3 916 7 201026 23033 4 8 3354 23394 31 4939 10 3 916 7 27728 20587 49 4599 3354 2770 5
26823 3 221 7 4333 7410 8 20587 10 3 9796 8 3354 2770 59 2238 3 42101 284 12 8958 10 64145 3354 2770 14 2190 9796 2770 5
435 538 3 5018 6 5339 3206 2007 4333 4859 19393 4 3 25810 10 3 128842 22003 35 28309 33 4341 532 284 42 14549 8 30512 137 9 3093 7039 24220 284 13 18 1589 10 46 542 5
145 7039 24220 284 8255 32629 108 13991 27964 10 1913 3 198359 7 3 5
9049 4 46 542 1589 307 30512 5257 358 14 6926 8 5841 884 163 523 4405 912 5
931 358 42 10978 24 48480 67 4 57 14 5841 884 8 3 83 14 6926 884 5
17 3316 7 28309 12208 284 16 6 3968 9 676 8551 3583 7 52 5027 137170 5
273 6490 13 7717 3 12208 284 12 2168 4 4967 8551 383 26 4566 6 3 18841 284 137 3 58752 6926 8 5841 6 1316 17926 4254 692 5
9049 4 9 964 2156 7 3 676 2914 8551 16 20480 6 3 1806 57162 284 137 93943 5
81 46 542 4 8551 14 3 28309 284 42 3455 24 538 3 4505 5614 394 5018 35 121480 33 14 889 18398 11432 4341 993 19 3 1678 462 4736 7 324689 4 450046 4 8 577 85 5
81 767 2062 4 440675 8 1453 35 4 33 1589 9 7039 1219 284 14 3 4341 532 12208 10 28309 4 46254 3 12208 21 9 532 3583 114 3 3583 337 10 3 532 3583 16108 37521 6 3 12208 7191 37382 25 3 12208 5
17 37382 25 3 12208 16 1109 6 159 108 3497 53 37382 21 93943 6 3 5033 57162 4 37382 137 3 6926 6 3 18841 284 4 8 37382 137 3 5841 6 3 18841 284 5
17 5841 284 8 6926 27 34 483 45 4514 4 44 3259 29 5436 1574 3 1175 6 723 509 24 11259 137 3 18841 284 5
6060 7 3 6905 7 46 542 18 6 581 9 1625 14 51052 3 1273 6926 8 5841 1443 5
1113 432248 86 27 45 1109 21 184 37382 4 23 18 11296 10 440675 8 1453 12 20260 650 10 678 6 1800 9 1772 5662 13 42726 552 6 3 17926 4254 352 5
12502 4 3 614 532 3583 18 27394 21 3177 53 35 249 33 114 4 14 9 2190 20260 11861 4 28760 16 3 37521 6 3 12208 8 16 676 37382 25 3 12208 5
4 10 786 4 1038 93943 35 33 4 37382 25 3 8423 35 33 4 8 37382 25 3 5841 35 33 5
17 37521 6 3 28309 12208 14 462 4736 7 43932 4 32009 4 8 18749 14 889 18398 11861 42 7154 538 1586 1589 24 101 1331 5544 7 11331 35 220039 33 35 7560 33 8 31 1595 10 98586 249 5
17 13422 7 12609 30789 25 3 6926 111 12609 37521 6 3 12208 14 4341 462 4736 7 577 85 4 450046 4 8 324689 16 1595 10 98586 341 5
1526 10887 42 17229 14 20260 11861 5
273 462 4736 7 577 85 4 450046 4 8 324689 4 98586 341 842 4 3 14130 7 12609 37521 6 3 12208 4 12609 37382 25 3 12208 4 12609 93943 4 676 37521 7191 676 30789 4 8 35512 596 509 5719 15 3 12208 5
145 19798 2228 286 6 4112 3 14130 7 21142 8 30789 10 3 12208 284 5
81 1572 70 108 7039 1443 4 3 4102 7 2199 1760 35 3583 1760 33 18 3677 5
203349 12208 21142 8 30789 14 6490 19 462 4736 7 324689 4 450046 4 8 577 85 31 12859 10 194896 5
5
931 915 852 43971 7 3 14130 7 3 12208 10 970 7 12609 37521 4 20480 93943 4 8 30789 6 3 18841 284 137 3 6926 8 5841 5
81 194896 5
4 3 37521 6 3 12208 35 532 3583 33 8 30789 25 3 12208 42 7154 10 970 7 509 5719 304 6 3 12208 49 3 1058 7 509 5719 1134 3 12208 137 89 35 33 5
273 3 12609 37521 6 3 12208 4 12609 4250 5719 15 3 12208 18 4939 10 970 7 4846 4 10 47 3 596 5719 15 3 12208 35 10 4846 33 18 3455 24 13500 3 3583 35 137170 33 24 12208 12 352 35 86093 33 5
81 678 6 384 3 93943 489 4 307 28878 1665 42 1589 10 3 12208 8 9 27728 56018 1506 18 220 6 2882 93943 5
17 1589 93943 1506 2464 3 20480 5719 7 509 137 89 5
17 596 4250 5719 2168 7 3 12208 16 52 38857 15441 4 8 9 5841 8 6926 31 558 14 5714 3 12208 22 9 5719 287 58 49 3628 6 50 2168 109 6926 1315 16 4 7 593 4 22663 6 5841 1315 5
98586 249 5
37521 6 3 12208 14 6490 19 43932 4 32009 4 8 18749 462 4736 35 889 18398 27276 4 9300 2125 2453 33 5
98586 341 5
130190 7 3 230 6926 1315 111 12609 37521 6 3 12208 14 6490 19 43932 4 32009 4 8 18749 462 4736 35 889 18398 27276 4 9300 2125 2453 33 5
98586 459 5
5640 37521 8 37382 13422 137 20260 566 14 4341 19 43932 462 566 8 889 18398 27276 11861 5
98586 503 5
5640 37521 8 37382 13422 137 20260 566 14 4341 19 32009 462 566 8 889 18398 27276 11861 5
98586 500 5
5640 37521 8 37382 13422 137 20260 566 14 4341 19 18749 462 566 8 889 18398 27276 11861 5
273 290 2190 4405 1215 4 3 8423 6 3 18841 284 71 26 21655 8 3275 5
17 1272 1219 713 14 3 6926 8 5841 31 3455 24 2414 3 14130 7 32 230 4341 19 9 2190 462 566 8 11861 5
81 1188 912 4 3 1060 6926 8 5841 884 31 8179 24 67 13 1377 19547 28309 284 1315 5
273 3726 3 8423 4 3 343321 1131 21 9 7039 4462 543 15 3 596 3154 5719 7 3 12208 4 47 71 26 7154 137 12609 37521 6 3 12208 7191 30789 10 3 916 7 93943 8 6342 5
63888 10 415722 18 25810 6 1800 3 1272 7039 1506 5
81 46 1506 4 67 3270 3 1806 6926 8 5841 5
17 4333 7410 7 3 67 31 14549 137 2489 13991 27964 13 31 3345 496 9 1046 2869 1513 13 29408 3 522 25 3 31660 19 3 3033 3768 871 5
5602 46 1217 4 3 3489 13 3 3583 7 509 7545 10 3 12208 299 15471 3 12208 12 2168 24 83568 1219 3 5841 8 6926 125 1538 523 912 5
238 9 614 5131 4 31 1589 543 15 3 4333 7410 7 9796 8 3354 2770 8 3 1219 954 148 91 5
84181 8 3354 2770 4 10 786 4 31 10978 25 3 4333 4859 2770 5
81 3 3354 2770 4 87 1618 31 3272 148 3 230 6904 8 3 10978 6904 35 17229 6904 33 109 192 3272 71 26 4939 21 3768 970 4 47 31 4939 21 3 5806 7 3 230 3354 2770 7191 3 5806 7 3 17229 1070 49 3354 2770 5
17 30512 31 3 1603 13 12042 3 3768 1043 5
81 678 6 4498 3 3033 676 3768 871 4 3 3206 4333 4859 2770 144 26 3455 5
185167 676 3768 137 464 523 4333 4859 2770 16 32 13991 650 13 71 26 617 137 523 27964 133 21 38691 30865 35 8912 33 4 17953 30865 35 17045 33 4 10843 29086 238487 35 64510 33 4 4624 27964 35 37566 33 4 124913 4 4 8 7732 32542 2642 35 49894 33 5
81 46 542 4 3 30512 4333 4859 2770 42 170 137 108 974 4309 53 4 37566 4 8 124913 5
17 27708 928 650 14 4 37566 4 8 124913 16 543 15 29404 676 3768 4 8 3 7060 7 3 3768 970 16 3275 24 3 19393 7 3 4333 4859 2770 5
3194 1570 197 7 4333 4859 19393 35 198359 33 16 12354 543 15 9 5188 4859 871 5
17379 4 31 1254 6 371 2190 1070 2770 14 2190 9796 2770 5
17 230 1070 2770 71 26 4939 24 1149 4 49 24 12538 3 19816 1322 148 3 9796 8 1070 2770 5
54480 27708 27964 71 26 25810 6 7673 189 954 8 4333 7410 4 44 10 104 1380 4 3 954 31 4939 24 1149 5
125428 3394 59 2053 32 533 604 53 6797 3 9796 8 1070 2770 76 307 2190 20587 19 2190 1070 2770 5
81 104 4 3 3768 1043 16 3456 6 1913 3 198359 13 26136 4333 4859 2770 10 133 9 152 13 53300 3768 5
17173 3 3238 7 343321 773 4 23 16 1622 6 6786 8 19491 523 13991 4309 10 1913 3 3206 198359 5
81 46 542 4 80 4939 9 1513 10 3 343321 14 1994 3 694 22190 4333 4859 19393 5
145 1513 35168 3 2007 22190 198359 4 2527 108 523 13991 4309 6 25450 3 22190 198359 4 9670 3 1153 26327 5464 35 33 25 3 4729 4309 6 128 3 19547 19393 4 8 153 2757 138 19393 21 22190 4333 4859 2770 14 1589 22190 42101 1443 5
17 676 3768 1043 16 7154 21 3177 53 35 341 33 114 146792 16 3 5806 7 6474 3768 2770 109 9575 16 3 676 221 7 29132 109 8 4114 16 3 498 43241 5
4109 538 3 13991 4309 4 3 19547 4333 7410 51 26 3455 137 794 8 3768 4 8 3 197 7 198359 19 3 3033 3768 2770 10 4631 19 3 83 2757 51 26 351 21 19547 198359 5
5602 37566 4 124913 4 8 4 523 2757 7 4333 4859 2770 14 9796 8 3354 2770 31 4939 4 8 290 197 7 4333 4859 2770 16 12354 543 15 3 5188 4859 2770 4 47 3628 676 3768 2770 5
81 290 43241 4 3 676 3768 1043 16 7154 8 677 19 3 767 676 3768 871 5
145 4631 650 16 1009 285 87 16 93 964 1884 148 3 3768 2770 25 67 30026 2757 7 198359 5
17 3033 5944 3768 871 1884 71 26 4939 24 1149 8 3 343321 12 5968 5
17 197 7 4333 4859 2770 19 3 3033 676 3768 1043 16 351 21 3 282 197 4 8 220 10 3 5
273 9 22190 27708 5018 4 80 71 10753 3 628 8 1800 3 22190 8258 770 35 397431 33 4 47 36 26136 57 1219 1396 14 290 10753 5
17 221 7 3 18679 4 543 15 3 3354 2770 4 2464 3 221 7 954 5
204398 19798 7 3 9796 8 3354 628 71 26 32 3206 152 14 13896 3 4333 4859 2125 5
273 946 4 92 3 9796 49 3354 2770 10779 180305 4 23 51 26 3206 6 5339 27728 4333 7410 5
9049 4 13896 3 954 16 543 15 3 11580 1322 148 3 29132 8 55906 7 3 284 5
17379 4 3 954 31 197 543 15 11397 3898 163 3 916 7 448377 954 5
273 946 4 92 3 596 509 4250 653 15 3 12208 6599 3 35512 596 509 653 15 3 12208 4 153 526 3 6926 19 3 612 986 5
17 27708 1217 16 1589 543 15 48480 3 19393 7 3 4333 7410 5
1113 27 45 220 1940 10 117 1784 1380 4 8 307 13991 27964 27 45 25810 6 1800 33855 4 87 16 149 9 1292 7 162 14 1571 13 2190 27708 4538 3245 1657 19547 522 5
1249 523 27708 4538 71 321 6 523 926 7 12398 10 4329 3 3206 198359 4 23 16 20858 533 6 6786 523 4538 10 1913 3 19547 198359 5
81 678 6 3489 3 459997 7 3 198359 10 46 542 4 19393 42 3455 137 523 13991 4309 4 8 3 19547 197 7 19393 25 138 4309 42 677 4 8 3 380 19547 197 7 198359 18 3467 543 15 3 156894 7 3 676 3768 1058 5
80440 8783 10768 1443 80440 8783 11379 4 47 231 22190 42101 1443 8 31 1254 543 15 954 163 3 22190 1566 4 27 117 2333 10 523 532 6589 5
1604 35 3728 33 2042 523 2333 7 10 532 1443 5
17 689 1364 10 10472 16 10472 3 19393 7 3 3206 4333 7410 5
17379 4 3 221 7 4333 7410 8 1396 16691 31 6234 24 1149 4 8 3 19393 7 138 4333 7410 71 26 30512 24 13991 4309 5
1302 593 4 13896 3 954 8 3 221 7 3 4333 7410 71 26 1109 21 83 27708 3893 14 4 486 19 3 198359 5
81 46 542 4 415722 1586 18 25810 6 1800 3 2007 22190 198359 8 5
65179 992 543 22190 42101 284 35 33 4 57 7 3 108 27708 4309 220 10 46 601 4 16 9 5018 14 7995 3 3206 19393 14 4333 7410 10 22190 42101 1443 5
81 22190 42101 1443 4 3 9796 23394 3054 31 4939 10 3 916 7 201026 23033 4 8 3 3354 23394 31 4939 10 3 916 7 27728 20587 49 4599 3354 2770 5
81 678 6 7322 3 4333 7410 19393 4 32629 9 5373 2854 5018 47 18 1589 24 36277 35 4164 33 5
5602 3 928 650 4 80 25810 9 3109 7 3 4309 7 248 20085 7 5464 8 7 5464 5
34989 31660 35 37566 33 81 46 31660 4 184 7 3 108 27708 4309 25810 10 46 601 4 9 182 7 31527 16 1601 21 32 2007 1193 5
931 31527 27 307 6594 13 3001 10777 7 3 6905 4859 4 8 192 6594 71 26 220 6 13012 3 5188 4859 871 14 290 1570 28451 5
17 5188 4859 16 153 220 6 8612 3 31527 5
1498 46 650 4 80 7801 35 11771 4 17764 8 33152 33 9 2190 2156 7 2113 35 11771 4 31527 33 6 384 333 2113 5
145 650 1755 285 80 384 9 28451 13 29 9 5188 4859 871 3628 6 49 287 58 3 4939 6680 14 282 1193 5
98586 708 842 3 81495 27708 650 7 9 37566 8 3 2826 7 1204 4 1572 4 8 1913 3 282 10520 4411 5
98586 708 5
312374 7 37566 650 14 13896 282 1647 35 1193 33 5
98586 700 5
312374 7 124913 650 14 13896 282 1647 35 1193 33 5
77250 23763 27708 35 124913 33 17379 4 46 31660 16 543 15 23763 1442 5
1532 4 9 182 7 10498 16 1146 5
931 10498 1485 3 216 604 21 3 31527 10 3 37566 31660 5
931 10498 31 1324 10 3 2104 904 109 329 18982 29 3 785 6 26 9 2104 5
142410 31 1146 6 398 6 3 282 827 35 11771 4 5188 871 33 47 43 27 2548 792 4 49 13 40 5737 10498 27 2548 5
17 14130 7 290 18982 31 3275 24 3 67 10777 7 28321 8 827 5
1210 6 446326 35 459 33 4 3 3353 28321 7 9 18982 10 290 43241 16 1547 6 3 767 28321 7 13 18982 4 3 282 827 7 13 18982 10 3 767 43241 4 8 3 391 282 827 25 297 70 10498 5
17 282 827 8 391 282 827 31 3467 543 15 3 5188 4859 2770 5
273 290 18982 4 67 7 3 827 8 28321 31 7154 21 3177 53 35 459 33 35 503 33 114 4114 3082 249 4 341 4 459 4 9424 109 9424 16 3 23763 1646 109 9575 16 3 43241 221 109 8 267846 31 3 10750 225419 109 19966 16 3 35052 2059 109 8 31 3 6951 1051 10 3 1079 7 1356 6494 249 1362 109 16 3 827 7 18982 4114 22 89 9575 109 16 3 28321 7 18982 4114 22 89 9575 109 16 3 897 282 2104 109 8 16 3 391 282 2104 5
195248 4 3 1146 23394 31 1324 10 3 2104 904 4 8 10 290 43241 3 282 391 827 8 282 827 7 290 1570 18982 31 4218 543 15 3 7154 5188 4859 2770 14 70 10498 5
17173 446326 35 459 33 4 3 84 28321 7 290 18982 16 7900 24 50 767 28321 5
17173 446326 35 503 33 4 3 84 827 7 3 18982 16 3455 137 3 767 827 7 3 18982 8 50 3353 28321 4 47 18 7900 24 50 282 827 8 3 391 282 827 5
17 2371 7 70 10498 31 12354 24 3 5188 4859 8 677 6 4556 3 391 282 827 10 290 43241 5
12502 4 70 10498 1951 3 161 1627 7 290 1570 18982 5
17 30026 650 7 5
35 459 33 8 35 503 33 16 313332 14 70 10498 4 8 1435 3 2371 7 3 10498 31 21171 6 9 2190 827 47 849 16 3 181308 30392 827 5
98586 700 842 3 81495 27708 650 7 124913 8 3 2826 7 1204 4 1572 4 8 1913 3 282 10520 4411 5
98586 704 5
312374 7 7039 1506 7 4341 6573 8 3726 284 1589 14 128842 22003 12208 284 35 440675 8 1453 4 33 5
9757 352 17 542 352 16 15 3 2162 487 7 3 199134 2596 35 25797 8 70323 4 33 5
17 28309 12208 284 16 9 41748 6905 12208 284 4 44 50 346 733 16 6 1316 3 17926 4254 352 25 4405 5
81 46 542 4 80 3617 3 284 14130 7 3 12208 8 1800 32 5257 7039 1506 14 50 89359 6926 8 5841 543 15 19547 5
264396 16676 7 3 18858 42 1589 538 3 121480 5018 5
98586 704 842 3 81495 7 3 1589 7039 1506 7 4341 6573 284 10 128842 22003 33041 5898 5
17 1506 18 1589 137 63888 10 370952 5
17 12609 37521 7191 93943 25 3 12208 16 3 7545 3583 4 392 10 970 7 596 509 5719 15 3 12208 5
145 596 509 5719 16 32 9796 871 6 3 22190 8783 10768 13 7414 3 6926 1315 4 21 1595 10 98586 704 5
81 3 17229 1506 4 3 8423 31 1085 19 3 2190 4250 5719 15 3 12208 21 9 8515 14 3 1315 7 3 22190 8783 10768 137 89 5
17 37382 25 3 6926 16 7154 543 15 3 4801 7 3 509 468 3 6926 5
5602 3 20260 11861 4 3 3354 25 3 6926 16 7154 543 15 3 596 5719 468 3 6926 4 47 16 3 676 12609 37521 7191 93943 5
17 198359 7 67 4939 10 3 7039 1506 42 30512 5
98586 782 14103 3 614 81495 7 27708 650 538 3 25810 7732 1442 4309 10 46 542 5
81 46 542 4 3 9796 23394 35 2007 4333 7410 33 7 58122 14 189 6926 8 5841 27 45 197 10 3 916 7 409 9796 18679 5
17 221 7 3 18679 16 3467 543 15 3 3526 12 867 5
999 12752 3 3768 2770 4 3 54827 7 3 221 7 18679 71 26 12354 109 3475 4 13896 3 221 7 9796 8 3354 4333 7410 16 9 794 650 5
9049 4 3 221 7 3 18679 71 26 3467 21 184 27708 12911 5
98586 782 5
903 81495 7 27708 650 538 7732 1442 4309 5
98586 183 5
58122 23394 198359 7 9796 8 3354 10 3 22190 42101 284 5
81 46 542 4 3 9796 4333 7410 31 4939 10 3 916 7 137408 201026 7410 4 47 31 4939 21 3177 53 35 500 33 114 3 12483 7 3 201026 7410 31 4939 137 19393 8 8258 4 227366 35 33 16 9 2029 44398 7 3 201026 3201 4 8 8258 16 3 1055 49 1153 7 3 201026 3201 5
17 3354 23394 31 4939 10 3 916 7 2190 27728 20587 10 47 290 1570 12634 16 148 67 2770 5
3194 12634 16 6234 6 9 2190 10753 4 8 290 2190 9796 10753 16 2442 19 9 2190 3354 12634 137 3 4939 954 5
98586 183 842 3 81495 9796 8 3354 23394 7 42101 284 21 4939 58122 5
98586 407 842 3 81495 1315 7 9796 8 3354 23394 10 3 22190 42101 284 5
98586 403 842 3 81495 2981 7 9796 8 3354 4333 7410 10 3 916 7 3 1589 1506 5
17379 4 13896 3 2125 7 3 4333 7410 16 543 15 3 12398 8 17635 7 3 2673 5
86237 3 2125 7 3 4333 7410 16 543 15 3 3526 12 38460 5
98586 407 5
312374 7 5257 22190 42101 284 19 409 18679 7 29132 8 409 18679 7 55906 5
17 954 10 3 1589 1506 31 1595 10 20498 249 5
17173 13 87 31 409 9796 4333 7410 4 409 954 9439 3 9796 2770 6 3 3354 2770 5
17 45268 522 7 3 14130 7 3 4341 10 3 12208 284 31 1595 10 98586 698 5
17 2236 10887 42 17229 137 9 11861 7 8551 20260 5
17 12208 284 12 9796 8 3354 2770 42 1595 10 3 916 7 596 5719 871 15 3 12208 5
17 50185 10 98586 698 31 4 3995 53 249 33 3 7 37521 6 3 12208 109 341 33 3 37382 7 93943 25 3 12208 109 459 33 3 12609 37521 6 3 12208 287 93943 109 503 33 12609 37382 25 3 12208 137 3 4341 532 8423 109 500 33 12609 37521 6 3 12208 56586 37382 137 93943 8 37382 25 3 12208 137 3 8423 109 708 33 12609 37382 25 3 12208 137 3 5841 109 700 33 676 13422 10 3 4250 653 15 3 12208 35 13422 16108 676 12609 37521 287 676 93943 8 676 30789 25 189 3 8423 8 3 5841 109 8 704 33 3 12208 12 29226 4250 653 5
17 30512 198359 14 3 5841 8 6926 42 13792 6 3 7 6926 8 5841 5
17 1254 3726 284 10 3 1506 21 1595 10 98586 704 1564 70 3 10887 7 3 3893 7 3 1506 5
238 32 946 7 522 4 98586 685 842 3 230 37382 137 3 6926 4830 3 12609 37521 6 12208 7191 12609 93943 14 9 4341 19 43932 462 566 8 889 18398 11432 11861 4 10 47 98586 409 842 3 24220 650 137 37566 4 124913 4 8 29182 543 15 98586 685 5
194896 5
240 3 24220 650 137 37566 4 124913 4 8 14 230 1315 7 6926 8 5841 10 108 4341 11952 7 18749 4 32009 4 8 43932 4341 462 4736 19 889 18398 11432 11861 5
41221 3 155737 2770 25 3 108 523 4309 6154 13 3 3033 155737 871 18 3455 25 10978 522 4 47 39 9 798 155737 58 155 5
17 30512 198359 14 3 5841 8 6926 42 13792 6 3 7 3 6926 8 5841 5
98586 403 5
1506 2981 5
20498 249 5
17 4939 1219 954 5
15293 221 8660 1215
98586 698 5
285750 676 37521 8 37382 10887 137 20260 11861 14 5892 4341 19 43932 462 566 8 889 18398 27276 11861 5
98586 947 842 13 155737 16 5668 21 3 221 7 4333 7410 10 3 2007 22190 42101 284 16 853 5
26823 3 221 7 4333 7410 59 853 3 928 650 89 5
20498 341 842 3 155737 2770 7 523 178675 928 4309 163 523 4341 11952 5
273 6490 19 43932 8 18749 462 4736 4 3 6636 2770 10 20498 341 4459 13 124913 10978 3 2654 155737 2770 10 6926 4 8 37566 10978 3 2654 155737 2770 10 5841 3726 5
273 9 4341 19 9 32009 462 566 4 37566 10978 3 2654 155737 871 10 6926 3726 5
17 1589 7039 1506 10 46 542 3639 8179 3 3074 7 3 21142 6 3 12208 4 3 30789 25 3 12208 4 8 3 4250 653 13422 15 3 12208 109 45052 4 3 17229 7039 1506 543 15 3 19547 178675 2770 6154 13 129 284 18 488 6 3639 4112 3 8423 8 5841 10 108 4341 11952 53 18749 715 4 32009 715 4 8 43932 715 5
931 522 5441 3 13463 7 7039 17229 2520 10 3726 4341 532 1443 5
79 9464 543 3726 4088 9 284 12 7117 63282 2981 6 581 30512 22190 8783 11379 4 8 71 852 4341 2582 6 27 5314 954 14 4341 884 163 523 4341 11952 5
98586 685 5
42296 37382 13422 137 3 6926 4830 3 12609 37521 6 12208 7191 12609 93943 14 9 4341 19 43932 462 566 8 889 18398 11432 11861 5
98586 409 5
17 24220 650 35 3768 156894 33 137 37566 4 124913 4 8 14 6926 1315 35 43932 462 3154 4 889 18398 11432 11861 33 5
98586 697 5
17 24220 650 35 3768 156894 33 137 37566 4 124913 4 8 14 1913 3 198359 7 343321 14 5841 1315 35 43932 462 3154 4 889 18398 11432 11861 33 5
98586 800 5
17 24220 650 35 3768 156894 33 137 37566 4 124913 4 8 14 1913 3 198359 7 343321 14 6926 1315 35 32009 462 3154 4 889 18398 11432 11861 33 5
98586 630 5
17 24220 650 35 3768 156894 33 137 37566 4 124913 4 8 14 1913 3 198359 7 343321 14 6926 1315 35 18749 462 3154 4 889 18398 11432 11861 33 5
98586 947 5
17 155737 13422 4830 3 221 7 4333 4859 2770 5
20498 341 5
29139 7 26327 5464 7 3677 928 4309 15 1254 58122 14 523 4341 11952 5
29139 7 26327 5464 35 155737 33 14789 19 577 85 462 4736 14789 19 450046 462 4736 14789 19 324689 462 4736 12266 5018 10478 3726 52266 3726 10478 3726 10478 3726 37566 8893 183 9455 8893 124913 8893 9455 8893 183 8893 9455 8893 9455
17 3961 7 120 58122 10 4329 3 230 2770 14 2190 29132 16 1752 1547 6 189 3 2981 7 3 58122 8 3 459997 7 50 198359 109 3475 4 1572 32 19547 22190 42101 284 1038 48480 189 3 2981 8 3 198359 7 3 58122 5
17 1217 10 12430 3 2981 7 3 58122 71 26 2118 137 189 45268 8593 8 25147 3898 7 3 9796 8 3354 2770 5
1301 4 3 3206 198359 14 3 83568 1254 2981 7 3 58122 71 26 170 137 3 3206 27708 4538 10 3 916 7 9 1046 2869 5
81 4631 6 767 2062 4 3 1217 7 46 542 10 22565 3 1046 2869 6 1377 3 459997 7 3 198359 7 3 1589 115 23 9 177 1509 284 532 4462 446 1217 71 26 2262 6 83 7039 1443 8 521 89 1380 5
66697 3 1046 2869 420 286 6 27 2537 7608 773 10 4329 3 230 5257 266 4 19039 91 10436 21 3726 1443 15 3 37382 6573 6926 8 5841 10 9 20260 7 3 128842 22003 4341 532 284 10 1372 52924 5
1655 9 3707 18423 5138 4 3 231 7 9 1046 2869 1513 4623 307 27708 6599 2436 9992 5
720 837 27708 1217 1601 3 282 55906 163 70 912 4 95 3 1175 6 5339 3 282 55906 25 307 6599 2069 3 343321 12 773 5
17 1217 7 46 542 10 2016 3 45268 8593 7 3 9796 8 3354 2770 420 286 6 3 1408 231 7 3 5018 14 1572 32 2007 2981 7 58122 14 9863 401 30392 2007 2770 14 3 198359 5
81 83 1299 4 3 28579 522 7 46 542 661 13 32 19547 1746 14 3 2981 7 32 58122 16 21 1568 9 176 7 3 27708 650 21 3 27708 650 7 13 2981 12 198359 5
1302 593 4 22565 3 1046 2869 14 1913 3 19547 198359 16 9 5314 1217 14 12430 9 1509 8 4213 343321 35 9 58122 33 4 44 8255 23 51 26 8625 8 470 16915 5
273 1572 9 1509 1046 2869 4 3184 27708 27964 144 26 3677 4 47 36 132 3 2869 48 4093 5
10 7039 1443 71 26 25810 883 14 3726 9 2190 650 49 6 532 9 2190 650 5
81 3726 49 6573 9 2190 112968 650 23 71 26 3677 1122 4 44 10 1538 32 5344 1566 49 10774 9796 2770 4 3 3768 1043 36 474 8 3 343321 36 26 9325 10 4329 3 230 1315 2770 109 3475 4 87 16 9 2409 236 14 9 9464 284 6 4219 3 2981 7 3 58122 103 48480 50 198359 5
81 104 7 3 7039 532 1443 4 17635 4 470 4 6928 4 8 10905 7 3 284 31 20858 533 4 8 70 7 192 2193 7755 111 2911 10119 10 3 1746 650 5
64785 8 7623 22190 42101 1443 10 10534 1380 4589 346 2235 5
81 12430 3 2981 7 22190 543 954 4 23 16 20858 533 6 5339 3 3206 4309 13 71 321 6 7025 2505 4089 5
2625 4538 7 628 4242 71 26 25810 6 30174 8 10753 3 9796 628 5
1249 4 10 521 1380 4 3 25810 628 16 34 3175 112968 8 29 523 1543 7 4046 4 628 7 46 1835 71 26 1109 21 22190 2770 623 58 112968 2770 5
9049 4 6 1377 3 459997 7 3 198359 4 307 3206 27708 4538 144 26 3677 10 3 1046 2869 1513 4 47 10 970 7 470 8 89 51 26 1908 8 48 4093 5
1249 4 14 12430 32 58122 4 80 19491 1574 1543 7 628 4 3 5257 11040 8 7 32 58122 10 9 3528 1079 7 628 144 26 4729 5