81 46 1381 4 67 60567 4538 4 13563 4 837 532004 61279 35 279530 33 1506 8 33855 186564 22190 42101 284 35 33 4 27 45 1273 14 89 507 10900 5
79 13422 7 18982 23763 27708 35 124913 33 19 27022 11933 39740 4 226 4 29 45 220 14 37582 7 279530 1506 19393 557 6 5
17 10900 7362 7 8 29 45 12859 538 7081 220 108140 4 294303 8 9832 4482 93927 7 4 8 28487 5300 7 165834 35 70983 33 5
17 928 8 960 3800 7 189 5373 60567 4538 27 45 677 14 192 93927 5
2897 507 10900 4589 7678 3 284 3074 10 426 543 15 317 7 3 498 8 3 271 1799 7 3 284 5
53139 7 89 507 29 2887 2333 10 3 3547 7 1897 4 3685 4 3570 8 177594 4 297 461 5
2625 4309 27 45 220 14 10900 7 521 247 1812 4 108140 89 507 7081 9184 10 1678 133 2673 30951 35 13043 4 7357 4 323 4 3578 109 4693 323 248023 4 502 109 26012 323 13056 4 2773 33 5
81 308 85 4 87 16 59 9 875 518 10 18166 461011 46333 27964 4 7081 18549 21 46333 1442 35 60567 33 4 10 11533 2505 25 628 4 189 10 932 8 601 35 4 2391 109 1824 323 146080 4 3401 109 1824 4 146080 4 323 9048 4 1278 109 148117 4 1824 4 323 24776 4 359 109 341421 323 4 280 4 274 33 5
2018 1678 60567 4538 4 7732 32542 2642 35 439493 33 27 45 1589 10 916 7 8690 5146 992 2520 543 15 7207 2854 650 7 3 746 2032 5
2018 523 3351 7 439493 4 179777 35 106153 33 32542 2642 31 1144 974 35 4 2391 33 5
10087 837 532004 61279 35 279530 33 1506 29 45 1273 21 32 2155 6 3 614 106153 2125 49894 5
17 279530 1506 25885 50 6575 25 3 837 61279 66413 10 34566 35 19394 4 2773 109 19394 323 113558 4 1515 33 5
17 279530 1506 16 146 13911 10 2981 58 3 48 4759 179777 49894 8 71 582 333 3800 4 92 3577 3559 35 80394 4 4 4 323 47134 4 502 109 38347 4 1278 33 5
527 4 3 1028 7 3 279530 1506 5473 15 37582 7 3 1506 19393 10 3 928 967 4 825 6 49894 5
1471 60567 5533 4 13563 4 18982 16206 27708 35 124913 33 18 1273 24 1824 8 146080 35 3401 33 21 9 1193 543 160269 27708 5533 3581 24 3 855 3074 7 5086 25999 5
124913 16 9 205930 1906 31660 543 15 182 35 23763 33 3074 5
17 31660 6950 14 32 19547 871 24 3975 11797 8 855 317 297 3 2113 35 10498 33 5
124913 29 117 9063 72 13991 66413 4538 105 4624 27964 10 970 7 13911 7254 4 3254 23462 489 8 2121 19393 6 8743 35 1824 12283 32330 4 1278 109 148117 12283 32330 4 359 33 5
17 4084 7 124913 16 875 19 2333 10 5471 3547 7 3685 4 28487 8 855 12089 4 297 461 35 148117 12283 32330 4 359 109 341421 323 4 280 4 274 33 5
81 3 1379 162 4 3 279530 1506 19393 27 45 1221 538 124913 35 43311 4 170851 4 323 311 4 359 109 19959 323 7277 4 280 33 5
79 13422 7 124913 19 27022 11933 39740 4 4 29 45 220 10 46 162 5
17 3979 3109 16 18549 21 5
80440 8783 35 26244 33 29 45 220 10 117 5238 3685 5771 106 7 50 7453 10 2957 19 50867 8 75186 317 35 48511 323 4 2391 109 163251 4 9749 33 5
17 1509 6681 7 22190 8783 16 13 104 7 746 14618 8 4102 7566 16 10778 76 22190 954 5
17 3109 7 13746 4 50867 317 8 3 50867 2129 7 3 10554 650 132 22190 8783 177 1783 10 17241 1812 3685 4 224 4 1474 8 891 1443 47 31 2631 841 6 1506 5
145 1217 20178 121392 8 88038 10 189 1506 24656 8 2104 6589 5
17 346 667 694 10 3 2673 7 26244 49 22190 42101 284 35 58122 33 31 3 3394 7 22190 4333 7410 35 458636 33 4 10 970 7 221 8 2125 4 12430 3 1396 1084 46254 3 421 650 21 166 21 3 16619 2193 220 10 8 4290 5
931 19393 8 3 6294 31 4 10 614 4 961 543 15 2489 3524 8 2516 2505 5
81 33855 186564 22190 1443 35 33 1273 24 36277 35 4164 33 4 3 9063 7 26244 8 439493 42 2164 14 13999 3 458636 4 3 1396 1084 8 1547 19393 6 2338 3 928 100402 5
81 46 1381 4 67 60567 4538 4 8 4 27 45 220 14 89 507 10900 5
17 10900 7362 7 192 4538 29 45 12859 538 7081 220 108140 4 294303 8 9832 4482 93927 7 4 8 28487 5300 7 165834 35 70983 33 35 2158 53 33 5
17 928 8 960 3800 7 189 5373 60567 4538 27 45 677 14 192 93927 5
17 939 7 3 1381 16 4393 21 3177 5
8941 341 4241 15682 3 279530 1506 5
81 8941 459 4 3 2370 124913 31660 16 2209 5
79 2941 2898 15 16 2209 10 8941 503 5
8941 500 6274 3 522 8 7951 31 10 8941 708 5
98586 249 842 3 81495 7 9 614 837 532004 61279 35 279530 33 1506 19 9 2854 31660 14 17241 9 284 19 9 837 3354 11348 8 3 9796 60401 14937 5
17 9796 60401 14937 3082 58508 94604 56012 19 38540 2059 40056 7799 3082 1356 236178 1362 8 9124 60401 8862 3082 58508 95531 56012 3497 3 23449 60401 9421 3082 58508 64943 56012 4 4114 3082 249 4 9424 114 9424 16 3 1646 7 3 9796 60401 5
17 60401 9421 1287 137 3 81040 38105 8 1487 6740 6 11348 137 3 108140 4859 7 21 3177 53 35 249 33 35 341 33 35 459 33 35 503 33 17 3316 7 3 279530 1506 16 6 12042 3 3768 35 16054 33 148 3 1341 3354 235468 8 3 1506 3354 14 3 216 9796 60401 5
17 1506 19393 236178 8 95531 31 9888 538 3 2854 31660 543 15 6 12042 46 3768 35 16054 33 5
71674 7 837 532004 61279 1506 19 35 33 98586 249 5
71674 7 837 532004 61279 1506 19 35 33 5
3260 18982 23763 27708 35 124913 33 81 46 2124 4 9 2941 5385 6 124913 31660 16 2209 4 14 1056 2942 35 1824 12283 32330 4 1278 33 71 26 3876 6 5
8561 122545 7 124913 8 50 23299 31 2209 10 148117 12283 3462 5
35 359 33 5
273 9 565 19 9424 23394 4 290 537 2104 71 26 554 7 21 9 18982 19 9 827 60401 7 15209 523110 17 1193 7 15441 133 2113 35 10498 33 71 26 29371 21 3 23763 5
3062 8 3001 4 3995 3 498 827 8 3 28321 7 211736 18982 35 4114 3082 249 4 15441 33 10 3 2586 35 72539 3082 249 4 9424 33 5
17 5188 7 9 18982 16 8871 24 17444 3 871 7 3 1341 49 3 6905 4859 14 3 498 827 7 3 18982 5
208 3 871 7 3 6905 4859 14 3 498 827 7 3 18982 16 333 58 50 767 282 871 153 3 498 827 16 6173 21 3 84 282 1570 35 897 33 2737 4 5
17 282 498 2371 7 70 10498 31 677 19 3 3851 282 827 7 3 1081 23763 35 391 49 2621 33 4 4 10 970 7 3 5188 4859 5
17 391 282 827 16 14031 3353 92 120 7 3 18982 1570 282 35 4 33 16 333 58 3 767 391 282 35 4 33 5
17 498 827 8 3 28321 1865 3 16480 7 3 18982 5
17 28321 7 3 18982 16 7900 24 108 5937 4 13563 4 96746 4 11797 8 855 5
17 96746 6825 3466 3 3074 7 3 18982 10 3 498 2586 5
17 11797 8 3 855 5937 3001 3 18982 2106 2900 7 50 897 282 827 35 33 8 3 391 282 827 35 33 5
17 28321 8 3 827 7 3 18982 31 3353 14 3 161 43241 1092 35 11856 1635 249 33 25 50 2770 22 498 1092 11856 21 3177 53 35 500 33 35 708 33 114 15850 35 6494 4 249 33 2464 30985 5146 6951 1051 10 3 1079 7 35 6494 4 249 33 5
931 6951 1051 1379 3 160269 2129 7 3 1046 31660 5
17 91755 8 267846 7673 3 88637 7 3 12467 15 3 18982 28321 10 3 2586 7 3 1570 8 3 391 5
81 46 162 4 3082 9190 8 267846 3082 9190 42 220 5
25493 18982 23763 27708 35 33 81 2029 124913 4 87 16 97 57 1193 35 23763 33 5
527 4 22 400 4 907 14 1812 544 4 23 16 35578 6 8245 2489 27022 39740 35 11933 39740 33 5
81 46 1185 4 1013 21 27022 124913 35 33 4 2489 11933 39740 336 10 8690 6 5576 523 9676 7 3 1046 904 8 3 10498 1557 3 7 70 11933 39740 14027 10 18298 40 28321 8 827 5
17 28321 18298 446326 35 500 33 16 29418 21 3177 53 35 700 33 114 14305 3082 249 4 4 2106 4 2106 110 3 221 7 11933 39740 8 24880 16 9 6951 216571 148 249 8 2106 4 3364 3 6951 1291 7 3 11933 23763 446 16 3467 10 3 28321 4219 5
543 2854 7 279530 1506 19393 17 3316 7 3 1379 1217 16 6 5339 3 279530 1506 19393 35 236178 8 95531 33 133 13 32 6905 4859 3364 3 1153 2842 3768 35 155737 33 16 42726 5
35 704 33 114 9450 16 3 9892 35 5907 33 1291 8 6517 2464 3 676 221 7 5036 5
81 3 1379 162 4 18 220 6 5339 3 279530 1506 19393 25 9 4650 392 1079 1356 4 409 1362 14 290 29404 3 6905 4859 35 704 33 5
79 1193 1646 7 306 2113 2714 4351 10 108 11933 39740 18 220 1204 19 14027 4209 18982 2371 8 107136 5
17 6905 4859 35 704 33 18 220 21 3 5188 4859 5
17 3235 2020 7 11226 18 220 21 3 14152 38020 5
81 46 2124 4 3 689 2000 7 31 4241 2994 5
16747 31 3876 6 36277 35 4164 33 14 1056 5
79 3848 2981 14 9 284 14484 7 15441 29132 35 273290 4 4 411736 33 290 19 9424 458636 4 1883 954 8 57 3354 35 11348 33 16 1595 10 98586 341 5
81 3 267 7 3 317860 10900 4 3 3354 16 11348 3082 4 11771 4 3 992 16 220 6 4764 3 507 35 11348 33 24880 89 1959 588 543 15 3 498 8 3 767 15441 2770 5
273 3 1379 267 7 57 1092 588 10900 4 24880 3082 249 5
17 992 14484 7 218 10746 16 220 14 928 2125 22190 42101 284 35 58122 33 137 2854 8 9384 5
11292 7 30864 35 6517 33 10 9419 249 16 3 1247 7 1051 7 29132 35 15441 33 8 458636 35 9424 33 14 290 9796 4 11771 4 6517 3082 52134 5
11292 7 30864 10 10746 16 3628 6 3 221 7 954 35 1883 33 10 3 22190 1396 1084 5
18087 2981 7 98586 341 5
18087 2981 7 5
66 2818 9 928 100402 7 13228 1808 35 273290 4 309581 4 4 411736 4 11348 33 13239 3 1341 284 6 26 18213 5
285572 9013 3 29132 35 273290 4 309581 4 4 411736 33 6 3 3354 35 11348 33 137 458636 4 3 1396 1084 8 3 1547 19393 40664 3 392 928 100402 5
66 2179 19 2007 458636 4 10 970 7 2125 8 221 4 8 3 1396 1084 13 71 26 1254 53144 5
8323 9 5373 2854 5018 14 18298 3 58122 19393 5
66 32629 3 66590 10529 1217 6 46755 3 13578 19393 13 7673 458636 8 8323 3 248 20085 5018 6 2705 3 42285 19393 13 7673 3 225419 7 290 3354 14392 10 3 2125 22190 1396 1084 5
17 928 650 1755 10721 3 13228 221 7 928 1959 35 129759 33 49 3 13228 6808 1153 26327 3768 35 33 148 3 13228 8 3 4209 3354 16 3439 5
81 3 1379 162 4 67 458636 7 48015 10162 2125 42 220 14 290 9796 12911 5
81 46 162 4 3 3235 55978 8 3 1341 42 197 22 577 8 4 3995 5
81 46 1381 4 3 2673 7 8 10 89 507 10900 16 12859 538 108 93927 4 13563 4 35 31559 33 89 507 4 727 30520 100402 8 165834 35 70983 33 93927 35 2158 53 33 5
17 10900 3800 7 3 60567 27964 31 677 5
89 507 17 100402 7 9832 4 14510 96860 317860 18 4209 538 446326 35 782 33 19 2007 1215 7 11348 35 6494 33 3082 4611 8 2800 89 3082 800 5
35 782 33 17 48871 1070 11348 35 9575 33 35 496 249 33 7 22044 628 266 54 3 2007 91766 18 220 6 1649 8 960 189 60567 58818 5
17 3316 18 6 4764 11348 35 11856 1635 249 33 25 3 2770 7 767 89 1959 11348 35 11856 33 4 11348 35 11856 115998 708 33 4 11348 35 11856 115998 403 33 8 11348 35 11856 115998 630 33 5
17 74 8807 628 266 42 220 14 928 8 3 161 1317 266 42 220 14 2279 3 83538 7453 7 3 58818 5
98586 459 842 3 10887 7 3 773 1291 35 4520 33 14 108 11933 39740 72 3 5197 14 5
766 11933 39740 21171 6 9 177 396 871 496 1317 5197 5
17 74 176 7 20498 249 842 3 3848 2770 7 3 279530 1506 17509 8 34710 5
98586 503 35 9 33 8 35 8862 33 842 3 2655 89 507 14 928 8 960 538 5
98586 500 35 9 33 8 35 8862 33 842 3 2655 89 507 5479 3 1341 2770 1144 2402 10 267 7 5
17 10900 773 16 3380 10 970 7 48871 35 33 47 16 3 5514 7 8 3 2029 44398 7 3 1341 3905 5
17 74 176 7 20498 341 842 10900 8 3 928 89 14 189 60567 4538 5
12134 333 58 189 10 970 7 8 928 89 5
130190 7 773 1291 7 11933 39740 98586 459 5
130190 7 773 1291 7 11933 39740 5
20498 249 5
133951 992 19393 3455 25 27022 124913 14533 5
100402 376750 147461 249 147461 341 147461 459 19966 8862 7799 8862 19966 8862 11348 35 11856 33 11348 35 11856 115998 708 33 11348 35 11856 115998 403 33 528777 11348 35 11856 115998 630 33 13043 7357 11348 35 11856 115998 249 33 28825 35 11856 115998 503 33 70983 11348 35 11856 115998 249 33 251613 11348 35 11856 115998 341 33 11348 35 11856 115998 503 33 520301 555758 11348 35 11856 115998 704 33 537311 537311 537311 53139 7 89 507 538 203192 35 9 33 928 4 35 8862 33 960 98586 503 5
53139 7 89 507 538 203192 35 9 33 928 4 35 8862 33 960 5
53139 7 89 507 538 35 9 33 928 4 35 8862 33 960 98586 500 5
53139 7 89 507 538 35 9 33 928 4 35 8862 33 960 5
20498 341 5
75250 7 10900 773 148 8 5
100402 628 12266 89 35 2106 33 12266 89 35 2106 33 147461 249 147461 341 147461 459 12266 232250 88335 2954 12266 174505 37168 2954 70983 12266 346536 142033 2954 12099 5
13043 727 30520 628 17 100402 2464 3 6999 7353 21 3354 4 11348 35 9575 33 4 10 970 7 9796 727 3154 489 4 28825 35 9575 33 4 25 9 25124 650 7 9 13409 818 8087 35 13043 12283 32330 4 3578 33 5
1655 9 676 197 7 40104 628 9906 4 3 74 6327 628 266 42 220 14 928 8 3 161 6327 628 266 42 220 14 960 5
17 3316 16 6 4764 11348 35 11856 33 10 970 7 11348 35 11856 115998 249 33 8 28825 35 11856 115998 503 33 5
20498 249 6274 3 279530 19393 7 3 3559 1506 5
20498 341 842 3 928 8 960 522 5
8077 4 93475 14 46 100402 5
194896 5
708 8 700 240 3 2655 89 507 19 8 4 3995 5
53139 7 13043 7357 89 507 538 35 9 33 928 4 35 8862 33 960 98586 708 5
53139 7 13043 7357 89 507 538 35 9 33 928 4 35 8862 33 960 5
53139 7 13043 7357 89 507 538 35 9 33 928 4 35 8862 33 960 98586 700 5
53139 7 13043 7357 89 507 538 35 9 33 928 4 35 8862 33 960 5
165834 35 70983 33 100402 70983 100402 35 2158 53 33 18 59 220 6 14076 3 4644 5
1354 928 8 960 93927 17244 7 9976 5036 5
17 3316 16 6 4764 11348 35 11856 33 10 970 7 11348 35 11856 115998 249 33 4 11348 35 11856 115998 341 33 4 11348 35 11856 115998 503 33 8 11348 35 11856 115998 704 33 538 3 60567 58818 5
20498 249 842 3 19393 8 20498 341 842 3 10900 773 5
17 3768 926 31 568 14 189 279530 8 677 6 3 74 67 93927 5
12134 333 58 279530 59 14 46 100402 5
194896 5
704 8 782 240 3 2655 70983 5300 14 8 4 3995 5
53139 7 70983 89 507 538 35 9 33 928 4 35 8862 33 960 98586 704 5
53139 7 70983 89 507 538 35 9 33 928 4 35 8862 33 960 5
53139 7 70983 89 507 538 35 9 33 928 4 35 8862 33 960 98586 782 5
53139 7 70983 89 507 538 35 9 33 928 4 35 8862 33 960 5
11391 31 2209 14 10900 7 108140 4 9832 8 294303 89 507 538 67 461011 46333 1442 4538 5
17 837 532004 61279 1506 19393 42 1221 538 9 2854 31660 543 15 9 13569 18982 23763 27708 124913 5
2680 189 4538 240 9576 206 522 4 12134 333 58 14 70 108 93927 5
17 604 7 461011 60567 4538 10 89 507 10900 16 12859 538 108 166 424 4482 93927 5