145 1381 6274 9 421 270 284 35 58500 33 226 6 3665 7367 109870 5464 7 24328 35 33 10 13174 4463 35 43577 33 5
17 284 29 45 1146 538 3 4575 203210 6684 4 47 2527 4538 7213 25 529973 1586 3685 35 33 8 4011 8116 4 8 23 16 558 137 4 9 3377 14601 14 3 31105 7 43703 3606 1407 4005 8 18193 5
1708 3 5114 8 4538 6 1088 84 1586 24300 543 15 2520 47 20816 6 9 2190 5
66 59 1388 8960 7 1364 4 6 91421 784 25 7998 2505 4 3847 1749 893 10 57 9962 276 5818 3 83 5
17 893 250 539 4 14 3099 4 3 1243 7 84 8278 6 3 58500 49 84 1170 6 3 66413 1547 6 9 4576 5
49474 1442 8 4011 8116 581 22190 8783 6 3009 4046 8 20164 5771 5
80440 8783 16 10292 10 32 42101 284 6 1088 9 22190 42101 284 35 58122 33 109 4108 4 9 837 9796 1396 19266 3797 4568 678 58122 5
17 6062 3465 7 16 2828 24 3 4575 203210 6684 4 47 16 3682 7 56866 3 4209 10 25575 3606 4005 5
66 71 59 1000 9 12665 2673 6 12730 3 58122 5
192483 4 23 4088 3 1243 7 84 1341 7693 14 3 12665 2333 8 3 10113 7 84 1225 7 9583 628 5
29 45 2870 24 9901 50 7736 19 3 522 7 21770 521 16676 25 67 600 53 35 249 33 43577 5036 8 35 341 33 3606 5036 7880 6 2113 7 70 3955 19 3498 13 112 34 4202 35471 6 32 307050 5
17 284 29 1842 3 89 666 24 110420 202 65 677 6 3 9088 89 702 24 6232 4068 5
6459 4 23 29 9109 6401 577 202 7 3 43577 5036 8 3455 32 8958 7 1551 202 14 5036 7880 6 2113 19 3606 3498 5
93598 4463 35 43577 33 16 220 6 4301 1678 1665 13 31 617 154 3 74 265 465 7 3 247 7 9 13174 8 4 65 3577 13493 8 2828 4 27 3 785 14 5470 2091 244 544 4 150 365 35 12283 32330 4 7782 33 5
9537 43577 16 2161 6 7367 109870 5464 7 24328 35 33 13 71 899 3 4652 365 7 3 13174 92 43 31 34 1804 10 89 5
349 3 8101 4 92 43 31 5487 9991 4 693 9382 8 59344 31 1842 35 44447 12283 32330 4 3495 109 1053 323 6798 4 1422 109 28126 12283 32330 4 1095 33 4 8 3 1277 7 247 7 9602 8 703 11657 35 12283 32330 4 1095 33 5
43577 16 34 9 6708 4644 44 9 152 7 44028 9 272 2156 7 3 1193 29404 3 221 7 2915 21541 35 463 6 9 799 9512 33 8 239071 35 463 6 9 799 48581 33 5
12502 4 9 1432 665 340 34 15616 13 3 13174 36 4202 1800 3 12510 1222 5
16024 9 1432 16 7947 4 34286 13752 3803 31 2828 35 883 3606 4 45567 4 49 4624 33 10 678 6 26224 3413 3 4176 665 8 4 10 13 267 4 3156 3 1441 35 24409 39173 4 60173 266518 4 323 241602 24652 4 274 33 5
43577 18 74 3677 14 3 9674 7 247874 35 139945 33 10 3 261 36394 35 20541 323 31380 4 9615 33 5
1249 153 4 46 960 29 343 176 7 3 4082 14 13174 361 8 84 4538 27 45 304 6 3030 3 4644 4 14 3099 4 414827 557407 45935 35 4 744 33 4 35 323 4 1278 33 4 8 4624 2279 49 16811 2199 98209 35 33 35 67376 4 289800 4 28366 4 323 18925 4 3728 33 5
17 784 3115 7 43577 1407 16 530 35 12283 32330 4 280 33 5
1210 6 35 4 59808 4 323 202291 4 2560 33 4 43577 71 7367 72 575 4 150 8278 1547 6 34349 20086 4 16244 8303 79469 4 8 5092 20086 5
527 4 34 70 8278 31 535 10298 5
3763 4 3 197 7 848 10 3 43577 6139 16790 25 151 6 151 5
17 1809 14 6512 32 307050 142 26 523 4 133 21 1654 389 1496 4 8439 667 35 12283 32330 4 2560 33 109 6232 1070 400 35 4 44447 4 323 75016 4 359 33 109 49 3 470 7362 7 3 960 35 141496 4 4 323 4 359 33 5
12283 3462 5
35 2560 33 164 13 4463 1190 31 5559 10 970 7 143 43 1297 48581 35 2790 3 5514 7 239071 33 276 441 9 2366 969 15 9512 35 3 5514 7 2915 21541 33 5
17 1070 89 16 59 1568 4 121 90 1665 31 14386 65 43 31 215 2063 5
17 1070 89 1038 3 89 666 6 3030 3 5907 2376 538 1593 2288 3 89 666 24 6232 4068 6 8612 3 522 8 6 1000 3 12510 210 5
43577 16 1618 2828 6 9 11775 7 1327 5036 6 26 10298 5
520 532 5036 19 424 9963 31 13792 3187 19 3 3316 7 22728 58091 1639 8 59 14 1277 1809 35 6793 323 93231 4 590 33 5
2491 3 522 27 45 2816 4 43 31 18460 25407 24 9901 3 1170 8 307 43420 13544 6 40 2203 31568 2770 5
76935 289 70 2770 31 10 40 29311 11612 16 2239 617 24 18118 3 628 76 24841 105 41300 5
3701 337 15 3 4644 4 133 21 3 10113 7 9 84 307050 6 26 10298 4 2818 1151 6 2589 40 2505 76 13 37278 5
66 51 59 26 12411 92 87 42 9 960 13 144 26 2207 5
6001 58 30240 90 1170 49 11129 35 11771 4 11107 33 4 1151 1618 4535 34 538 91 4 21 43 86 26 220 14 184 960 5
949 19 3 185 7 90 843 7 1586 4 43577 16 9 20558 2485 5
8616 4 3 726 7 24300 133 21 421 270 1443 35 33 866 6607 106 43 71 185 6232 4068 10 40 1866 5
7219 4 23 16 1695 44291 13 192 1443 1333 21 924 2031 19372 1443 4 47 770 13 43 112 34 97 371 9 665 4 44 59 32 5230 7 40 1866 5
7219 4 3 2505 52 3 784 660 16 34 5551 4 95 90 9903 6 121392 4 7553 2576 49 4046 16 666 5
81 46 1065 4 4011 8116 4538 35 4 1278 33 4 133 21 22190 8783 4 2953 2854 24 32542 2642 49 270 60401 4081 4 49 13991 66413 31 907 6607 14 3 784 9962 5
79 22190 42101 284 35 58122 33 86 59 26 9 152 6 4685 19 70390 7 784 2505 5
6832 9 58122 4 2770 663 25 43577 31 76 25429 2770 13 9 244 1832 71 1445 4 8 153 43 31 392 9 871 7 10312 6 40 6474 871 5
1301 3 14618 650 8887 4 8 1435 3 58122 2696 9 4774 35 49 9 858 7 91 33 5
31 488 6 371 40 7951 141 65 2816 628 16 13746 5
158 1618 1379 1277 7 317 35 33 11335 35 17096 4 4 6690 4 543638 4 323 73735 4 590 33 6 1415 3 11040 7 3 522 5
17 17509 7 3 954 10 9 58122 71 26 4939 538 628 4242 4538 35 323 208226 4 280 33 49 24 1149 543 15 40 791 8 660 25 103593 35 4 8286 4 86352 4 323 4 359 33 5
17 172 5018 16 8958 25243 8 3 522 3455 538 23 142 1528 35 17555 323 67250 4 274 33 5
17 4991 16 48 4 44 206 10900 1175 71 34 535 26 5053 35 81298 4 17555 4 6794 4 311 4 323 7153 4 2560 33 5
6459 4 9 4900 900 16 1618 1272 10 678 14 23 6 26 1406 49 3353 4 106 23 29152 3 784 2505 19 5979 2531 5
145 1381 6274 4 32 98694 58500 13 2527 9 58122 21 9 2669 5606 5
145 58122 18 1146 538 3 85929 6684 4575 203210 35 45073 12283 32330 4 7782 33 5
16 36722 53 3 31568 926 7 3 9796 23394 8 16691 7 91 71 26 1406 5
145 16 9 152 6 7933 6 10887 15 3 1193 5559 5
3194 344316 35 8 50 1547 13544 33 29 108 25429 2770 2442 19 23 53 12615 4 25976 8 1692 5
1700 4768 31568 926 35 79022 5
3 6474 1170 13 7673 329 25429 871 33 27 45 4939 4 8 3 4650 16 488 6 13655 91 92 666 5
5952 10 3 352 27 4939 3 17509 6234 6 3 954 232 6 660 10 6854 5
17 284 16 1967 15 1533 6 15564 3 522 7 9 2376 24 580 22 3 7353 7 3 4279 437730 14 290 307050 5195 5
66 16 34171 6 2399 3 104 338 8278 35 138 19 9 13300 3628 6 49 568 58 575 202 33 232 6 3 5559 2770 35 92 120 33 8 4853 524 13 4774 29 45 1049 5
6506 6 3 8960 7 956 35 546982 323 120101 4 1278 33 13 529973 1586 3685 35 33 1708 4 4068 71 61684 2000 4 133 21 1463 84 8278 6 26 10298 4 39548 9 960 19 9 84 57 4 49 13999 2770 6 84 784 660 35 13 16 4 2571 4768 2770 4 1463 84 437730 6 26 351 76 1250 49 6375 90 7 91 33 5
3763 4 13565 71 59 26 2828 6 8744 3 284 6 7998 893 276 27396 3 2505 13 2520 23 5
8616 4 1945 133 21 1463 84 1543 7 628 35 17905 4 2043 628 1252 24 9 84 2354 33 49 18976 3 58500 10 184 1586 2912 71 26 1303 61 276 146 48 900 5
17 8254 7 46 1381 16 4393 21 3177 5
8941 341 36 1379 601 15 3 692 2278 24 46 1381 109 8941 459 36 581 2190 317 52 3 1746 8 726 7 3 6227 2104 53 3 4309 4 143 43 18184 6 1088 4 8 3 5036 220 6 1415 50 773 109 8941 503 36 1379 3 522 3455 14 3 5036 2209 10 8941 459 109 8941 500 36 1588 192 522 109 8 1435 4 8941 708 36 164 3 7951 7 46 162 5
187 16 90 660 10 6854 52 3 231 7 14 1533 19285 538 4011 8116 4538 5
273 3099 4 7744 12283 3462 5
35 6833 33 1379 9 6684 543 15 2953 2854 19372 21 9 4462 6 4764 459 523 4 427 3 2770 7 1596 437730 21 9796 4 10 9 23095 43577 284 5
17 6684 4286 9 270 60401 2953 21 9 421 1506 4 47 16 9 215091 92750 19372 284 35 11771 4 23 1708 5050 522 44 276 15041 33 5
67610 12283 3462 5
35 2560 33 1379 9 4462 14 7100 9796 344316 1170 19 3851 410 2770 14 2190 8278 5
66 16 3 665 7 9 1857 3159 14 143618 8 3096 43577 543 15 234675 319153 5
81 46 284 4 1481 27 6 5339 3 9796 437730 8 3 307050 43 256 6 1970 5
17 284 36 5998 6585 3 9796 3892 76 9 7539 1846 13 16 2118 24 3 20220 148 9 2267 1193 8 3 11612 1547 6 3 1341 307050 5
150 27 45 1940 220 14 614 4463 5060 4 133 21 814 6445 3 104 6943 1260 10 3 7705 7 9 2911 2481 10 32 1784 1698 35 323 283135 4 7782 33 4 864 3414 3394 35 4 541612 4 140757 4 323 4 6833 33 4 8 23095 444 3394 25243 6 20844 538 695 521 1558 2210 35 14721 4 15669 4 323 30218 4 7782 33 5
6832 19 10292 58122 14 6708 8 6350 10 117 3547 7 3570 16 59 5005 5
273 946 4 35 4 4 4 361723 4 323 4 590 33 93916 16864 22019 2032 4394 109 35 43095 4 4693 39447 4 323 4693 44873 4 2076 33 5548 3 244 1799 7 826 19 2489 18627 109 35 4 4 4 323 4 2560 33 960 3 27440 164 538 921 489 5300 109 35 7095 4 4 323 4 6833 33 19285 57525 8588 109 35 1376 41646 12283 32330 4 6833 33 2705 552 14 636 149774 4576 109 35 12283 32330 4 7560 33 30174 10528 24 26884 165699 109 35 4 90898 4 323 357397 4 7560 4 45180 4 501434 4 45180 4 96592 4 323 149288 4 2560 33 4 8 35 64798 12283 32330 4 7560 33 19285 17753 921 1222 109 35 36260 4 44883 4 17354 4 323 20492 4 6833 33 7367 799 1327 17269 6281 109 35 20492 4 4 37972 4 323 4 7782 33 19285 3632 957 4 8 95 15 5
81 3 1379 162 80 27 220 4538 25 18626 133 21 4 4011 8116 8 7732 1442 5
8941 9610 5181 91 5
81 8941 9073 4 3 5998 9168 58500 16 962 5
4538 1871 8 2520 6 26 4939 4 8 8941 9102 7301 15 91 5
1301 4 8941 9371 16 5446 6 3 1665 13 27 45 2828 5
34194 8 4309 16 9 3982 1217 6 1213 2912 10119 24 1572 3531 13 7801 9962 2190 23955 7693 8 8586 5331 8 14770 13 21867 1087 5158 7 2520 8 153 76249 1678 3351 7 24300 4 133 21 1351 3323 4 20260 29132 4 55069 5932 15421 4 49 2155 1506 23623 35 10343 4 502 33 5
5124 35 623 58 33 3 3456 10777 7 9 284 8 185 1687 523 5066 7 2505 5
158 71248 3 2981 7 9 9962 4 2466 21 3 1625 14 120 1186 22 22629 8 29092 3 13488 67368 8 3 17087 63794 35 42072 4 4 368581 4 61621 4 323 555648 4 502 33 5
8616 4 329 1506 16 32 3099 7 9 4 1749 3 231 7 2190 7693 13 31 1967 15 57 1654 9962 5
931 4538 27 32 969 15 7175 4 51918 4 31400 4 12226 4 1277 7 3 522 4 8 419690 35 4 72904 4 323 164433 4 1095 33 5
659 4685 19 3 1058 7 437730 4 47 31 1484 1812 4 2816 25 4 6232 4068 477 231 1586 3648 6 1445 3 1058 7 628 5
273 946 4 35 41843 12283 32330 4 7560 33 16 32 526 1351 4462 14 43971 8 2376 7 2199 98209 628 4 8 35 133420 323 431796 4 590 33 16 9 71441 1586 14 3 2376 7 277949 628 5
35257 8116 4538 27 9 5447 7453 3510 247 20164 5771 35 4 280 33 5
238 3 784 2505 16 16930 5344 4 4011 8116 4538 27 45 1940 220 16 46 857 5
18027 4 31 13787 220 10 784 6708 463 6 40 1175 6 1506 189 3 4046 7 23713 8 3 121392 7 3498 35 105790 323 4 590 33 5
31 168986 19372 1443 13 231 22190 8783 35 36277 4 3454 4 323 195261 4 2773 33 8 3009 448377 954 6 3030 108140 385535 148 32 9796 8 32 3354 904 5
2249 7 3 231 7 46 843 7 10023 954 4 43 1618 27 206 35 4 250167 4 323 26717 4 2076 33 4 47 16 59 32 533 2419 25 9 784 397 7 1069 5
158 27 45 3677 10 3570 6 7367 4 14 946 4 799 1327 17269 6281 35 36260 12283 32330 4 6833 33 8 17753 14467 4394 35 45180 12283 32330 4 2560 33 5
4575 203210 35 45073 12283 32330 4 7782 33 16 9 6684 25243 6 6062 1444 7 58122 5
17 97 9796 16 9 1506 13 16 1967 97 15 784 2505 4 13 55298 9 8 2464 9 58122 5
8616 4 784 1149 21 166 21 10676 103593 31 3 1543 6 9560 3 58122 6 26 1148 5
4575 203210 8323 4538 4 133 21 1506 6 1506 35 71718 33 8 1506 6 2942 35 33 48369 35 323 4 1095 33 6 5998 3855 5
7525 4575 203210 16 488 6 5998 3855 3 1351 3323 10 4 8 370952 91403 7693 4 47 31 1376 11500 1639 14 3 6300 7 168986 1443 5
17 665 7 3 6062 2020 2828 24 4575 203210 16 9 8593 4 1867 10 57 7 192 7693 4 7 3 58122 13075 10 3 25646 1506 5
17 58122 71 26 220 76 9 12665 2673 15 9 5274 4 49 10292 10 9 43703 3606 1407 32908 5
16 9 23095 14601 14 3 31105 7 43703 3606 4005 8 18193 35 12283 32330 4 590 33 5
17 1146 24 4575 203210 1667 3 1217 424 21 837 9796 1396 19266 3797 4568 678 35 4 19174 4 323 300213 4 2773 33 5
1249 31 168986 19372 1443 13 231 22190 8783 4 43 1871 9 197 7 22190 954 5
931 954 1667 3 2029 133470 4 42285 2981 4 14 946 4 92 205238 16 1692 4 153 139945 4 114 205238 35 209674 33 16 9 22190 12911 4 1692 16 9 22190 25429 871 8 139945 16 9 3936 5
145 946 16 351 25 3 5114 7 43577 4 8 23 684 13 92 3 1415 7 3 22190 12911 35 344316 33 205238 3443 10 3 22190 25429 871 1692 4 153 3 3936 139945 35 247874 4 32 307050 33 36 26 4527 5
1858 7 538 28579 2770 4 22190 8783 51354 290 12911 24 25429 10869 446 8026 3054 31 34 1798 4939 5
145 2228 4046 6 4447 154 3 42101 650 5
80440 8783 2939 6 3009 4046 24 770 7 3 4333 7410 35 458636 33 4 47 23335 46025 6 138 5771 13 31 3067 5
81 46 5114 4 14 3099 4 65 2016 209674 21 9 22190 12911 4 108 537 2770 27 45 2203 53 12615 4 25976 4 8 1692 4 446 458636 31 13075 10 98586 249 5
1210 6 13 1233 4 9 1415 7 1410 16 4357 21 9 272 871 19 577 202 10312 35 121 23 16 568 58 24772 33 4 8417 441 1054 16 1109 1966 35 59 19 577 202 10312 33 5
527 4 9 7353 7 209017 86 26 1109 883 1966 35 605 202 33 49 272 35 2628 202 33 4808 15 3 2686 35 106 23 9317 6 3 1356 14292 4 24772 1362 12634 4 6 47 458636 112 34 23335 577 202 10312 33 5
98586 249 5
59268 7 148389 458636 14 3 22190 12911 205238 5
4575 203210 7162 148389 458636 4 47 31 3684 220 463 6 40 17635 35 36277 12283 32330 4 2773 33 5
12502 4 290 31817 16 4939 24 503 28579 2770 15 3 14937 22723 53 35 249 33 3 74 397 114 3 31817 2179 17693 25 6494 202 35 889 14 3 25976 25429 871 10 98586 249 33 109 35 341 33 3 397 114 3 31817 7318 577 202 35 2592 10 98586 249 33 109 35 459 33 3 397 114 23 22394 369 25 577 202 35 14292 10 98586 249 33 109 8 35 503 33 3 397 114 3 31817 7318 6494 202 369 35 24772 10 98586 249 33 5
17 42101 650 979 24 3 58122 1146 24 4575 203210 2899 19 3 13571 7 3 25429 871 1547 6 290 9796 28579 1415 4 21 166 21 3 12510 2463 7 4333 5
273 946 4 392 13 3 9796 871 14 205238 16 209017 4 153 3 12510 25429 2770 232 6 3 458636 10 98586 249 31 67 53 1692 19 9 4333 2463 7 2628 202 8 25976 19 9 4333 7 605 202 5
2927 4 290 1396 16 6234 9 2576 871 13 16 3628 6 3 2463 7 4333 7 3 9796 871 10 50 133470 5
6459 4 10 46 2125 7 1667 9 4599 42285 4859 35 72402 33 13 5473 15 3 1654 1322 148 3 22190 12911 10 3 133470 8 3 307050 10 3 42285 7 3 1396 5
98586 341 842 9 26262 7 9 1654 267 7 13 6409 459 954 2096 3 9796 1170 7 459 437730 35 205238 4 96871 35 162208 33 4 8 99181 35 253227 33 33 2288 341 43420 13544 35 35 209674 6 162208 33 8 35 253227 6 209674 33 33 5
4036 13 3 9796 871 14 205238 35 209017 33 16 1692 19 9 4333 7 2628 202 4 14 3 74 1396 35 11771 4 208 205238 16 1692 153 139945 33 3 1892 7 139945 16 1109 19 9 13300 7 27529 5
10052 4 3 169 8 296 954 49075 9 13300 7 5853 8 20130 4 3995 5
17 74 67 954 27 9 72402 7 249 4 8417 3 296 1396 29 9 72402 7 4 3847 7237 13 3 2755 9796 1415 15498 6654 139945 5
9537 4 1618 29 9 12615 871 10 745 8409 139945 4 8417 205238 8 1170 31 535 1692 5
349 3 8101 4 65 205238 16 12615 4 3 5248 7 139945 71 460 26 14386 5
8616 4 14 3 1396 92 205238 16 12615 153 139945 4 3 42285 16 59 6234 9 2366 72402 5
25976 205238 2770 112 34 2498 883 10655 49 15498 139945 4 95 3 1396 92 205238 16 25976 153 139945 16 6234 9 72402 3628 6 6494 5
949 65 1692 2770 14 189 205238 8 27 9 1432 1951 15 139945 35 72402 3082 249 10 189 745 33 4 3 172 16 1618 48 964 58 3 4991 35 29703 12283 32330 4 2076 33 5
145 16 524 43 27 45 6234 523 17509 14 139945 4 21 1595 10 3 2245 203 2474 7 98586 341 5
17 2245 243 2474 14103 3 16036 51375 148 3 522 7 70 5818 139945 5
17 380 665 35 53671 33 2464 3 13300 13 3 2755 9796 1170 35471 6 9 267 7 139945 5
98586 341 5
79 26262 7 3 42101 650 979 24 5
5583 4 3 13300 14 290 307050 16 7154 4149 9 16036 51375 148 3 522 7 70 5818 13 4576 5
107327 3001 3 3238 7 3 437730 13 31 1547 6 3 216 307050 5
158 31 1867 10 3 1079 1356 6494 4 249 1362 8 3 5806 7 3 17509 14 70 3 954 5818 9 392 307050 16 535 249 5
355 3 46025 7 70 5835 31 43420 4 3 665 16 3 3936 19 9 568 13300 5
208 13228 4 3 58122 71 858 3 5835 446 13300 16 996 1087 871 35 24 4768 4 575 202 33 5
98586 459 842 9 7553 858 7 5
98586 459 5
55766 26262 7 3 522 6217 24 13 35471 6 3 9796 5907 15557 5
16 32 2093 98694 58500 13 2527 9 58122 1146 538 4575 203210 21 50 2669 5606 5
66 16 4071 10 67 1225 53 35 249 33 21 9 27139 17177 2673 35 230 6 26 558 831 21 526 1351 33 4 49 35 341 33 10292 10 9 43703 3606 1407 32908 4 47 16 107 558 695 137 3 44440 35 2158 53 33 5
16 36722 53 121 3 11612 13 7673 3 148389 458636 14 3 22190 23394 71 337 4808 15 3 642 114 3 43577 16 2828 35 47 770 13 3 7353 7 9 1087 344316 71 26 1109 6 26 25976 10 57 151 4 44 1692 10 184 33 4 3 31568 926 7 3 9796 23394 8 40 13544 71 26 1406 35 196 98586 503 33 6 25407 7322 49 8744 6 325 1193 10777 5
145 16 9 152 6 7933 6 10887 15 3 1193 5559 5
98956 31568 11612 31 7545 10 9 16719 3359 13 71 2323 3 4768 3359 22 120 89 5
2249 3 6 47 12 58122 2520 20816 2228 6 112 95 4 23 16 59 537 6 7673 11612 7 2770 4808 15 5805 8 731 7 3 1441 5
527 4 121 3 284 16 2161 6 960 18398 5036 4 46 1712 29 45 2700 5
98586 503 5
131060 7 3 4650 11924 5
13945 31 488 6 337 29311 2770 14 329 9796 12911 49 43420 5514 5
3194 344316 8 50 1547 13544 27 108 25429 2770 2442 19 91 53 12615 4 25976 8 1692 5
1113 4768 31568 926 27 45 4939 4 43 71 26 5607 24 3 4650 5
17 284 16 1967 15 1533 6 15564 3 522 7 9 2376 24 580 22 3 7353 7 3 4279 437730 14 290 307050 5195 5
66 16 34171 6 240 3 104 338 8278 35 138 19 9 13300 3628 6 49 568 58 575 202 4 196 98586 459 33 232 6 3 5559 2770 35 92 120 33 8 4853 524 13 421 29 45 351 5
5952 10 3 352 27 4939 3 17509 6234 6 3 954 232 6 660 10 3 6854 5
4538 27 45 220 6 1753 12251 6 532 3 9796 628 8 10191 3 31568 11612 5
98586 500 842 9 3968 7 3 27139 1185 7 10 47 3 689 2801 842 32 5577 10 1531 446 9796 628 29 45 5910 25 9 11775 3359 5
98586 500 5
131060 7 3 4650 11924 5
13945 71 197 3 9796 11775 3359 5
81 1243 4 71 26 6 6885 9796 11775 5342 6 3030 40 8557 5
145 152 4 23 16 488 6 6885 665 11775 5342 3455 24 459 3351 7 1593 35 89813 7578 4 19869 8 13691 33 141 377 290 7 91 2696 3 522 7 3 2376 10 9 523 3359 6170 5
273 946 4 89813 7578 1593 5708 55069 5342 4 8417 13691 1593 2696 32575 41300 5
273 290 9796 5907 1252 10 3 9796 11775 3359 4 36 1379 9 665 3377 2078 825 6 3 57 1321 2209 10 98586 459 5
340 34 1384 8278 19 9 13300 1298 575 202 5
208 13 8887 4 153 3 1441 16 1109 21 1966 5
208 87 31 19 9 568 13300 4 43 31 1595 10 21565 678 5
273 946 4 10 3 522 1595 10 98586 459 4 3 104 14858 4 441 46025 7 130215 202 4 294524 202 8 517430 202 4 3995 4 31 2125 38 35 37566 38 33 8 313884 38 20791 35 115206 38 33 5
659 1297 7302 32 307050 16 7947 4 9 2662 6 3 12510 2078 10 3 7179 225510 74038 10 3508 35 33 1295 22 2158 53 16 304 5
59 5181 3 1308 7 3 9796 628 5
273 3 5577 1595 10 98586 459 4 3 1308 16 79647 202 4 47 770 13 87 16 22 248 57 1268 9796 1415 35 34 1595 10 98586 459 8 666 24 3 954 1547 6 184 307050 33 5
7219 4 14 290 4576 4 9 2190 16 59 43420 5
81 98586 459 4 3 14 883 37566 38 49 115206 38 16 577 202 4 106 70 9796 2770 666 24 3 22190 954 3136 192 27 45 1252 5
17 8 3 2520 17 2442 6 2527 8960 7 956 6 13488 3 284 100 6 3 3456 10777 13 7673 3 537 13 36 26 1146 5
66 1038 9796 23394 35 883 1906 49 1812 33 109 40 25429 2770 8 40 11612 10 970 7 40 1170 109 8 3 8278 5
355 10472 9 1506 13 55298 6 3 4 11771 4 32 3099 7 9 58122 4 3 1272 8278 4 22190 23394 8 1806 3898 148 91 36 27 6 26 962 5
6136 2879 13 31 5146 21 3177 53 409 34349 8303 8278 35 20498 33 4 302 5092 8303 8278 35 20498 33 4 8 698 16244 8303 8278 35 20498 33 5
35 196 5527 685 6 630 10 20498 33 16 9 856 5092 4576 4 106 23 16 9 12962 73929 307050 13 142 27 523 10720 8 4 3847 4 1141 523 1726 4808 15 50 2190 899 5
7219 4 35 408450 4 196 307050 5527 947 10 20498 33 16 32 307050 13 71 26 841 6 21238 25 4 907 65 3 6708 16 2828 538 97 21 9796 35 84155 4 280 33 5
81 1243 4 3 5092 4576 41269 29586 35 20358 33 35 196 307050 5527 302 10 20498 33 9965 6 9 14916 41269 9305 20791 4 47 71 59 899 10 9602 5
17 3606 23394 1109 24 35471 6 9796 1170 14 409 34349 20086 8 1173 35 20498 33 5
81 3 5114 7 43577 4 23 16 2795 13 13544 148 437730 582 333 317 58 437730 24 792 5
273 3099 4 46 16 3 267 19 115206 49 35 29703 12283 32330 4 2076 33 5
17 13544 36 26 7154 5998 7302 189 237725 8 42254 31 558 5
8616 4 3 284 1038 2511 1812 9796 23394 6 3001 192 7154 13544 35 20498 33 5
74926 4 3 31568 2770 8 3 14 40 25429 2770 31 59 43420 5
17 3898 148 437730 8 3 31 113166 10 20498 543 15 3 162 24 186457 54608 12283 3462 5
35 280 33 4 12283 3462 5
35 590 33 4 29703 12283 3462 5
35 2076 33 8 27085 12283 3462 5
35 2560 33 8 59 15 3 85675 8 34989 3735 874 35 2158 53 33 5
79 1432 5167 35 1635 33 770 9 272 871 7 13 344316 6654 3 12510 307050 5
26480 4 9 2366 5167 35 69 33 770 13 23 16 1768 24 9 799 871 5
38799 2469 4459 13 3 1322 16 34 1109 5
9537 4 3 6708 7 1087 97 4589 3 9796 1170 12510 6 35 59808 4 26034 4 323 202291 4 274 33 5
17 73 4848 10 20498 842 3 17509 7 3 3898 4 21 43 27 45 848 10 3 1506 5
931 17509 31 543 15 3 317 7 3 1652 11107 5
931 3898 31 3 1351 14 3 954 10 3 58122 5
81 3 169 1092 7 3 58122 1746 650 4 3 2007 1506 18 1681 19 2911 20297 4 133 21 3 6300 7 3 22190 2757 12510 6 3 25429 2770 7 3 3606 23394 4 3 11975 7 3 8 3 17509 7 3 954 5
81 46 267 4 290 344316 16 12072 24 459 22190 25429 2770 35 12615 4 25976 8 1692 33 446 12510 148389 458636 42 4939 543 15 40 4768 31568 11612 5
659 3855 3 58122 4 23 18 1622 6 5339 3 1341 5577 2030 14 3 380 58122 5
1301 3 58122 18 5998 1146 538 1506 6 3323 35 33 48369 5
27311 29 45 2870 538 628 25 26884 26264 5036 35 196 20498 249 33 53 3801 42 532 5036 4 5180 48779 6 2267 24406 4 800 42 25 826 19 3498 44 34 1768 24 120 307050 8 3 939 7 3 5036 35 716 33 48779 6 826 1768 19 32 307050 5
473 3 3316 7 9365 3 1277 7 4 3 522 1252 24 3 58500 27 45 677 6 3 522 3455 24 3 1149 22 3 1351 1265 5
20498 249 5
62856 7 3 26264 5036 220 10 46 542 5
21788 40373 1698 5640 35 630 11775 5342 33 35 96871 38 109 96871 2453 33 183 17951 24406 5180 13549 4866 42412 708 35 409 11775 5342 33 38 35 37566 38 33 341 35 408450 33 459 32001 34 12510 6 32 307050 403 3313 4866 42412 1239 35 782 11775 5342 33 313884 2453 20791 4 58481 32492 35 115206 2453 33 249 313884 20791 4 78236 1325 35 200471 33 341 38 35 37566 38 33 341 21847 153408 20791 35 52080 33 341 459 145589 459 353839 20791 35 87236 33 249 35 71983 33 249 3282 2614 459 153408 20791 35 33 249 27136 41269 20791 35 14916 33 35 41269 29586 35 20358 33 33 249 3722 153408 4 40544 2614 4 108812 7 35 383770 33 500 35 79 4 2636 109 33 503 20791 35 95408 33 249 35 408450 33 459 153408 4 9559 143474 4 108812 7 35 33 249 32001 34 12510 6 32 307050 500 4866 5036 947 42412 27 45 2816 25 459 523 1543 53 13549 5036 42 1252 24 40763 4 9 136 4149 3643 43577 13 16 2852 10 445946 35 537481 33 4 1598 109 3313 42 998 24 3 60349 10625 7 63803 430 1841 35 33 4 47 16 2852 10 35 537481 33 4 1598 109 8 3722 42 351 25 183 576 845 24 3 402 1192 3673 14 8557 8 3070 7 4463 4 77231 8 953 7 241309 34954 7 60349 35 33 148 280 8 6833 5
42412 25 40763 35471 6 24406 4 8 27 45 15557 21 5
158 27 45 3564 25 630 11775 5342 5
17 5036 27 45 18460 538 189 8 34349 20086 24 13691 2199 98209 40279 5
183 61 7 13549 5036 7857 6 2113 2100 25 32 307050 109 708 35471 6 532 5036 109 8 3 1652 5036 35471 6 2267 9602 5
42412 1252 24 3 7857 6 9602 19 3606 3498 4 8 27 45 1658 21 5
158 27 45 351 25 409 11775 5342 5
2196 27 45 18460 538 32 89813 5352 67325 5
500 61 7 3313 7857 6 2113 2100 25 32 307050 109 1239 35471 6 532 5036 109 8 3 939 868 34087 2113 44 34 1768 24 120 307050 5
42412 351 25 7857 6 2113 1571 3498 5
4749 3 939 7 3 5036 4 3 576 539 826 7 70 3955 4 90 7 1288 250 27 45 163 3606 953 5
17 5036 27 45 59 15557 21 5
158 31 10 782 11775 5342 5
622 89813 5352 67325 29 45 220 6 21867 97 5
605 61 7 3722 31 2113 2100 25 32 307050 109 947 31 532 5036 109 8 500 35471 6 2113 1571 3498 34 12510 6 32 307050 5
18460 9 676 7 630 11775 5342 4623 13549 43577 5036 25 10 208397 139815 145 770 13 23 253 59133 2106 6 19285 290 4463 5907 538 9796 2770 14 189 8 34349 20086 5
1949 4 23 5422 889 11775 5342 4623 3 9796 1170 14 97 7 15844 3606 5036 25 8 35 800 7 91 42 62043 33 10 85047 139815 81 46 267 4 43 42 18460 22 48445 1577 147 5907 5
20498 341 118139 3 522 7 3 1665 53 766 2267 2113 35 577 202 33 42 6401 9109 21 2366 5
187 42 93 239071 5
20498 341 5
52788 7 3 522 7 3 1665 2828 19 3 1327 5036 1252 24 40763 35 33 4 8 3 126 576 35 33 5
60623 62856 5640 42343 17951 1570 6401 21 2267 5180 403 500 14715 2915 1432 17951 1570 6401 21 307050 2915 2366 307050 6401 21 2267 249 249 29091 35 249 33 68607 307050 7947 19 1391 13300 183 459 183 1135 29091 35 341 33 68607 307050 7947 19 9 798 13300 4 44 1391 16 825 341 708 704 29091 35 459 33 68607 307050 7947 19 9 798 13300 4 44 1391 16 184 307050 503 503 29091 35 503 33 31008 7947 503 503 22012 3 5036 13 35471 6 2113 1768 24 32 307050 4 3 4007 4576 18 4277 19 3 1391 13300 10 1135 745 35 29091 202 33 5
1949 4 10 704 745 35 302 202 33 3 4007 307050 18 4041 297 83 177 825 5092 8278 35 29091 341 33 4 133 21 138 1547 6 8 5
20498 842 48 1056 7 290 5907 960 4 133 21 46025 392 6 290 1658 307050 8 3 12510 11335 5
187 31 503 3606 5036 351 25 3 576 35 183 202 33 14 47 3 4007 307050 18 1658 44 392 9 13300 871 798 58 13 6234 6 184 1222 35 29091 459 33 5
4749 3 25646 745 1547 6 8 4 10 192 745 87 16 93 3229 27647 148 3 1658 5
5583 4 7947 3 5248 7 57 49 48 4 44 2477 7 91 48779 6 3 4007 57 35 29091 503 33 10 503 3606 5036 35 183 202 33 5
187 18 249 5907 35 3921 202 33 19 9 2915 2366 5
17 522 581 660 13 71 26 32 5050 4462 14 43577 5
17 3612 7 239071 770 13 23 6401 9109 34 97 3 5036 7880 6 2267 24406 4 44 59 138 12510 6 2113 19 3498 44 34 2100 25 120 307050 5
17 2916 7 34 2016 3498 21 9796 112 34 15779 3 58500 5
22012 3 2915 2366 745 4 97 57 3892 18 14414 6401 21 1966 35 5907 4 196 20498 33 5
527 4 117 7 3 14367 427 176 10 3 27 59 1109 46 3606 5907 21 2267 5
9537 4 46 1654 5907 29 45 848 21 32 4819 6500 6 5441 3 4166 7 9109 35972 826 19 115206 2453 35 4887 323 21355 4 7560 33 5
4277 10366 70 5036 35 577 202 33 25 40763 8 5
81 503 7 91 35 33749 202 33 4 34 97 3 4007 307050 44 59 22 248 57 48 4576 18 7947 5
81 184 341 745 35 87747 202 33 23 1658 3 4007 307050 10 3 260 218 104 338 5
1354 5036 35471 6 2113 2100 25 408450 4 47 3455 9 272 13300 8 312 1884 677 6 3 1658 307050 35 196 5036 8 10 20498 33 5
22012 3 306 3606 5036 351 25 576 4 90 964 3272 71 26 170 148 230 8 3455 23713 5
931 576 35471 6 189 212 8 2364 4 90 7 1288 42 163 3606 953 5
145 86 1951 3 11975 7 3 9796 437730 22 3 89 7 427 3 5036 5
81 1243 4 104 7 3 12411 5036 39 90 437730 1268 4 47 39 9 2366 1102 15 3 1291 8 4 3475 4 15 3 8958 7 522 5
766 10 70 4 9109 1658 70 3 500 5036 7880 6 5269 19 3498 44 34 2100 25 120 307050 35 206111 202 33 4 21 166 21 183 5036 12510 6 523 8278 35 215397 202 33 5
66 59 4041 708 5036 7880 6 826 19 9 2125 7 8 35 302 202 33 297 83 177 825 5092 4394 5
81 70 192 745 3 4007 307050 18 6234 9 272 13300 4 19 312 1884 148 83 825 8278 5
81 184 503 5036 35 126072 202 33 4 141 92 3 4007 307050 18 34 392 3 1391 13300 4 929 533 3541 7118 23 35 196 5036 4 4 1173 8 10 20498 33 5
5583 4 3 58122 18 34 45 488 6 9109 19285 500 5036 35 206111 202 33 4 150 3 136554 267 35 196 20498 4 5036 4 4 2919 4 8 33 5
520 5036 14 47 3 4007 307050 18 34 4041 10 74 827 7857 6 745 114 883 32 533 344316 18 1268 35 33 4 49 13 42 6438 745 7 3 4576 35 4 33 49 13 42 1122 215 841 6 19285 538 97 10809 35 4 33 5
17 6905 7 43577 16 6 1075 3541 14 138 2113 13 86 27 32 307050 8 34 4202 6 30095 19285 23 35 141496 12283 32330 4 359 33 5
12502 4 10 133 745 34 97 16676 44 59 20036 13752 1665 133 21 21879 1534 60715 8 6950 14 6843 17199 144 26 2828 10 678 6 3413 9 6708 5
81 10028 4 29 3439 32 8958 7 577 202 14 3 6708 7 43577 5036 4 8 2429 7 1551 202 14 3606 5036 35 150 4120 4007 522 8 59 138 1547 6 825 33 5
473 4974 6 5577 89 4 6232 4068 1618 236 52 306 2106 6 8612 9 2267 5907 8 22 248 500 549 6 21867 9 35576 57 5
122217 192 96367 6 3 1379 542 4 43 51 236 22 248 19182 13063 6 8612 3 676 7 21770 5036 5
666 9 312 287 58 459 13063 14 9 676 7 26264 5036 35 150 70 532 5036 4 47 2239 31 14386 33 5
145 1929 9 89 2807 7 52 110420 202 5
16 9 6633 8 36722 4462 6 3030 43577 5
66 16 36722 106 3 31568 2770 71 26 4939 35 49 5607 33 6 7322 3 3225 6 3 10777 7 3 1193 110 10298 5
4575 203210 16 9 7716 6684 6 35747 338897 543 10 25575 3606 1407 4005 5
17 14601 29 845 3 3929 14 13174 4463 4 8 2228 3 2279 7 9 1654 5907 883 24 18118 9 3359 19 70 3 1170 49 25407 111790 3 2770 14 290 344316 5
4538 27 45 4861 21 9 206 4462 6 132 3 282 1407 7 3570 558 5
17 8960 7 956 43 581 2228 13999 3 784 2505 35 1463 84 4 437730 49 13544 4 27396 3 1806 1603 4 1463 84 1665 4 18298 3898 4 8 95 15 33 276 2571 3 2020 4644 5
26480 4 7998 24300 71 26 1406 49 5607 4 276 19720 3 784 2505 5
17 1952 13 22629 1929 6 3 8510 650 7 2228 3 44676 3465 7 84 5207 4 24 97 2571 3 1506 13 55298 6 3 5
6832 250 2337 9000 8951 48 89 6 1800 3 380 2673 4 121 3 34088 29 6 26 929 4 8 3 8 3 48369 4939 5
527 4 3 3979 284 71 26 9168 460 8283 54 3 1506 16 1146 5
35257 8116 4538 27 45 4861 6 26 6607 4538 6 1088 24300 6 4685 19 4046 5
18027 4 31 9 206 2104 6 240 431240 14618 1443 4 8 4 48 982 26914 23713 4 8 4108 13174 4463 5
1113 3 522 31 206 4 3 5907 1646 35 6517 3082 21770 33 866 6 26 9482 5
17 4462 24 7744 12283 3462 5
35 6833 33 29 45 2870 19 5036 8 3 57 24 67610 12283 3462 5
35 2560 33 2527 9 5536 19 1564 6 3030 40 11129 5
187 16 9 15923 864 848 10 3 1264 7 13174 4463 11235 601 992 35 33 13 1388 9 73805 16864 628 6570 35 33 6 1296 35 1999 12283 32330 4 7560 33 5
134 31 10 3 650 7 5656 909 6 3 628 10 678 6 474 3 1646 6 9 48 12357 134 27 1109 13 10472 3601 458636 14 25429 2770 14 70 9796 23394 71 8916 3 3225 7 3 284 5
79 48 6633 1217 9286 10 10472 3 458636 22 3 307050 653 1016 7 22 3 9796 12911 653 5
67610 12283 3462 5
35 2560 33 4753 13 3 31568 11612 14 9 392 344316 31 523 4808 15 3 307050 5
273 946 4 189 52080 8 383770 31 12072 24 441 9 272 7353 7 35 112179 33 4 44 23 16 1618 568 65 23 16 1547 6 383770 58 6 52080 35 29703 12283 32330 4 2076 33 5
6459 4 80 86 1753 731 11612 35 8 4 2254 4 5805 33 6 3 31568 2770 8 25429 2770 6300 5
145 51 2285 4855 90 7 3 544 19 90 7 3 5036 4 121 90 7 91 155 34 35471 6 13174 9602 5
66 16 97 9 935 7 2571 3 8 3 48369 5
659 5313 498 2505 4 90 71718 48369 144 26 4939 5
5583 4 742 31 2093 4 87 31 90 1945 13 71 6298 40 5
134 342 6 1753 3151 6 3 3354 6 240 3 660 13 4088 329 421 351 49 1396 220 5
74184 79 20498 5
12418 7 3 409 34349 8303 8278 13 16 488 6 960 5
3194 4576 16 19722 24 50 1332 610 4 59365 4 8 3323 25 3 1295 5
5527 239039 8303 8278 249 189421 547547 341 76706 459 23859 503 42757 523199 38 20791 4 463 6 15837 500 4 3501 13394 38 708 4 2125 2453 4 32492 13882 13394 2453 700 370176 75428 704 463 6 17505 20791 782 16477 18719 11654 1222 183 253227 20791 99181 407 20791 4 463 6 12463 403 247874 139945 698 322034 20791 5274 685 4 2125 38 96871 38 409 4 2125 2453 96871 2453 20498 5
12418 7 3 302 5092 8303 8278 13 16 488 6 960 5
3194 4576 16 19722 24 50 1332 610 4 59365 8 4 65 558 4 3323 25 3 1295 5
5527 18693 8303 8278 249 341 153408 20791 341 459 145589 459 353839 20791 87236 459 459 249 20791 503 459 20791 35 14916 33 35 20358 33 500 459 4 15791 249 708 30936 700 157071 4 77845 704 20791 95408 782 544426 20791 183 38 37566 38 407 153408 20791 188083 403 71983 698 20791 262359 685 4 2125 79 4 2636 409 4 2125 697 8 4 2125 3298 4 2482 800 8 4 2125 630 463 6 20791 947 408450 302 27136 41269 20791 35 14916 33 41269 29586 35 20358 33 20498 5
12418 7 3 698 16244 8303 8278 13 16 488 6 2424 5
3194 4576 16 19722 24 50 59365 4 1332 610 8 4 65 558 4 3323 25 3 1295 5
5527 68470 8303 8278 249 459 153408 20791 341 153408 4 40544 2614 4 108812 7 383770 459 153408 4 40544 2614 4 108812 7 35 238147 33 383770 35 172774 33 503 153408 4 12756 2614 4 108812 7 177507 500 153408 4 9559 143474 4 108812 7 708 313884 20791 4 78236 1325 200471 700 313884 20791 4 78236 1325 4 69745 200471 35 20358 33 704 313884 38 20791 115206 38 782 313884 2453 20791 4 58481 32492 115206 2453 183 313884 20791 407 3282 2614 459 153408 20791 403 128808 7619 20791 201984 698 21847 153408 20791 52080 20498 5
12418 7 3 409 34349 20086 8 1173 13 2527 21 9796 5
5527 239039 8303 5527 5527 249 208891 249 376534 697 74414 341 163752 341 45787 800 188280 459 459 630 503 262105 503 43455 947 500 444229 500 174751 11195 302 328777 708 370176 708 1004 11195 700 389401 700 58759 985 11195 704 210619 704 154745 11195 1135 345242 782 253227 782 889 11195 183 183 605 407 407 93959 1239 11195 403 209674 403 1173 698 162208 698 112179 685 685 256349 409 409 20498 5
12418 7 2511 1812 23394 35 13544 33 13 2527 21 9796 5
5527 74193 5527 74193 5527 74193 5527 74193 249 163752 126 183 126 208891 947 43455 126 112179 1227 112179 126 50624 341 126 163752 407 126 209674 302 58759 126 376534 1403 112179 126 256349 459 262105 126 163752 403 376534 126 35 328777 1635 345242 33 1004 58759 126 50624 306 126 50624 503 262105 126 209674 698 45787 126 253227 985 58759 126 45787 1078 126 328777 500 544426 126 262105 685 45787 126 50624 1135 154745 11195 126 376534 2131 11195 126 328777 708 444229 126 262105 409 45787 126 328777 889 154745 11195 126 112179 2511 35 328777 1635 33 126 50624 700 253227 126 209674 697 126 256349 605 126 154745 11195 704 209674 126 162208 800 43455 126 50624 1239 126 112179 782 126 209674 630 43455 126 45787 1173 126 328777 74184 2636 20498 5
52194 148 70 437730 8 12354 10 5
79 1432 5167 35 1635 33 770 32 15924 272 871 4 125 9 2366 5167 35 115998 33 770 9 871 1298 3 1966 1079 5
622 3435 2052 6154 13 46 1322 16 34 1109 24 3 4888 7 3 3174 10 3 11107 15557 21 58508 249 56012 4 58508 341 56012 4 58508 459 56012 4 58508 503 56012 4 8 58508 500 56012 4 47 35471 6 3 10722 24 186457 54608 12283 3462 5
35 280 33 4 12283 3462 5
35 590 33 4 29703 12283 3462 5
35 2076 33 8 27085 12283 3462 5
35 2560 33 8 3 85675 8 34989 3735 874 4 3995 5
17 73 4848 842 3 17509 7 3 3898 21 43 27 45 848 10 5
931 17509 31 543 15 3 317 7 3 1652 11107 5
5527 33347 344316 58508 249 56012 58508 341 56012 58508 459 56012 58508 503 56012 58508 500 56012 22213 249 58759 1635 58759 126 50624 1635 58759 126 376534 1635 58759 126 45787 1635 154745 11195 1635 341 154745 11195 1635 1635 1635 1635 1635 154745 11195 126 376534 1635 1635 18398 126 112179 1635 459 35 20358 33 18398 126 376534 1635 154745 11195 126 112179 1635 154745 11195 1635 376534 503 154745 11195 1635 1635 1635 154745 11195 126 376534 1635 1635 154745 11195 126 112179 1635 500 76706 163752 1635 1635 1635 1635 1635 262105 126 163752 1635 126 163752 163752 126 1635 708 23859 1635 1635 1635 1635 262105 1635 1635 1635 1635 126 163752 1635 1635 262105 126 209674 1635 444229 1635 210619 1635 700 41269 29586 35 20358 33 45787 1635 45787 126 50624 1635 45787 126 328777 1635 45787 126 253227 1635 704 1635 1635 1635 154745 11195 1635 1635 174751 11195 1635 154745 11195 126 112179 1635 782 328777 1635 1635 1635 35 328777 1635 33 126 50624 1635 345242 1635 1635 1635 1635 126 154745 11195 1635 11195 1635 183 79 4 2636 45787 126 50624 1635 1635 45787 126 328777 1635 1635 45787 1635 1635 370176 1635 407 3298 4 2482 45787 1635 1635 1635 45787 126 50624 1635 1635 45787 126 328777 1635 1635 45787 126 253227 1635 1635 253227 389401 1635 403 13394 38 262105 1635 1635 1635 1635 1635 262105 126 163752 1635 1635 262105 126 209674 1635 698 13394 2453 262105 1635 1635 1635 1635 262105 126 163752 1635 1635 262105 126 209674 1635 163752 1635 685 15837 262105 544426 126 262105 1635 262105 126 209674 444229 126 262105 1635 444229 1635 409 115206 38 376534 126 35 328777 1635 345242 33 1635 1635 1635 1635 328777 376534 1635 1635 45787 126 328777 1635 345242 697 115206 2453 328777 1635 1635 1635 1635 1635 1635 35 328777 1635 33 126 50624 1635 126 50624 1635 345242 1635 11195 1635 1635 376534 126 35 328777 1635 345242 33 11195 1635 800 200471 376534 45787 45787 126 253227 630 200471 35 20358 33 376534 45787 126 253227 947 77845 43455 1635 43455 126 45787 1635 43455 126 50624 1635 58759 126 45787 1635 302 43455 126 45787 1635 43455 1635 43455 126 50624 1635 43455 126 112179 1635 1004 37566 38 1635 1635 1635 1635 1635 126 328777 1635 126 154745 11195 1635 126 112179 1635 985 253227 1635 1635 1635 1635 389401 1635 1635 253227 126 209674 1635 1135 87236 154745 11195 1635 1635 1635 1635 1635 1635 1635 1635 154745 11195 126 376534 1635 1635 154745 11195 126 112179 1635 889 188083 43455 1635 1635 1635 43455 126 45787 1635 43455 126 50624 1635 43455 126 112179 1635 605 71983 58759 1635 1635 1635 1635 58759 126 45787 1635 58759 126 50624 1635 58759 126 376534 1635 1239 11195 1635 1635 1635 1635 1635 11195 1635 1635 1635 1635 1635 11195 1635 1635 1635 1635 11195 126 328777 1635 1635 1635 11195 1635 1173 52080 256349 1635 1635 1635 1635 43455 1635 1635 1635 1635 74414 1635 1635 1635 58759 1635 1635 1635 112179 1635 1635 1635 328777 1635 1635 1635 93959 1635 1635 188280 1635 1635 126 50624 1635 112179 126 50624 1635 345242 1635 1635 1635 1227 262359 126 256349 1635 1635 1403 383770 112179 1635 1635 1635 1635 1635 112179 126 256349 1635 1635 1635 1635 1635 93959 1635 1635 112179 126 50624 1635 256349 1635 306 383770 35 172774 33 112179 1635 256349 1635 112179 126 50624 1635 93959 1635 1078 95408 154745 11195 1635 1635 1635 154745 11195 126 376534 1635 1635 154745 11195 126 112179 1635 45787 1635 2131 99181 253227 1635 1635 253227 126 209674 1635 2511 1635 1635 1635 1635 1635 1635 1635 1635 126 208891 1635 1635 126 209674 1635 1635 126 209674 1635 2723 547547 253227 389401 1635 1635 253227 126 209674 1596 45787 1635 1635 1635 1635 1635 45787 126 50624 1635 1635 1635 1635 45787 126 328777 1635 1635 1635 1635 2592 370176 1635 1635 2919 12463 262105 544426 126 262105 1635 262105 126 209674 444229 126 262105 1635 444229 1635 2918 5274 262105 1635 1635 262105 126 163752 1635 262105 126 209674 1635 162208 1635 208891 1635 210619 1635 3128 139945 209674 1635 1635 1635 1635 209674 126 162208 1635 1635 1635 716 408450 45787 1635 1635 1635 1635 1635 45787 126 50624 1635 1635 1635 1635 45787 126 328777 1635 1635 444229 1635 370176 1635 3356 177507 43455 1635 1635 1635 43455 126 50624 1635 1635 1635 43455 126 45787 1635 1635 1635 43455 126 112179 1635 1635 2913 126 328777 1635 174751 11195 1635 45787 126 328777 126 112179 1635 3313 201984 11195 1635 1635 11195 1635 1635 11195 126 328777 1635 11195 1635 3132 96871 38 162208 1635 1635 1635 1635 1635 1635 253227 1635 1814 96871 2453 162208 1635 1635 1635 1635 3440 1635 1635 1635 1635 1635 1635 1635 1635 1635 126 328777 1635 1635 188280 1635 1635 126 50624 1635 1635 1635 328777 1635 74184 3298 20498 5
11391 3455 14 9796 5036 5
190054 4277 5036 27 45 21231 14 10019 5
17 508 1870 842 4 14 290 5907 4 50 4336 4 3 230 665 8 3 3455 5791 7 5
273 290 7947 4576 4 3 13300 8 12510 1291 31 392 5
40373 42296 665 181753 665 137927 35 202 33 35 202 33 408450 3298 4 2482 130215 130215 41269 29586 35 20358 33 130215 130215 408450 130215 79 4 2636 307242 130215 130215 95408 130215 408450 3298 4 2482 130215 130215 41269 29586 35 20358 33 270701 130215 79 4 2636 524028 130215 408450 267723 130215 247899 130215 408450 79 4 2636 307242 200471 481017 130215 200471 35 20358 33 475039 252226 3298 4 2482 190151 130215 408450 396678 41269 29586 35 20358 33 220160 333257 352860 446999 87236 504123 130215 395677 130215 35 20358 33 520857 130215 95408 385162 262359 130215 87236 470106 3298 4 2482 130215 130215 41269 29586 35 20358 33 130215 130215 446999 130215 79 4 2636 307242 130215 408450 272814 130215 37566 38 233646 130215 483380 130215 41269 29586 35 20358 33 115206 38 362633 557880 380171 404111 79 4 2636 284787 130215 383770 200471 130215 383770 130215 383770 35 172774 33 365059 130215 200471 35 20358 33 252226 408450 3298 4 2482 130215 130215 41269 29586 35 20358 33 130215 130215 408450 409530 130215 79 4 2636 351449 130215 130215 115206 38 557880 79 4 2636 447492 130215 3298 4 2482 130215 41269 29586 35 20358 33 446412 130215 130215 408450 130215 52080 383770 35 172774 33 489667 130215 37566 38 528378 130215 380171 404111 383770 246042 130215 11755 200471 405436 130215 200471 35 20358 33 525402 252226 11755 408450 3298 4 2482 130215 130215 41269 29586 35 20358 33 130215 130215 408450 130215 79 4 2636 307242 130215 130215 115206 38 387493 557880 11755 52080 383770 35 172774 33 279144 130215 383770 130215 115206 38 417737 557880 11755 115206 2453 25976 11755 3298 4 2482 130215 130215 41269 29586 35 20358 33 130215 130215 446999 130215 79 4 2636 307242 130215 408450 346537 130215 37566 38 448036 130215 474443 130215 95408 460326 130215 130215 11755 95408 327406 130215 476077 130215 35 20358 33 522597 130215 95408 130215 11755 79 4 2636 115206 38 557880 3298 4 2482 350376 130215 328785 130215 79 4 2636 255027 130215 41269 29586 35 20358 33 378212 130215 489555 404111