81 1784 390 44727 4 11323 6402 71 321 6 2475 1778 912 5
273 46 1033 4 6452 532 1443 31 220 6 4112 3 1678 19393 7 3 650 13 86 343 3 1351 7 133 544 5
79 498 2826 10 601 16 3 57 13 4763 6 2780 7732 1442 4538 6 11076 2705 9 107447 57868 3074 7 3 6402 4 95 21 6 185 3096 3 89 1070 7 3 6062 532 5
81 284 14130 3695 4 23 16 1029 1065 13 32 5050 17241 7 3 650 163 542 1752 6654 3 773 7 3 6573 15912 5
5104 4 463 6 3 10119 7 3 650 4 2215 2520 7 11377 71966 31 149 34 21 146 10022 21 43 144 6 26 220 14 532 5060 5
349 3 83 881 4 86 3 1812 14130 7 11377 71966 26 962 10 970 7 32 1658 5892 1506 4 57 51 252 55 19 9 4462 14 3 3070 7 3 532 1264 5
81 46 162 4 9 84 1217 543 15 40673 284476 12811 35 138283 33 3648 16 220 6 2705 179 2463 7 2558 169 678 164 904 2520 7 390 11377 14130 10 9 13604 30520 5
460417 2233 7 9 60034 2741 4 54 110 9490 137 9 1416 3309 5018 4 581 2757 7 15565 83735 47 4 153 4 1485 21 9796 628 6 32 7379 138283 31660 543 15 3 9630 2897 37612 41403 5
28043 7 11323 8 3449 6402 31 1148 8 24637 137 54766 2376 7 3 31487 493324 15565 83735 5
17 57907 7 3 25017 1488 18 153 1091 24 9 11427 83550 10382 38020 5607 6 2490 3 498 2673 5
349 3 3221 7 3 522 3455 4 23 16 537 6 14202 13 3 1273 1217 14 3 6652 7 11377 14130 71 338 4764 3 15778 7 11323 912 4 3847 1621 184 4462 13 250 26 220 10 32 11356 532 284 5
17 3726 7 390 11377 912 10 1784 30934 2046 16 7 455 3238 10 970 7 310 4 88994 1315 4 8 927 5
7525 4 9 1773 6157 7 10363 12134 3 2485 7 9365 8 15848 3 1457 607 37 4 3060 4 2360 3 11240 7 19134 6 8246 532 19393 5
145 650 29 67 26966 53 40372 4 10363 105 524334 4 3154 4846 4 65416 4846 4 775 15721 49 141 5514 30019 31 3615 1908 8 1871 5005 4518 14583 109 35833 4 3 10679 1175 7 9022 4262 16 34 3 216 4 47 250 321 6 343885 9842 1215 4 150 2475 1778 1603 5
17 74 30046 2653 996 144 26 11062 24 5726 3 10676 10363 24 9 5483 129189 8 9 197 7 9188 60034 854 3369 3577 13792 10 3 30520 109 138 3369 71 1657 9 11065 3154 7 11377 2233 25246 234695 5897 13 31 166 31270 6 3 2215 25124 23394 5
17 169 30046 71 26 5487 19 1416 3309 17125 488 6 2705 1966 49 15924 25124 684 137 3 2376 7 3 9149 7 11377 2233 5254 24 3 3369 5
527 4 133 32 3316 71 34 26 3639 3439 2191 3 10554 26 2247 24 5314 67823 15 3 1973 9490 628 5
214 16 524 3 1416 3309 543 1443 14 25124 6589 3726 1618 2780 9 73929 197 7 11245 8 7732 1442 4538 4 907 234675 4015 4 7732 32542 2642 8 22190 302880 5
31879 1443 19 192 13987 31 587 48 8 48 3238 14 3 390 8 727 3609 10 3 73 85 106 7 3 785 969 6 2176 25124 5
520 7 3 104 308 4117 6 46 84 352 31 2209 10 3 9149 5
9601 76 1250 13 3656 7379 7 3338 4122 11975 16 3456 6 2780 32 27708 534 14 9 3338 543 25124 650 4 17555 12283 3462 5
35 7560 33 6227 9 1416 3309 5018 13 220 11377 2233 2376 6 3030 3 3338 19372 5
81 678 6 2769 133 32 3316 4 15565 83735 7 5254 8 7074 170832 11377 2233 1547 6 2190 3338 25124 6589 42 9168 538 39177 8 49668 2000 7 3 7665 1973 5300 21 166 21 40 1883 8 4875 5
1301 4 9 507 7 8365 7118 25124 6589 543 15 503 523 4122 26735 7 3338 594 828 6 9 676 7 43796 2419 83735 4 25 47 42 220 10 3 928 7 9 270 60401 2953 19372 31660 5
6876 25017 1665 661 13 3 8958 7 3 6227 5018 11941 1614 202 10 70 2870 745 5
54704 4 9884 4 220450 4 283489 4 8 144175 35 6833 33 1273 32 7732 1442 543 5018 6 2705 503 684 7 25124 6589 3519 7094 4 3449 11377 4 11377 19 818 4967 8 11377 19 1096 4967 5
6832 32 16171 15721 15854 284 6 410 89 507 14 3 596 926 7 234695 7 3 30520 7118 3 179 684 3915 996 4 3 4888 13014 2419 83735 29092 93880 8 11245 19393 16277 25 192 5300 8 40 7562 326 131456 5
1526 2419 83735 42 454 220 6 5507 9 12391 2854 650 543 15 9 341 9419 106153 32542 992 446 2634 17509 42 5210 24 9 4624 31660 7412 22 3096 50 83538 7453 5
54522 9 27580 7 11245 8 1973 5447 4309 4 14879 8 50979 35 2076 33 61628 9 1586 543 15721 6 2882 3 92872 12469 489 7 9520 72683 6589 5
17 17592 3322 24 138 4888 15995 10 21025 9 7553 248 20085 56018 1506 13 60091 3 15565 83735 16277 25 3 67 104 4279 2233 7 290 170832 11377 1973 19 3 7562 55906 7 9 197 7 10363 9365 4122 8 2215 23394 7 3 650 5
3454 4 20986 4 17555 4 8 28466 35 2076 33 1303 61 8365 7412 22 7995 19393 13 86 26 1547 6 8998 10 58841 6402 5
435 13586 596 2233 7 6402 463 6 25124 6589 19 523 13544 4 29092 1096 9878 8 1096 2005 912 4 3 4888 5422 3 326 131456 56092 35 33 7 189 3 5185 8 3 20393 2233 5
17 68386 596 26831 4830 5514 42749 4 25 163 35 11323 6402 33 6 4416 35 3449 6402 33 912 4 7902 32 2093 27057 3235 35 3 1215 33 13 71 26 220 21 9 8515 6 2705 11323 6402 5
81 3 1181 7 7744 4 15669 4 8 24087 35 6833 33 9 84 5018 7 6573 3 7526 1096 489 21 166 50 34602 16 1273 10 678 6 1297 3 773 7 1784 25124 6589 5
145 5018 2527 48694 66511 30026 2757 7 170832 11377 2233 6 3855 13693 3364 40 689 6372 10777 5
1210 6 3 4888 4 460 6709 202 7 3 48517 7 3 2233 16 47747 24 3 67 104 964 2233 7 3 197 4 67 23394 3 17509 7 138 2233 31 220 21 59233 23394 15 9 67 14808 532 284 1589 6 2384 9 25124 30520 1219 22 32 19547 8 3449 1215 5
79 629 2419 13 383 26 8179 10 678 6 2384 19547 4758 912 7 390 6402 16 3 30599 6 1096 489 35 193408 33 4 47 1752 6654 1096 8 11377 1277 5
21915 4 301296 4 8 19823 35 6833 33 1273 9 5018 543 15 1416 3309 8 83924 20973 6 4112 1277 7 390 6402 10 9 13604 9497 30520 5
81 814 4 3 4888 240 13 5254 2233 7 3 6402 22 9 139061 424 1277 71 26 220 6 19326 15565 83735 13 3855 9 197 7 22190 19372 954 5
1301 4 3 5937 7 9 15565 60401 3455 25 5254 2233 7 4000 9 139061 1277 31 5892 6 26 164 23394 7 9 6951 1964 164 904 1506 47 4 137 9 83924 13720 4 2875 2082 3 164 8 3 1277 65 87 16 9 17281 4861 23462 6 9 164 13 2388 57 7 3 19372 954 5
17 1296 59 164 13 3 5018 86 26 2069 480 4 1016 7 9 6951 1964 1506 14 3 6942 7 3 164 4 9 48 5050 6652 7 3 284 14130 18 4723 5
17 5093 13 20521 956 3 644 13 364784 2520 558 10 3 6854 31 6698 3682 7 29092 189 29406 8 27461 16506 11142 10 11377 71966 5
238 9 8867 4 9 6652 543 15 883 57 51 34 1311 3 1773 1079 7 24024 10 148 7568 912 4 3847 3979 10 9 1024 1506 163 3 37582 5138 5
6794 8 50974 35 7560 33 220 9 2164 8248 653 25310 15778 40056 7 11377 2233 8 48015 2854 60401 32542 992 6 2882 42601 72683 25124 10777 5
177229 2000 7 2233 7 6402 19 5043 418 912 11824 9 5536 4723 6 1649 3 32542 992 47 4 454 15 4 18 488 6 2705 1332 49 13746 25124 15 960 2233 5
81 678 6 12681 3 25124 8 29035 10777 7 1375 727 5937 4 8 3 1896 7 8087 24718 4 4 26936 4 4 93837 4 8 481812 35 7560 33 4400 3 2325 11377 71966 10 9 7466 19 3275 4879 912 5
62346 14130 42 83889 17229 8 93198 24637 111 3 601 67297 1051 7 290 6825 1096 5
17705 7 3 2325 11377 71966 42 5254 22 3 9345 17721 8 4 486 19 2378 4879 13693 4 1252 3 1622 628 6 27241 3 4644 5
66 383 26 2653 61 13 46 533 4413 340 34 8245 120 843 7 11356 2516 284 10 3 19372 650 109 3847 4 3 4249 16 7889 163 3 5138 7 538 2233 6 4498 10777 7 1812 1443 5
21755 8 2516 1443 31 59 1379 10 3 162 24 4 170600 4 8 233974 35 7560 33 4 37 12492 9 3154 5195 4355 31660 10 7116 9939 6 7367 50934 15533 8 3588 5218 10 72031 818 3154 5
1471 533 492 14 3 6607 1315 7 9497 44727 16 3 261 9674 7 11377 8998 5
145 6347 142 899 3 10976 7 3 11377 4 3979 10 32 30199 1778 1215 5
28043 14 25124 8998 10 3 6854 35 4 42034 4 4 323 4 744 33 543 15 9556 3290 9970 30222 42584 164 13 11323 912 71 26 7947 163 1087 3275 5771 109 658 4 238496 142 19572 2915 8998 6708 401 21297 3449 1315 78266 5
12502 4 9 6652 7 3 14130 7 3 284 543 9322 15 628 25 11537 7 6402 163 2755 1219 912 86 2285 6298 3 40708 7 43826 27964 10 614 5
81 14130 4 9 5533 13 5826 46 3644 16 40673 284476 12811 35 138283 33 10 3 89 9962 5
6077 4 138283 4763 6 2705 19393 7 32 5892 1506 7 3 284 14130 538 317 25 13693 7 3 284 1070 6 424 1654 29132 4 13563 4 883 1092 49 18722 4 10 521 1219 1566 5
17 95 226 9630 89 9962 41403 35 33 4 57 7 3 3648 558 6 3030 3 2485 4 16 1940 4723 10 3 7379 7 26831 8 23865 7 33789 10 6294 105 3185 7739 35 7914 12283 32330 4 2560 109 12825 4 7744 4 323 4 2560 33 4 4824 7176 35 6794 4 10141 4 323 29523 4 590 33 4 8 5937 7 13390 12251 35 23302 4 37580 4 4 323 4 280 33 4 100 6 11897 90 7 3 104 308 10722 5
622 15282 2673 7 3 18 2209 24 64539 4 80780 4 21915 4 56601 4 8 17096 35 590 33 5
1526 1296 4723 3 5533 6 2705 3 33770 164 4195 40056 10 5842 173186 51093 4 57 7 3 9584 14 47 19816 2520 112 34 30039 6 4301 3 6942 7 3 164 4 3 263407 3201 10 9 9962 7 518 4 19 3 1272 8958 5
145 2048 3 326 7 3 4 10 3 1065 7 18669 50 1494 6269 4 480 3 83550 47246 1217 7928 7138 1812 35 8 4 1484 4 1144 13092 33 17241 4 141 7 1695 103860 1443 5
17173 3 767 2898 8 3 3238 7 25124 1215 3726 4 46 1381 12966 32 4159 7 3 162 24 3 216 4888 35 21915 12283 32330 4 6833 33 47 6145 3 565 7 19841 660 7 3 1431 7 11377 11323 3074 35 10 678 6 1262 133 1215 33 10 3 89 9962 5
17 6684 16 12695 6 44732 3 164 4195 40056 25 9 463539 7 2558 169 678 1506 7 46 6347 10 9 13604 30520 5
460417 2233 25 9 60034 2741 31 24717 76 9 164 60401 137 1416 3309 4309 5
145 84 1217 4 480 6227 10 10651 19 43826 27964 4 5234 6 1297 3 8958 7 3 421 650 5
81 3 161 7268 4 628 2137 8 5447 4 21 166 21 9 2941 6652 7 3 4 19 5983 15 3 498 1217 31 2209 5
17 9345 197 55 13 41020 9 21101 9497 30520 8 3 1973 628 3310 1593 31 3 216 21 3915 24 21915 12283 3462 5
35 6833 33 4 1033 524 4 10 46 1381 4 97 9 36472 6652 16 1252 5
81 98586 249 4 3 798 176 7 3 14042 211028 272 13604 30520 16 13075 4 19 3 28214 134123 1595 10 3856 5
17 60034 2741 14 1973 13586 16 1942 10 9 22798 8 19052 23028 10 3 885 38838 7 3 30520 53990 2378 5
89562 83337 7 1325 8 3953 818 4 8272 8 390 4552 3 532 7 25124 19393 5
89562 134123 35 5607 25 21915 12283 3462 98586 249 5
89562 134123 35 5607 25 21915 12283 3462 5
35 6833 33 33 5
81 678 6 47192 3 6372 2109 7 3 6402 19 3 3241 7 3 25124 650 4 108 507 7 5257 1665 42 1303 61 5
30879 3241 684 4 4041 232 6 9 3514 4 42 3455 137 3656 3013 7 3 818 489 35 33 22 3 28214 58355 4 21 13075 10 3 3856 7 98586 249 5
1526 507 4 29092 32 1058 7 15517 2233 4 36 26 5125 87471 21 3449 6402 35 3082 15483 33 4 44330 6402 35 3082 46485 33 8 11323 6402 35 3082 18821 33 5
238 12859 24 98586 341 35 9 33 35 8258 33 4 3 6372 2109 7 138 1973 6402 31 1798 9022 4 121 3 39177 3201 8 6214 7 40 50676 8248 926 371 828 6 523 3351 7 16194 5
62346 2233 98586 341 5
62346 2233 5
35 9 33 3082 15483 109 35 8862 33 3082 46485 109 35 8258 33 3082 18821 5
17 767 11025 18 351 76 1250 6 13014 9 15565 60401 543 15 698 2763 1752 1547 6 3 16194 8 39177 3201 7 3 50676 8248 926 7 3 11377 1973 215603 5
17 5937 7 35471 6 3 508 1973 2763 53 2778 55969 1356 249 1362 16 3 596 50676 8248 653 109 2778 55969 1356 341 1362 16 3 1973 92541 53 4 114 202616 16 3 10291 15778 7 8248 653 72539 109 2778 55969 1356 459 1362 16 3 596 325 3235 50676 8248 653 1884 6453 137 9 1332 1973 15854 24 9 459 98236 459 2801 109 2778 55969 1356 503 1362 16 3 596 325 3235 1153 2029 44398 6453 137 9 1332 1973 15854 24 9 459 98236 459 2801 109 2778 55969 1356 500 1362 6 55969 1356 698 1362 31 16194 10777 543 15 3 25310 15778 40056 35 6355 323 2149 4 3824 33 7 3 1973 215603 4 3703 6 67 40966 5737 39079 446 8248 926 31 6564 24 883 249 4 459 49 500 2367 5
145 152 4 55969 1356 500 1362 4 55969 1356 708 1362 4 8 55969 1356 700 1362 31 3 17521 11335 7 3 221 7 40986 7 19348 7 67 39079 4114 8 72539 446 8248 926 31 6564 24 249 4 459 8 500 2367 4 3995 5
1526 11335 31 7154 232 6 35 249 33 114 9421 35 4114 4 72539 33 16 3 10291 15778 7 67 40966 39079 25246 8248 926 4114 8 72539 4 8 31 3 596 221 7 40986 7 8248 653 39079 4114 8 72539 4 8 4 31 40 12510 1153 2029 44398 5
10052 4 55969 1356 704 1362 4 55969 1356 782 1362 4 8 55969 1356 183 1362 31 3 2906 2770 7 3 221 7 40986 7 19348 7 67 39079 4114 8 72539 446 8248 926 31 6564 24 249 4 459 8 500 2367 4 3995 5
1526 11335 31 7154 232 6 35 341 33 5583 4 55969 1356 407 1362 4 55969 1356 403 1362 4 8 55969 1356 698 1362 31 3 96345 2770 7 3 221 7 40986 7 19348 7 67 39079 4114 8 72539 446 8248 926 31 6564 24 249 4 459 8 500 2367 4 3995 5
1526 1170 31 7154 232 6 35 459 33
17 18 11629 10 3 3566 8 29 4 121 153 4 45 1589 8 3639 3677 5
17 17592 322 2209 16 9 36472 1185 7 9 162 24 160343 8 9630 35 6962 33 4 47 5152 9 507 49 767 601 121 9630 8 35 8054 33 5
26786 4 21 2925 12492 4 3 5018 136988 83550 2763 7 9 9424 2463 7 2558 7961 678 5892 1506 25 3 481 1070 7 9 284 6 883 35782 49 83 210141 4859 35 189329 4 1515 33 5
999 19379 4 3 14130 7 3 284 16 3380 24 3 14392 35 503 33 10 47 2990 16 3 2199 40056 4 3298 16 3 50622 40056 8 9273 16 3 34872 40056 4 3995 3001 22117 4 28321 8 10750 60401 4 125 18365 2610 14 3 146090 3518 60401 5
2491 46 1506 16 24717 76 9 164 904 6684 8 3 3979 74 678 26914 42584 31 1465 10 40056 916 4 9 95 226 98236 284 40056 29623 70 317 7118 35052 4 34872 8 50622 10777 7 3 284 163 2376 5
238 23 16 424 25 7039 284 3695 4 3 7 3 284 40056 31 220 6 49075 1375 26831 8 50622 2193 4 8417 50 581 7927 12483 4 14 290 2463 7 2558 7 3 5892 1506 5
8616 4 1252 13 3 284 35068 481 33789 4 9630 2106 5018 2082 3 92987 40056 5
8616 4 9463 14937 3 164 60401 8 79 3 284 40056 4 14 9 1087 6205 122019 4 9 197 7 94851 4 107136 8 10750 13693 7 3 481 1070 7 3 284 4047 9424 27728 42584 6 4855 14 32239 232 6 446326 35 500 33 4 35 500 33 355 13693 14 258274 4 4 4 4 31 115 4 153 57 624 55 19 42584 4 21 3177 53 35 708 33 35 700 33 16816 4 2016 13 70 3 5937 7 6219 8 31 558 4 40056 79 16 58052 3455 4 21 23 71 26 5054 25 446326 35 403 33 5
66 383 26 9667 13 3 2104 7 46 197 7 42584 16 5050 4 121 6219 8 177751 3847 1148 31 2842 5
527 4 46 1217 2779 3 2505 7 94851 4 107136 8 101247 22 329 6205 4 47 2818 6582 118559 7 5559 5300 4 49 9 1812 24274 15912 6 1125 3 108 10771 5
145 13925 18 4417 24 160343 8 9630 35 6962 33 4 37 2069 3 5018 6 231 883 7 3 10771 14 3 37582 7 3 284 40056 5
659 46 194 4 3136 13 3 15565 14392 14 3 481 1070 7 3 284 10 446326 35 503 33 16 35 704 33 3 2104 7 446326 35 700 33 4 22 120 9365 1664 72539 4 142 26 1465 21 3 5806 7 3 4413 7 290 1570 7927 22 13 1664 109 14 9 392 6205 4 35 782 33 10 47 2464 3 481 1070 7 3 7927 2442 6 3 22 3 1664 4 8 3 12510 4 2104 7 3 15565 14392 4 10 614 4 189 1812 1051 5
355 266 31 5559 22 307 89 258274 4 54 90 129090 13521 4 160343 8 9630 35 6962 33 2148 13 3 1787 284 40056 79 16 176 7 32 565 5
66 3177 13 3 7 40056 79 4 1812 1051 7 3 916 4 8 3 5401 7 3 15565 14392 4 3 7 3 39177 1506 7 446326 35 249 33 35 189329 4 1515 33 432919 3082 1635 4 11856 4 31 1547 24 35 183 33 81 3 996 14392 4 2464 32 16084 215329 8 4 10 1069 7 446326 35 782 33 4 3 8 71 26 220 6 4498 3 72661 1375 10291 4 1375 10291 8 50622 2916 14 290 7927 232 6 5
35 407 33 35 685 33 1298 47 4 480 2442 6 3 4 2112 26077 3 284 14130 5
35 407 33 35 403 33 35 698 33 35 685 33 622 533 492 13 19102 11700 883 3 1494 49 3 5607 16 3 796 7 628 25 3 481 1070 7 3 284 163 8557 5
145 565 20521 10 307 857 5771 4 14 3099 4 3 7379 7 528 6294 105 1979 8 7739 4 446 481 1070 16 3664 2784 6 4498 121 4 22 248 4 6951 210141 663 25 3 1566 35 2114 4 922 33789 11584 6 3 2981 2151 9889 12453 33 16 535 1379 5
81 3 267 7 3 1379 6269 4 9 481 1070 51 15616 61509 3 11377 4 9 2475 1778 5257 1215 5
145 5093 71 26 85175 65 3 16 4723 10 10651 19 3 23333 294671 91179 35 4682 4 8716 33 4 59 424 21 4 121 4964 24 9630 8 35 7780 33 5
17 5533 2527 628 25 6951 210141 6 2882 3 481 1070 7 3 284 5
4682 35 8716 33 22541 13 4 14 9 284 45845 163 6951 21431 210141 4 65 3 596 7 3184 5036 7 3 94851 1070 31 43420 4 3 4413 7 107136 8 101247 15 3 5559 3905 6197 23854 109 24658 4 3 481 1070 16 3455 5
17 5582 7 3 284 4 21 1013 24 4682 4 16 43420 538 9676 7 3 5559 22117 3905 285266 24 3 216 11763 1215 35 9 3112 97727 4 14 3099 33 5
1532 4 6517 3628 89 4385 9676 7 3 5559 3905 11348 35 9575 33 4 1204 22 258274 35 72539 3082 249 4 341 242 6517 33 1252 13 11348 35 33 3082 35 3 11763 1215 33 31 26119 5
36743 4 3 5582 16 3455 232 6 446326 35 409 33 4 35 409 33 3 1787 481 1070 7 3 284 5
81 46 162 4 3 5582 16 43420 25 14407 7 9676 19 2007 871 35 11763 1215 33 4680 25 1054 202 6 1614 202 7 3 3235 97727 5
79 179 2463 7 2558 169 678 284 1506 19 76055 50622 18 1349 14 3 2673 7 3 5
78940 6 3 5681 7 97 57 9365 1110 35 3 1034 14 3 2741 10 3 30520 2378 33 4 3 4644 6755 24 160343 8 9630 35 6962 33 18 4723 6 3189 3 1070 40056 8 3 126942 1070 40056 4 10 3 508 152 53 1583 22 3 4416 347 7 3 1070 40056 597 628 3883 22 16667 20587 7 8 2106 109 628 15 3 4416 179 1583 4 454 3321 10 2106 4 1681 3 798 179 1583 5
17 21206 1070 40056 4 15 3 83 881 4 18 3455 137 9 215329 7 2106 7 3 3893 7 3 1070 40056 5
5583 4 403 89 258274 42 220 24 3 5
332 46 397 4 57 250 2797 13 3 1206 10 4024 1315 340 34 26077 9 6951 210141 5
81 9340 4 57 142 14202 13 4 14 3 9892 1506 4723 4 11771 4 5254 2233 25 9 60034 2741 4 9 112968 210141 51 26 27057 97 92 57 1752 9887 31010 7665 976 3 30520 4 1016 7 2466 15 22 3 28214 5
1249 3 172 16 34 617 10 3 5867 4 3 19379 7 6951 210141 2609 5
460417 2233 25 3 11323 11377 1215 35 3082 18821 33 42 9490 232 6 3 6652 7 8941 341 4 1691 9 197 7 83735 55969 35 33 4 4114 3082 249 4 4 698 4 11856 3082 249 4 4 577 4 12510 6 9 49668 9149 25 558 628 7 359705 3524 14 290 7 3 698 1973 10777 5
145 1842 221 7 522 8501 184 5093 6 3 21717 7 3 5533 53 232 6 4682 35 8716 33 4 3 4644 16 21 5050 21 3 221 7 14407 10 446326 35 403 33 2238 5
364 4230 6 293 19 46 565 16 24 55969 95 21 6 4498 9 902 9149 8 1297 31660 773 4 32 52217 446 12406 16 543 15 3 15943 13 3177 5
81 3 74 254 4 3 19379 18 1349 21 9 5702 6 3 1488 4 47 14359 13 5254 628 35 2233 33 2464 9 160269 650 5
17 44676 5937 7 290 7 3 15565 83735 55969 31 3455 25 3 216 628 5907 137 9696 112968 27964 109 59457 4 46 5907 4286 317 7118 3 1081 650 22 13 6205 5
12502 4 23 16 1935 6 4595 13 3 650 16 59 1773 1065 5
238 9 8867 4 3 1273 36 5313 3 67 74 3281 7 3 1519 650 5
123 197 195239 8 40937 7 290 9149 7 19393 42 2828 103 3 650 4 446 3115 14 3 3082 503 4 6494 16 3693 10 98586 459 5
17 3703 97727 1016 7 2215 2367 22 3 4336 16 23529 7889 5
17 18 4 153 4 4723 6 49075 3 83550 19393 7 3 1506 4 47 71 26 381 10 3 169 8 296 11107 7 20498 249 5
89 586 7 15565 19393 14 3 11323 6402 98586 459 5
89 586 7 15565 19393 14 3 11323 6402 35 3082 18821 33 5
20498 249 5
72661 1375 2193 14 290 1658 7927 8 23066 297 26831 43420 25 8 54766 2376 5
5573 7927 78619 72661 1375 10291 18365 35 106554 33 2916 122928 72661 1375 10291 18365 35 106554 33 249 41905 94081 341 60984 25029 459 46756 503 78596 81 678 6 44434 3 996 522 4 9 54766 2376 7 3 49668 9149 7 98586 459 18 2828 8 1252 3 326 6805 13075 10 98586 503 4 15 47 16 537 6 4534 3 5488 7 3 3905 326 1411 3 1081 1079 7 27057 26831 4 13563 4 25 6494 6 403 106554 4 150 12768 22 3 179 26831 3455 24 3 5533 5
17 15778 7 307 39620 26831 297 138 1658 71 26 2921 24 32327 15178 25 3 431860 19 9 32442 2801 103 3 54766 2376 5
7448 4 3 179 26831 7 518 112 1379 568 3703 456702 5
273 3 8347 7 4631 4 3 296 8 740 11107 7 20498 249 240 4 3995 4 1375 26831 43420 24 14015 166754 67565 35 122928 33 8 40 3703 23066 6 3 1603 3455 19 24 3 1273 1217 5
6077 4 3 5464 142 26 1109 22946 2936 14 3 169 1375 7927 5
64982 3703 326 131456 14 1658 2520 7 35 9 33 53 11323 98586 503 5
64982 3703 326 131456 14 1658 2520 7 35 9 33 53 11323 35 3082 18821 33 109 8 35 8862 33 53 3449 35 3082 15483 33 4249 6402 5
17 161 1092 956 3 25017 7 3 1273 1217 109 6 46 194 4 23 130105 6 10158 289 628 25 3449 35 3082 15483 33 8 6009 3449 35 3082 7627 33 11377 912 4 480 9490 232 6 5533 19 19393 14549 14 3 11323 1215 4 71 26 10236 25 3 4991 5
79 454 15766 16 537 24 13084 3 650 4 11771 4 538 3 6 2705 3449 6402 8 1970 3 19393 3847 170 111 6009 3449 8 11323 6402 5
17 522 7 189 16676 31 962 1298 5
75927 7 5300 31487 25 3 1658 2520 4 48871 24 290 3703 97727 4 31 13075 10 98586 185871 8 8862 4 446 4249 131456 31 3995 3 23070 14 3082 503 8 3082 15483 5
1210 6 1029 1065 14618 4 57 144 1100 2211 17046 148 23070 7 7627 8 18821 10 98586 185871 8417 4 10 98586 288541 4 23070 7 7627 8 15483 51 8226 436 48 7281 5
145 44895 2376 4 658 4 340 34 581 3349 922 14 9 10100 25017 7 3 5018 121 4 10 3 74 267 4 9 530 868 8887 480 4 22 3 60350 106554 10291 109 15 3 83 881 4 10 3 169 267 4 10291 2388 4722 408 6 5061 8 11940 106554 5
79 11427 1415 7 3 24639 148 32 1221 7927 8 9 4249 7927 47 16 3615 220 10 138283 16 3 284476 26853 74951 32614 35 189329 4 1515 33 5
17 32614 4363 110458 16364 248 20085 3272 7 70 3 16691 7 9906 7 628 25 9022 2757 76 9 837 463238 4 680 13 7927 12483 8 26831 142 26 1812 5794 5
81 3 1379 267 4 3 32614 29 45 5607 6 581 1687 199607 7 3 26327 3272 297 26831 8 456702 7 3 4249 8 3 83 131456 10 189 745 163 5139 5
14891 9463 207777 53 221 7 4249 5300 109 157968 53 221 7 960 5300 109 53 221 7 12768 7 3 4249 5300 109 53 221 7 12768 7 3 960 5300 109 9575 53 1547 6 960 109 24880 53 1547 6 4249 109 7168 66413 1291 1547 6 10291 109 8 79 53 66413 1291 1547 6 97727 4 3 38020 71 26 40916 4216 232 6 53 35 33 35 33 35 33 5
35 33 8 35 33 3001 9 11427 1415 7 3 28401 7 26831 8 3703 456702 180 7562 40 8785 4 8417 446326 35 33 21636 4 10 9 837 463238 4 3 2164 1102 7 189 467992 5
8616 4 3449 49 6009 3449 6402 4 65 2870 538 19393 43420 25 11323 6402 4 31 230 6 7902 1723 2770 7 32614 35 6009 3449 6117 3449 33 109 53250 4 11323 49 6009 3449 6402 144 1379 17073 2770 7 32614 92 31037 111 3449 6402 1658 1506 5
17 522 7 3 996 25017 31 2209 10 20498 341 4 25 47 23 16 537 6 3413 3 57907 7 138 53259 5
20498 341 5
32614 2770 14 2858 25017 7 3 44895 2376 5
32614 2954 15483 7627 18821 45191 18821 94081 51604 249 15483 15483 27529 94081 17 25017 1092 3006 3 1081 1273 650 14 19841 660 7 3 1431 7 11377 8998 5
53800 96 18 3915 10 3 22623 2124 4 23 16 107 537 6 4697 4 25 446326 35 183 33 4 3 3656 5937 7 3 33770 89 164 4195 40056 79 4 3847 53661 3 14130 7 3 284 10 3 89 9962 4 21 23 18 2337 1273 5
7219 4 89 586 7 15565 60401 71 26 31487 25 3 1658 284 1506 8 4 21 9 8867 4 57 16 488 6 44732 143 241 6402 19 138 2000 51 159 6 26 21487 5
17 89 6942 7 189 5559 8 31487 15565 83735 16 1595 10 98586 500 4 25 47 23 71 26 12674 13 11323 6402 51 73 287 58 302 2106 103 676 10976 5
64982 89 6942 7 5559 8 31487 15565 83735 98586 500 5
64982 89 6942 7 5559 8 31487 15565 83735 14 6402 19 3082 18821 5
66 16 533 6 397 61 13 4 10 4631 6 3 767 162 7 21915 12283 3462 5
35 6833 33 4 10 47 3 924 201026 5266 3380 3 14130 7 11377 71966 35 10 9 164 904 6951 1964 1506 33 4 3 498 601 29 45 488 6 2705 9 161861 179 2463 7 2558 1506 13 5181 3 89 6942 7 3 25124 650 5
10526 4 628 25487 3979 25 3 2673 7 83550 7379 4 9 2419 13 18 34 1379 10 3 767 162 4 7952 6 6298 3 5240 1175 7 3 284 4 121 14006 16 10121 5
17 689 4413 7 3 1379 162 16 3 1408 7379 8 25017 7 9 7712 2031 1506 13 16 3682 7 6293 3 14130 7 390 6402 10 9 13604 30520 543 15 19348 7 2233 5254 24 9 60034 2741 5
17 40673 284476 12811 1217 322 3322 6 138188 27241 3 4644 340 34 27 4 6 3 2505 7 3 4888 4 120 8690 10 3 6854 5
81 7488 6 83 1131 13 1186 6 44732 6942 2520 25 349820 9490 2233 7 11696 24024 35 7744 12283 3462 5
35 6833 33 4 12283 3462 5
35 7560 33 4 14 3099 33 4 3 522 322 13075 4417 138 10 3 1065 13 628 25487 137 83550 7379 16 338 6 1297 3 28501 1175 7 3 11377 19372 284 5
64656 767 601 24 3 216 4888 35 21915 12283 32330 4 6833 33 4 3 19629 7 3 1273 1488 11676 25 3 726 7 9 11377 1973 543 7039 1506 13 71 26 220 10 3 160269 152482 1016 7 9 6951 1964 1506 4 3847 3096 3 40708 7 3 20 152482 5
238 11084 6 3 19372 11040 1252 24 3 5018 4 522 7 3 32614 38020 4459 13 87 16 149 787 14 3070 5
17 15565 60401 7 3 1973 86 539 49668 2000 133 21 3 1153 871 8 2029 44398 7 3 7074 1067 7665 4 3847 4032 3 7 3 1506 5
10526 4 3519 6381 35 538 4 14 946 4 89 8200 20973 33 51 30491 7094 7 3 44676 6402 25 13 20610 24 3 70349 30520 2378 5
349 3 83 881 4 1016 7 112664 3 19393 7 9 27728 161861 7712 2031 1506 4 9 103860 4859 86 26 31037 10 678 6 333 4301 3 14130 7 3 284 10 1069 7 3 6453 628 5
17 996 601 5772 8 40 41436 10 3 4309 277 962 17544 3 2669 7 498 162 24 3 4888 7 46 1181 19 3 3644 7 2099 52 454 4091 10 10554 27964 6 26 220 10 6062 532 1443 14 1784 2333 5
249 12162 5
53 407 109 21326 53 407 5
341 53 407 5
459 12162 5
53 407 109 21326 53 407 5