81 46 1381 4 32 7112 3093 470305 13370 5479 1506 16 1589 6 4764 3 773 7 746 60240 19 9 3093 470305 13370 5479 284 5
17 1589 1506 16 543 15 18975 47246 4 92541 8 32542 992 5
134 3001 32 7254 7 9 3093 470305 13370 5479 284 543 15 47246 8 7732 32542 35 424056 164751 33 47 71 1328 13228 746 16480 5195 10 521 10711 5
17 628 197 7 3 3093 470305 13370 5479 284 42 74 7545 8 58 192 628 2757 42 220 6 4764 3 13370 5479 543 15 424056 164751 5
81 29182 4 773 1170 42 3455 6 6786 3 2655 8 60240 105 2755 2770 14 1506 25017 5
81 11245 2376 4 3 61890 871 16 8 3 82478 871 16 375739 202 14 3 424056 164751 1506 5
145 542 842 13 3 2770 2655 19 3 424056 164751 71 26 220 6 4764 746 16480 24 470305 13370 5479 284 1144 10366 5
766 29182 27 1595 13 3 1273 5018 16 48 1783 8 3466 3 1443 1144 1408 5
81 308 85 4 5811 5479 29 343 9 964 565 5
17423 2506 12680 333 317 8 532 6 231 3 1806 2693 48 11076 5
17 3316 16 3 3558 565 7 10472 9 7025 483 5238 9892 1506 14 5811 5479 10 3309 543 5479 5
520 6599 12067 1506 3 7488 148 3 164 7 3 5811 8 3 2109 7 290 50676 25 3 1973 642 5425 24 3 8181 5811 53 171463 5
2520 12695 4108 14 4092 35 4 2391 33 5
68132 5479 16 32 533 2485 496 3 857 7 1416 3309 47 29 3242 7 2673 692 133 21 11455 5
68132 5479 31 220 14 6372 7379 7 523 6034 105 3 1094 4 1446 4 8 2643 5
14015 8 5394 4591 87930 27964 27 45 1589 6 7367 8 1328 6034 10 46 5662 10 10534 35 4 4 4 323 38347 4 2391 109 4243 4 145873 4 323 75488 4 1515 33 5
6459 4 3 857 7 1416 3309 47 29 3242 7 2673 692 133 21 11455 4 4246 4 3782 2940 8 784 9939 5
81 1243 4 5811 5479 29 597 4900 1164 154 3 73 1208 35 4 17150 4 323 5989 4 2804 109 58105 4 323 1604 4 2804 109 30412 4 2552 4 323 34490 4 2391 109 36277 323 16453 4 1515 109 2552 12283 32330 4 1278 109 1604 12283 32330 4 2773 109 57035 4 18150 4 323 15669 4 2804 33 5
20406 7 5811 5479 71 26 170 10 692 21 5471 21 854 13866 14 5703 8 2815 4 854 4246 4 8 5811 543 35821 5
355 3 8181 5811 11710 49 3 10569 7702 10 32 9769 49 4000 4230 4 3915 70 192 1510 6599 27 34 45 488 6 38845 3206 2506 5
12502 4 9 84 2104 543 15 47246 8 7732 32542 992 35 523106 33 718 16 1273 10 46 1381 5
17 523106 718 1708 9 221 7 3648 47 86 916 3 1625 14 9 2475 28338 1217 6 3 5811 5479 565 5
187 31 9 515 7 7112 4538 52 29280 8 1784 857 10 308 85 35 2208 4 37346 4 323 4 280 109 323 55234 4 4 109 4 4 323 55234 4 280 109 10141 4 44427 4 323 37750 4 280 33 5
2018 70 192 4538 4 10 3 7732 1442 857 4 7732 32542 2642 35 49894 33 27 45 3677 3639 6 1150 4355 4 1973 2376 8 33855 532 4 10 678 6 13014 1586 2210 35 10 1416 8 854 482 33 49 16001 29280 5
79 5394 696 5479 14533 47 2527 3 32542 992 35 130820 33 71 1485 21 9 1509 589 2146 6 270 83 4538 4 133 21 7764 35 52821 4 280 33 4 453 49 5304 76828 35 422994 4 4 4 323 4 280 109 4 4 323 29109 4 280 33 4 373 5340 251459 35 529683 4 40076 4 323 4 744 33 4 8 1279 2376 3648 5
81 3 73 1208 4 9 515 7 6599 27 45 2209 6 2703 3 544 5208 24 87625 4 1375 10711 8 807 696 39968 61 7 3 6232 1566 8 76 19630 5
187 31 6682 5394 5479 4309 133 21 1153 2435 35 6793 4 24067 4 323 56132 4 274 33 8 2374 3157 1506 35 4 4 323 4 274 33 10 3 6854 5
1504 1691 5394 5811 5479 4 192 4309 27 272 46333 4710 5
9601 76 1250 3 3212 7 695 5447 4 10 46 1381 4 80 1379 32 1783 746 5479 284 47 2527 47246 8 7732 32542 992 35 523106 33 10 521 89 5
145 1381 6274 9 470305 1217 14 5479 68 15 9 1401 10051 538 47246 8 7732 32542 992 35 523106 33 5
6459 4 10 46 1381 4 80 1379 9 84 746 5479 5018 14 854 13693 13 7801 3 11414 7 192 3648 22 129 8193 5
17 1381 16 4393 21 3177 53 8941 341 15682 667 7 107736 884 5
8941 459 4241 5181 3 7532 4 3 18975 47246 35 266826 33 4 8 3 7732 32542 992 35 49894 33 21 50531 5
1301 4 10 8941 503 4 1506 4644 16 2209 5
81 8941 500 4 3 9345 522 31 2209 5
5583 4 7951 31 392 10 8941 708 5
134 231 33855 3519 93136 650 8 449563 543 1153 2435 5479 31660 3995 47 31 962 10 48 3856 21 3177 5
65179 3519 93136 4538 71 26 6401 76 67 3010 5835 35 40353 323 163139 4 911 33 53 14510 172930 8 172930 5
81 14510 172930 3519 17241 4538 4 9 9343 2801 1217 16 220 14 3519 37582 5
79 3601 221 7 12949 16 220 8 7545 10 9 16445 5
172930 3519 17241 4538 112 34 422 1328 7 9 16445 4623 9 221 7 586 12949 5
1858 4 23 7212 9 837 3519 1506 543 15 290 9632 5483 5
81 46 1181 4 80 220 57 7 3 172930 4538 35 36 26 3915 22 161 33 4 121 43 1871 287 4250 58 14510 172930 4538 35 1072 4 502 33 5
79 1029 50676 653 3519 93136 5018 9286 7 4831 67 1959 6 1865 289 9 50676 9317 6 3519 35 23550 33 49 34604 5811 35 79500 33 5
332 3 74 1092 4 13300 871 7 290 50676 16 7154 24 35 249 33 114 16 3 871 7 9 50676 22 89 9575 10 170832 5
332 3 169 1092 4 13300 2770 7154 14 290 50676 31 677 19 9 8515 871 6 1865 289 3 50676 7857 6 3 3519 5
35 341 33 114 16 9 8515 871 5
527 4 3 1510 50676 653 4309 31 177 3538 6 40198 337 10 3 1279 8 112 34 581 13228 522 5
12502 4 80 231 9 5394 50676 653 5018 35 323 516848 4 744 33 47 2527 201026 8087 1506 19 2636 5937 14 290 50676 10 1973 53 35 459 33 114 8 31 3995 4 770 8 87009 7 5
17 12221 17509 103415 24 503100 31 461076 8 4301 143 146 7 3 628 9317 6 3 260948 6825 7 3 5
6459 4 3 31660 71 5339 5998 3 666 221 7 6825 147 50676 8 4219 503100 4 8 2770 24 538 172930 4644 5
435 3 3519 93136 650 4 80 27 90 46302 6034 47 3576 746 60768 8 83 6034 671 19 13990 5
40190 14510 746 60768 8 13990 4 80 236 6 2780 90 107736 1315 5
9011 19 7623 15 986 8 2157 884 406667 4 80 1415 9 197 7 2763 47 31 115615 22115 35 8855 115615 193736 13 71 3576 3 5811 33 4 47484 35 3 5084 7 3 39079 10 3 115615 22115 33 4 8 46460 35 46460 7 3 173483 13 29 3 216 169 3281 21 3 5811 33 14 290 7947 5811 5
1563 8365 240 13 1029 746 60768 144 27 11612 21 3177 53 19703 18020 746 60768 10 5568 10711 4 80 236 6 1328 97 57 13228 696 5
273 5479 650 4 80 4535 6 231 9 5607 1185 7 3 449563 543 1153 2435 31660 35 323 103543 4 1422 33 5
435 4498 15799 746 1898 24 538 6589 7 3 33855 3519 93136 8 107736 6109 4 3 1055 7 3 13228 746 52421 16 8181 2429 538 3 449563 543 1153 2435 27964 8500 9 15799 5811 3157 1506 5
145 10366 37666 104 7 3 11235 6825 7 5811 4327 8 250 3764 90 10235 92 34 5420 35 47 16 1618 3 267 8500 272 5483 713 3703 6 7434 33 5
134 4219 3 1055 7 3 13228 746 52421 538 3 508 4644 53 35 249 33 3 1055 827 7 290 5481 16 7154 109 35 341 33 7557 4591 449563 3201 4859 72846 7880 6 3 1506 5811 642 35 4593 24 9546 746 52421 3455 24 33855 3519 93136 650 33 16 2118 109 35 459 33 22 290 1153 2435 43241 4 80 13012 3 7557 4591 449563 3201 4859 9421 7880 6 3 1026 5811 642 8 5199 3 3272 148 72846 8 9421 35 650 86 26 3876 6 21 3519 11037 33 109 35 503 33 392 72846 8 9421 4 3 2059 22 120 5606 14937 7 7557 449563 16 10978 25 3 149116 1415 8 16 392 24 53 35 503 33 114 19966 35 14937 33 15103 143 338 3 50676 4591 38 35 14937 33 7857 6 32 5811 1506 72846 5
435 21853 3 1055 11235 1058 2151 1153 2435 4 23 16 3353 6 3 2543 317 7 3 1055 397 5
81 46 2124 4 3 18423 10093 14 3 7112 17241 220 10 3 2209 542 31 392 10 3 508 199158 5
7532 28792 31 1913 43655 231 10 3547 21 5471 21 7986 8 11457 5
2249 7 40 30371 14 15826 294303 5300 4 43 27 343 9 1509 2155 6 166754 4309 10 117 784 2333 4 114 133 5300 19546 35 4 2804 33 5
17 689 9063 7 352343 16 13 43 27 9 11264 2801 1646 4 110 1773 14 2063 26831 8 4330 14 3 2025 1603 4 3847 557 6 32 19547 3101 10 70 3 10291 11612 5
10526 4 13926 6 3 644 13 3909 31 9888 6 3 91766 7 290 2430 4 352343 1292 3 5702 7 21431 5
79 2840 16 166754 507 2840 4 44 16 4939 24 9 67 96734 234 7 7410 5
66 71 26 4939 21 3177 53 35 500 33 114 4114 8 72539 31 269410 4 3 7410 31 3 2840 7410 8 3 67 96734 2840 225419 31 226 3 33770 7532 35 159463 33 225419 7 18365 35 14937 33 5
17 225419 31 392 24 35 708 33 17 1625 7410 71 26 43420 25 9 4859 226 3 7470 49 669 137 11235 8 106469 35 700 33 114 72539 16 3 11235 8 4114 3 106469 96734 5
8478 4859 16 34 2665 4 44 23 383 8922 9 396 197 7 912 5
364 7 91 16 41748 3101 1215 8 1547 6 3 67 2430 1884 14392 35 704 33 114 16 16619 4859 8 18398 35 11856 33 383 8922 307 912 6 132 1625 7410 2665 4 8 27 9 1087 2463 7 35384 5
17 669 16 1547 6 3 16619 4859 21 3177 53 35 782 33 114 5
332 46 397 4 92 7716 18398 35 14937 33 16 558 4 57 71 4498 19440 35 14937 33 5
11346 13 18398 8 19440 71 26 4129 21 13720 225419 7 347 1975 799 1042 8 272 1042 18683 4 3995 5
72539 653 47246 71 26 43420 19 446326 35 183 33 21 3177 53 35 183 33 114 85612 31 392 8 225419 8 85612 8 22 2430 72539 1635 249 8 43 71 26 3455 92 85612 22 2430 72539 16 558 109 35 407 33 9073 5
18975 47246 238 32 4159 7 3 2029 352343 4 18975 3001 9 83538 7 41748 3101 2376 8 231 3 1519 234 7 47246 6 3855 32 8593 7 5300 35 6794 4 77759 4 323 14879 4 1278 33 5
47246 2527 3 644 13 23 16 537 6 3764 272 10291 5937 496 9 396 89 2801 4 125 97 799 10291 5937 236 528 89 3909 5
145 16 106 9 799 10291 6825 19094 9 4165 10 9 528 89 12634 8417 9 272 10291 6825 19094 9 4165 10 9 146 7877 12634 5
12502 4 2063 11264 5937 71 97 26 1658 72 241 89 20587 44 2025 11264 5937 71 26 1658 72 814 89 20587 5
47246 71 26 4357 21 9 11065 89 47246 26119 22 523 26831 22 329 653 49 2430 5
17 47246 7410 22 653 15441 8 89 2737 110682 71 26 1867 21 35 403 33 114 16 3 47246 13720 22 10291 653 185780 17 1102 7 3 47246 13720 16 12010 24 3 2916 12776 22 967 15441 4 44 2631 3 3157 16 3 216 22 70 16506 35 4 1515 33 5
18975 2376 16 32 4159 7 3 33770 7532 35 159463 33 35 175325 4 216189 4 323 30412 4 2804 33 8 23 2856 61 13 3 159463 16 97 57 7 3 146 537 47246 13 86 26 2828 15 3 3905 5
1858 7 100 36046 3 799 10291 6825 4 23 16 3475 537 6 174325 3 1081 1535 76 523 3077 5
17 1653 7 18975 2376 16 13 23 16 537 6 7801 3 523 926 7 47246 10 678 6 2769 3 30392 8593 7 3 1494 35 24508 4 115482 4 323 4 1095 33 5
49474 32542 2642 49474 32542 2642 35 439493 33 31 36764 3581 8 18465 3 746 2032 5
158 31 14484 7 9 528 221 7 1906 5447 3893 226 21 23791 5
79 81495 45546 14 32 7732 61279 1506 16 1595 10 98586 249 5
3062 6219 3082 35 83518 4 96672 4 411736 33 3001 3 15441 9796 3677 6 3 61279 5
3690 55885 3001 3 2059 14 9796 24917 8 8862 16 9 9124 153 3 3354 7 3 61279 16 392 24 446326 35 698 33 5
931 23791 31 3797 19 2205 2662 5
3194 2662 29 9 2059 13 27704 19 11584 3905 10 992 5
3194 61279 29 32 30110 4859 6 2258 3 3354 5
187 31 117 843 7 30110 4859 5
14689 108140 30110 7410 133 21 4 1092 31 220 5
439493 31 3559 24 791 4 65 3677 32 4000 9796 6 3 992 23 71 79117 25 271 4485 8 1247 9 84 665 35 4 3578 33 5
35 698 33 49474 61279 1506 98586 249 5
49474 61279 1506 5
49474 32542 2642 31 1443 13 31 6526 9168 6 132 231 7 90 19019 4860 19073 138 7 3 746 2032 35 4 3578 33 5
158 3001 3 3982 84 2020 7 317 5447 32542 2642 4 19 40 4427 1175 6 26136 2677 25 4093 49 50867 628 4 71 26 220 6 10775 5897 8 7367 4695 13 31 215 1812 6 26 4436 24 883 4092 49 83 1416 4538 5
158 3001 3 3982 84 2020 7 317 5447 1443 5
49474 32542 2642 31 206 22 8090 133 21 5195 7100 8 19372 4 4859 60029 4 27708 8 628 67818 35 6670 4 3495 33 5
355 12430 9 49894 1506 4 9 221 7 14048 383 26 351 76 1250 5
1532 7 70 3 6943 2981 7 3 49894 1506 383 26 3112 4 54 46 3 30110 4859 8 3 30110 2770 236 6 26 2118 5
17 221 7 10746 8 3 221 7 2367 10 290 9419 383 26 3112 5
17379 13228 1506 17244 7 9 221 7 10746 5
17 104 614 1506 12726 1332 115168 148 70 2367 5
931 5595 71 26 260268 49 259362 5
134 71 1835 3 9063 7 49894 21 3177 53 2778 158 71 26 6227 46398 4 116820 4 49 71 26 18213 15 614 3644 1416 5
2778 158 31 4942 19637 8 5394 5
2778 158 162 10 8690 8 856 6728 2438 31 110 1254 8 8495 47 159 1653 7 46 7453 5
2778 966 2854 24204 49 27964 31 558 10 1407 5
2778 622 1175 6 1849 143 6 112 8090 543 15 3 628 392 14 928 49 2007 791 5
49894 71 1000 50 209 1698 49 8593 7 3 317 23 7121 154 2854 89 5
187 31 117 843 7 49894 2981 5
364 7 192 16 156936 4018 850 49894 8 16 1595 10 98586 341 5
156936 4018 850 7732 32542 992 2981 98586 341 5
156936 4018 850 7732 32542 992 2981 5
17 20319 1959 31 21 3177 53 17299 249 53 1532 7 70 4 19393 5536 16 3192 5
17 19393 628 47 27 1268 871 31 4628 5
17 628 31 48871 24 446326 35 685 33 5
35 685 33 17299 341 53 145 1092 16 1547 6 2419 25418 8 19372 5
98586 459 842 3 18975 8 49894 2981 14 7112 17241 5
49366 21946 16 3 629 650 14 7112 4309 5
458 13 23 16 8679 3 104 533 6825 7 17241 543 15 7112 5
79 2419 119622 144 1128 3 9796 60401 35 11771 4 3 1494 138135 33 6 9 798 15209 4 47 4286 104 7 3 4116 317 25 3 1494 60401 5
17 733 7 3 2419 21946 16 6 10775 2000 25 192 628 14 5314 7112 17241 5
273 2419 21946 4 3 18975 8 49894 2981 18 220 5
17 2981 7 7112 17241 98586 459 5
17 2981 7 7112 17241 5
17 18975 8 49894 2981 16 9935 7 67 10746 5
931 31 18975 9419 8 156936 12988 9419 4 3995 5
18975 9419 53 145 9419 16 1479 14 2419 21946 25 9796 628 5
17 2419 21946 650 29 67 4290 53 35 266826 33 53 273 18975 47246 7 3 9796 628 4 3 47246 2981 22 653 459 18 5054 8 1595 10 98586 503 5
18975 47246 18 3677 6 3 9796 628 538 3 249 47246 18683 4 5
5640 47246 3472 7 18975 2376 98586 503 5
5640 47246 3472 7 18975 2376 5
35 17368 33 53 622 92541 543 38020 5181 317 1547 2763 14 32 5050 8593 7 9 392 3905 5
236794 16 9 1029 4102 10 117 3547 4 2638 10 3905 5447 35 111342 4 515886 4 323 4 2391 33 5
79 5018 14 9365 3 92541 1464 21 32 5043 4462 14 81392 3 8062 7 294303 5300 5
134 161 7154 3 823 92541 7 3 18975 225419 21 4939 10 446326 35 409 33 5
35 409 33 114 3 92541 5132 16 9 521 221 4 2106 16 3 6264 38105 3905 8 35 80163 33 16 4114 3 138135 7 6264 38105 5300 5
81 823 92541 4 3280 16 3 8515 8 383 26 9 1432 221 5
332 3 164751 928 650 4 125 3 3280 96734 16 3353 24 6909 1723 1959 4 3 17509 7 3 130820 16 3353 14027 5
8616 4 2419 83735 47 27 3 4385 7 503 31 3455 5
41748 9419 7059 35 106153 33 9419 53 145 9419 16 5054 3 19372 24 538 2000 25 18975 9419 5
17 928 19393 8 3 2981 7 3 106153 31 1595 14 290 2440 10 20498 249 5
931 42 3467 14 3 282 773 54 307 794 8 3768 4290 4 133 21 3 221 7 4438 10746 4 3 1646 7 3 4438 10746 4 871 7 3 1129 4599 8 2854 489 4 8 2125 7 3 30110 7410 5
164751 928 773 16 1595 10 98586 704 5
20498 249 5
106153 6358 8 928 19393 14 3093 470305 13370 5479 284 5
22348 17 221 7 10746 459 17 221 7 61279 15 3 10746 84181 53 341 26406 53 302 37442 53 249 17 2007 17509 8 34710 23333 121867 173645 105487 105487 90977 12266 19393 12586 1396 119 71966 5806 26327 3768 25343 12266 773 7 164751 1506 98586 704 5
12266 773 7 164751 1506 5
81 3 5867 4 3 1273 5479 185455 35 33855 3519 93136 4 107736 884 4 8 449563 543 1153 2435 31660 33 962 10 3 16812 2124 29 45 3639 2870 15 67 521 854 19348 47 31 1726 21 16480 8 2528 5
134 256 6 960 3 1273 1586 8 6728 671 5
81 98586 459 4 3 5479 522 7 14 3 19461 9149 47 29 2591 12949 7 1646 18002 98236 11078 50676 31 6217 5
81 46 11952 4 3 1273 746 5479 1586 650 15 19461 9149 52 306 12949 147 169 5
238 16 1595 4 98799 695 5479 10051 71 1328 746 3639 10 521 854 9149 441 272 5266 5
17 16480 2785 7 8181 746 8 10051 16480 665 16 1595 10 98586 708 5
319602 2785 7 8181 746 8 10051 98586 708 5
319602 2785 7 8181 746 8 10051 5
17 5054 9 3093 470305 13370 5479 284 628 18 220 10 46 542 6 1649 8 960 3 424056 164751 2520 5
766 447 10570 42 1465 24 538 415722 11720 5
424056 164751 2520 42 2828 5
17 1273 17241 2981 16 1595 10 98586 500 5
8604 7 3 16480 2785 7 8181 746 628 18 220 6 928 4290 8 3 83 1172 42 220 6 960 4290 5
17 3455 5479 628 24 1153 2435 31660 8 3 8181 746 16480 42 220 21 9796 6 3 424056 164751 1506 8 3 8181 10051 16480 18 220 21 424056 164751 1506 3354 5
12502 4 424056 164751 1506 29 67 29132 8 57 3354 5
19461 9149 53 17 12949 697 4 2879 4 6263 4 6709 4 19711 4 8945 4 25391 4 34572 4 36495 4 8 46968 98586 500 5
19461 9149 53 17 12949 697 4 2879 4 6263 4 6709 4 19711 4 8945 4 25391 4 34572 4 36495 4 8 46968 31 1595 35 66588 4 35749 33 5
273 17241 9 3093 470305 13370 5479 284 109 3 3192 424056 164751 1506 18 3559 14 403 129759 8 3 2981 7 424056 164751 1506 16 2209 10 20498 249 5
17 7678 773 16 1595 10 98586 700 5
424056 164751 928 773 16 1595 10 98586 704 5
143284 8 2755 16480 11023 98586 700 5
143284 8 2755 16480 11023 5
520 11245 4309 4 133 21 3 6808 1153 26327 35 61890 33 4 3 85612 7 2489 52088 82478 31 220 6 6786 3 2655 8 2755 2770 14 1506 25017 5
17 61890 8 82478 71 26 12354 24 5
35 697 33 8 35 800 33 4 3995 5
35 697 33 35 800 33 114 9424 16 3 221 7 628 5897 10 3 1216 628 197 4 4 15441 6154 3 2655 4 4 15441 16 3 5559 871 7 57 628 397 15441 4 8 16 3 1153 871 7 70 5559 628 266 5
40013 773 522 35 61890 4 82478 33 31 392 10 176 7951 5
81 46 542 4 80 5054 32 7254 7 9 3093 470305 1401 13370 5479 284 47 71 1328 13228 746 5195 10 521 10711 5
17 773 7 3 12971 16 14580 10 1678 5479 11952 8 522 31 1595 322 5
81 1243 4 10 46 162 4 3 7678 7 746 16480 19 9 3093 470305 13370 5479 284 18 2655 24 538 424056 164751 5018 5
659 5548 3 7362 7 129 1581 424056 164751 4 1416 20260 18 1589 15 3 415722 1566 5
17 20260 522 27 1595 13 3 424056 164751 71 26 220 21 32 2155 10900 8 532 5018 14 5479 13370 1443 5
81 11245 2376 4 3 61890 871 16 8 3 82478 871 16 202 14 3 424056 164751 1506 5
145 542 842 13 3 2770 2655 19 3 424056 164751 71 26 220 6 4764 746 16480 24 470305 13370 5479 284 1144 10366 5
12502 4 3254 8 13911 2506 71 26 3455 543 15 424056 164751 5
332 426 162 4 80 31 1330 6 1297 189 3 746 5479 1488 6 26 488 6 7367 8 1328 13228 746 10 5568 10711 8 3 1401 10051 6728 6 26 488 6 398 1003 5