145 162 6274 9 917 1476 180230 2693 14 97905 5309 10711 4 1013 13867 5
13867 16 9 3047 176 7 3 9356 864 4 9 8587 9356 430 5932 5
17 3644 7 3 1273 64881 496 3 864 16 46017 53 14 57 4 6 1377 6182 4 62736 909 6 3 284 2106 7410 8 35833 4 6 11922 12329 8 193221 3212 7 3 284 5
60284 4 3 2693 1010 144 10798 2537 799 326 35 21 23 16 1630 14 536 2055 10 1243 6 33 4 276 21379 11040 8 2025 1070 89 5
17 2693 144 4552 2025 8 1821 4089 4 55738 8 5577 7 416 5
5583 4 15 6728 653 4 3 3866 15721 8 186269 992 144 26 83568 34171 14 1952 8 11040 21 166 5
17 1273 2104 6655 1940 220 3377 526 1639 14 6652 8 4089 6 10181 6728 8 1586 7410 8 1377 31400 4 141 525 3 4807 7 46 1845 5932 5
66 12966 9 9802 5018 6 11032 9188 8 306363 73929 2438 170 10 3 200 8 9 8587 10683 7 10306 8 3866 15721 2642 5
23620 10764 6728 11531 27 45 12354 6 384 3 30392 34113 148 1070 89 8 326 3568 5
5583 4 9 1079 7 3023 2333 13 9239 3 64881 15 523 7176 31 4964 4 6 2148 50 48450 8 7362 10 8259 4 10 46 5662 4 536 3726 8 2055 5
17 426 7 8116 142 4145 15 32 2627 84 24204 424 21 128025 49 141177 32573 35 4 33 5
1949 3876 6 21 3 296 3042 7 8116 4 3 1043 13737 8116 18 2925 22260 24 78167 35 2391 33 5
128025 1443 31 488 6 18386 4650 738 8 11924 19 91 10 32 20945 152 5
24347 6034 7 6525 247 343 50368 14 1481 6 11924 19 13737 1443 5
17 231 7 40360 8116 2438 1141 3 254 7 12665 3149 5
238 9 665 4 3 1416 28656 10 3 3519 8 57949 3 4650 25 5515 4951 30 556 1164 5
17 3309 7 97905 5309 35 260475 33 1927 10316 192 2377 24 18166 31389 1442 10 17741 1443 5
32183 8 41154 7 49474 5309 31 9888 6 17741 1443 6 581 7112 8259 32 141 48 83295 8 140870 4650 791 5
1549 4 184 2627 24204 4 47 2659 6 26 10015 1888 19 260475 1443 4 16 1476 101658 32573 35 91727 33 5
1476 12602 16 10 10752 3 1407 7 12065 9 284 2106 4309 14 1481 49 2333 6 10798 10 9 6182 152 5
79 297491 21106 2693 7 1087 4125 16 3 1476 101658 22348 35 51538 33 5
51538 16 8509 24 59347 3377 1639 8 3531 4 21 3 3377 59 2503 1537 394 12602 5
931 3531 2907 3 28969 7 1806 61361 8 3327 6292 148 523 2113 49 10349 5
81 260475 4 51538 29 2436 6 26 7 485 871 4 21 23 1388 189 3 1622 61535 14 9104 5242 260475 2333 8 3327 941 5
51538 29 343 95 28508 19 260475 13 23 16 460 1109 21 9 5702 5
1549 4 2438 170 10 260475 1443 343 48 9824 8 22037 76 6525 247 6034 5
1894 31 220 6 10181 40 628 8 7410 8 916 3 2395 1052 7 7530 5
47893 15 3 31400 9419 4 3 35871 10202 943 10 97905 5309 16 19680 3 73929 2438 13 581 2370 16408 5
13166 6 34032 10 3 386 4 9 1773 2726 7 2438 6943 14 8259 3 3309 7 260475 31 107 558 22 32 4269 470 5
949 19547 4440 18193 27 45 1254 6 4552 4213 8 28674 7039 2642 7 3782 2438 10 3782 751 4 171463 5
3 3866 8 64399 8 3 326 517 4440 543 8 349 3 83 881 4 3 386 29 34 8 340 34 6581 6 26518 15 1029 1639 7118 2354 13521 5
17 13694 7 65714 8 271022 27 18139 2354 3597 8 1315 18193 14 2438 21106 19 91 4 13433 3 603 176 7 3 31400 8026 5
29 59 343 1940 1724 10 189 139 2815 8 260475 2333 4 21 23 15103 3597 8 4440 1639 14 31400 148 523 346 3474 7 13119 1443 5
7448 4 9 64881 16 149 666 6 581 31400 148 3 523 18679 7 2438 5
949 92 271022 4 65714 8 295446 2642 7 2438 71 290 26 5487 10 9 6158 152 4 43 236 6 26 12048 163 9 1029 29894 13 2333 71 9239 5
145 1029 29894 59 738 6 539 1570 2438 35 79022 5
138 13 112 34 7857 6 9 2029 234 33 13 6661 149 4447 10 3 200 4 8 4859 10 2665 1225 5
10526 4 9 5002 49 3663 1484 1708 2190 3648 13 142 8063 12453 4 171463 5
2912 6325 65192 5
949 1734 4 43 142 581 93 29894 22 70 4 47 16 460 535 3 267 19 1570 2438 10 3 200 5
527 4 141 3 3663 21106 2438 477 31 34 2912 1216 85589 5
171463 5
87 16 9 221 7 523 271022 65192 10 523 5979 7693 13 236 45780 6 26 25810 5
766 10 70 4 9 64881 71 26 381 21 9 197 7 2220 14 523 18193 13 2053 3 604 7 9 6158 34088 9419 148 3 2673 9419 8 3 73929 4 2912 2190 6728 9419 5
17 64881 9419 4 3847 4 29 6 1377 4 10 5131 4 6182 909 8 628 96345 14 3 2673 9419 5
364 7 3 557 6599 14 3 74 16 11700 9 320956 22348 4 47 90027 117 48 487 1212 5
166 4939 8 18139 24 3 3531 2894 6 2127 6633 6158 909 8 31400 15 382234 653 4 125 12405 25 3327 909 72 3 917 5
17 557 6652 2030 8 135173 2029 4 35 3 917 1476 62856 19389 33 277 16 1940 3322 10 189 386 8 601 5
931 337925 15421 12681 8 7673 3 5937 7 9 917 1476 10 394 884 4 47 71 27 9632 8 9272 2633 47 10 786 71 3576 1678 628 3351 5
11577 3 394 71 27 9 221 7 69522 47 185 10680 8 24160 3 394 24 8338 50 56277 8 4440 10319 35 1618 115375 49 219014 33 5
10581 2125 15103 416 15 382234 653 47 770 416 71 26 3467 35 79022 5
5823 33 8 9935 543 15 382234 6680 5
12081 382234 31400 4 6158 8 3327 909 4 3 1476 101658 22348 59 18506 1225 6 6298 3 4089 650 5
79 1476 52196 16 1479 14 3 15671 8 43515 7 416 6 2067 5
17 1476 3721 35 79022 5
80339 33 74 27 6 4524 3 416 13 43 581 15 3 1476 52196 5
17 2067 71 23439 8 5339 3 394 43 236 25 3 6032 2106 858 5
435 43 5339 9 394 4 3 2067 1752 11924 19 3 3467 394 3417 6 24160 3 394 8 3 6032 2106 100063 3006 5
17 236 14 9 1476 52196 16 21647 463 6 3 644 13 416 31 4363 5146 35 79022 5
1252 24 523 10306 33 5
66 51 2631 26 26167 14 32645 6 2384 32 20455 858 7 70 41876 3459 5
435 70 4 10 260475 10711 4 13 858 16 57052 36803 5
36148 71 26 9234 35 141 40360 33 2438 13 57052 2707 8 822 3 284 35 22225 49 1122 10996 33 5
81 46 1381 4 80 1379 9 917 1476 180230 1013 13867 47 16 543 15 9 320956 2693 6 333 4552 260475 2333 10 614 8 536 2055 10 1654 5
13867 16 176 7 3 9356 35 647 57268 430 33 864 35 433752 4 4 4 4 323 4 590 33 4 446 733 16 6 1800 8 8117 7 32 260475 25243 284 13 7928 22629 4 4650 5067 8 73 44 34 248 536 3961 8 2055 5
9356 26849 9 8587 5932 7 1678 2438 4 133 21 10363 7 1923 912 8 129876 14 8748 2438 49 19680 3 34739 2693 5
17 2438 6661 252 25 1678 3474 4 31 9188 4 2912 6325 8 306363 35 79022 5
27 312 49 93 5447 326 2900 33 5
13867 29152 73929 2438 4 8 1708 3 1272 34088 9419 14 6182 909 8 628 96345 5
66 3177 3 51538 4005 14 15421 8 23682 394 43515 8 4089 543 15 3 158882 4089 2029 4 6 270 10 9 8587 5146 260475 1566 5
1738 2634 2981 2228 14 47175 8 300823 6 48 1586 8 6728 416 5
23620 10764 11531 31 2870 6 384 3 30392 34113 148 40 209 326 3568 8 1952 35 394 1070 89 33 5
17 30392 10764 8 2354 5932 4 392 3 1676 7 3 2438 16 59 20412 5
12081 14 3 536 2055 7 3 2912 1010 4 90 3023 2333 31 1595 6 5441 3 64881 2106 3961 8 48450 15 12665 4 3377 8 1401 7176 5
145 1181 16 10032 21 3177 53 3 161 2124 6544 1547 162 4 79022 5
83 64881 1254 14 97905 5309 5
81 3 296 2124 3 5158 7 3 1273 64881 31 392 10 3856 5
81 3 740 2124 4 3 5551 5932 7 2438 8 13867 5937 22 3 9356 1566 16 2209 5
61648 8 522 4 7118 3 2912 2106 773 8 536 3961 4 31 2209 15 3 12510 2124 5
17 380 67 7268 1379 426 162 8 7951 25 46 162 3995 5
17 104 4279 7 1131 16 3 71650 268 14432 6 64881 5
17 71650 64881 16 9 402 864 14 3 726 7 83043 1586 6 10181 73929 2354 7410 10 9 6182 152 8 1341 1678 97905 5309 30951 150 139 22629 4 2189 8 6078 5
71650 4088 9 1773 2726 7 2438 13 71 26 3275 24 32 6404 4440 11924 133 21 20313 4 65714 4 31524 4 29153 4 8 16162 226 151418 8509 2438 5
659 11032 2247 2354 9584 4 71650 12244 3 1272 71650 1586 5937 8 3377 416 10 290 267 5
66 3177 9 529973 6358 543 15 51423 2520 35 33 95 13 3 64881 5937 14 290 2354 31 5998 4209 543 15 13 277249 35 231237 4 77348 4 323 178739 4 280 33 5
17 71650 864 19519 2329 2438 13 71 35747 71650 3377 394 5937 8 12146 112 34 1871 32 6404 10764 6 3009 91 5
1471 1217 6 27069 139 22629 18193 4 72 473716 4 16 2110 51538 35 535170 323 4 274 33 5
71650 4 2110 51538 8 13867 432 9 216 733 53 6 10181 1678 3782 2438 17337 2151 917 1894 8 4552 97905 5309 10711 5
527 4 97 9 265 7 3 1273 284 2106 2438 31 151418 8509 35 8 141 2121 24 2110 51538 33 4 21 23 16 34 7 593 537 6 270 329 2354 234 10 3 200 5
9049 4 2438 13 71 35747 3 416 792 31 177 572 6 384 10 3 200 5
134 623 1341 4269 2438 8 8245 9 762 298209 6 35747 3 12510 416 14 91 35 6 5313 132170 4 19093 8 270 290 2354 4351 33 8 1379 773 1665 5
5583 4 80 1341 9 9356 430 9962 4108 8 1101 15 1691 1117 532664 8 28674 2333 5
160431 60360 35 12581 4 10141 4 323 40931 4 911 33 16 9 825 4 146 1737 4 1217 6 64881 5
81 46 284 2395 45780 31 10 644 295446 179188 416 13 10181 1678 1923 10363 8 1586 416 35 50773 21717 4 1582 4 4703 5 33 5
2224 71650 4 46 284 59 32629 21 9 2505 8593 6170 5
76360 317 49 10 83 1299 3 131 2106 8593 16 7545 10 32 255822 1254 14 3 3644 5
17 255822 6661 7928 14618 8 93805 13 628 5
81 129 1273 2104 4 416 8 158882 4089 31 220 1016 4 21 3 557 4 1940 220 4 526 1639 5
11649 4 742 48 4 6728 8 1586 416 31 1252 35 79022 5
3782 9374 129876 4 10292 416 8 271022 270 33 5
966 48 1443 231 883 21 9 2505 1084 49 21 1812 394 15421 5
187 31 141 4309 6 3855 6943 14 416 24 3 394 15421 792 5
134 112 231 32 255822 1254 14 46 284 21 9 2505 1084 8 11742 394 15421 5
527 4 46 16 2828 15 2673 653 6 5313 799 10119 8 48450 7 3 64881 14 6762 386 8 601 2067 4 8 16 525 3 6269 7 46 162 5
35 1376 12283 32330 4 502 33 12966 32 2693 1144 825 6 4 114 290 6825 29 9 9022 604 53 87 31 80339 4 45646 4 9865 4 4703 5
3194 4650 8 290 68132 35 10 83 1299 1476 33 31 3380 24 27319 2210 5
17 6034 71 26 1669 44 27 6 26 11341 6 26 5913 4 4446 10 13867 8 104 6599 5
17 2912 16 843 7 5973 496 50 209 8026 463 6 50 7254 35 93 31400 19 386 416 33 5
468195 35 4 4 4 323 4 2076 33 16 184 3377 394 64881 13 7928 8243 231 7 7410 496 3 9356 5531 5
66 6655 1401 2657 47 31 6437 19 6865 2043 5615 5
17 2657 31 220 6 9015 2361 13 3001 416 8 916 394 26735 5
238 9 665 4 3 284 1708 9 5238 2215 11924 14 1481 5
468195 16 543 15 3 64881 35 12283 32330 4 590 33 4 47 15103 9 1506 8 32 265759 2030 14 51423 31400 7 416 5
7301 15 51423 20297 5
66 21072 2520 317 1029 15 424 2520 35 79022 5
31127 2106 33 8 9013 6 535039 4 8 48 4 24 6005 21 9 34520 2030 5
527 4 46 1506 142 26 215 2190 4 8 12329 97 496 3 8026 7 21106 2067 5
16816 4 23 738 6 26 3322 24 9 3528 1079 7 3 668 5
349 3 83 881 4 35 8 141 33 16 13911 8 1940 3322 10 601 8 386 5
468195 8 1341 460 7046 13119 2438 5
17 13867 64881 4088 9 1079 7 10292 1586 4 15721 8 186269 416 4 125 13119 2438 31 34 9 3008 14 3 51602 2485 5
35 323 4 590 33 16 9 1586 284 1589 24 3 16528 430 7 34737 6 3009 3 4207 2693 5
24892 3531 133 21 13657 349 46503 8 349862 13363 17219 31 4723 6 4552 1481 23335 326 15 8 326 123 10494 14 40 3149 22 3 1845 10 678 6 1176 536 8 1128 536 2248 5
17 650 16 1303 61 2151 9 3377 2673 45268 11924 5
134 8245 3 216 1806 4538 4 133 21 13657 349 46503 8 349862 13363 4 78599 4 3002 8 9723 44 59 11032 91 21 176 7 9 917 1476 64881 13 1708 48 6928 8 5681 6 2067 5
1810 3934 10494 31 153 6227 10 1216 3023 2333 5
520 6599 1101 15 146 523 5158 7 64881 5
35 288763 4 4 73652 4 323 39173 4 2560 33 16 9 64881 59 14 66355 8 186269 2642 4 44 48 25243 1537 426 2064 8 9573 7 416 137 3 20799 5
113757 35 4 530510 4 323 4 280 33 58225 1401 9915 2354 394 6 83043 64881 5
35 530510 4 4 4 323 4 274 33 16 9 523 1217 6 64881 13 6145 3063 8 296538 15 3 2215 9419 5
238 1401 2438 142 1491 10798 416 44 1292 8116 326 4 3881 31 2042 5
12966 13 192 2438 4859 10 41748 1631 4 8 8752 10306 4859 21 7739 14 3 19743 6582 7 192 2438 5
79 380 3936 7 64881 1038 3 1603 13 1101 15 4149 6062 4 7112 11975 7 416 5
79 1332 1339 7 133 162 71 26 170 15 433752 4 4 8 35 33 5
520 7 192 6599 31 34 25243 1537 2438 22 70 5
158 142 141 34 539 40 209 416 44 623 231 1806 1603 5
88239 35 2781 4 140154 4 323 5738 4 911 33 16 9 6773 105 64881 34088 2030 14 10472 394 26735 5
35 9630 4 5241 4 323 4 280 33 16 9 64881 13 3348 15578 1806 473716 8 416 76 32 2634 8593 916 4 8 30600 35 79022 5
276 4650 1882 33 98697 3 416 10 9906 7 67 5
17 84 416 31 3509 15 2106 203069 6652 1506 4 47 16 9 197 7 29132 4 55906 8 51423 86876 14 91 5
527 4 1287 25 28796 15421 35 473716 4 33 6 2112 14510 52040 1603 53 97 1481 71 24160 138 416 5
966 48 825 6599 6 394 25243 64881 1341 16001 394 11975 35 2250 143329 4 4 14377 4 4 323 4 280 109 4 13320 4 323 3257 4 590 109 1082 323 23235 4 2076 33 5
766 10 70 4 677 6 1806 6599 4 13867 7301 15 1691 9 1773 1079 7 6728 8 101996 416 4 382234 31400 4 17635 4 86881 4 2025 1070 89 8 3060 234113 5
23209 2438 7 3 65714 4 271022 8 31524 18193 4 34 1001 2247 24 3 12359 4 31 5775 76 13867 5
81 1243 4 523 6728 29 45 2870 5
2018 23 4 9 762 298209 29 45 2870 8 4723 21 9 9824 10764 6 5313 799 326 3568 8 470 4 10 9 5146 2489 10764 5932 5
5583 4 3 8 158882 4089 526 1639 31 220 4830 83 6599 54352 55620 2634 23623 5
25149 8593 14431 7 120 916 35 255822 49 83 33 8 11975 7 416 31 33142 15 64881 653 8 203 61 14 3 2673 653 5
5583 4 3 13867 64881 2912 18506 964 326 3568 2807 22 3 9356 5743 4 21 23 16 25810 24 536 3726 8 3934 2333 5
17 64881 2042 10 46 3880 21 3 3456 1559 9419 148 3 5471 6728 15 3 2245 9419 8 1678 2333 15 3 260 9419 5
4752 4005 10 3 857 4 3 64881 1708 3 1272 653 7 34088 6 16201 2912 2190 4 73929 3782 2438 170 10 3 200 5
81 1243 4 6227 917 1894 10181 40 7410 17337 8 72 3 917 5
79 1476 101658 22348 16 197 55 6 3489 141 48 6928 4 2219 8 10 9 528 2430 5146 10764 1566 5
659 1377 3 64881 2106 300823 6 48 6728 23228 4 2220 31 1589 14 290 2247 17667 8118 5
766 3 1512 19266 31 12578 2112 25 10596 4 27 93 77144 8 11924 1752 19 3 2438 5
158 70 20663 1636 6 26 6227 10 17177 4 47 754 91 6943 14 70 7176 5
3763 4 11668 4 22815 8 110251 8252 762 3149 31 4514 10 129 5932 5
17 2220 916 9 74 11933 9419 7 3 64881 13 71 26 554 7 21 3 6582 9419 4 2209 10 3856 10 3 161 100561 5
349 260 7 3 6582 9419 4 9 394 9419 13 4286 917 1894 15153 290 1512 6 10181 50 4859 72 917 5
17 416 31 59 20663 6227 10 17177 5
3194 394 16 1479 14 9 1087 2354 182 104 7 3 89 4 8 50 884 10181 290 7 50 2247 7410 5
214 152 87 31 265 416 8 117 884 35 1016 7 117 416 8 265 49 57 1315 147 394 33 5
9049 4 87 31 35142 416 13 112 34 35471 6 2438 8 112 34 236 9 1512 6 4859 5
79 3592 858 7 416 8 884 16 2209 15 3 12510 100561 5
4752 3 394 25243 24204 4 9 1476 52196 16 4723 6 4524 8 4500 416 7790 356 5146 10306 5
80339 31 197 55 24 11027 3 3456 13867 5937 14 3 267 4 79022 5
3 2220 8 416 666 5
36743 3 3340 1252 416 31 2809 22 3 394 17512 5
17 785 394 2067 4 153 4 71 23439 8 10680 3721 25 9 858 7 416 5
17 17512 2693 16 2209 22 3 12510 100561 5
79 67227 1185 7 13867 71 26 170 695 4 4623 90 7 3 1512 19266 5
33194 9419 17 6582 9419 4286 70 3 1512 19266 1479 14 1752 111660 19 3 2693 2106 2438 4 79022 5
10363 8 129876 5
3194 17667 7 2438 49 2354 2113 29 50 209 11924 4 4440 8 1315 18193 5
17 1512 19266 31 11207 14 356251 19680 3 2438 5
158 1871 93 83 85589 136 1586 95 43 3489 6633 5932 8 8870 1315 5
214 152 3 64881 71 74 7 70 26 36438 8 40697 6 3576 3 1622 2220 97 5
145 132170 16 666 14 2900 5973 10306 5
9049 4 426 270 14 48 23228 71 26 304 92 1622 24 1463 6943 1512 19266 8 416 5
65714 9356 397579 9356 397579 31 2438 14 420943 13 71 26 4916 6 120 3293 18998 8 852 189 326 164 8 326 3568 12276 8 8748 3 18998 15 49 123 5
145 16408 71 26 4116 10 139 22629 4 28674 8 2239 120 97905 5309 5662 5
134 3476 9 1283 17667 7 9356 13 916 7039 65714 21243 2642 5
145 17667 59 1038 23299 7 3 9356 397579 13 958 52929 61311 95 13 43 71 4112 8 532 10211 13 71 34 26 21761 10 35 171463 5
6461 4 818 13221 33 5
11227 4 192 23299 27 3 5551 216 2763 8 71 26 15261 10 3 216 152 21 3 1494 9356 397579 4 95 43 36 34 26 1109 8118 25 107 15 5
3194 48863 992 71 3383 55 6 180 306 30864 4 1725 24 9 17277 47 16 9 9356 48863 1010 5
17 17277 9374 31054 19 9 5274 3023 538 9 16162 3816 4 369 72 65714 5
1563 5551 151438 7 9356 397579 16 2209 15 9 3569 2124 5
527 4 3 65714 628 19801 31 30361 8 3 2438 27 40 209 1315 10319 5
8616 4 3 543 10319 7 3 9356 397579 39 6 26 91923 4 21 9 100960 526 65714 4926 86 34 3764 3 935 5
17 1512 14533 1589 71 189 916 3 6943 19801 13 3030 290 1315 8 51988 119 6904 5
12081 25 326 3568 8 326 164 317 35 79022 5
15 49 123 33 4 3 2438 462 1117 628 133 21 2900 16445 317 4 8 58806 5
4465 3568 71 59 26 220 6 13012 3 536 3568 72 9 1341 566 7 89 5
17 1512 14533 16 6227 10 17177 5
65714 66355 34206 17 3322 66355 2039 3880 6 581 628 52 1923 912 10 1678 266 15 3 1845 8366 5
66 16 11824 7 179 36895 15721 5107 13 290 104895 9 4879 15721 4 9 17332 15721 8 9 234695 15721 5
17 5107 916 9 7039 65714 992 72 9 3569 17277 13 624 19 3 17667 5
4749 9356 397579 4 46 17277 16 6437 19 29975 8 25715 95 23 71 2093 26 3797 6 3 325 352 992 6 18686 3 3883 628 5
273 1906 2067 4 3 17667 2106 209 17277 51 30039 6 5439 3 628 5
527 46 16 34 3 267 10 129 284 5
949 377 3327 4859 16 2247 24 3 17277 35 22 248 496 3 325 352 992 33 4 6182 909 8 628 96345 149 738 6 26 11085 5
1894 112 581 3 13228 382234 31400 5
238 3 17277 1586 71 34 26 5607 4 120 1416 10 3 325 352 992 71 909 23 8 128 3 628 538 3 17667 2106 1586 5
527 4 46 1586 2659 6 1871 1812 8 20558 17721 329 89 5
273 3 216 1809 7 1952 8 6928 4 3 1586 18 91923 6 1752 1527 3 17277 14 628 5
66355 628 16 3060 11584 72 8 93 65714 4926 16 1272 742 46 17667 2527 93 25661 15 65714 19801 5
5583 4 3 17177 66355 2039 1512 71 336 15 120 23211 15 3 325 992 8 16139 49 1918 1882 462 15721 628 5
9356 266452 9356 397579 11922 3 236 14 326 3568 3726 10 21101 79022 5
147 2354 5
349 3 83 881 4 10 3 8587 1566 7 9356 4 93 4774 16 2682 14 3 676 536 3568 7 3 1845 5
13317 3 3568 7 9356 397579 340 34 30039 8 71 26 177 7890 21 117 2438 7 1650 3568 36 535 26 203 61 35 23 16 26167 6 17325 329 837 18998 6 9 9356 48863 33 5
9356 266452 31 220 10 139 22629 10711 6 1415 3 676 536 3568 1752 22 3 1351 4 47 16 3 689 326 1605 5
9356 266452 1618 112 34 9374 10 49 52929 12087 4 44 623 8939 180 12087 8 7367 3 498 5
527 4 3 9356 266452 112 34 30039 14 9 3782 1566 5
17 676 536 3568 7 3 1845 16 95 1650 13 964 893 10 326 3568 71 34 26 7947 10 8587 5
81 83 1299 4 3184 8252 15 818 13221 2367 49 6461 71 198 26161 5
238 3915 996 4 9356 397579 71 59 3009 3 326 1605 7 1570 2438 4 10 21101 5
8616 4 9356 266452 8 9356 397579 31 20036 8 189 236 6 26 220 5
81 129 5932 80 3476 6 11032 67 523 1283 3409 7 9356 266452 14 1665 8 67612 5
1354 84139 4859 7521 5
79 33603 16 4916 6 3 9122 6 31488 18686 628 6 9 6051 4916 6 9 16162 3911 7 9 1416 3023 5
17 74 17667 6051 16 59 32 18769 4112 13 842 12276 5
17 83 59 1038 32 1216 4112 5
17 74 17667 16 3 57 220 10 1407 35 21 67 31 12689 33 5
66 43475 10534 628 4 8 287 477 141 3851 628 4 10 2942 35 4108 55069 33 6170 4 95 13 43 71 26 1752 73301 5
527 4 3 83 17667 18 170 34 6 26 5314 21 23 16 10041 6 1606 5
17 136 2106 29894 18 220 44 8101 6 3 405 1586 4 215 117 15690 661 55 5
214 1287 6 240 13 97 1821 10319 80996 8 111660 19 2354 8687 71 9311 26 1109 535 5314 8 2025 35 8 34 6698 2247 65192 13 6661 112 34 518 3 386 33 5
271022 2438 271022 16 184 3663 10319 10 139 4368 13 2757 1639 8 16 2247 24 117 3474 5
66 16 59 825 6 65714 10 970 7 4368 21 23 16 59 3866 8 4088 6607 1079 8 117 30864 147 992 5
271022 15103 1678 2354 3597 13 31 759 1918 356 271022 3474 5
214 14264 31400 148 2438 8 1586 3023 11379 496 3 271022 992 5
79 485 1653 7 3 271022 234 16 3 2383 2726 7 3782 2438 1252 5
271022 2438 71 532 329 6681 7 9 3782 139 4680 25 13119 11379 14 139 2815 35 776 4 139 4371 4 4703 5
33 4 6 21223 14 6627 3404 8 2801 32760 4 139 313 1443 35 4327 9674 4 15841 4 3565 9674 4 4703 5
33 4 2089 35 133 21 59591 33 4 8 1923 10363 5
187 31 59 420 2424 11379 95 13 1481 71 532 3 2438 276 9 17277 4 8 16162 5274 31054 14 9375 5274 3023 2333 5
273 129 7254 80 3476 90 7 138 2438 6 15831 3 2726 7 317 8 7410 10 129 284 5
60284 4 9 4327 8 1923 15721 4 32 20393 15721 4 9 3565 20035 8 9 16162 5274 11924 14 532 5
79 271022 4926 18 11828 10 9 271022 1512 14533 14 13867 5
13166 6 3 122026 2129 7 3 271022 234 4 120 83 2125 7 271022 2354 71 26 304 24 363 2846 13613 6 3 1512 5
917 1476 59434 17 917 1476 59434 4286 70 3 416 666 14 3 4416 9419 4 79022 5
2333 4 6 11924 19 3 64881 4 8 4 10 786 4 19 3 284 6728 5
659 581 16408 7 3 1678 2438 4 917 1894 31 6227 6 9894 290 2354 1512 7 3 33194 59434 5
17 1476 59434 59 4286 1117 1894 47 112 34 9894 2354 2220 44 31 35142 8 101996 1016 5
766 1894 59 462 6943 15172 65 11977 4722 4 95 43 71 26 5487 232 6 3023 8783 5
81 4249 6 98586 249 4 87 31 1001 179 416 13 9894 2354 7410 8 57 394 13 340 34 5
145 79833 18 4020 441 10 1475 6 5313 9 396 221 7 416 8 117 884 14 290 394 4 1016 7 117 416 8 265 49 141 57 1315 147 394 5
1894 31 10 644 600 7 175946 884 5
17 13867 10746 8 5937 98586 249 5
17 13867 10746 8 5937 5
9356 48863 394 17 9356 48863 394 884 31 2888 15 20498 249 5
1203 394 884 31 543 15 3 9356 48863 1512 7410 4 8 1871 3 1341 48863 7334 35 3876 6 21 3 48863 2106 32614 36139 33 21 9796 5
3194 3099 7 9 9356 48863 1476 7162 9 992 7 397579 5
16816 4 9 3023 29 6 259 47 1476 3099 6 24160 14 3 13228 1341 9356 48863 5
20498 249 5
9356 48863 394 884 5
7518 62856 62856 500784 48863 32614 48863 32614 48863 32614 4 326 164 48863 32614 4465 164 48863 32614 4465 35 255874 33 4465 35 255874 33 4465 35 24991 33 48863 32614 4465 35 24991 33 48863 32614 270171 48863 32614 4465 35 24991 33 4465 35 255874 33 270171 4465 35 255874 33 48863 32614 44220 659 4552 1678 2673 11952 4 8748 15 8 123 16 2247 10 67 3497 4 171463 5
41058 349 4 41058 11599 8 5
19850 317 1252 24 3 6728 4 171463 5
58806 1185 4 2634 2900 6145 4 2634 5413 4 4703 5
71 26 3455 137 3 1315 5
273 2352 4465 50729 317 4 9 2370 1315 4 4 2696 38319 317 1752 25 2438 5
145 4719 317 10 104 745 29 6 26 4902 76 16678 4 47 16 2247 24 3 1315 5
659 581 9 9802 2104 4 3 1315 340 189 5
15814 4 1484 32351 71 26 64958 6 2190 2354 2763 5
931 2763 31 4599 8 71 26 3455 137 3 1315 5
1301 192 19393 71 26 1122 13792 76 9 6363 8 46755 16236 317 5
17 9339 7 3 6363 8 3 2677 7 192 2763 31 525 3 6269 7 46 162 5
17 1315 1487 9 326 14555 10 32351 8 32 6157 7 3 58091 317 8 2696 3 16456 871 5
8077 4 6 581 32 2155 9802 2104 4 3 1315 16 9 7539 394 13 340 70 179 53 23 1487 255874 4 1487 270171 15364 4 62358 255874 543 15 270171 8 1435 18888 255874 6 16678 5
31457 2333 71 24160 480 8 1392 270171 628 4 8 231 23 329 89 14 17085 5
10974 4 3 1332 44 48 20558 2104 7 71 26 220 171463 5
24 746 2067 5
66355 2039 1476 766 3 66355 2039 1476 884 31 958 45780 7 3 66355 2039 1512 2106 7410 5
17 66355 34206 59 27 6173 32614 137151 47 31 220 21 1315 9796 4 6 12681 3 5107 5
17 884 1595 15 20498 341 31 94129 21 290 57 1487 3 12510 1923 96734 25 3 13228 1341 66355 2039 5
20498 341 5
66355 2039 394 884 5
7518 62856 62856 2039 32614 11292 7 30864 2039 32614 32614 54003 2039 32614 6019 17442 35 33 2039 32614 182385 202 2039 32614 71900 35 15266 33 5
9356 138357 1476 15814 4 3 992 7 9356 266452 16 10644 2151 3 9356 138357 1476 9872 4 1595 15 20498 459 5
3194 358422 10 3 9356 138357 992 71 27 55 6 108 266452 4916 4 13 1415 109779 498 35 57 4141 290 33 5
659 128 3 4465 50729 317 4 3 1315 29 6 26 1252 19 9 358422 7334 5
273 333 8259 2067 4 184 1185 7 46 1315 45052 3859 55 3 108 12276 8 2696 3 676 3568 14 9 358422 5
20498 459 5
9356 138357 394 884 5
7518 62856 62856 358422 7334 402831 4 1796 4141 326 35 24991 33 358422 7334 402831 4 1796 4141 5806 35 24991 33 5
271022 1476 884 17 271022 1476 4088 32 2007 197 7 2438 44 71 268 26 3643 24 1463 48 5
17 884 1001 270 3 1806 2354 3597 7 3 2912 53 9 167210 35 102510 59978 33 9898 119818 4 26063 119818 8 9 41748 15721 14 71900 4 234695 8 9898 40484 5
17 2247 917 1476 884 31 1595 15 20498 503 5
81 1243 6 3 884 13 128 15721 12276 4 87 31 4309 6 128 32 6157 7 3 30864 10 3 271022 992 4 289 9 38105 16 14938 49 34 8 5368 653 14 290 38105 5
20498 503 5
271022 394 884 5
7518 62856 62856 87240 7334 6157 87240 7334 29345 202 87240 7334 87240 14938 164 87240 7334 44123 87240 7334 183075 87240 7334 9898 40484 871 87240 7334 59978 9898 40484 87240 7334 71900 35 15061 33 87240 7334 6019 653 35 33 87240 7334 26063 40484 871 5
4207 394 884 145 394 16 1001 3 97 57 13 340 34 9439 6 9 1512 14533 4 79022 5
29 9 6728 6824 5
1738 3644 16 6 8468 52 8 16201 3 4207 1593 10 3 1994 24 538 1806 3531 5
17 9356 48863 884 4 8 500784 31 2112 7128 14 4207 1593 5
36492 144 34 26 11439 2301 124 4 8 35 1618 33 112 34 326 15 21 326 1605 16 1252 35 41058 349 1315 33 5
145 1476 6655 8 349862 4538 6 1626 61 192 8090 4 21 166 21 371 1117 317 15 4207 1593 5
1532 7 70 4 3 1315 34427 9 718 5018 6 3019 120 5274 10 3 45222 25 19795 4 355099 49 11599 164 5
145 16 1303 61 24 2294 3 2029 2395 7050 53853 14 13 4286 3 1341 6264 2106 11911 36139 8 32614 36139 35 14 25715 11924 97 33 5
16816 4 3 137151 27 6 26 392 21 3 1315 2106 9796 5
659 10792 13 650 4 32 11911 8 32614 1870 16 9168 22 204820 5
17 884 8 462 3 11911 36139 8 3 32614 36139 7 9 6264 543 15 13 1870 5
187 31 59 884 13 539 13 650 6 454 10792 2067 5
30504 26735 71 5998 26 4209 15 2673 653 5
5104 4 125 13657 349 45222 16 2247 22 6728 653 4 87 16 93 3267 14 3 13363 650 5
349 3 8101 4 3 13363 650 16 95067 6325 5
17 884 1252 4 3576 95067 2247 17219 6 13363 4 9723 4 255 6 3002 8 78599 9 1416 496 3 45222 4 392 50 11911 36139 5
214 7928 333 536 891 7 3 4207 2693 5
5583 4 3 2696 3 2156 7 23211 50773 6885 14 25746 5060 5
766 884 31 2888 15 20498 500 5
20498 500 5
4207 394 884 5
7518 62856 62856 32614 4 11911 36139 11911 36139 11911 695 32614 36139 11911 36139 11911 36139 32614 36139 11911 36139 32614 36139 11911 36139 11911 36139 11911 36139 11911 36139 202 50773 87359 125428 35 2106 33 202 50773 87359 9102 5
1476 52196 17 394 25243 2693 7 13867 59 1038 3 1476 52196 102033 47 16 1479 14 15671 8 43515 3 558 1894 5
17 13867 51538 16 11824 7 3 1678 5146 13867 80339 13 581 523 9584 7 3 13867 1894 4 1476 32645 47 71 26 746 49 1586 2210 4 8 9 1476 52196 5
32645 3348 23439 3 1476 52196 2106 858 7 1894 4 47 3 1476 36148 27 1321 2809 5
6077 4 13867 2106 1476 52196 14533 73533 148 80339 8 32645 5
17 3644 7 1476 52196 16 46017 53 6 2384 9 2665 858 7 3 5146 416 10 3 1566 8 6 27934 13 858 4 6375 1894 13 198 22554 79022 5
822 3 1566 49 2081 5
17 1476 52196 14533 16 543 15 3 158882 4089 2029 7 3 158882 1910 15561 5
66 1708 3 3456 50902 11924 6 3 158882 4089 17177 7254 5
355 9 23211 41799 9 84 1476 4 23 23340 19 3 1476 52196 14533 5
214 152 4 32645 112 34 27 6 2384 3 858 7 1678 5146 35 523 149560 4 523 69522 33 1894 49 48742 91 792 5
10974 4 3 1894 51 27 6 883 12067 27 3 216 11911 1084 35 171463 5
19 3 231 7 27459 33 49 84 1894 51 27 6 4524 19 9 858 7 32645 35 47 144 57052 337 33 5
5583 4 3 1476 52196 34427 9 917 1476 11924 21 166 95 13 23 71 26 2093 220 24 6404 32645 5
17 52196 1476 16 59 2888 496 3 858 4 8 2696 9 858 7 3 1001 2809 8 558 1894 5
766 3 884 7 1476 52196 71 26 1303 61 2151 9 917 67280 4 6 10792 3 650 7 1003 13342 13867 5
273 132170 4 70 7410 31 2209 22 3 139 2078 4 47 16 13075 15 98586 341 5
355 3 23211 7751 62905 32 13867 917 1476 4 28 71 2707 3 1476 52196 14601 8 2707 3 40213 7 3 1476 5
2843 32645 49 36978 71 1752 1069 3 1476 858 10 59823 35 47 16 5515 3353 33 24 538 3 169 4859 5597 12418 5
5583 4 3 40213 7 3 52196 1476 1010 16 1252 4 95 13 1586 2210 13 9239 3 52196 71 26 1589 5
273 6016 5060 9 52196 1476 31457 16 1148 76 13 2078 8 71 26 16683 24 538 3 73 1712 5597 1476 19460 4 47 2696 9 219014 1229 4623 3 1476 858 5
1476 52196 917 11924 98586 341 5
1476 52196 917 11924 5
13867 16 10 644 9 197 7 2220 8 416 21 962 10 3 767 7268 4 95 13 23 71 270 3184 3782 2438 8 581 4116 416 10 32 97905 5309 1566 5
79 284 2247 24 13867 71 26 4071 10 3184 1225 4 538 70 6549 7 523 63764 10306 8 13342 10 290 4 3 1512 394 5937 666 5
145 2124 6274 3 2755 5932 7 13867 22 3 9356 1566 47 18 4 54 70 4 3 9688 14 589 3 64881 5
17 498201 1141 254 22 3 1235 7 3756 8 3954 7 3 647 57268 430 5
332 46 967 4 2438 1311 57 1702 4 3 922 1702 7 5743 79 4 285 3 5932 16 2262 19 48 2438 7 3 216 35 277 2247 33 49 523 5
659 1311 3 1081 1702 4 57 23211 18 34 4783 5
81 678 6 5313 799 536 3568 4 470 8 132170 4 9 762 1416 18 3112 8 197 55 21 32 13867 10764 5
17 380 5932 75345 3 644 13 3 151438 71 26 2262 10 904 19 48 10306 7 523 5066 6 1311 48 7480 8 1979 5
622 20071 7 3 922 1702 4 2438 8 10306 16 1595 10 98586 459 5
17 104 2794 3459 6 254 2438 31 27281 2852 15 46 1702 53 3 5891 5938 6437 19 9 776 8 313 2741 4 3 330848 292396 8 28397 6282 1199 4 3 7337 874 35 23211 787 33 4 46479 7844 249 4 67 63764 14883 8 3 32400 5
9457 9356 5932 98586 459 5
9457 9356 5932 5
17 74 37863 14 10764 10683 20521 25 3 2737 7 3 689 326 1605 47 16 2852 22 3 8084 4 163 3 5891 5
1796 2757 7 108 9356 266452 35 57 14 290 10918 33 31 1942 22 3 689 326 1605 5
17 74 67 2757 1415 3 1979 676 326 1605 8 3 296 1170 3 7337 874 2106 4465 1605 5
79 358422 14 290 197 29 6 7265 19 3 9356 138357 6051 2151 31524 4 95 3 6051 29 6 26 1942 2086 401 5
17 74 10764 16 12146 1942 22 3 330848 1199 35 47 16 59 9 1955 254 33 8 4916 6 3 9356 138357 6051 5
47690 4 46 23211 16 6234 6 1311 3 1289 176 7 3 1702 5
9356 397579 31 4916 6 3 2424 8 313 1593 22 3 5891 4 3895 4 3149 4 21326 4081 4 22065 8 5636 7 3 330848 1199 8 950 4 6 290 7 3 836 10306 10 3 7337 874 21 1595 15 98586 503 4 6 6461 8 39907 10 46479 7844 249 8 6 3 6461 7 3 6757 7844 5
66355 34206 31 1942 6 1415 1923 9937 22 3 6757 7844 4 46479 7844 249 4 3 7337 874 8 525 35 22 3 6396 33 5
17 17277 9374 16 1942 401 3 6251 10764 8 3 939 7 3 397579 31 5146 21 14189 21 537 180 13 397 5
17 17277 16 1942 22 3 330848 1199 14 313 44 71 26 918 3761 10 3 589 35 21 241 21 87 16 29975 1676 33 5
1113 3149 71 26 1725 25 120 10764 10 3 45222 4 3 6251 23211 4 110 3 104 1509 10 3 17721 4 16 6234 6 1491 4207 1894 8 3009 3 4207 2693 5
9356 397579 4916 6 3 628 1055 98586 503 5
9356 397579 4916 6 3 628 1055 5
17 271022 30864 35 9 26063 119818 4 9898 119818 8 9 41748 15721 33 31 1942 39386 15 3 1289 176 7 3 1702 5
238 192 2438 31 1001 265 4 43 71 26 1942 6 1485 1678 11952 8 153 337 827 5
171463 5
3 4327 20035 16 1629 4116 14 19841 68 22 3 10647 787 4 49 9 696 3675 3 589 22 3 5891 5
19850 11952 31 6227 10 2333 8 31 525 3 6269 7 46 162 5
17 1257 176 7 3 1702 16 2278 24 9 169 10764 5
5104 3 2438 792 49 40 47828 71 34 1491 40 209 917 1894 4 95 13867 10306 31 1272 10 40 20163 4 1618 22 3 1055 7 290 21243 992 5
81 13 267 4 9 6251 16 34 1622 14 2279 49 3726 5060 4 95 9 762 1416 18 3112 6 12042 1646 8 326 3568 5
1655 9 1079 7 762 10306 4 3 57 19 3 2654 2900 4 5447 326 8 3568 18 10270 4 46 16 3 104 13133 1416 13 71 1491 13867 416 53 23 2000 32 65564 22 2591 51716 50773 14533 4 8 4640 51691 7 39479 4 47 16 100 385 14 6201 3 416 5
435 2279 46 3638 1414 4 120 83 48 3682 762 10764 86 582 4091 10 773 92 3 326 3212 31 943 5
214 197 55 59 9270 3 300823 7 3 13867 5932 4 21 120 221 7 10306 71 26 197 55 4 25039 93 454 2800 6 3 284 5
5583 4 98586 500 842 3 11455 7 3 67 10306 4 3 1476 52196 8 785 32645 4 14 3099 12665 49 75811 5
52196 4 3417 8 3023 4440 10 498 5932 98586 500 5
52196 4 3417 8 3023 4440 10 498 5932 5
17 1257 176 16 2278 19 9356 397579 10 523 2940 21 166 4 44 71 100 21 166 3576 120 83 843 7 3 2247 2438 5
238 241 21 2354 2642 31 918 21 9 1081 4 3 762 10764 4286 3 1622 5937 6 581 416 14 3 83 23228 5
81 644 4 21 66355 34206 11924 137 29975 4 23 71 59 581 66355 2039 1894 4 44 8100 3 6251 10764 71 12595 3 762 10764 25 13 2485 21 166 5
17 216 1287 14 3 4207 1894 4 21 36492 71 26 1725 25 3761 10 3 45222 5
5583 4 9356 397579 31 369 4916 6 3 6461 10 39907 10 3 32400 4 8 6461 7 5274 23144 8 3 250057 5
145 2124 6274 6404 2067 7 3 13867 64881 6 2148 50 3644 4 48450 8 7362 5
13867 31054 19 3 4416 9419 35 2673 9419 33 137 6182 59347 917 1894 962 10 5
82581 6 3 5342 4 9 43515 102033 16 220 6 6628 8 10680 3 5146 1476 36148 5
66 59 5415 3 2219 7 3 558 416 4 21 84 416 31 57052 304 8 19380 416 31 2207 5
901 2067 31 20412 322 53 29531 47 16 9 12665 2673 13 1708 9 97349 14 13867 416 8 160349 16408 4 8 47 16 9 75811 2673 14 3 10188 2912 13 1388 825 16408 5
5583 9 3377 14601 15974 70 15721 628 14 6712 5060 97 5
17 3272 148 192 3023 2333 31 43628 15 20498 708 5
20498 708 5
26010 16408 5
334372 29531 917 44440 20520 17177 17177 10188 67316 93994 10416 1476 12418 58383 58383 35692 12418 7 1894 62485 62485 17420 8431 147 15791 8431 147 7844 6349 1476 20076 98236 25407 487000 1894 98236 9356 48863 1894 35 8839 2196 33 66355 2039 1894 9356 138357 1894 20699 7337 33173 98236 3860 4859 98236 98236 15854 98236 98236 13000 5
51011 2673 29531 17 22340 8 104 9802 3023 14 3 13867 64881 16 3 12665 2673 1013 29531 35 433752 4 4 4 323 4 33 5
29531 16 1752 14479 19 3 11275 5207 7 3 13867 7410 4 21 43 31 543 5
214 1287 6 240 3 122026 2163 7 189 13867 8 29531 5
29531 18 1254 25 32 28674 5138 5
66 3880 67 5060 53 6 1379 9 28796 97349 14 13867 416 8 2907 536 2055 22 3 8366 5
238 70 917 1894 4 13867 416 1292 9 31319 11924 14 26960 3 416 5
1329 97 112 43 1557 219014 2633 4 47 31 841 8 26167 14 173005 1481 6 916 8 6 51988 119 4 44 3 9703 628 1010 477 27 93 5238 2677 6 3 4650 5
17 4991 340 34 259 96 6 2707 6 128 3 13228 3354 49 143 6 15564 3 522 5
29531 6274 9 31319 11924 35 98586 700 33 13 2939 2384 9 858 7 416 4 10563 8 24160 91 16139 49 147 1882 5
238 12665 1481 112 34 236 6 26 23497 19 9 1332 858 7 416 4 43 71 25407 2707 8 1392 3 1603 43 31 2274 10 5
659 333 3383 3 394 858 4 3 1481 71 916 394 600 8 1069 3 858 147 2354 2125 4 787 49 182 5
766 524509 416 71 26 16683 24 3 29531 2106 917 1476 31457 5
15721 1547 1894 31 16139 16683 8 1070 628 16 7545 6 916 3851 628 7896 5
17 186269 416 71 26 16683 147 4650 1882 5
14246 884 7 2438 10 24692 8 20076 71 59 26 16683 11593 8 1626 61 11775 8090 5
97572 98586 708 5
97572 5
12418 7 70 2438 35 203 33 5
36901 1476 1069 8 55738 2003 35 243 33 5
29531 1069 7 9 9356 138357 394 98586 88080 29531 1069 7 9 9356 138357 394 5
7219 4 46 2262 16408 8 3 1308 1746 7 3 2673 16 197 6 2907 536 2055 5
17 1175 6 10563 8 1069 3851 8 521 89 394 1070 628 7928 3 4650 6 30292 9740 32 5050 1069 7 3 1923 912 10 3 589 10 17521 19 536 3568 14 189 271 8 1379 5
36743 4 3 4650 16 488 6 3009 536 3568 543 15 46 2505 5
1504 3 6182 2129 7 917 1894 4 5276 382234 31400 97 5
214 2757 9 11763 14 70 1476 2067 4 150 29531 21 166 5
17 2673 86 1018 50 556 785 8 12874 9 916 7 1442 65 416 128 51423 86876 5
145 161 967 16 2888 21 426 162 5
435 13 4 29531 86 582 6062 56696 8 9974 7 416 543 15 51423 15421 8 1871 93 4650 652 5
10735 5016 4 13 51 59 5199 3 236 14 394 3074 4 21 416 36 4249 3597 49 600 7 3597 25 9 1029 1506 35 79022 5
3 255822 33 5
75811 2673 73648 31 1621 1576 220 10 329 2673 8 907 10 97905 5309 4 106 7 40 9824 8 9234 2129 5
73648 31 2794 106 7 40 9460 604 53 43 71 26 220 14 10167 4650 9796 8 3354 44 59 21 10363 10 3 97905 5309 284 5
73648 12874 3184 2438 10 9824 1646 8 4203 484 5
17 10188 29 59 1550 6 1369 9384 8 12732 7 75811 6728 137 3 526 1351 93187 17 2673 35 98586 708 33 18 1589 14 3 5060 7 9356 4 15 260 7 3 13867 64881 5
66 71 26 381 21 9 19962 7 50 12665 6824 4 29531 4 21 23 1388 825 16408 4 9887 6 2490 50 9824 8 9234 2129 5
659 255 23 1122 4 3 16408 1252 24 16 3 216 21 29531 4 7191 3851 628 35 79022 5
7896 33 8 2288 3 14513 7410 1252 24 3 11818 6728 5
79 858 7 416 16 369 4154 7821 4 21 1401 1481 51 26 8804 19 9 1332 858 7 416 5
1858 4 43 71 29184 1753 3 1894 43 236 8 1392 91 14 268 231 5
8077 4 3 858 71 26 4393 10 10074 600 14 11775 884 8 4129 40345 147 15791 4 7844 49 923 5
766 524509 416 31 6661 2247 24 3 917 1476 3023 11828 10 4 150 3 9356 48863 1894 5
4749 29531 4 46 2673 16 5733 7 3 3851 628 7896 4 47 51 236 3184 416 941 6 3189 10 8 4710 3 9234 2333 9573 5
6459 4 11818 1481 35 34 97 10188 1481 33 71 598 3 917 44440 15 3 890 2106 9160 8 1069 70 3851 628 21596 5
17 32614 137151 71 26 25407 2167 154 1476 5813 44 10 43 71 59 26 3455 24 15854 5
31 7364 15 1381 8 1942 15 3 10211 49 401 3 22986 7 12510 2940 5
238 9 665 4 3 1481 71 6614 11924 19 3 19630 10211 55989 8 112 34 27 6 159 2562 49 1741 61 1812 32614 137151 5
238 426 4159 4 3 2673 71 4351 1497 25 51423 394 4089 8 9088 5
66 51 153 1871 141 287 4650 9796 8 1414 363 8 4552 9 83295 1401 791 5
659 1415 8 8612 3 53562 4 47193 8 536 3961 7 3 1273 2912 1010 35 2853 25 536 2055 13 71 26 3439 24 2333 33 9 507 7 8365 29 45 1303 61 5
17 416 8 141 3 10306 220 42 12354 10 108 523 78266 53 538 9 5274 4 9 26799 8 9 762 298209 5
17 5274 29 9 115210 6094 62778 13821 8 46489 51691 39479 4 3 26799 9950 32 32635 341 98236 42164 395678 13821 8 270884 142226 39479 4 125 3 298209 9950 32 2591 51716 13821 8 4640 51691 39479 5
659 1224 19 4 154 5867 249 4 70 4081 42 2870 15 523 16691 4 79022 5
147643 4 7 6438 50773 6885 8 4916 2438 35 21 43 59 10798 536 33 6 1415 40 596 13848 252359 5
76912 249 16 3 104 3545 57 4 699 3 13867 10764 8 441 9 515 7 2438 4916 5
238 381 15 20498 700 4 3 762 2106 3568 16 535 4599 8 52 503 202 7 3 5274 2106 326 796 125 3 26799 16 52 1227 202 21 3545 21 3 5274 5
20498 700 5
62632 3568 7 523 10306 154 5867 249 5
76912 2039 5274 35 7799 33 80877 35 7799 33 5274 35 7799 33 249 341 459 503 17 169 5867 4589 26960 9 392 197 7 394 884 35 41058 349 8 41058 11599 33 14 4728 2458 400 10 290 336 5
17 596 7 1070 89 14 290 475 4 72 290 336 8 147 10764 16 1595 15 20498 704 5
17 773 7 3 26799 8 3 5274 71 26 4357 21 3628 8 18 177 2025 35 21 3 10363 792 236 90 89 6 2647 33 5
527 3 2039 5274 16 460 108 400 7066 5
20498 704 5
19460 89 1308 3201 154 5867 341 5
19460 89 35 2106 33 2039 5274 202 80877 202 5274 202 249 6494 109425 74544 341 33267 16763 459 6494 6494 503 6494 6494 500 6494 6494 5640 577 577 577 1498 3 216 5867 4 3 326 3568 7 290 10764 29 45 14095 35 538 3 3782 9374 10363 8 184 13867 10764 33 5
20498 782 842 3 596 2770 7 192 13693 5
17 3568 2770 125 13848 4 3413 5867 249 5
472 16 2794 16 13 3 1884 7 32 2374 5274 16 300 2185 58 3 939 7 3 4081 5
804 3 2039 5274 16 12725 341 202 35 9330 202 3205 33 8 3 26799 630 202 35 7296 202 3205 33 7 3 5274 2106 326 796 5
20498 782 5
4465 3568 154 5867 341 5
23211 4465 3568 35 7799 33 2039 5274 62632 23120 51253 80877 62632 23120 51253 475514 5274 62632 23120 51253 98586 704 842 3 326 96230 10 89 154 3 593 7 5867 341 5
12081 25 3 528 3272 10 536 2055 277 3915 996 4 3 528 1070 89 7 3 2039 5274 16 59 7587 5
238 230 4 3 108 400 2185 1070 89 7 3 2039 5274 522 10 9 108 400 902 676 150945 7 3 5867 5
11346 13 2143 3 26799 2106 4112 123 71 1176 55 6 503 16678 10 596 4 47 16 1595 15 46 1233 5
23211 326 3568 10 89 154 5867 98586 704 5
23211 326 3568 10 89 154 5867 5
1249 3 26799 8 3 5274 27 3 5551 216 1070 89 44 3 26799 2106 3568 16 1731 4 3 5274 16 203 61 7 3 161 4631 5
20498 183 61685 3 326 3568 773 72076 148 3 2039 5274 8 3 26799 5
766 10 70 4 189 7 91 71 26 1109 21 964 4091 72 3 5274 10764 5
20498 183 5
80877 8 2039 5274 4631 5
394789 80877 2039 5274 51253 83923 341 98236 5700 62778 2591 51716 341 98236 3356 202 52168 39479 9897 249 13336 4640 51691 697 202 36887 50729 65 2374 7799 7799 2715 202 10941 5640 1070 89 20981 2106 49656 2106 716 202 52168 9897 403130 89 147 475 35151 2106 56326 2106 716 202 52168
17 726 7 3 9356 2912 3177 67 8249 53 6005 8 18635 3 13867 64881 8 1572 7112 2333 13 9239 3 64881 5
13867 3880 21 3 3456 64881 9419 13 1388 3 1272 31400 44 23 16 34 2497 6 35 8 340 34 33 1379 1087 3074 5
349 3 8101 4 23 3880 21 9 4926 7 4309 35 3377 4309 33 6 26 12631 10 678 6 4534 2333 7 523 8783 5
659 581 2333 19 48 2726 8 6928 4 13867 71 26 2262 10 67 1225 53 48 5937 8 51423 86876 5
13166 6 50 410899 2981 4 3340 1589 2220 416 71 26 304 5
659 11032 48 2438 49 2354 920 4 84 2220 8 40 12510 416 71 26 1148 5
1586 543 416 14 4756 7410 49 2064 416 35 171463 5
1582 1877 33 71 26 304 6 3 394 9419 6 270 48 11952 5
81 3 426 80 342 6 11032 48 2438 35 171463 5
9 1582 1110 33 44 59 1678 271022 2438 6 1234 25 1806 162 10 3 271022 4926 5
11271 25 6005 3 16408 1252 4 51423 86876 71 15831 13867 10 970 7 31400 8 48450 5
17 160431 3531 27 1049 9 397 114 70 3 1622 3648 8 1639 30039 14 2953 317 15 3 917 5
238 3377 726 8 9573 5897 2435 25 628 6 416 4 117 768 6 2780 3 216 51423 3377 41154 6 416 27 45 2209 5
520 155 34 4260 21 135173 4284 4 44 581 2005 99224 4 133 21 31127 1516 6599 4 133 21 86876 14 31 543 15 17635 8 7362 5
134 27 1589 32 255822 6 4301 9010 10 3 9356 9962 4 8 9356 60360 10 614 4 8 342 6 5576 189 8249 1537 160431 917 1894 53 4301 3 394 10 9 1812 1506 35 79022 5
3 255822 33 4 508 3 31127 2106 1217 4 8 538 1821 86876 15 4 508 3 1217 5
5583 4 80 342 6 1800 2333 543 15 6682 537884 5
41154 6 1497 25 3 2693 8 1379 7112 3074 10 3 284 5
17 2333 2209 95 300 4 31 4028 13 8636 3 5615 7 13867 8 582 9 31319 1069 7 3 284 2106 1799 5
527 4 424 41154 7 537884 5
27 45 220 10 601 6 581 22629 7 8090 10 9356 60360 5
17 104 1029 6905 14 83043 1443 16 6062 1476 89324 538 1906 7100 49 537884 5
11772 5
134 342 6 9239 51423 86876 15 13867 8 8245 133 4538 6 1234 25 1806 2506 35 171463 5
424 1330 27964 33 6 37782 8090 10 3 9356 1566 4 1537 189 3934 536 8 2084 4650 5067 5
145 162 6274 9 64881 14 97905 5309 1443 4 543 15 3 320956 22348 14 31400 4 3 498 15721 992 5932 10 9 9356 430 284 4 150 9 13604 762 23211 4 8 1435 5907 3023 2333 5
238 97905 5309 1443 31 12072 24 7139 10 6728 8 3 200 29 34 483 1049 9 397 114 2438 71 26 12631 24 1416 1190 10 62736 1225 4 9 64881 16 477 4723 6 2703 46 10202 5
1949 4 3 24204 2435 6 394 8116 29 1940 45 3322 10 97905 5309 21 23 1708 9 4116 34088 14 1812 32960 2333 6 1122 128 512 617 5
17 1273 64881 16 189 488 6 10181 7410 8 628 7 1678 2438 8 2354 920 8 3177 3 83043 24204 6 9714 50 1212 5
17 1512 9419 7 3 64881 4286 2354 2220 14 65714 9356 397579 4 66355 34206 4 9356 266452 8 271022 2438 125 3 394 9419 4286 416 13 10181 3 4309 7 192 2220 8 1117 101996 416 133 21 3019 15 153255 8 3327 13363 6 3009 4207 1593 5
13867 16 4071 10 9 9356 430 1994 4 13563 3 9356 864 5
3194 1512 394 14533 71 26 8118 4514 10 13867 10306 13 31 5146 10 3 589 5
8616 4 1676 3012 7 3 3782 2354 2642 31 3990 5
659 2384 132170 8 799 326 3568 7 3 13867 2693 1010 4 80 5441 9 13604 762 13867 10764 486 19 773 8 3568 13693 5
9457 151438 1038 9 6251 10764 8 9 762 10764 13 1311 3 104 3047 176 7 3 1235 7 3756 8 3954 35 3 922 1702 33 5
79 1476 52196 14 13867 29 45 1589 6 1332 3 6358 24204 19 43515 5615 4 2247 24 3 158882 4089 2029 5
238 3 284 16 543 15 5146 10306 4 8 416 71 2285 2707 8 822 3 1566 35 463 6 51918 49 1606 33 4 3 1476 52196 3880 6 23449 8 10680 1476 36148 14 1476 32645 5
5583 4 67 5066 7 13867 2067 4 9 12665 2673 8 9 11818 2673 4 31 2209 6 8636 13867 16408 8 852 3726 8 3032 3 9356 1566 10 9 31319 152 5
249 17 65714 4392 53 2158 53 5
341 271022 53 2158 53 5
459 53 2158 53 5
503 123915 53 2158 53 5
500 295446 7011 53 2158 53 5
708 17 414 18648 917 19231 53 2158 53 5
700 17 917 1476 62856 19389 5696 53 2158 53 5
704 17 71650 180230 695 53 2158 53 5
782 13867 695 53 2158 53 5527 13867 5
183 136 53 2158 53 5
407 159697 8685 53 2158 53 5
403 53 2158 53 5
698 301928 536 4112 53 2158 53 5
685 24 66266 1443 53 2158 53 88 5
409 10188 32119 53 2158 53 5
697 10188 67316 53 2158 53 5
800 17 160431 917 3159 53 2158 53 5
630 17 31127 2106 255822 14 416 53 2158 53 5
947 22 135173 53 2158 53 5