127100 3002 31466 7687 35 33 16 9 983 114 2556 4416 41163 5211 123 125 3 10551 900 1755 154 3002 22 248 14 183 139815 11271 25 246501 4 117 1296 27 8520 15 7816 2155 4309 14 9674 5
527 4 34 146 162 29 45 617 15 538 14510 8 108140 3074 7 3 165834 35 70983 33 5300 5
346223 2376 16 32 2410 3905 5447 5533 982 220 14 25246 210979 4141 50519 13 142 11851 148 3905 5937 19 523 26831 5
1655 46 5138 4 10 46 542 4 9 84 5533 14 13851 826 19 18 2042 538 346223 10777 7 70983 3905 8 32 7732 32542 992 35 49894 33 5
17 1058 7 210979 4141 50519 35 33 10 290 7 70983 35 13563 109 13672 4 351375 4 30936 4 17505 8 39869 33 18 7154 72 346223 15183 7 70983 5
1301 4 192 42 5543 6 3 9796 7 3 1254 49894 5
17 32542 992 18 34171 19 67 55906 53 57 14 8 57 14 37582 7 1966 983 5
473 46 5533 9 391 8958 7 305195 202 18 3439 5
17 1273 5533 86 26 220 10 12430 6062 7379 1443 47 36 1297 784 394 5
19795 16 57 7 3 104 3456 148895 1562 738 14 4518 7 2699 8 2215 244 5
9023 3 1559 731 4 3 4416 10551 27388 7 90 7 2113 86 8327 8 24658 321 6 14169 7 3 21433 15639 8 41327 154 3002 5
145 983 4 95 226 31466 4 86 2498 3 1277 7 3002 8 244 65 23 8887 3684 4 8 142 141 899 365 10 2091 745 5
127100 3002 31466 7687 35 33 16 3 104 1029 916 7 46 3002 4576 5
66 29 23731 45 4939 21 3 14220 7 6107 14 48 58 2752 1577 8 1755 10 107083 2066 22 248 174617 400 147 1390 15 596 4 8 21 3 2119 27118 55 3 14865 566 7 6107 144 4722 14448 14 48 58 459 2106 35 4 26936 4 4 323 385163 4 1095 33 5
16 1618 4277 10 7327 137 3 2376 7 9 2137 7 7207 5300 27279 24 770 7 35 49932 33 2354 47 25851 6 1415 3 4771 8 15478 6107 768 4 21433 8 8676 314439 4 302560 38230 35 195501 33 21 166 21 19 165834 35 70983 33 8 80860 35 64110 33 5
17 70983 21 3 67661 1415 7 5842 2032 5218 5004 19 3 12329 317 5447 7207 12251 4149 5471 6589 25 1906 32610 6 4093 2900 993 35 14389 4 4164 109 10294 323 6844 4 3401 33 5
17 70983 6661 86 27 45 78580 24 2634 8 6404 157077 912 47 142 26 2914 24 5242 3905 5447 4538 5
18325 5218 8 95 3 70983 5300 4 3475 4 17244 7 9 21500 7 1812 5794 5937 19 1678 536 926 4209 154 8587 2032 14130 10 9067 19 3 317 5447 4 2288 4 92 87 16 120 4 3 86863 17458 36073 5
17 54766 2038 7 70983 6008 29 45 10066 21 53 13672 4 351375 4 30936 4 17505 4 8 39869 5
22212 4 154 3002 65 31466 2179 32 15677 2435 10 10291 1079 7 70983 3905 8887 4 8 21 31466 3006 55 3 10291 7 70983 15148 119 6 3 1966 1079 5
214 16 4 3 3002 70983 1534 7511 25 13672 3042 1079 6 351375 8 30936 5218 1079 5
145 6347 29 45 220 21 9 38020 14 7995 35 5451 4 3728 33 5
142 4722 14 183 2106 49 48 65 9 2119 3809 9620 154 14510 4430 2117 1627 35 33 3002 5
355 6107 2742 1966 4 2032 5218 3130 6 2435 55 6 9 2086 568 10291 1975 133 21 351375 8 30936 35 52714 4 4 4 323 24508 4 1278 109 31257 4 7779 4 323 23639 4 1095 33 5
346223 2376 16 32 2410 3905 5447 5533 982 220 14 25246 210979 4141 50519 13 142 11851 148 3905 5937 19 523 26831 5
17 601 617 15 2376 7 70983 16 1574 5
17 74 210 15 346223 2376 7 70983 18 845 24 16934 12283 3462 5
10 8716 35 16934 4 1104 4 323 4 8716 33 5
394678 8 220883 35 3578 33 2042 3 3297 4860 8 4102 7 346223 2376 10 3578 5
4649 15 46376 8 188243 35 4540 33 217 3 893 7 7 14096 2106 70983 154 1678 24818 684 4 8 4 15497 4 8 346648 35 2391 33 217 3 346223 2376 7 5001 5897 10 70983 5
145 49310 5533 16 59 424 21 3 10752 7 3 718 7 3 346223 1291 284 35 48817 33 3726 35 76035 2295 4478 4 88883 4 23970 33 5
11079 4 34 146 5983 29 45 1942 15 3 9674 8 28917 7 108140 2763 10 3 70983 5300 5
1113 346223 2376 4589 4093 16063 4 298 2106 3149 31 1509 385 6 4417 46 565 4 8 346223 13693 27 45 1273 14 3726 70983 25 184 5138 35 72271 323 386165 4 1515 33 5
949 377 346223 15183 1708 48 317 58 4759 326 54766 15183 4 50 9088 16 146 841 4 738 5077 5
49474 32542 2642 35 439493 33 31 25575 1906 2520 7 7207 4972 284 4 3682 7 13851 1812 5897 10 3 628 5
158 71 26 3677 6 1812 544 106 7 40 7453 7 15826 9 528 221 7 27728 21 166 21 108140 23394 276 2505 7 3 3898 148 3 23394 5
133951 2642 31 74 3559 24 8409 9 197 7 628 13 16 13228 6 26 2198 24 3 992 8 153 3 3559 32542 992 25810 14 11367 3 628 1321 34 9184 5
145 1217 16 3 2370 14324 7732 1442 1506 220 14 10900 7 3 3115 7 9 284 5
81 46 5138 439493 27 45 1595 6 23997 6790 5535 49 10900 35 4 6250 4 323 17251 4 2773 109 4 10033 4 323 4 4164 33 8 6 3628 49 7717 1510 11245 17241 35 1824 4 6933 4 323 8584 4 2773 109 202680 323 59421 4 2773 33 5
2758 439493 27 59 45 3639 220 10 2726 7 784 2333 4 150 3 10900 7 7760 62699 68243 10 826 35 4 3952 33 4 3 6708 7 23888 59995 35 41392 4 2602 4 323 4 4164 109 1996 323 8582 4 4164 33 4 8 3 6013 7 3 4385 7 2119 2106 948 10 6696 361 1513 35 43155 33 35 4 5316 4 323 9465 4 3495 33 5
10087 4 439493 47 24841 10 5195 4355 8090 27 45 25810 14 19372 7 54766 5897 7 168484 70983 13 1406 10 1070 6 653 7 39692 35 4 446748 4 323 4 4164 33 5
9011 19 346223 2376 439493 59 27 45 25810 14 19372 7 70983 5897 154 21983 26571 19 16893 4590 3512 35 24991 4 285670 4 4 323 146327 4 3495 33 5
156936 32542 2642 35 33 47 27 2000 133 21 1731 928 197 4 2025 884 4 8 3279 7 7254 31 3 104 974 2520 220 10 784 2333 5
1504 7 13 133 9 992 71 26 3559 24 1678 5242 928 27964 4 3 3684 220 8 3 4213 57 16 3 31660 5
81 46 542 49894 8 346223 2376 42 5775 8 2173 15 3 70983 628 6 21238 25 13677 826 5
66 18 1595 13 9 166 3559 49894 86 10366 2882 21 166 21 30174 826 25 3606 70983 628 5
58728 8 5536 5923 17 7 409 8 500 1966 826 7 1153 731 2592 196049 704 35 1153 196049 28249 33 85 4 636 2199 1291 35 16048 33 2131 196049 503 42 10637 5
17 628 42 2236 125 826 42 5769 14 465 5
766 5269 42 481 7 120 10528 586 5
17 6708 18 617 543 15 3606 3498 8 35 49932 33 8599 5
49932 542 848 70983 35 3822 205144 322270 4 12540 10291 4 522258 3082 31274 106554 33 4 203 8 243 35 86948 33 35 522258 3082 17404 106554 33 4 85033 8 15478 900 5300 35 522258 3082 31274 106554 33 4 64218 4 7526 38230 35 33 4 35 126115 33 35 522258 3082 46489 106554 33 8 80860 35 64110 33 35 522258 3082 17404 106554 33 5
766 7 3 9065 42 2828 10 9067 19 3 784 8439 1639 35 6705 4 8716 33 5
17 49932 18 722 25407 232 6 2029 6680 35 4 2391 109 323 166255 4 6973 33 24 67 1149 19 2262 791 7 26704 3002 628 8 6595 14 5
158 39 1658 46557 5300 8 46557 1966 70983 5300 25 3 1081 70983 628 24 152 7 12405 25 3 15565 997 7 3 4576 47 16 13 4 154 15778 125 21433 8 8676 64218 5300 31 2790 3 70983 3905 7511 6 568 26831 21 1595 10 98586 249 5
17 11861 7 290 3905 5907 18 183 2106 35 446447 628 266 33 47 16 3 3033 14169 11861 14 32 5
17 3905 15565 7 1222 98586 249 5
17 3905 15565 7 1222 5
17 346223 2376 238 9 11245 650 3 4 29 45 170 6 2705 4141 3898 35 133 21 4141 98906 33 7 3 5937 7 9 89 3905 441 523 10291 6577 35 323 13193 4 6973 109 170354 323 4 4164 109 394678 323 220883 4 3578 33 10 2205 6 3 326 6805 5
66 16 3 166754 7532 7 3 161861 4 1883 35 4 33 4 35 3 4859 33 5
81 2906 6 326 6805 4 6886 9 14510 8 108140 317 47 2228 3 9674 7 108140 10777 8 28917 7 108140 12251 133 21 2032 5
66 5708 89 507 137 4141 1682 7 40 52348 5937 5
273 9 33770 4 21431 8 4568 1153 6951 650 4 14937 35 9424 33 4 3 372672 9149 1883 35 15441 4 9424 33 29 45 4939 10 970 7 50 296 1129 9149 21 53 35 249 33 114 5132 1356 5 1362
68806 3 8265 1315 5
83454 3 372672 76 10291 9962 6819 3 4 35 341 33 114 7799 35 15441 4 9424 33 16 9 49985 2801 4859 4723 6 1128 3 48517 7 3 5
446326 35 341 33 71 266340 26 1867 10 970 7 3 166754 7532 7 14937 35 9424 33 21 53 35 459 33 81 614 2636 35 4 33 16 9 1812 4859 5
66 6848 92 1883 35 15441 4 9424 33 16 3175 5
13166 6 3 38260 2763 7 1883 35 15441 4 9424 33 4 3 2636 35 4 33 22576 38260 2763 392 21 35 503 33 17 1081 54766 317 7 3 3905 71 26 27279 10 3 40330 642 4939 21 6494 4 1635 503100 5
1516 3248 10 2636 35 4 33 31 100 3 137408 4647 7 46 1654 642 5
208 9 166 8520 3330 340 4909 22 10291 1635 10 46 40330 642 4 463 6 3 108140 210979 19210 4 46 3330 16 226 210979 4141 50519 35 33 22 26831 35 4 33 35 177926 323 170354 4 6760 33 5
208 67 6754 12768 112 4909 22 26831 8 23 2048 13 87 16 34 133 9 4141 50519 5
17 4141 9556 5937 4569 6 3 372672 9149 7 9 650 4 8 371 1355 317 52 3 3905 5
145 2665 955 7 16 9 4116 4462 13 71 26 220 6 7367 8 25767 3 537 5248 7 10 3 70983 5300 4 8 2285 21238 3 274494 25 826 5
17 1415 16 3 48871 1185 7 3 4 13787 220 6 542 3 17521 148 67 8255 5559 5300 10 10291 9962 5
16 32 2793 11036 47 71 26 43420 25 9 837 89 3905 5
631 3 57 61638 41280 4859 1708 9 127869 7 64441 25 157631 148 3 9796 8 3354 14555 10363 7 3 284 4 3 1170 3 5084 7 3 3905 536 22 120 13 16 4141 9556 5
29 45 4939 24 32011 12283 3462 5
21 35 32011 4 42957 4 156720 4 323 4 8716 33 4 35 500 33 114 2636 35 4 33 8 3280 35 33 31 3 8 3 326 149446 7 3 650 4 3995 5
81 678 6 1128 3 66413 89 3 37582 1629 2828 137 3 1821 5018 13 2527 14015 166754 67565 31660 35 4 9749 33 5
81 1407 4 658 4 74 3 326 6805 8 153 3 31 1221 4 97 92 87 31 12768 22 110144 1547 2371 4 153 2636 35 4 33 16 7154 10 678 6 1415 3 2463 7 4141 50519 5
81 3 5195 4 21 3915 996 4 3 689 10291 5937 7 3 3905 7309 22 242490 3082 395170 125 3 4141 98906 26129 148 3 5937 10 523 26831 71 7309 22 120 642 15 35 242490 4 395170 33 114 242490 358571 395170 5
659 25767 3 4 57 71 159 3 1653 7 127869 7 14510 4 47 29 9 1821 7488 6 4141 50519 4 7 9 6951 650 21 3 5806 7 3 88637 7 3 1221 392 24 35 46376 323 188243 4 4540 33 4 35 708 33 17 3455 25 3 70983 7 826 4 47 86 26 19 4 18 75563 76 47 1618 18139 6 70983 6805 21 4720 4 94977 4 16107 4 36004 8 65786 4 8 153 3 2442 6 192 3248 42 52090 8 220 14 9674 7 826 19 5
17 7732 32542 992 79 130820 4 13863 6 9 7207 97609 284 4 9286 7 57 9796 9419 4 57 49 48 4438 10746 4 8 57 3354 9419 5
17 317 3905 11371 76 9796 9419 4 18366 6 290 1513 10 3 4438 10746 8 153 6 3 3354 9419 137 90 16036 3151 17241 231549 8 64156 5
3194 1513 8085 3 9632 9796 5300 8 5708 9 871 22 50 3354 19 9 2589 4859 4 47 16 1618 108140 4 17241 3 4859 7 233980 5
3673 1746 2179 19 93 2543 2505 7 4438 10746 5
100955 7 32 3206 221 7 4438 10746 16 1568 53 14 3099 4 9 992 19 9 265 4438 30864 16 16134 7 57286 148 1812 5897 4 125 9 992 19 215 117 4438 30864 16 97 5984 3 5266 10 3 628 8 95 557 6 9 1024 83538 5
1949 4 3 928 566 2742 20558 92 3 992 29 9 528 221 7 4438 10746 5
17 104 974 1217 14 1913 3 19547 221 7 4438 10746 16 794 8 3768 35 180681 323 4 1515 109 4 3578 33 5
12266 27964 31 59 7 3 3456 1172 7 3 5
622 3206 130820 151438 142 149 3303 6 371 9 333 665 4 2191 23 16 3559 24 9 6943 31660 5
79 206 31660 9704 3 130820 2106 2854 89 8 25903 9 333 8958 5
187 31 9 221 7 928 27964 220 14 928 4 3 104 974 8 3684 220 57 16 3 31660 35 180681 323 4 1515 109 73414 323 4 911 109 4 3578 33 47 53300 3 3354 3768 21 6573 3 284 10 9 9464 4230 5
17 3354 3768 4 21 3 44398 7 3 498 3354 25 3 13228 3354 4 71 26 5559 10 307 1225 133 21 5806 2842 3768 35 48531 33 8 1153 2842 3768 35 155737 33 35 180681 323 4 1515 109 4 3578 109 4 3578 33 5
31 1618 220 10 19372 4 56018 8 532 1443 5
81 19372 4 3 3316 16 6 23335 3 9796 5897 6 57 7 307 3597 4 1618 3439 24 770 7 3 13300 7 1427 4333 11466 25 6494 6 249 5
631 3 19372 16 1303 61 4 9 2190 5195 16 6234 6 9 2190 1427 232 6 3 65513 15565 2000 5
2858 25017 16 59 9 4900 38020 10 3 1746 8 773 8557 7 220 14 5964 3 928 4141 7 3 992 5
81 614 4 23 142 26 975 13 21 3 221 7 61652 16 853 3 992 36 1849 3 928 197 333 5
81 2906 4 21 3 992 16 3559 215 146 3 992 264385 3 928 5897 8 340 34 79117 166 5
349 3 83 881 4 3 4472 10 3 3354 3768 340 34 535 1153 6 27 9 333 773 5
458 4 9 14324 928 4644 150 2858 25017 38020 71 817 3 629 6 167005 7 83538 7 130820 19 32 5050 2104 35 180681 323 4 1515 33 5
81 46 1654 542 4 9 32542 992 14484 7 57 9796 9419 4 67 4438 10746 4 8 57 3354 9419 18 1589 5
17 7081 220 16419 4859 392 24 35 3495 33 35 700 33 18 220 21 3 30110 4859 4 8 3 3354 3768 18 5559 24 770 7 48531 8 18652 5
17 70983 5300 42 2236 25 826 19 31274 106554 12540 10291 5
1532 4 3 2236 628 42 6401 24 67 1149 4 8 153 46557 8 46557 1966 25 3 6401 628 42 4723 14 2376 5
2536 7 993 8 2536 7 1966 993 42 14027 3112 14 928 3 992 5
659 532 3 928 4141 10 3 284 1746 4 302 7 3 928 628 197 35 409 5269 8 500 1966 5269 4 47 42 1321 424 33 42 3112 14 2279 3 1254 284 21 2858 25017 5
17 1652 628 35 105184 1966 8 105184 33 42 2870 9267 5
17 1264 3364 3 1308 1273 5018 14 70983 19372 16 1595 10 98586 341 5
3194 70983 5907 351 14 2376 18 19 183 2106 11861 35 13 16 3 3033 14169 11861 14 32 33 8 24658 446447 5036 47 1871 9 334 221 7 9796 30864 14 130820 5
659 12042 3 221 7 628 6 26 9796 6 130820 3 70983 5036 42 74 12354 137 3 346223 2376 137 3 337482 14533 5
81 3 13571 7 9 118138 2801 441 9 22690 7 6909 2106 18 220 5
17 3455 42 42562 72 3 40330 1382 3 1081 54766 317 3915 10 3 767 2124 5
145 40330 642 18 75563 21 53 4720 35 33 106554 4 11771 4 5853 106554 11102 35 242490 4 395170 33 11102 503 106554 4 94977 35 33 106554 4 11771 4 503 106554 11102 35 242490 4 395170 33 11102 704 106554 4 16107 35 33 106554 4 11771 4 704 106554 11102 35 242490 4 395170 33 11102 698 106554 4 36004 35 33 106554 4 11771 4 698 106554 11102 35 242490 4 395170 33 11102 2131 106554 4 65786 35 33 106554 4 11771 4 2131 106554 11102 35 242490 4 395170 33 11102 4640 106554 5
71674 7 3 1273 37582 5018 98586 341 5
71674 7 3 1273 37582 5018 5
17 536 1652 163 3 13672 4 351375 4 30936 4 17505 8 39869 10291 6577 7 70983 42 52090 2151 446326 35 708 33 8 3 1589 25575 1973 15854 447 5
931 52090 3703 628 42 153 392 21 29132 6 3 19372 14533 5
238 32 946 4 67 70983 9676 4 2236 25 9 276089 2539 4 19 40 326 54766 15183 8 42 1595 10 98586 459 5
81 3 1233 109 79 4 16 9 1966 70983 8 2636 4 16 32 70983 19 715 5
70983 5300 8 40 12510 6805 8 53 9 14 1966 98586 459 5
70983 5300 8 40 12510 6805 8 53 9 14 1966 715 4 8862 154 715 5
238 381 4 10 98586 39028 9 1695 30320 21 166 21 1812 9470 4141 50519 148 70983 5937 16 1379 10 3 5
273 19372 4 9 156936 130820 446 15565 2000 31 392 10 20498 249 18 1254 5
20498 249 5
23022 7 3 9168 32542 992 5
59434 221 503 35 57 9796 4 67 4438 8 57 3354 33 36349 7 9796 9419 500 98236 1992 36349 7 4438 10746 183 36349 7 3354 9419 341 98236 249 12586 489 27063 13385 4859 48531 35 5806 26327 3768 33 12266 96734 733 260588 43076 85612 56159 121867 4859 66474 17 1254 130820 18 3639 3559 19 3 928 628 197 8 24637 19 3 2279 628 197 2994 996 5
17 928 4141 18 8179 2151 3 48531 148 3 498 8 3 13228 55906 21 10 98586 503 4 47 842 3 489 7 3 23462 7 3 928 565 4830 61652 5
238 3 992 19601 4 3 3768 137325 6 4568 5
2569 4 9 7581 900 18 702 10 3 928 7 130820 6 2769 9 3538 421 7787 5
81 3 928 4141 23 18 5259 25 434313 7 3 992 6 34 321 120 72 10104 49 93876 47 24658 9704 3 614 773 7 3 130820 14 3 960 197 8 7862 10900 49 19372 542 5
6832 2858 25017 5533 3 928 4141 18 3275 4 8 21 3 48531 1049 9 396 4599 871 35 500 98236 54 237436 61652 10 46 267 33 3 928 7 3 992 18 1505 5
81 644 4 3 871 7 46 396 4599 5473 15 3 983 8 4398 115 3703 6 3 3768 871 3206 14 3 565 5
17 96860 983 7 3 3559 49894 98586 503 5
17 96860 983 7 3 3559 49894 5
17 1254 130820 19 3 19393 392 10 20498 249 155 34 5441 120 8998 49 67434 10 3 928 650 47 14359 3 12890 7 192 3112 19393 5
435 70 3 628 42 2870 4 3 3455 522 42 677 19 3 1149 9088 5
17 1308 773 7 3 992 16 392 10 20498 341 5
79 391 8958 7 305195 202 18 3439 47 16 206 385 14 3 72 70 284 6 26 1109 1408 10 19372 5
20498 341 5
55706 773 7 3 49894 6 960 5300 5
25976 5640 8664 9674 334654 549198 388355 36905 9674 18374 3313 27213 90025 35 202 33 302012 405437 305195
7977 157077 912 1618 93993 70983 3905 4 21 10 46 267 4 71 26 7947 24 3905 5447 770 5
622 70983 3905 4 154 32 24276 568 346223 12768 58 10 3 1966 70983 3905 4 103 5
17 1913 137 46 1654 5018 250 15616 13 2032 1534 4589 146 1812 49 9832 6589 154 13 2239 11841 32 70983 19 523 3905 5937 10 523 10291 6577 47 899 9 568 2463 7 4141 50519 5
81 83 1299 4 21 3 2119 1287 137 3 31466 3 10 3 2032 14130 2238 677 6 3 70983 103 5
81 3 1379 542 4 3 272 489 7 4141 50519 7947 10 3 4 47 982 8520 72 3 642 7 3 518 18 3639 220 14 37582 538 130820 19 32 8958 7 305195 202 5
81 3 2586 7 37582 4 387574 4 498752 4 48511 4 7981 4 8 42789 35 2391 33 220 3154 54766 2376 8 22190 8783 10 678 6 21238 1966 3002 8 3002 31466 715 5
158 3868 3 3154 3905 5559 24 76 708 2106 241 9676 4 8 220 3 131456 7 192 3905 9676 21 9796 6 3 22190 8783 447 6 21238 148 1966 8 3002 31466 5
158 27 217 9 272 9512 35 104594 202 33 10 57286 148 1966 8 31466 993 5
11079 4 32 715 142 34 1332 10 708 1577 4 2016 3 576 10626 13 3 1332 26035 7 6107 82956 48 58 183 2106 10 2364 35 4 2391 33 5
66 18 6453 13 3 5305 3 566 7 70983 351 76 1250 14 31466 9674 3 8666 3 8958 13 57 71 128 5
38349 8 8 7914 35 744 33 220 3 2419 21946 7 64218 8 14 7146 6 3 32542 992 9796 5
158 170 9 9512 489 7 108143 202 8 139350 202 4 9 48581 489 7 122880 202 8 116526 202 14 31466 8 9674 4 3995 5
43357 4 467090 4 8 35 1515 33 220 9 837 3822 7 64110 3905 8 12354 137 9 169 678 395088 303777 14 31466 9674 5
1700 5018 29 45 1408 19 32 8958 7 8770 202 5
346223 2376 29 34 45 1940 3677 6 70983 2376 106 7 110 9433 48 841 58 3 4759 326 54766 2376 6 5507 5
1949 3 9088 7 16 1144 841 5
1504 7 192 4166 80 27 1595 13 439493 71 26 3639 3677 6 3 8520 5897 15 3 8 4517 49 21238 3 70983 19 25 3 1966 70983 3905 5
1249 29623 48 317 52 9 89 11264 3905 58 326 6805 4 46 5533 71 582 48 785 14 3606 4756 5
79 17521 148 66619 10291 4141 41280 7 115972 70983 8 926 7 10299 142 3250 4141 16615 66508 72 528 39177 3248 26129 24 5016 2032 6294 5
145 542 16 9 74 794 10 538 7 70983 6 7367 4 658 4 71 26 2069 24 454 2062 8 32 11356 284 71 26 1254 5
66 59 71 26 5775 76 3 1379 14 6062 7379 47 142 1128 3 6708 89 8 1297 3 784 394 3961 5