6297 15 3 4860 7 2911 2376 4 46 1381 12966 32 7732 1442 1506 4 47 6655 3 65179 3673 80440 196615 5898 35 33 26620 24 3 231 7 35126 2854 35 80191 33 21 9 14510 37236 75785 951 284 5
17 3093 7112 951 284 16 3682 7 7995 9 337 10 9 1325 2826 14 951 8 683 1866 5
66 57052 18020 3 4736 14 4050 8 1324 14407 538 3 80191 24204 8 59 12362 7263 3 4165 538 6 1213 3 2800 10 3 2655 4165 5
145 16 220 21 9 8752 6 2258 3 282 397 10 89 6 198 42940 8 7061 22206 14 118541 5
355 46 16 9556 19 9 182 7 1989 4 80 26136 9 1906 916 7 4943 3 12104 5218 5
931 31 3 10978 2000 7 3 4919 869 1627 5
66 1708 9 2854 6684 6 774 15 12104 5
14983 9345 522 31 3863 5
26148 4 3 1273 6684 16 488 6 23997 8 10 970 7 1359 3768 8 17521 5
20379 4 543 15 3 960 951 19 218 178 1989 4 3 1273 951 284 16 488 6 1041 3 200 24 52 575 2156 266 72 9 566 7 698 85 5
23209 200 34135 133 21 7002 21388 4 2312 2602 2453 4 8 5113 54204 27 12609 938 7369 137 3 42852 2673 7 2911 2376 8 50 13538 5
1504 3 851 8 62730 255 850 24 3 16317 7 3 66571 4707 143636 35 95560 4 7442 33 8 3 23333 12021 143636 35 207329 4 8054 33 4 2911 2376 340 27 50 254 10 3 229 131 7 951 8 2472 5
17 6905 7 46 1381 16 6 8850 32 7732 1442 1506 109 47 6655 3 65179 3673 80440 196615 5898 35 33 8 26620 24 35126 2854 4 21 9 14510 37236 75785 951 284 5
2758 9 3093 7112 951 284 16 488 6 61817 2705 9 337 10 9 2826 14 683 1866 5
17 8416 7 2826 2376 71 26 6586 6 3 2588 28252 4 1013 54 50 9550 2068 2588 5
966 7 298 2106 48 5242 2520 31 4363 23299 7 2588 2106 1217 5
17 2588 28252 65249 13 87 31 108 4695 10 869 360 109 13563 53 2778 17 1325 2826 16 3 1739 1627 7 360 4 6671 25 307 190 6 307 85 5
2778 17 5369 49 23449 4695 31 3 4251 64441 7 360 25 3 4919 2826 5
931 64441 31 6131 24 17085 8 360 22134 119 6 3 4919 2826 5
2778 17 62331 49 2846 4695 31 1562 12642 5
1563 542 2532 6 2705 3 337 7 9 1325 2826 49 9 3010 1627 5
81 129 542 4 9 1325 55 2826 4 979 24 9 1325 124 2826 8 9 1325 55 2826 369 51 10301 9 4165 5
17 5369 8 62331 4695 49 4251 3042 12104 31 6131 24 9 42146 5533 5
49474 7112 2520 543 15 32542 2642 4 4624 31660 8 22190 32542 4538 71 1849 6 7367 1812 5897 13292 10 3 628 5
151834 4 192 43826 4538 31 6182 103860 4859 3682 7 11807 8 23955 460 120 3898 5
49474 1442 2520 59 27 9063 72 11245 2520 5
51932 4 43 31 48 4213 8 1783 58 11245 2520 10 5195 4355 35 12104 16 9 5195 33 8 10900 5
4749 104 7 3 11245 2520 4 43 112 34 1871 120 2190 3201 7 628 49 4919 3695 5
158 31 488 6 3009 103860 49 1812 3898 333 8 22 3 216 89 7933 2086 1978 221 7 23394 5
1471 1653 7 7732 1442 2520 16 13 43 71 1849 5897 25 3 271 628 4 9 2419 13 71 34 26 5823 24 11245 2520 5
75 34 70 7732 1442 2520 31 3 216 5
66 16 12859 10 46 1381 13 4 3 65179 3673 80440 196615 5898 35 33 4 65 26620 24 3 35126 2854 24204 4 16 9 1509 8 4321 4462 10 7678 869 12104 4 8 12146 16 9 964 4462 10 869 683 1866 5
17 939 7 3 1381 16 4393 21 3177 5
79 2941 6854 1165 16 2209 10 8941 341 5
8941 459 15480 3 115596 14 35126 2854 21 166 21 3 6589 7 4165 6013 8 7263 10 869 12104 5
33962 522 11260 3 118559 7 869 12104 543 15 1791 869 31 59 10637 10 8941 459 5
36 26 2042 6 4764 3 161 244402 397 671 19 9 36472 5385 6 10 8941 503 5
8941 500 6274 3 17315 6652 7 9 3235 5157 35126 2854 543 951 284 538 5
52141 8365 42 10605 19 7039 3273 8748 543 15 3 9674 7 12768 8 51561 496 9 3414 7 869 18303 8 3 522 31 2209 10 8941 500 5
79 4774 16 2209 10 8941 708 5
23209 6854 8245 4695 6 1865 15 3 4424 6 774 5
1192 24 1604 4 7914 4 8 7744 35 502 33 8 8 35 3728 33 30225 15 132429 5897 6 774 5
1604 12283 3462 5
35 502 33 4723 9 2505 543 5018 24 3364 132429 5897 19 22190 89 507 125 8 35 3728 33 4723 9 30037 32542 992 6 4517 3 40330 5195 54 9 507 7 103194 5
35350 8 195912 35 502 33 4 20024 4 195912 4 8 103928 35 359 33 24087 4 195912 4 8 147180 35 359 33 8245 3093 186564 22190 1443 10 40 1746 7 133 951 1443 5
1700 951 284 25810 2911 9224 133 21 1324 596 17764 8 58589 36561 5458 5
349 3 83 881 4 34490 4 7744 4 8 35381 35 1278 33 4 4045 4 4 8 29762 35 502 33 8 18150 4 249744 4 8 195912 35 280 33 115 231 7 4624 27964 35 37566 33 8 22190 8783 10 40 1746 7 3 951 1443 5
37566 16 220 6 2258 3 282 197 7 951 954 49 6 1213 3 338900 565 10 3273 13324 5
7907 8 35 1278 33 8 7907 8 12825 35 1992 33 1273 9 951 284 13 115 231 7 1821 35126 2854 6 1849 6 774 9 3414 7 1124 8 6 25450 3 3414 24 363 231 7 3 28506 5514 8 3 12433 44398 5
187 31 59 307 601 768 5446 6 869 3394 4 114 8 288706 35 2391 33 220 16036 22190 954 6 5339 1989 543 15 90 1396 7 11815 10 5224 8 24290 8 35 1278 33 4723 270 60401 2953 6 5339 1989 5
931 951 1443 2239 27 23125 954 49 3520 25 760 2031 15565 49 694 10 6647 7793 5
364 7 3 3501 544 4 19547 1712 4946 39 45 2704 24 8 5173 35 2391 33 5
8561 162 24 292858 8 195912 35 744 33 8 292858 4 195912 4 8 193149 35 744 33 12966 32 2231 6233 1506 13 115 231 7 80440 84181 35 33 35 292858 323 195912 4 502 33 8 3235 5157 35126 2854 6 26920 3 19547 5964 89 4 47 3439 9 7156 773 6 8 5173 35 2391 33 10 970 7 5157 8 9796 15209 5
187 31 307 2794 2062 15 224 12104 5
46207 35 911 33 136266 89 507 3695 6 2705 200 12104 10 3886 125 38071 35 744 33 31875 9 523 1217 24 538 3 484 4050 10 3 421 650 5
17379 4 3 2770 14 3 19393 31 23125 8 3 12104 170 31 34 59347 5
7981 4 97284 4 8 35 1422 33 873 61 307 869 3394 9698 8 170 13 3 282 773 31 10978 25 683 538 3 224 4165 5
35 1278 33 4723 3 35748 1506 35 6754 4195 1506 33 6 3617 3 20341 2763 14 550 378 8 46251 35 911 33 4729 3 2177 7 683 543 15 224 12104 10 5730 905 5
527 117 7 192 601 768 112 34 581 146 34130 660 8 3 2755 77403 5
81 46 2124 4 35126 2854 16 3677 6 61817 2258 12104 5
931 12104 31 5543 6 3 1273 6684 10 8941 503 4 21 928 628 5
102017 7 869 360 31 477 15359 8 252360 3250 346 993 133 21 2675 393 8 2232 7049 35 38071 4 744 109 4 1278 33 5
520 7 3 8104 2062 42 10605 24 58769 8 138158 8 10 192 2062 4 12104 7 523 4385 31 170 5
79 241 4165 7 85 18 1669 24 58769 8 15 3 83 881 4 9 7877 4165 18 170 24 138158 35 22574 33 4 47 16 180 85 5
81 9 308 542 24 38071 35 744 33 4 9 1322 148 3 12104 39 45 6453 5
17 6453 1322 10260 13 9 241 4165 16 9935 7 108 7877 12104 5
81 3 267 14 58769 8 138158 4 3 58769 4165 16 115 55 7 108 138158 12104 5
81 46 1381 4 10 678 6 3270 496 9 7877 683 566 4 3 566 7 3 4165 6 26 220 10 46 1381 16 7657 7 3 138158 4165 4 47 16 180 1992 222 49 249 64 5
82399 24648 10 35126 2854 35 80191 33 332319 2854 35 80191 33 16 9 794 8 3768 2854 650 4 15121 3 2204 19601 137 50 11455 19 3 1566 4 177 146 13311 6 9 916 7 2854 35 10 10381 33 16008 24 746 10 11533 84 2505 137 9 284 7 5157 8 4908 543 15 3 3115 7 32 652 10605 24 3 746 35 17063 4 11418 33 5
17 2204 340 34 27 120 867 21 6 96 3 2755 4007 652 51 2769 44 23 2532 6 8612 3 523 1945 25 3 9464 1252 24 3 1566 5
17 9464 10 46 267 16 9 5157 8 340 34 25767 289 3 652 16 4007 49 2631 5
435 307 3524 4 3 2204 36 27 2347 4783 791 13 23 86 9239 144 23 5793 825 983 5
81 614 4 9 35126 2854 284 9286 7 108 689 3893 109 13563 53 3 534 4 3 5157 4859 8 3 871 4859 35 12567 4 2804 33 5
17 534 16 3 15987 25 3 164 7 3 1566 6 3 46025 7 5261 50 652 5
17 164 7 3 1566 16 9 916 7 8593 7 3 1566 22 13 89 5
66 71 26 21 1906 21 3 2755 8593 7 3 1566 49 23 71 26 90 916 7 628 4 47 16 488 6 3001 3 498 1566 333 5
145 15987 71 26 3380 19 538 9 175828 1870 49 120 83 6943 3497 7 8593 5
145 175828 1870 19 3 230 8294 8 1945 16 3 791 7 3 2204 8 36 26 226 1918 154 12732 5
81 46 2124 4 9 2941 5385 6 3 17315 24656 10 80191 24204 36 26 1252 5
931 42068 36 26 3677 6 70 3 80191 2333 10 46 1381 14 18298 3 791 154 5633 8 14 7470 3 230 5157 154 12732 5
17 5157 4859 16 3 230 5157 14 3 2204 5
17 17315 6300 7 3 230 462 10 9 164 16 962 10 446326 35 9610 33 35 9610 33 114 11856 16 3 221 7 400 652 9 16 3112 8 31 3 1570 5157 14 290 89 5
446326 35 9610 33 71 26 5607 21 9 172930 916 4 14 1369 18298 8 16 4216 10 446326 35 9073 33 35 9073 33 17 462 4859 72 3 241 336 16 1618 4939 21 3 12609 5157 72 3 426 89 1959 5
66 16 4939 10 446326 35 9102 33 35 9102 33 114 16 3 4911 489 5
17 4911 489 4 4 18020 3 1379 871 7 3 426 8294 13 71 26 3439 72 89 5
66 71 26 11737 21 3177 53 2778 355 3 4911 489 16 272 4 3 2204 36 159 3 426 8294 48 2221 5
2778 355 3 4911 489 16 396 4 3 2204 36 97 26 1477 19 3 498 5157 5
473 3 49569 955 4 57 16 488 6 2258 3 13300 7 3 161 164 543 15 97 3 498 164 8 652 5
145 16 27394 10 446326 35 9371 33 35 9371 33 114 40527 16 3 498 164 8 22 16 3 652 351 10 3 498 164 5
473 3 498 164 4 498 652 8 3 161 164 4 57 16 488 6 49075 3 230 871 7 3 161 164 5
145 16 27394 10 446326 35 5347 33 35 5347 33 114 5132 16 3 8265 4859 7 3 161 5157 4 40527 16 3 498 164 4 16 3 161 164 8 22 16 3 498 652 5
446326 35 9102 33 71 153 26 3353 21 3177 10 5
35 8825 33 8 35 10314 33 35 8825 33 114 16 3 4911 489 5
1716 534 503100 4 35 10314 33 114 16 3 8265 4859 14 3 534 503100 4 9 16 32 652 13 9317 6 3 197 7 1945 4 16 3 13300 25 2106 6 4 8 16 3 4911 489 8 16 3 426 5157 5
4036 3 498 164 8 652 351 4 57 71 59 28669 3 652 871 4859 10 9 172930 4230 5
145 16 27394 10 446326 35 9525 33 5
1716 534 503100 4 35 9525 33 114 16 3 8265 4859 14 3 534 503100 4 16 9 164 13 9317 6 3 197 7 684 4 16 3 13300 25 2106 6 4 16 3 4911 489 8 16 3 426 5157 5
622 19547 534 36 26 3 534 13 29 3 1391 164 871 8 16 4939 10 446326 35 11431 33 35 11431 33 15814 6 3001 32 19547 164 871 4859 4 446326 35 10314 33 29 6 26 3353 21 1595 10 446326 35 49869 33 5
145 16 59 424 21 3 193299 459997 14392 14 5
1716 19547 534 4 35 49869 33 114 16 3 4911 489 4 16 3 161 164 4 9 16 3 652 351 4 16 3 13300 25 2106 6 8 16 3 426 5157 5
201348 7 8294 8 684 10 4165 1913 145 2124 15682 3 24656 8 3 7254 7 3 24220 7 3 67 19393 4 4050 566 8 3 1324 596 566 538 80191 5
17 4050 49 3 489 7 337 7 3 869 484 2464 3 200 14998 15 3 951 7 3 869 5
238 3 489 7 337 17094 4 23 16 5892 13 3 869 16 98047 8 1797 22206 5
17 1324 596 4 15 3 83 881 4 16 220 6 2821 3 4251 2826 8 5266 10 3 4165 5
17 231 7 192 67 19393 3791 59347 20341 5897 4 92 558 5
61533 17 12104 220 10 46 1381 4 29 9 566 25 15098 222 35 249 64 3082 3706 388 33 6 19876 222 35 64 33 5
931 12104 31 4209 24 24220 192 67 19393 109 13563 53 4050 8 1324 596 5
17 9674 7 19573 16 40916 27394 10 446326 35 62653 33 538 446326 35 70595 33 35 70595 33 114 9575 16 3 498 168 8 14937 58508 716 4 1614 56012 35 62653 33 114 9575 16 3 498 168 5
10052 4 3 9674 7 3330 16 27394 10 446326 35 61364 33 35 61364 33 114 9575 16 3 498 168 5
6832 446326 35 62653 33 4 3 566 7 9 4165 71 26 27394 21 1595 10 446326 35 53721 33 35 53721 33 114 14937 16 3 1291 7 16773 5
238 133 4 3 5157 14 3 2204 6 2258 9 837 4165 36 26 27394 21 962 10 446326 35 46329 33 35 46329 33 114 14937 16 3 1291 14 16773 5
527 4 446326 35 46329 33 16 9 14234 5157 4859 5
12097 3 267 4 114 3 566 16 1992 222 4 3 2204 36 1271 9 5157 7 716 5
145 16 23271 21 120 566 496 3 1079 144 26 5944 5
659 2821 3 9124 4 4568 16 848 76 446326 35 46329 33 5
446326 35 62405 33 842 32 3353 14392 8 194896 5
35 46329 33 8 35 62405 33 3995 5
999 15826 98586 9073 4 23 71 26 6453 13 3 216 5157 871 16 392 6 3 2204 14 120 20341 566 148 15098 8 19876 222 35 62405 33 8616 4 3 5157 14 3 2204 538 9 1654 197 7 19393 16 962 10 446326 35 63721 33 53 35 63721 33 114 6517 16 3 676 221 7 12104 170 4 6092 16 3 4050 566 220 8 40416 16 3 1324 596 566 5
176146 5157 4859 98586 9610 5
176146 5157 4859 5
318051 5157 4859 98586 9073 5
318051 5157 4859 5
527 4 446326 35 63721 33 340 34 9929 3 2204 7 3 221 7 12104 170 5
8616 9 333 24656 16 1272 8 16 962 10 5
35 65979 33 8 35 62906 33 35 65979 33 114 16 3 3033 221 7 12104 8 16 3 221 7 222 10 3 229 400 507 35 62906 33 114 16 3 3235 221 7 12104 8 16 3 221 7 222 10 3 229 400 507 5
5
35 65979 33 8 35 62906 33 31 220 6 2258 3 5944 3033 8 3235 221 7 12104 5
17 2807 16 666 6 1384 3 267 114 87 31 14510 12104 22 3 373 8 9600 7 3 229 89 507 5
8616 4 3 380 5157 24656 71 26 40916 962 24 446326 35 45943 33 35 45943 33 114 6517 16 3 221 7 12104 170 4 6092 16 3 4050 566 220 4 40416 16 3 1324 596 566 220 4 8 31 3 3235 8 3033 221 7 12104 5
246 79 164 16 9 8593 7 3 1566 5
81 46 267 4 3 1566 16 3 869 628 8 6 3001 23 11076 4 290 869 16 110 52090 24 3 2156 2029 44398 7 3 89 507 4 196 446326 35 62764 33 8 3 17521 6 32 1291 4 196 446326 35 64424 33 5
238 133 4 825 1989 31 110 29371 671 8 31 2209 21 9 164 5
187 31 67 1212 5
26148 4 3 2204 36 26 7816 35 2854 33 48 37676 24 8810 3 271 8 84 791 671 5
20379 4 3 12732 36 26 48 4213 21 3 164 5157 1870 16 1731 35 64424 33 114 6219 16 3 229 89 507 7 3 869 628 4 12662 16 3 89 507 7 3 2588 1053 5458 8 6517 16 3 221 7 628 35 62764 33 114 6517 16 3 221 7 869 628 4 94604 16 3 2157 484 4 16 3 1153 7 3 869 484 8 860 58508 56012 16 6 860 23 6 3 8668 216571 35 55426 33 446326 35 55426 33 842 3 24656 7 3 164 5
31022 7 3 31660 17 3469 36 1186 523 16691 7 3 1324 596 566 8 3 4050 566 6 2769 3 7562 5157 5
66 3177 3 3154 10 98586 9102 5
283578 7 3 4165 24220 14533 21 9 35126 2854 650 98586 9102 5
283578 7 3 4165 24220 14533 21 9 35126 2854 650 5
17 164 7 3 869 16 43420 538 446326 35 55426 33 5
208 9 271 791 6848 4 3855 9 6951 221 6 1865 289 3 2204 144 9239 3 791 24 587 3 1391 5157 10 3 164 5157 49 6 5576 35 1849 33 3 84 791 5
659 5576 4 3 4165 628 16 43420 19 9 197 7 19393 35 1324 596 566 8 4050 566 33 5
6832 3 4165 628 21 9796 14 446326 35 62653 33 4 3 19573 16 2118 8 16 220 6 49075 3 5157 538 446326 35 45943 33 5
17 5157 16 153 3353 6 3 164 1870 19 446326 35 9073 33 5
145 5633 650 36 595 10721 70 3 537 16691 7 3 19393 27 45 2704 5
17 19393 36 26 32776 25 1054 6 15098 222 5
17 3033 8 3235 16275 31 7889 21 129 689 1364 16 15 3 902 2826 7 3 869 5
17 24220 7 19393 16 10605 10 1959 7 500 5
61648 15 4165 1913 492393 5
3714 200 81 3 3714 200 4 3 223586 6681 7 3 200 16 12354 74 5
17 16705 7 3 1678 3609 25 3 64 1515 6 502 31 220 21 3 9796 628 5
98586 9371 842 3 4165 170 14 3 1269 1291 8 98586 5347 842 3 12104 170 14 523 3609 5
102017 14 1269 386 98586 9371 5
102017 14 1269 386 5
102017 14 1678 3609 98586 5347 5
102017 14 1678 3609 5
17 9830 10 98586 9371 16 3 2157 869 871 15 13 1654 168 8 59002 16 3 4165 628 1658 10 8941 5
931 19393 31 220 1411 194896 5
1655 98586 5347 4 23 71 26 381 13 3 12104 14 3 523 3609 2429 17914 19 57 184 5
527 4 90 3609 27 557 12104 8 461 27 16667 12104 5
81 678 6 2780 3 1273 3093 951 1264 4 23 18 2197 13 126851 12104 86 26 1658 5
238 133 4 3 104 557 8 16667 3609 109 13563 3 1474 8 1269 42 3467 10 3 25530 2376 5
81 290 386 4 67 1989 25 3 64 1515 6 502 42 3467 543 15 40 200 21737 5
999 682 95 4 23 18 2197 13 126851 12104 86 26 170 5
75750 12104 14 5025 86063 98586 10314 5
75750 12104 14 5025 86063 5
102017 14 5025 86063 538 147174 19393 98586 9525 5
102017 14 5025 86063 538 147174 19393 5
75750 12104 14 9125 98586 11431 5
75750 12104 14 9125 5
102017 14 9125 538 147174 19393 98586 49869 5
102017 14 9125 538 147174 19393 5
98586 8825 842 3 179 291 3467 25 3 67 3609 5
47677 8 2552 44402 2522 31 10 3 1474 386 8 3375 11773 8 3375 162777 31 10 3 1269 386 5
999 15826 98586 8825 4 12104 13 31 2112 61 7 23415 71 2285 26 2118 8 9 9435 71 21625 15 192 12104 6 736 2552 44402 2522 22 3 19573 21 2573 8 888 23 10 3 3330 10 64 911 103 8748 6 3375 11773 22 3 19573 5
145 9892 10260 13 3 1273 951 1264 16 14858 8 1695 10436 5
20236 3109 14 951 98586 8825 5
20236 3109 14 951 5
178 200 81 46 5867 4 3 77403 8 47175 7 3 31660 42 2870 15 1989 25 3 178 200 5
931 1989 27 22 248 403 85 7 586 25 3 64 3578 6 502 5
17 284 36 19491 3 628 25 3 74 708 85 6 2258 3 96734 2770 8 6229 2532 6 231 192 147174 19393 14 7470 3 4165 14 3 508 708 85 5
931 147174 19393 8 3 12104 31 153 677 111 3 19547 19393 8 3 19547 4165 5
1655 3 9345 522 4 23 71 26 6453 13 87 31 90 3272 148 3 19393 170 14 3 95563 8 16725 566 5
1203 7 91 97 5697 25 3 19547 19393 24 22 104 183 222 5
527 4 87 31 9 265 1989 13 27 964 1884 10 40 19393 5
17 2376 7 67 133 1989 4 5025 86063 8 9125 4 31 1595 1298 5
17 147174 19393 14 5025 86063 31 12273 8 14586 222 14 3 4050 8 1324 596 566 3995 5
349 3 83 881 4 3 19547 19393 31 11810 8 6332 222 14 3 4050 8 1324 596 566 5
187 16 9 1884 7 2429 1551 222 14 290 96734 5
98586 10314 842 3 4165 14 5025 86063 538 3 19547 19393 8 98586 9525 842 3 4165 14 5025 86063 13 115 231 7 3 147174 19393 5
64195 4 192 12104 27 9 17521 85612 7 8 45651 4 964 244402 266 21 2573 15 189 915 31 825 6 290 83 21 2573 10 3 915 5
1471 869 13 29 1773 3272 10 3 19393 16 9125 5
17 147174 19393 14 9125 31 15099 8 13102 222 14 3 4050 8 1324 596 566 3995 5
349 3 83 881 4 3 19547 19393 31 7288 8 4481 222 14 3 4050 8 1324 596 566 5
187 16 9 1884 7 22 104 14537 222 10 3 1324 596 566 5
98586 11431 842 3 4165 14 9125 538 3 30392 19393 8 98586 49869 842 3 4165 14 9125 13 115 231 7 3 147174 19393 5
931 12104 27 9 17521 85612 7 5
1655 192 16676 4 23 71 26 6453 13 2239 3 19393 170 10 3 74 708 85 4 71 26 3677 6 3 161 708 85 5
75 23 36 26 44291 92 3 24220 71 26 617 16139 14 329 85 6 1377 13 3 12104 31 59347 5
201348 7 4165 7263 538 35126 2854 17 733 14 9 785 3469 16 6 2258 3 2435 13 71 2338 3 14549 12104 6 3 2755 484 5690 5
12502 3 5157 14 3 2204 36 26 3 12470 2106 27728 17521 85612 13 16 43420 538 3 6916 484 1627 19 3 14549 12104 5
17 5157 16 40916 27394 10 446326 35 60436 33 35 60436 33 114 6219 16 3 14549 4165 8 12662 16 3 2755 484 1627 5
98586 70595 842 3 3154 7 3 31660 5
12487 4 3 1646 7 3 1519 14549 4165 36 26 170 8 46 1646 36 26 3 2801 1646 14 3 2755 869 628 5
17 2801 36 2337 194 22 3 73 869 628 8 36 6197 26 6916 6 3 203 5
349 329 2435 4 3 5157 35 17521 33 36 26 43420 543 15 3 2801 8 3 4165 5
31022 7 3 2435 24220 31660 98586 70595 5
31022 7 3 2435 24220 31660 5
17 1058 7 2435 5473 15 3 1324 596 566 35 46207 4 911 33 8 71 26 40916 27394 10 446326 35 23117 33 5
238 3 2204 1959 137 4 46 2801 36 26 6916 24 9 1092 1646 7 500 222 5
435 70 61652 4 3 2435 13 25903 3 1391 17521 85612 36 26 1109 3 19547 2435 35 23117 33 114 16 3 1324 596 566 5
61648 15 4165 7263 61648 42 2828 15 3 216 7037 7 1989 220 10 8941 5
364 7 3 1989 4 903 3713 4 16 110 4964 8 10637 10 46 2124 5
98586 62653 842 3 14549 12104 14 903 3713 5
17 19393 9830 16 3 2157 484 7 3 869 15 13 168 8 1329 6916 49 6916 31 3 12104 103 110 6916 8 54 6916 3995 5
1655 3 9660 10 3 1233 4 23 71 26 6453 13 3 3330 7 3 1658 4165 23322 3 3330 7 3 2755 484 24 180 1614 222 5
32812 6916 4165 7 903 3713 98586 62653 5
32812 6916 4165 7 903 3713 5
98586 61364 842 3 4165 54 3 6062 7263 3439 137 35126 2854 5
17 11356 7263 31660 7162 6 2705 9 2435 7 2715 222 5
66 71 26 6453 13 3 4165 39 45 6916 19688 6 3 2755 244402 397 4 16667 25 3 2755 244402 24 97 409 222 5
8616 4 23 71 26 6453 13 3 6916 4165 16 488 6 333 3250 3 2755 2143 266 4185 10366 21 12859 19 3 9224 5
6916 4165 7 903 3713 98586 61364 5
6916 4165 7 903 3713 5
16 9 6684 13 6655 21 9 4859 5
145 6684 2532 6 25450 3 773 7 10 970 7 8958 8 17521 5
81 46 6684 4 108 523 3497 7 2854 71 26 6453 4 25 32601 2854 7 3 628 6 12391 2854 7 3 992 8 153 1435 6 35126 2854 7 3 523 2520 5
17 4859 36 6229 26 4723 10 8941 500 6 2705 244402 266 14 951 5
49474 32542 992 16 9 992 7 7732 23791 13 36073 3 13973 8 5447 7 3 746 2032 5
158 27 177 632 5195 4355 1175 44 3520 25 3 13292 565 7 110 9 760 2031 4 21 43 31 34 488 6 2565 3 38506 1322 148 3 29132 8 3 522 35 55906 33 5
349 3 83 881 4 22190 1443 1506 746 14618 1175 10 32 1566 7 4046 5
931 1443 4723 3 231 7 22190 92 153 954 13 31 825 6 746 14618 5
931 22190 302880 31 1369 6 23525 8 43 3130 6 26 19637 6 50867 628 5
187 31 67 689 2520 14 22190 1443 109 13563 53 3 468620 8 3 5
1700 1884 3443 10 3 152 40 55906 31 11737 5
468620 1506 12244 9 22190 11580 284 13 29 9 1695 42285 109 125 1506 12244 9 42285 13 16 9 11868 4859 7 3 29132 5
17 4991 16 205930 48 5050 44 34 21 21 3 172 5
186564 22190 1443 31 5373 1443 4 17938 32542 2642 19 22190 1443 5
931 1443 112 34 3520 25 3 16018 7 9 760 2031 8 16 488 6 3030 10 32 1566 7 4046 5
186564 22190 1443 133 21 377646 11307 1247 543 80440 133951 3673 35 33 35 195912 323 17555 4 2391 4 502 33 4 35 74162 323 195912 4 590 33 8 35 85721 323 195912 4 590 33 31 6200 7 468620 1506 4 35 36277 4 3454 4 323 195261 4 2773 33 4 51978 35 6794 4 195912 4 323 36355 4 911 33 4 35 24067 4 195912 4 323 36355 4 744 33 8 35 292858 323 195912 4 502 33 6200 7 1506 31 5656 4355 10 307 523 692 133 21 1474 4 313 8 244 361 4 21 40 773 8 31 7156 6 83 1443 133 21 70865 1625 4859 35 33 2642 5
17 65179 186564 22190 196615 5898 35 33 34427 3 474204 22190 1506 5
17 42101 650 543 15 3 474204 22190 1506 16 1595 10 98586 12018 5
196615 650 7 3 474204 22190 1506 98586 12018 5
196615 650 7 3 474204 22190 1506 5
17 992 29 9 218 26237 2981 21 12859 10 98586 12018 5
273 3 992 4 3 29132 8 55906 31 34 1109 176 7 3 992 2981 5
7219 4 3 992 2981 16 42346 24 3 4650 2543 6 22890 7 928 5
17 928 4165 7 3 992 3847 13524 3 19393 7 3 992 35 424 21 96734 2854 33 44 112 34 13655 3 2981 7 3 992 5
81 46 5385 4 3 9796 30864 6 3 992 31 103415 21 6793 4 114 4114 58508 56012 5
17 4336 114180 9965 6 3 221 7 29132 6 3 992 5
17 60401 6219 3082 1356 83518 4 4 24917 4 4 1362 3116 68806 3 28579 29132 2209 6 3 992 5
17 3354 16 103415 21 249164 2569 4 97 3 2489 29132 8 837 3354 35 403252 33 284 16 1109 5
145 16 106 9 2489 29132 8 2489 55906 35 164427 33 284 71 26 10793 36438 76 307 403252 1443 5
473 4249 6 98586 10548 4 9419 249 4363 9286 7 3 25429 970 35 22190 2757 33 7 3 9796 30864 6 3 992 5
17 25429 1043 7 3 211736 9796 16 103415 21 4 72539 5
17 4336 79036 68806 3 221 7 25429 970 13 9796 6793 29 5
3194 9796 38105 6793 142 27 523 221 7 25429 970 79036 5
16816 4 3 221 7 30864 10 9419 249 16 5
59434 341 7 3 992 16 3 22190 1396 1084 13 2520 3 4919 10777 7 3 28579 928 628 5
17 1396 30864 31 103415 21 177858 4 114 11856 58508 56012 5
187 31 114180 30864 35 22190 970 33 25 9419 249 35 57 25 290 9796 12911 33 7146 76 32 16084 38105 177858 10 9419 341 5
17 4336 9965 6 3 221 7 22190 954 10 3 992 5
59434 459 16 3 40937 9419 7 3 992 5
187 16 556 16069 148 3 30864 7 9419 341 8 9419 459 5
17 221 7 30864 10 9419 459 35 103415 21 33 16 2118 24 3 221 7 22190 954 10 3 992 5
214 16 4 3082 5
17 16408 7 290 7 3 9419 459 30864 16 6 3030 40937 7 3 4471 2362 7 3 22190 1396 23 2464 5
36743 4 3 66413 7 3 1396 16 2828 22 9419 503 7 3 992 5
1249 3 992 31875 3 474204 22190 1506 4 3 7 3 954 31 7410 7 3 29132 5
931 7410 31 103415 21 35979 4 114 15441 58508 56012 5
17 4336 9965 6 3 221 7 3354 7410 10 9419 503 8 16 369 2118 24 3 221 7 22190 954 5
16816 4 3082 5
3194 3354 4859 35979 142 26 11737 21 446326 35 12018 33 53 35 12018 33 114 24917 16 3 211736 28579 9796 6 3 992 8 16 3 197 7 521 1051 5
71674 7 3 992 98586 10548 5
71674 7 3 992 5
1249 290 1396 51 49075 32 48044 3354 35 11868 14 33 543 15 3 9796 1922 6219 3082 1356 83518 4 4 24917 4 4 1362 3116 4 3 380 992 3354 16 3 51375 7 70 3 43420 48044 55906 5
16816 4 3 4859 7 3 73 9419 35 9419 500 33 16 6 10030 70 3 48044 55906 7 3 954 137 60816 8 6274 3 43420 871 21 3 992 3354 5
145 3354 16 103415 21 249164 1498 3 928 4165 7 3 992 4 3 28579 928 628 197 2567 14484 7 3 13228 9906 35 6219 35 9421 33 4 12662 35 9421 33 33 35 114 9421 58508 536563 56012 8 3280 68806 3 221 7 928 9584 33 16 5543 76 3 992 25 3 9796 8 3354 10746 5
17 19393 7 3 992 71 26 6229 14549 883 538 3 2366 66590 10529 543 119 71966 31660 35 4 38135 4 323 1320 4 5981 33 49 3 5373 2854 31660 1273 24 36277 12283 3462 5
35 2773 33 5
473 4249 6 194896 5
17299 249 7 3 474204 42101 16 27368 2828 24 3 9796 30864 7 3 992 5
17 9796 30864 38779 21 62472 6 3 42101 650 5
17 4859 7 9419 249 30864 7 3 992 16 10793 24717 6 1092 341 7 3 42101 650 5
17 4333 2770 7 3 28579 29132 19 2201 6 3 22190 2757 31 43420 5
59434 341 7 3 992 34427 1092 459 7 3 42101 650 114 3 4471 11414 7 3 22190 954 31 2118 5
17299 503 7 3 474204 42101 650 16 2828 24 3 30864 10 9419 459 8 9419 503 7 3 992 5
59434 459 30864 49075 3 48871 22190 1396 11414 125 9419 503 25885 3 48044 3354 5
59434 500 7 3 992 6229 45163 3 48044 55906 6 26136 3 1272 11868 3354 21 4216 24 1092 500 7 3 474204 42101 650 5
16 9 22190 42101 284 6227 10 3 6684 7 32 33855 992 4 114 3 4333 19393 31 5998 14549 5
17 22190 42101 284 71 26 4209 10 67 1225 4 883 24 67818 49 14510 67818 5
382241 16 9 916 7 32601 2854 4 114 4000 628 16 29371 76 307 18679 13 31 2442 6 523 5897 5
6832 46 5018 6 3855 3 22190 42101 284 16 488 6 1128 3 16117 7 551954 8 71 2093 3855 3 22190 42101 284 276 3 236 6 10807 3 4333 7410 5
17 24220 7 3 4333 19393 36 26 617 2151 12391 2854 7 3 9906 13 31 392 6 3 284 21 928 628 5
145 6655 9 5373 2854 31660 13 189 3 119 71966 5018 8 3 248 20085 2882 6 1297 3 2854 773 5
9508 8 24656 81 46 1381 4 16 220 21 3 4859 6 4764 3 66590 6 3 161 244402 397 5
12487 4 9 22190 42101 284 16 4209 2151 67818 5
36743 4 43 7380 24220 137 928 7 3 992 5
332319 2854 36 26 153 26 3677 6 2258 3 30392 9796 15209 8 23348 7 1951 24 12752 3 992 15121 3 23348 7 1951 16 9 96734 14 67818 7 3 22190 42101 284 5
2330 10104 16 9 565 114 3 992 16 3559 8 12354 538 825 628 5
145 16 477 463 6 1574 628 49 463 6 983 65 3 25017 628 16 252360 825 6 3 928 628 5
81 192 745 4 23 16 34 13631 6 27 577 202 4007 19372 15 3 25017 628 4 47 16 10072 4475 5
17 1506 3467 36 26 12340 8 142 6229 3030 3141 538 61 7 5907 628 5
81 46 1381 4 11856 13091 2858 25017 36 26 2262 8 4723 10 46 6684 5
17 271 628 36 26 2714 76 9273 1172 4 19 9273 115998 249 1172 21 3 928 197 8 249 176 21 3 2279 197 5
145 25017 16 153 5913 9273 400 4 464 61 70 523 1172 5
17 1653 7 46 1264 16 13 70 3 271 628 27 3 808 6 26 3559 8 12354 4 995 3 1359 3768 1595 10 446326 35 10873 33 7 3 1506 35 10548 33 114 9424 16 3 221 7 55906 2655 4 16 3 2655 3354 8 348130 16 3 230 3354 35 10873 33 114 9273 16 3 221 7 31080 8 11856 16 3 1291 7 290 13091 5
527 3 1359 3768 16 477 9482 6 8487 3 773 7 3 1506 8 4 3 17521 21 1595 10 446326 35 60436 33 4 16 477 220 6 13759 3 14 61715 7 3 773 5
81 678 6 5357 46 1415 10 11856 13091 2858 25017 4 446326 35 60436 33 27 6 26 3353 6 446326 35 11088 33 35 11088 33 114 14937 16 3 1506 220 4 9273 16 3 221 7 31080 220 4 11348 16 3 230 871 8 16 3 2655 871 5
8616 4 9 773 1415 11700 192 67 1170 16 1273 10 46 542 5
145 16 12859 10 446326 35 6769 33 35 6769 33 114 14937 16 3 1506 220 8 16 3 1153 17521 85612 5
17 24220 7 3 67 19393 36 26 617 8255 6 2258 3 1506 13 6819 3 1391 5157 47 16 1867 10 446326 35 6769 33 5
435 3 30392 19393 31 170 4 3 1519 271 628 197 36 26 220 6 1649 3 992 4 5
98586 10873 842 3 3154 6027 7 3 2854 650 14 3 928 8 8557 7 5
17 244402 397 20035 16 9 3109 7 189 3 19573 8 3330 85761 47 31 1867 10 5
35 62653 33 8 35 61364 33 5
473 3 1658 244402 266 25 3 244402 397 20035 4 3 244402 397 141905 14533 36 153 1835 91 14031 9 19573 6 3330 4 3330 6 19573 9149 5
25148 7 98586 10873 5
25148 7 5
17 14549 4165 36 153 26 6 3855 3 928 197 5
17 1746 7 3 10900 1506 6655 3 271 108170 7 3 14549 4165 21 29132 5
931 271 108170 31 41996 28668 8 71 26 40916 27394 21 1595 10 446326 35 11125 33 35 11125 33 114 14937 16 3 221 7 9796 17020 8 9575 16 3 498 168 5
349 3 83 881 4 19 3 244402 266 1658 10 3 244402 397 20035 4 3 161 7716 244402 397 71 26 2118 5
17 66590 25 3 498 168 6 3 161 244402 397 71 26 40916 27394 21 10 446326 35 11125 33 8 36 26 220 21 3 230 3354 628 4 196 446326 35 11543 33 35 11543 33 114 3116 58508 244402 82915 56012 5
435 3 628 16 9490 4 23 36 26 2714 76 108 1172 4 928 4 6457 8 2279 628 5
36 132 231 7 3 928 628 6 7322 3 4333 19393 5
36 153 26 12354 34128 35126 2854 8 3 5157 21 1867 10 446326 35 6769 33 36 26 9464 6 3 6684 5
17 19393 14 3 104 13257 1506 36 153 26 6212 19 2201 6 3 164 7 3 869 5
5583 4 46 1506 36 153 26 3559 19 5180 202 7 3 271 628 8 3 1652 500 202 7 3 628 16 220 14 25017 5
53 9345 17721 2904 628 25 218 291 4 13563 4 3378 4 903 3713 4 19928 4 20110 8 7071 31 220 6 3855 40 12104 25 5981 6 3578 5
931 12104 31 153 220 21 3 928 628 10 3 508 8365 5
17 221 7 31080 4 9273 4 220 14 11856 13091 2858 25017 10 3 6684 16 197 21 503 5
34910 4 3 221 7 928 6281 14 70 3 2520 16 1410 5
15060 4631 538 11856 13091 2858 25017 81 46 5867 4 67 186564 22190 2520 4 37515 109982 133951 80440 196615 5898 35 33 35 323 10558 4 1422 33 8 36387 197 543 377646 11307 1247 35 33 35 35350 323 195912 4 502 33 31 103139 111 5
8 31 543 15 67 523 22190 2520 109 13563 53 8 3995 5
27 333 10900 7453 21 677 6 35 36277 12283 32330 4 2773 33 8 29 333 58 2125 1506 5
59605 19393 14 31 197 8 36 26 538 108 7005 14 3 22190 42101 284 5
20498 12018 842 3 1153 1359 3768 4 17521 85612 8 3 1273 773 1415 5
29 3 8855 1153 1359 3768 8 1391 1153 17521 5
527 4 2016 3 1734 267 10 3 1359 3768 1415 4 114 3 2029 44398 16 351 76 5139 4 23 16 6453 13 19 179 9796 17020 29 3 282 773 5
349 3 83 881 4 29 3 1391 1153 17521 5
527 4 92 3 1308 773 1415 16 1109 4 23 71 26 6453 13 16 488 6 5562 2769 3 1391 17521 6 1359 3768 5514 5
8616 4 3 1273 6684 16 488 6 25450 3 773 7 3 992 137 35126 5
20498 12018 5
6077 773 1170 5
15060 84181 16055 5
8664 3768 186293 6077 773 29139 402280 5
44398 29139 402280 5
44398 503 500 503 500 72312 6769 5
53139 8557 81 46 100561 4 20260 4482 16 543 15 3 67 523 773 1170 8 3 380 1506 36 153 26 12354 19 3 1519 100402 5
17 67 523 773 1170 31 3 1273 773 1415 21 1867 10 446326 35 6769 33 5157 8 446326 35 10873 33 1359 3768 9 4859 7 5
17 6905 7 46 5867 16 6 2258 3 969 7 3 1273 773 1415 35 51229 33 5
1655 194896 5
145 16 12859 10 3 2573 352 15121 3 10900 4 538 3 1273 773 1415 35 51229 33 4 340 34 3855 528 49766 5
2758 12642 31 23975 10 1087 2333 5
53139 543 15 1359 3768 35 446326 98586 11088 5
53139 543 15 1359 3768 35 446326 35 10873 33 33 21 5157 5
53139 543 15 1273 773 1415 35 51229 33 35 446326 98586 6769 5
53139 543 15 1273 773 1415 35 51229 33 35 446326 35 6769 33 33 21 5157 5
40484 7 244402 642 949 377 4 87 16 9 10900 6 3 161 244402 397 44 57 16 149 2051 6 2705 32 244402 397 5
81 46 2124 80 8270 28669 3 7379 40916 5
1655 446326 35 11543 33 4 23 71 26 6453 13 21 3 4165 6599 3 244402 266 4 3 871 14 36 26 177 408 6 5
145 14359 13 36 1217 401 6 4568 65 3 498 168 16 401 6 3 244402 397 5
659 259 289 23 16 9 19573 49 3330 4 3 951 284 738 6 259 3 271 2826 5
134 71 40916 28669 3 271 2826 10 446326 35 11544 33 35 11544 33 114 9575 16 3 498 168 8 6219 16 9 96734 871 13 16 170 2151 35126 2854 5
473 3 271 2826 8 3 2655 66590 25 4 3 244402 397 71 26 1658 2151 5
35 12336 33 8 35 56060 33 35 12336 33 35 56060 33 6832 446326 58603 4 5
35 12336 33 8 35 56060 33 71 26 3353 21 5
35 62589 33 8 35 69893 33 35 58603 33 114 107928 8 42112 31 19393 13 31 1658 2151 35126 2854 35 62589 33 35 69893 33 17 96734 4 42112 10 446326 35 58603 33 3730 61 3 642 114 9 871 36 26 5100 21 32 244402 397 5
17 83 96734 4 107928 16 9 532004 2916 6 1128 3 16667 1102 7 3 14549 4165 5
37642 5157 35126 2854 16 1036 10 292858 8 195912 35 744 33 6 26 48 3206 10 2333 4 114 3 231 7 16364 8294 16 57167 5
2904 951 16 57 133 2673 114 3 1234 16 241370 5
81 1243 6 46 4 3235 5157 35126 2854 39 1595 7156 773 10 1913 19547 2104 276 110 22275 24 147174 2506 35 292858 323 195912 4 744 33 5
82399 24648 14 3235 5157 35126 2854 81 46 100561 4 42584 14 35126 2854 36 26 5607 6 5507 3 3235 5157 35126 2854 24204 5
17 5157 4859 4 52879 4 16 5607 21 1595 10 446326 35 13000 33 35 13000 33 114 16 3 4911 489 5
6832 446326 35 13000 33 4 5
35 10314 33 4 35 9525 33 8 35 49869 33 31 3353 21 12099 4 12604 8 12116 3995 5
1716 534 503100 4 35 12099 33 114 16 3 8265 4859 14 3 534 503100 4 16 3 4911 489 4 9 16 32 652 4 16 3 13300 25 2106 6 8 16 3 426 5157 5
1716 534 503100 4 35 12604 33 114 16 3 8265 4859 14 3 534 503100 4 16 3 4911 489 4 16 9 164 13 9317 6 3 197 7 684 4 16 3 13300 25 2106 6 8 16 3 426 5157 5
1716 19547 534 4 35 12116 33 114 16 3 4911 489 4 16 3 161 164 4 9 16 3 652 351 4 16 3 13300 25 2106 6 8 16 3 426 5157 5
12586 6 774 17 1273 2854 36 26 523 25 7907 323 2106 35 1278 33 10 970 7 4102 8 5533 5
195248 4 3 2204 36 1849 6 774 22 785 684 35 51561 49 12768 33 543 15 2755 484 1945 6 128 785 272 2696 5
81 970 7 5533 4 3 2204 36 1849 6 774 10 9 871 543 1217 5
145 2204 36 26 18549 21 34411 5157 951 2204 35 3 2204 33 6229 5
17 14245 2204 36 7380 32 203358 2854 1986 2543 6 2755 774 5
659 1849 65 6 736 4 3 1423 168 16 74 3601 22 3 12768 7 290 4165 5
17 2204 36 153 13977 3 164 7 3 498 168 47 9935 7 108 9490 5937 109 43 31 43420 25 3 3851 484 628 5
931 31 40916 27394 10 5
35 8566 33 8 35 12679 33 35 8566 33 114 3116 58508 306 4 1551 4 1818 56012 5
17 4424 20587 4 58508 306 4 1551 4 1818 56012 4 31 16084 2770 6 3001 3 271 814 4 6127 8 241 1043 2826 5
238 3 66590 16 9 11065 871 4 23 36 26 9968 6 3 8668 33770 871 5
1249 3 164 16 3380 24 108 5937 4 23 71 26 1867 21 10 446326 35 12679 33 35 12679 33 473 2505 7 3 498 164 4 3 2204 36 736 15 13 168 8 1005 22 3 161 3330 5
17 2204 36 153 8612 30 652 24 538 3 532004 1234 35 7907 323 4 1278 33 21 9 916 7 5157 5
17 5157 24656 16 1595 10 5
35 11940 33 8 35 13387 33 35 11940 33 114 357702 16 3 498 3095 8 88066 16 3 2007 3095 5
17 3095 7 3 951 284 16 27394 10 446326 35 13387 33 35 13387 33 114 357702 16 3 498 3095 4 88066 16 3 2007 3095 8 114 16 3 2007 484 4 16 3 498 484 7 3 2375 8 16 3 4660 489 5
81 446326 35 13387 33 4 3 4660 489 16 3601 22 5853 202 4 6 24457 21 3 8974 627 8 48647 3510 1941 5
435 3 5157 16 392 4 3 2204 36 4219 30 791 538 446326 35 9073 33 5
145 794 8 3768 2854 36 595 285 87 16 93 48 3330 14 3 2204 6 1849 6 736 5
145 650 16 1954 3 216 10 2854 6 1005 4 2936 13 3 19573 16 220 14 3 1727 8 3 1423 36 26 617 15 329 168 285 87 16 93 48 3330 203 5
29507 363 650 1498 951 4 3 2204 36 9239 30 791 6 1865 15 3 951 5300 5
17 2204 36 1186 6 13977 3 498 164 538 446326 35 12679 33 8 36 1865 15 50 1945 5
7187 6 421 363 4 5
145 13652 36 852 3 2204 6 159 3 426 2770 2221 5
1716 534 503100 4 35 14828 33 114 9 16 32 652 13 9317 6 3 197 7 1945 4 16 3 13300 25 2106 6 8 16 3 426 5157 5
1716 534 503100 4 35 80442 33 114 16 9 164 13 9317 6 3 197 7 684 4 16 3 13300 25 2106 6 8 16 3 426 5157 5
1716 19547 534 4 35 91963 33 114 16 3 161 164 4 9 16 3 652 351 4 16 3 13300 25 2106 6 8 16 3 426 5157 5
81 3 421 363 650 4 3 2204 36 6786 3 498 164 871 8 3 426 871 5
17 426 871 71 26 43420 538 446326 35 91963 33 19 3 221 7 436 588 684 197 21 500 5
208 3 426 871 16 798 58 3 498 164 871 4 153 3 2204 36 1865 6 736 4 21 87 16 93 83 222 13 29 333 1251 83 58 3 498 168 5
349 3 83 881 4 92 3 4435 8887 4 3 2204 36 1865 6 817 5
527 46 532 16 149 7722 10 90 745 5
12097 3 267 114 3 2204 7318 9 164 13 29 9 5157 7 500 202 8 23 16 568 58 3 426 871 4 153 144 28 736 88
17173 3 644 13 3 1273 5224 2217 16 9 241 1043 5224 4 23 36 26 333 92 3 230 5157 16 272 385 5
931 5964 6680 71 26 40916 27394 21 1595 10 446326 35 80188 33 35 80188 33 114 9575 16 3 498 89 8 16 3 230 426 871 8 12662 16 3 230 5157 13 16 1658 2151 80191 5
349 3 83 881 4 3 2204 36 1865 6 1005 543 15 3 498 1234 5
1301 3 2204 36 128 3 230 426 871 24 538 446326 35 91963 33 5
208 3 498 5157 16 568 58 3 426 871 4 3 2204 36 1865 6 1005 4 121 3 498 5157 16 568 58 120 230 426 8294 5
145 19547 5964 89 16 27394 10 446326 35 89012 33 35 89012 33 114 9575 16 3 498 89 8 16 3 230 426 871 5
98586 13000 842 3 1746 7 3 951 284 5
66 9286 7 108 19266 4 4165 51301 4 8 3 951 2204 13 31 4209 10 58486 3995 5
17 4165 51301 4 10 8941 459 4 16 220 6 3855 3 4165 628 5
145 3354 628 16 153 220 24 4 10 8941 503 4 6 4764 3 161 244402 397 7 3 4165 5
17 10900 16 4723 24 3 951 2204 35 8941 500 33 21 32 9008 13 3 869 4946 16 107 496 3 244402 642 5
17 2204 36 153 9239 50 951 791 6 1865 15 3 951 652 5
473 3 951 421 4 3 3414 36 26 3353 19 3 84 7541 8 455 5
9508 7 3 951 284 98586 13000 5
9508 7 3 951 284 5
33962 17721 3546 1989 4 441 85 7 586 4 25 523 3609 31 14027 3467 25 3 178 200 4 14 951 20260 8 2376 5
931 1989 31 109 13563 53 3378 35 3956 33 4 903 3713 35 13976 33 4 20110 35 7935 33 4 7071 35 3735 3954 33 8 19928 35 17650 10924 33 5
999 13896 25 523 3609 4 3 869 628 36 26 1695 126851 25 57 184 8 3847 36 852 3 1273 951 284 6 4056 905 2093 5
20498 13000 842 3 17521 148 3 1570 1989 5
20498 13000 5
186293 5514 7 1989 5
186293 7071 19928 3378 20110 903 3713 7071 156763 19928 156763 3378 156763 230752 20110 230752 156763 903 3713 156763 81 3 508 8365 4 3851 628 25 290 869 25 5981 6 3578 18 5543 6 3 4165 1913 14533 6 2258 3 12104 7 290 869 5
931 12104 42 153 220 6 1649 3 244402 397 34141 4 35 196 8941 503 33 8 3 34411 5157 951 2204 5
332319 2854 16 153 220 6 7322 3 19393 10 3 951 284 35 196 8941 500 33 5
17 29182 8093 9 566 7 698 85 4 1204 25 13199 750 3578 6 11794 750 502 5
17 951 284 36 353 123 19 32 2007 455 7 178 56 2593 8 290 1727 49 1423 36 19712 9 4660 470 7 5853 202 5
33962 522 20498 12099 842 3 951 773 14 951 290 1570 869 5
66 842 13 3 951 284 16 488 6 2769 32 596 7 5180 202 1027 7793 14 3 218 18303 5
66 71 26 6453 13 3 596 2755 462 72 9 64 16 180 484863 202 543 15 3 1382 566 5
208 23 16 543 15 3 20260 566 7 698 85 4 153 3 596 13037 462 16 180 123116 202 5
145 2376 842 13 3 951 773 16 34 30512 483 5
659 25450 23 4 3 1767 566 35 3330 6 19573 33 383 26 1842 5
10526 4 24 15826 3 596 462 8 596 7793 4 23 71 26 6453 13 14 329 774 4 3 3469 71 1100 180 202 35 202 33 462 5
20498 12099 5
8061 773 14 290 869 5
933 23495 35 202 33 458115 7793 35 202 33 720 5
7 7793 5640 1382 566 10 64 23495 35 202 147 1382 64 33 7071 233646 503 72882 360833 19928 130215 503 89723 201366 3378 130215 459 42929 475381 20110 130215 708 70273 335157 903 3713 130215 708 97440 179437 9897 316408 11125 80182 484863 5
8061 1534 15 7071 81 46 2124 4 3 951 1534 7 57 7 3 1989 4 7071 16 110 4964 5
98586 12099 842 3 951 1534 15 3 4444 53 7071 5
17 96734 9830 16 3 2157 484 7 3 869 4 8061 32225 16 3 951 3905 35 799 6 272 69 6117 736 109 272 6 799 69 6117 1005 33 8 31256 16 3 4165 110 4209 21 962 10 8941 459 5
20498 12604 842 3 3297 951 1534 5
17379 4 25 98586 12099 4 23 71 26 6453 13 3 951 16 617 401 3 244402 266 7 3 4209 4165 8 459 61 7 503 7793 31 5796 5
349 454 2376 7 3 1373 774 4 23 71 26 6453 13 3 951 637 16 460 22946 677 6 3 1763 115 8 104 8447 4 3 284 16 149 951 10 3 244402 642 5
1655 98586 12099 8 20498 12604 4 23 71 26 6453 13 104 7 3 698 85 16 220 6 2024 14 9 84 1727 1251 5
81 8941 4 3 951 284 36 19491 70 3 218 1989 14 951 4 4232 6 14391 3 221 7 1727 2322 8 3847 2790 3 1767 566 5
8061 1945 15 7071 98586 12099 5
8061 1945 15 7071 5
20498 12604 5
8061 1715 15 7071 5
21674 1398 4985 1398 21674 888 4985 888 23495 35 202 33 11596 566 35 222 33 21668 985 142 8708 56 700 191588 9579 56 447720 133193 11810 56 1227 87817 9330 56 524701 503 142 6709 56 42350 56 341 82081 6709 56 547746 700 184690 13633 56 523004 64273 56 409 66578 13633 56 481389 700 140792 14178 56 405755 240000 27213 56 800 57961 10669 56 70881 70881 70881 70881 70881 5640 1234 56 5640 1234 202 5
13385 4482 17 462 25 290 1570 869 16 677 111 3 869 200 35 21 24 3 200 16705 33 2696 21 166 21 3 1570 869 462 4 196 20498 12116 5
145 1708 32 1783 8557 7 3 773 7 3 1273 241 1043 951 5018 5
20498 12116 842 3 462 7 67 200 16705 35 2588 1053 5458 8 3 2567 323 3280 1317 1291 33 8 3 218 1989 360 14 3 566 25 3578 6 502 5
41221 3 2696 25 3 16705 19 20498 12099 4 23 71 26 6453 13 3 596 676 462 7 951 9 837 869 16 142033 202 8692 58 3 2567 323 3280 5458 8 307555 202 8692 58 2588 1053 5458 5
527 4 24 9901 3 13037 462 7 3 16705 19 3 2696 147 1382 64 10 20498 12099 4 23 71 26 6453 13 3 1273 5224 2217 16 3682 7 2878 3 200 24 22 248 180 259836 202 5
81 1243 6 3 2376 996 4 24 15826 3 951 773 7 9 117898 1264 14 3 1519 951 566 4 23 71 26 6453 13 3 230 13037 462 7 951 9 869 538 46 1264 16 202 5
17 1391 462 16 25 7071 4 441 9 676 7 467947 202 5
527 7759 9 467947 202 462 54 9 25259 566 16 34 964 21 23 14359 97 9 39284 202 13037 462 97 5
41221 192 522 19 20498 12099 4 23 16 3229 13 3 1273 951 284 16 488 6 13720 12433 4736 8 3968 3 9869 785 5
20498 12116 5
36488 15 2588 1053 5458 8 2567 323 3280 1317 5458 5
13385 17624 35 202 33 118816 462 35 202 33 2567 323 3280 35 33 200962 2588 1053 35 33 118145 7071 467947 39284 19928 3378 20110 150676 38148 903 3713 5
8061 19 7039 3273 8748 1264 81 8941 708 4 3 951 284 16 3637 538 97 57 869 8 12146 4 16 2051 6 3245 3250 3 2755 773 7 3 1273 951 1264 8 284 5
81 46 2124 4 7039 3273 8748 1264 16 220 6 4056 683 905 6 184 869 21 831 21 87 16 9 1727 1251 35 19573 33 5
999 682 95 4 3 1519 698 85 7 951 566 36 26 333 30512 21 87 31 48 951 2322 5
20498 8566 842 3 951 410 14 70 3 951 617 14 46 25259 566 19 192 218 1989 5
3194 1843 842 3 484 8 168 7 774 14 3 869 4 671 19 3 532004 3095 8 3 1382 566 14 13 1654 683 5
20498 8566 5
8061 773 19 7039 3273 13324 1264 5
933 1503 1398 4985 1398 1503 888 4985 888 21668 11596 566 35 222 33 903 3713 249 56 274434 70445 56 460792 56 53527 20110 41130 56 233646 68177 56 275146 56 7296 20110 89934 56 222213 37213 56 299492 56 25319 19928 74177 56 264387 165540 56 56 13143 19928 206565 56 248201 52493 56 56 49334 3378 9615 56 391692 56 473333 56 44822 20110 413526 56 292545 56 204677 56 63065 5640 1234 56 5640 1234 202 41221 3 522 148 65588 8566 8 12099 4 3 676 2156 1234 29 853 25 32 230 462 7 25323 202 6 11078 202 4 47 16 180 1551 202 76783 5
66 71 26 6453 13 70 3 7793 31 5796 7793 5
66 16 3229 13 3 3070 10 3 951 773 16 463 6 3 2807 10 3 1767 89 35 3330 6 19573 33 24 7623 7039 3273 13324 5
145 2228 3 951 284 6 61817 2705 48 951 2322 496 3 698 85 5
41221 46 951 773 19 3 200 462 4 23 16 3229 13 3 1273 951 284 29 25282 22308 91 24 180 575 202 5
659 117 4 2911 2376 16 9 4321 8 5796 4462 10 951 8 683 1866 5
53514 15 3 4860 7 2911 2376 4 129 542 12966 9 14510 37236 951 284 13 16 1148 25 32 30512 65179 186564 22190 196615 5898 4 35 33 8 26620 24 35126 2854 5
332319 2854 16 220 6 54751 32 11356 650 14 9409 869 12104 24 24220 3 4050 8 3 596 4736 5
17 2007 9345 522 543 15 218 178 1989 31 3982 5
349 596 4 3 676 2696 25 3 218 1989 31 488 6 1041 3 200 24 52 575 2156 266 5
24980 4 48 10190 34130 2279 4 454 66249 7 3 1506 10 7995 3 337 10 4695 31 1272 14 3 1273 951 284 6 26 48 5314 8 5944 5
238 32 4159 7 3 1506 4 454 726 162 51 59 26 10605 14 3414 11975 25 9 392 2844 7 1989 5