145 542 16 1900 19 7732 32542 992 35 49894 33 8 22190 2516 284 35 158175 33 23955 7 9 3599 2869 6 4764 2869 326 4 26072 4 2190 1096 3568 8 33609 12469 5
81 46 542 4 9345 628 4 47 42 3455 25 9345 2062 10 9 6232 1566 4 27 45 220 5
6832 90 7 3 9345 628 14 928 8 2279 32 49894 14 3 2869 18 1589 5
1949 3 158175 29 45 1589 8 5054 5
81 46 1443 3354 19393 326 4 26072 4 2190 1096 3568 8 33609 12469 27 45 2118 538 9796 19393 10446 17105 986 2379 8 2869 1952 5
355 9345 628 8 522 3455 25 49894 8 158175 42 677 24 9575 960 10 90457 8 56018 2376 10 370952 4 23 18 2118 13 189 600 7 628 31 4547 19 290 83 14 9421 6117 27063 1493 12634 8 3272 42 17281 34 964 5
238 9 665 4 23 29 45 1595 13 1589 49894 8 158175 71 26 220 19664 10 7493 386 8 3685 1016 7 9345 162 5
24859 1665 31 110 617 24 7493 3474 8 1296 14 3 3899 7 9409 2869 773 2770 4 1699 850 1896 7 2869 13613 4830 2869 773 8 9409 10887 13 31 811 52 65 2155 6846 31 220 5
238 3 522 7 3 8365 35 202544 33 8 42211 13 198 15 1116 7 85 15 3 2869 4 334 7204 27 45 2236 5
1329 97 192 8365 31 1908 4 89 12725 8 5326 44 59 899 2366 912 14 746 244 4 1566 4550 8 5725 674 35 4 911 33 5
36492 31 220 10 9 1773 2726 7 3547 10 7493 1031 133 21 35972 1606 8 12430 7 1276 4 9863 272 773 4 5314 8 1460 699 25 1276 5
49474 1442 35 43826 33 1443 31 1940 2404 21 9 718 1365 32 2155 152 6 2703 1812 8 64194 544 5
17 9573 7 7732 32542 2642 35 49894 33 4 4624 31660 35 37566 33 8 22190 8783 35 26244 33 31 1723 9 4430 152 19 3 9573 7 3149 5
66 16 537 6 2821 33192 10 3 857 7 6013 7 3 10777 7 2869 773 8 12469 114 192 3333 31 1812 8 5344 19 32 1442 284 1254 24 4530 7 32 2516 35 323 44086 4 3578 109 304491 4 3578 109 4 4 323 515477 4 359 109 102218 4 4 4 4 323 4 359 109 4 4 4 323 4 911 109 4 4 4 323 4 359 33 5
81 3 9345 2062 4 90 7 3 1219 266 7 3 284 27 45 4729 5
273 46 2125 7 162 4 1149 8 856 1593 31 666 5
66 59 2818 215 146 89 8 272 470 5
439493 8 87296 27 45 220 6 4855 108140 8 1812 544 13 31 34 1954 18213 40916 5
439493 8 87296 5199 3 9705 7 3 8176 6599 24 25418 3 13228 317 538 3 9796 628 5
54522 49894 6 9 284 738 4783 9796 8 3354 628 1016 7 9 17315 14392 5
10526 4 23 71 14448 146685 14 84 628 154 3 1315 4 3847 23 71 8744 6 893 10 3 284 5
1949 4 439493 71 26 220 6 293 19 3 544 19 13746 8 50867 9796 628 5
79 166 3559 49894 71 26 220 21 9 31392 1506 14 9 2190 2673 5
23838 4 439493 8 87296 71 26 3677 6 544 13 112 34 27 75785 2506 49 75785 2506 13 31 215 1812 6 26 170 5
659 4417 46 565 4 192 1443 231 3 5036 6 4498 3 2520 7 133 1443 5
1700 1175 6 1849 24 946 754 439493 177 6633 8 1509 5
12502 4 192 1443 27 45 39431 220 14 12538 56018 8 19372 544 10 117 3547 5
439493 8 158175 31 220 6 4855 9 1773 2726 7 544 10 1897 8 3685 4 982 14 90 692 114 3 4759 23955 4309 3303 5
10087 4 192 1443 27 45 1940 220 10 3 692 13 1871 46333 4538 4 133 21 5195 4355 4 29280 4 10900 4 3570 4 326 1443 4 27708 4 2484 4 16171 2163 4355 4 7678 8599 4 565 19372 4 3685 3547 4 8 12089 35 4 4 4 323 4 911 109 182189 4 4 4 323 540807 4 274 109 182189 4 4 4 4 323 540807 35 274 33 109 4 4 4 4 323 4 359 109 4 1095 33 5
187 27 45 117 4107 19 49894 8 158175 5
520 31 4241 3915 1298 5
25298 2869 532 1746 35 44866 4 4 4 323 4 1515 33 4 32 2376 14 1102 7 221 15 16731 1632 25 2869 35 4 4 29929 4 323 4 1422 33 4 773 9013 7 9 6424 2869 35 323 4 744 33 4 2869 27708 7 3961 8 92872 12469 35 249346 4 911 33 4 34520 7 7493 120396 538 38317 35 18515 323 7894 4 744 33 4 22190 6708 8 1987 284 14 27708 7 1632 8 1096 3568 35 4 4 105862 4 323 99960 4 744 33 4 2376 7 32 11462 818 13221 284 35 323 4 502 33 4 4942 6708 10 9 20046 35 12825 4 6794 4 323 37179 4 359 33 4 49894 1217 15 11462 4946 35 8 4 359 33 4 9 2289 390 54575 4848 19 3 32542 2642 1506 35 4 82202 4 323 4 359 33 4 2869 4942 6708 35 12825 323 7914 4 359 33 4 17315 8 9345 2376 7 8372 29035 2869 773 220 429858 9912 1096 35 12283 32330 4 359 33 4 773 8 16731 1632 7 9 3599 2869 35 102218 12283 32330 4 359 33 4 9 22190 8783 1217 6 1877 536 3568 337 10 9 2484 284 35 39524 4 24087 4 1604 4 323 14721 4 274 33 4 31 90 6200 87 49894 16 220 5
17 3644 7 46 1181 1900 8118 19 49894 8 158175 23955 7 9 3599 2869 6 4764 2869 326 4 2869 26072 4 2190 1096 3568 4 8 33609 12469 7 3 2869 5
659 5603 628 14 928 8 2279 3 1273 49894 8 158175 9 215250 4 66412 960 2869 18 2828 19 3599 441 1678 17105 4424 7 2869 35 4 4 8 33 4 8 4769 22 523 2869 7434 35 22585 4 23061 4 19786 4 19485 4 1515 4 25158 4 75829 4 75646 4 109741 4 26366 4 63516 4 125608 65914 33 8 556 6885 5
81 3 23955 4 9345 628 4 47 42 3455 25 9345 2062 10 9 6232 1566 4 27 45 220 5
17 9345 542 18 2173 15 9 837 25994 4 66412 8372 29035 2869 226 21 24478 8 39758 25753 774 1932 5
17 614 20297 7 3 2869 31 1595 10 20498 249 5
20498 249 5
903 20297 7 3 960 2869 5
29375 173219 3671 1932 24478 8 39758 25753 133412 35 64142 33 26598 64142 163456 10496 98236 4326 4636 98236 575 26741 11292 7 25994 249 88896 498704 2979 130828 17105 986 35 103 260 896 1055 33 13284 49216 17105 2157 35 54 2245 896 1055 33 13284 167501 17105 986 35 103 2245 896 1055 33 13284 167501 17105 2157 35 54 260 896 1055 33 13284 79 152776 2015 5842 411884 8 3454 22585 16731 727 81035 42 220 14 3 1665 5
17 81495 1069 7 3 960 120396 16 1595 10 98586 249 5
312374 1069 7 3 960 120396 98586 249 5
312374 1069 7 3 960 120396 5
1210 6 3 1494 17105 4424 7 3 2869 4 10446 17105 4424 29 45 1406 25 161777 10620 35 13284 33 2379 6 13284 2379 14 459 68511 871 22 13284 20587 5
79 856 158747 29 45 1601 14 3 8365 8 45523 10809 27 34 45 1406 5
61648 27 45 2828 22 583 523 2869 7434 4 25 22585 65914 6 125608 65914 22 1410 65914 20587 22 1773 526 21422 35 363251 33 5
81 46 542 4 3 628 35 323 19137 4 2804 33 3455 25 8365 15 24478 8 39758 25753 774 1932 837 25994 4 26598 64142 4532 3583 4 66412 4 8372 29035 2869 16 220 35 4 911 33 5
17 1033 14 6098 46 2869 16 6 27 3 1175 7 9901 628 3455 25 164751 8 5867 13 42 1321 617 15 46 2869 8 2236 6 3 6854 5
49894 16 9 1650 8690 5146 317 5447 284 13 29 1087 773 10777 19073 7207 32542 2642 7 3 746 2032 5
49894 29 45 1589 21 9 83538 7 17315 2520 7 746 47086 8 32542 11457 5
622 49894 1506 71 7933 2489 9796 23394 6 4764 2489 3354 23394 5
17 558 628 197 16 75644 76 67 1172 4 57 12510 6 928 8 3 83 12510 6 25017 7 3 1506 5
17 3644 7 928 16 6 2258 3 197 7 2205 17509 8 208881 34082 13 899 3 49894 6 2882 55906 13 31 10581 408 6 1341 2770 5
145 7468 7 3 1332 628 6 26 4723 14 928 144 3576 4783 5897 95 13 3 992 71 18465 3 4919 1322 148 9796 8 3354 23394 11435 35 282134 323 94812 4 744 109 182189 12283 32330 4 274 109 56743 323 414188 4 744 33 5
158 71 1849 25 6200 4 31 4942 19637 10 3 1065 13 43 31 488 6 3383 13703 8 13746 628 4 31 488 6 293 19 103860 544 4 8 480 3559 71 3030 10900 8 83538 22 272 1952 5
17 10900 24 9 41594 49894 16 3615 146 3254 58 3 4759 20260 1190 49 17315 2520 21 93 5951 140746 11129 31 666 6 4855 26914 42584 538 28579 4309 35 12283 32330 4 359 33 5
187 31 117 3351 7 49894 64152 10 3 6854 109 658 4 9 119 71966 179777 511151 992 35 143896 33 16 3 104 1940 220 14 10900 8 10 3685 2333 5
79 143896 3054 29 32 9796 9419 4 32 3354 9419 4 8 57 49 48 4438 10746 35 12283 32330 4 911 109 4 502 33 5
17 928 650 10 3 143896 4589 8409 9 197 7 6200 35 9796 5897 33 19 424 55906 35 1341 3354 33 5
17 284 35412 3 17509 7 3 2634 5595 6 12042 5464 148 3 992 3354 8 1341 3354 5
3194 12911 16 48871 496 3 1079 7 14 49894 23955 5
1249 3 2589 7410 2239 93993 35 446326 35 249 33 33 3 3354 6 2770 148 6494 8 249 35 4 4 323 4 502 109 323 11389 4 911 33 35 249 33 114 82434 16 3 48871 871 7 9 12911 2567 35 521 871 10 9 96734 33 4 8 31 3 3235 8 3033 2770 7 2567 4 3995 5
17 928 650 1755 285 3 992 3354 2388 3 1341 4 79022 5
3 13228 3354 5
17 7154 1884 148 192 55906 8 1341 55906 16 226 3768 5
17 3768 148 3 992 3354 8 3 13228 3354 16 42726 24 27396 3 17509 5
355 3 3768 3809 1298 9 2118 871 4 49 3 3235 221 7 129759 16 8641 4 3 928 650 16 14256 5
1301 4 46 3559 992 71 26 220 14 46254 3 284 55906 14 3 29132 13 27 34 45 2042 103 35 323 4 502 109 68087 4 4 323 4 502 109 4 502 33 5
79 897 1416 8 370952 700 35 7941 6 33 42 220 21 49894 1586 726 1943 14 46 542 6 4764 7 773 8 12469 19393 15 9 3599 2869 5
17 49894 2981 16 108 10746 13563 4 29132 4 55906 4 8 4438 9419 5
17 9796 9419 9286 7 67 23791 109 3 3354 9419 9286 7 179 23791 4 8 3 57 4438 9419 5
24859 1952 35 9424 33 8 10446 17105 986 2379 42 351 21 3 9796 19393 8 3 3354 19393 42 351 21 2869 326 35 114704 33 4 26072 35 6000 33 4 2190 1096 3568 35 26 33 8 33609 35 50495 33 14 47 8365 42 2173 10 46 542 35 196 98586 341 33 5
35496 49894 14 10900 7 3599 2869 773 8 12469 98586 341 5
35496 49894 14 10900 7 3599 2869 773 8 12469 19393 5
17 49894 1589 232 6 192 19393 31 1595 10 98586 459 5
17 119 71966 2854 31660 29 45 220 10 4018 850 837 4438 10746 5
17 119 71966 31660 29 45 6227 6 13012 5464 8 8743 17509 7 3 4438 9419 23791 5
252680 35 33 2589 4859 18 220 10 46 542 5
2569 14 14392 18 392 21 4916 6 83518 8 96672 10 5
35 341 33 8 35 459 33 35 341 33 35 459 33 81 3 446326 35 341 33 4 16 3 5806 7 3 81040 729 7 3 9796 19393 8 40 17509 5
17 11933 17219 4114 8 72539 31 9796 8 4438 61279 1051 4 3995 5
79 17315 6363 18 1589 24 538 3 1217 35 446326 35 459 33 33 5
16 220 10 46 542 6 13012 3599 2869 773 5
17 1379 1589 1506 7 49894 98586 459 5
17 1379 1589 1506 7 49894 5
16 9 992 928 4859 13 7212 2059 2770 232 6 66590 10529 119 71966 5
16 3 66590 10529 2059 2854 4859 5
60572 628 42 3455 25 8365 8 2592 35 2628 202 7 676 628 33 7 91 42 3112 14 928 4 8417 403 35 605 202 7 676 628 33 7 91 42 3112 14 3 960 628 5
158 70 31 3112 14027 5
12266 1952 8 2854 5514 7 49894 10 3 928 650 18 6822 5
376750 8 55906 31 48871 10 3 35 6494 4 249 33 1079 14 49894 23955 24 3 1315 392 10 446326 35 249 33 10 370952 5
2569 4 2869 1952 35 83518 33 8 10446 17105 986 2379 35 96672 33 31 67 9796 19393 5
81 49894 4 1054 4438 23791 42 220 5
12502 4 1054 14392 1172 4680 25 8 42 220 21 5806 8 30110 7410 4 3995 5
106536 1051 10 3 4438 9419 35 23791 33 8 55978 1051 35 129759 33 42 2870 14 523 2770 5
17 104 6943 61279 221 14 3 4438 9419 71 26 3455 24 464 1678 2642 5
17 928 7 3 992 16 1505 65 3 2870 2770 7 155737 737 17073 8 1224 6 474 5
17 104 6943 55978 221 19 1153 2842 3768 35 155737 33 7 3 49894 773 18 2118 5
435 192 3524 4 9 992 7 23791 8 2667 129759 42 3112 21 23 10559 3 104 3206 665 5
12266 8 960 628 12832 8 773 54 2667 129759 10 370952 31 1595 10 98586 503 5
130190 7 3 1153 26327 3768 35 371865 35 503 33 33 35 4 1095 109 323 4 744 33 19 928 8 960 55978 16 5
35 503 33 2569 4 14634 16 2572 49 521 871 4 101858 16 992 3354 49 2655 871 4 8 9424 16 3 3354 628 221 5
130190 7 3 1153 2842 3768 19 928 8 960 55978 98586 503 5
130190 7 3 1153 2842 3768 19 928 8 960 55978 5
80440 8783 35 26244 33 16 9 17315 6443 13 80 231 329 168 8 2939 286 6 1018 3 2981 10 47 80 15564 129 209 42821 5
158175 16 32 2516 284 13 2527 9 2137 7 22190 954 4 1016 7 326529 8783 4 6 1033 52 628 35 63801 4 744 33 5
4749 3 8176 326529 197 1749 97 6494 49 249 871 4 3 22190 197 16 9 197 19 9 6754 11763 1749 7553 4333 5
87296 31 1589 538 3 5018 7 26244 4 47 1900 19 4046 35 12283 32330 4 744 109 63801 4 744 109 1604 4 50763 4 323 12288 4 911 33 5
238 23 16 381 10 98586 500 4 10 158175 1506 3 9796 8 3354 2770 7 3 284 31 11868 2770 5
999 192 11868 9796 2770 4 50 22190 4333 2770 8 3964 31 3455 5
81 3 42101 7787 22190 522 31 48044 25 3 30776 7 22190 2757 19 3 1015 7 2505 1084 5
81 3 42101 4 3 2576 871 14 3 13578 7 290 1396 16 43420 4 8 3677 6 3 4774 176 7 290 1396 5
17 2505 1084 16 1148 15 9 2137 7 22190 92 153 954 5
17 746 2516 144 4556 192 954 8 43 27 6 26 10637 369 7302 87 31 84 6034 6 12681 5
966 12483 7 3 4333 4859 31 537 35 17905 4 40330 4 4 148389 12483 33 4 290 36 581 9 523 2677 14 3 25429 12911 5
29748 4859 16 2118 24 1149 35 182189 12283 32330 4 274 109 12283 32330 4 744 109 1604 12283 32330 4 911 109 63801 4 744 109 20492 4 33727 4 4874 4 323 4874 4 1095 33 5
2569 4 3 22190 3354 2770 47 31 59 3455 24 538 1396 1084 31 2294 6 3 1513 4 8 25 46 1513 3 380 11868 2770 31 3455 21 3354 35 4 141519 4 4 323 4 280 33 5
71674 7 1589 158175 19 8 98586 500 5
71674 7 1589 158175 19 8 5
1249 3 104 533 1896 154 3 6013 7 2869 773 8 12469 19393 31 2869 1952 35 9424 33 35 14937 65914 33 8 10446 17105 986 2379 337 35 11348 31347 33 8 43 59 1896 1752 3 3354 23394 4 43 31 2404 21 9796 19393 7 3 1589 284 10 46 542 5
37442 19393 7 3 1589 158175 284 27 45 2118 21 2869 326 35 114704 33 35 11856 75242 33 4 26072 35 6000 33 35 14305 199328 33 4 2190 1096 3568 35 26 33 35 15441 33 8 33609 35 50495 33 35 9575 38375 33 12469 96734 5
8616 4 9 158175 19 67 29132 4 179 55906 29 45 1254 5
631 6098 7 192 19393 4 32 2516 1069 29 45 351 76 5139 5
84181 8 3354 11868 28579 628 27 45 19 746 2516 8 4902 76 25429 23394 133 21 3638 799 35 122075 33 4 2654 35 120145 33 4 798 35 147442 33 4 799 35 301549 33 4 460 799 35 289024 33 4 163 6127 35 27041 33 4 6127 35 54147 33 4 72 6127 35 43012 33 4 4416 6127 35 25340 33 4 460 272 35 50697 33 4 272 35 48599 33 4 568 35 68737 33 4 1391 35 244493 33 4 3638 272 35 106768 33 21 1595 10 20498 341 5
20498 341 5
14441 1870 5
11292 7 1396 9424 35 14937 33 27111 35 11348 33 114704 35 11856 33 6000 35 14305 33 5410 35 15441 33 50495 35 9575 33 249 208 120145 8 147442 153 120145 122075 244493 106768 341 208 120145 8 301549 153 147442 289024 48599 106768 459 208 120145 8 54147 153 147442 54147 43012 68737 503 208 120145 8 48599 153 147442 43012 50697 68737 5
605 208 43012 8 147442 153 43012 68737 120145 301549 1239 208 43012 8 301549 153 48599 106768 120145 301549 1173 208 43012 8 54147 153 48599 68737 147442 147442 1227 208 43012 8 48599 153 43012 48599 147442 147442 5
1814 208 244493 8 147442 153 244493 50697 147442 27041 3440 208 244493 8 301549 153 48599 289024 289024 50697 3573 208 244493 8 54147 153 48599 289024 27041 50697 2879 208 244493 8 48599 153 48599 120145 54147 50697 17245 7 2770 7 192 25429 10869 71 26 2118 8 1867 21 26325 2151 443 19 2516 5
238 71 26 381 25 20498 341 4 284 2505 1084 29 45 20739 25 2879 22190 954 5
273 946 4 954 1239 25 20498 341 71 26 2921 21 1667 5
208 2869 1952 16 72 6127 8 10446 17105 986 2379 16 799 4 153 2869 326 16 272 4 2869 26072 16 3638 272 4 2190 1096 3568 16 2654 8 33609 16 799 5
17 2981 7 3 1572 9 158175 14484 7 9 4 9 2505 1084 35 1396 1084 33 4 22190 42101 2869 8 16 1595 10 98586 500 5
168246 6635 7 27111 9796 12911 2379 35 879 11348 33 27 45 2118 21 147442 4 301549 4 54147 4 48599 19 3 185 7 32 2516 8 40330 4333 7410 31 2118 21 1667 5
2569 4 35 11348 33 16 3 4333 2463 7 3 2379 8 11348 16 9 771 7 3 2379 22190 197 5
61146 27 45 3192 14 83 19393 10 825 152 8 322 97 3 522 31 2209 5
35 500 33 35 708 33 35 700 33 35 704 33 17 22190 2757 14 2379 31 3192 25 3 5
35 708 33 35 704 33 53 35 27111 33 3082 58508 1635 1635 56012 4 35 27111 33 3082 58508 1635 1635 56012 4 35 27111 33 3082 58508 1635 1635 56012 4 35 27111 33 3082 58508 1635 1635 1635 56012 5
29748 7410 7 3 220 19393 27 45 3455 25 5
35 708 33 35 704 33 8 40 12832 31 1595 10 98586 708 5
17 22190 4333 7410 14 67 9796 23394 9424 35 9 33 4 2379 35 8862 33 8 98586 708 5
17 22190 4333 7410 14 67 9796 23394 9424 35 9 33 4 2379 35 8862 33 8 179 3354 23394 114704 35 8258 33 4 6000 35 5547 33 4 26 35 16054 33 8 50495 35 18365 33 5
355 3 9796 628 16 2167 6 3 284 4 57 49 48 58 57 1396 71 26 1679 5
81 46 267 4 42101 7787 18020 96 3 3354 16 201 6 26 5
468620 1217 29 45 220 21 22190 42101 7787 106 7 110 1906 8 1369 6 231 5
66 29 45 220 6 2258 2463 7 2576 14 290 1396 65 468620 42101 16 3677 5
273 290 1396 4 2463 7 2576 16 7154 8 192 2463 7 2576 31 220 6 13012 114704 4 6000 4 26 8 50495 5
332 3 650 4 3 5551 6635 16 3455 19 5018 232 6 9 18550 2463 24 538 6363 392 10 446326 35 782 33 35 782 33 145 843 7 18020 397 21 3 1559 7 352 114 4333 4859 7 2636 8 1311 857 52929 5
2569 16 3 1510 13138 5167 5
81 825 152 4 522 27 45 3455 14 1678 2869 1952 8 2379 25 158175 5
81 46 542 4 773 8 12469 19393 7 9 3599 2869 31 1221 543 15 2869 1952 4 8610 22 4 4 4 9063 24 538 3 9345 628 14 189 49894 8 158175 4309 5
17 93198 3455 8 1221 2770 31 677 45651 5
81 98586 700 4 23 71 26 381 13 3 628 3455 25 1589 284 8 9345 628 31 10104 8 408 5
75250 7 337 12832 7 114704 4 6000 4 26 8 50495 2770 19 2201 6 75250 7 337 12832 7 114704 4 6000 4 26 8 50495 2770 19 2201 6 98586 700 5
75250 7 337 12832 7 114704 4 6000 4 26 8 50495 2770 19 2201 6 2869 1952 2770 14 523 9063 5
106828 284 522 8 9345 628 31 12354 24 538 56018 2376 5
17 56018 8836 148 3 1221 2770 8 9345 14555 2770 14 2869 773 8 12469 31 1595 10 194896 5
704 8 782 5
238 3 17521 225419 128 2211 6 249 4 37582 8958 2238 5
81 3 267 2209 10 46 542 4 3 17521 225419 3455 31 177 408 6 249 4 47 6154 9 2170 868 148 37582 2770 8 9345 14555 2770 35 20498 459 33 5
75250 7 93198 522 8 164751 2655 2770 7 2869 98586 704 5
75250 7 93198 522 8 164751 2655 2770 7 2869 773 8 12469 19393 5
75250 7 93198 522 8 2655 2770 7 2869 98586 782 5
75250 7 93198 522 8 2655 2770 7 2869 773 8 12469 19393 5
20498 459 5
17 17521 2770 148 9345 628 8 1254 1443 522 5
114704 6000 26 50495 160980 160980 164751 238 381 10 194896 5
704 8 782 4 3 37582 522 8 9345 522 31 10 9 206 809 5
17 44398 148 9345 8 1221 522 16 177 396 8 22946 14 2869 773 8 12469 19393 5
81 83 1299 4 1254 164751 8 49894 3001 3 5054 5867 2770 5
187 42 93 7034 1884 148 3 9345 522 8 49894 8 158175 522 35 20498 459 33 5
24859 773 8 12469 19393 9345 164751 35 20498 503 33 8 9345 35 20498 500 33 522 31 3677 15 11245 9575 960 3979 10 3 5180 202 1493 12634 5
84418 1216 9575 960 14 49894 928 8 960 628 10637 57 24 57 19 9345 628 5
17 522 7 192 16676 31 14 114704 4 14 6000 4 14 26 4 14 50495 10 928 628 4 14 114704 4 14 6000 4 14 26 4 14 50495 2770 31 3455 10 3 2279 628 35 9421 6117 27063 33 5
20498 88566 9575 960 14 8864 7 770 7 49894 928 8 2279 3354 5
9575 97450 5
35 341 44017 33 29139 1884 402280 5
3768 1884 5180 202 22635 12634 7 3 1884 8124 8649 12266 114704 49894 202544 5
1551 6000 49894 202544 5
1551 26 49894 202544 5
1551 50495 49894 202544 5
1551 27311 114704 49894 202544 5
985 6000 49894 202544 5
985 26 49894 202544 5
985 50495 49894 202544 5
985 20498 99264 9575 960 14 8864 7 770 7 158175 665 5
9575 97450 5
35 341 44017 33 29139 1884 402280 5
3768 1884 5180 202 22635 12634 7 3 1884 8124 8649 114704 158175 202544 5
212835 9521 6000 158175 202544 5
9521 26 158175 202544 5
9521 50495 158175 202544 5
9521 1210 6 522 7 2828 9575 1665 4 87 16 93 1884 148 628 3455 916 164751 8 8365 2537 44 9 485 1322 21 17281 8 3272 42 17281 34 964 5
1949 1254 1443 3639 1506 3 284 15 47 8365 31 2828 5
7219 4 3 2869 1952 8 1653 2770 47 31 34 1303 61 10 3 5867 31 3677 6 158175 8 49894 6 4498 23449 2770 5
1532 4 9063 35 4 4 4 33 16 3601 8 2869 1952 16 1406 35 23412 4 17648 4 22034 4 15028 4 18827 4 29067 4 46557 4 91104 4 144241 4 116776 4 108087 65914 33 8 114704 4 6000 4 26 8 50495 522 31 3455 35 98586 319064 33 5
1301 4 2869 1952 16 3601 8 114704 4 6000 26 8 50495 31 7154 14 3 23449 1653 2770 7 35 4 4 33 35 98586 304275 33 5
143284 522 7 158175 8 49894 13 331269 8365 4 232 6 143284 522 7 158175 8 49894 13 331269 8365 4 232 6 98586 183 5
143284 522 7 158175 8 49894 13 331269 8365 4 232 6 2869 1952 8 2379 2770 5
331269 8365 31 2655 19 1589 1443 14 2869 773 8 12469 19393 133 21 114704 4 6000 4 26 4 8 50495 5
355 3 2869 16 5422 14 2869 773 8 12469 19393 4 23 16 381 13 3 114704 4 6000 4 26 4 8 50495 2655 19 1589 1443 371 825 2770 6 9345 2770 5
355 114704 4 6000 4 26 4 8 50495 2655 19 1589 1443 31 677 19 3 522 25 3 9345 542 4 23 71 26 170 6 26 333 522 8 65 677 19 3 522 7 9345 542 28991 6 114704 4 6000 4 26 4 8 50495 35 98586 183 33 5
238 381 25 3 12832 4 23449 2770 47 31 34 2828 15 3 5867 197 4 44 3455 25 3 1589 284 31 10104 19 3 9345 522 5
355 3 114704 4 6000 4 26 8 50495 2770 5422 671 4 158175 1929 48 408 522 6 9345 2770 58 3 49894 5
145 770 13 158175 2082 3 2869 773 8 12469 19393 333 677 6 49894 5
999 538 3 70 2770 4 3 56018 16676 31 3619 8 14 5867 164751 8 5867 3995 35 98586 407 33 5
75250 7 5867 8 5867 164751 14 2869 773 8 98586 407 5
75250 7 5867 8 5867 164751 14 2869 773 8 12469 19393 5
66 16 59 1595 13 158175 2082 333 522 58 49894 24 538 1153 3703 2156 3768 35 380214 371865 35 183 33 33 4 35 102218 12283 32330 4 359 33 8557 5
29139 6474 2156 433234 31 14 158175 8 14 49894 5
35 183 33 2569 4 14634 16 2572 49 521 871 4 101858 16 992 3354 49 2655 871 4 8 9424 16 3 3354 628 221 5
57775 7 3 49894 4 158175 7736 8 3 9345 522 5441 13 5331 538 3599 19 1678 17105 4424 71 10366 26 25710 538 49894 8 158175 5
17 9573 7 49894 8 158175 142 26 1695 3448 6 4764 3 2869 2106 773 8 1632 1016 7 441 6 10865 1812 8 20558 9345 2062 5
81 46 542 4 3 49894 8 158175 1217 29 45 3677 18089 6 9 3599 2869 14 7678 2869 326 4 26072 4 2190 1096 3568 4 8 12469 7 33609 5
17 773 8 16731 1632 2770 7 9 3599 2869 10565 19 3 523 7204 31 2655 538 49894 8 158175 14 523 2869 7434 22 556 6885 912 5
17 603 9063 7 3 49894 8 158175 677 6 8176 4309 31 1952 7 11129 4 17635 4 8 2168 6 1849 25 6200 8 59 112 34 1871 48 9345 542 5
458 4 3685 900 71 26 1842 10 3 692 5
14246 46 542 16 1109 6 26 7141 10 7678 3 19407 2847 5
11391 25 46 1506 36 852 6 1297 6013 7 3 2869 26072 8 2190 1096 3568 8 6 1445 10 9 814 89 3 3225 7 3 9345 522 5
17 1506 340 34 236 120 4176 7417 15 3 90031 12251 10 3 25710 650 5
238 9 665 4 23 16 381 13 2239 49894 8 158175 71 26 220 8 3677 10 1812 8 5344 3547 133 21 3 2258 2869 773 8 12469 19393 5
17 542 2828 14 97 57 2869 71 26 2069 24 538 523 5331 5
473 192 2520 4 331269 1653 8 2869 1952 2770 71 26 7154 3639 5
7219 4 84 1443 8 2520 47 142 4498 333 522 71 26 1589 24 538 5373 7732 1442 4538 5
75750 2869 10827 71 26 5054 24 538 3 1589 2520 10 3 797 4141 5
145 542 71 26 9 3929 14 426 2062 13 36 231 523 2379 8 786 13 31 2118 24 32 2516 5
81 46 152 4 333 522 142 26 3455 14 523 29132 5
145 542 71 59 26 220 21 9 3929 14 12430 49894 8 158175 14 523 2869 3351 5
7219 4 1144 408 522 6 2869 960 522 71 26 3455 24 883 1723 221 7 9796 4 3354 19393 8 25429 23394 49 150 83 7732 1442 4538 133 21 16832 27964 4 8 628 4242 5
21669 4 19 3 231 7 49894 8 158175 4 3 773 8 16731 1632 7 3 2634 25124 5331 71 2093 26 2118 24 4149 97 9 1574 221 7 1665 1016 7 9 3297 9345 542 5
17 9345 628 8 3 1589 284 16676 661 13 49894 8 158175 1128 33192 133 21 89 4 1943 8 20388 1174 6 9 3033 4 3847 3934 189 3685 900 8 905 5