17 6254 992 1746 565 9317 6 3 1427 7 572 338900 27708 565 4 446 19547 2104 16 34 1369 6 384 61 5
134 1384 10 46 1381 3 6254 992 1746 565 10 9 152 13 80 8255 2258 3 3151 6 26 848 10 3 6254 992 4 15892 3112 3151 76 1925 4949 4 8 2258 1925 10291 15 290 7 3 1254 4949 5
1563 1217 6 3 6254 992 1746 565 16 543 15 3 17953 30865 77918 35 282384 33 88899 191244 5
17 282384 31660 16 9 160269 4 6951 1046 5533 13 9317 6 3 1427 7 90693 27964 5
145 5533 2527 9 27647 297 3 152 10 47 12940 10 2129 436 14 514 4 8 3 152 10 47 27708 27964 1046 14 32 30392 7 9 338900 27708 565 5
17 28579 8365 31 2828 15 424 4482 544 5
134 1798 240 13 129 1217 4 543 15 3 282384 31660 16 2651 19 3 83 6599 10 3 6854 8 13 71 3855 10444 2506 5
11472 1617 9055 10 117 1628 29 3619 10 32 474 10 1030 400 4 3977 569 4 3 221 7 1617 6086 8 3 653 7 818 4550 8 5266 5
17 2807 7 3 221 7 4119 13 31 115 24 1021 8 1723 3 432 7 173 6254 10 3 676 221 7 4119 31 11580 1945 13 71 6009 1297 3 1617 983 5
425 1751 8 1617 570 10 117 1628 31 363 964 768 6 1297 173 6254 5
14428 992 151438 8 1925 26831 31 297 3 104 533 2193 13 2258 1807 1414 7 173 6254 5
81 83 1299 4 3577 1254 173 6254 992 8 3206 1925 10291 2770 71 7671 1075 173 2831 7927 432 5
349 3 83 881 4 42635 1254 6254 992 71 899 177 241 1807 1767 400 4 8 474 4046 10 1925 5204 400 5
9049 4 12356 1254 992 71 5441 272 155461 297 3 1254 1925 4949 8 11023 7 3 1370 176 7 1807 5
17 1254 992 144 582 206 16069 35 272 221 7 4949 148 346 1187 14770 33 4 21 166 21 206 14954 1676 5
17 3112 6254 992 8 3 1925 26831 27 9 1821 1951 15 3 292 522 7 3 6254 3802 4 21 166 21 15 3 653 7 394 998 6 3 1807 5
12615 1925 26831 36 665 10 9 272 596 6885 2916 8 9 528 221 7 1807 110 1367 904 5
17 1370 176 7 192 1807 104 477 786 6 83 6733 3977 23865 35 540 1021 4 16589 33 5
355 9409 1925 26831 4 3 2108 7 189 3 3802 8 3 1807 383 26 351 76 5139 5
355 12430 3 6254 992 4 57 144 690 6 14391 3 221 7 6383 1807 4 6 12042 3 676 221 7 3150 8229 4 6 12042 3 676 1030 89 7 70 1342 1807 4 6 12042 3 4883 1646 4 4703 5
17 6254 1656 8 6254 4262 690 6 8922 1807 796 5
349 3 83 881 4 1807 796 2537 5473 15 3 998 6254 992 5
81 46 152 4 65 12430 6254 992 57 144 3991 5576 1807 2515 4073 137 3 6254 992 4 8 10808 7 1807 6 1925 4949 5
17 6254 992 1746 565 9317 6 3 1427 7 572 338900 27708 565 4 446 19547 2104 16 34 1369 6 384 61 5
17 614 992 1746 565 16 328942 572 35 66575 35 7487 33 4 67129 8 15011 35 5810 33 33 5
81 83 1299 4 87 16 312 7662 7 29331 32 4213 35 395088 89 33 31660 14 12538 3 614 992 1746 565 35 67129 8 15011 35 5810 33 33 5
98731 10119 7 3 992 1746 565 876 117 1296 6 1800 8 231 1678 191244 8 88899 191244 27964 5
88899 187739 27 343 5770 4462 14 12538 572 338900 27708 544 35 7731 4 7487 109 15829 4 4540 109 44197 4 4 8 389914 4 6559 109 41924 4 6760 109 8 12581 4 2773 109 230641 4 4 8 4 3495 4 4703 5 33 5
966 4888 59 220 5373 88899 191244 6599 35 36798 8 28410 4 502 109 8 4 359 109 105862 4 274 4 280 4 4703 5
81 3 1045 7 745 4 88899 187739 581 10444 2506 496 4203 50773 89 5
2018 88899 187739 4 9 182 7 36764 3581 27964 71 26 4218 5
17953 30865 77918 35 282384 33 5018 4 13 2527 5961 1442 3677 24 3 13417 12940 154 43326 6625 650 4 16 57 7 91 5
282384 29 45 1273 24 8 4 1278 4 1422 4 4 8 55 6 107 23 16 3639 3677 6 9 1079 7 12714 27708 544 5
8 35 33 616 2828 32 34130 542 7 3 282384 31660 5
17 4888 3677 282384 6 25450 3801 28579 960 7410 25 3 6854 5
17 197 7 7410 18 4203 528 8 848 1678 4859 3351 35 4 158122 4 91865 4 4703 5 33 5
17 3455 522 31 677 35 24 538 3 12016 2106 9575 960 33 19 3 522 3439 24 3 49474 17953 30865 4 34989 238487 4 176633 20257 4 8 77250 147461 77918 5
17 28579 8365 2828 15 6682 4482 7410 5
17 8365 1798 661 13 3 282384 22308 2651 6599 5
34678 2333 6 9 1079 7 12714 27708 544 4 21 166 3 522 3455 24 3 34130 542 7 3 282384 31660 3544 286 6 59 231 3 282384 4102 59 10 46 1381 5
31700 4 4 4 8 35 7560 33 616 1252 18423 13566 7 3 282384 31660 24 7556 90 23462 2763 5
134 35 8 4 33 59 616 1589 4213 31660 14 173 6254 992 1746 5
17 1273 1506 16 543 15 3 282384 88899 191244 5
145 1381 2464 3 4159 7 3 8 2106 601 5
134 1384 10 46 1381 3 6254 992 1746 565 10 9 152 13 80 8255 2258 3 3151 6 26 848 10 3 6254 992 4 15892 3112 3151 76 1925 4949 4 8 2258 1925 10291 15 290 7 3 1254 4949 5
81 46 1381 80 1800 3 1506 14 3 6254 992 1746 13 16 543 15 3 17953 30865 77918 35 282384 33 88899 187739 5
17 282384 31660 9317 6 3 1427 7 90693 27964 5
134 6786 129 1217 19 83 2520 8 27964 14 3 173 6254 992 1746 565 5
134 1798 240 13 129 1217 4 543 15 3 282384 31660 16 2651 19 3 83 6599 10 3 6854 8 13 71 3855 10444 2506 496 22946 50773 400 5
17 1381 16 4393 10 3 508 152 5
23179 404 16 392 10 3 8941 341 5
8941 459 6409 3150 10808 565 496 173 6254 992 5
17 6652 7 3 282384 31660 16 392 10 8941 503 5
17 282384 1217 14 3 6254 992 1746 565 16 392 10 3 8941 500 5
8941 708 4286 2828 28579 1665 5
193592 31 392 10 3 8941 700 5
3062 286 1384 3 892 992 1595 10 3 98586 249 5
134 60121 46 992 24 5828 3082 35 6517 4 79 33 4 114 6517 16 3 197 7 30864 8 79 16 3 197 7 3151 5
30864 3001 1925 2321 4 125 3151 3001 1645 9676 13 6143 2321 5
134 59 4 60121 24 2482 3 40056 53 35 249 33 114 16 3 221 7 1807 13 3073 6 1030 148 38105 4114 8 38105 72539 154 3 6453 89 566 5
1736 992 98586 249 5
1736 992 5
999 73015 80 60121 3 1030 89 40056 53 35 341 33 114 16 3 88907 1030 89 148 38105 4114 8 38105 72539 5
134 4753 10 46 1381 13 3 992 5828 3082 35 6517 4 79 33 4 3 40056 2482 4 8 3 1030 89 40056 73015 31 392 5
3062 286 60121 24 3116 3 676 1030 89 7 70 1807 10 3 992 5
17 676 1030 89 16108 53 35 459 33 114 53 26720 676 88907 89 7 70 1342 1807 5
71142 676 1767 89 7 70 1342 1807 5
260923 676 89 4662 14 70 3150 8229 35 1618 89 1936 16 3628 6 500 13063 147 2589 33 5
17 1045 7 3 6254 1656 8 4262 690 6 582 6 3 614 173 272 653 7 394 22 4203 569 5
12502 4 3 156894 7 3 676 221 7 1830 1807 4 3 156894 7 3 676 1030 89 7 70 1807 4 21 166 21 3 156894 7 3 676 221 7 94957 666 6 1485 3 1807 796 86 26 5289 6905 7410 5
81 46 1381 80 1384 70 108 6905 7410 5
17 6254 992 1746 565 13 80 542 10 46 1381 86 26 4939 10 3 508 152 53 273 9 392 992 5828 3082 35 6517 4 79 33 4 424 40056 2482 13 5181 796 297 192 30864 4 8 424 1030 89 40056 73015 4 3855 197 7 6254 4949 15 9 992 8 2258 1925 26831 486 3 4949 10 133 9 152 6 25450 1109 6905 4859 5
17 3010 6854 1165 5446 6 3 6254 992 1746 565 16 392 10 129 767 601 35 8 4 33 5
22422 7798 10 173 6254 5524 15 3 6254 992 1746 5
81 83 1299 4 65 4149 173 6254 992 1746 4 57 144 2258 3 3150 796 15 290 7 3 4209 4949 5
17 1956 144 2258 4 14 329 1808 7 3 9906 4 3150 7798 15 11023 3112 24 3 1807 5
931 7798 31 3 522 7 3 1570 3150 1866 5
3265 3150 1501 3 565 7 6098 3 2785 65 4132 916 8416 6 5024 5
134 1384 3150 2515 1414 10 3 267 7 1187 276 8229 4 21 166 21 3150 1414 10 3 267 7 1187 19 57 2589 5
3589 3003 7 3 3150 2515 1414 7787 16 57 7 3 629 2193 10 173 6254 992 1746 4644 5
17 508 601 952 144 26 11435 5382 53 1145 112 3 10777 7 2651 173 6254 4949 1951 3150 2515 1414 88
1145 112 5222 10777 1951 2515 1414 88
472 16 3 3525 7 1321 2347 3150 791 4 8 143 340 23 2498 2515 1414 88
1192 6 1294 29 1252 4411 6 90 7 192 952 5
355 4149 3150 10808 4 80 231 1940 2404 10291 432 5018 5
134 59 4753 13 70 1807 71 231 57 4 49 3235 67 1925 1583 65 4132 25 8416 6 5024 5
22422 10808 10 46 1381 16 543 15 3 4644 392 10 3 3174 53 61979 8 35 3578 33 8 61979 4 4 8 206500 35 2773 33 5
17 508 16 3 377646 3323 7 3 3150 10808 4644 53 56464 22422 87354 35 33 112 337522 3082 249 12531 3082 249 12531 92 221 7 1807 47 1030 25 4114 6 72539 6117 6494 153 104853 3 8855 221 7 8229 14 4132 916 4114 6 72539 92 1807 71 1030 4114 6 72539 19 4568 8229 153 189516 1807 47 231 57 1925 517 25 4114 6 207007 1248 92 1807 71 1030 4114 6 72539 19 57 8229 153 189516 1807 47 231 67 1925 1583 25 4114 6 207007 1248 11686 13 1807 446 1030 25 4114 6 72539 31 56754 5
104853 3 221 7 94957 8 26831 14 290 517 5
125 35 26831 34 26518 33 9610 5
22422 10808 10 3 267 7 4119 276 2589 3062 286 1384 3 992 1595 10 3 98586 341 5
134 60121 24 4659 3 197 7 70 1925 1583 10 3 992 5
3062 286 4753 13 1807 37 844 6 1030 25 3 8416 1110 79 6 3 5024 1110 2636 71 231 3 508 197 7 1925 1583 53 5
520 7 192 1925 1583 27 30864 79 8 2636 21 16204 4 125 90 461 100 1042 137 3 30864 79 8 2636 5
17 558 1925 1583 14 1807 13 1030 25 38105 79 6 2636 98586 341 5
17 558 1925 1583 14 1807 13 1030 25 38105 79 6 2636 5
134 60121 3995 24 49050 8 16540 4 14305 3 10291 7 394 8 3 676 1030 89 486 3 1925 517 14305 121692 5
134 60121 24 3 8355 1030 89 25 3 38105 79 6 3 38105 2636 4 79022 5
53 35 503 33 66 86 1636 13 3 1030 89 486 90 1925 1583 16 7671 568 58 3 8355 1030 89 25 3 38105 79 6 3 38105 2636 5
134 4753 13 1807 112 34 1384 133 1925 1583 21 9 1030 1712 14 1060 1187 148 30864 79 8 2636 5
81 83 1299 4 80 7673 3 197 7 785 1925 1583 121692 4 9575 6 26 1109 24 3 1807 14 3 1187 148 38105 79 8 38105 2636 10 3 508 152 53 35 500 33 114 53 8515 9530 24 3 1956 5
17 221 7 230 1807 4 4114 13 36 159 211736 1925 517 16108 53 35 708 33 114 53 51281 16 3 676 221 7 1807 446 1030 25 3 1110 79 6 3 1110 2636 5
22422 10808 10 3 267 7 4119 19 57 2589 81 3 267 7 4119 19 57 2589 3150 29 6 2401 1925 1583 67 400 53 22 3 8416 1110 8 22 3 2589 1110 5
2224 10 3 767 267 4 80 4753 13 1807 112 34 1384 11023 47 27 272 1030 400 5
3062 286 1384 9 992 1595 10 3 98586 459 8 9000 13 80 144 23335 1807 13 1030 25 79 6 2636 5
3062 286 59 4753 13 1807 71 231 3 508 11023 53 23985 249 53 23985 341 53 23985 459 53 23985 503 53 22422 10808 10 3 267 7 4119 19 57 2589 98586 459 5
22422 10808 10 3 267 7 4119 19 57 2589 5
332 3 1925 1110 79 80 23335 1807 297 1583 249 8 341 10 3 508 152 53 35 700 33 8 35 704 33 187 16 97 57 1807 2785 35 23985 249 33 13 231 517 249 5
12502 4 80 23335 70 1807 25 3 517 249 6 46 2785 5
349 3 83 881 4 87 31 108 1807 11023 13 3576 3 517 341 5
81 46 267 4 80 6797 1807 25 3 517 341 4351 297 192 11023 4 79022 5
53 35 782 33 103704 13 27 3 216 1204 1925 517 8 3 2589 397 916 9 182 5
81 3 267 1595 10 3 98586 459 80 27 3 508 108 600 53 74 57 29 57 2785 53 23985 249 4 169 182 29 67 11023 53 23985 341 8 23985 459 4 8 1435 4 296 182 29 57 2785 53 23985 503 5
81 3 1109 267 4 80 23335 70 1807 25 3 182 249 6 3 517 503 5
17 825 983 16 19 3 296 182 5
81 46 267 4 70 1807 13 1030 25 3 1110 341 6 38105 2636 36 231 3 517 459 5
81 3 267 7 182 341 4 80 23335 1807 13 3773 22 1110 500 297 1583 500 8 708 232 6 3 10291 432 1396 5
17 676 221 7 3150 13 3773 6 3 1110 500 16108 53 35 183 33 804 4 3 221 7 1807 13 231 3 517 500 6 1030 25 3 1110 500 6 3 1110 2636 16 3628 53 35 407 33 157 3 221 7 1807 13 231 3 517 708 16108 6 1030 25 3 1110 500 6 3 1110 2636 16 3628 53 35 403 33 9102 5
100955 7 3 1925 517 10777 435 4149 3 3150 10808 4 80 13012 3 2770 7 3 2370 10771 35 10291 7 394 4 1272 221 7 94957 4 1925 22058 4 4703 5 33
13 26077 120 1109 2104 5
134 13012 3 2770 7 3 508 10771 5
17 10291 7 394 486 3 517 11856 16108 53 35 698 33 114 53 4 34411 99252 3150 3583 15 3 517 11856 4 99252 21717 85612 4 89320 2168 7 3 1366 13 4278 15 3 517 17 1272 221 7 94957 6 26 6234 6 3 1925 517 11856 16108 53 35 685 33 114 53 1356 18398 1362 7812 89 14 1925 517 17 676 1030 89 7 3 3150 71 26 7154 21 53 35 409 33 114 53 26172 88907 1030 89 4 83682 1767 89 4 189544 2589 89 5
17 1925 22058 22 3 517 11856 16 3628 53 35 697 33 17 3150 1767 89 16108 53 35 800 33
17 17953 30865 77918 35 282384 33 16 9 160269 4 6951 1046 5533 13 9317 6 3 1427 7 36764 3581 27964 5
145 88899 191244 2527 32 20621 148 3 152 10 47 12940 10 2129 1046 14 514 4 8 3 152 10 47 27708 27964 1046 14 32 30392 7 392 338900 27708 565 5
17 282384 88899 191244 18 1273 24 8 35 1278 4 1422 4 4 33 5
66 29 3639 45 3677 6 1678 338900 27708 544 35 4 4 8 4 280 109 4 4 4 8 4 2076 109 4 4 4 8 4 2560 109 4 4 4 8 4 2076 109 8 4 109 4 4 8 4 6833 109 8 8308 446950 4 744 4 274 109 4 280 109 4 4 8 4 2560 109 8 4 6833 109 4 4 8 4 590 109 33 5
17 2370 867 468 3 282384 16 6 1000 9 41748 2204 284 35 11521 7 7732 12940 33 3682 7 3639 12538 841 338900 27708 544 5
187 31 67 23299 7 3 282384 5018 53 35 9 33 11541 4102 65 1956 10744 2506 25 10596 137 9 9149 7 5577 1959 109 35 8862 33 3070 4102 65 1956 12134 140746 4091 7 3 498 282 2104 5
81 3 3070 1185 4 10 3 1431 7 3 43241 4 12940 128 2007 2506 446 43 690 6 1297 154 3 43241 5
81 46 1381 80 2780 3 3070 1185 7 3 282384 31660 5
17 31660 9286 7 67 30717 16200 53 850 1042 8 12807 1042 5
17 282384 31660 19393 446 2770 236 6 26 197 2543 3 31660 5577 31 21 3177 53 2636 3 221 7 12940 694 10 3 1046 5
4207 3 221 7 43241 5
81751 3 221 7 850 8 12807 3191 10 9 837 43241 5
33683 3 221 7 893 10 57 850 1042 5
17 3354 16 53 2567 3 282 424 2104 5
17 508 16 3 71488 3323 7 3 282384 3070 31660 53 4644 35 4 4207 4 81751 4 33683 4 9885 33 337522 3082 249 104853 3 2007 2104 14 3 18843 4114 5
139052 3 2104 7 3 18843 4114 5
2567 11686 3 282 2104 7 70 12940 5
3082 337522 3082 3 18843 4114 11686 3 2007 2104 5
19926 3082 3082 337522 3082 7651 57 13652 7 3 2104 7 3 18843 4114 5
139052 2104 7 3 18843 190760 282 2104 4209 24 3 12940 3 2104 2567 11686 3 282 18843 2106 2104 5
337522 3082 139052 2104 7 3 18843 190760 337522 3082 7651 9 421 289 3 18843 4114 16 6106 5
337522 3082 18843 4114 16 34 26708 57 7 3 6106 12940 13 36 26 979 24 3 18843 4114 5
332 3 1431 7 290 43241 4 329 18843 2179 1046 25 3 282 424 2104 5
187 31 59 83 8953 6 7673 3 2007 2104 22 3 1431 7 290 43241 5
3265 7732 18843 21519 2104 904 10 3 2621 7 3 498 2104 4 8 3804 6 1297 3 2104 5
17 13652 7 2104 16 2828 137 81751 850 3191 496 3 837 43241 5
81 290 850 1042 329 18843 754 33683 893 7 3 498 2104 5
17 152 143 12940 337 40 2506 16 565 6325 8 29 6 26 4939 4108 14 290 565 1109 5
273 946 4 17953 249 574 1046 25 3 2104 35 6494 4 249 4 249 4 6494 4 6494 33 5
1498 3 74 850 1042 4 17953 249 115 67 893 7 3 2104 5
81 3 74 13652 4 17953 249 4209 3 2104 35 6494 4 249 4 6494 4 6494 4 6494 33 5
81 3 169 13652 3 2104 35 6494 4 249 4 6494 4 249 4 6494 33 18 4209 35 98586 503 33 5
17953 341 574 1046 25 3 2104 35 6494 4 249 4 249 4 6494 4 6494 33 4 5607 46 2104 4 8 4209 3 2104 35 6494 4 249 4 249 4 6494 4 249 33 4 4703 5
17 74 850 1042 98586 503 5
17 74 850 1042 5
435 850 1042 4 2179 3 169 4141 4 3 2395 12807 1042 5
81 3 12807 1042 4 70 7732 12940 432 317 52 40 2506 5
35 81 2129 4 12940 51 3030 9 5638 10950 4 47 51 8468 83 12940 52 3 1058 7 514 43 27 170 4 8 3 12743 7 3 8517 6 3 30450 5
81 3 27708 1046 31660 4 3 2770 7 6905 7410 31 677 33 5
81 83 1299 4 12940 132 424 3 1277 7 3 2104 4 79022 5
3 6905 4859 871 5
5602 3 12807 1042 290 18843 8050 4 19 9 1087 13300 4 289 23 36 948 6106 6 50 2104 49 34 35 196 3 98586 500 33 5
17 12940 19 333 2506 27 9 568 808 7 1947 8 1878 91 5
75250 7 3 4209 2506 98586 500 5
75250 7 3 4209 2506 5
3062 286 60121 24 79036 3 6905 4859 871 7 3 211736 2104 5
134 60121 24 101858 3 48871 871 7 3 6905 4859 871 7 3 211736 2104 53 35 630 33 114 53 79036 3 6905 4859 871 7 3 211736 2104 4 3 1391 6905 4859 871 7 3 2506 4209 24 70 12940 35 33 5
3 2654 6905 4859 871 7 3 2506 4209 24 70 12940 35 33 72401 13300 13 211736 18843 35 22 3 1431 7 3 84 850 1042 33 16 6106 6 3 1321 4209 2104 16 7154 10 46 1381 10 3 508 152 53 35 947 33 114 53 101858 3 48871 6905 4859 871 7 3 211736 2104 5
99252 48871 6905 4859 871 7 3 2506 4209 24 70 12940 5
17 12940 13 31 6106 6 40 2506 353 6 2997 8 7767 27604 12940 5
134 475 91 22259 5
2491 9 2104 16 3561 4 3 18843 2742 27604 4 8 29 6 5339 57 7 3 11660 2506 35 98586 708 33 5
3265 30703 4 2401 9 84 2104 25 22259 24 3 39274 6339 35 333 2506 27 568 13300 7 110 3112 14 5633 33 5
273 946 4 17953 249 8 341 961 6 26 6106 6 40 2506 4 125 17953 459 961 34 6 26 6106 6 3 4209 2104 5
81 46 152 4 17953 249 8 341 574 6 7767 17953 459 5
17953 459 961 6 1667 17953 249 22 3 1431 7 3 84 850 1042 5
56393 7 27604 5864 98586 708 5
56393 7 27604 5864 5
134 4753 13 3 13300 3 29170 4114 2106 2104 36 26 3112 24 120 27604 18843 16108 53 35 302 33 114 53 4659 16 9 197 7 6106 12940 35 22259 33 5
17953 249 8 459 353 3 84 850 1042 25 3 216 2104 5
435 7091 650 84 850 1042 2899 35 98586 700 33 8 3 650 36 26 3629 285 3 5964 6680 36 26 3439 5
17 169 850 1042 98586 700 5
17 169 850 1042 5
134 8255 1746 1925 4949 8 2258 1925 10291 15 290 7 3 1254 4949 24 3 282384 31660 13 2464 5607 1185 7 129 31660 1273 10 8 35 33 5
17 508 16 71488 3323 7 3 31660 53 4644 282384 35 4 4207 4 81751 4 33683 4 9885 33 104853 3 2007 2104 189516 1807 8 2258 10777 7 3 2104 2567 197 3 2007 2104 5
3082 337522 3082 3 18843 4114 11686 3 2104 4681 19926 3082 3082 337522 3082 7651 57 13652 7 3 2104 7 3 18843 4114 189516 1807 8 2258 10777 7 3 18843 4114 2106 2104 139052 6905 7410 7 3 18843 4114 2106 2104 5
282 2104 4209 24 3 12940 3 2104 2567 197 3 282 2104 4209 24 3 12940 5
337522 3082 7651 9 421 289 3 18843 4114 16 6106 5
337522 3082 18843 4114 16 34 26708 57 7 3 6106 12940 13 36 26 979 24 3 18843 4114 5
134 231 9 1906 191244 31660 6 3855 3 2007 2104 5
17 3297 6652 7 46 191244 31660 16 392 10 129 1381 35 8 4 33 5
134 4855 3 565 1109 24 538 67 2757 7 7732 12940 5
17 2125 249 7732 12940 5697 25 3 2125 341 7732 12940 97 10 3 152 10 47 43 13655 3 2506 5
355 363 1866 52 3 7359 4 21 166 21 1866 6 1611 90 7 3 22259 189 12940 7 4 8 12940 7 2125 341 10779 10 3 216 152 5
17 3297 6652 7 3 12940 3074 16 392 10 8 35 33 5
355 18298 3 282 424 2104 80 159 361 52 3 508 2104 13987 53 9920 3 676 221 7 1830 1807 109 114129 3 676 1030 89 8 109 84957 3 676 221 7 94957 35 4883 1646 33 5
1498 3 1046 650 4 7732 12940 3855 1678 2506 5
3265 89 65 3 84 2506 31 4209 80 27 6 5576 31 120 7 192 2506 333 58 3 11288 2104 5
659 112 46 4 80 231 3 538601 8062 5
5839 3 538601 8062 4 3 13987 31 6103 10 678 7 3238 5
134 6786 3 282 424 2104 19 3 4209 2506 15 3 104 533 17807 4 8 80 2401 3 282 5
208 149 2195 4 80 231 3 161 104 533 17807 5
134 595 10 46 152 4 285 421 52 3 282 424 2104 16 115 5
134 1865 6 960 67 678 7 3238 7 3 13987 5
17 508 16 3 678 7 3238 13 2638 1141 361 52 1807 2108 53 17 508 678 7 3238 7 3 13987 3348 1141 361 52 173 6254 3802 2108 53 355 9375 1682 35 630 8 947 33 80 236 3 1415 7 3 1277 7 3 2506 4209 24 3 7732 12940 5
134 13012 3 18843 4114 2106 2104 1277 10 3 508 152 53 35 1004 33 114 53 79036 3 1277 7 3 18843 4114 2106 2104 5
871 7 3 6905 4859 10 3 2104 1669 24 3 211736 18843 35 72539 3082 249 4 341 4 459 33 5
99252 871 7 6905 4859 427 76 1250 70 2506 4209 24 70 12940 5
3 2059 35 3238 33 7 3 6905 4859 5
17 1273 31660 4 543 15 282384 88899 191244 4 18 2870 15 170977 2106 992 35 170977 35 5282 33 33 5
170977 2106 992 4286 409 30864 4 1004 12029 8 676 1807 796 14 394 35 98586 704 33 5
134 9000 13 3 676 221 7 94957 35 4883 1646 33 383 26 1731 49 3628 6 6709 4 8 13 3 1925 517 383 27 108 49 48 2321 5
134 220 3 508 19393 7 3 282384 31660 53 2778 17 221 7 43241 53 4207 3082 1410 2778 17 221 7 3191 53 81751 3082 500 2778 17 221 7 893 10 290 1042 53 33683 3082 2778 17 221 7 12940 53 2636 3082 302 35 183 147 290 2125 33 170977 2106 892 992 98586 704 5
170977 2106 892 992 5
17 2506 3455 24 3 1589 282384 31660 31 1595 10 3 20498 249 5
17 20498 4286 317 52 3 2007 2104 8 3 2506 4209 24 3 282384 31660 35 197 7 1925 4949 8 4469 4883 1646 33 5
134 2870 67 678 7 3238 7 3 6905 7410 35 678 13 16 282 14 1807 8 678 13 16 282 14 3 6254 3802 33 5
17 522 4209 24 192 67 6599 31 1595 10 3 20498 249 5
17 522 1595 31 3455 21 3 282 7 183 1002 7 3 31660 5
20498 249 5
17 2506 3455 24 3 282384 31660 5
720 5
7 1925 1583 14983 2104 282384 35 282 14 1807 33 282384 35 282 14 3802 33 63203 14340 1646 63203 14340 1646 63203 14340 1646 503 6494 249 341 500 700 782 183 1078 6494 249 341 500 700 782 183 407 1596 6494 249 341 500 700 782 183 403 2723 503 459 500 700 782 403 605 6494 249 503 459 500 700 782 698 403 306 503 459 500 700 782 407 704 685 708 782 698 685 704 685 708 782 183 403 698 685 704 685 708 782 698 403 708 6494 249 341 500 685 708 700 708 685 500 341 249 459 407 183 403 409 459 249 341 500 685 708 782 183 407 697 708 6494 249 341 500 700 782 183 605 6494 249 341 500 700 782 183 407 2723 6494 249 341 500 700 782 183 403 1596 503 459 500 700 782 403 1004 407 183 782 700 500 459 249 503 459 500 700 782 302 704 685 708 782 698 403 704 685 708 782 183 407 704 685 708 782 698 403 500 6494 249 341 500 685 708 700 6494 249 341 500 685 708 700 459 249 341 500 685 708 500 782 183 407 500 183 782 700 500 459 503 249 341 1135 708 782 183 407 704 6494 249 459 407 500 6494 249 459 407 183 403 698 782 1135 704 685 500 459 249 700 6494 249 341 500 700 782 183 1239 6494 249 341 500 700 782 183 407 2131 249 341 500 700 782 183 249 503 459 500 700 782 403 1004 341 249 503 459 500 700 782 183 630 341 249 503 459 500 700 782 183 985 704 685 708 782 698 403 704 685 708 782 183 708 704 685 708 782 183 407 409 6494 249 341 500 685 708 700 6494 249 341 500 685 708 700 6494 249 341 500 685 708 700 782 183 407 503 249 459 500 700 782 698 249 183 782 700 500 341 249 6494 889 6494 249 459 407 500 183 782 708 685 704 708 6494 249 459 407 183 403 698 782 700 685 1403 407 183 403 698 459 6494 249 459 407 183 403 698 782 700 500 1403 183 782 700 500 249 704 6494 249 341 500 700 782 183 1239 6494 249 341 500 700 782 183 407 697 6494 249 341 500 700 782 183 403 503 459 500 700 782 403 1004 341 249 503 459 500 700 782 183 407 630 6494 249 503 249 704 685 708 782 698 403 183 782 700 500 459 503 249 6494 403 704 685 708 782 341 6494 249 341 500 685 708 700 6494 249 341 500 685 708 782 183 503 249 341 500 685 708 782 183 782 183 407 503 6494 249 341 500 700 782 183 183 403 698 782 700 500 459 249 630 6494 249 459 407 503 6494 249 459 407 183 403 708 183 407 459 500 685 704 500 407 183 403 698 459 407 183 403 698 782 700 685 500 341 249 503 947 407 183 403 698 459 6494 249 503 249 403 183 782 708 685 704 704 6494 249 341 500 700 782 183 403 6494 249 341 500 700 782 183 302 183 782 700 249 6494 249 341 500 700 782 183 1004 503 459 500 700 782 403 249 500 700 782 183 249 503 459 500 685 704 503 704 685 708 782 698 403 698 403 183 782 708 685 704 685 704 685 708 782 341 6494 249 341 500 685 708 500 6494 249 341 500 685 708 700 183 782 700 500 459 503 249 782 183 407 503 782 183 407 459 500 700 341 407 183 403 341 6494 249 459 407 503 6494 249 459 407 183 403 708 249 459 407 341 403 407 183 403 698 459 500 341 249 459 407 249 407 183 403 341 6494 249 503 249 700 685 500 459 503 249 503 459 500 700 782 183 249 6494 249 341 500 685 704 341 6494 249 341 500 700 782 698 403 1239 503 459 500 700 782 183 249 503 459 500 685 708 249 782 700 500 459 503 249 341 249 459 500 685 708 782 704 503 459 500 700 782 183 947 341 249 503 459 500 700 782 183 407 2919 183 782 700 500 459 503 249 6494 249 341 500 700 782 403 698 500 700 782 249 6494 249 341 500 700 782 403 698 302 17 10602 148 3 2506 3455 24 3 282384 31660 8 3 2506 3455 24 3 767 6599 31 392 10 3 20498 341 5
20498 341 5
75250 148 3 2506 3455 24 3 282384 31660 8 3 2506 3455 24 3 767 6599 5
720 5
7 1583 22026 5018 14340 1646 202 7 796 2897 5937 35 13063 33 278071 122854 7363 89 538869 89 61 7 1366 89 19437 35 1936 33 503 170977 6709 344655 34030 6494 64578 81256 1551 435202 234063 6494 118992 2667 282384 35 1481 33 9521 442322 46887 6494 6494 392367 282384 35 3802 33 4554 386265 148280 6494 6494 511555 708 61979 12283 3462 5
8390 415891 134697 6494 6494 488770 61979 12283 3462 5
7432 415891 134697 6494 6494 488770 81256 2628 99465 6494 6494 342996 282384 35 1481 33 6709 72361 6494 6494 86125 282384 35 3802 33 4572 267564 96921 6494 6494 94921 251563 700 206500 12283 3462 5
7296 137478 6494 6494 112442 81256 6756 243634 151112 6494 6494 54926 282384 35 1481 33 6709 537417 88596 6494 6494 115140 282384 35 3802 33 4937 304451 97558 6494 6494 34508 704 61979 12283 3462 5
4636 99465 6494 6494 386725 206500 12283 3462 5
6486 423386 141061 6494 6494 107846 81256 6756 458099 128371 6494 6494 41762 282384 35 1481 33 6709 185867 43402 6494 6494 23247 282384 35 3802 33 4937 401992 120018 6494 6494 79145 403 8390 384853 122553 56159 6494 81256 4481 214562 29279 6494 6494 10128 282384 35 1481 33 9330 375400 74329 6494 6494 22014 282384 35 3802 33 2715 116137 6494 6494 145357 17 4631 7 3 2506 4209 24 3 282384 8 83 2651 6599 35 170977 4 5282 109 206500 8 4 3952 4 3401 109 61979 8 4 3578 109 8 193423 4 2076 33 31 392 10 3 20498 341 5
134 231 3 508 19393 14 4631 53 3 2156 7 796 6383 276 120 8229 109 3 2156 7 796 6383 19 57 2589 109 278071 3 2156 7 796 6383 19 67 8229 109 122854 3 2156 7 796 56754 4 8 3 676 1030 89 7 70 1807 5
134 59 240 4 14 3 4209 2506 4 3 676 1030 89 4 88907 89 8 61 7 1366 89 5
134 4753 13 3150 2589 89 16 3628 6 500 13063 147 3150 5
364 71 7336 13 3 282384 27964 2537 1297 2007 2506 5
17 282384 31660 35 282 14 1481 33 14 3 992 7 708 1925 1583 35 98586 782 33 1601 3 2104 13 29 3 8855 1030 89 35 676 1030 89 49 596 147 3150 33 5
17 197 7 1925 1583 13 31 282 14 1807 35 3455 24 282384 31660 33 98586 782 5
17 197 7 1925 1583 13 31 282 14 1807 35 3455 24 282384 31660 33 5
17 282 2770 7 3 2156 7 796 5054 19 4568 2589 8 3 676 1030 89 31 1601 10 3 267 7 992 13 4286 704 1925 1583 5
17 197 7 1925 1583 13 31 282 14 3 3417 31 1595 10 3 98586 183 5
17 197 7 1925 1583 13 31 3 282 14 3417 35 3455 24 282384 31660 33 98586 183 5
17 197 7 1925 1583 13 31 3 282 14 3417 35 3455 24 282384 31660 33 5
134 1273 3 1506 14 3 6254 992 1746 565 5
134 1109 3 6254 992 1746 565 10 9 152 13 80 70 671 1865 52 3 3151 6 26 848 10 3 6254 992 4 807 671 3467 3151 76 1925 4949 4 8 13012 1925 10291 15 290 7 3 1254 1925 4949 5
17 1273 1506 1141 76 1250 3 9513 13 3150 7798 5524 15 3 6254 992 1746 5
17 1506 59 6409 2489 2785 1807 10808 297 537 6254 4949 5
17 1506 1589 10 3 1381 16 543 15 3 147461 5309 5
134 1798 661 13 3 1273 282384 31660 16 2651 19 3 83 6599 10 3 6854 5
17 1273 282384 1217 71 3855 10444 2506 496 4203 50773 400 5
17 3150 10808 1506 2464 177 533 5606 7 3 1925 992 1746 1506 5
17 3150 10808 16 4 10 46 1381 4 543 15 3 7768 2404 10291 432 5018 5
145 4102 16 1547 6 3 9513 13 1807 12124 2170 317 5447 5615 8 535 10779 10 9 11397 152 5
17 2515 1414 1506 10 173 6254 86 26 59 543 15 3 9513 13 3 6085 1030 400 486 1925 1583 4 49 3 6085 221 7 5211 31 22190 5
355 131318 21853 1030 89 148 67 30864 4 10869 31 220 133 21 23 1141 52 306 13063 25 38105 79 6 38105 2636 5
17 404 13 1030 89 148 67 30864 16 52 306 13063 16 3 665 7 9 23125 2073 4 32 1570 2106 23125 2882 5
134 59 9000 13 3 3272 10 1221 1030 89 486 2155 1925 1583 4 8 3 2463 7 8684 6 3124 1087 1925 517 71 26 3380 24 12510 22190 2757 35 7877 4 902 4 146 902 109 177 2325 4 2325 4 4 177 632 33 5
17 3558 601 2485 10 3 426 16 6 1800 2515 1414 1506 10 173 6254 543 15 22190 8783 5
81 85 6 252 4 22190 8783 2515 1414 2520 144 26 454 7889 24 20874 91 19 48 4759 1414 2520 5
134 1109 3 6254 992 1746 565 10 9 152 13 80 4 22 3 216 89 4 2118 3 3151 6 26 848 10 3 6254 992 4 8449 3112 3151 76 1925 4949 4 8 2118 1925 10291 15 290 7 3 4209 4949 5
134 10637 3 267 7 9 55692 4883 5
81 83 1299 80 5892 13 70 94957 27 3 216 2168 5
79 16335 6254 992 1746 8 10291 1994 565 144 26 10 3 426 59 1109 10 3 267 7 73929 4883 5
17 1273 31660 4 543 15 282384 88899 191244 4 144 26 10 3 426 2870 15 3 12714 3977 2642 5