81 46 1381 9 175314 499320 7732 32542 992 16 1273 21 9 3093 5018 6 1877 229 200 3074 5
2327 200 360 8 229 2911 9224 31 25810 21 29132 6 4764 3 57 168 426 2157 484 7 1570 1989 5
17 10900 7 869 484 1627 16 2239 1109 6 26 9 3558 8 533 2485 14 229 89 507 2376 5
17 5050 10900 7 869 484 5690 86 345 32 533 604 10 1533 706 1297 869 2696 5
17 10119 10 7678 192 4695 3443 10 3 13292 5266 8 8465 10 1562 869 484 1627 5
17 175314 499320 992 48692 9 131804 2129 6 3 992 17509 4 1749 3 992 6 5998 8 83568 34064 23069 1812 2520 5
17 1273 5533 9704 3 785 14 8 150038 4 3096 3 10900 1277 8 83538 7 3 992 5
61648 42 2828 19 1668 1762 8 2974 4303 923 2004 869 6 2258 3 7362 7 3 1506 5
17 522 4459 13 3 1273 1506 12134 21 166 21 3 48 2410 2520 276 3 236 14 445498 7 628 4 50906 2279 4 49 4165 2376 5
2904 484 10900 29 616 14081 964 518 297 706 8 1832 1151 5
17 10900 7 869 200 4695 16 177 1812 4 13926 6 3 13292 13703 1566 8 272 8465 1547 6 1562 200 4695 5
17 10119 7 3 200 8 869 484 1627 16 1547 6 9 221 7 2193 150 281 993 4 200 316 4 3699 1419 576 4 8 11130 951 3074 5
13927 477 4145 15 2911 9224 543 15 869 628 13 71 26 3883 15 9 1562 1625 5
1504 3 5681 7 192 9224 4 23 16 477 841 6 4764 1562 6 3704 4695 10 3 200 5
81 3 271 67 1208 4 9 528 636 7 601 14 7678 869 200 2696 29 45 1589 5
145 636 7 2505 4286 117 7732 1442 35 43826 33 6599 4 13563 7732 32542 2642 35 49894 33 5
79 221 7 192 2642 27 25810 448659 32542 2642 6 4764 869 4695 35 43925 323 4 3824 109 59726 323 214430 4 3495 109 4 4 323 4 1515 109 4 4 323 107085 4 744 109 4 4 323 4 280 109 4 4693 4 143912 4 323 4 1515 109 16253 4 359 109 4 2391 33 5
44883 4 4 8 7744 35 1515 33 10637 9 221 7 182439 8 2520 14 7678 869 200 4695 8 2696 5
17 34130 522 1282 13 3 131804 32542 992 35 19372 1506 33 93475 3 2029 448659 32542 992 35 653 37582 1506 33 10 7678 869 4695 5
364 30046 7 538 2029 119 71966 2642 16 3 785 14 3 928 628 197 4 47 522 10 1842 8958 15 4000 960 2757 5
659 1213 3 785 7 32542 992 17509 4 90 1296 27 1589 225392 32542 992 4538 35 18685 4 7744 4 24087 4 323 18150 4 280 109 12138 4 43571 4 323 91606 4 1422 109 4367 323 2552 4 1422 33 5
8169 4 50487 4 8 35 359 33 25810 9 5373 1506 13 848 26406 49569 15060 35 354604 33 4 49474 133951 9861 35 49894 33 4 8 4624 31660 35 37566 33 6 4764 3 484 7 108 346 1989 5
17 522 7 40 542 2573 13 3 161 168 869 484 86 26 2655 6 496 9 341 202 7 3 2755 871 4 9 964 3070 72 83 2029 2520 5
81 308 85 4 9 221 7 4538 150 22190 8783 4 4624 27964 4 8 36764 543 27964 27 45 25810 6 1297 448659 32542 2642 35 4 222466 4 323 4 911 109 323 4 280 109 24081 4 17733 4 323 4 1278 109 15669 323 7914 4 274 109 15669 4 6794 4 323 17555 4 2560 109 7744 4 332776 4 323 10886 4 502 109 323 23963 4 359 109 323 4 280 33 5
133951 2642 8 270 60401 4081 42 677 24 20848 4 4 8 35 2076 33 6 4764 869 484 1291 1627 4 3 522 7 47 661 3 19629 7 32542 2642 5
931 84 4538 27 2069 3 7453 7 3 1494 119 71966 32542 992 19 90 1028 8 1842 90 7 3 26966 7 439493 1547 6 5266 10104 5
81 46 1381 3 448659 7732 32542 992 9556 19 175314 375055 16 2042 21 9 3093 1217 6 7678 869 200 4695 5
17 2642 1175 6 4764 869 4695 16 1595 14 67 346 165 246 1989 8 16 677 6 184 2410 5373 5533 5
17 29182 4459 13 3 2059 27708 5533 1388 32 6804 653 7 773 677 6 83 2410 4538 5
79 2941 2898 7 175314 375055 16 848 6 581 9 2941 3519 15 3 42584 4188 3 5533 8 50 785 2333 10 229 89 507 11249 5
17 119 71966 32542 992 16 9 177 974 5533 10 3 857 7 49894 47 8635 15 12391 2854 4 3054 137 3 231 7 9 66590 10529 5018 6 1128 9 3112 3768 4859 35 171463 5
1153 26327 3768 33 5
98586 249 1708 9 614 6358 14 9 448659 32542 992 4 150 3 108 689 10746 7 3 1506 53 9796 4 4438 4 8 3354 5
17 2205 148 23791 10 98586 249 10 290 9419 16 18549 9 2662 5
145 2662 16 7545 21 9 16036 871 47 1708 9 1415 7 3 2205 148 67 30864 35 92954 4 3952 109 100928 4 3401 33 5
17 12391 2854 1092 893 192 17509 10 678 6 1128 3 3112 3768 4859 4 2239 1153 26327 3768 4 10 678 6 25450 3 992 14 231 15 4000 5036 5
79 346 492 14 192 4538 16 3 785 14 8 150038 47 2697 6 9 10104 7 3 5266 8 9 637 7 83538 7 3 992 5
903 6358 7 259297 448659 32542 992 98586 249 5
903 6358 7 259297 448659 32542 992 5
659 1128 3 785 14 4 9 17315 5533 424 21 175314 375055 18 1589 6 6585 108140 1443 76 166 5208 544 35 43778 323 34071 4 274 109 32559 4 3824 33 5
81 614 4 3 928 1092 16 1827 22 2790 3 5806 26327 3768 7 3 1506 3354 8 1341 871 5
175314 375055 3859 32 1117 1043 6 46 14392 53 35 249 33 114 7168 16 3 6905 4859 4 42385 16 3 5806 7 26327 5464 4 313941 16 5806 7 2842 7 3 992 17509 4 8 8 31 6905 4859 19393 35 32559 4 3824 33 5
81 3 175314 992 3 17509 31 1109 6951 23394 8 3847 40 15183 4859 16 1465 232 3 119464 2106 954 35 74980 323 37811 4 2773 33 53 35 341 33 114 19966 16 3 60401 7 992 17509 4 2482 2464 3 628 60401 4 8 2990 16 3 32542 992 1506 110 220 5
74980 8 37811 35 2773 33 5892 13 3 5266 10 3 628 18 201026 4 8 19 46 9513 42 488 6 2258 3 13300 15183 4859 14 3 17509 5
17 27708 7 3 375055 19393 8 1871 12538 3 196094 40056 7 7168 35 19966 33 22 3 3033 397 5
74980 8 37811 35 2773 33 1273 9 60029 6 3 196094 40056 47 16 537 92 3 928 31660 16 220 6 10680 3 3033 5
145 5533 9704 3 785 14 5204 22 325 244038 4 3847 1723 3 547694 7 3 992 5
17 16580 7 46 5533 16 3 131804 2129 7 3 992 17509 10 7488 6 3 392 628 197 8 1506 6684 5
238 9 32542 992 8527 10 1646 137 1117 4438 9419 23791 4 3 785 14 2238 4480 8 3 236 14 9 25017 197 6 2258 9 5964 397 16 2409 5
81 175314 499320 2642 4 10072 1812 2520 31 22285 21 6647 42326 17509 31 2875 2434 6 4568 5
17 992 36 13012 8 1649 15 3 247162 17509 4 59 424 21 3 1783 221 7 19393 4 47 36 26518 6 9 4599 21 3 992 8527 35 43778 323 34071 4 274 33 5
17 13292 5266 8 8465 7 869 553 18506 9 272 13300 7 8 150038 14 614 119 71966 2642 5
931 48 86684 2642 1128 3 808 7 125 8547 3 236 14 9 25017 1092 4 3847 1723 3 558 628 14 928 5
81 46 1381 4 9 108 26237 448659 49894 18 220 6 4764 1562 869 484 5690 5
17 1506 15995 7 32 9796 9419 4 4438 9419 4 8 3354 9419 13075 10 98586 249 5
376750 6 3 32542 992 848 1562 869 628 35 799 484 4 272 484 4 986 484 33 8 288 229 9224 4 47 42 3380 19 836 23791 10 3 9796 9419 5
17 3354 7 3 992 18 3 161 168 2157 484 7 3 3112 869 5
17 221 7 23791 10 3 4438 9419 18 3112 94425 24 13999 3 221 7 23791 285 3 1783 221 7 19393 1049 9 4599 871 5
17 9419 17509 7 3 992 42 30512 232 3 4644 7 74980 8 37811 35 2773 33 4 538 1153 26327 3768 21 3 773 8557 4859 5
79 105487 4859 18 3112 14 3 4438 9419 4 2677 3 462 871 36 705 10 3 1079 1356 4 249 1362 4 538 3 508 4859 35 8532 4 4164 33 53 35 459 33 17 6358 7 3 992 8 1783 221 7 19393 31 1595 10 20498 249 4 114 9 4438 9419 19 218 23791 18 5100 6 26 10581 528 5
17 992 18 7262 6 1649 14 93 48 58 11226 129759 4 22 47 397 3 27708 4082 51 12280 5
20498 249 5
49894 19393 14 1989 10 2007 5867 5
2904 244271 121625 30553 221 7 19393 1668 35 45782 33 500 459 72252 2974 4303 35 27689 33 500 459 38888 133951 992 928 16 282 9760 6 628 13 3809 496 9 396 14644 1079 4 2239 1601 24 90 40937 4644 5
81 46 542 4 628 18 48871 496 3 1079 1356 4 249 1362 24 3 231 7 3 4859 10 415722 1586 5
145 40937 4644 16 25810 95 13 1978 9796 2770 112 34 23707 1731 29132 4 1533 1128 992 3768 35 2552 4 1095 33 5
79 4435 7 46 4644 16 2828 15 3 3354 628 6 4498 3 869 871 10 3 3206 2367 103 4631 6 2755 628 5
2954 628 17 601 628 220 14 869 200 7736 10 46 542 18 3883 14 2974 4303 923 4 2004 35 27689 33 8 1668 1762 35 45782 33 5
17 676 221 7 5036 14 46 542 18 81014 951 222 4 25 503 548 590 6 1078 591 2560 5
3194 5907 15995 7 1562 317 150 799 484 4 272 484 4 986 484 4 408 484 4 8 951 3583 5
17 928 628 197 18 3112 21 3 74 1614 202 7 3 5036 4 125 3 2279 628 11824 3 1652 302 202 7 3 5036 5
17 32542 992 1506 18 220 6 4764 3 484 7 3 3112 869 57 168 10 3 426 5
766 7 3 558 628 18 25810 6 2882 3 3206 1646 7 3 992 4 1723 3 221 7 4438 9419 23791 285 3 1783 221 7 19393 21171 6 9 4599 871 5
79 4631 542 18 59 2828 6 960 3 15487 7 3 992 10 46 542 6 32 2410 5373 1506 24 8169 12283 3462 5
35 359 33 5
273 46 5867 4 628 18 3883 14 1911 2004 35 75955 33 8 647 2355 33484 1762 35 7071 33 5
17 676 221 7 5036 14 46 542 18 64907 951 222 25 183 753 1095 6 1004 548 744 5
17 928 197 14 46 5867 1038 951 222 25 183 753 1095 6 183 584 911 4 125 3 2279 628 1038 9686 951 222 25 698 584 911 6 1004 548 744 5
931 951 8 2279 4736 42 3112 6 1377 51647 10 5867 912 14 189 2520 5
16528 9224 3516 2911 9224 42 220 10 46 542 21 176 7 3 9796 23394 6 3 992 5
16528 9224 31 477 220 24 706 10 3 869 200 21 9 785 7787 14 7678 200 4695 35 2552 4 1095 33 5
79 221 7 9224 27 45 1589 4 377 97 9 33498 7 3 346 9224 42 220 10 46 542 5
79 614 1046 7 3 1806 6854 763 61477 3 346 9224 6 26 220 10 46 542 35 323 4 280 109 20848 12283 32330 4 2076 109 2552 323 10583 4 1515 33 5
17 9224 220 10 46 542 4 150 40 89616 4 31 43628 10 20498 341 5
766 7 192 9224 31 43420 25 3 4719 628 3883 14 290 869 5
20498 341 5
39652 2911 9224 8 40 26325 5
17699 7 9008 83719 6363 276162 1324 596 35 500 8 183 168 33 58589 2362 1291 35 114666 33 1320 1883 202 160269 9273 202 160269 2482 202 180164 16 3 2157 484 4 18238 16 3 799 484 4 186268 16 3 272 484 22 89 224603 207591 2916 4 3082 35 249 1635 18398 33 4 18398 16 3 89 566 14 18398 168 1324 596 35 79022 5
500 49 183 33 5
8 31 1391 272 8 2654 799 10 3 73 9575 222 5
480420 770 9907 484 337 109 144608 770 8369 484 337 22 89 9575 5
3673 1646 6013 17 74 967 7 3 5867 694 9409 3 3206 992 1646 14 3 175314 499320 992 5
17 628 14 27689 8 45782 42 10637 8118 4 22565 3 556 628 197 5
17 221 7 4438 9419 23791 18 5210 22 290 43241 285 9 4599 221 7 1783 19393 42 170 5
17 676 4438 9419 23791 42 5210 148 67 8 2752 4 10 47 9 871 7 218 18 170 6 26 10581 528 21 1595 10 20498 249 5
3673 3354 14 960 1989 17 522 7 3 992 10900 31 1595 10 98586 341 4 47 16323 3 57 168 426 2755 869 871 8 2655 869 871 5
17 175314 499320 992 1708 15 596 9 6117 9330 202 2338 6 426 869 360 14 189 1989 72 3 556 951 566 5
17 718 8 1520 1989 42 3112 106 7 3 3272 10 386 200 3074 8 8465 5
1668 869 18 1695 5431 72 3 4385 7 3 951 566 21 166 21 10 1562 951 5
17 1273 1506 18 488 6 3383 46 5266 8 8465 276 3 628 47 71 26 381 10 3 2338 14 2279 628 35 266 1281 168 3784 33 5
145 665 1708 660 13 3 1506 71 3383 528 93927 19 964 5266 8 8465 125 5714 547694 5
194896 5
459 8 503 842 3 522 7 46 5867 18652 21 1341 869 484 4830 2655 484 5
17 15610 517 6154 9 517 19 9 14314 7 57 4 47 51 4459 9 2170 2338 5
17 1842 3768 10 3 928 628 16 230 4 658 4 3 1574 1724 10 3 2279 628 1708 660 13 3 1506 16 1691 3206 83538 5
364 168 426 869 484 4830 951 168 53 1506 10900 8 2755 98586 341 5
364 168 426 869 484 4830 951 168 53 1506 10900 8 2755 869 484 5
75250 7 72445 1341 8 2655 869 484 57 168 426 871 98586 459 5
75250 7 72445 1341 8 2655 869 484 57 168 426 871 5
75250 7 2974 4303 1341 8 2655 869 484 57 168 426 98586 503 5
75250 7 2974 4303 1341 8 2655 869 484 57 168 426 871 5
13385 13377 17 773 7 3 175314 499320 7732 32542 992 18 5559 24 8116 3 1153 6474 2156 3768 35 33 5
145 773 13377 29 45 220 10 9 221 7 2062 8 1708 32 1783 770 7 9409 3 53562 7 3 1506 14 7678 1562 4695 35 15669 323 7914 4 274 109 15669 12283 32330 4 2560 109 8169 12283 32330 4 359 33 5
145 13377 16 74 7154 24 1913 3 6474 871 7 3 44398 148 3 2755 869 484 8 3 2655 869 484 5
145 871 16 153 3868 24 3 2755 869 484 8 27704 24 577 6 2258 3 2156 3768 7 3 1570 628 397 5
145 4644 16 2828 72 3 1519 951 904 4 19413 4 8 153 3868 24 676 951 222 6 3773 22 3 871 5
17 871 16 43420 538 3 508 14392 53 35 503 33 114 24880 16 3 676 221 7 951 222 4 348130 16 3 2755 869 484 15 168 4114 4 8 64943 16 3 2655 869 484 15 168 4114 5
11391 20498 459 6274 3 9345 522 14 3 67 1989 35 27689 8 45782 33 3112 14 46 542 5
17 871 18 7154 14 3 928 4 2279 4 8 676 628 2757 6 4112 3 7362 7 3 1506 22 7678 4000 628 5
66 16 2794 6 1963 3 396 871 14 290 869 154 3 2279 4141 5
931 2770 4459 13 15 596 4 3 175314 499320 992 71 4764 3 869 484 6 496 9330 202 8958 5
20498 459 5
46061 8958 7 3 175314 499320 49894 5
2904 12266 35 202 33 2954 197 35 202 33 5640 35 202 33 1668 35 45782 33 2974 4303 35 27689 33 329148 430728 81 678 6 960 3 15487 7 46 1217 4 3 992 18 2870 111 3 216 628 197 220 10 8169 12283 3462 5
35 359 33 6 1752 6786 3 67 2520 5
435 9 9951 2376 4 3 992 6358 14 46 1506 848 17003 4438 23791 4 21 2400 6 3 218 23791 10 3 74 5867 5
17 522 7 46 5867 31 1595 10 20498 503 8 18652 10 98586 500 5
17 522 240 13 175314 499320 992 4048 31 21 206 21 189 3 17120 1506 8 3 1506 10 8169 12283 3462 5
35 359 33 5
17 628 25 65588 459 8 503 661 13 3 1273 1506 16 32 1783 5533 14 21853 161 168 2157 360 8 71 581 9 25033 229 89 507 10900 4462 677 6 83 825 2410 32542 992 4538 5
20498 503 5
46061 8958 4631 19 8169 12283 3462 5
35 359 33 5
2904 610 29139 6474 202 3768 35 33 10 1877 14 9686 960 100402 35496 175314 49894 22528 1506 19 16036 1911 2004 35 75955 33 7071 2771 35 7071 33 9 28043 25 8169 12283 3462 5
35 359 33 364 168 426 869 484 10900 14 4631 19 8169 12283 3462 98586 500 5
364 168 426 869 484 10900 14 4631 19 8169 12283 3462 5
35 359 33 5
81 46 1381 9 3093 89 507 11249 4462 18 2042 5
17 1506 10556 175314 375055 19 3 31660 6 1877 3 1627 7 869 360 5
17 522 7 46 1506 4459 13 46 4462 9704 3 785 14 8 325 244038 2506 13 7081 16216 32542 992 4538 5
17 131804 2129 7 3 992 17509 2228 3 3469 6 5875 2601 3 992 276 1723 3 552 7 137 3 231 7 3 1783 221 7 19393 5
17 1273 1506 661 632 83538 19 2201 6 308 869 4695 14 67 291 10 11264 200 30951 5
659 8612 3 15487 7 46 1506 4 3 992 18 677 6 32 2410 5373 32542 992 1506 24 8169 12283 3462 5
35 359 33 5
17 522 4459 13 3 11249 1175 7 3 1506 10 46 542 16 5870 4 8 2475 7156 4 6 3 17120 1506 8 1506 5
53139 7 869 200 4695 16 177 533 14 3 726 7 1783 951 5310 5
145 1506 16 9 3093 1217 6 12538 46 565 2125 8 71 581 4634 9 5314 5533 14 7678 426 360 5
66 16 533 6 1963 13 1243 49 29555 7 83 2911 9224 86 1297 3 1277 7 46 1506 10 426 2333 5