6305 967 29006 1222 1215 2238 3 552 7 11255 1222 5
17 9382 713 297 89127 826 31 302 202 568 58 3 614 1193 4 3847 10 308 85 3 13527 7 3 11255 284 29 343 9 346 397 7 1101 14 124004 361 10 826 5
38571 993 18889 3 247 7 9 17913 2119 8 383 3475 26 5144 5
17 3316 7 46 542 16 6 1800 1877 2520 13 71 4764 3 11255 3115 7 1103 89127 35 9091 33 826 5
7337 5630 6 3 953 4309 8 3 29991 1215 7 826 18 3883 154 3 74 630 190 7 29006 3780 4233 8 153 220 6 4764 3 311506 7 11255 993 496 9 70348 89 2801 5
3735 3136 1103 89127 826 18 3883 5
79 139990 67929 56018 1506 8 9 6951 4895 1506 42 1589 8 220 14 31392 4631 5
3265 1877 1506 18 2870 15 302 202 7 3 628 8 9 507507 2858 25017 1217 18 220 6 27241 3 6951 4895 1506 5
23333 4895 661 568 773 19 57736 7 3 102187 11963 8 9512 568 58 1551 202 10 189 3 49668 3909 2520 4 7556 13 6951 7228 31 488 6 9239 103860 5897 19696 10 3 2419 904 5
6165 7 3376 2082 7 12911 3238 8 56018 225419 42 220 6 1811 7726 76 3 2520 6227 5
134 170 61 13 20162 8 32 15672 1215 3092 1951 11255 3115 10 1103 9091 826 5
3763 3 104 533 23394 10 3 1506 42 1327 960 23394 133 21 3 676 7619 2038 4 2156 871 7 115863 4 676 7619 2038 4 119989 8 3298 35713 7619 5
7729 7 826 8 2059 637 10 3 74 288 190 7 29006 3780 4233 42 59 1695 694 10 3 10900 5
79 1370 3003 7 3 12251 694 10 3 311506 7 11255 993 10 17913 826 71 1377 7018 6 8172 10 3 3206 4230 65 9 11286 11255 1215 16 1658 5
77554 6781 1222 967 29006 1222 29006 1606 4895 3780 4233 2801 715 8583 7 3376 3238
38571 35 24558 33 59344 8 9382 31 177 272 14318 912 10 826 1768 24 5418 6781 1222 35 69300 33 5
81 644 4 11255 993 31 3 557 899 7 365 297 194 967 29006 1222 35 103766 33 826 4 79022 5
22 3 73 967 7 69300 65 284833 43037 16 9568 35 9669 12283 32330 4 2076 33 5
79 272 221 7 103766 826 2644 17066 154 3 2007 4141 7 29006 3780 4233 35 29873 4 323 20077 4 2076 33 5
238 9 935 7 644 4 3 9382 489 297 89127 35 9091 33 826 15471 13 7 3 614 1193 24 302 202 147 64 8 32 141 568 9382 489 29 45 217 496 3 74 64 7 28767 7 9091 953 35 32541 12283 32330 4 359 33 5
1249 11255 1222 8 6781 1222 31 2402 1547 35 7486 4 2804 33 4 11255 552 2193 297 103766 826 539 138 1658 10 3 614 1193 8 3 1117 552 2193 1547 19 5418 29006 1606 35 142898 33 5
17 552 2193 539 53 8174 11411 7 17913 826 2288 9 272 14318 7 169453 4 133 21 4171 4 20917 4 43950 921 1606 4 2489 8982 1606 8 22019 138512 463 6 29006 1241 5
7219 3 552 7 11255 1222 2109 16 454 853 24 227211 8 22019 552 2193 4 150 227211 29765 463 6 15685 3583 2840 4 1327 775 29765 4 3 1892 7 41906 66377 4 26236 4 306794 4 89264 18503 8 853 250141 2193 35 153579 12283 32330 4 1515 33 5
21669 4 10 308 85 4 13527 7 3 11255 284 29 343 9 346 19729 397 10 124004 361 21 4652 11255 993 18889 3 247 7 103766 826 8 383 26 5144 5
2330 3 271 265 1208 856 1164 29 45 747 6 3 6708 8 891 7 24558 7436 10 69300 826 53 19 46 3316 16719 4 30512 5310 14 6350 27 45 1273 5
527 4 3 2370 4005 31 1574 8 3606 4653 16 477 9145 215 411 4 3847 7556 11266 10 5470 9568 993 10 9091 826 5
1354 3 261 1478 7 9 24558 715 8 3 126148 2193 236 454 777 10 678 6 333 1445 3 12251 4919 11255 284 9038 10 69300 826 8 1368 49 1128 50 15778 5
26858 47 428024 8 29991 1547 23394 31 104 694 10 133 6347 16 59 3456 5
214 152 48 1783 8 1967 953 5310 71 26 12492 6 4472 3 552 7 11255 1222 10 69300 826 5
10206 10771 7 628 71 26 3883 154 29006 3780 4233 516 53 89127 826 31 1804 108 400 147 122 10 7327 8 3 628 5630 6 40 29991 1215 4 10 1243 6 3 953 19393 4 71 26 2236 5
81 644 4 23512 71 2093 909 628 25 3 17913 4081 8 3 3726 2438 35 133 21 1327 3583 7414 4 26653 10242 7414 8 3154 14555 1593 33 8 20 628 71 26 5998 7545 10 9 3606 5536 5
7337 4242 4309 27 1595 40 146218 10 11533 4438 317 8 5897 297 2236 3606 628 35 147113 4 467107 4 4 32972 4 323 7914 4 590 109 16597 4 2560 33 5
999 3032 938 11036 7 3606 628 4 3 11255 552 86 26 1221 48 19664 10 678 6 250486 826 8 6872 261 4653 4 47 86 1368 3 15778 7 4652 9568 993 35 15669 4 6794 4 323 16964 4 2076 109 258906 4 2552 4 323 10141 4 2076 33 5
17 10119 7 3 4919 24024 8 3 1892 7 632 103860 3898 297 3 23394 694 8 3 11255 3115 1919 3 231 7 9 103860 2953 2854 5018 4 133 21 9 6951 4895 1506 35 318253 323 141714 4 2076 33 5
23333 7228 42 3467 106 43 31 488 6 2705 103860 5897 10 3 628 8 43 31 2497 6 1297 3 31392 7453 7 7081 220 27728 4309 5
17 3316 7 46 542 16 3475 6 1800 9 6951 4895 35 31524 33 1506 14 3 4251 10900 7 11255 993 10 1103 9091 826 8 10158 50 3070 19 2201 6 9 2029 27728 1506 5
273 46 1033 3 31524 1506 16 677 19 9 2029 27728 1506 4 3 67929 56018 5
9757 1746 145 16 9 15908 542 7 1103 89127 826 4 79022 5
826 37 574 9091 953 14 3 74 89 5
17 9091 4760 42 2828 10 102516 2295 4780 7327 5
7337 220 10 46 542 29 45 16277 25 5536 35 531372 12283 32330 4 1278 109 163100 12283 32330 4 911 33 4 32 2979 5536 1254 24 102516 2295 4780 6 4112 3 629 19393 7 17913 953 5
81 129 542 3 628 624 25 826 10 7327 2852 10 5176 8 1598 5
81 1654 4 3 628 3883 10 1598 269 25 826 1204 9091 953 148 502 8 280 109 3 628 3883 10 5176 269 25 826 1204 3 953 148 502 8 590 5
17 2376 7 1103 9091 826 16 7 518 463 6 3 272 16316 7 11255 1222 15778 8 11255 993 217 154 3 1431 566 7 29006 3780 4233 35 326158 33 5
4665 6854 2048 13 3 629 6589 557 6 3 9038 7 3 11255 284 236 6 26 4729 154 3 74 566 7 9091 516 35 32541 12283 32330 4 359 109 29873 12283 32330 4 2076 33 5
43345 9091 826 42 979 14 630 190 54 3 1431 7 326158 10 678 6 4764 3 15778 7 9568 993 5
17 10637 566 7 630 190 18 2714 76 70348 20587 4 79022 5
76 108 6275 89 3909 35 71142 33 53 3082 190 4 3082 190 4 404322 3082 190 5
901 523 2520 42 9168 53 35 249 33 3 10900 1506 7 993 10 392 3 628 7 109 35 341 33 3 10900 1506 7 993 10 404322 392 3 628 7 5
99974 6680 42 53 731 1298 630 85 4 365 154 3 42205 566 7 4000 49 326288 8416 4 15778 7 29006 31428 4 1268 7 628 25 9091 953 5
10095 42 74830 76 67 600 14 46302 19372 53 826 37 2548 9 11255 993 35 33 10 3 6275 708 190 54 3 498 42205 89 2801 35 520154 182 33 8 826 37 155 34 791 120 964 715 10 3 6275 708 190 35 532 182 33 5
17 508 912 2118 32 715 19372 21 11255 53 11255 9382 4 311506 7 84 11255 411734 4 49 11255 23026 5
17 193442 395 35821 284 4 3322 24 3 284 4 7928 7379 7 9 520154 5
766 3 4394 7 3 52154 284 10310 111139 4 15388 8 71546 4968 4394 42 1109 21 19846 24558 4394 5
98586 249 61685 3 1056 52 826 220 6 13014 3 2520 21 166 21 3 1056 7 3 826 37 1074 61 7 3 864 5
31022 6027 7 3 542 98586 249 5
31022 6027 7 3 542 5
29495 61 1809 8 221 7 826 10 3 67 89 3909 31 6755 5
252980 8 2419 21946 423851 826 31 7081 1804 108 400 147 122 15 9091 953 5
81 102516 2295 4780 7327 4 22 290 9091 1986 4 29991 23394 8 953 9937 31 7545 10 3 5536 5
7219 1327 1665 8 784 16175 31 2239 2828 480 147 191 4 6 4112 3 244 1799 7 826 53 20 1564 31 59 7545 10 3 5536 5
1563 2376 3467 4 14 290 2119 4 3 508 197 7 23394 16277 25 3 5536 53 3 89 507 7 3 29991 23394 5559 22 290 9091 1986 35 1327 775 4 921 489 4 636 2059
81 290 89 2801 4 3 1153 2770 7 3 49668 507 42 43420 8 220 21 58818 5
10526 3 2156 7 2059 637 154 3 288 190 18 43420 538 3 1270 953 2059 13693 5
81 10028 4 3128 2000 42 3455 5
20498 249 576 3 1332 858 7 2000 220 21 58818 10 290 89 2801 5
20498 249 5
67440 2770 7 1268 628 4 67929 56018 85612 2770 8 6951 4895 12911 3238 3247 5
72312 6652 15060 15060 19417 628 35 202 33 9421 31524 382328 202 31524 382328 1846 19417 628 202 9421 31524 382328 35 202 33 31524 382328 1846 29139 63525 775 35 40476 9091 33 35 131855 33 249 6494 459 306 6494 459 302 29139 63525 775 35 1270 9091 33 35 131855 33 341 6494 260591 503 698 6494 459 1004 29139 13672 447598 35 131855 33 459 6494 458810 11102 25343 500 782 6494 459 985 29139 79655 775 35 40476 9091 33 35 131855 33 503 6494 459 889 6494 503 407 29139 79655 775 35 1270 9091 33 35 131855 33 500 6494 11102 25343 459 1227 6494 11102 25343 708 500 29139 13672 79655 35 131855 33 708 6494 503 685 6494 440821 459 1227 29139 16236 775 35 40476 9091 33 35 131855 33 700 6494 503 697 6494 503 630 29139 16236 775 35 1270 9091 33 35 131855 33 704 6494 500 704 6494 356434 11102 27063 503 800 29139 13672 16236 775 35 131855 33 782 6494 9279 183 6494 459 889 29139 921 489 35 40476 9091 35 210277 33 183 6494 459 1239 6494 459 1078 29139 921 489 35 1270 9091 35 210277 33 407 6494 459 1173 6494 459 1239 29139 13672 921 489 35 33 403 6494 355512 5
459 2131 6494 11102 25343 503 183 29139 13672 2059 35 9091 1270 9091 40476 33 35 290517 33 698 6494 409706 11102 27063 503 800 6494 11102 25343 459 605 22213 2156 637 10 288 190 35 202 33 685 6494 318334 5
708 708 6494 11102 25343 503 782 366561 35 6494 3082 266348 4 249 3082 9091 33 409 6494 6494 2918 6494 249 3128 29139 16173 320553 35 33 697 249 249 2592 6494 341 2592 29139 83763 320553 35 33 800 6494 290397 5
341 1596 6494 399436 11102 27063 341 2723 29139 676 9785 372 147 9091 1986 35 67985 33 630 6494 503 1004 6494 459 2131 320553 4879 35 33 947 6494 249 2919 6494 341 1596 29139 1327 3154 35 33 302 249 440821 545362 459 1135 6494 503 403 29139 79280 2807 489 35 202 33 1004 700 11102 25343 503 302 459 11102 25343 503 947 29139 31732 35 33 985 708 503 409 503 115998 459 1403 29139 16173 35 33 1135 700 5
503 630 503 470949 5
459 1173 29139 17597 42757 35 33 889 500 545362 503 403 341 158270 5
459 1135 29139 42757 35 33 605 503 503 947 341 503 697 29139 259809 871 35 33 1239 403 379970 11102 27063 459 1403 503 11102 25343 500 704 29139 17597 35 33 1173 503 509244 11102 25343 459 985 341 322494 11102 25343 503 698 29139 338820 35 202 33 1227 708 5
459 1078 503 431812 5
459 306 29139 119561 35 33 1403 503 459 2511 341 503 685 29139 676 7619 2038 35 33 306 605 11102 25343 407 249 1004 11102 25343 704 459 29139 115863 2038 35 33 1078 697 11102 27063 700 500 700 11102 25343 500 700 29139 115863 2156 35 202 33 2131 2511 115998 704 341 605 698 249 29139 119989 35 20792 9091 33 35 33 2511 403 115998 500 700 782 11102 27063 708 503 29139 3298 193563 51954 35 33 2723 1239 383426 11102 25343 700 503 630 11102 25343 183 341 7729 35 85 33 1596 6494 11102 25343 700 459 6494 11102 25343 708 708 18054 2592 6494 11102 25343 459 2723 6494 11102 25343 503 409 7189 1222 2919 6494 6494 3128 6494 249 2919 302549 2918 6494 11102 25343 500 407 6494 11102 25343 459 2511 92142 54747 6874 3128 6494 11102 25343 459 605 6494 5
249 2918 9 194510 53 614 27728 1506 5
8862 9965 6 3 7444 7 194510 225419 5
8258 31524 21456 53 6951 4895 12911 3238 35 1153 2770 3455 24 3 500 2858 25017 2520 33 5
5547 5
53 34 17281 964 5
7337 337482 7337 4242 4538 71 26 220 6 5998 10775 4116 2520 25 2979 14431 10 47 528 1058 7 628 27 45 7545 5
7219 192 4309 71 26 220 6 1800 32 6062 421 270 284 14 23512 5
527 4 10 3 28487 857 4 3 689 1341 7 2979 3606 14431 16 6 1392 8 210 3606 628 3883 154 3 361 650 95 6 26 2093 6733 25 23512 5
8616 3 1277 7 628 142 34 535 772 628 4242 3212 8 83 628 5447 738 35 323 3651 4 1422 33 5
17 74 1236 10 7623 628 4242 6 3606 628 16 6 650 3 628 5
81 3 498 542 4 628 18 3577 370551 6 1297 3 7362 7 628 4242 4538 5
19417 628 16 9 1029 565 5
273 290 2419 1268 628 18 22682 19 3 7074 871 7 3 2419 72 3 1519 1193 10 3 1109 89 2801 5
999 3 2419 21946 4644 4 80 1146 67 93927 5
110507 7 1268 628 10 3 67 93927 31 217 10 20498 249 5
2927 4 3 628 18 18139 6 1262 3 1951 7 3 6474 2770 8 7 31389 34602 15 3 10900 2520 5
1614 202 7 3 628 18 848 10 3 928 197 8 3 1652 628 18 220 6 27241 3 6227 31392 2520 35 2279 197 33 5
79 507507 2858 25017 1217 18 220 6 11804 3 773 8557 5
17 19372 565 163 2376 16 1695 32165 53 97 183 202 7 826 27 9 520154 10 3 161 70348 9892 566 5
238 10 117 32165 544 4 3 689 733 16 6 1018 3 4007 19372 7 3 2022 1427 79022 5
6 4498 3 7379 7 826 22 568 552 7 9568 993 5
659 3383 3 32165 1427 492 4 32 1217 543 15 21072 12540 4538 18 3112 53 10 3 928 197 3 2976 1427 18 14027 509409 285 189 3 3597 27 3 216 13300 5
72 12540 340 34 474 317 44 5121 3 2059 7 3 2976 1427 35 9091 826 19 24558 993 33 5
151262 4309 901 523 2953 2854 4309 42 3322 6 13014 520154 31392 2520 53 139990 67929 56018 8 6951 4895 5
931 4309 42 3677 14 3 67 523 89 3909 163 777 5
64604 56018 1506 81 3 10900 565 163 2376 3 3115 12911 16 46302 4 79022 5
290 2119 71 27 49 34 9 11255 715 10 3 161 89 2801 4 3847 3 2795 197 55 14 9 27728 67929 56018 1506 18 1109 22 74 5
134 27 6517 9892 9906 35 94604 4 19174 33 114 3 1070 12911 12662 58508 6494 4 249 56012 8 3 34141 60401 5
134 92443 3 56018 4859 24 9 27728 67929 1506 538 3 139990 31660 5
17 67929 56018 4859 53 35 249 33 16 220 6 2338 3 628 8 3 139990 1217 3511 13 3 508 1215 383 817 53 35 341 33 17 139990 31660 16 9 11245 5018 14 56018 13 2527 9 1936 1043 6 2769 9 23604 2104 53 97 23394 2537 694 10 3 56018 1506 4498 9 14510 55833 85612 871 35 12051 4 168821 4 323 4 590 33 5
17 139990 1936 85612 42540 6 9 422434 2543 4 47 2102 225419 6 26 408 6 4568 5
1637 9 396 33498 36 26 1978 58 4568 4 3 83 225419 36 26 95 408 6 4568 13 43 31 197 6 4568 6 397 61 13 40 604 10 3 10900 650 16 11992 5
139990 16 3999 20575 6 1695 31270 58818 4 8 36 3130 6 1790 57 8 5731 3 461 35 12051 12283 32330 4 590 33 5
704 13091 2858 25017 18 220 10 3 928 197 6 5339 3 282 139990 1043 14 3 56018 1506 5
3260 5464 7 3 1570 165644 3768 713 14 290 7 3 583 1172 42 3455 8 3 871 7 13 53300 3 165644 3768 489 18 1658 5
57 2029 3768 1396 18 220 6 5339 3 104 86684 1506 446 1153 165644 3768 18 34 1978 58 57 2029 3768 7 3 282 1506 4 79022 5
3 1506 19 3 2654 1153 165644 3768 5
17 12510 871 3390 6 3 7379 7 9 1506 19 9 1842 221 7 310387 56018 225419 98586 341 5
35 9 33 518842 3768 11963 3455 538 2858 25017 154 3 98586 341 5
35 9 33 518842 3768 11963 3455 538 2858 25017 154 3 27708 650 7 139990 1043 10 1506 5
35 8862 33 518842 3768 11963 3455 538 2858 25017 154 3 27708 650 7 139990 1043 10 71142 1506 5
81 290 29540 3 8248 14042 517 42540 6 3 3033 1153 165644 3768 35 12510 6 1227 8 1173 2000 10 3 67 2520 3995 33 8 3 760 14042 517 6 3 612 871 7 95 13 3 3768 16 496 57 2029 3768 7 3 3033 5
145 16 3 95 226 57 2029 3768 1396 5
17 20045 38629 15 3 260 9965 6 3 1646 7 3 1506 109 79022 5
3 221 7 310387 3893 3455 538 3 12510 871 5
17 139990 38616 12244 310387 225419 4 47 31 14234 1537 4568 4 8 10 614 31 34 4547 4 79022 5
3 2082 112 34 26518 6 3 1359 2770 21 3 5907 1646 8527 35 168821 4 4 323 12051 1278 33 5
273 46 1033 4 54 3 7379 7 3 33498 7 310387 225419 24 7623 3 139990 31660 4 32 21301 614 27728 1506 18 2828 6 3 3467 2000 6 4498 3 4547 2770 7 3 225419 5
23333 4895 1506 79 6951 4895 29 45 4939 24 21 9 303777 14484 7 9 2137 7 3472 10032 536044 35 4 1278 33 5
3194 3472 7 3 4895 16380 9 1513 505 4 31370 290 9796 6 3 104 338 4336 1427 5
81 46 542 3 6951 4895 34141 18 9168 24 427 3 596 7 3 3472 1584 14 290 9796 4 79022 5
14 290 5606 10 3 628 197 4 9863 9 71488 13300 871 7 441 9 520154 14 290 2119 21 3354 5
27450 221 738 6 26 22 248 57 678 7 7060 568 58 3 221 7 2000 10 678 6 67396 5576 70 3 2419 904 154 3 4895 589 5
4036 13 3 2419 221 16 3128 4 7228 9935 24 3918 2855 42 1109 10 46 542 5
3763 9 10581 272 221 7 2855 5415 13 70 3 928 628 31 220 4 8 3847 87 16 93 317 637 5
119335 170225 1291 35 323 204008 4 911 33 18 220 6 2714 3 30864 109 23 16 9 1415 7 3 170225 7 9 2419 19 2201 6 3354 3597 35 10 129 565 520154 8 532 182 33 5
17 2419 19 3 1391 119335 1291 18 3112 21 2714 10 13 38105 5
23333 7228 31 57 7 3 104 1408 12516 4309 25246 272 773 10 307 2333 2638 106 43 31 488 6 2705 103860 5897 10 3 628 8 6 9239 3 19696 5897 4 3847 3096 19372 3800 5
7219 3 5018 16 2025 8 5394 6 5266 8 23 16 488 6 2093 3383 189 28579 8 58994 628 35 4 911 33 5
18607 7 3238 7 290 12911 10 3 6951 4895 71 26 1221 10 678 6 1445 47 23394 27 568 2059 10 3 19372 5
273 290 12911 9 2156 871 7 3238 18 43420 538 3 61 7 3376 35 33 197 7 628 7 290 3472 7 3 4895 35 4 1278 33 5
273 290 3472 4 197 7 628 16 3 176 7 3 100402 13 16 197 2853 589 3 3472 8 95 71 26 220 6 960 3 773 7 3 3472 5
81 3 4644 1273 24 4 2770 7 290 12911 10 3 31 14027 57 22 3 89 5
273 290 12911 4 3800 7 3 4895 4 19 8 276 2770 4 31 677 10 970 7 165644 489 5
17 474 10 165644 489 463 6 3 123192 7 2770 16 22652 6 3 3238 7 3 12911 10 3 31392 1506 5
273 290 12911 9 2156 871 7 3238 16 3455 53 23 16 3 9426 2156 10 165644 489 3455 15 3 61 7 3376 5907 24 14027 3 2770 7 3 1109 12911 5
10941 3 3455 2156 871 4 48 533 16 3 604 7 13 12911 10 3 303777 773 5
11391 31 1595 10 970 7 303777 773 15 3 2279 197 14 290 1506 8 14 290 31392 5018 5
622 2376 7 3 2059 7 3 23394 10 3 10900 4644 16 59 217 5
64604 56018 139990 31660 1658 10 189 3 6227 2520 35 8 33 9 33498 7 23394 2537 694 10 3 11255 993 10900 5
81 1654 10 189 3 2520 4 538 3 57 2029 3768 1396 1217 4 108791 9935 24 1004 58818 61 7 3 1332 197 7 3128 42 1658 5
98586 341 842 3 1153 2858 24637 3768 11963 21 166 21 3 57 2029 44398 1079 14 189 3 2520 53 98586 341 35 9 33 9965 6 3 74 89 2801 1506 35 33 8 98586 341 35 8862 33 9965 6 3 169 89 2801 1506 35 33 5
20498 249 842 3 2770 7 4547 225419 3455 10104 32 21301 67929 1506 6 3 197 7 2000 3467 137 3 139990 56018 1217 5
409 8 630 225419 10 3 74 8 169 89 2801 2520 3995 4 31 17281 964 10 3 21301 614 27728 1506 5
67929 56018 1506 4 79022 5
3 2376 7 3 74 89 2801 4 661 3 508 773 53 352 163 3 11963 35 57736 33 7 3 102187 11963 3628 6 106455 202 4 9 2029 3768 35 5 33
7 5347 202 4 19 9 5180 202 1493 12634 35 5 33
16108 6 202 5
102187 31568 397 14 282 9512 8 48581 42540 6 9 9512 7 199763 202 35 5180 202 5
53 202 33 8 9 48581 7 81365 202 35 5180 202 5
53 202 33 4 8958 7 148808 202 8 69731 19372 489 7 122165 202 5
67929 56018 1506 4 79022 5
3 2376 7 3 169 89 2801 4 661 3 508 773 53 32 57736 7 3 102187 11963 3628 6 136081 202 35 5
53 18821 202 109 5180 202 5
53 202 33 5
102187 31568 397 14 282 9512 8 48581 1708 9512 7 109575 202 35 5180 202 5
53 202 33 8 48581 7 106455 202 35 5180 202 5
53 202 33 4 8958 7 102211 202 8 69731 19372 489 7 61829 202 5
102187 23070 7 3 67929 56018 2520 10 3 67 523 89 3909 31 1595 10 98586 459 19 3 3349 8 16228 8248 23070 5
81 189 3 745 3 57736 16 2537 568 58 575 202 4 79022 5
568 58 3 57736 7 9 6951 303777 5
102187 23070 7 3 67 1273 2520 10 3 67 523 89 3909 98586 459 5
102187 23070 7 3 67 1273 2520 10 3 67 523 89 3909 5
152149 8248 23070 7253 6 3 67929 56018 2520 5
31096 760 11963 6 3 6951 4895 2520 53 5180 202 1493 16275 3455 24 2858 25017 31 2682 5
152149 760 11963 9965 6 3 6951 303777 5
8455 53 102187 23070 3655 6 67929 56018 1506 35 57736 3082 106455 202 33 8 6 6951 4895 1506 35 57736 3082 101281 196049 4611 202 33 5
4979 53 102187 23070 3655 6 67929 56018 1506 35 57736 3082 136081 202 33 8 6 6951 4895 1506 35 57736 3082 136763 196049 11431 202 33 5
23333 4895 6951 4895 1506 9098 15 3 1332 197 7 3128 58818 538 3 507507 2858 25017 1217 661 32 57736 7 3 102187 11963 3628 6 101281 196049 4611 202 35 5180 202 5
53 202 33 5
102187 31568 397 14 282 9512 8 48581 18 1658 9863 9 9512 3628 6 99566 196049 9102 202 8 9 48581 3628 6 111615 196049 9102 202 5
17 8958 7 3 2520 18 102211 196049 8370 202 19 9 69731 19372 489 3628 6 61829 196049 8370 202 5
6951 4895 1506 1148 15 3 1519 197 7 3128 58818 538 3 507507 2858 25017 1217 661 32 57736 7 3 102187 11963 3628 6 101281 196049 21328 202 35 5180 202 5
53 202 33 5
102187 31568 397 48779 6 9 9512 7 98103 196049 12775 202 8 9 48581 3628 6 93283 196049 12604 202 5
17 8958 7 3 2520 18 104774 196049 11544 202 19 9 69731 19372 489 7 53309 196049 11544 202 5
98586 459 842 3 102187 23070 7 6951 4895 2520 53 15 3 203 102187 23070 3876 6 2520 8 15 3 243 102187 23070 3876 6 2520 31 2682 5
2302 3349 23070 7253 6 6951 4895 2520 21 8248 16228 23070 7253 6 67929 56018 2520 5
81 189 3 2520 8 10 189 89 3909 3 57736 16 2537 568 58 3 57736 7 9 6951 303777 35 16228 760 517 33 5
22635 16275 3455 19 2858 25017 31 1595 100 14 6951 4895 1506 121 46 25017 5018 18 34 220 19 3 67929 56018 1217 5
20498 249 842 3 2770 7 3 3238 7 290 2419 10 3 6951 4895 2520 8 3 12510 678 7 3238 35 2770 42 3455 21 3 1153 7 3 500 2082 3455 10 3 500 31080 7 2858 25017 33 5
273 946 4 10 3 74 1506 4 3 74 7577 18 6586 6 3 2419 1153 676 7619 2038 35 1846 249 10 3 4848 31524 21456 10 20498 249 33 4 47 217 9 12911 3238 7 407 202 35 196 4848 31524 21456 202 10 20498 249 33 5
66 770 13 446606 3 2770 7 46 12911 3 165644 3768 2238 7 407 202 5
1504 308 7204 10 124004 361 8 680 3 1723 63251 10 17913 953 516 4 3 311506 7 11255 7436 10 9091 826 16 149 272 19 2201 6 3 614 1193 5
17 9038 10 3 11255 284 463 6 3 69300 1215 8 6 70 3 2442 169453 321 9091 826 6 26 22 272 552 7 365 8 9568 993 5
8604 7 3 1546 31 1022 24 11255 993 5
20590 24024 31 694 10 3 11255 9038 8 104 7 3 89 23 71 26 1462 6 2705 126148 2193 7 11255 993 5
7219 4 23 16 477 9 5195 7 307 23394 4 47 351 671 4 71 321 6 3 20238 7 9 568 552 14 9 2119 5
12502 3 123191 7 11255 552 10 9091 826 16 9 1812 41748 61638 565 5
81 14922 3570 3 3004 7 552 123191 2520 86 185 7018 6 2705 138 826 22 568 552 4 37 236 16719 361 24250 1827 22 12095 3 11255 284 5
81 46 542 67 523 2953 2854 2520 42 3677 6 4764 11255 993 10 9091 1103 826 538 6489 5559 23394 21 58818 5
3763 80 220 21 58818 317 52 169453 4 953 8 1327 960 23394 13 31 6489 3883 24 6231 49 7018 8 192 23394 661 6 27 31392 7453 5
5583 4 3 1273 2520 86 26 2093 3677 10 7327 21 3 220 23394 31 7081 49 5998 3883 5
23333 4895 2520 661 9 333 773 10 970 7 31392 7453 677 6 3 67929 56018 5
659 129 2505 46 16 3 74 89 13 9 14510 27728 1506 133 21 6951 4895 16 1273 6 4764 11255 993 10 9091 1103 826 5
79 103860 1506 133 21 31524 16 488 6 384 31392 5897 297 3 628 5
3763 5897 8 3898 148 23394 1547 6 3 311506 7 11255 993 10 133 1193 31 1695 1812 8 14510 27728 95 6 26 841 6 26 12631 24 31392 27728 2520 5
98586 459 842 3 102187 23070 7 70 3 6227 2520 5
81 189 3 89 3909 8 6951 4895 2520 27 9 568 57736 58 3 67929 56018 1603 5
17 773 7 3 67 6951 4895 2520 16 825 10 3 67 89 3909 19 57736 568 58 6052 202 8 9512 568 58 48581 5
66 770 13 3 2520 31 48 3682 10 7995 1432 745 58 2366 745 5
1563 518 18 6621 10 7995 826 22 9 568 11255 552 10 678 6 9929 6 138 826 9 48 16719 953 8 9 408 3726 5
41221 67929 56018 8 6951 4895 102187 23070 4 3 23070 7 6951 4895 1506 27 9 568 2007 14314 58 102187 23070 7 67929 56018 2520 53 31524 2520 31 488 6 333 21658 9 30087 7 272 552 24558 826 5
659 3 282 7 129 2505 3 97 162 3136 3 10900 7 9382 10 1103 89127 826 16 3 162 24 245431 4 4 8 35 2560 33 5
81 13 162 100 9 67929 56018 1506 16 6227 53 23 842 9 31392 7453 5870 6 3 773 7 3 67929 56018 1506 6227 15 129 628 4 10 1654 15 3 33498 7 58818 1658 24 139990 31660 5
17 197 7 23394 220 10 3 31392 1506 1273 24 245431 12283 3462 5
18 825 6 3 57 1109 10 46 542 4 742 43 848 8 3 673 7 3 826 4 47 42 34 558 10 129 542 5
2882 7 12911 3238 18 220 6 128 11598 10 3 303777 5
349 57 487 23 16 2794 6 1445 3 12251 4919 3 19372 773 10 678 6 5507 48 5242 536044 109 15 3 83 133 2376 71 5306 47 23394 236 6 26 8179 49 5210 10 678 6 1368 3 311506 7 8706 11255 993 5
8071 22 12911 3238 3247 8 22 3 678 7 3238 7 3 23394 217 10 20498 249 4 23 16 537 6 2705 3 23394 441 568 2059 10 3 10900 10 3 67 1109 89 3909 5
81 98586 503 3 2770 7 12911 3238 10 189 3 2520 8 31 12859 8 677 5
901 16084 20045 1583 31 18652 10 678 6 2093 2705 3 104 533 23394 10 3 67 2520 5
622 23449 642 18 2573 148 341 8 6769 202 2770 5
252980 19 568 21456 31 1109 7 485 604 14 3 10900 5
72312 3238 7 3 3128 58818 10 3 67 6951 4895 31392 98586 503 5
72312 3238 7 3 3128 58818 10 3 67 6951 4895 31392 2520 5
72312 10570 31 217 10 20498 249 671 19 3 12510 12911 6652 8 1415 7 3238 10 3 6951 4895 2520 35 1153 2770 3455 538 3 218 2858 25017 2520 33 5
70959 7253 6 3 74 89 2801 4 3435 8393 6 3 169 89 2801 5
29139 2770 8 2029 44398 7 290 12911 3238 871 31 2682 5
17 20045 1583 1932 341 202 8 6769 202 2770 7 165644 489 5
17173 3 74 89 2801 4 79022 5
3 6951 4895 1506 4 3 104 533 23394 10 3 1506 31 1327 960 23394 133 21 3 676 7619 2038 4 2156 871 7 115863 19 2201 6 3 676 7619 2038 4 119989 4 115863 6474 871 8 3298 35713 7619 5
7729 7 826 8 2059 637 10 3 74 288 190 7 326158 31 59 1695 694 10 3 10900 5
81743 8 15672 1215 3092 1951 11255 8599 10 1103 9091 826 5
17 216 5139 71 26 2682 25 3 2376 7 56018 85612 2770 7 192 23394 35 20498 249 33 5
12615 2770 7 115863 8 676 7619 2038 671 19 9 2091 4472 10 636 2059 60121 20162 8 31 2442 6 32 853 13300 7 311506 7 9 11255 715 10 129 2520 5
145 665 11080 767 522 10 6854 201 10 3 216 8249 35 4 471622 4 351745 4 4 323 552639 4 744 33 5
66 383 26 3477 13 10 3 139990 3394 7 23394 92 67 23394 31 3092 31270 100 57 7 3 67 16 3467 8 9 56018 85612 16 43420 53 115863 2038 16 3467 10 3 33498 8 29 9 2366 85612 4 44 115863 2156 12911 16 34 3467 24 139990 3847 23 679 9575 27 32 2442 85612 871 4 2638 106 192 23394 3619 31270 290 83 5
70439 7619 29 272 3238 10 3 6951 4895 1506 8 324 9 1432 85612 10 67929 56018 1506 4 2677 13 272 2770 7 46 23394 31 2442 6 32 853 552 7 11255 993 5
70439 7619 522 6 26 853 8 115863 522 6 27 799 2770 154 13559 1799 3847 13559 164 29 6 26 3991 12354 154 11255 552 123191 8 46 16 10 809 19 767 522 10 3 6854 35 21478 4 2076 33 5
1949 3552 2119 3619 6 26 22 568 552 5
81 3 74 89 2801 3 1892 7 50989 21 411734 16 9 632 34141 7 11255 993 215 5
17173 3 169 89 2801 4 79022 5
3 6951 4895 1506 4 3 104 533 23394 31 676 7619 2038 4 115863 8 70439 7619 3392 369 13 13559 1799 8 20162 27 32 533 604 10 3 311506 7 11255 7436 5
119989 6866 9 632 3238 10 3 169 89 2801 1506 215 5
81 3 169 89 2801 2059 637 10 3 16812 288 190 125051 3238 21 166 21 50989 8 90 7 3 29991 23394 5559 22 290 953 133 21 1327 775 5
8071 4108 22 29991 23394 5559 22 290 953 35 12911 3323 25 249 6 403 33 23 71 26 1744 13 10 3 74 89 2801 87 31 90 23394 441 32 533 604 10 3 10900 773 5
81 1654 32 474 7 63525 1327 775 154 3 953 16 2442 6 32 853 552 7 11255 993 5
1949 16236 775 2770 1194 6 26 1547 6 3 311506 7 11255 7436 53 13672 2770 8 2770 7 16236 775 5559 54 3 953 27 32 533 604 10 3 10900 35 31524 12911 3238 10 3 74 2752 5791 2371 33 5
81 3 169 89 2801 79655 775 5559 54 3 953 8 3 1884 148 921 489 5559 54 8 103 953 516 31 964 58818 7 993 10 3 67929 56018 1506 8 27 272 3238 35 568 58 503 202 33 10 3 31524 1506 5
8071 22 3 2770 7 56018 225419 4 272 2770 7 1270 9091 16236 775 4 799 2770 7 1270 9091 79655 1327 775 8 9 4472 10 921 489 154 3 953 31 2442 6 3 311506 7 11255 7436 5
766 192 2193 4459 3 1892 7 9 921 1606 1215 8 32 9887 1070 6 9785 6381 154 9091 953 35 12283 32330 4 280 109 45852 12283 32330 4 2560 33 5
12502 10 189 89 3909 3 29991 1070 6 9091 953 16 9 964 126148 2916 7 3 311506 7 11255 9568 993 10 1243 6 20162 8 15672 1799 5
89135 1327 960 96734 18 170 6 27 32 533 604 10 3 6951 4895 1506 10 1654 10 3 169 89 3909 5
145 39572 1247 16 2442 19 210024 4 21 166 21 6 32 853 552 7 365 35 213768 4 4 4 323 112622 4 502 33 5
145 2916 29 568 3238 10 7678 11255 993 10 3 169 89 2801 677 6 3 74 57 5
126996 8583 35 259809 33 29 32 533 604 10 3 6951 4895 1506 10 3 169 89 2801 53 259809 653 12467 11255 1215 7 89127 826 35 488105 12283 32330 4 2076 33 5
17 3455 522 3413 3 2007 19379 13 103860 5897 10 3 628 71 26 333 1658 8 12631 24 9 108140 1506 133 21 3 6951 4895 1506 47 661 9 333 31392 773 677 6 3 67929 56018 10 3 10637 2673 5
23333 4895 661 9 206 1175 6 4764 11255 993 24 2319 533 1846 4 79022 57736 6117 1551 202 8 206 2770 7 9512 5
17 2164 2376 7 56018 225419 8 12911 3238 10 6951 4895 2520 7262 6 3617 29991 8 3606 11598 10 3 12251 4919 11255 9038 10 1103 89127 826 5
43318 7 3 542 31 3380 24 3 1892 7 1268 628 10 3 100402 8 3 1574 1646 7 3 100402 220 6 1088 3 31392 2520 5
81 3 161 426 628 25 48 378 36 26 220 6 1088 31392 2520 8 6 27241 3 3455 522 15 1978 93927 5
6876 2062 36 26 2173 6 1297 303777 3800 8 6 8327 3 221 7 58818 666 6 27 9 5314 2882 7 11255 993 311506 10 17913 826 5