19241 271425 16 32 2627 224 4 1971 8 5148 24204 6293 3 1470 39552 6 5357 2822 8259 40 834 6 343 2374 3587 10 3 1746 8 726 7 29302 729 4 416 8 4485 5
17 689 6905 7 129 4413 16 6 132 9 11427 2376 10 678 6 5548 3 1322 148 871 271425 8 5148 10 95655 1470 53 80 31 538 49474 133951 3673 35 49894 33 6 3617 3 1322 148 871 271425 8 296766 4 8 21416 50838 32980 35 113757 33 2520 6 10753 1470 10 970 7 40 2463 7 3163 10 271425 8 296766 5
11391 25 3 49894 240 13 9 632 1322 6848 148 871 271425 8 296766 109 59457 4 113757 31 166 4149 10 7995 10753 7 1470 13 31 48 694 10 271425 2770 5
1563 162 754 9 90679 4413 24 10309 8 52955 9 3109 7 4538 13 16 488 6 1213 10119 8 11030 10 871 271425 1443 5
17 2676 21695 6589 8 3 11030 7 553 19 73929 2443 738 31 3518 291 6 436 14 84 1543 7 5148 8 2651 45484 4 17905 4 24 7263 40 8176 5483 7 1475 6 194 1481 137 3 6192 7 9 84 1971 1217 10 47 194 1481 343 32 2374 176 10 12430 8 11819 29302 729 4 416 8 4485 5
145 2826 29 2203 871 271425 35 424092 4 2076 109 4 109 225521 323 4 109 4 103539 4 323 4 280 33 21 32 533 1971 8 5148 24204 35 323 101211 4 502 109 148987 323 74622 4 274 109 148987 323 225521 4 911 33 4 6293 143 834 8 194 1481 86 26 694 21 2374 3587 10 3 650 7 871 3465 35 262356 4 274 109 148987 323 225521 4 911 109 12264 4 4 323 4 274 33 5
17 4102 7 271425 16 543 15 3 1746 8 726 7 2443 5323 7176 4 47 852 1470 6 231 7998 8 746 1714 6 1497 25 3 5871 7 2113 8 2126 35 323 12711 4 280 109 323 4 274 109 119943 4 4 323 106266 4 744 33 5
931 7176 4552 3 119223 7 84 729 8 416 3558 1510 1971 87930 4538 4 24 4711 9 84 394 5770 8783 35 101211 323 4 911 109 10377 151383 4 33 47 2228 1470 6 2703 73929 553 8 6 333 2338 3 2443 2106 738 5
17 5148 1547 5940 7 871 271425 31 2627 10373 3 104 4279 7429 10 871 271425 601 35 4 4 13320 4 323 4 590 109 4 4 323 19603 4 274 109 10231 4 529 4 323 208423 4 274 109 110170 4 109 323 12711 4 280 109 148987 323 225521 4 1095 109 148987 323 74622 4 274 109 4065 4 41225 4 323 4874 4 744 109 14529 323 15762 4 280 109 119943 12283 32330 4 744 109 12283 32330 4 280 33 121 3 84 24204 26849 9 84 3309 52 3 1322 148 1971 8 5148 5
7448 4 104 7 3 1131 27 45 1967 15 44895 267 2062 4 33223 3 604 7 3 2443 5323 10 271425 15 3 5148 8599 4 133 21 5148 470 4 79635 4 84 1247 49 394 1277 8 726 2168 35 12283 32330 4 590 109 12283 32330 4 274 109 110170 4 109 323 12711 4 280 109 4 280 109 148987 323 74622 4 274 109 225521 323 4 109 14529 323 15762 4 280 33 5
66 29 6 26 16778 13 3 773 7 271425 2822 16 5559 25 32 5148 5138 1363 4 27861 487 1896 133 21 2015 7059 4 2443 7908 4 49 2443 711 1322 1277 35 323 12711 4 280 109 4 280 33 5
81 9 37323 4 1806 6854 6392 10 26884 3 2627 2129 7 871 271425 1443 4 27861 10119 8 11030 51 2498 224 1506 1746 4 4946 2520 8 891 2822 35 37461 4 590 109 36355 4 590 109 12283 32330 4 280 33 5
187 31 93 1864 11427 2062 4740 15 3 25310 4051 1543 7 5148 5
79 74 777 7 46 2190 6681 18 2828 24 12283 3462 5
35 2076 33 4 4740 15 695 1052 628 8 27728 56018 2376 6 5518 3 1322 148 3 2463 7 3163 7 1470 10 871 271425 1715 8 3 10291 7 40 695 1310 52 40 84 729 4 6589 8 416 5
527 4 3 1217 1282 34947 29 32 3081 16018 53 23 8635 15 9 27728 1322 148 271425 8 5148 4 47 71 34 26 5892 276 637 7 110873 5
66 16 14284 7816 48 614 2520 13 86 2475 159 76 1250 3 10119 8 11030 10 871 271425 1443 5
17 3644 7 129 162 16 6 3030 9 11427 2376 24 14426 3 1217 24 12283 3462 5
35 2076 33 5
3 16018 5
134 36 231 49474 133951 3673 35 49894 33 2520 6 5518 3 1322 148 3 2463 7 1470 871 271425 1715 8 3 10291 7 695 1310 52 84 729 4 6589 8 416 5
17 16301 7 10309 3 49894 1217 8051 10 13 43 112 34 132 120 9513 52 3 1322 163 542 5
999 4149 46 2376 80 31 1827 6 960 3 19379 13 53 1470 19 9 568 2463 7 3163 10 271425 1715 27 9 333 1251 6 16508 3 4567 2000 7 40 84 729 4 6589 8 416 5
10526 4 80 36 30174 1470 5
3 2463 7 40 271425 1715 24 770 7 7117 14028 32980 35 113757 33 5
145 1315 36 4552 286 6 2705 3 1470 13 31 104 2374 10 271425 4 8 36 526 55 3 2177 14 426 44895 601 4740 15 3 9062 2000 7 523 271425 5937 21 176 7 2627 271425 5310 5
27311 3 996 19379 36 581 11598 6 1445 3 5114 7 32 1576 49593 2651 1566 4 10 47 1470 31 1538 3 2980 7 1510 1971 4538 13 112 34 4202 321 6 9 333 2651 13267 49 45484 35 148987 323 74622 4 274 109 148987 323 225521 4 911 33 5
17 67 629 4117 7 46 1381 71 26 3475 64979 21 3177 53 2778 7623 439493 6 1506 3 1322 148 871 271425 8 5148 109 2778 538 113757 6 30174 1470 10 970 7 3 2463 7 40 3163 10 271425 8 5148 5
439493 8 31 1109 3995 21 12391 35 6665 323 10523 4 2391 33 8 32601 35 38135 323 4 2391 33 133951 3673 6599 4 488 6 8744 40 300477 8 19393 10 678 6 16895 90 125259 1170 7 16577 35 1618 6808 1153 26327 3768 10 49894 1217 8 234324 3457 10 113757 33 5
3974 6 3 4888 2505 4 46 16 3 74 2673 7 192 6599 6 5148 8 271425 5
145 1381 16 5419 21 3177 5
8941 341 1708 9 25147 2898 7 871 271425 496 3 5114 7 5148 8 10119 3695 4 8941 459 5181 3 11245 2520 3677 10 46 1381 4 47 36 26 220 6 2565 3 17521 148 271425 8 5148 5
8941 503 1708 522 6293 3 1322 148 871 271425 8 5148 150 9 4631 19 767 1131 5
7710 2932 31 2209 10 8941 500 5
17 6192 7 871 271425 2822 2235 3 1510 1225 7 5148 891 24 4711 9 84 3309 7 5148 1010 35 12283 32330 4 274 109 148987 323 74622 4 274 109 12283 32330 4 280 33 5
17 84 25310 4051 3309 7 5148 8635 15 67 629 9062 2000 5
17 74 57 16 3 174408 6681 7 3 871 271425 1715 4 10 47 871 271425 7176 71 26 381 21 9 1375 4159 7 90 629 5158 7 189811 5148 4442 35 10377 151383 4 4 33 24 4740 15 3 726 7 5323 7176 35 323 4 274 109 323 12711 4 280 109 10377 151383 4 1278 33 8 24 4231 14 321 1481 35 4 110326 4 323 4 590 109 10377 151383 4 33 109 3 4991 9062 2419 16 3 1101 15 9 1760 148 3672 8 1223 4 49 544049 5
17 25310 15209 7 871 271425 7176 2697 6 7673 9 48 7039 5662 7 3 292 12251 47 5669 3 5148 6589 5
931 12251 3270 15 3 1625 7 2489 5056 148 834 4 2398 8 4880 4 22 2489 909 266 356 3 871 992 5
158 4552 834 8 194 1481 6 532 3 1322 148 484 8 4650 791 35 262356 4 502 109 148987 323 225521 4 911 33 24 1691 91 3 1251 6 1000 2190 871 2614 38060 557 6 84 871 5937 4 84 1225 7 538 1806 2506 4 49 3 3718 3070 7 32 1806 1247 49 394 35 12283 32330 4 590 109 12283 32330 4 274 33 5
81 46 5114 834 31 3876 6 21 31051 8 134204 5
17 51227 2912 2129 7 871 271425 2822 7928 9 3707 8 48 14324 13267 7 834 8 194 1481 356 3 1519 5148 37231 557 6 9 964 21443 7 3 189811 5148 785 5
238 9 665 4 3 726 7 871 271425 7176 16 1576 6148 21 9 3982 5148 1264 35 12283 32330 4 590 109 323 12711 4 280 109 4 280 109 110170 4 109 148987 323 225521 4 1095 109 14529 323 15762 4 280 33 5
17 271425 24204 8445 3 1351 7 871 19 3 271425 791 47 16 137 3 136 2443 11455 993 5
999 306160 19 3 992 4 3 2443 2742 32 2374 33200 37 71 7673 3 2125 7 11455 8 3 2190 897 5114 7 3 29060 715 35 148987 323 225521 4 1095 33 5
17 897 2129 7 3 11455 7928 3 11030 7 84 871 17020 47 31 543 15 3 1277 8 3 897 16301 7 3 11455 993 21 166 21 15 3 1251 14 834 6 284567 2665 194 729 4 416 8 4485 5
931 84 17020 31 533 14 3 11030 7 791 5148 2642 1699 3 1570 22 3 921 7 271425 791 137 3 7039 11819 7 7998 224 650 8 746 6570 43060 35 148987 323 74622 4 274 33 5
81 46 1065 4 3 871 271425 24204 2464 9 2190 66243 1217 6 3 6192 7 32 526 5148 224 6952 5
8992 4 3 6192 7 871 271425 2822 86 14376 3 152 14 3 11030 7 15587 5148 224 2520 35 21965 4 502 33 5
520 7 3 1543 14 133 2322 31 53 7998 20635 21 53826 7 4213 271425 7787 109 893 10 3 386 8783 557 6 3 11030 7 84 4875 14 3145 834 109 893 10 2443 13885 8 15961 35 12264 12283 32330 4 274 33 5
17 15587 5148 785 7 871 25310 3465 2434 224 2520 2464 9 485 1251 14 426 601 5
17 6192 7 9 871 271425 224 6952 2818 9 21072 474912 7 3 1029 30026 3003 7 3 871 2614 76 9 1812 8 7039 992 7 871 4 3747 1682 148 3200 4 4880 4 834 8 194 1481 5
520 9934 149 231 3 2795 27728 1217 6 224 2434 24 9 119681 49 104177 1069 7 3 131 4 10 47 290 1247 16 2442 6 9 871 4 16 1601 305 25 3 200 4 8 16 888 24 770 7 1866 115 6 21028 3 1234 5
11332 31 423 61 7 120 2322 6 343 176 7 3 5148 650 5
81 2906 4 57 86 231 9 23725 9855 1069 6 4301 143 291 398 305 25 9 136 8 1247 90451 1217 6 5323 2912 25243 6599 114 834 4 2398 8 4880 7916 8 284567 871 35 12283 32330 4 280 33 5
145 2435 14359 9 84 871 2614 1506 47 16 526 4 103860 4 49091 8690 4 8 108 61638 5
17 2000 7 133 9 23725 9855 1506 71 26 64979 21 3177 53 74 4 87 16 32 4046 5131 121 3 2190 871 2614 16480 16 34 424 10 2379 109 169 4 87 16 9 376951 5131 121 3 3354 7 9 1654 871 2614 21365 86 26 1109 10 67 523 8 20036 1225 21 32 194 1247 49 2104 4 49 21 9 2912 19 9 1101 15 3 1568 604 7 50 992 49 2949 8509 871 6825 109 296 4 3 326 7 9 871 271425 2912 16 2118 24 42642 70 785 2489 2785 38060 7 871 65 17444 3 13300 14 9 2190 200 582 109 740 4 3 604 7 3 14536 35 3 2443 33 16 1568 6 3 2190 2129 7 3 380 3115 7 3 11455 109 1600 4 87 16 9 254 14 3 30693 7 152014 24024 133 21 992 2505 8 5961 6913 13 1708 32 1117 871 15209 363 9 871 271425 2912 48 2651 35 12283 32330 4 280 33 5
81 46 1506 3 498 4946 12251 142 34 26 1783 8 144 3972 3 726 7 48 7039 284 653 4946 4 9 333 3003 7 284 2168 4 19 3 284 21 9 1513 7 2376 10 18752 140832 523 4946 35 36355 4 590 33 5
4478 1862 4 10119 3695 4 992 8 284 12089 36 3850 969 3 4946 2520 7 871 271425 1443 106 7 3 2489 2204 543 28508 2129 7 3 200 6578 5
17 2129 7 3 212425 16 9111 24 3531 1324 1537 23462 4 3979 10 3 3163 7 2489 14119 8 2489 834 37 31 70 6737 1714 76 3 284 125 4 22 3 216 89 4 1672 14 523 1172 8 64145 523 1212 25 23 35 36355 4 590 33 5
65179 1517 8 891 2822 36 26 2409 14 3 11030 7 2651 871 271425 2642 5
24306 2274 10 10309 871 271425 5310 236 68 37 86 4293 3 4860 7 33855 1517 496 834 4 4880 8 2634 2642 35 37461 4 590 109 148987 323 225521 4 911 33 5
1192 17592 17 726 7 224 11598 24 538 70180 173 628 2742 1576 974 6570 14 189 9934 8 15204 5
10061 4 4 10907 4 8 474485 35 502 33 8 73276 35 1278 33 14944 3 4102 13 32 2376 7 3 10291 7 2190 35042 15 173 5271 8 1521 316 6342 71 26 32 6607 8593 7 3 2463 7 3238 1942 24 1470 15 3 1715 3380 24 138 35042 5
980 616 2895 4 4 8 35 280 33 4964 13 133 17592 86 26 220 6 30174 871 271425 2822 8 64290 3 629 1959 7 3 628 3723 8 2376 162 3154 4 1571 13 3 26831 7 9 2190 197 7 35042 71 26 220 6 10775 3 629 5937 7 871 271425 1715 4 538 138 2377 6 9560 9 3297 601 650 5
145 650 2179 19 9 4959 1444 7 9 197 7 35042 6 3001 3 523 871 271425 261852 17020 5
1301 4 3 10291 7 231 7 290 7 3 35042 15 291 5271 8 316 6342 16 5559 5
145 4644 16 7889 24 3 644 13 104 271425 1715 10605 24 95655 1470 31 2828 49 962 695 4 121 3 48 9 711 5181 9 2190 1534 4 3 48 23 27493 46 1534 4279 14 50 498 983 35 2895 12283 32330 4 280 109 73276 4 1278 109 10061 12283 32330 4 502 33 5
16888 95257 12811 35 48694 33 16 153 220 6 2705 2627 600 7 35042 13 86 26 2442 19 2190 7117 14484 600 7 1715 35 5937 33 5
878 4 9 191244 5533 16 6755 6 30174 1470 19 11084 6 40 3163 10 3 523 271425 1715 35 2895 12283 32330 4 280 33 24 5791 1470 19 11084 6 290 7 3 271425 5937 5
145 17592 18 454 6804 24 12283 3462 5
35 2076 33 53 2778 7533 3 7059 7 1470 296766 24 9365 3 10291 7 1470 695 1310 52 40 84 729 6589 8 416 109 2778 7623 27728 56018 2376 6 960 3 5248 7 9 1432 3320 148 3 2463 7 1470 3163 10 871 271425 8 3 7059 7 40 296766 109 2778 538 11856 770 10753 2376 6 30174 3 1470 10 970 7 3 2463 7 40 3163 10 871 271425 5
81 129 162 4 80 31 538 3 216 601 5907 4 3 216 271425 5937 8 3 216 5148 13377 24 12283 3462 5
35 2076 33 4 377 80 256 6 6298 50 601 4 7623 14510 27728 2520 8 33855 77497 4 13 86 26 333 9760 14 3 84 14130 7 3 271425 6952 4 24 53 2778 7623 49894 1217 6 1506 3 1322 148 271425 8 5148 109 2778 538 3 113757 5533 6 30174 3 1470 10 970 7 3 2463 7 40 3163 10 271425 8 5148 5
17 11975 7 3 271425 5937 10978 24 12283 3462 5
35 2076 33 16 543 15 100402 150 37223 1470 3467 10373 745 170 10 3 5764 871 271425 6854 8 10373 1470 3725 10 62280 1380 5
26825 27 45 3467 10373 320 7 3 26716 14046 2417 8 25 67 5271 53 1660 21788 5952 4 8 3 2212 6547 103799 50305 7 14046 6547 2158 53 33 5
79 10028 7 3 100402 2000 71 26 170 10 20498 249 5
81 58486 7013 8 7170 80 31 201 112 4301 3 177751 220 6 1506 271425 8 5148 5
931 23491 36 26 220 14 3 9345 2376 10 96 3177 5
20498 249 5
26825 848 10 3 601 5907 53 3 4336 188988 6154 614 2125 35 14510 1586 33 1470 4 147322 6154 711 25 3 26716 2417 4 62280 6154 526 1351 1586 1470 34 1547 6 3 26716 2417 5
44024 6154 3 7 290 2125 197 4 8 50767 40 3703 2156 5
15791 7 1470 39272 50767 188988 2715 47696 147322 19183 59730 62280 2628 32076 5640 37223 102590 7013 5
19241 7 271425 5937 238 4216 10 8941 8334 4 80 236 6 7673 271425 5937 10 678 6 960 92 87 16 9 1322 148 192 5937 8 3 5148 13377 5
134 27 3112 6 231 108 5937 4939 10 12283 3462 5
35 2076 33 5
6297 15 192 522 4 17 74 271425 6825 16 3876 6 21 7290 8 6589 8 16 11737 21 35 1714 4 6589 4 3648 8 12251 33 8259 35 2443 8 4650 3163 33 10 35 797 4 4197 4 2484 8 35780 33 7412 22 35 1746 8 650 6928 33 543 15 35 1247 195512 8 3975 7 2634 5077 4 1714 8 11911 33 5
17 169 271425 6825 16 3876 6 21 20518 3898 8 16 11737 21 35 2443 3898 33 8509 137 35 8410 8 3672 33 7412 22 35 470 2807 4 1746 8 650 6928 33 4 8 557 6 35 333 2443 8 194 4650 4485 33 543 15 35 552 891 4 6406 8 1958 33 5
17 296 271425 6825 16 3876 6 21 11001 2854 8 16 11737 21 35 5730 2854 12251 33 543 15 3 5248 7 4650 4368 13366 8259 35 2443 5772 4 9796 4 2779 8 4360 33 4 8 557 6 35 2489 2003 14 1481 33 137 3163 10 35 960 8 17505 3524 33 5
20498 341 842 3 689 46986 4015 7 3 108 271425 23394 13 42 9168 24 1463 55 3 3233 7 290 43269 16036 24 50 16344 35 196 12283 3462 5
35 2076 33 14 454 1056 52 46 4644 33 5
20498 341 5
8135 4015 7 3 108 3610 271425 23394 5
95257 29139 45315 527737 7290 8 6589 413015 20518 3898 230752 11001 2854 766 7170 5
7179 5148 13377 20498 459 842 3 46986 4015 7 3 65508 5148 13377 11367 3 711 2106 209 79319 7 296766 5
66 18 220 24 12283 3462 5
35 2076 33 24 9365 3 10291 7 1470 695 1310 52 84 729 4 416 8 6589 8 23 16 9935 10 9 152 13 23 51 7367 120 695 404 4623 3 3109 7 3 1299 84 8 1247 4 49 3 1299 84 8 394 4 49 84 8 650 4703 5
35 3 1332 6635 16 53 84 317202 35 1247 394 650 2673 2104 2419 723 1185 1345 5385 4556 84 1247 84 394 84 650 33 5
20498 459 5
8135 4015 7 3 5148 12911 5
13423 13377 29139 45315 527737 79319 66 144 26 2653 61 13 3 695 10291 7 3 5148 43269 16 34 9 1510 5148 13377 121 23 340 34 1250 1752 14 3 221 7 84 729 4 6589 8 416 44 623 3 10291 7 695 1310 52 40 84 2000 5
145 84 13377 104895 3 1653 7 33223 3 1175 7 9 711 6 21238 1010 24 54326 3 4567 5158 7 50 729 8 416 5
17 5385 7 133 13377 86 185 1470 10 6330 3 551 24204 7 32 1723 1247 2726 124824 19 9 17073 2443 7908 35 148987 323 225521 4 911 33 5
145 2124 6274 3995 9 12391 1217 6 2338 8 8612 3 7488 148 129 5148 23491 8 871 271425 35 8941 9610 33 8 32 32601 1217 6 10753 25310 4051 1470 10 970 7 40 3163 10 271425 2770 35 8941 9073 33 5
134 2975 3 767 162 24 12283 3462 5
35 2076 33 24 7623 9 133951 3673 1506 6 5548 3 1322 148 3 5148 8 271425 23394 8 9 7117 9974 4434 6 30174 3 1470 7 129 267 542 5
79 133951 3673 1217 6 1506 5148 543 8599 49474 133951 9861 35 49894 33 31 8116 4309 35 27964 33 446 3225 36073 3 746 2032 35 4 2391 109 129253 4 14634 4 323 4 274 33 5
439493 31 9935 7 2370 9383 2367 35 23791 33 47 4 65 351 21 837 2367 4 31 488 6 12730 90 1906 2370 884 4 44 65 3797 6 1000 9 992 4 43 71 3030 4093 8090 8 4855 1812 544 4 907 65 3 1654 565 1506 16 4000 10 2379 8 65 3 3898 10373 3 523 5937 31 103860 5
17 104 1029 49894 1506 16 3 179777 133951 3673 4 477 226 511151 133951 3673 4 47 2228 9 110873 7 3 1506 1621 9 614 4859 5
17 511151 133951 3673 2042 90 10746 148 3 9796 23394 6219 8 3 6453 1070 12662 5
931 10746 31 226 4438 10746 8 290 7 13 71 4753 523 221 7 23791 8 523 30110 7410 5
3194 61279 16 3797 6 290 61279 7880 6 32 9545 9419 4 125 87 31 93 5595 148 23791 7 3 216 9419 5
17 5595 31 226 17509 8 3001 3 19393 7 3 133951 3673 5
931 19393 71 337 40 2770 10 9 2854 4644 8 46 9384 7 17509 852 3 1506 6 333 2338 19 3 6453 3354 5
134 7253 6 6670 35 3495 33 14 9 3528 5230 7 3 133951 3673 2520 8 6 4 38135 4 8 1320 35 5981 33 14 3 6652 7 3 104 3677 89463 31660 4 3 119 3768 242485 4 14 21853 3 17509 5
17 57 4438 9419 6358 16 10043 220 106 23 71 26920 120 4859 19 9 31276 221 7 198134 4 39386 166 4 392 4783 23791 10 3 4438 9419 35 37811 4 161037 4 323 32085 4 3495 33 5
17 689 1653 7 49894 6599 9286 10 40 110873 5615 4 79022 5
10 40 1175 6 3270 72 628 13 27 299 45 381 103 4 8 14 46 1033 43 31 220 10 8090 133 21 5195 4355 4 11249 4 89463 8 19372 35 129253 12283 32330 4 274 109 4 4693 375 4 4 323 148117 4 2076 33 5
81 1243 4 3 2673 7 3 49894 1217 29 184 964 1653 10 34 8357 15 120 2190 4176 1506 5
10526 4 43 31 5394 19 2201 6 13703 8 1268 628 4 47 112 34 19525 3 992 884 35 44 7 593 5669 90 2463 7 39895 773 22609 33 5
766 138 3212 132 40 231 3206 14 3 565 22 881 4 10 47 9 1506 16 149 300 25 110 1589 5
81 46 601 80 1384 3 108 871 271425 5937 4 4939 10 8941 7013 4 21 3 9796 23394 8 3 7059 7 5148 4 4939 10 8941 7170 4 21 3 3354 12911 5
659 960 14 3 5248 7 9 1322 148 3 9796 8 3 3354 23394 4 80 27 2828 8365 19 9 511151 992 5
3673 19393 27 45 14549 24 770 7 18365 673 35 4 4 4 323 4 1422 33 5
79 992 9935 7 459 9796 23791 4 500 4438 23791 8 249 3354 61279 725 61 6 26 3 282 537 1712 14 129 542 5
134 574 24 928 3 992 538 14 3 928 197 4 7183 14027 3112 1470 61 7 3 3883 628 4 8 12752 3 110873 8958 7 3 1506 15 3 960 197 47 16 3192 24 3 1652 176 7 3 628 35 8770 1470 33 5
7219 4 3 133951 3673 18 3559 24 770 7 43076 35 19 19393 3082 6766 8 3082 5853 33 5
81 678 6 1262 72 10104 4 80 27 2828 46 4644 72 306 523 64360 7 628 6 960 3 2463 7 3 110873 7 3 522 5
17 733 7 46 9345 4141 18 6 196 289 3 992 16 488 6 9109 100100 3 5148 1547 3354 12911 72 34 381 103 628 5
11391 14 46 1217 36 26 1595 15 8941 12018 5
21416 50838 32980 6 10753 1470 10 271425 2770 7337 4242 3648 31 177 7141 10 26884 628 4 10 2640 421 8 10 25418 2505 25 628 4 44 90 27081 544 71 11851 65 284 6904 31 34 3883 5
931 544 31 11062 24 32601 2854 4309 4 13 31 488 6 10775 629 1682 297 9796 628 276 120 270 7 3883 55906 7 3 284 5
966 768 27 45 8520 6 1800 32601 10753 27964 8 628 2807 27964 6 132 1682 297 29132 48 59432 133 21 11856 770 67818 35 155358 4 6801 33 4 48694 35 246506 4 5981 33 49 91865 16619 35 25379 323 4 744 33 5
81 129 1217 80 1101 15 538 7117 14028 32980 35 113757 33 31660 35 4 26442 4 323 18150 4 1278 33 5
79 113757 16 9 2125 7 7732 133951 3673 13 16 3559 538 32601 2854 6 1657 9 49985 4 8593 7 3 9796 904 7 3 928 5036 4 226 4434 5
134 3467 113757 5018 14 50 60482 2000 13 852 6 6468 600 7 825 9796 83735 35 67818 33 141 65 103860 1682 297 23394 4447 5
3062 32 2007 72178 4 3 7117 14028 32980 4 26 4939 24 55969 3082 58508 4 4 395925 56012 23791 21 32 9 139061 1414 4 8 879 26 290 61279 2442 6 9 13604 60401 50608 4 3192 24 9 60401 7 17509 19 72539 3082 58508 249 4 4 9421 56012 114 9421 3082 503 16 3 221 7 23394 7 3 628 197 40056 35 79022 5
3 108 871 271425 5937 4 4939 10 8941 7013 8 3 7059 7 5148 4 4939 10 8941 7170 33 5
12487 3 197 7 17509 16 14027 3467 10 5
17 113757 16 3559 4 22 290 43241 9575 9 5907 60401 14937 16 14027 3112 25 3 9796 628 197 4 14561 148 14937 8 70 3 50608 31 153 7154 5
17 61279 55969 446 13604 29 3 5426 3457 25 14937 35 249 33 16502 3 1027 61279 22 43241 9575 8 23 16 226 3487 75106 8576 35 33 5
17 17509 7 3 13604 2442 6 3 8 6 50 5426 6391 10 3 113757 72178 31 5210 1537 3 14937 60401 5
145 11141 17094 19 89 8 19 3457 25 3 232 6 53 35 341 33 114 35 9575 33 16 9 17073 2854 85612 5
17 35 14937 4 9575 33 4859 16 9 54861 4859 72 3 6391 7 3 95 13 59 3 7229 23791 31 918 2211 6 3 9796 60401 4 44 19 1731 7060 4 22 290 2854 1092 5
17 928 4644 16 153 313332 14 70 3 29132 7 3 628 197 8 154 3 928 4 628 4025 401 290 83 10 3 9796 904 31 24717 2011 1711 4434 2367 35 323 4 1515 33 5
17 665 7 3 4644 16 13 3 1027 61279 16 48 338 6 26 9 7302 9 825 60401 16 2209 5
238 48 8 48 29132 31 2209 4 290 61279 10 3 9419 5426 6 9 182 7 9796 83735 831 35412 50 2059 83735 1189 138 9796 83735 5
81 46 2124 80 31 201 6 240 3 522 3455 24 9345 2376 5
8941 12018 36 240 3 522 3455 538 49894 6 2258 3 17521 148 271425 8 5148 109 8941 10548 36 240 3 522 9863 538 113757 6 10753 1470 10 970 7 3 2463 7 40 3163 10 271425 5
133951 9861 6 2258 3 17521 148 271425 8 5148 17 522 3455 24 49894 1798 4459 13 87 16 9 1322 148 3 2755 8 13228 55906 4 8 46 11025 16 7 3 19145 3238 4 121 23 16 6453 72 3 960 197 5
66 2048 13 4 121 3 992 29 45 3559 538 3 271425 6825 2770 4 3 13422 7 3 271425 5937 16 488 6 2565 1470 7059 7 5148 5
145 86 26 381 15 98586 249 4 114 3 230 3354 35 5148 33 14 3 960 6200 16 1595 486 3 397206 4 8 3 2755 992 3354 35 5148 33 14 3 216 100402 16 1595 486 3 411289 5
1637 522 3455 24 6707 67 523 64360 7 628 31 217 5
1516 321 6 5870 42821 5
46788 148 13228 8 2755 3354 14 67 523 1649 960 98586 249 5
46788 148 13228 8 2755 3354 14 67 523 1649 960 64360 5
17 397206 42540 6 3 230 3354 871 35 7059 33 109 3 411289 42540 6 3 2755 992 871 5
81 678 6 10158 92 87 16 9 67343 2826 7 17521 148 3 498 992 3354 8 3 13228 3354 35 5148 13377 33 170 72 3 306 523 928 960 24065 4 80 3331 4 10 98586 341 4 3 16364 34130 3201 7 107937 2106 7577 543 17521 35 107937 4 31529 33 871 148 13228 8 498 992 2106 3354 2770 5
134 961 6 4556 9 17521 2376 1016 7 10472 32 3768 1415 463 6 3 1292 7 133 32 3768 1415 10 767 601 5
81 678 6 5548 32 3768 1415 4 80 144 27 2042 9 23125 8515 4 276 93 3489 15 3 37267 7 46 8515 5
79 17521 2376 1016 4 100 8635 15 628 4 276 454 13521 8 276 427 76 1250 3 12911 2430 5
10526 80 961 6 231 3 7577 543 17521 623 58 4 11771 4 12470 17521 4 10 678 6 660 103860 2000 148 23394 5
66 16 9793 14284 6 3088 13 7577 543 17521 8 12470 9008 321 6 5870 522 5
55508 3201 7 3 107937 2106 7577 543 17521 2770 148 98586 341 5
55508 3201 7 3 107937 2106 7577 543 17521 2770 148 13228 3354 35 7059 33 8 2755 3354 72 306 1649 960 64360 5
134 71 196 13 87 6848 9 1432 7577 543 17521 15 3 23394 163 5448 4 8 141 10 3 745 114 46 1322 1464 6 26 6028 4 23 16 299 1731 58 5853 5
17 17521 1415 16 1370 58 50311 10 1551 202 7 3 745 4 79022 5
3 1432 1322 148 23394 1464 6 26 5394 5
16816 4 80 71 7336 13 133951 9861 71 26 220 6 5518 3 1322 148 3 271425 6825 8 1470 7059 7 5148 35 196 8941 12018 33 5
145 665 16 10 809 19 3 522 25 3 27728 56018 2376 1252 24 12283 3462 5
35 2076 33 4 47 842 13 87 16 9 17281 964 1432 3320 148 3 7059 7 5148 8 3 871 271425 5937 20518 3898 8509 137 8410 8 3672 8 11001 2854 12251 5
17 809 8 3 272 48579 326 7 3 27728 56018 1506 35 126560 202 4 8871 24 3 5210 1883 2842 871 33 1919 13 27728 2520 31 1144 6607 10 6293 3 1322 148 871 271425 8 3 7059 7 5148 4 59 1571 19 3 1117 9063 7 110 287 89 12725 21 166 21 110 488 6 2705 3 5770 604 7 2190 271425 5937 5
17 3109 7 3 522 25 3 49894 8 27728 56018 2376 1708 660 10 270 7 57 7 3 2007 53259 13 48 25310 4051 1470 31 10 9 333 827 6 21238 792 24 33223 3 4567 5158 7 40 84 729 4 6589 8 416 5
17 206 809 148 3 49894 8 27728 56018 340 34 1213 3 813 7 143 206 3 695 5148 13377 16 10 6293 3 4567 2168 7 1470 5
17 1647 6 46 813 2818 3 1117 601 4740 15 3 1322 148 3 108 871 271425 5937 8 90 1510 5148 23491 543 15 3 221 7 84 729 4 6589 8 416 5
11391 7 113757 19372 17 1379 2124 1708 3 522 7 3 113757 1217 14 3 19372 7 3 1470 10 970 7 3 2463 7 40 3163 10 271425 5
17 522 1252 24 3 113757 6 3 19372 7 1470 10 970 7 3 2463 7 40 3163 10 271425 31 677 6 767 522 35 12283 32330 4 2076 33 4209 24 11856 770 10753 2376 5
1354 19372 4309 1919 13 3 1470 71 26 6401 10 179 600 5
20498 503 842 3 14673 1870 150 3 221 7 1470 10 290 7 3 179 600 35 18679 33 4209 24 3 67 523 4309 5
17 1870 29 6 26 1125 21 3177 53 2052 35 1843 4 151821 33 2464 3 13632 35 10 1043 7 1470 33 148 3 10753 1843 35 1601 24 11856 770 33 8 3 10753 151821 35 1601 24 113757 33 5
20498 503 5
9524 3893 35 1470 33 3272 10373 18679 170 24 10753 2376 24 12283 3462 5
35 2076 33 8 113757 5
385115 6154 3 211736 10753 3455 24 10753 2376 109 3001 3 18679 3455 24 113757 35 4114 4 72539 58508 69539 56012 33 5
3573 6494 6494 2970 700 6494 708 6494 6494 6494 1004 6494 6494 11327 6494 2131 66 71 26 1798 381 13 10753 459 4209 24 3 11856 770 5018 16 2903 3345 496 57 7 3 600 4209 24 3 113757 5018 5
17 2376 842 13 192 31 1954 3 1470 13 31 104 2374 10 271425 5
17 169 182 7 1470 4209 24 3 113757 5018 16 2903 3345 10 740 182 7 1470 4209 24 3 11856 770 5018 5
66 86 26 2653 61 13 3 206 809 148 3 67 4995 7 1470 104 2374 10 271425 16 4427 5
66 842 13 3 113757 5018 16 488 6 138188 2705 133 1470 986 3 1251 14 3 785 2673 7 1117 44895 19079 2376 6 5518 40 2190 271425 5310 5
17 1379 542 1708 32 49894 2376 6 5518 3 1322 148 3 2463 7 871 271425 1715 8 1470 296766 5
1113 4 23 16 2784 6 1123 3 5248 7 9 38506 1322 4 3 522 1919 13 871 271425 2822 86 26 1109 206 9224 7 3 1470 5148 1547 8599 133 21 3 2463 7 695 61768 7 3 4567 5158 7 40 84 729 4 6589 8 416 5
17 1653 7 133 1217 71 26 170 10 3 1251 6 960 3 5248 7 46 1322 276 120 4176 9513 52 50 2190 12329 916 5
145 1251 1464 6 26 1695 4279 392 3 261 967 7 11427 871 271425 601 8 3 149 1574 2505 52 3 1322 148 271425 8 5148 5
81 1243 4 3 1379 162 8323 6 30174 3 1470 10 970 7 3 2463 7 40 3163 10 871 271425 5
12502 4 129 689 4117 7 46 162 144 26 381 10 3 2190 90679 1994 4 121 23 86 526 3 152 14 2333 7 49894 23955 6 25310 4051 5148 601 5
134 2847 61 13 4 55 6 3 4888 2505 4 46 16 3 74 2673 7 192 523 133951 9861 2520 6 5148 8 271425 5
931 67 6599 27 1595 9 272 2463 7 6928 8 773 10 9384 4 10900 8 19372 5
134 86 658 1919 21 9 1441 7 426 601 3 726 8 3 4631 7 523 133951 9861 10 970 7 300477 8 5595 10 678 6 3855 5314 8 5394 2520 6 4764 48 1812 5148 1715 5
364 144 59 6786 3 113757 1217 19 83 32601 6 2258 4 289 49 34 4 9 133951 3673 1506 2912 86 26 9760 6 8255 1506 8 30174 133 843 7 628 2757 5
17 785 871 7 9 2164 2673 7 189 23955 4 49894 8 113757 4 86 26 170 10 40 1175 6 159 76 1250 3 13292 10119 8 3 2627 2129 7 871 271425 2642 5
134 2847 61 3 644 13 3 522 1595 322 42 543 15 32 695 5148 13377 13 29 45 616 2042 10 3 6854 5
2758 32 1217 36 581 32 1251 14 426 601 6 1101 15 3 726 7 2190 695 5148 23491 6 4417 3 2980 7 48 1510 1603 4 133 21 3 1603 1282 10 3 31967 10167 5
145 86 526 84 601 692 4740 15 3 726 7 224 1442 8 5148 601 3648 13 51 474 3 4756 7 189 2582 8 1296 5