145 542 12966 9 31462 32542 992 35 488090 33 13 16 1254 6 11166 189 7732 7112 10900 8 5979 5
3194 31462 5606 31875 9 276577 32542 992 6 1000 9 6363 13 6409 189 17509 8 71121 5
488090 2464 5238 544 10 17315 970 538 31462 7410 4 2059 225419 8 71121 5
145 1381 4723 4624 27964 6 25450 488090 19393 8 1254 9 1341 4859 6 1262 72 10104 5
84181 19393 42 1658 8 31462 4859 12467 42 4605 10 4230 13 2537 2069 767 2822 5
81 678 6 6786 3 7362 7 522 4 9 4249 542 15 92430 4097 18 3322 4 47 39 45 1321 4400 538 9 4624 5979 35 7220 33 1217 5
81 4631 19 7220 4 488090 11129 42 48 5050 4 220 48 36472 21655 26325 4 8 805 3 785 6 2494 96734 2062 5
17 1273 488090 16 9 7716 2155 1217 6 10900 8 5979 538 7732 32542 2642 5
4011 8116 6599 27 45 12630 76 10676 5982 13 539 32542 2642 35 33 4 22190 8783 4 270 60401 4081 4 4624 27964 35 727 33 8 4624 5979 35 7220 33 4 297 461 5
3194 29 50 1654 11105 10 4631 19 461 5
31 3 104 2350 4011 8116 1217 14 2854 8090 5
17 3648 40345 76 4 150 119 71966 2642 35 33 4 70865 2370 7410 4 198770 15987 8 2854 60401 4 31 277 3677 10 117 3547 14 628 4242 8 2505 2854 5
31 3 104 1940 3677 4 3631 14 72 1551 202 7 70 130820 2333 5
79 61279 10 3 316500 1506 22462 1050 871 543 15 2442 29132 8 532004 17509 5
238 43 1292 4438 10746 4 31 34 488 6 1213 4093 544 5
659 6298 316500 2168 4 4438 10746 31 4723 148 327019 15987 5
1692 678 32542 2642 35 33 42 1589 180 3728 5
2106 108140 3109 7 29132 35 4 3824 33 4 2228 14 1369 3968 7 272 678 54210 8 4213 108140 15987 35 323 4 3495 109 47153 4 280 33 5
27 45 3677 1940 10 1678 601 30951 4 907 6 544 1547 6 5195 4355 8 4859 60029 35 405947 323 4 744 109 554468 323 4 911 109 4 4 323 4 911 109 6794 323 14879 4 3401 33 5
79923 240 3 21 9 1509 4011 8116 1217 5
6090 71 454 26 11109 9888 6 3001 544 10 48 7034 1225 5
1249 23 18 74 1273 24 236871 35 3824 33 4 7220 29 597 146 1164 19 4974 6 17241 108140 3898 10 327019 385535 5
7220 6268 2506 21 1190 35 26325 33 6 4855 544 19 32 1315 3472 5
238 90 2520 581 133 5979 7410 21 166 4 16 1109 9 4386 7 130820 13 4 10 2906 6 7220 4 1190 108140 3898 14 327019 385535 5
145 542 12966 9 31462 32542 992 35 488090 33 488 6 11166 189 7732 7112 10900 8 5979 5
17 1273 488090 16739 2520 8 31462 7410 4 19 290 1506 4623 2059 8 61283 225419 488 6 2589 29132 76 7034 534649 5
17 1652 7268 7 46 1381 539 8941 341 53 35496 488090 8 37566 27708 109 8941 459 53 53298 92430 4097 19393 6 542 488090 27411 10 4631 19 7220 522 109 8941 503 53 54425 14 454 2062 8 426 162 8 8941 500 53 193592 5
89013 32542 992 17 3354 35 1127 33 7 3 31462 32542 992 35 488090 33 16 9 3109 7 307 31462 3893 35 2990 33 4 19 3898 73566 4 114 19966 2464 2059 225419 8 9273 68806 3 14533 1291 25 6494 6 49975 35 2677 13 87 31 49975 4859 16727 8 9 9124 1043 33 5
16816 4 1127 71 26 40916 3380 21 35 196 98586 249 33 53 35 249 33 114 472263 16 9 9124 1513 19 9 871 7 249 5
89013 32542 992 98586 249 5
89013 32542 992 5
3194 41384 16 13097 24 9 16036 60816 3802 8 9 1994 4859 2125 111163 5
41384 16 9 16496 7 9 35 323 4 3495 33 1254 14 5979 17635 5
145 29 108 10746 4 11771 4 32 9796 9419 4 9 4438 9419 8 32 3354 9419 4 19 61279 1051 93836 80055 249 5
17 7946 9419 29 97 57 61279 4 11771 4 31462 5606 41384 5
187 31 15118 9796 23791 8 23767 4438 23791 44450 7 38 8 4520 3995 10 290 31462 5606 41384 35 196 98586 341 33 5
35 341 33 35 459 33 488090 14533 98586 341 5
488090 14533 5
17 108 10746 31 3797 137 67 5595 38779 4 3995 4 24 32 61283 1247 35 503100 33 2205 8 2059 60816 35 33 2205 5
225419 73566 4 4 8 22098 3 1273 488090 5
6459 4 10 2906 19 1510 4 488090 29 93 30110 4859 35 538 32 2838 4859 33 14 3 74 67 10746 5
121867 4859 111163 16 2442 19 31462 3354 41384 4 8 290 111163 16 6234 9 4650 3467 4859 5
2758 4859 15568 5524 15 4650 9937 6 2705 544 496 2489 13987 5
35 503 33 631 87 31 81751 9796 19393 3280 4 488090 31875 15118 29132 14 32 488090 14533 5
3194 19186 29408 9 3280 21 53 35 500 33 145 9796 19186 3394 16 3604 24 27708 5
12502 4 3 488090 19393 13 1871 30512 539 53 73566 4 4 8 8 19186 5
470655 13 144 26 9796 539 53 81751 4 15118 4 23767 4 49975 4 111163 4 8 928 126 2279 5897 5
17 380 488090 3354 1127 71 26 3192 21 53 35 708 33 273 3099 4 32 946 1127 86 26 53 35 700 33 114 18365 142 1485 21 3 4650 4939 4859 5
446326 35 700 33 2464 3 1494 4102 8 1325 1341 7 46 542 5
473 3 1273 488090 4 130820 2854 36 26 488 6 189 4764 8 447 5
238 3915 996 4 27708 840 9 1236 6 488090 5979 5
34989 31660 27708 17 34989 238487 35 37566 33 4 47 81070 1172 7 3 1375 6942 650 4 18 74 1273 24 35 7731 4 7487 33 5
37566 16 9 160269 1046 1217 3581 24 1375 6942 13 4589 17764 4 17904 4 8 8557 7 4397 5188 5
34989 4262 162 25 2007 2020 6 12897 10 678 6 15071 32 19547 2104 137 5197 5
3194 1570 7 9 2020 12244 9 665 14 3 565 4 47 16 3380 21 9 3897 1013 28451 5
145 2086 9802 8 1906 7254 4644 1929 37566 6718 6928 6 349903 19 9962 6325 187739 6 1000 1783 7254 2506 12695 6 2190 544 5
6297 15 192 11105 4 3 785 6 231 7 37566 10 27708 4538 29 45 4400 39431 35 8508 323 24087 4 2773 33 5
527 4 1906 37566 16 841 6 2780 1752 8 3639 6 9 528 1079 7 841 6 4855 27708 544 35 397674 4 3495 33 5
415722 18 4723 10 46 542 106 23 16 9 1509 4462 13 20178 1678 4859 2757 4 150 4624 31660 35 78180 4859 33 5
659 542 143 3 415722 78180 4859 1131 16 3456 463 6 3 3184 96734 9937 13 383 26 197 3577 10 678 6 1377 4007 522 5
17 218 2370 1959 6 538 37566 31 53 249 5
504204 1193
19241 8026 31 197 21 216571 249 81751 14 19186 16727 8 12192 183 14 70 85612 91755 5
139052 2113
79 528 5188 871 6154 9 632 1570 5
81 46 542 4 9 1341 4859 13 16 32 43655 7 3 5188 4859 36 26 2994 268 5
71343 17764
659 1000 17764 212 4 9 4859 383 26 3467 5
145 542 2828 9 7790 35 4859 7 4103 10 415722 33 17764 19 9 17764 489 7 9193 5
71343 17904
17 415722 4859 4103 19 9 17904 489 22 27063 18 220 15916 5
13088 2113
81 1117 4 218 22360 2113 42 5053 6 3447 6 3 161 2020 15916 5
17 2234 253 179 10771 21 3 1341 4859 35 101503 33 5
364 18 3 928 6808 1153 2842 3768 35 33 8 3 461 42 3 1896 7 4 4 8 73566 225419 35 47153 4 590 33 5
19419 244 35 5188 4859 33 60091 61531 6 101503 11036 5
35 704 33 35 782 33 35 183 33 35 407 33 114 35353 4 50624 4 8 45787 4 31 62230 19393 13534 6 1760 3 7931 969 148 5464 8 225419 5
4 8 2729 70 225419 6 1217 4568 8 343 48871 24 40 7562 1051 7 225419 5
473 46 1254 101503 4 488090 535 16502 19547 522 163 1906 64551 5
2758 9 38020 12424 32 72 10104 7 37839 2520 5
145 18 1273 1321 14 9 175314 32542 992 35 32559 4 3401 33 4 44 97 14 17509 13 42 34 71121 5
79416 14 3 62230 96734 42 2118 163 912 10 47 3 1896 7 15 101503 8641 1551 202 5
1113 1654 9937 14 62230 19393 142 26 7034 4 46 542 3322 3 216 871 14 70 225419 1001 5
4 4 8 35 280 33 2816 14308 272 2362 4097 93927 5
3516 19393 42 3467 21 9796 19393 4 150 509 58707 5514 35 33 4 509 35 7799 33 4 1597 10030 35 33 4 2546 12195 35 4852 33 4 818 2204 35 83466 33 4 8 8780 503641 35 48120 33 5
37442 2329 1967 15 4097 295907 2362 35 36561 33 4 470 35 16347 33 8 4508 35 157304 33 35 196 20498 249 33 5
394789 9937 31 2888 10 20498 341 5
17 26011 14 7220 42 341 309442 4 6766 56 4 8 46085 35979 14 295907 2362 4 470 4 8 4508 4 3995 4 19 7220 35 12283 32330 4 280 33 5
17 96734 9937 14 488090 8 37566 31 2888 10 20498 341 5
49975 3082 500 6154 13 218 31462 7410 27 45 3322 35 218 7410 10 446326 35 503 33 33 5
7620 2757 7 15118 8 23767 16691 42 3467 14 488090 151438 5
3194 488090 1506 18 5913 2752 400 6 4498 19547 522 4808 15 60816 7 380 928 8 2279 5
20498 249 5
8124 8 4416 4787 14 29132 8 2329 5
15479 8124 4787 8649 4787 78408 53 4 202 306 1814 82162 53 7799 4 7288 7183 85341 53 4 202 2919 4012 115210 53 4852 4 202 6494 302 58565 53 83466 4 278351 379970 163524 53 48120 4 47719 10566 36561 4 309442 2918 6263 16347 4 56 406960 157304 4 35979 5180 15098 20498 341 5
52788 7 488090 96734 9937 5
27684 488090 96734 15118 341 4 503 4 708 23767 341 4 503 4 708 49975 500 81751 708 73566 4 4 8 11612 183 93927 1614 7 14308 14 928 889 14 2279 37566 96734 25152 1646 1410 47032 489 9193 213753 489 27063 287178 500 61652 2992 35353 4 50624 4 8 45787 28442 14 2362 28107 14 470 3127 14 4508 9610 5
295907 2362 17 282 10637 522 14 4097 295907 2362 31 2888 10 20498 459 4 47 240 928 4 928 24880 2842 35 82478 33 4 2279 4 8 2279 82478 5
9897 66413 89 14 3 2752 3524 16 59 2888 5
20498 459 5
11391 7 4097 295907 2362 2376 5
12266 35 309442 33 109 12266 82478 109 27311 35 405148 33 109 27311 82478 109 311576 5
50773 89 35 13063 33 23767 341 503 708 15118 341 427458 119029 128553 48473 503 473037 297737 139563 911 286277 708 520300 503279 436327 6186 355017 438812 17 26011 7220 665 16 2888 10 446326 35 403 33 4 19 22 341 309442 35 12283 32330 4 280 33 5
35 403 33 766 488090 1506 522 3030 333 58 3 7220 2106 10 970 7 8 31 4916 19 206 82478 5
81 665 2757 114 3 15118 16108 341 4 9 528 23767 340 34 1297 665 8958 5
2758 6154 13 32 7722 221 7 9796 19393 42 558 14 2362 5979 5
11391 3455 19 15118 55 6 503 1297 19 1723 15118 49 23767 5
527 4 133 2238 5447 89 1272 8 5121 21655 6363 10119 5
631 3 1273 488090 18 2925 1254 21 9 4462 14 7732 1442 5979 4 46 733 29 34 483 45 3439 5
81 20498 459 4 3 665 197 58508 15118 3082 503 4 23767 3082 341 4 49975 3082 500 56012 7574 3220 522 10 970 7 4 82478 8 1506 10119 5
631 9 1812 1506 151438 142 321 6 5050 10900 522 4 23 36 916 9 4093 6363 10 970 7 5979 5
355 58508 15118 3082 503 4 23767 3082 341 4 49975 3082 500 56012 16 3322 4 488090 1190 92430 4097 36561 21 32 6635 7 53 35 698 33 17 488090 2854 650 16 1595 10 98586 459 5
17 11963 7 3 1341 4859 17094 5562 154 61652 8 2826 1189 156894 5
17 85612 1102 16 1595 10 70 970 2936 928 10 446326 35 704 33 8 9751 488090 6 2705 2770 408 6 4568 14 70 225419 35 196 98586 503 33 5
10526 4 10 678 6 542 3 1896 7 31462 7410 4 3 31462 4859 4 11348 3082 10024 35 14937 33 4 15944 3 380 10900 4 979 24 11348 3082 14937 35 196 98586 500 33 5
145 1381 873 6 47971 124 90 7 3 488090 19266 4 8 873 31462 7410 58508 11348 3082 14937 4 11348 3082 10024 35 14937 33 56012 4 11771 4 49975 3082 341 5
5104 4 3 282 794 665 1252 32 22 7013 309442 5
145 665 142 26 7722 5
17 1033 142 26 12315 6 3 8965 24 83 31462 7410 14 90 7 3 3538 10887 163 133 272 8958 5
21669 4 46 1381 304 184 31462 4859 4 11348 3082 15112 35 14937 33 5
11391 3455 24 58508 15118 3082 503 4 23767 3082 341 4 49975 3082 459 56012 19 111163 3082 58508 11348 3082 14937 4 11348 3082 10024 35 14937 33 4 11348 3082 15112 35 14937 33 56012 42 4 309442 4 4 309442 4 4 125406 13063 15 928 4 928 82478 4 2279 4 2279 82478 8 596 50773 89 4 3995 5
17 31462 4859 4 11348 3082 10024 35 14937 33 4 1550 2537 6 3 380 10900 4 125 1652 7410 6422 14 24220 522 35 196 98586 708 33 5
17 380 36561 6363 18 1867 21 53 35 685 33 114 58508 78408 4 58565 4 163524 56012 4 58508 82162 4 163524 56012 4 58508 78408 4 85341 4 58565 4 163524 56012 4569 6 31462 55906 7 11348 3082 14937 4 11348 3082 15112 35 14937 33 4 11348 3082 10024 35 14937 33 4 3995 4 7 47 4 163524 1464 10 70 31462 55906 8 115210 16 8451 25 3 380 36561 6363 5
720 1837 4 163524 35 8780 503641 33 6464 10076 1918 3 295907 36561 7 92430 4097 5
394789 12467 3250 327019 15987 49 628 17807 544 5
9656 93927 142 337 3 1951 7 19393 5
66 16 572 6 164 30095 13 120 96734 340 34 4569 6 380 2329 5
13751 6 4 46 1381 4964 13 488090 2464 32 2155 10 7732 1442 5979 5
36561 1341 2770 154 61652 98586 459 5
36561 1341 2770 154 61652 5
85612 2770 14 2362 98586 503 5
85612 2770 14 2362 5
53189 10076 15 2362 98586 500 5
53189 10076 15 2362 5
7710 14533 10076 15 2362 98586 708 5
7710 14533 10076 15 2362 5
16347 17 282 10637 522 7 4097 470 31 2888 10 20498 503 4 486 19 928 4 928 82478 4 2279 8 2279 82478 5
9897 66413 400 14 3 2752 3524 31 59 2888 5
20498 503 5
522843 522 14 4097 470 5
12266 35 56 33 109 12266 82478 109 27311 35 56 33 109 27311 82478 109 50773 89 35 13063 33 23767 341 503 708 15118 341 69660 61478 7622 503 460273 72594 131007 708 498984 170548 458111 7220 522 31 2888 10 446326 35 409 33 4 19 32 7 6766 56 35 12283 32330 4 280 33 5
720 488090 1506 665 12134 333 58 12403 10 970 7 5
527 488090 2520 1379 3220 82478 2770 5
11649 6 767 1263 14 36561 4 488090 522 142 26 2069 24 1723 3 15118 49 23767 5
527 4 120 474 10 15118 49 23767 221 36 1871 1370 5447 89 5
35 409 33 1716 58508 15118 3082 503 4 23767 3082 341 4 49975 3082 500 56012 4 488090 1190 92430 4097 16347 21 32 6635 7 53 35 697 33 1716 3 43241 650 4 19393 1595 10 98586 700 70 1341 15 156894 5
901 31462 7410 58508 11348 3082 14937 4 11348 3082 10024 35 14937 33 56012 8 3 9124 1043 58508 11348 3082 3298 56012 70 2498 16347 7736 2537 5
35 196 98586 704 33 5
10526 4 46 1381 59 873 31462 7410 7 58508 11348 3082 14937 4 11348 3082 10024 35 14937 33 56012 4 11771 4 49975 3082 341 5
17 488090 3639 2655 16347 19 928 4 928 82478 4 2279 4 2279 82478 4 8 596 50773 89 22 56 4 4 56 4 4 8 326489 13063 4 3995 5
7710 12329 1896 31 1595 10 98586 782 4 114 189 58508 11348 3082 14937 4 11348 3082 10024 35 14937 33 56012 1798 4569 6 46 488090 16347 10900 5
17 380 16347 6363 16 53 35 800 33 114 58508 78408 4 82162 56012 8 58508 85341 4 163524 56012 3789 10 3 31462 3354 7 11348 3082 14937 8 11348 3082 10024 35 14937 33 4 3995 5
631 46 1381 340 34 14202 13 115210 8 58565 31 34 1547 6 16347 4 3 12467 7 192 67 23394 31 2846 5
66 142 26 13 498 93927 112 34 11435 3250 3 4117 7 115210 8 58565 5
6876 2279 538 83 93927 71 185 11009 46 492 5
13751 6 4 125 3 4400 16347 2209 9 3999 4882 653 7 8958 4 23 2314 9 5314 82478 8 9 3213 6363 5
8793 4 46 267 542 9270 3 10612 7 488090 10 970 7 189 7732 1442 10900 8 5979 5
16347 1341 2770 154 61652 98586 700 5
16347 1341 2770 154 61652 5
53189 10076 15 470 98586 704 5
53189 10076 15 470 5
7710 14533 10076 15 470 98586 782 5
7710 14533 10076 15 470 5
157304 17 26011 7220 157304 10900 29 32 7 46085 35979 10 928 276 2279 522 35 12283 32330 4 280 33 5
488090 157304 522 31 2888 10 20498 500 19 928 4 928 82478 4 2279 4 2279 82478 4 8 596 50773 89 5
355 32 488090 7 58508 15118 3082 503 4 23767 3082 503 4 49975 3082 500 56012 16 3322 4 665 8958 92443 13 7 7220 2106 157304 665 10 928 5
527 4 21 2477 7 3 82478 522 42 6607 4 46 1381 3561 46 267 542 14 3 488090 5979 650 5
4641 5395 5883 13 4097 4508 16 9 4321 1291 7 4097 246369 5
5104 4 46 1291 16 841 189 10 970 7 26753 8 10900 5
6876 601 16 666 4 8 3 5238 522 7 46 267 542 1049 40 785 277 5
20498 500 5
522843 522 7 4508 5
12266 35 35979 33 109 12266 82478 109 27311 35 35979 33 109 27311 82478 109 50773 89 35 13063 33 23767 341 503 708 15118 341 86808 92368 9953 503 516082 88975 323711 708 388927
34252 7410 144 26 4400 454 10 678 14 522 6 26 3677 6 1654 544 35 105 18365 10 446326 35 708 33 33 5
17 15118 8 23767 220 10 46 542 42 3601 5
145 142 26 2069 24 538 523 1051 7 488090 29132 6 1128 21655 6363 4385 5
6459 4 3 1379 488090 16 9 41748 29132 837 3354 35 403252 33 15987 4462 5
659 1297 488090 14 41748 29132 41748 55906 35 164427 33 544 16 3456 10 678 6 1000 9 197 7 488090 26325 19 31462 1322 5937 35 196 98586 183 33 5
1302 593 4 32 164427 565 142 26 3559 2151 3629 403252 2854 11233 5
403252 8 164427 488090 98586 183 5
403252 8 164427 488090 5
238 4939 24 35 47153 4 280 33 4 3 1001 220 488090 19266 4 47 31 410870 2520 4 71 26 3380 21 9 2125 7 106193 9419 2205 7 47 3280 6154 9 272 678 9419 2205 8 7799 68806 9 27728 9419 2205 5
8793 4 90 7592 35 17905 4 75801 4 4 4 152709 4 395088 32542 2642 35 80013 4 4 497664 4 323 4 274 33 4 49 83 130820 7592 33 142 26 4723 5
2758 13613 36 852 5577 7 523 3351 7 21655 26325 5
81 767 7268 4 290 31462 4859 2125 18 220 480 5
527 3 216 4859 71 26 4723 307 400 6 447 9 4859 35 1127 33 133 21 53 35 630 33 147461 1442 6599 35 17905 4 18982 23763 1442 4 2577 23763 27964 33 142 26 4723 6 1297 488090 27708 10 970 7 8958 8 46333 768 5
2758 4091 71 10792 3 726 7 523 21655 4859 3351 4 47 5524 15 1678 488090 6090 5
6395 10 46 1381 29 1967 97 15 1572 3 488090 5979 4102 5
145 1381 1273 9 31462 32542 992 35 488090 33 4102 10436 6 189 7732 7112 10900 8 5979 5
17 3979 21655 26325 31 3592 10 970 7 40 203069 7410 4 17509 8 71121 5
488090 6464 11657 3 10612 7 32542 2642 35 141 272 678 32542 992 33 6 4764 8 447 5
11664 2062 1967 15 19393 2190 6 92430 4097 5
17 11105 7 488090 10 4631 6 4624 5979 539 53 249 5
17 31462 1217 7 488090 754 23 2086 1369 6 542 3 13987 7 544 4 8 1481 142 5357 120 31462 4859 2125 5
435 488090 2854 4 964 31462 7410 71 26 1658 14 1654 544 5
1692 678 32542 2642 581 488090 5979 6 447 544 10 7034 4859 3351 5
124632 4 488090 189 11657 15 767 272 678 32542 2642 8 6268 32 130820 16496 111 7220 5
659 13655 3 221 7 15118 4 23767 4 8 49975 4 9 1906 6363 71 26 21655 8 96734 1951 71 26 4400 19 206 8958 5
5583 4 46 1381 684 13 3 1273 488090 16 9 4116 4386 7 7732 7112 5979 47 71 26 220 14 189 565 10900 8 5979 544 19 7410 5
249 12162 5
53 341 109 21326 53 341 5