23838 4 87 16 32 1723 796 14 3 7379 7 32 1698 2106 5663 455 35 45441 33 14 421 270 8 1691 533 15978 11598 10 279975 3609 5
81 1510 6599 4 7379 7 32 1698 2106 45441 16 1618 617 25407 137 3294 4 6544 4 12565 4 4703 5
931 4309 31 2835 8 89 6696 8 3 1277 7 3 522 16 1695 6325 15 4 297 83 512 4 3 791 7 3 2194 5
145 1381 6274 9 2505 543 32556 2010 114717 35 33 31660 47 20178 3 3531 7 46333 52074 8 7732 1442 35 43826 33 14 6062 5447 7 70180 628 8 21946 7 533 297159 1547 317 5
17 773 7 18 8871 137 9 507 7 8365 2173 24 538 2496 558 229 576 25 3 1520 386 21 3 2279 11775 8 3863 522 27 45 3455 5
17 522 661 13 4 137 3 231 7 5373 7112 7100 5310 4 23 16 537 6 10775 7081 3876 297159 1547 317 25 70180 628 5998 5
45441 317 1956 71 4145 15 46 5018 21 32 1117 1153 6 2705 8 10775 3 7081 1787 45441 317 25 229 576 10 9 2025 4 14324 8 5314 4230 5
32556 455 35 45441 33 21 9 1081 9965 6 3 676 1714 8 785 13 18020 3 871 8 12693 7 32 5909 35 4 1422 33 5
17 4102 7 45441 29 45 2442 19 19019 2505 8 21771 1714 5
8 16598 35 2773 33 7253 45441 21 3 16364 871 7 32 1698 2106 21771 1124 5
17 21771 1124 31 533 298 21 2505 8 5148 31 3 629 2220 6 1739 224 12693 5
9457 601 29 170 13 87 31 964 3898 148 3 45441 8 23264 7175 4 9365 45441 71 3475 4656 2676 7175 14555 768 15 9 711 2106 21771 1124 35 4 4 323 4 6833 33 5
66 29 59 45 1595 13 45441 16 2537 10655 2442 19 711 1219 3961 12146 291 144 3537 8 1816 19491 45441 6 1811 2651 1653 35 184977 4 6794 4 323 4 7560 33 5
1210 6 3 71179 1069 7 3 711 35 4794 4 3495 109 97387 4 3495 33 4 70 21771 1124 71 26 40345 76 523 3351 7 2505 5
10052 4 50431 35 3495 33 45441 21 2164 21771 1124 7 200 4 5663 955 4 746 455 4 8 711 2106 2693 13 70 671 4552 9 136 6 4859 5
7187 601 2048 13 3 726 7 45441 1714 6268 871 14 2508 4 907 121 3 1045 7 32 1698 2106 1124 31 41243 13 31 34 1595 15 3 1760 4727 35 3437 4 2773 33 5
45441 16 3665 1621 9 84 8531 14 39400 19019 4438 2770 109 9365 3 521 871 8 3 676 773 7 45441 31 3456 6 120 1521 2326 37 259 143 272 3 6004 27 343 14 1521 4397 10 3 2505 8 317 731 35 323 4 280 33 5
238 9 665 4 3 7379 7 32 1698 2106 45441 16 533 21 46 1708 11598 15 891 652 5
2758 1945 477 14209 6 3 733 7 14426 3 6406 7 3 1477 1698 8 1212 189 2634 14119 8 6404 706 8 13140 5
527 4 3 7379 7 32 1698 2106 45441 16 45228 841 8 16 477 23125 8 13092 5
2758 38953 34 97 25344 3 200 2106 9892 72 9 7030 2106 12890 10 773 44 142 59 899 757 667 5
145 10 786 2697 6 799 224 6406 10 9 2505 310 19 9 938 96837 25 47 3 104 4321 1124 31 10 644 41243 5
17 4867 1236 14 192 1277 10887 16 3 2505 1547 6 21771 1124 47 16 1629 3380 10 70180 49 26918 10032 16292 5
13166 6 3 13292 2129 7 317 4 21771 1124 1250 14 9 334 5084 7 9 711 2106 455 13 31 2812 29 3577 12630 2305 10032 5
81 1510 6599 4 3 7379 7 32 1698 2106 45441 16 617 25407 137 3294 4 6544 4 12565 4 4703 5
35 44427 4 1095 33 5
931 4309 31 34 97 2835 8 89 6696 44 3 1277 7 3 522 16 1695 6325 15 3 791 7 3 2194 5
3974 6 107 4 87 16 149 93 6158 6358 558 14 21771 2505 3310 8 5
238 9 665 4 87 4447 964 10887 10 3 1277 7 217 41243 24 2508 5
349 3 83 881 4 3 2203 379044 2355 5581 19389 35 68774 33 2532 6 61089 229 2319 19 9 2953 6170 13 754 1521 576 2538 6 10798 35 15564 33 8 11032 628 35 1127 4 4 323 374048 4 2560 33 5
1249 50 14495 4 68774 29 343 32 533 5606 7 3 229 2319 4597 35 383267 4 12090 4 323 4 2560 33 5
527 4 87 31 59 544 19 3 231 7 68774 5
238 68774 29 9 1695 10032 6170 14 18865 224 317 4 21527 2007 10167 768 31 1272 10 3744 269782 21106 1735 5
10526 4 2543 601 29 1556 13 68774 1735 477 3576 2489 5464 10 30878 4 3318 4 17460 4 8 19372 35 49490 4 7744 4 323 2346 4 590 33 5
931 31 812 5464 4 121 68774 628 16 438752 8 1481 31 2239 2051 6 19489 4517 8 4007 192 5464 5
1113 3 871 7 10167 6599 35 171463 5
6544 8 3294 33 10 7995 8 6625 45441 317 16 34 6 26 101873 4 87 16 59 9 4900 221 7 1806 8 2155 1543 15121 32 1698 71 6336 76 10 678 6 13977 297159 1547 317 5
520 7 192 1543 3244 31 10023 2505 1124 47 31 6489 1601 24 32 1698 35 171463 5
887 210 33 21 176 7 50 1966 1315 5
66 16 34 13631 13 9 515 7 768 29 45 40753 15 3 23904 7 133 10023 1124 377 133 768 31 2239 34 297159 3181 5
81 678 6 581 9 2025 4 14324 4 4547 8 5314 152 6 2705 45441 4 46 1381 14103 143 6 10775 3 1547 317 7 1698 2106 45441 25 70180 1735 7 32 1698 538 32 6062 8 71179 317 21946 1217 5
17 1058 7 558 2979 628 7 70 5066 16 1723 4480 35 4 2773 33 5
66 18 170 13 104 7 3 317 49 2505 10 32 1698 16 70180 49 26918 10032 35 13691 4 744 33 133 21 5610 4 387 1735 4 27783 1735 8 117 83 61164 1735 4 47 3576 146 746 2505 8 1056 7 2443 3898 1547 6 1562 884 5
966 291 4534 3 871 7 3 2505 13292 10 70180 317 47 14819 55 6 202 7 70 3 628 4 317 8 2505 10 32 1698 35 40353 4 1604 4 323 6794 4 744 33 5
81 46 1381 4 6 1213 3 1236 4 9 542 29 45 2173 14 4213 2505 4089 8 3 21946 7 41243 24 7333 297159 1547 317 13 31 10292 1629 10 70180 628 8 3086 10 26918 10032 628 5
79 2505 543 32556 2010 114717 35 33 31660 16 2209 109 46 31660 20178 9 510271 43037 24 7623 1396 1084 149815 35 33 8 267 543 149815 35 125535 33 5
17 31660 29 45 12354 24 7623 23 6 307 2496 558 229 576 25 3 1520 386 5
4 2820 4 8 35 502 33 6797 45441 76 108 17020 150 746 455 4 8466 455 4 8 101035 455 4 543 15 3 2505 1351 8 2981 5
86931 8 35 744 33 494 13 45441 9286 7 108 1695 62904 34434 7 746 455 4 19019 455 4 8 855 455 5
2843 455 16739 7 70 1570 2505 4 189 24934 2505 35 4282 143 33 8 10023 2505 35 4282 96 33 5
10087 4 50377 4 16644 4 122621 4 8 478130 35 6833 33 1669 13 3 871 3465 7453 16 1695 7900 24 746 455 5
17 1381 4605 138 2193 5818 45441 773 10 6 3 650 7 32838 871 3465 5
59627 455 98697 7 1698 2106 17125 4 3803 4 5310 4 8 1496 13 31 10 886 7 1698 2106 1562 884 8417 19019 455 16 3 5961 8 44489 2505 8 791 33788 496 8 22565 137 14431 4 11475 4 33333 4 6294 4 1443 4 8 6589 7 32 1698 5
81 67276 8 93012 35 6833 33 4 43 170 13 87 16 16301 148 2505 2693 7453 8 106156 10421 5
158 5042 13 3 533 604 7 9 330531 1761 1411 891 1443 8 17125 5
1700 2334 59 1282 13 19019 2981 35 9 3610 176 7 32 1698 2106 8466 455 33 2053 189 25004 8 9318 4125 10 1572 3 1761 7 2505 5
146890 455 9965 6 70 2505 3564 24 2508 106 7 40 11455 19 3 6404 1566 133 21 4666 4 2398 4 834 4 2933 4 4703 5
3317 455 4 15 3 83 881 4 16 4939 21 2505 10292 496 4 558 137 8 25810 24 16764 297 2113 8 40 855 2642 5
81 1654 4 34130 522 27 1556 13 3 855 455 29 964 1896 4 1752 49 15066 4 15 1605 2614 6582 8 773 35 103384 323 4 6833 33 109 23 16 1282 13 1605 2614 6582 297 2398 10 3 871 2614 71 26 2069 24 589 55 855 455 5
26886 2376 16 3 104 974 5018 3322 6 2705 5663 455 1547 317 35 20541 4 19766 4 4 323 4 911 33 5
66 16 9 10167 5018 13 4589 10 145854 44895 8 52090 297159 1547 317 76 3 125259 45441 9008 5835 5
79 858 7 45441 9224 16 32840 4 47 18 74 7802 24 20541 4 19766 4 8 4601 35 2391 33 543 15 3 254010 15 98 534 8 1832 534 25333 5
1210 6 3 5114 4 1761 21 166 21 3 1566 2571 4 3 858 31 5607 24 1678 9934 543 15 3 1678 2873 4 133 21 3 864 522 7 178 1743 19944 9178 2039 35 44088 33 35 4 4 323 4 1095 33 4 3 76394 45441 3796 6169 35 4 744 33 4 33200 5433 4860 35 13204 323 4 274 33 4 4703 5
1301 192 9224 31 255 76 523 5835 14 35821 297159 1547 317 5
364 7 3 104 7081 220 48737 16 10978 25 3 35 2773 33 45441 6684 53 2634 6294 4 6404 6294 109 8 2944 16472 5
347661 410 3 45441 628 10 3 2873 133 21 887 576 35 4 1095 109 20541 323 19766 4 1515 109 20541 12283 32330 4 2391 33 4 12254 82963 35 486771 4 9327 4 4 323 371018 4 744 33 4 10905 576 35 4 4 4 323 27655 4 2560 33 4 4703 5
5583 4 83 114348 255 3 45441 628 13 18 2236 76 3 6173 19372 5
527 4 9 2112 10167 5018 6464 2980 3 3583 7 650 488 11557 463 6 3 52829 628 2137 650 35 23982 323 5315 4 359 109 4 4 4 323 4 274 33 5
949 377 22 248 67 1296 3789 10 3 11367 650 4 3 88038 16 8328 694 4 3847 3 11040 7 3 16277 628 16 59 1768 24 897 9124 35 4 502 109 23982 323 5315 4 359 109 20541 12283 32330 4 911 109 1604 323 20541 4 590 33 5
10526 4 2489 114348 474 3 552 7 31071 463 6 3 523 35821 954 35 4 502 109 23982 323 5315 4 359 109 1604 323 20541 4 590 33 110 5
17173 192 33192 4 90 1296 786 6 3149 6 4855 3 565 5
35 1095 33 3677 3 2979 1046 6 2705 3 297159 1547 317 10 3 2979 5536 47 4286 2429 10628 2212 35312 887 576 5
1301 9 858 7 45441 23874 18 220 21 3 45441 5661 4249 5
3265 1043 18 5852 13507 10 3 5536 5
145 88615 5018 754 23 537 6 2705 45441 1822 10 938 3583 7 628 5
527 4 3 799 653 7 45441 5661 10260 13 46 843 7 2979 1046 18 34 32 1783 152 6 2705 297159 1547 317 5
26148 4 23 732 6 4517 3 99858 8 1299 19 2489 32434 13 1547 6 45441 35 23982 323 5315 4 359 33 5
20379 4 3 5114 7 3 35042 71 34 26 3055 24 3 1416 4 8 3475 29 6464 1842 3 1058 7 3 1547 317 13 71 26 5823 5
1249 3 4882 665 217 24 35 1095 33 4 601 15 538 3 88615 4309 6 2705 45441 29 21739 14 1144 9 241 566 5
12283 3462 5
35 274 33 220 3 1586 447 473829 6 3617 3 653 7 3 45441 5661 10 1598 5
473829 16 9 843 7 1586 13 71 185 6 542 3 2942 8 12262 2030 10 5719 5
949 377 3 1586 447 71 474 3 11040 4 354372 8 33147 7 3 16277 628 6 90 2463 4 3 74 9345 665 24 538 3 216 6684 21 20541 8 19766 35 1515 33 16 300 25 3982 4 3 221 7 1658 9584 16 141 287 58 23 18 617 25407 5
36743 4 3 1079 7 11933 970 18 3643 543 15 3 20541 8 19766 35 1515 33 10 32 1186 6 1050 9 3528 1050 7 45441 317 5
7219 4 19 3 4859 7 3 7995 3 1740 26831 496 3 5114 7 5317 4 473829 29 763 6 3639 2376 459 85 7 887 576 24 557 2152 1470 5
1471 5018 873 16 6 4434 297159 1547 317 6 51678 5
1604 8 20541 35 590 33 25810 144316 6 2705 297159 1547 317 10 3 224 8 1956 576 5
144316 16 32 7112 93259 4462 13 3916 10 48975 297159 1547 317 5998 24 538 3 3601 970 10 40 5536 5
26148 4 2979 1046 18 2173 6 10775 3 297159 1547 628 5
1301 4 746 5152 8 62358 3 3433 5464 5
5583 4 9 10167 15987 18 617 148 2404 45441 970 8 3 144316 7112 93259 970 5
17 15987 522 7 46 864 3700 240 13 3 9962 7 144316 93259 970 16 1978 58 3 970 220 10 3 6684 1589 24 20541 8 19766 35 1515 33 4 47 6464 2939 6 2705 3 785 45441 970 13 112 34 4909 10 3 254010 5
527 4 3 665 7 46 864 16 177 841 6 26 22983 5
17 144316 7112 93259 970 31 1283 8 9101 729 47 71 34 26 220 10 3 173 9962 5
12502 1296 27 265 2322 6 542 3 1746 7 3 1494 93259 47 6464 6654 3 8958 8 773 7 3 15987 5
949 377 3 897 14234 10 35821 16 6131 24 538 144316 4 4599 746 11455 31 149 666 10 83 1959 4 3847 7285 83 3351 7 5
145 1217 29 59 4964 13 23 16 2784 6 4685 19 9 938 3583 628 5
81 46 542 4 9 2505 543 32556 2010 114717 35 33 31660 16 2209 109 46 31660 20178 9 510271 43037 24 7623 1396 1084 149815 35 33 8 267 543 149815 35 125535 33 5
267 543 14618 35 125535 33 16 9 5533 6 474 3 2854 7453 7 3 31660 5
125535 16 9 39844 1217 13 8635 15 271 8 825 745 6 384 2506 6 84 544 35 4 4164 33 5
66 41020 746 421 363 6589 8 7928 3 21826 7 767 791 5
79 2505 4165 9286 7 2505 6589 133 21 3310 2589 4 8 12724 7 2505 5
145 16 3092 31270 19 3 125535 4165 47 1038 13977 4 28969 4 12339 4 8 4643 2505 35 153151 323 11773 4 3578 33 5
79 267 16 477 14644 24 9 197 7 13987 5
145 197 7 13987 16 10032 24 3 9962 5
3194 267 29 9 2665 629 8 3 267 6652 5
79 84 565 16 10455 24 39599 825 745 52 825 5771 25 3 2505 26983 35 55358 33 4 61041 49 25498 3 267 10 3 5114 7 3 84 983 4 8 12033 3 84 267 10 3 55358 35 153151 323 11773 4 3578 33 5
364 533 1653 7 125535 16 50 2854 7453 35 14982 323 93412 4 1095 33 5
1738 39844 1175 23682 19 3 1723 1058 7 12609 745 5
999 10309 9 125535 284 4 2508 31 488 6 6197 293 19 84 544 24 3655 6 40 271 2505 48 2875 35 14982 323 93412 4 1095 33 5
238 9 665 4 125535 16 90 843 7 791 4242 35 22218 4 280 33 5
17 1217 29 45 2262 6 48 614 5771 114 791 16 7324 5
3966 6200 31 3 791 3243 35 174066 4 100368 4 10377 4 323 260978 4 2804 33 8 3 5533 7 4365 7520 35 14982 4 93412 4 323 4 1278 33 5
125535 29 59 45 1940 220 10 1678 2062 8 667 4 150 784 8 3 4989 386 35 15669 4 744 33 4 2699 244 35 6794 4 40353 4 1604 4 323 89720 4 359 33 4 10317 35 40353 4 12090 4 89720 4 1604 4 323 6794 4 502 33 4 932 35 18685 4 7744 4 14879 4 63801 4 323 7744 4 280 33 4 2215 3273 891 35 6794 4 744 33 8 2443 394 891 35 40353 4 1604 4 6794 4 18685 4 323 659 4 1095 33 5
980 6200 71 26 170 10 3 1381 24111 24 10343 4 4 4 4 8 35 1278 33 5
158 3058 13 125535 16 9 6943 718 14 12033 2505 2198 25 791 14 426 28969 5
17 1273 31660 9286 7 9 650 7 1444 7 2505 26983 8 9 650 7 45441 317 21946 5
17 1273 5018 58225 3 267 543 14618 35 125535 33 1217 19 1396 543 14618 35 33 14 14426 3 2854 7453 7 3 6062 21946 7 45441 1547 317 5
238 1595 10 98586 249 4 468608 954 19 3 45441 1547 629 12885 31 7545 10 3 2505 26983 543 15 25407 21946 14 3 2007 1994 4 8 1165 8 12339 7 84 45441 317 16277 24 3 284 14 11065 73928 7 3 2505 26983 5
79 81495 45546 7 2505 543 32556 2010 114717 98586 249 5
79 81495 45546 7 2505 543 32556 2010 114717 5
17 2007 197 7 954 31 16277 24 32 45441 317 1956 24 6478 9 197 7 1735 47 16 220 21 3 2007 197 7 928 628 14 3 1444 7 9 2505 26983 5
79 81495 45546 7 3 650 16 1595 10 98586 341 5
26148 4 3 45441 1956 1658 45441 3893 24 6478 3 22744 45441 6854 35 4 1095 109 47098 4 911 109 20541 323 19766 4 1515 109 29625 323 2624 4 274 33 5
622 45441 30739 16 153 7802 232 6 3 45441 6439 1506 35 50495 4 28975 8 49862 33 21 1595 10 20498 249 5
6297 15 3 964 45441 3893 4 3 1956 220 1930 21 3 2370 1513 7 2376 6 2705 3 5238 45441 317 25 887 576 8 45441 576 5
145 16 9 4203 9513 21 70 133 576 31 1629 11557 26620 24 6160 8 915 5
435 3 45441 5317 31 1658 4 5897 8 629 12885 31 16277 25 3 5317 25 189 3 51423 8 67368 20368 5
17173 45441 629 12885 8 1930 5897 71 26 38492 14 7995 45441 317 4 43 31 7545 76 3 2505 26983 31 454 2376 5
79 81495 45546 7 3 1444 7 2505 26983 98586 341 5
79 81495 45546 7 3 1444 7 2505 26983 5
20498 249 5
79 858 7 45441 3893 5
50495 3893 28975 3893 49862 3893 23773 3892 18808 8 7453 11332 4 1973 8 14119 23773 7139 20518 270 4859 933 1973 8 2611 23773 7175 2355 4644 2386 7488 23773 726 11083 891 8 4091 2386 4590 2622 726 8857 1761 37560 23773 6928 2622 6589 20518 3898 23773 7453 3735 1443 35 16528 18808 33 46788 19 4880 4791 8405 49247 1443 46788 19 14119 3605 27300 35 1277 8 3961 33 15746 50943 8 115877 91335 2981 11083 8 2443 7908 726 3954 20518 4440 19241 3465 1376 47896 8 6406 11272 1682 6758 7 21049 14963 91234 3317 652 4 855 1322 2622 2981 8 2832 891 9207 14 932 4 1761 8 5148 25149 3310 11083 7 2619 37392 2771 8 2642 81 3 650 7 45441 317 21946 4 21 1595 10 98586 249 4 84 3024 16 40372 24 32 2923 26787 1930 11763 9674 31660 543 15 1685 10869 35 133 21 3 84 517 2163 4 556 737 4 8 813 1932 33 95 21 6 2258 3 29189 8 5317 5
17 1930 16 454 3868 76 49052 24 1685 10869 133 21 904 4 77591 4 94595 4 4703 5
17 49052 31 153 18593 19 50 1172 7 1150 35 52404 33 538 9 52404 132770 1589 24 41142 35 3578 33 5
332 3 216 89 4 538 187739 954 4 1087 2190 628 3351 31 6234 6 3 49052 35 171463 5
1294 4 64 4 8 1051 5
17 3154 7 3 56696 650 16 1595 10 98586 459 5
79 650 3154 7 3 56696 650 98586 459 5
79 650 3154 7 3 56696 650 5
17 73301 2942 16 153 1198 6 3 45441 317 21946 5
17 468608 954 19 297159 1547 629 12885 10 3 2505 26983 31 3677 6 3 73301 11557 5
79 1396 9286 7 67 346 1172 5897 4 8 629 12885 5
17 45441 317 21946 31660 16 1595 10 194896 5
503 8 500 5
901 6200 7 3 954 31 392 21 1667 53 249 5
15293 720 53 249 84639 53 9 676 7 1356 109601 1362 7970 268165 53 2355 891 1387 341 5
15293 720 53 341 84639 53 19 32 596 7 1356 109601 1362 7970 122536 53 5462 4 7595 79 81495 45546 7 3 45441 317 21946 31660 98586 503 5
79 81495 45546 7 3 45441 317 21946 31660 5
17 45441 317 21946 31660 98586 500 5
17 45441 317 21946 31660 5
238 1595 10 194896 5
503 8 500 4 3 522 71 26 3868 76 459 600 47 31 923 79 4 923 2636 8 923 4854 273 923 79 4 5317 31 16277 92 3 5317 31 1954 5823 19 57 49 48 58 57 1806 954 5
107327 31 6234 6 3 5317 543 15 3 221 7 954 110 5823 24 3 5317 21 1595 10 5
35 249 33 8 35 341 33 5
17 5317 31 153 16771 24 17509 10 9 21565 678 5
17 5317 7 923 79 27 3 1391 3008 14 3392 3 45441 1547 317 35 249 33 35 341 33 114 9424 16 3 676 221 7 954 5
273 923 2636 8 923 3298 4 5317 31 16277 92 3 5317 31 6009 5823 19 57 49 48 7 3 1806 954 5
273 923 2636 4 5317 31 16277 92 3 5317 31 5823 19 22 248 57 7 3 1806 954 629 12885 5
273 923 3298 4 5317 31 16277 92 3 5317 31 5823 19 22 248 57 7 3 1806 954 5897 5
79 2059 7 290 7 3 16277 5317 16 2118 24 221 7 954 110 5823 8 3 27647 297 3 16277 5317 5
66 16 2186 13 3 1930 13 5823 19 48 954 16 48 338 4623 45441 1547 317 5
17 13571 7 2059 7 3 211736 19644 16 1595 10 5
35 459 33 35 500 33 35 459 33 35 503 33 35 500 33 114 9424 16 676 221 7 954 4 15441 16 3 676 221 7 5317 4 31 3 197 7 26831 7 1299 7 3 211736 1930 4 16 3 1646 7 3 13632 148 3 2757 8 4 8 16 3 1646 7 3 1456 148 3 2757 8 5
16816 4 3 5317 7 923 2636 8 923 3298 31 59 16771 10 21565 678 24 3 17509 7 3 16277 5317 21 5772 14 1481 6 1165 5
435 1165 4 84 5897 8 629 12885 31 7545 76 3 2505 26983 14 426 28969 5
4752 31 67 6200 14 3392 84 5897 8 629 12885 53 249 5
20692 26886 53 238 9 173 1031 6537 4 3 16 1441 6 3 1161 46670 1850 4 47 65261 9 475 14 33618 14 123007 13096 9 1087 8515 5
81 911 4 9 676 7 1239 941 14 7078 42 1303 61 4 17210 4213 4 481 8 1935 1223 10 3 12045 650 5
17 6338 10 2790 569 16693 10 911 24 14448 48480 3961 5
766 1521 9691 1547 1534 3177 292 8 15898 4860 5
190955 84639 53 9 676 7 1356 109601 1362 213271 92254 53 81 911 4 9 676 7 1239 941 14 7078 42 1303 61 4 17210 4213 4 481 8 1935 1223 10 3 12045 650 5
22418 7970 268165 53 941 14 7078 341 5
20692 26886 53 81 678 6 128 6 259 3 7059 7 3 4880 8 6 2705 3 692 7 3070 10 40 1322 19 35485 4 67 6544 42 1303 61 15 7908 4 7759 9 272 1070 1291 8 32 1308 7908 1846 7 10314 61 7 500 5
190955 7970 268165 53 1308 7908 1846 213271 92254 53 81 678 6 128 6 259 3 7059 7 3 4880 8 6 2705 3 692 7 3070 10 40 1322 19 35485 4 67 6544 42 1303 61 15 7908 4 7759 9 272 1070 1291 8 32 1308 7908 1846 7 10314 61 7 500 5
22418 84639 53 1356 109601 1362 61 7 1356 109601 1362
29756 17592 17 1217 29 45 12354 24 538 3 229 576 7 3 1520 386 13 42 170 10 3 173 9962 5
985 1306 1735 27 45 3467 25 503 523 1520 291 14 3 5867 35 47 31 3455 25 3 1295 7 3 291 53 2158 53 4 2158 53 4 2158 53 4 54912 53 33 5
17 6729 386 16 166 424 14 441 2203 6294 14 2319 11662 1124 137 1208 7 628 66249 5
66 16 59 6009 3682 7 64145 26918 10032 628 7 41243 25 495 229 576 5
7219 4 3 3467 291 31 1109 6 26 20315 7 2172 45441 576 10 3 386 5
16816 4 3 229 576 7 3 1520 386 31 1109 6 26 9 3610 1351 7 964 8 5314 61715 628 14 8557 5
6297 15 3 3024 4 9 197 7 954 16 16277 24 32 45441 317 1956 137 6478 3 1735 14 3 1444 7 3 2505 26983 5
520 954 17244 7 189 5195 8 629 6612 109 90 27 629 6612 97 5
79 858 7 954 16 1595 10 74184 79 5
2018 3 1735 4 87 31 7459 3678 13 3576 45441 1547 317 5
2018 3 7459 3678 4 6332 29189 3576 45441 1547 317 4 8 85168 29189 112 34 3576 297159 1547 317 5
81 83 1299 4 87 31 104516 29189 19 1299 47 671 10301 3 1084 7 3 8557 628 5
17 243 1647 197 8 3 928 197 7 954 42 16277 24 32 45441 317 1956 24 6478 3 197 7 1735 5
238 1595 10 98586 708 4 822 57 61 5018 16 220 21 3 25017 5018 14 9409 143 10366 9 2854 31660 16 488 6 4764 628 13 23 18 34 3559 15 5
822 57 61 2858 25017 16 4116 106 23 340 34 2509 628 5
66 4589 538 9 837 9892 25 3 1081 5907 21 3 25017 628 4 8 3 1652 11537 21 3 928 628 5
145 650 16 3629 133 13 290 9892 10 3 5907 16 220 480 21 3 25017 628 5
17 3856 7 3 822 57 61 5018 16 1595 21 98586 700 5
17 5867 17721 14 9365 3 773 7 98586 708 5
17 5867 17721 14 9365 3 773 7 5
238487 7 822 57 61 5018 14 3 8557 7 98586 700 5
238487 7 822 57 61 5018 14 3 8557 7 5
659 10158 3 47175 7 4 8365 31 1303 61 19 523 221 7 928 745 5
81 46 1381 4 9 19644 16 3136 21 9 837 267 5
9161 42 2173 19 577 745 6 6938 745 19 9 577 745 76783 5
24101 2419 104320 31 220 10 3 2376 5
17 522 7 31 59 103139 19 2376 8 3376 7 1299 35 9948 33 1506 5
81 2376 4 29189 31 16277 92 3 29189 31 1954 5823 19 22 248 57 7 3 954 21 962 10 8941 459 5
17 9948 1506 16 9 7081 220 5018 10 3024 19372 5
2569 31 67 1906 11557 53 1358 3607 6 345 1211 5
1733 3607 215 5
1358 59 3607 6 1454 1211 482 5
6297 15 192 67 11557 4 9 23901 16 9168 21 53 58508 1358 53 249 4 3607 53 341 4 6 53 459 4 345 53 503 4 1211 53 500 4 1733 53 708 4 215 53 700 4 59 53 704 4 1454 53 782 4 482 53 183 56012 47 29 183 9022 1299 5
157 538 3 11335 7 3 23901 4 290 3024 16 3380 24 9 183 2606 60401 53 1356 249 4 341 4 249 4 249 4 249 4 249 4 249 4 6494 4 6494 4 6494 1362 1356 249 4 249 4 249 4 6494 4 249 4 6494 4 6494 4 249 4 249 4 249 1362 114 290 2606 7 3 83735 9965 6 2408 7 3 12510 2606 10 3 23901 5
145 843 7 8593 29 307 1408 2333 4 14 946 4923 20973 35 4 280 33 5
66 29 32 1653 13 93 2543 2505 16 1272 14 3 19372 5
81 46 8557 4 70 3 29189 31 3380 543 15 3 9948 1506 8 341 5835 31 4939 35 79022 5
19644 19 297159 1547 317 8 19644 276 297159 1547 317 33 5
27311 29189 31 677 19 3 928 29189 24 538 27647 5
17 27647 16 7154 21 446326 35 708 33 35 708 33 114 79 8 2636 31 3 1043 10291 83735 7 3 29189 5
79 2279 19644 16 6401 24 677 19 290 7 3 928 29189 5
17 3936 7 928 19644 13 29 3 1391 27647 6 3 2279 19644 16 3467 21 3 3936 7 3 2279 19644 5
42112 4 51811 8 18365 1415 31 220 14 3 773 14555 24 9901 3 297159 1547 29189 1282 24 3 4 9948 8 111 3 297159 1547 29189 3467 24 3 45441 1956 5
17 42112 4 51811 8 18365 1415 31 4939 21 5
35 700 33 35 782 33 4 3995 35 700 33 35 704 33 35 782 33 10548 5
60623 8 2995 17 522 7 3 22015 7 523 267 1051 31 1595 10 194896 5
8 20498 341 5
1655 3 522 4 3 1273 5018 29 22308 8 9948 10 70 3 108 1170 35 3423 4 12398 4 8 18365 1415 33 4 125 3 522 7 16 825 6 13 7 9948 1506 5
17 665 661 13 2384 9 272 3423 489 19 523 221 7 928 745 4 8 825 12398 489 111 8 9948 5
29756 665 7 98586 704 5
29756 665 7 5
29756 665 7 9948 1506 98586 782 5
29756 665 7 9948 1506 5
29756 665 7 98586 183 5
29756 665 7 5
20498 341 5
29756 665 5
720 5
7 745 577 1410 1992 2591 1317 3784 3765 3918 6938 51811 516082 516082 516082 42112 7168 9948 51811 516082 516082 9948 42112 514215 392835 9948 7168 51811 454070 42112 439404 434359 542861 439404 7168 295231 507740 79 10028 7 8557 522 7 70 6599 19 104516 745 16 1252 10 20498 459 5
1655 3 522 4 80 71 196 13 3 1273 5018 29 22308 3 83 108 41154 10 70 3 108 1170 5
1692 3423 489 535 14351 19 799 12398 489 5
66 16 2794 6 1963 13 29 9 568 3423 489 35 180 9193 33 111 8 9948 35 180 5853 33 4 44 1755 6 2384 9 568 12398 489 35 180 40904 33 111 35 180 40914 33 8 9948 35 180 6822 33 5
20498 459 5
29756 522 7 70 6599 19 104516 745 5
87230 51811 42112 18365 1415 9948 439404 23620 11245 2376 8 9 507 7 1323 2106 9575 1665 42 2173 6 6786 3 3423 4 12398 8 18365 1415 7 523 267 1051 35 79022 5
577 4 1410 4 1992 4 2591 4 1317 4 3784 4 3765 4 3918 8 6938 33 10 8 9948 19 138 10 3 1273 5018 4 3995 5
17 522 31 1595 10 20498 503 5
6297 15 3 522 4 57 71 196 13 440 70 3 1170 7 3 1273 1217 42 2537 333 58 138 7 3 83 6599 35 9421 11102 27063 33 5
17 5694 16 3 4631 7 12398 10 9948 19 3 1273 1217 5
17 665 842 13 3 12398 7 1273 1217 16 34 2537 333 58 13 7 9948 35 9421 3082 33 5
527 4 3 1153 7 12398 7 3 1273 1217 16 333 58 13 7 9948 5
20498 503 5
40013 2376 297 523 6599 5
29736 2125 12811 9948 51811 29139 252185 3260 499202 3260 96368 9421 35 9575 960 33 42112 29139 252185 3260 499202 3260 96368 9421 35 9575 960 33 18365 1415 29139 252185 3260 499202 3260 96368 9421 35 9575 960 33 659 55741 4 3 1273 5018 7928 3 21946 7 297159 1547 317 8 11657 3 773 7 3 1806 27964 5
20370 4309 10775 3 317 24 4231 14 382234 5897 297 3 392 1735 5
17 1273 1217 8323 454 297 3 16277 5897 95 21 6 61477 90 4438 297159 1547 317 5
17 1273 1217 71 59 26 220 21 32 6062 4462 14 3392 84 5897 9834 454 3096 3 21946 650 5
349 3 83 881 4 307 9705 236 6 26 4417 8 19851 31 666 10 426 162 5
11649 6 83 601 10 2942 2376 4 59 2818 21527 337482 162 8 628 18829 5
10526 4 10 46 601 87 18 32 9513 7 825 2184 2217 110 3322 25 64 6 64 10 576 25 3 216 386 5
1113 3 2854 7787 7 71 1297 3 773 7 3 21946 650 4 23 149 2818 746 4653 6 1165 3 5840 7 3 284 8 581 9464 6 3 284 5
81 426 162 4 3 5018 144 26 59 2262 6 523 30951 8 628 2757 10 678 6 384 61 48 52 3 6269 4 9705 4 19547 397 7 3 5018 5
17 2505 26983 144 2384 2479 7 3890 8 2022 267 3351 5
999 682 95 4 3 284 71 185 6 410 8 13977 745 47 1871 523 21946 5310 5
1471 16018 7 3 1381 16 13 3 5867 18 100 617 19 887 576 5
966 83 576 71 59 26 12956 5
273 946 4 12254 14878 4 10905 210 4 1717 8 136 1295 4703 5
17 2005 45441 317 10 192 576 29 1370 969 15 3 455 200 5
6459 576 4 16910 4 2634 8 6404 855 506 31 59 7081 220 21 32 533 891 4462 35 14 1971 4 3063 4 2015 589 5060 33 5
2758 628 142 166 3576 297159 1547 317 49 141 317 13 71 4764 893 10 45441 5
17 7379 7 32 1698 2106 45441 16 533 6 581 11598 15 891 652 5
145 477 14209 6 3 733 7 14426 3 6406 7 3 1477 1698 8 1212 189 2634 14119 8 6404 706 8 13140 5
20370 6599 543 15 25407 4309 137 3294 4 6544 4 12565 5
931 4309 4145 2311 15 22357 4 47 31 89 12725 8 5326 5
145 1381 6274 9 2505 543 32556 2010 114717 35 33 31660 47 2228 14 6062 21946 7 533 45441 1547 317 25 1650 1058 7 70180 628 5
81 3 1379 542 4 3 7453 8 9063 7 3 31 4964 137 9 1408 2947 960 2173 10 1520 386 5
2386 229 576 42 10637 6 10775 3 45441 1547 317 5
1210 6 3 522 4 23 16 1595 13 23 16 537 14 25418 45441 1547 317 25 70180 628 5998 8 9 272 3423 489 16 3439 5
473 3 231 7 46 5018 4 3 89 4 3 470 8 3 19029 15 7379 7 32 1698 2106 45441 86 26 2537 1842 5
17 1379 542 14792 6 3 19260 7 4309 8 3648 14 3032 45441 1547 317 5
473 3206 48213 7 4 23 71 26 454 3677 10 83 386 14 45441 2376 5
473 3 875 4590 52 3 3238 7 45441 4 2508 31 1204 6 7673 4 1328 4 1415 8 210 15 3 561 7 45441 5
631 93 1837 117 7 3 45441 3893 142 26 2665 6 2508 8 21 133 4 43 236 6 26 4939 8 4108 22783 4 2508 11231 112 34 236 6 353 25 10596 5
20216 32 1698 16 6489 2319 15 50 773 12146 7470 1678 3351 7 136 576 4 3 11356 5533 6755 10 46 1381 71 26 9888 8 220 6 2705 8 10775 317 1547 6 138 7081 4939 45441 3893 5
17 118559 7 3 45441 3893 24 3 45441 1956 10 46 601 16 543 15 22744 45441 10722 21 166 21 9 1695 3890 197 7 45441 576 845 24 495 10 3 73 1352 5
45441 891 8 2319 16 149 22 32 22286 967 10 3 224 131 44 23 16 230 13 2508 71 4145 15 45441 6 249 5
125768 1521 6905 19 224 1264 8 10 1654 7995 3 561 10 45441 8 1531 1537 16501 7 4939 1446 19 4974 6 1521 2472 341 5
19386 4 1995 8 132 66249 6 120 871 3465 650 459 5
129949 3 4438 785 7 32 1698 6 1678 14119 4 2634 8 6404 109 8 503 5
117666 8 4764 3 12642 10 1678 3893 7 45441 543 15 271 628 4 993 8 1715 5
19909 95 71 185 32 1698 6 11277 9 504 49 1128 3 969 7 32 136625 1103 520 2508 3244 31 277 22958 45441 14 57 49 48 7 3 996 5310 35 58105 4 2560 33 5
74184 79 34417 7 1396 197 5
45441 3936 45441 5606 7970 12885 87213 50495 23773 7139 3405 202 23773 4 303 49862 20518 4440 35 42198 5
27662 20520 4 1052 33 14341 2513 9 2619 99445 9 2619 49862 20518 3898 11292 7 12632 10 4333 443 27361 526 443 4 443 4 221 7 13612 49862 20518 3898 13120 2513 498 2619 47660 4 597 498 2619 49862 20518 4440 35 42198 5
27662 20520 4 1052 33 11292 7 12632 10 4333 443 14341 4 7905 4 4333 443 49862 11332 4 1973 8 14119 13120 2513 498 2619 14341 747 4117 49862 20518 4440 35 42198 5
27662 20520 4 1052 33 11292 7 12632 10 4333 443 5598 2460 4 317 443 49862 11083 8 2443 7908 231650 7 6383 12632 10 4333 443 41143 4 6383 28975 11083 7 2619 37392 11332 384 3 10028 6 26 1465 10 32 87555 2030 5598 384 3 2619 37392 4 1465 10 32 87555 2030 50495 4791 8405 53939 1032 35 607 8405 33 4791 2807 50495 23773 6928 11292 7 1032 68 4 418 50495 23773 6928 11292 7 1032 273789 7 2377 50495 23773 6928 11292 7 1032 5640 4 607 49862 2771 8 2642 11292 7 66773 2622 38988 66773 5280 4 221 7 192 5982 49862 2771 8 2642 11292 7 66773 2622 38988 118 1387 25786 10 48467 4 676 4 133 1387 50495 12266 35 97073 726 33 5640 221 7 4884 4477 37718 4 1271 928 4 676 4 4884 50495 12266 35 97073 726 33 9897 221 7 928 465 147 2944 3559 12266 465 4 147 2944 3559 49862 2771 8 2642 11292 7 66773 2622 38988 5640 221 7 66773 5982 49862 49862 56087 137 4875 83 58 4386 992 21 202 7 676 419 5056 202 4 4660 4 3327 3822 28975 11083 891 8 4091 11292 7 1277 1380 8 4442 1303 61 11083 4 3070 864 4 574