81 46 1381 9 1730 2673 7 49474 5309 35 43826 33 4 29280 8 917 416 16 962 5
17 3316 7 3 162 2209 322 18 6 1000 9 84 5775 6684 13 4063 1653 15 57 487 7 3 24274 8 7816 5615 7 3 13370 1443 13 162 10 3 521 131 8 4 15 3 83 487 4 7 3 317 558 2151 917 5
58276 31 11629 105 35 136506 33 16001 1443 488 6 5576 8 16201 9 4410 7 40 1566 10 678 6 384 8 4697 317 8 628 5
349 3 83 881 4 3 917 4 13 10 9 13370 9962 16 1618 1109 105 9 3822 7 4440 35 171463 5
349819 1315 4 349819 13521 33 4 322 16 11629 59 105 9 1351 7 2505 5
145 2228 6 7673 9 84 6684 488 6 3009 13370 2210 10 678 6 128 7608 4 10534 317 25 3 521 131 5
6459 4 1586 2210 142 1046 14 8 128 1117 317 25 3 917 11580 131 5
17 7112 516 7 192 416 71 26 3677 10 523 10711 8 2697 6 25450 3803 8 4855 5238 544 5
659 46 194 9 1617 532 2673 29 45 4939 8 9 25033 278742 6227 5
81 308 1208 4 3 44040 7 70 49474 5309 4 59529 8 917 2333 29 805 6 384 84 2457 2333 19 3 3644 7 15750 1443 488 6 4855 544 49 1297 521 1443 3961 5
7219 4 601 15 16001 13344 8 16001 1443 16 32 526 492 8 3 5681 7 84 4 1369 6 432 317 1543 133 21 3 917 879 286 23817 3 917 21 9 1351 7 628 13 71 26 1725 24 770 7 9 3327 10768 49 10394 2204 5
81 644 4 3 231 7 3 917 21 9 1351 7 4440 19 9 3327 10768 49 10394 16 166 4400 8 3677 10 523 3547 10 678 6 1800 5394 8 1783 1443 5
81 3 1045 7 2333 4 3 917 2205 16 220 6 10792 1443 3327 532 35 79022 5
137 746 13125 33 4 21 23 16 3 267 10 349819 1315 8 349819 13521 35 4 58105 4 45205 4 7914 4 323 7744 4 1095 109 36240 4 180392 4 2284 4 174195 4 323 302848 4 1515 109 4 1278 109 4 4 323 200545 4 1422 4 1095 4 6 582 9 3822 7 4440 6 3 13344 7 9 23763 35 184119 4 10141 4 323 30883 4 359 33 4 8 6 11924 3 746 19 3 13370 9962 137 3 917 35 12283 32330 4 359 33 5
458 300 4 22 248 67 601 1583 29 34 45 1816 12956 53 3 231 7 3 1052 21 9 628 1351 8 3 231 7 13344 21 7804 7 2505 14 9 272 653 16001 284 488 6 650 1481 19510 8 3009 3 317 116185 5
66 770 13 3 1052 71 26 220 14 189 3975 317 148 523 2210 8 587 317 24 580 22 14431 8 917 1265 5
66 59 2697 6 219 10 13344 21 2210 488 6 384 3893 8 1065 3 1566 10 678 6 1332 3 2505 4434 7 3 2673 1109 5
999 580 6 3 521 131 4 9 515 7 537 544 71 26 1861 8 10455 14342 3 317 13 71 26 2972 25 189 1543 3 917 8 2215 29280 1443 5
81 46 1065 4 13344 71 10779 105 132347 49 22374 76 3 1566 4 19 9 2485 8 9 3656 3074 35 171463 5
1262 8681 4 4355 4 4703 5
33 4 8 71 162 8 7916 105 12779 1443 1134 3 1517 6 4293 16001 2210 5
81 133 9 267 4 9 24128 1217 71 26 6227 4 3 2032 110 20739 24 90 4293 2210 4 125 13344 8 3 1052 416 51 1333 21 19378 5
2491 3 2485 16 4939 4 189 7 192 1443 71 7916 8 26 220 10 678 6 384 3 282 1264 35 171463 5
1518 3 13344 15 3 2497 19838 49 15507 2785 19 3 558 317 33 5
17 1081 284 71 26 59 4723 6 10158 3 2177 6 1667 9 1654 1264 24 2294 3 2215 2210 8 4 10 267 7 1606 4 4697 3 84 317 663 25 3 13344 10363 10 678 6 3 35 19547 33 1264 5
16816 4 46 843 7 1730 652 71 26 220 10 678 6 25450 9 515 7 523 8090 8 523 2333 114 3 317 558 16 34 17087 44 71 337 8 189 3 5536 284 8 3 1264 6 1667 27 6 26 3353 5
7219 4 3 2485 7 192 2333 71 26 86091 1049 24 3 7112 284 115 7 16001 1586 8 13370 2210 5
8616 4 3 601 15 11455 7301 15 11797 4 2215 8 855 11455 148 2210 4 13344 35 4 911 4 359 33 8 68 6 581 14 15923 1442 8 2975 746 5615 5
58276 35 2210 33 71 26 4116 10 523 42179 8 10711 4 133 21 10 2612 1313 4 1046 8 1703 8090 4 4795 244 361 4 11381 3 3552 8 1723 7175 10 3 7984 5
81 6854 4 523 6599 8 2333 14 1572 41748 2204 30462 8 2172 3672 148 746 4 2210 8 13344 4 71 26 170 35 196 12283 32330 4 911 4 274 109 351777 4 4 323 99313 4 280 109 1104 4 4 16188 4 323 39951 4 4 109 323 4 1095 109 12283 32330 4 1095 33 5
34678 2333 27 45 1589 24 17938 8 6005 35 256326 2204 25243 5898 33 4 9 2137 7 2204 416 14479 19 307 974 2204 48737 35 16188 4 4 26927 4 323 40046 4 2773 4 2391 4 1278 33 4 10 678 6 1000 9 837 1566 14 746 2204 162 1443 35 171463 5
19 32852 8 130132 21 10 16188 12283 3462 5
35 1095 33 4 155877 4 4 4 323 3290 144651 35 1095 33 4 35 1278 33 4 12283 3462 5
35 1095 33 4 55356 12283 3462 5
35 1515 33 5
79 48 308 6942 7 46 992 2693 16 2209 10 1104 12283 3462 5
35 4 33 114 3 171111 35 133850 33 29 45 9888 14 1691 7039 3013 148 2210 4 13344 4 1510 8116 7176 8 19526 8116 5
19526 8116 16 3 2673 7 1714 25 117 35368 3149 6 9 837 565 22 3 216 89 5
1738 6942 420 6 3 2395 270662 11797 7132 4102 4 8 2333 10 3 746 2204 9962 71 26 170 10 125815 323 182536 35 1095 33 4 8824 323 35 1095 33 4 35 359 33 5
17 867 468 3 270662 11797 30988 16 6 581 11797 8 855 1714 6733 15 2979 2438 10 270 7 1029 1715 5
145 2697 6 7532 3 5959 76 9 746 6570 4 19519 6733 24 945 22 11715 8 3761 14 12538 9 1654 565 5
9601 76 1250 192 746 7732 5309 16764 4 10 129 1186 32 2155 6582 148 4092 4 1586 8 2215 2210 16 4400 8 5054 5
8616 4 129 733 19 3 84 6684 284 16 6 454 10792 3 73588 4440 148 4092 4 3 11580 131 8 3 2215 131 5
35 254261 4 181423 4 323 4 2804 33 27 45 3112 14 2505 8593 4 3 2204 718 14 1538 3 34316 7 3 11580 8 2215 9254 4 8 3 7112 2210 2763 10 678 6 4552 3 6684 6 293 19 3 36803 1566 5
17 1381 16 4393 21 3177 5
81 8941 341 3 3519 3531 8 1443 31 2209 8 2994 5
17 1273 84 6684 16 2209 10 3856 25 9 614 397 7 1069 10 8941 459 5
81 8941 503 4 3 2673 7 3 6684 6 9 1617 532 2673 16 962 8 9 521 25033 278742 16 2209 5
97610 2932 8 426 162 8249 31 255 850 10 8941 500 5
41748 2204 1443 622 2204 16 9 1416 284 15511 10 90 1566 8 3682 7 16001 652 10 46 1566 10 678 6 772 50 1746 8808 35 85014 4 1422 33 5
1210 6 85014 4 32 2204 29 6 11922 90 2763 10 678 6 343 7112 53 214906 35 3 1175 6 18386 50 1566 8 2647 6 893 10 9 8625 2066 33 4 5735 35 3 1175 6 7902 237772 3074 24 427 3 3159 33 4 8 855 1175 35 3 1175 6 12248 19 83 2210 33 35 85014 4 1422 33 5
27143 2210 35 68427 33 71 1379 90 83 2763 133 21 49668 15550 35 32 2204 4278 14448 8 157027 33 4 14618 35 10554 7787 4 24 47 32 2204 8050 6 1333 15 3 1625 7 3 317 23 7121 4 8 10 9067 19 50 209 8808 6 2769 50 1446 33 4 46204 35 32 2204 2106 2699 955 13 3823 23 6 14391 50 5149 8 6 690 6 2769 50 1446 3639 33 4 38341 35 2699 955 13 12424 32 2204 25 15001 14904 2915 317 33 4 11081 35 79022 5
3 1175 14 9 1586 2204 6 21731 25 57 2953 6 184 33 5
17561 71 26 4116 21 20224 9010 13 31 10 886 7 1654 8090 15 3223 7 9 4650 5
527 4 10 3 1045 7 745 2210 4447 10 10711 13 3576 83 2210 4 95 63792 41748 2204 4478 35 70233 33 5
79 70233 9286 7 9 182 7 2210 13 71 2475 12248 19 290 83 35 4 359 33 5
999 14342 46 2419 307 9063 133 21 11040 8 53562 4 195512 8 47175 4 4 299912 8 227620 4 8 34316 35 4 744 33 71 26 1049 5
81 678 6 3270 10 1812 4 7039 8 10774 10711 35 17905 4 818 1617 532 4 16001 8311 532 4 244 361 4 1784 1443 532 33 13 3972 9 272 2463 7 10119 4 32 2204 25243 5979 24204 16 12818 5
17 2204 25243 10725 10986 35 33 35 85014 323 4 1515 33 41154 3316 6 8922 133 5702 24 2172 41154 8 3648 13 4552 13857 726 8 4518 7 2204 543 1586 5
81 3 1379 162 3 17592 35 4 4 323 27698 4 744 33 4 47 18 1273 6 10792 3 70233 726 650 4 29 45 1109 463 6 50 67612 8 4462 270 5
473 3 3644 7 87763 2204 3531 14 3 7 73929 1586 2210 4 3 2417 14 27143 24347 17561 35 33 29 343 32 69558 12214 2599 1639 1698 8 29 1589 20297 14 16392 3 3465 7 9 197 7 2457 954 5
6506 6 3 768 15 63919 4 95067 35 526 21788 33 4 323977 35 17177 14471 2971 5531 33 8 2204 7176 21106 6 3 954 8 24804 27 45 1146 5
17 323977 2204 2912 35 4 273658 4 318319 4 323 4 274 33 29 45 3112 10 129 162 10 678 6 5507 2210 8 8117 9 41748 2204 1566 5
32095 13344 9601 76 1250 523 537 2673 3547 4 9 10051 71 26 1109 21 32 173790 4 49001 4 193111 2354 3682 7 4149 9 2726 7 8090 15 4183 49 232 6 6881 8 7112 27964 6227 10 2379 5
58276 71 26 6401 76 67 689 5835 232 6 3 2485 6 26 1303 61 24 91 53 1784 13344 8 394 13344 5
7443 13344 31 1146 10 678 6 3030 22960 4 27593 4 5050 8 7608 8090 4 852 6 3030 10444 8 13900 1945 8 2484 8090 5
349 3 83 881 4 1476 58276 31 1827 6 581 416 6 4092 1016 7 2484 5060 5
931 29280 1443 71 26 170 10 32 12708 23555 7 1562 247 30951 4 150 1290 8 9271 10711 4 244 8 1832 416 4 8 11196 10711 5
20406 133 21 13344 14 39806 3 9875 4 6109 7480 49 1979 4 8614 8 877 31 277 13341 558 35 171463 5
95144 4 226782 4 146499 12283 32330 4 1422 33 4 125 13344 21 18547 4 1816 855 7392 49 8401 31 22 9 726 4141 35 12283 32330 4 744 109 147145 4 1095 33 5
17 5633 8 4355 7 1778 49 14510 77458 692 24 770 7 13344 16 32 2685 7 518 14 117 601 1093 7 5471 692 35 28190 4 57486 4 323 3290 4 1278 109 4 2391 33 5
81 3 267 7 1784 8 394 1443 4 3 521 131 8 2673 1566 71 26 4129 4 22 523 926 4 21 32 317 1351 5
3763 4 13344 71 26 1752 3275 49 21655 10 678 6 4534 22960 1945 4 530767 49 1252 19 16001 8 7112 5615 5
81 70 745 4 13344 71 26 220 6 128 317 25 40 1566 24 770 7 10363 35 95 13 138 71 2501 4 196 4 1674 4 1415 4 4703 5 33 5
7219 4 43 71 16201 8 13655 40 1566 24 770 7 129876 4 14 189 11533 84 317 8 4149 523 8090 5
81 46 162 4 80 31 2274 10 14342 70 1945 4 317 8 416 13 9 10051 71 581 1918 1882 5
8616 4 3 6684 8 3 13344 80 36 231 383 2419 9 1087 2463 7 10075 5
37404 9965 6 1443 3682 7 1219 10 3 19630 1566 276 120 916 7 6404 532 14 2262 4736 7 89 5
16816 4 16001 13344 71 26 4129 21 2215 2210 13 31 488 6 18386 8 10775 317 25 40 1566 8 231 46 2505 6 398 8 1333 10 9 37369 4230 5
273 7112 16001 13344 4 3 108 104 533 12818 2000 31 7059 4 90997 8 10150 5
81 4759 13344 4 3 8090 2442 6 290 7 192 2000 31 1589 8610 8 290 57 2527 50 209 27964 8 628 6294 5
17578 15 3 418 1566 4 47 71 26 48 49 287 10032 8 7039 4 8 15 3 83523 317 8 9013 7 3 418 352 4 3 8090 7 7059 8 90997 27 523 926 7 10119 5
79319 8 90997 71 26 1049 137 4831 1945 4 79022 5
4355 8 15987 35 174195 4 1095 109 10141 12283 32330 4 359 33 4 49 137 3 109795 280906 157 67598 4538 35 231017 33 35 171463 5
323 6624 4 502 33 5
208 3 3353 2505 13 46585 25 3 7059 8 90997 8090 16 220 10 678 6 3379 3 317 3014 1379 15 9 568 1586 653 2204 4 1812 8 24831 544 71 26 1861 8 10455 5
44594 10150 16 1547 6 3 2485 8 394 6 1626 61 8 3191 137 3 1330 8 191404 16200 5
81 46 1181 4 232 6 85014 2106 6300 35 85014 4 1422 33 4 16001 13344 31 1109 21 2215 16001 2210 5
17 6582 148 3 5615 7 1586 8 2215 2210 16 962 454 10 46 1381 5
160431 3377 416 19699 4 3 917 29 45 11629 21 9 5146 1351 7 317 5
17 11030 7 917 1476 35 83488 33 3954 35 14458 12283 32330 4 911 33 29 7262 6 2975 23 6 9 5146 1351 7 16408 5
83488 132 2333 558 15 3 917 10 9 2029 152 95 13 43 71 26 10644 5226 7 3 1219 284 43 31 4071 15 8 3 5979 2030 43 31 6227 10 5
81 3 15561 7 2627 1639 14 917 1894 4 108 346 10746 71 26 5042 5
35 5217 62856 4 6961 8 33194 33 1708 9 7787 14 2067 6 384 917 1894 24 10472 32 2029 152 6 6628 8 6075 317 52 91 5
35 917 1894 62856 19389 33 1708 9 6652 7 2205 8 4440 19 9 1654 917 1476 24 6293 50 16408 538 32 55069 2030 5
5583 4 219014 35 18214 68132 10161 10463 33 16 32 2029 13 15103 55069 87616 2633 148 67 2333 72 3 1052 18193 5
17 689 16018 7 46 718 16 13 4 463 6 3 875 7 3 917 10 1646 8 7139 4 87 16 9 1292 7 22629 1622 14 12404 738 133 21 4089 4 5577 4 3394 4 11975 8 66619 1315 7 83488 35 323 474509 4 1422 33 5
349 3 83 881 4 3 160431 917 35 46555 33 3899 22 1463 63794 6 3 628 845 15 3 917 35 11771 4 3434 3 2677 7 3 628 33 4 95 13 4081 31 488 6 650 192 628 10 9 825 152 9 746 71 112 35 56808 4 112567 4 323 165409 4 1278 33 5
17 46555 16 3475 12072 24 3 3320 7 2953 6733 3142 63794 19 3 1510 917 2038 5
31 3 2029 2505 8593 718 10 3 501033 273 3 5060 7 129 162 4 80 27 3322 3 508 6300 7 255822 53 32 255822 16 9 3142 8 10023 34520 7 9 2457 179740 35 254261 12283 32330 4 2804 33 5
81 46 5114 4 3142 9965 6 3 236 7 2953 12319 4 47 1599 4552 6062 14618 5
6459 4 3 255822 2030 3467 10 46 162 18 301928 35 917 255822 19389 33 35 17559 323 3290 4 911 33 4 13563 4 3 498 135173 35 414 18648 917 19231 33 160431 917 2029 255822 2030 5
160431 917 1894 35 135241 33 31 3 1730 2673 7 83488 8 3 46555 35 4 18007 4 323 38851 4 1278 33 5
158 17244 7 6293 3 416 19 51423 2038 95 13 394 4089 4 11975 8 55738 71 26 617 5998 24 4 14 946 4 3 231 7 1586 2210 488 6 650 3 51423 317 1252 5
135241 31 3847 4939 137 9 394 255822 8259 2953 7 50 5615 5
79 2029 14 3 135241 718 29 34 483 45 4939 8 523 6599 133 21 31127 2106 35 1319 12283 32330 4 359 33 4 35 3923 12283 32330 4 744 33 4 35 10490 12283 32330 4 744 33 4 2106 35 6793 12283 32330 4 502 33 8 35 61281 323 97766 4 359 33 35 498 135173 6868 33 31 558 5
17 84 6684 3899 6 1000 9 2912 13 17220 416 25 189 3 2215 8 3 11580 9254 24 538 13344 8 83488 4 3995 4 19 3 3644 7 2099 671 26653 8 66851 1714 10 678 6 581 1481 19 160349 416 5
222599 17 1273 6684 16 543 15 9 179 9419 6358 35 196 98586 249 33 5
17 798 9419 4 79022 5
12555 59434 4 4286 3 1543 7 16408 10 3 284 5
66 29 45 2714 55 76 67 600 53 1543 7 16408 25 3 11580 131 8 1543 7 16408 25 3 2215 131 5
999 1543 7 16408 25 3 11580 131 80 7253 6 3 224 6589 13 159 254 10 2508 8 10301 40 5257 2869 5
79 136 2106 224 8783 16739 224 954 13 5124 3 224 534 4 8 74151 35 79022 5
1433 8090 7 2674 1735 49 628 25 57 13612 6 184 33 5
20416 23 70 671 1708 3 2370 6435 14 3 4858 7 16408 15 3 917 5
349 3 83 881 4 3 1543 7 16408 25 3 2215 131 71 26 460 894 4 25 1974 8 10042 6 3 1582 8 83 1923 3893 5
21257 10 3 1566 71 26 1601 24 129876 8 6085 24 10363 5
931 893 10 3 1566 71 26 11660 21 16408 1252 24 3 284 5
17 6684 17136 98586 249 5
17 6684 17136 5
17 169 9419 10 3 186549 2693 16 3 1894 59434 5
81 46 9419 4 3 16408 13 11841 25 3 798 9419 16 16008 695 10 3 916 7 416 10 67 15280 53 917 1894 35 83488 33 8 10051 1252 416 5
83488 1250 14 90 7 3 291 2634 224 6589 5
4036 13 1267 7 416 71 26 6733 1857 22 3 216 89 4 23 16 1622 9 7787 6 37782 3 4089 8 891 7 138 416 13 31 666 22 9 1654 49668 397 5
17 51423 6652 7 3 394 5615 16 1630 6 4855 13 1654 492 5
999 101826 3 6652 7 3 16408 13 83488 582 4 80 4552 4081 35 11771 4 1586 1190 33 6 86091 650 13 317 8 12248 19 416 276 3 236 7 746 4653 5
10051 1252 416 7253 6 3 2000 2215 2210 10 3 521 131 12124 8 142 26 7 231 8 581 4756 14 53856 5
7443 13344 8 48 16001 13344 71 26 220 21 416 5
3763 4 189 7 192 1443 71 8246 40 2867 131 24 770 7 3 129876 8 18386 893 10 3 1566 137 40 10363 5
7443 13344 71 26 12631 10 40 1654 1566 125 1401 13344 71 26 12631 10 523 8 71794 287 10032 10711 35 11771 4 14304 49 13291 33 5
931 7410 71 26 354 21 416 13 3 284 1708 137 3 13344 65192 35 26010 4319 58007 33 8 4440 3803 5
17 296 11764 16 3 27143 17561 59434 5
17561 31 1479 14 2466 21 73533 148 53856 8 3 416 558 10 3 1894 59434 5
17 604 7 2210 16 46473 53 42959 1333 15 3223 7 394 1163 109 53652 1333 15 3223 7 394 3200 109 75850 3030 891 8090 5
17 2210 13 1333 15 3223 7 394 1694 3009 3 909 6 416 35 11771 4 11446 8 55738 33 8 1377 13 3 2310 31 15251 35 137 3726 1715 33 5
349 3 83 881 4 3 2210 2466 15 3223 7 394 1163 27 6 10680 416 35 137 4089 8 11975 6589 33 4 1648 15 2310 35 24 770 7 11446 8 3394 1715 33 4 8 1271 8 1379 3 522 5
878 44 34 248 4 3 2210 13 1626 61 891 8090 27 6 1377 3 284 3241 8 4112 3 1799 7 70 16764 5
5583 4 3 26010 59434 4286 3 2333 13 31 1148 15 260 7 3 6684 5
187 31 93 12453 15 3 3351 7 2333 2305 3 30951 13 43 71 26 3677 10 5
81 678 6 30887 9 1654 2673 10 9 392 9962 4 23 16 1622 6 10563 35 34662 8 11572 33 9 197 7 2210 6 958 1626 61 4116 1715 15 3223 7 1481 5
81 644 4 4808 15 3 2210 558 10 3 284 8 3 152 43 138817 4 523 4650 12695 2333 71 26 3455 5
22348 17 6684 2370 18326 31 53 1481 35 394 1163 33 4 35 10051 8 3377 1252 33 416 8 2210 35 69082 33 5
17 5775 284 4 1148 15 3 1625 7 35 4 4 4 54704 4 323 4 274 4 280 33 4 47 16 9 6684 14 21302 17938 68427 8 135241 4 16 9935 7 108 17670 9556 5937 35 196 98586 341 33 53 9 41748 2204 5898 35 70233 33 19 523 3351 7 2210 4 32 255822 26983 10 47 307 31 7545 4 8 9 6196 7 416 3868 76 67 10236 600 53 917 1894 8 10051 1252 416 5
17 6684 6358 98586 341 5
17 6684 6358 5
17 70233 17 70233 4278 21 32 25882 148 1481 8 416 8 16 9935 7 108 523 3351 7 16001 2210 4 47 31 35 249 33 394 3890 2210 35 79022 5
41876 14471 4 1476 14471 8 44594 14471 33 4 35 341 33 4650 3890 2210 35 79022 5
20518 14471 4 6961 14471 8 39937 14471 33 4 8 35 459 33 284 891 2210 35 79022 5
25148 14471 8 52196 14471 33 5
17 2210 13 4859 21 394 3553 31 1479 14 3032 3 909 6 416 8 5918 13 3 912 759 14 3 394 5577 31 6383 5
17561 13 1333 21 4650 3553 31 10 886 7 27717 3 3206 416 4 7413 15 2310 19 40 3721 4 8 2513 8 8409 3 522 7 40 5577 5
17 44594 14471 4 47 29 45 304 6 3 2912 4 31054 3 1586 2210 1566 19 3 521 131 8 22401 3 10051 604 4 47 1038 3 770 6 7265 19 3 2215 10051 5
16816 4 46 2204 147589 3 2029 5615 7 3 1586 2210 8 856 3644 10612 53 23 16 861 6 526 8 408 3 4440 19 3 4007 16001 10051 4 10456 3 2485 49 3 4360 317 76 10051 13125 4 8 3009 3 522 8 3 1272 317 13 252 25 3 523 558 10363 5
13166 6 3 843 7 10051 13 29 6 26 16381 4 3 10051 2204 71 1333 1752 15 3 10051 49 97 1518 3 2485 8 1271 3 522 5
3763 4 92 14 946 32 1784 38422 29 6 26 4769 10 678 6 1626 61 9 1654 652 4 3 44594 14471 71 1752 526 3 4440 4 532 3 10051 4 678 3 1945 6 112 4 1125 3 10363 8 408 3 4440 5
81 133 9 267 4 3 5775 284 115 7 3 44594 14471 8 3 24347 44594 2742 9 1359 16001 284 5
208 9 1401 16001 13370 284 29 6 26 2434 4 3 44594 14471 29 6 526 3 4440 4 10456 8 7265 3 1308 2485 317 76 3 10051 2030 4 8 2024 14 32 1647 5
81 46 267 4 3 2370 1945 35 11771 4 26922 4 1125 3 15721 4 786 33 31 86091 115 24 3 10051 5
16816 4 189 3 44594 14471 8 3 2215 10051 31 16001 2210 5
17 4440 19 13344 29 6 26 5394 8 1783 8 71 26 5054 22 523 926 13 5524 15 189 3 418 1566 8 3 5681 7 1543 5
23620 3866 4440 5615 27 6 26 5775 8 558 10 678 6 1374 8 4183 6 4 8 1271 4411 8 317 25 3 13344 5
7670 1631 35 79022 5
11694 8 20313 33 49 20393 4440 2438 71 26 6726 8 2093 5775 76 3 13370 1443 4 95 2172 13344 13 71 26 1049 4 2564 8 220 10 678 6 432 4 6075 8 231 317 5
255822 26983 19850 383 26 1109 14 3 284 6 3577 4859 8 3 236 6 293 19 3 51423 161072 492 35 251528 323 180803 4 744 33 16 6383 137 3 52196 14471 13667 12251 35 196 35 12283 32330 4 274 4 4 4 4 323 4 280 33 14 9 48 3297 2898 7 3 152 3 6684 1501 31400 667 33 5
17 12631 31 40345 76 218 600 53 9962 4 2673 4 2204 325 2505 4 51423 917 1894 8 11446 5
81 46 1217 4 3 53 2778 9962 255822 2464 9 179740 7 3 2190 9962 3 6684 16 201 6 26 3677 10 5
145 255822 4088 3 4440 297 3 5937 10 3 6684 276 173724 109 2778 2673 255822 142 3972 307 9962 6 4301 9 1087 2673 5
273 3 5060 7 46 162 4 3 2673 255822 22297 3 2505 9010 35 79022 5
13538 4 13987 4 3898 4 8 148581 33 13 1506 3 2673 10 47 3 6684 16 6 26 220 5
2778 394 255822 16 3 396 1990 7 255822 220 24 9 837 394 14 394 6652 5
134 4753 3 5248 7 57 49 1678 3327 255822 62167 4623 3 51423 6652 7 3 558 416 5
238 4216 103 4 3 6684 340 34 4602 120 15914 10 970 7 3 843 7 135241 34520 35 79022 5
34359 4 4 4 2106 49 33 6 26 220 5
2778 11446 255822 4 47 16739 189 11446 18193 8 5310 4 95 13 2210 71 2401 3 282 7787 22 242806 5
3763 4 65 9 182 7 1570 2210 916 9 70233 4 3 1892 7 9 11446 7787 6 11572 133 9 182 2742 1622 5
17 54827 7 3 11446 12251 10 9 1654 983 1695 5473 15 3 565 163 813 8 3 2673 9962 5
2778 2204 325 2505 255822 2239 1038 2505 52 3 6234 8090 21 166 21 3 12251 8 1714 558 6 2769 138 8090 5
8616 4 14 946 4 3 2505 255822 14 3 52196 14471 142 3576 3 15987 954 23 29 6 2780 6 3764 3 31400 73188 13 250 4722 154 3 284 5577 5
999 13896 9 1654 197 7 4 3 5440 71 30887 3 6684 8 132 23 162 10 9 4097 9962 6 4855 9 2190 843 7 565 5
1894 1894 31 3 9010 13 581 70 3 16408 13 3 284 71 240 123 8 31 53 917 1894 35 83488 33 8 10051 1252 416 35 39406 33 5
83488 1250 14 90 7 3 291 2634 224 6589 5
39406 7253 6 3 2000 2215 2210 12124 8 142 26 7 231 8 581 4756 14 194 1481 5
17 51423 6652 7 3 416 5615 16 1630 6 1000 9 7787 6 37782 3 4089 8 891 7 3 416 5
999 101826 3 6652 7 3 16408 13 83488 582 4 1586 1190 71 86091 650 3 317 8 12248 19 416 276 3 236 7 746 4653 5
1655 9 614 397 7 1069 4 13344 71 8246 3 131 24 770 7 3 2395 129876 8 18386 893 10 3 1566 137 40 10363 5
931 7410 71 26 354 21 416 13 3 284 25660 137 13344 65192 35 26010 4319 175538 33 5
3763 4 2215 13344 71 26 220 14 7759 523 416 21 3 1906 8 1821 2505 3310 35 17905 4 3309 4 3457 4 1864 8 2501 10363 33 4 49 48 1812 14141 8 1945 21 1046 4 384 4 2408 4 16201 8 398 6034 4 6075 4 12262 4 12248 19 4092 35 17905 4 1882 8 128 15364 33 24 770 7 3 11948 7 7112 5615 4 10363 8 129876 5
25421 13 70 192 5615 582 628 8 2505 1752 25 3 521 131 4 95 2172 9 1351 7 10534 4 20455 317 5
7219 4 3 2374 13521 7 3 1566 8 3 537 4831 1821 24274 4 582 533 5615 13 71 34 26 1049 97 24 770 7 1029 917 1894 5
10555 267 5662 19850 14343 30282 422 1617 317 35 189 22 1764 8 389 926 33 7545 76 14431 4 192 110 3187 3353 5
93949 4 46 317 16 6 90 3525 173 8 6733 6 70 2095 5
10473 317 16 2239 48 7608 8 20455 14 334 1628 8 5436 20846 2451 5
527 4 65 23 624 6 487 8 396 1645 49 217304 2451 4 87 16 312 49 141 2477 317 558 5
145 1292 7 1332 317 754 23 841 14 4081 6 5998 13012 32 19547 2515 25 9 2737 6 184 15 3 1625 7 1617 912 5
81 678 6 3189 10 46 3014 4 13344 142 345 32 533 604 322 5
8616 4 392 3 272 11081 8 6928 13344 142 27 4 43 250 26 220 6 5439 1617 628 7 3 1645 25 47 173 14431 112 34 27 120 317 5
81 46 4230 4 1481 86 27 909 6 189 3 317 663 25 14343 14431 8 3 638 1617 628 13344 142 581 5
79 5907 5662 16 1595 10 98586 459 5
81 46 5662 4 9 4903 16 2006 6 128 6 3 264 1055 137 3 19547 2785 5
145 733 16 691 6 3 284 4 47 74 52396 317 52 70 3 537 4949 6 128 6 3 1341 4 8 153 3831 61 317 52 3 1617 912 10 70 3 1645 694 10 3 1273 4949 5
473 70 3 317 3455 4 3 2515 4623 3 217304 1645 71 26 1035 5
10473 5662 98586 459 5
10473 5662 5
145 650 16 962 34876 161 5
173391 9796 53 3 4903 4 24 770 7 9 917 9160 4 7703 3 25692 10 1375 2030 5
17 25692 16 597 24 32 3099 7 3 20518 14471 13 36 3001 8 1333 15 3223 7 13 1654 4903 496 3 284 5
17 20518 14471 20178 9 1375 2030 5447 4462 3682 7 25318 3 25692 76 2953 12319 35 192855 33 2030 5
1476 4089 4 11975 8 3394 53 3 20518 14471 7703 3 733 255822 6 32 3099 7 3 39937 14471 4 47 2179 580 14 416 13 71 11922 3 733 5
238 2477 7 3 558 416 36 849 26 488 6 2769 3 733 24 1010 4 3 39937 14471 132414 3 733 76 391310 5
17 47246 4589 4 74 4 6 128 523 537 4949 10 678 6 909 3 1341 1213 8 4 169 4 6 128 317 52 3 1617 912 10 3 1645 427 176 7 138 4949 5
332 46 397 4 3 284 36 849 6075 307 416 3682 7 15596 290 8 153 29408 3 1603 13 333 2490 3 4650 2106 738 35 10 970 7 484 4 17067 89 4 4 4703 5 33 5
145 16 617 24 770 7 32 3099 7 3 39937 14471 5
17 4089 650 16 1303 61 543 15 35 249 33 3 7100 148 3 733 255822 8 3 83488 51423 6652 4 8 35 341 33 3 9674 7 13344 13 581 317 52 4279 692 5
273 394 3394 4 9 11446 650 1141 254 13 3804 6 14688 4650 3212 19 394 3721 912 5
1476 5577 53 480 3 416 27 45 3467 4 192 31 13448 14 40 5577 5
273 23 4 3 20518 14471 29 6 15413 3 27098 9584 7 3 1476 14471 8 3 44594 14471 35 11771 4 3 3553 7 3 83488 8 13344 694 10 3 733 3101 4 3995 33 13 43 383 17815 3 394 5577 650 5
79 1476 14471 16 6008 9 83488 3023 13 29 3 770 6 1823 4 25 3 51423 6652 7 9 394 4 3 4309 23 29 6 24160 8 3 19393 13 31 1622 14 3 55738 5
79 44594 14471 4 15 3 83 487 4 29 909 6 3 10051 29894 8 47938 23 24 770 7 35 31519 56464 16224 33 5
49931 3 522 53 3 20518 14471 16 1479 14 17938 3 522 7 3 5577 7 70 3 416 5
355 3 5577 7 70 3 416 29 14206 4 3 12510 2210 1518 3 522 6 3 20518 14471 5
999 538 3 733 255822 4 3 9962 255822 8 3 416 51423 15421 4 46 2204 16 488 6 31710 9 2665 1070 6 26 691 6 3 4903 5
5898 891 53 154 46 650 4 3 25148 14471 16 3726 70 3 1715 427 254 10 3 284 5
208 23 3831 61 13 3 284 29 4816 3430 4 3 25148 14471 67976 3 4644 6 52216 23 5
349 3 83 881 4 65 120 2204 7121 9 1229 23 71 34 15564 4 23 7703 3 1229 163 813 6 3 52196 14471 4 47 16 10 886 7 25318 3 1229 9339 76 970 12319 24 3 12510 2204 5
273 46 4 3 52196 14471 29 909 6 3 15987 954 148 3 10 3 284 5
41381 79 278742 29 45 6227 21 9 74 1186 10 678 6 159 1653 7 189 2215 8 1586 2210 19 3 266367 6684 867 5
17 3112 2673 16 9 2785 1330 2673 114 9 2190 2485 4 79022 5
1204 397 8 380 1341 4 29 6 26 1049 24 29404 1654 23394 35 17905 4 89 4 3457 5130 33 5
17 5054 2673 16 25033 19 2201 6 3 996 962 6684 10 678 6 960 3 16577 7 3 867 4 8 97 108 3351 7 1586 2210 31 12631 5
17 284 2981 16 1595 10 98586 503 5
17 3351 7 1586 2210 6227 31 53 23985 11772 14471 35 79022 5
1476 14471 33 4 2215 14471 35 79022 5
44594 14471 33 8 9 18325 14471 4 47 17220 3 4859 7 3 83 2210 5
7219 4 3 917 394 16 17229 21 9 5536 19 9 4434 7 3 2451 8 14269 4 125 3 2215 2210 31 521 13344 5
17 18325 14471 35 5678 33 16 3 2669 7 3 284 8 3395 10 678 6 159 1653 7 70 3 23985 11772 2204 35 75027 33 4 3 2215 14471 35 33 8 3 13344 14 3145 9 1654 2485 8 18298 3 5536 317 52 3 36625 1583 943 5
16816 4 3 5678 2053 3 284 4293 604 8 3 83 2210 1333 21 3 284 13883 5
18087 1488 7 3 2673 35 11065 2673 109 16228 98586 503 5
18087 1488 7 3 2673 35 11065 517 3082 2370 2673 109 16228 517 3082 4159 33 5
17 5678 16 3 2669 7 3 1081 284 5
145 2204 7121 3 317 7118 3 1308 417 6 112 4 6589 23 8 86091 754 3 6607 1866 10 678 6 1374 8 384 32 19547 2104 8 2785 35 17905 4 3 19838 2785 33 5
17 3395 10 678 6 5507 3 2485 4 13125 6 3 10051 3 1945 13 27 6 26 617 8 27816 3 5678 52 3 652 665 35 11771 4 1028 49 1606 33 5
999 427 76 1250 3 558 317 4 3 75027 16 226 24 3 5678 10 9 1882 652 10 678 6 384 8 1919 3 282 2785 13 3 10051 29 6 1667 5
17 521 1566 16 9 2981 7 2451 8 14269 35 30864 33 53 3 14269 71 343 3 266 114 3 10051 29 6 198 6 5
7219 4 9 4434 7 3 1308 1566 16 12631 21 9 5536 35 11771 4 23 2053 9 917 394 604 33 5
238 12859 10 98586 500 4 114 3 179740 7 3 628 3154 16 2209 4 3 2210 3074 71 26 10366 962 5
128509 2981 8 28473 7 628 8 15364 7 3 284 98586 500 5
128509 2981 8 28473 7 628 8 15364 7 3 284 5
17 2032 2204 35 5678 33 145 2204 16 3 2669 7 3 284 5
66 3395 21 3 284 4293 8 4 480 23 7121 3 2485 6 112 4 23 1131 86091 7470 70 13125 4 4360 8 1945 10 678 6 3639 3030 3 2485 5
81 1654 4 40372 4 3 5678 34298 3 2485 13 29 6 26 1303 61 8 4 153 4 4360 3 75027 6 8612 3 983 8 3 558 628 10 678 6 1919 3 282 2785 6 1667 5
81 678 6 112 70 13 4 9 1229 19 3 1204 8 1341 266 16 691 6 3 75027 5
17 5678 16468 285 9 5840 14 3 2485 2742 558 35 11771 4 23 7121 9 8850 1229 25 3 75027 33 8 4 54 13 4 23 34298 3 1229 8 18888 23 76 9 197 7 13125 14 3 5
2758 9 1229 4286 317 52 70 3 14269 13 27 6 26 5130 8 317 52 143 6 112 23 4 105 3 8249 6 2401 15 3 14269 8 3 12602 13 3 10051 383 27 10 678 6 6531 19 91 5
2491 3 13125 6 3 27 45 691 4 3 5678 17106 6 9 1767 164 5
355 32 25746 1229 25 3 16 597 4 3 5678 9118 23 10 678 6 1445 96 29 2273 8 4 92 3 1341 29 45 3639 1049 4 3 5678 16468 14 184 6404 4183 5
208 9 1606 8887 4 9 84 1882 14 3 75027 16 691 5
145 1882 4286 34 97 317 52 3 2755 1204 397 8 3 216 1341 397 35 47 18 34 1049 19 3 767 13125 33 4 44 59 3 317 52 3 14510 1049 38105 35 17905 4 106 3 892 16 36625 24 9 84 10202 33 10 678 6 4219 3 4434 5536 8 690 6 384 9 84 19547 2785 5
17 2215 14471 35 33 8 3 1566 17 16 3 16001 2204 1479 14 2513 3 2785 13 3 10051 29 6 1667 10 50 521 1566 4 25318 23 76 10051 13125 4 3 4440 4 2513 628 8 2633 25 3 10051 4 8 29516 91 4 12362 1725 4 76 3 5678 5
145 843 7 2204 840 22 9 1767 164 285 9 1229 19 9 84 2485 16 597 25 3 5678 5
1301 4 46 1229 16 40372 12354 10 678 6 1445 3 2038 35 11771 4 9 521 1229 49 32 3768 33 5
20379 4 92 3 1229 4286 9 4007 1229 4 3 2038 16 2714 55 10 678 6 4517 3 1204 8 3 380 397 7 3 2485 8 3 30864 13 383 26 5156 5
53519 4 3 2204 2179 3 4440 19 3 10051 13 16 958 3 8668 19 2201 6 3 1204 397 7 3 2614 8 13125 23 3 2586 6 26 5130 8 3 161 2858 13 29 6 26 1049 5
17 4440 840 1085 14 70 3 89 13 8887 14 1767 3 10051 2106 884 3 10051 3177 3 3112 892 285 3 4831 2858 49 32 10202 16 170 4 14 2294 3 4831 11933 8090 35 11771 4 426 38105 4 1030 2586 4 892 6 422 22 3 2858 33 4 14 3003 92 3 35 11933 33 2485 16 1049 49 9 84 10202 35 171463 5
9 13384 33 16 170 5
2491 3 1308 2485 16 1049 49 32 10202 16 170 4 3 2757 55 9 84 317 1229 14 3 18325 14471 4623 3 628 7 3 73 1049 38105 35 8 3 12602 7 3 10051 33 4 3 1341 38105 4 8 4 10 267 7 10202 4 3 74 14510 1049 38105 7 3 2485 5
208 32 10202 16 170 4 3 10051 16 918 10 678 6 1030 119 6 3 767 1049 38105 5
5583 4 3 4440 19 3 10051 16 988 4 3 1229 16 691 6 3 5678 8 3 17106 6 9 1767 164 285 9 84 1229 19 9 84 2485 16 597 5
17 23985 11772 14471 35 75027 33 17 75027 16 3 57 10 886 7 1913 3 282 2785 14 3 266367 2485 24 14342 3 558 317 5
17 19547 2785 1330 16 7154 24 538 43826 27964 5
17 558 317 10 46 267 35 11771 4 917 1894 33 16 20739 24 3 4434 7 3 1566 19 2451 8 14269 4 8 3 6885 2442 6 290 152 148 67 14269 35 11771 4 3457 33 5
17578 15 3 317 13 3 5678 7703 4 192 13173 31 14448 3353 10 678 6 27 9 333 4 20455 8593 7 3 521 131 5
17 1882 1229 16 12354 8 4 54 18298 3 4434 4 446 11240 5473 15 3 164 7 3 652 4 3 1204 8 1341 266 31 16277 5
931 266 31 153 9490 24 32 7112 31660 13 6268 3 282 2785 5
17 280617 31660 29 45 6227 14 23 5
2491 3 2104 16 170 4 9 5840 1229 16 691 6 3 5678 8 3 75027 17106 6 9 1767 164 285 184 1882 8144 5
33962 522 79 2215 1566 29 45 6227 137 9 7132 11824 7 307 2451 8 14269 4 9 197 7 8681 8 9 197 7 13344 5
238 12859 10 98586 708 35 9 33 4 3 2451 27 45 3380 24 924 1583 10 3 760 3519 5
17 8681 31 2215 3893 13 71 26 62445 49 310756 61 15 3 2785 13 9 10051 29 6 1667 5
33962 176555 98586 708 5
33962 176555 5
81 3 5867 4 9 59331 180694 10051 29 45 4723 15 9 108 23868 35 73545 33 21365 19 67 21223 13 532 3 67 18617 8667 35 196 98586 708 35 8862 33 33 5
17 10051 16 6437 19 523 10363 5
81 1654 4 67 3597 7 91 27 45 220 5
901 1067 10363 27 45 4514 8 2852 22 3 10051 815 10 678 6 1667 3 3112 892 8 4517 3 14269 5
1949 4 32 72031 3457 15721 29 45 848 10 3 13370 284 10 678 6 8612 92 87 31 8681 10 9 1079 148 183 8 409 35979 5
17177 16 3 5979 2030 13 29 45 220 6 5507 3 1308 284 5
81 1654 4 10 678 6 4183 8 532 3 10051 4 3 29894 29 45 12631 8 3 58806 29 45 4723 35 4 280 33 5
22012 3 1586 2210 4 3 17177 17561 726 6684 35 323977 35 12283 32330 4 274 33 33 29 45 220 5
79 960 946 16 13075 10 98586 700 4 114 3 1204 397 16 3 38105 2636 8 3 1341 16 3 38105 7104 17 2755 10202 16 9 84 10202 34 1379 10 3 5536 8 70 3 38105 6 38105 3296 7 892 13173 27 3 216 2007 871 5
17 43420 282 152 19 3 558 7545 628 16 3 8862 18365 14305 9421 2785 5
145 2785 16 691 6 3 10051 10 2636 13 2503 9109 8 3177 3 1341 3145 40372 3 38105 7168 8 35833 3 38105 5113 435 13 4 65 23 3804 6 336 15 3 14305 9421 892 4 3 72031 15721 12443 3 10202 8 3 10051 5211 50 4327 4 7703 9 1229 6 3 15848 13 3 892 16 36625 8 2503 10 678 6 1018 369 3 38105 4659 44 25243 10 3 14305 18365 2586 5
355 3 38105 4659 16 1049 4 3 10051 8051 22 46 827 1767 14 9 84 2785 6 1667 5
349 3 83 487 4 3 1586 2210 4219 3 5536 19 3 84 10202 8 21072 13012 3 282 2785 427 76 1250 3 84 1204 827 8 12602 7 3 10051 5
2491 43420 4 3 84 282 2785 7154 24 770 7 3 280617 31660 35 14305 4114 9450 9421 49 14305 15441 72846 9421 33 16 691 6 3 10051 4 47 153 2503 8 3177 3 84 1341 285 3145 3 3280 38105 5
17 317 52 3 380 38105 1049 16 153 691 6 3 4 47 27816 3 5678 52 23 5
766 3 284 8 2210 31 197 76 9 1767 164 285 9 84 1341 16 4939 5
16370 7 9 537 1566 7 2451 8 14269 35 3 14269 31 13792 98586 700 5
16370 7 9 537 1566 7 2451 8 14269 35 3 14269 31 13792 10 32 358703 40056 8 9 1338 16 2442 22 290 57 5
3194 152 16 4939 2016 3 767 8 3 508 30864 19 2201 6 3 38105 163 5139 33 5
23620 1665 19 523 13173 4 11023 8 8681 27 45 1303 61 5
13166 6 3 1842 10119 7 3 11580 284 8 31660 6227 4 3 2726 7 3 4591 35 11771 4 924 49 760 33 8 10202 7379 35 11771 4 3458 49 34 33 8 3 7362 7 3 20313 4440 10 9 960 6232 4 19 14561 4680 148 249 8 500 4846 4 3 1308 6227 284 340 34 1379 964 6179 49 5464 5
16816 4 3 1665 1303 61 240 13 3 284 1131 9109 8 13 3 867 6 9239 189 3 628 1252 24 3 917 394 2204 8 3 628 3883 137 3 44594 2204 8 3 2215 13344 16 1783 8 71 321 6 1812 8 1509 1443 5
81 46 162 4 80 4301 9 284 4071 21 9 2912 488 6 9239 3 528 1058 7 317 558 15 3 917 8 14431 4 671 19 3 317 13 71 26 3883 24 2215 1443 35 13344 33 10 9 521 4 7039 1566 5
17 1273 2912 21302 29152 179 689 3351 7 3893 53 917 416 4 10051 1252 416 4 7112 2210 8 5
31 3 1359 629 14 7759 3 2912 19898 4 21 43 4552 3 1783 4440 148 3 2210 10 3 2912 8 3 558 416 5
473 46 1217 4 1586 2333 71 1497 25 3 10075 4 5735 4 34316 8 129293 3074 13 2215 2210 35 11771 4 13344 33 71 581 4 95 13 189 3 917 8 13344 71 26 3639 220 6 4498 4116 4 4279 317 5
81 678 6 960 3 16577 7 3 6684 1273 322 4 7732 1442 8 35 1586 8 2215 33 2210 4538 27 45 220 6 5507 9 278742 2673 13 29 45 3677 10 9 1617 532 16091 5
17 565 15995 10 587 9 25033 2785 2515 1330 10 9 2215 131 7 2451 8 14269 114 3 558 628 49 317 52 3 481 2451 71 337 72 89 5
17 2673 1131 19 32 2204 35 11771 4 3 18325 14471 33 13 1131 86091 8 25927 67 83 5066 7 2210 446 16408 16 3 508 5
17 1539 7 3 23985 11772 2204 16 6 384 3 282 2785 35 1001 9 280617 31660 29 45 3322 44 523 49 42027 7112 27964 71 26 220 8 6227 10 426 33 24 5447 3 558 317 8 18298 23 232 6 3 317 663 25 3 2215 131 5
349 3 83 881 4 3 24347 14471 13125 3 13344 317 52 189 3 8090 6 26 2828 8 3 684 6 26 1049 5
145 2204 59 15974 3 317 52 3 521 131 13 13344 5439 137 40 10363 5
17 6227 284 842 32 1783 3074 1749 6 2729 20368 14 426 4 48 1812 2333 5
2625 667 816 6 26 4605 5
1532 4 21 23 29 45 2653 61 996 4 65 2957 19 307 18194 4 9 13667 7787 16 1622 5
81 129 284 4 46 565 29 45 4417 24 10309 8 9375 2923 26787 2506 8 538 25033 960 267 11952 10 678 6 389779 3 565 5
10052 4 83 107781 7410 35 171463 5
4089 4 3394 4 11975 4 4703 5 33
27 45 6227 2923 26787 5
17 4125 543 1217 754 2538 3 10113 4 10 3 916 7 191889 4 7 277 2870 4 48 5242 61361 14 70 192 5937 5
3668 4 426 601 36 1311 189 3 1723 7 3 5615 7 3 13344 8 3 7254 7 83 34587 2210 5
5583 4 521 1617 2333 19 2210 13 71 1046 14 317 15 3 917 4 14431 19 9013 7 521 2451 7 9 264 4 8 13344 19 333 24274 8 4440 5615 36 26 4729 5
249 12162 5
53 495757 109 21326 53 495757 5