81 1375 2030 5447 35 164333 33 4 16 3 4644 220 6 4855 610 6420 7 13538 35 523 32434 33 109 10 644 4 6612 16 9 565 34 4120 10455 10 164333 5
2625 3351 4447 109 14 3099 4 50184 35 419 16 9 1740 19 307 32434 33 49 65 9 1740 16 189 220 21 9 50184 8 21 9 161104 5
6395 15916 217 5181 32 31660 8 50 7254 6 507186 242983 10 2152 12885 109 90 7 91 31 53 9 58508 6 56012 35 38091 6 1306 31 10 6636 14 5230 5060 109 43 371 97 57 7 3 16066 7 3 2152 1740 4 47 1618 27 2489 32434 5
33 4 27739 58508 103 56012 4 371141 58508 163 56012 4 345533 58508 9346 56012 4 251791 58508 25 56012 4 115229 58508 111 56012 4 6171 58508 10 56012 4 72038 58508 24 56012 4 311761 58508 232 6 56012 4 15112 58508 276 56012 4 144096 58508 148 56012 4 95 58508 163 56012 4 16603 58508 19 56012 4 58508 1537 56012 4 333926 58508 52 56012 4 307649 58508 285 56012 4 1376 58508 7 56012 4 58508 54 56012 4 64381 58508 14 56012 5
145 4462 36 26 220 10 9 2942 81035 35 110 1148 33 13 18888 9 2942 3024 6 50 12510 255822 8593 4 19 3 733 7 1749 184 447 6 231 3 317 6 1647 14510 18795 952 35 1910 1910 33 5
23838 146 317 16 10 2942 916 4 26 7364 1735 35 1548 4 7072 33 49 10 2088 6170 5
659 650 23 8 6 3001 23 10 90 2030 3055 24 9 1416 4 9 1375 2030 953 16 666 5
98731 168246 16 3 12214 3756 352 13 2062 46 2942 5447 5
520 7 50 692 31 53 2778 9508 7 382234 117762 5
2778 9508 7 92476 8 5
2778 9508 7 5
2778 38124 33570 5
145 1181 7301 15 3 1746 7 9 161104 4 538 9 38982 13 2527 12949 35 15762 4 911 33 6 2705 3 2677 7 60659 8 75123 5
2382 9 1416 71 1445 12885 10 1375 2030 4 23 16 533 13 43 31 481 7 50605 4 8 13 40 67368 26 4007 5
2152 16 9 1812 2030 106 9088 7 5317 5473 15 40 58869 2981 4 21 166 8 10 3 12398 8 64561 7 40 954 7 7566 35 15215 4 72330 4 15762 4 323 32611 4 2391 33 5
57535 544 31 382234 8 51423 25070 35 49 523 32434 14 9 1930 4 50184 4 38982 4 161104 4 4703 5 33
35 32606 4 1095 33 5
17 1181 16 4393 21 3177 53 8941 341 5181 13538 220 10 2942 117762 109 8941 459 5152 382234 4 21 166 21 13538 7 129 542 267 109 8941 503 12966 9 5018 14 242983 10 2152 11557 109 23 16502 20164 242983 8 1708 3 4007 2677 4 538 3 4623 6612 21 5114 109 8941 500 6274 522 4 2333 8 4166 5
195248 4 9 164333 284 17425 2942 2376 10 307 10746 53 107736 2376 4 382234 2376 8 51423 2376 35 32606 4 1095 33 53
69 251821 2376 49 56696 53 66 18020 3 58869 2981 7 9 2942 19 2201 6 9 392 35 48 49 287 33 3142 16359 5
69 160431 2376 53 66 48692 2677 6 3 382234 6294 109 13 16 4 23 23809 163955 148 3 382234 6294 8 3 51423 2677 35 4007 1065 33 7 290 162 35 89200 12283 32330 4 359 33 17 34602 7 3 2152 16359 8 3 12398 8 64561 7 7566 954 841 3 2376 8090 35 32830 323 90553 4 744 33 4 121 307 3351 7 50605 31 1379 53 492505 25070 53 79 1740 10 9 1930 142 3001 48 58 57 382234 604 49 58869 35 32606 4 1095 109 2895 4 6104 109 4 1278 33 5
273 3099 53 9675 93 9 60829 284219 34457 58508 353840 340 34 977 62 1076 106 16 37763 56012 5
2547 16 37763 88
9675 49 62 1076 88
382234 25070 53 355 9 1930 29 48 58 57 382234 8593 35 392 24 48 58 57 16359 1396 33 35 32606 4 1095 109 2895 4 6104 109 4 1278 33 5
59268 5
38120 26425 26964 51001 11348 37237 421491 37237 6171 8310 58508 81 3 3075 4 7110 303 8 212 42 3 74 6 822 3 589 56012 5
66 16 34 530 289 189 303 8 212 42 7110 4 49 97 212 5
40692 7 382234 25070 31 53 552691 25070 5
355 9 1930 4286 48 58 57 10651 53 7796 178294 35 8 4 2305 4 13 33 4 253205 178294 35 49 4 44 4 22 248 4 141 33 8 461 5
302117 25070 5
355 9 1930 4286 9 242983 5
145 1181 1900 19 46 2125 7 25070 5
59268 53 120368 9 6446 187116 16603 58508 38 198 6 3 3266 19 7021 56012 5
2547 29 3 7021 88
6000 4 49 3 3266 88
160431 25070 53 355 9 1930 29 48 58 57 2677 109 23 9965 6 24024 105 8 4 114 9 1740 71 27 523 32434 35 32606 4 1095 109 2895 4 6104 109 4 1278 109 128183 4 911 33 5
59268 53 5241 58508 78 1398 5658 6 62 56012 53 3 11742 13759 21213 142 7253 6 3 10627 7 3 5658 4 49 6 3 8933 5
59268 35 25070 7 75123 8 60659 33 53 30715 1376 136567 4 58508 128 61 7 1133 4 49 3097 5560 56012 4 114 30715 142 26 11737 21 9 38982 58508 6 822 56012 49 21 9 50184 58508 5560 56012 5
59268 35 25070 1022 24 242983 109 46 16 3 565 10455 10 46 1381 33 53 425410 1376 4 425410 1376 136567 5
58508 10222 6433 4 3097 6433 56012 5
4693 770 115 7 10 3 74 1930 4 8 25 10 3 169 1930 5
81 46 1381 80 293 19 51423 25070 5
23620 2104 5310 31 666 4 232 6 3 2125 7 25070 1379 10 9 1930 35 56474 4 1515 33 5
17 7 2629 35 274 33 2152 1299 5
66 2527 3 142659 423745 238487 35 297361 4 351716 4 323 4 911 33 19 3292 13613 8 16393 5
81 2906 6 83 2520 4 23 340 34 1626 9 767 29633 7 3 2942 4 2305 23 16 127 47 1299 236 5
66 16 9 14510 12391 5018 5
17 522 82 52396 240 3 1506 2106 2362 4 65 677 6 3 282 395 6680 5
23620 6599 2629 35 274 33 4 8290 35 1095 33 8 8 28839 35 744 33 30174 10 307 600 53 35 249 33 40013 4309 4 47 1871 528 46333 8 196056 1714 5
35 341 33 25149 543 4309 35 52200 4 502 33 8 49474 5309 4309 4 538 49 51423 2642 4 8 477 5973 6 2190 30951 5
35 459 33 27321 543 4309 5
35 503 33 22510 8 410961 4309 4 8409 9 8087 7 544 25 35 249 33 8 35 341 33 5
9007 10 89200 12283 3462 5
35 359 33 5
64362 7 50184 8 38982 35 2629 4 274 109 8290 4 1095 109 323 28839 4 744 109 297361 12283 32330 4 911 33 71 59 231 12391 8 32601 928 5
931 1131 507186 75123 49 60659 10 9 1930 4 125 129 162 242983 5
238 5385 4 80 371 9 6300 14 161104 5
242983 242983 31 1299 220 6 9439 2377 34801 9 1930 109 3847 4 24 792 4 43 1292 26281 2677 7 40 209 4 44 43 4569 10 9 4867 4230 6 581 2677 6 3 1081 1930 121 43 3434 9 51423 7488 5
966 400 4 242983 31 10794 220 8 43 916 176 7 3 52824 7 9 2030 5
55706 7 242983 187 31 67 3351 53 3 249022 242983 4 48 5005 4 3192 24 1081 1299 109 8 36909 242983 4 4916 6 3 1740 43 4504 5
145 162 2062 3 249022 242983 4 47 31 53 9 58508 6 56012 4 27739 58508 103 56012 4 371141 58508 163 56012 4 345533 58508 7921 56012 4 251791 58508 25 56012 4 115229 58508 111 56012 4 6171 58508 10 56012 4 72038 58508 24 56012 4 311761 58508 21 56012 4 15112 58508 276 56012 4 144096 58508 148 56012 4 95 58508 163 56012 4 16603 58508 19 56012 4 58508 1537 56012 4 333926 58508 1918 56012 4 307649 58508 285 56012 4 1376 58508 7 56012 4 58508 468 56012 4 64381 58508 14 56012 5
242983 31 6401 10 600 232 6 3 1065 43 581 6 3 10869 43 4504 4 742 90 242983 7857 6 48 58 57 182 53 249 5
6673 242983 53 189516 9 254 53 9 58508 6 56012 4 1376 58508 25 56012 4 6171 58508 10 56012 4 144096 58508 148 56012 4 58508 1537 56012 4 72038 58508 24 56012 4 58508 468 56012 5
2897 242983 53 79 1028 16 1942 15 3 89 517 53 9 58508 6 56012 4 16603 58508 19 56012 4 1376 58508 7 56012 4 251791 58508 121 56012 4 6171 58508 10 56012 4 64381 58508 103 56012 4 72038 58508 24 56012 4 333926 58508 54 56012 5
414373 242983 53 54340 9 2662 148 8416 8 665 53 1376 58508 7 56012 4 72038 58508 24 56012 5
46964 242983 53 158 2258 9 3644 49 6905 53 9 58508 6 56012 4 64381 58508 14 56012 5
933 242983 53 272398 3320 7 5269 19 2201 6 32 652 53 16603 58508 19 56012 5
50725 242983 53 158 5124 3 770 24 47 3 652 16 49 29 45 2828 53 9 58508 6 56012 4 16603 58508 19 56012 4 1376 58508 7 56012 4 6171 58508 10 56012 5
284476 242983 53 158 4459 3 152 10 47 3 652 16 1303 61 53 9 58508 6 56012 4 16603 58508 19 56012 4 1376 58508 7 56012 4 6171 58508 10 56012 4 72038 58508 24 56012 5
330578 242983 53 1526 13 1611 9 1740 6 37066 49 93993 50 2677 49 12602 4 21 1595 10 20498 249 5
20498 249 5
330578 242983 35 74 8 296 11107 33 4 19 6200 5
129829 10 58508 56012 31 14 10019 5
161104 59268 161104 59268 9 49379 58508 49379 56012 542298 58508 26093 56012 106858 99722 58508 6 9867 1362 433205 58508 17852 56012 27739 58508 6 255 103 56012 226872 58508 6692 56012 28859 58508 75363 56012 40476 30137 58508 30137 56012 95531 58508 102444 56012 5735 58508 6282 950 56012 15869 58508 58896 56012 21072 58508 29239 56012 14634 58508 6 1724 56012 92325 58508 5409 56012 96365 150197 58508 15386 56012 21419 58508 62274 56012 58508 3267 56012 15112 58508 6068 56012 1355 58508 3594 56012 11933 58508 4831 56012 58508 334214 56012 8780 58508 1355 1597 56012 10 58508 20659 56012 26402 58508 156137 56012 66619 58508 56012 26725 58508 2580 56012 78502 58508 269297 56012 71155 14315 58508 14315 56012 9450 58508 6 5811 56012 55969 58508 117692 56012 140907 58508 107771 56012 1797 58508 1797 225 56012 147 58508 6 3997 56012 7597 10066 1131 4447 3136 27964 6 507186 242983 4 8 177 265 6 507186 2152 242983 5
364 7 3 172 16 89200 12283 3462 5
35 359 33 5
66 7301 3348 15 382234 4 7 3 302117 8 552691 2125 109 522 31 2794 109 40 1217 6 3 565 22394 25 12284 21 3177 53 1700 5018 8323 179 1959 53 35 249 33 3 382234 2376 7 3 1930 4 538 9 14533 7 35 917 433 503 33 4 8 9 197 7 3648 14 1375 2030 5447 1465 10 35 917 433 500 33 109 35 341 33 3 2125 7 382234 25070 10 3 1930 16 2118 4 552691 49 302117 109 35 459 33 46 16 3 1092 4 47 5473 15 3 2125 7 25070 7947 10 35 341 33 109 35 503 33 522 31 1595 5
1563 162 340 34 159 76 1250 3 382234 25070 4 44 23 12726 1016 13 3 67368 16 9109 7947 4 8 80 97 293 19 51423 25070 35 13 16 4 3 1065 49 3 2677 7 3 1930 33 5
1471 162 35 4 3495 33 1900 19 7 242983 14 54135 4121 11235 35 1178 4 1306 8 1480 33 53 57 696 16 17939 10 1178 4 184 10 1480 4 8 3 17538 297 91 1487 185 25 35 9 10534 17538 7 57818 109 7507 1665 33 10 1306 5
66 2527 196056 51423 317 52 3 2981 7 3 4276 4 6 28207 143 146 3 2677 7 242983 5473 15 5114 5
17 7488 6 129 162 16 13 43 231 6 4434 13488 1682 35 47298 33 13 185 6 2258 3 5114 7 3 161104 5
3194 161104 16 1888 6 9 20565 49 13488 7488 13 6154 3 2177 7 3 231 7 13 161104 10 3 5114 7 3 20565 5
17 1506 7 3 4276 16 110 1148 137 9 31276 164 2953 5
81 8 232173 35 359 33 9 5018 16 3509 6 507186 242983 4 3677 6 196056 6200 5
66 2527 9 197 7 5671 196056 9584 16007 3 2723 104 5005 1306 242983 5
3194 3099 16502 9 161104 35 10 9 1332 1930 33 6 26 18593 35 154099 15789 33 4 351 25 4 9 29150 543 15 3 4425 35011 4 220 6 2705 3 41280 7 242983 10 5317 5
17 5018 16 9 12391 31660 19039 8958 5
81 129 162 4 3 63794 7 3 1299 16 976 3 6652 7 3 12949 4 47 185 6 2705 3 5114 2867 3 161104 5
106340 106340 42 1259 2042 24 11120 4 5003 4 8 352863 35 7622 33 49 76479 35 7487 33 4 37 15103 91 21 628 6294 6 3001 8942 5771 4 133 21 3 8593 7 9 2125 7 3074 8 512 230 10 9 882 787 4 10 9 2077 4 10 9 212 328 5
2625 5066 7 317 31 170 10 12949 53 143 6 231 23 109 96 1715 49 9847 31 2828 87 109 96 83 9847 4722 54 3 5483 35 9 4831 5483 33 5
79 5483 71 26 1109 21 9 992 7 30864 8 1682 5
106340 3001 3967 4 14 3099 53 3 5483 3364 9 212 328 29 48 63794 13 3 6300 10 9 23901 53 1356 59004 1376 262145 64381 533287 4 9450 64381 35 1376 6446 3188 100420 209780 33 5
328 53 9 855 3723 109 59 53 3 2815 1252 14 23 5
35 12959 35011 33 1362 5
20498 341 108368 3 5483 212 328 5
20498 341 5
6060 7 3 5483 212 328 5
35007 53 333 58 6525 8020 5
23629 53 21688 26 5966 8 392 6 3 4533 693 5
46141 82075 4 17024 76421 4 7435 5
118702 53 14933 4 915 115 7 61557 1381 5
42135 53 13970 4 7230 4 6 2776 5
22619 53 12379 26205 5
6673 53 1057 787 4 139 4 17089 5
966 13538 142 26 1547 6 9 5483 4 8 43 36 15831 23 246953 109 3847 4 104 7 3 317 26320 10 3 3380 5662 35 4102 4 715 4 49 1534 33 383 26 1379 10 3 5483 5
187 16 93 2029 66271 52 12949 109 80 27 1273 57 35 20498 459 33 5
66 16 3192 24 53 35 249 33 368133 4 3364 3 610 7 3 4102 4 9 2163 7237 92 23 16 9 50184 35 2106 4 14 33 4 38982 35 8033 33 4 18003 4 8 10 157819 50 5805 5
35 341 33 13231 4 4623 3893 133 21 53 58508 96 23 16 109 50 2677 56012 4 58508 2374 2204 4 37 67976 49 4263 61 3 652 56012 4 58508 15238 2204 4 37 9043 3 337 49 3363 7 3 652 9032 24 3 2374 2204 56012 4 58508 4 4102 7 47 3 5483 16 9 33498 56012 4 58508 62807 4 83 1299 220 14 46 5483 56012 4 58508 4 9 7 46 5483 4 9 5483 47 16 9 33498 7 46 5483 56012 4 58508 143 23 16 220 109 946 7 3 4102 10 9 1930 56012 4 58508 39857 6612 4 70132 1930 4 114 3 1740 16 220 19 9 523 2677 56012 4 8 35 459 33 1563 66271 2228 1463 51423 3893 21 666 4 14 3099 3 5606 379165 58508 254 56012 5
20498 459 5
17 5483 6293 18586 510608 58508 212 328 56012 1571 50 3893 5
122536 148 11146 4459 3 6652 7 3 12510 51423 176 5
35 59004 2106 35 33 58508 212 328 56012 58508 1905 5805 56012 35 1376 57933 6171 32812 379165 64381 58508 96 23 16 56012 9450 32812 11348 6171 6446 35612 23730 4 185358 4 18003 33 58508 35810 7 8954 10 9 254 6 27 9 206 89 49 56012 58508 6 4124 32 715 8 10 47 23 16 14254 6 56012 58508 2997 4 6 2681 4 4703 56012 9 35 4104 35612 6446 59004 4 58508 2374 2204 56012 26425 33 58508 17 4533 696 56012 35 4104 35612 9 6446 59004 4 58508 15238 2204 56012 4 122472 33 58508 2547 624 6 3 328 4 3043 4 872 56012 35 4 4 58508 56012 41862 33 58508 22195 4 1028 4 3723 56012 35 59004 1376 421491 33 58508 693 328 56012 35 59004 1376 4 58508 56012 1376 33 58508 26205 328 4 37552 328 56012 35 379165 433423 1376 137397 4 155497 1654 4 58508 254 56012 1376 421491 33 58508 1057 787 109 139 109 17089 56012 35 23730 6171 92108 59004 58508 143 23 16 220 56012 1376 33 58508 158 943 22 9 3660 328 56012 35 58508 39857 6612 56012 35 64381 229246 59004 4 64381 456314 4 4 58508 367 132 5266 14 894 109 120 1333 4 1534 49 56012 23730 430269 3462 4 122472 4 33 58508 3676 16 3509 6 3 173 4 6 872 4 3043 56012 33 33 9 81 46 1381 4 3 4888 35 34 3 31660 33 27 304 58508 1306 30605 56012 6 90 29132 8 55906 5
7187 6 4 29633 8 7 1299 16 2828 24 129 5018 5
1563 59 16502 3 6808 7 3 1740 5
238487 7 3 66 29 67 1959 53 17299 249 5
66 1131 15 32 9796 3359 47 16 1321 18593 35 538 3 143183 1356 503 1362 2029 33 109 46 3359 383 27 3 109 3 15789 27 3 2981 1595 10 20498 503 5
20498 503 5
225160 4 228404 4 179589 15789 232 6 143183 2029 35 305638 12283 32330 4 744 33 5
44777 337439 19241 10927 249 228404 9485 341 15791 8135 2990 79 2567 459 35499 190684 38 188331 2567 171358 2990 203207 6517 237594 5828 196958 3280 503 130286 33630 7345 3280 116757 38 8932 7345 7168 15970 7345 2567 116757 271 3298 6494 500 28299 1532 249 3668 341 6449 459 708 11292 152178 2567 281583 3280 700 166697 268403 2990 122406 7168 17 508 946 35 20498 500 33 842 3 15789 392 6 3 1930 6171 326831 326458 23730 6446 1376 20338 58508 81 13 64 23 18 4533 3 20338 648 56012 5
20498 500 5
20448 10 9 1930 4 19 40 15789 5
17 84412 1740 16 3 38982 47 16 9 1026 6 26 5
6390 58508 13943 56012 58508 6865 56012 249 6171 58508 10 56012 341 326831 58508 13 56012 459 326458 58508 64 56012 503 23730 58508 23 56012 500 58508 56012 9450 58508 4533 56012 708 6446 58508 3 56012 700 58508 648 56012 704 1376 58508 7 56012 782 58508 56012 17299 341 5
435 29633 4 290 38982 10 3 1930 16 1658 4 8 50 12510 5483 16 5852 5
20498 708 842 3 5483 7 58508 6 4124 56012 5
20498 708 5
37050 9 5483 19 46986 3893 133 21 58508 96 16 23 56012 4 478778 58508 946 56012 8 58508 6808 56012 5
35 35 31573 8033 111405 33 58508 6 4124 56012 58508 232030 38982 56012 35 9 32812 9450 33 58508 659 1626 61 32 1333 49 2275 56012 35 478778 46196 32812 6171 6446 19385 58508 9 443 18 4533 10 3 689 2842 56012 3119 23730 6171 60829 155497 4 58508 155427 42 370 10 30 139 56012 92108 4 58508 622 4197 18 4533 56012 4104 23730 51001 33 58508 16145 42 370 15 295 56012 35 33 33 58508 6808 56012 2491 3 38982 16 170 4 23 16 677 19 3 6808 7 3 5483 5
20498 700 842 3 6865 392 6 58508 4533 56012 5
20498 700 5
41221 3 18593 38982 19 3 6808 10 3 5483 5
500 208 87 16 12603 4 3 38982 16 4218 8 3 6808 1658 5
66 16 533 6 3088 322 13 129 738 3 65 23 2818 6 507186 538 5005 1299 4 14 3099 333926 4 58508 80 36 968 52 6854 56012 35 196 65588 33 109 10 46 267 333926 58508 52 56012 16 3 161104 8 3 1299 995 1065 6 23 31 58508 80 36 968 56012 8 58508 6854 56012 5
8616 4 23 16 1272 6 7995 50 6808 21 58508 6 1675 56012 5
2491 617 46 4 129 36 371 3 1065 7 3 161104 4 3 665 16 1595 21 1356 4016 1362 58508 5890 56012 10 20498 1135 5
17 97 29 138 67 1959 109 54 23 4 3 3024 1287 6 3 4 47 16 107 2921 5
7 242983 79 7 9 1740 16 4939 21 184 1740 446 2677 4286 13 7 3 74 1740 4 23 16 9 362682 49 386034 7 23 5
622 3497 176 7 3 7 3 1930 4 13 16 4 3 197 7 3893 8 954 13 2228 1444 7 7034 5317 5
134 4498 104 7 129 25 3 51423 628 1084 5
520 6200 7 31 392 10 20498 704 5
20498 704 5
34417 7 5
131047 1299 34194 58508 1943 56012 4 4 4 4 4703 5
58508 3171 4 5542 4 3131 4 8633 4 4703 5 56012
9629 58508 2578 56012 196406 4 4 4 4 116614 4 4703 5
58508 9736 4 2266 4 6181 4 2577 4 4703 5 56012
154257 58508 696 56012 48283 4 173810 4 4 302254 4 4703 5
58508 693 4 1232 4 748 4 669 4 4703 5 56012
17 7121 21 9796 9 18593 8 3359 5
2196 1299 6737 6 3 2677 7 3 161104 36 26 10637 109 192 1299 31 3 75123 8 60659 170 103 8 54 3 161104 5
59268 53 1376 80619 58508 5798 7 509 56012 5
8 80619 31 220 6 507186 161104 1376 5
17 31660 477 9670 3 7 3 1299 16812 8 508 3 161104 5
17 3154 7 3 16 392 10 98586 249 5
31022 45546 7 3 98586 249 5
31022 45546 7 3 5
2927 4 80 4301 3 537 7798 49 4949 13 142 26 979 6 507186 9 161104 4 1204 19 13224 249 5
79 2515 16 3 152 979 24 3 31660 163 90 912 5
299958 249 2778 17 16502 3 242983 10 3 3359 35 47 16 277 18593 8 33 5
2778 250699 49 60659 103 8 54 3 161104 31 1658 5
931 1299 3576 3 317 666 6 507186 3 161104 5
2778 208 3 1740 508 3 161104 16 9 50184 4 3 857 58508 508 56012 7 3 5483 7 3 50184 16 677 19 3 7 3 5483 7 3 161104 5
208 3 508 1740 16 34 9 50184 4 3154 1755 10 299958 341 5
208 87 42 60869 65 9901 19 97 57 5483 7 3 161104 4 9 2677 16 6234 6 3 161104 8 3 31660 3006 5
208 3 221 7 17914 16 34 57 4 7798 1755 6 299958 459 5
299958 341 2778 5119 5005 1299 7 3 5483 7 3 161104 16 677 19 3 767 8 508 1299 5
2778 208 87 31 60869 4 9 2677 35 9 1065 33 16 6234 6 3 161104 8 3 31660 3006 5
208 87 31 93 60869 10 3 5005 1299 8 87 42 93 60869 10 3 4 3 31660 86 34 23335 9 2677 6 3 161104 4 8 23 3006 35 19 46 161104 33 5
10974 4 92 87 16 48 58 57 12603 10 3 5005 1299 4 48 58 57 2677 16 6234 6 3 161104 4 8 3 31660 3006 5
299958 459 2778 208 3 1740 767 6 3 161104 16 9 50184 4 3 857 58508 767 56012 7 3 5483 7 3 50184 16 677 19 3 857 7 3 161104 208 3 221 7 60869 22394 25 57 4 3154 1287 6 299958 341 4 2631 9 1065 16 6234 6 3 161104 8 3 31660 3006 5
208 3 767 1740 16 34 9 50184 7798 1287 6 299958 341 5
659 240 3 31660 10 652 80 36 12262 3 508 1930 53 2796 165648 1376 37237 251486 6171 16603 6446 1376 11348 109 1376 506908 92108 83687 64381 37237 4 4 790 1376 83687 1376 6171 37237 5
58508 2433 7 81356 16 10 408 7488 19 13 7 1087 2046 8 5658 109 10 644 43 10301 9 485 3238 6 19937 4 121 43 31 91964 2210 7 9 528 1058 7 2046 10 6167 7228 56012 20498 782 842 3 18593 1299 5
20498 782 5
8680 1299 7 3 1930 4 3 74 4848 1755 10 3 740 4848 5
6446 58508 3 56012 64381 58508 14 56012 165648 58508 247 56012 37237 58508 3 56012 1376 58508 7 56012 58508 19937 56012 37237 58508 3 56012 4 58508 4 56012 393646 58508 81356 56012 58508 121 56012 29195 228195 58508 16 56012 4 58508 4 56012 393646 6171 58508 10 56012 175404 58508 31 56012 58508 408 56012 58508 2210 56012 58508 7488 56012 58508 56012 16603 58508 19 56012 1376 58508 7 56012 6446 58508 13 56012 83687 58508 485 56012 1376 58508 7 56012 58508 1058 56012 58508 90 56012 1376 58508 7 56012 58508 2046 56012 58508 2046 56012 11348 58508 8 56012 24097 6171 58508 10 56012 58508 5658 56012 37237 58508 3 56012 4 58508 4 56012 393646 58508 7228 56012 1376 58508 10 56012 58508 6167 56012 506908 58508 644 56012 5
58508 5 56012
314235 58508 43 10301 56012 92108 83687 58508 485 56012 58508 3238 56012 17 16 3192 24 3 508 1959 53 17299 249 5
17 31660 36 12262 70 3 242983 3345 10 3 3359 5
1700 36 5524 15 3 1714 35 12949 33 558 5
17 242983 31 1658 19 3 15789 11348 21 1595 10 20498 183 5
20498 183 5
242983 1658 10 3 1930 7 20498 782 5
44646 58508 14 56012 15985 58508 19 56012 38120 58508 10 56012 7164 58508 7 3 56012 4693 58508 7 56012 17299 341 5
2491 242983 31 170 4 75123 49 60659 2852 103 8 54 290 161104 31 1787 35 2936 65 9 43376 1932 16 170 33 5
931 31 226 964 1299 35 43 581 104 7 3 317 220 6 507186 3 161104 33 109 40 15789 353 19 6517 14 9 50184 8 9485 14 9 38982 5
931 1299 185 6 2258 3 1065 7 9 161104 5
34252 1299 170 10 46 946 31 1595 10 20498 407 5
20498 407 5
34252 1299 103 8 54 242983 5
11394 43382 161104 4752 43382 165648 58508 247 56012 1376 58508 7 56012 58508 81356 56012 58508 7488 56012 16603 58508 19 56012 58508 2046 56012 58508 56012 1376 58508 7 56012 58508 1058 56012 58508 3238 56012 64381 58508 14 56012 58508 19937 56012 58508 1058 56012 1376 58508 7 56012 58508 2046 56012 58508 2046 56012 6171 58508 10 56012 58508 7228 56012 17299 459 5
2927 4 3 1389 14 3 5483 7 290 161104 8 3 767 964 1740 5
81 129 946 53 6446 165648 1376 37237 58508 247 7 81356 56012 36 436 3 5483 7 35 70 75123 31 20878 33 5
2778 20498 403 842 3 12949 7 161104 1376 19 67 16066 35 14 1292 7 904 80 97 240 67 12949 33 5
81 129 946 3 161104 42540 6 3686 5
20498 403 5
901 12949 7 161104 1376 5
35 1376 35 31573 19980 33 58508 7 56012 58508 161104 56012 35 507136 92108 1376 58508 96 23 16 56012 4 530153 144073 1376 144096 57933 33 58508 19365 9 7488 7 3686 49 7880 4 21 166 21 9295 297 8954 49 512 56012 35 33 58508 3686 4 4019 56012 35 478778 2796 155497 1376 50608 148477 4 58508 946 56012 795 433390 1376 37237 421491 4 795 1376 6446 313813 33 58508 17 444 7 160 748 109 3 5624 7 212 109 3 5068 7 3 264 56012 35 33 58508 5005 1299 56012 35 14953 4 58508 508 56012 4 4 33 58508 696 109 27723 109 1698 109 5811 56012 35 4 4 58508 767 56012 14953 4 461273 4 4 33 58508 5811 109 27723 109 696 109 164 109 17807 109 8982 56012 33 35 1376 35 31573 19980 33 58508 7 56012 58508 161104 56012 35 178619 26425 229246 9450 26425 508034 8310 58508 96 23 16 56012 35612 23730 9450 92108 185052 33 58508 66 6154 3 1081 49 197 7 47 9 176 16 351 49 6564 56012 35 309352 33 58508 56012 58508 182 56012 35 478778 35269 1376 4 58508 946 56012 185052 1376 6446 439028 33 58508 901 7 91 227 109 38 747 176 7 3 820 56012 35 309352 33 58508 5005 1299 56012 58508 182 56012 35 14953 4 4 58508 508 56012 33 58508 696 4 27723 4 1698 56012 35 4 309352 4 58508 767 56012 33 58508 1058 4 182 4 7060 56012 33 20498 698 842 9 5483 7 50184 5
20498 698 5
54320 7 4 6 1176 904 97 90 51423 3547 31 1595 5
35 35 31573 2106 15441 7181 33 58508 76838 56012 58508 20878 27952 56012 35 1376 6446 179525 1376 37237 4 58508 96 23 16 56012 1376 106468 4 1376 58508 9210 7 3 234 4 700 35979 1376 4 1376 120421 381562 11348 4 4302 7 357 4 7 2429 16603 32812 175374 11348 6171 26425 700 35979 4385 4 241 8 5206 41482 4 19 177 35612 26425 4591 33 3830 8 10327 64261 4 114 1461 4591 15944 56012 35 104718 4 2578 4 4 58508 56012 33 58508 5086 4 2578 4 68531 4 27723 56012 33 17299 503 5
17 36 6786 3 35 614 6652 7 9 4102 33 7 70 12949 7 3 161104 163 2376 35 20498 403 33 111 3 7 3 12949 7 3 508 964 1740 35 20498 698 33 5
81 129 946 3 508 31 677 35 20498 685 33 4 70 7 46 10 678 6 2705 3 5114 7 3 161104 5
20498 685 5
41221 35 74 1065 7 1376 33 5
7 1376 7 28299 5086 27723 2578 1698 68531 5811 27723 804 80 6786 3 7 3 169 1065 7 3 161104 5
6172 20498 409 5
20498 409 5
41221 3 7 3 169 1065 7 1376 5
7 1376 7 696 5086 27723 2578 1698 68531 27723 208 60869 31 170 148 3 7 100 97 57 5483 7 3 161104 19 90 7 3 508 964 1740 4 3 2677 7 3 161104 16 13 7 3 857 7 3 35049 5483 35 7 3 161104 33 8 3 31660 3006 5
81 129 946 60869 4447 148 3 7 3 508 50184 8 67 12949 7 161104 1376 35 65588 685 8 409 33 5
81 46 267 114 48 58 57 12949 12458 4 3 172 964 1740 16 5
66 16 165648 58508 247 56012 5
20498 697 842 3 5483 7 165648 5
20498 697 5
106340 7 4102 165648 5
35 165648 35 31573 2106 15441 7181 33 58508 247 56012 35 461273 1376 1376 37237 58508 96 23 16 56012 72038 26425 35612 23730 4 11348 23730 33 58508 490 7 1534 7 5092 10969 24 47 43 1995 4 15071 8 21362 56012 35 4 461273 4 58508 56012 4 33 58508 154893 4 164 4 17807 4 34088 56012 33 35 165648 35 31573 2106 15441 7181 33 58508 247 56012 35 1376 26425 271181 51001 58508 96 23 16 56012 57933 4 311761 60829 4 60829 4 58508 6894 24 47 68 1266 89 4 232 6446 1376 152893 11348 1376 152893 6 40 1534 4 40 3074 4 3 7908 33 7 40 738 8 7 40 7230 56012 35 4 4 58508 56012 4 33 58508 16058 4 2505 4 6249 21043 4 34088 56012 33 17 7 3 172 964 1740 35 857 33 31 677 111 3 7 290 5483 7 3 161104 35 20498 403 33 5
20498 800 842 3 10602 111 3 74 1065 7 3 161104 5
20498 800 5
75250 7 3 108 19134 5
17807 7 1376 35 74 4848 33 17914 19 17807 7 7 165648 35 21 5248 33 4 1559 4848 5
7 1376 7 165648 7 165648 5811 5248 791 27723 164 2505 696 17807 27542 21043 164 34088 34088 17807 8982 804 4 7 3 169 1065 7 3 161104 31 677 5
187 31 93 60869 5
6172 20498 630 5
20498 630 5
41221 3 7 1376 35 169 1065 33 111 3 67 16066 7 4102 165648 5
7 1376 7 165648 7 165648 11036 5248 791 182 164 2505 7060 17807 27542 21043 34088 34088 238 80 71 196 4 97 87 16 12603 7 3 7 3 74 1065 7 3 161104 111 3 7 3 767 50184 5
8616 4 3 1065 7 3 161104 16 3 857 7 3 35049 5483 109 3847 4 3 2677 16 58508 3686 4 4019 56012 5
6172 20498 947 5
17299 500 5
145 1092 16 1303 61 92 3 964 1740 508 3 161104 16 34 9 50184 4 49 92 9 1065 29 34 45 2118 10 3 172 1959 5
20498 947 5
37442 1571 7 1376 21 58508 4019 4 216114 56012 5
6446 165648 1376 1356 1362 37237 35 9 33 17 857 58508 5005 1299 56012 7 3 12949 7 3 161104 16 677 19 3 767 8 508 964 1299 180 3 161104 5
622 946 19 3 1930 333926 58508 879 286 968 52 6854 56012 842 90 12949 7 3 161104 333926 58508 996 109 15270 109 52 109 1918 56012 10 20498 302 5
20498 302 5
106340 7 3 161104 333926 109 97 67 523 16066 31 1595 5
35 333926 35 31573 19980 33 58508 72 4 996 56012 35 178619 35612 226685 9450 451795 251486 6171 32812 58508 96 23 16 56012 518371 9450 6171 92108 7156 9 6446 1376 386932 9450 14953 33 58508 66 6154 13 449 49 5035 16 15511 10 9 653 49 10 9 14478 7156 6 3 83 670 49 696 56012 35 33 58508 14478 56012 35 478778 4104 222056 251486 333926 37237 33 58508 17 186 16 996 3 1820 56012 35 14953 33 58508 696 56012 35 14953 4 33 58508 696 4 1698 56012 35 14953 4 33 58508 696 4 1698 56012 33 35 333926 35 31573 19980 33 58508 52 56012 35 113454 26425 9450 26425 1376 35612 58508 96 23 16 56012 226685 33 58508 66 18506 3 4016 49 1441 7 47 449 625 56012 35 33 58508 56012 58508 5890 4 4016 56012 35 478778 333926 152893 33 58508 946 56012 58508 78 3204 52 30 72447 4485 56012 35 33 58508 5005 1299 56012 58508 12248 56012 35 4 4 33 58508 508 56012 58508 1897 4 6443 4 27723 56012 35 33 58508 767 56012 58508 12248 56012 33 20498 1004 842 3 5005 1299 1547 6 3 74 1065 7 161104 333926 5
20498 1004 5
17 74 4848 842 3 5005 1299 7 333926 351 25 50 74 1065 35 14478 33 5
50448 1299 11394 8 508 964 1299 14953 58508 696 56012 58508 6 968 56012 58508 6854 56012 273 3 169 1065 35 169 5483 33 7 333926 35 20498 302 33 80 27 20498 985 5
20498 985 5
17 74 4848 842 3 5005 1299 7 333926 351 25 50 169 1065 35 5890 33 5
50448 1299 11394 8 508 964 1299 58508 6 12248 56012 58508 6 968 56012 58508 6854 56012 473 3 74 5005 1740 7 3 5483 4 696 35 20498 1004 33 4 3 31660 46233 10 9 23901 3 1299 1547 6 23 5
145 23901 4286 600 7 1299 1547 6 3 29092 1740 109 23 16 176 7 3 25429 1714 220 24 3 31660 5
1738 9339 31 1146 25 3 628 1084 5
8616 4 3 31660 3831 13 58508 6 968 56012 8 58508 6854 56012 4 112 34 7857 6 3 197 7 1299 1547 6 696 5
6172 98586 341 5
20448 10 3 23901 4032 3 4102 14953 58508 696 56012 98586 341 5
20448 10 3 23901 4032 3 4102 14953 58508 696 56012 5
208 80 1384 3 5005 1299 7 3 169 5483 7 161104 333926 35 20498 302 33 4 3 31660 18020 13 1740 58508 6 968 56012 16 10 3 197 7 1299 1547 6 1740 58508 6 12248 56012 4 21 1595 10 98586 459 5
12418 7 1299 10 3 23901 4032 3 4102 58508 6 12248 56012 98586 459 5
12418 7 1299 10 3 23901 4032 3 4102 58508 6 12248 56012 5
8616 4 23 16 2118 13 3 1065 7 333926 16 3 169 1065 35 20498 302 33 5
1738 3354 16 1595 10 20498 1135 5
20498 1135 5
161104 19 3 1065 58508 4016 4 5890 56012 5
17 31660 3859 1356 1362 6 3 3354 5
58508 6 968 56012 333926 1356 1362 58508 5890 56012 58508 6854 56012 208 93 12603 10 5005 1299 16 170 4 3 31660 16 2051 6 2258 3 2677 7 3 161104 109 23 86 26 2069 1463 48 5005 1299 6 3 23901 5
208 964 1299 12458 19 100 57 5483 4 3 2677 7 3 161104 16 13 7 3 857 7 3 5483 109 92 87 31 48 58 57 12603 4 3 31660 18020 48 58 57 1065 14 3 161104 4 14 3099 58508 254 7 8416 56012 8 185052 58508 176 7 56012 5
20498 889 842 46 5
20498 889 5
3690 9 161104 29 45 1658 19 67 16066 53 58508 254 7 8416 56012 8 185052 58508 176 7 56012 5
17 31660 3859 1356 4 185052 1362 6 3 3354 5
66 12022 124 3 2677 7 1376 44 34 2112 5
58508 1638 56012 1376 1356 4 185052 1362 58508 254 7 8416 109 176 7 56012 136567
34417 7 161104 19895 84181 16 9 3359 19 5
17 9796 6 3 16 1595 10 20498 605 5
20498 605 5
17 858 7 18593 1299 4 1260 14 5
58508 2219 56012 1376 58508 573 56012 5
314235 296873 58508 447 56012 1376 58508 1416 56012 5
314235 98586 503 842 3 3354 7 3 5
37442 2424 1571 3 161104 1376 19 67 32434 4 3 74 57 16 98586 503 5
37442 2424 1571 3 161104 1376 19 67 32434 4 3 74 57 16 419846 58508 4 8416 56012 10 1376 15546 58508 6133 25 573 56012 4 3 169 1065 16 58508 4019 56012 4 10 296873 1376 58508 1416 447 56012 5
34417 14 161104 468323 20498 1239 842 3 858 7 18593 1299 5
20498 1239 5
12418 7 1299 14 40 537 5
58508 6200 56012 69731 58508 160 56012 64381 58508 14 56012 58508 1131 56012 58508 6 507186 56012 16603 58508 19 56012 5
314235 6446 58508 3 56012 185035 58508 46 56012 280963 58508 309 56012 58508 3024 56012 5
314235 175404 58508 6 26 109 16 56012 58508 6 236 56012 64381 58508 14 56012 58508 6 3773 109 6 1018 56012 6446 58508 3 56012 64381 58508 14 56012 58508 950 4 2012 56012 26425 58508 3 56012 5
314235 58508 30531 56012 58508 38 822 56012 5
314235 232904 58508 2935 56012 34457 58508 23 16 56012 64381 58508 14 56012 58508 788 56012 136567 26425 58508 3 56012 5
314235 186735 58508 168 56012 58508 6 252 56012 64381 58508 14 56012 64381 58508 14 56012 26425 58508 3 1362 58508 6 432 56012 58508 3463 56012 5
314235 98586 500 842 3 3354 7 3 4 14 20498 1239 5
3354 114 3 16066 7 161104 64381 58508 14 56012 31 4 98586 500 5
3354 114 3 16066 7 161104 64381 58508 14 56012 31 4 3995 4 58508 231 56012 10 64381 58508 6200 14 56012 4 9 58508 10519 6 56012 10 35 34457 33 64381 6446 58508 3024 14 3 2012 56012 8 58508 5024 56012 10 35 33 232904 64381 136567 58508 822 2935 14 1133 56012 5
901 48 16066 4447 4 2209 10 194896 5
708 8 700 5
1065 14 161104 64381 58508 14 56012 16 58508 231 56012 10 175404 35 34457 33 98586 708 5
1065 14 161104 64381 58508 14 56012 16 58508 231 56012 10 175404 35 34457 33 64381 26425 58508 23 16 788 14 3 3463 56012 8 58508 3312 4 566 56012 10 35 33 64381 26425 58508 38 236 6 3773 22 30531 56012 5
3354 114 3 1065 7 161104 64381 16 392 21 98586 700 5
3354 114 3 1065 7 161104 64381 16 392 21 58508 5024 56012 5
98586 700 842 7 64381 10 6612 175404 35 34457 33 26425 375781 64381 26425 58508 3 168 16 788 14 3 3463 56012 5
34417 14 161104 104830 20498 1173 1929 9 2941 946 4 19 814 5317 5
20498 1173 5
3194 1740 842 50 6865 5
58508 6 968 56012 6446 58508 3 56012 6171 58508 10 56012 59004 58508 328 56012 26425 58508 3 56012 175404 58508 6 26 1362 2793 58508 366 56012 489148 58508 333 56012 23730 58508 16 56012 6171 58508 10 1362 58508 6 140 56012 58508 136 56012 35612 29195 58508 13 56012 1376 58508 7 56012 5
314235 37237 58508 3 56012 58508 6 475 56012 122472 58508 872 56012 6171 58508 10 56012 5
314235 94026 58508 831 831 21 56012 26425 58508 3 56012 58508 63 2002 56012 58508 5009 56012 5
314235 23730 58508 16 56012 6446 58508 3 56012 58508 6 14198 56012 155497 58508 444 56012 6171 58508 10 56012 1376 58508 7 56012 210089 58508 2165 56012 5
314235 71798 58508 6 198 56012 58508 1148 56012 6171 58508 10 56012 64399 37442 7 3 14 20498 1173 16 1595 10 98586 704 53 37442 7 3 31660 4 114 161104 6171 29 3 32434 379165 58508 254 56012 10 98586 704 5
37442 7 3 31660 4 114 161104 6171 29 3 32434 379165 58508 254 56012 10 6171 26425 2793 58508 6 968 10 3 366 56012 8 271181 58508 89 56012 10 6171 58508 475 21 831 21 63 2002 56012 5
98586 547290 6274 3354 14 3 1065 7 161104 1376 21 58508 56012 10 6446 155497 1376 47945 58508 3 444 7 47945 56012 8 14 161104 6171 21 271181 58508 89 56012 10 6171 88975 58508 1148 10 88975 56012 5
17 31660 48692 32434 6 161104 1376 8 6171 98586 547290 5
17 31660 48692 32434 6 161104 1376 8 6171 5
309045 53 81 3 508 5317 35 20498 1173 33 53 2778 2796 59004 34457 489148 6171 1376 37237 122472 58508 3 328 16 333 10 136 7 872 56012 5
2778 4104 23730 6171 210089 58508 9849 30328 65 2165 56012 5
17 6234 93 2677 6 161104 6171 5
81 3 169 1930 4 3 1740 210089 58508 2165 56012 16 34 9 50184 4 3847 3 31660 155 34 159 23 76 1250 5
34417 7 7 161104 9 12097 3 508 5317 53 249 5
9 37237 58508 38 1271 3 3441 56012 5
6000 9 41004 58508 38 36 198 6 41004 56012 5
4104 294974 251486 9 58508 162 16 10519 6 3303 56012 5
128133 7 138 5317 16 1595 10 20498 1227 5
20498 1227 5
8680 5317 5
58508 6 1271 56012 9 58508 6 56012 37237 58508 3 56012 58508 3441 56012 5
314235 228 58508 38 56012 71798 58508 6 198 56012 9 58508 6 56012 5
314235 26425 58508 3 56012 294974 58508 162 56012 368734 58508 6 26 56012 58508 10519 56012 9 58508 6 56012 58508 6 3303 56012 5
314235 37442 7 3 16 1595 10 98586 5
49931 67 16066 14 161104 9 58508 6 56012 4 21 168052 58508 1821 98586 5
49931 67 16066 14 161104 9 58508 6 56012 4 21 168052 58508 1821 13759 56012 8 21 32 176481 7 379165 58508 254 56012 5
98586 183 4286 1117 3354 5
1563 1586 1929 6 161104 9 58508 6 56012 3 2677 58508 6905 56012 10 26425 98586 183 5
1563 1586 1929 6 161104 9 58508 6 56012 3 2677 58508 6905 56012 10 26425 294974 251486 9 58508 162 16 6 3303 56012 5
659 25767 3 522 392 24 3 4 80 49075 3 2156 7 4007 4411 14 290 161104 19 3 6363 53 114 53 3280 3082 2156 7 4007 4411 35 202 33 109 3116 3082 5640 7 4007 4411 109 13277 3082 242983 6 26 2870 5
17 2179 19 9 858 7 2152 242983 6 26 4 19 40 523 32434 5
17 1595 16 543 10 3 12949 7 3 242983 4 21 220 10 2152 4 10 678 6 6865 3 75123 8 60659 8 3 7 242983 8 75123 7 3 1930 5
145 5533 4 538 12949 4 29 34 45 220 103 5
1563 31660 16 2665 10 46 4974 109 23 16 59 9 191244 31660 5
659 333 5548 50 3961 9 1978 197 7 12949 144 26 4939 35 9168 33 5
17 52396 206 522 35 20498 1403 33 5
17 231 7 16 2409 5
20498 1403 5
11391 14 129 5
161104 522843 68607 31008 35 202 33 79 700 500 341 231097 1376 1227 605 459 496769 16603 700 700 6494 577 311761 503 503 6494 577 64381 1135 1004 341 96801 15112 9046 9686 249 467307