79 84 2826 7 42211 15 2505 4089 8 808 4089 16 6 2705 746 11598 137 628 34326 623 58 6 6075 4008 137 628 2376 5
81 46 1381 4 80 8850 9 14324 1217 1013 867 4089 47 16 1680 6 2143 628 76 1783 746 11598 5
37275 4089 7301 15 7039 8 4767 650 14 10444 2377 18596 4 1444 4 6582 8 8557 137 8 11455 5
66 2638 8635 15 35855 317 8 50 7039 893 6 1097 2377 3465 4 6582 8 8557 154 4767 10982 650 5
17 650 7 867 4089 16 10 9067 19 9 7039 1506 47 4286 67 629 5937 53 35 249 33 4242 27964 6 786 628 76 5662 9013 14 46854 746 11598 109 35 341 33 368551 10982 270 1715 1537 33065 2377 2020 5
622 1442 284 226 9380 5775 19 31660 29 45 1589 6 270 3 7039 650 7 867 4089 5
79 267 542 10 32 11462 136 29 24637 3 7362 7 1273 5018 8 284 5
2942 543 2505 4089 16 1576 877 32 533 604 10 3186 4089 5
66 16 7141 14 1296 6 3009 4321 317 8 2705 4008 10 2942 628 13 51 4855 5238 544 5
349 3 83 881 4 261 42211 15 6854 543 4089 35 127645 33 31 1967 15 3 3186 857 7 124843 5
28750 35 5981 33 115 9 84 4089 10 2942 254010 8 1273 9 19379 13 2577 390 86 7872 138307 2106 1222 5
5583 4 28 2870 3 19379 93198 8 23731 35 28750 4 5981 4 6104 4 4973 4 4540 33 5
659 4855 3 10119 7 2942 5447 4 317 45679 35 41569 33 8 317 21946 35 33952 33 31 220 6 1800 284 3648 6 270 4089 650 35 1409 323 9219 4 3495 109 9219 323 1409 4 2391 109 28750 323 4 2773 4 2804 109 4 9039 4 1376 330799 3290 20149 21944 4 323 54067 4 1278 33 5
273 61164 3003 4 317 21946 2475 1388 333 270 58 317 45679 21 23 71 10775 4116 317 8 1682 1867 10 3 2942 1735 5
66 16 9 206 152 6 15564 16277 317 24 97098 970 8 3898 45651 35 14071 323 4 1422 33 5
2942 543 2505 4089 16 59 1940 3677 10 83 692 5
273 3099 4 1514 2194 142 132 231 7 2942 628 6 17566 660 5
79 614 6684 16 1273 24 10503 317 21946 4538 19 6372 5633 4538 6 581 32 1217 6 132 660 4089 35 7744 12283 32330 4 911 109 301221 323 135655 4 2076 33 5
81 224 4 8158 543 4089 16 220 24 10349 49 14119 6 8625 26 2303 7 3 983 8 2586 7 498 3531 95 21 6 3665 8743 40 200 5310 35 7744 12283 32330 4 911 109 4 4 323 4 1095 109 4 4 323 4 1515 33 5
19466 6961 4 1273 24 539730 10 1515 4 16 9 2086 84 601 857 21 32 4159 7 61164 2505 4089 5
66 16 9 11455 650 6 7367 2022 44 533 2392 14 421 363 5
79 808 770 6 1445 32 17809 715 49 983 47 250 26 5344 44 964 14 9 421 35 539730 323 87997 4 1095 33 5
79 2669 43971 4462 226 71 3855 5662 4434 6 1015 746 2106 871 47086 3 142031 650 7 808 4089 5
81 644 4 16 9 43269 21946 31660 25 9 837 3024 538 25310 15778 29540 35 539730 4 14786 4 323 4 2804 33 5
214 16 4 9 3024 16 3380 21 9 29540 114 290 38105 42540 6 9 1043 8 290 2452 770 3 25310 15778 7 67 970 5
6297 15 3 87930 7 9 29540 76 18679 4 25067 35042 24 13896 3 970 47 3092 25310 8887 19 18679 5
98586 249 842 9 5662 4434 123429 24 5
17 30864 31 1109 21 808 1260 106 43 1333 21 9 3379 7796 523 11933 11952 5
2843 31 1272 6 1445 8 15564 3 3238 7 808 1260 13 71 132 3 983 2589 25 57 11933 5662 6 184 5
4649 4 539730 35 744 33 1273 9 2958 137 5018 1013 628 156453 114 15967 30864 3364 12299 993 31 13792 76 3 9490 2942 628 4 8 153 84 628 16 123429 24 5
527 4 3 1812 31660 8 29540 3455 42 572 14 1481 6 1445 4 3847 8 539730 35 359 33 6229 1379 9 84 5018 4 7392 255197 4 14 7333 35855 6294 8 11533 2286 993 5
6297 15 808 4089 4 2397 35 280 33 12966 32 7392 650 1506 226 157081 19466 6961 15060 35 33 6 10775 48 5050 628 8593 10 5662 4434 14 421 363 15 785 2392 5
79 5662 4434 123429 24 98586 249 5
79 5662 4434 123429 24 5
81 308 85 4 9 5662 4434 4209 24 19 628 156453 29 45 3677 21 3 223 762 10 109901 4707 3616 9061 35 40846 33 8 109901 28438 9061 35 31720 33 14 4567 808 4089 35 539730 4 280 109 539730 4 85102 4 34522 4 323 522887 4 590 4 2560 33 5
81 1654 4 746 47086 7 5662 4434 29 45 3643 25 24274 543471 2392 6 2172 2392 137 10503 760 30864 4 196 98586 341 5
6794 8 539730 35 4 33 27 1273 9 14324 1217 19 40846 14 2377 3465 8 8557 4 8 27 3677 133 32 1217 10 1247 1746 5
659 1297 40846 4 9 119200 10982 270 4 476183 161940 4 29 45 1273 35 6794 323 539730 4 2076 33 5
28848 9 808 24 1862 10 40846 98586 341 5
28848 9 808 24 1862 10 40846 5
1113 117 4279 42211 27 3639 3439 2505 4089 8 224 808 4089 14 421 363 4 9 84 2826 10 4089 42211 16 6 2705 1359 746 11598 137 628 34326 623 58 628 2376 5
81 46 601 4 80 8850 9 3093 14324 1217 1013 867 4089 47 10316 17087 4089 76 7039 4089 10 108 17020 5
79 19379 16 1273 13 35855 317 51 26 2914 356 523 17020 5
8941 341 61685 498 4089 5195 8 18506 3 650 7 7039 4089 5
37275 4089 19 9 7039 1506 16 2209 10 8941 459 5
81 8941 503 4 9 4242 31660 226 21 9 629 6825 7 867 4089 16 2209 14 11533 48 35855 317 35 715 8 40 1682 33 5
79 267 542 10 11462 386 16 962 10 8941 500 8 3 4774 16 10 8941 708 5
11394 42211 15 61164 2505 4089 8 808 4089 189 7801 67 20036 6589 5
364 16 3 650 7 12214 2106 2942 628 4242 8 43971 109 3 83 16 3 650 7 746 2106 47086 4 3003 4 9088 8 5148 5
98586 459 842 9 2370 6684 7 498 4089 5195 5
79 2370 6684 7 4089 5195 98586 459 5
79 2370 6684 7 4089 5195 5
37515 4089 16 7081 220 24 10349 6 8612 8 1445 718 4695 137 8158 628 2376 4 8 1599 2769 9 2832 1653 5
2552 4 45901 4 8 1082 35 274 33 12966 9 8158 4434 43971 5018 4 44 23 6392 6 5998 1328 3 893 7 8158 4695 10 523 4736 5
61979 4 7914 4 8 18409 35 590 33 4417 3 565 8 8850 9 8158 2826 4242 5018 6 5998 2705 893 7 8158 4695 276 3514 2505 5
81 46 1381 4 7039 4089 7301 15 11533 7039 893 7 715 266 8 40 137 3 4631 7 67 2458 5662 9013 10 89 507 5
98586 503 842 3 7039 337 650 7 715 266 8 40 1322 10 523 5662 9013 4 11771 4 3 1799 7 715 266 49 40 1322 2571 25 10291 22 243785 6 799 10291 22 91869 6 272 22 96133 5
37515 893 7 715 266 8 40 1322 10 89 507 98586 503 5
37515 893 7 715 266 8 40 1322 10 89 507 5
37275 4089 4 21 32 4159 8 6942 7 767 4089 42211 4 16 9 7039 8 4767 650 14 10444 2377 18596 4 1444 4 2020 8 8557 137 8 11455 5
37275 4089 34 97 1131 15 2022 8 533 715 266 4 44 59 7301 15 35855 8 964 715 1322 8 3 7039 893 7 192 993 8 40 1322 5
12502 4 867 4089 16 1680 6 10084 55 35855 317 35 715 266 8 40 1322 33 8 50 7039 893 137 17087 8 7039 4089 4 14 48 33065 2377 3465 4 6582 8 8557 5
98586 500 6886 9 7039 1506 7 867 4089 650 8 3 1056 31 2209 21 1298 53 17299 249 53 7337 3723 8 445498 5
104853 3 6905 7 2485 8 5339 4279 628 5
157 153 2942 628 16 76 9 182 7 7037 628 2757 103415 24 2482 4 290 1843 7 47 16 9 7037 628 197 5
273 946 4 78408 4 82162 4 85341 8 115210 4 192 179 1822 10301 9 7037 628 197 5
17299 341 53 76912 4434 43971 5
628 2482 16 23989 24 9 4242 31660 8 3 665 16 1435 123429 76 9 5662 4434 5
2569 4 80 2780 31660 2209 10 161 2124 5
16 9 3093 31660 6 3855 9 2005 5662 4434 14 746 47086 4 33959 4 9088 8 5148 5
34 97 1131 15 11533 48 2022 8 964 993 4 44 59 7301 15 31218 35855 1322 297 993 5
17299 459 53 76912 9013 4631 5
145 1092 9965 6 9 1414 7 4089 5195 53 17087 4089 49 7039 4089 5
208 9 7039 4089 16 666 4 498 8 767 5662 4434 36 26 677 6 7367 7039 893 7 35855 317 5
238 3915 1321 4 7039 893 7253 6 32 715 397 49 32 715 1322 2571 25 198010 6 799 10291 6 272 10291 4 8 108086 21140 5
208 9 17087 4089 16 3112 4 5662 4434 36 26 1252 14 17087 4089 650 5
17299 503 53 92351 8 7039 249 14103 67 5066 7 4089 5195 10 867 4089 5
20498 249 5
92351 8 7039 4089 10 867 4089 5
92351 4089 37515 4089 76912 4434 18996 21847 25822 7927 37515 9892 136939 6034 22195 266 323 1322 35 30864 8 3151 10 4434 33 21257 7 715 266 323 1322 35 1799 893 7 30864 8 3151 10 4434 33 364 5195 16 17087 4089 114 4650 600 4498 871 47086 25 5662 4434 8 252 55 19 84 2377 24 4 8 14618 1862 5
149815 1862 738 3181 5662 4434 4 95 31660 16 59 220 6 3855 3181 4434 5
17 83 16 7039 4089 5
2843 16 488 6 23817 84 2377 137 7039 9892 5
2569 4 9 4462 16 666 6 1328 7039 893 7 290 715 397 8 40 1322 24 9901 103 8 54 5662 9013 5
81 17087 4089 4 9 182 44582 49 5148 223 71 26 220 6 8894 3 4089 650 5
2569 4 9 19791 10982 270 284 226 16 3677 14 5961 1442 35 6794 323 539730 4 2076 4 33 5
79 182 7 84 7037 628 2757 16 3354 25 5
3194 7037 628 197 10 6154 143 9 84 867 16 1146 5
273 3099 4 9 4650 6268 9 84 37275 249 19 5139 7 715 82162 4 715 58565 8 97353 249 5
81 644 4 32 37275 16 9 88899 47086 137 871 34326 5
17299 500 53 7337 104178 5
17 61628 628 16 3455 24 1463 76 3 194 7 5486 17299 708 53 37275 4089 650 43241 5
17624 6 17299 341 14 9 84 860 7 867 4089 5
16 3677 369 6 3855 9 84 5662 4434 4 8 7039 4089 142 26 1303 61 24 9901 498 84 5662 4434 19 767 4434 5
79 7039 1506 7 867 4089 650 98586 500 5
79 7039 1506 7 867 4089 650 5
81 46 2124 4 80 4556 9 746 25243 31660 226 47 71 3855 9 2005 5662 29540 14 746 2106 33959 4 9088 8 5148 5
34 97 1131 15 11533 48 2022 8 964 808 993 4 44 59 7301 15 31218 35855 1322 297 91 5
38396 13 628 29 45 76 5
98586 708 842 9 5662 4434 7566 650 24 8 3 31660 16 2209 21 1298 53 17299 249 53 62618 614 18679 5
17 1322 148 67 1822 16 5559 24 40 15327 13300 5
214 16 4 3 1322 7 120 67 1822 4 215603 8 4 16 7154 24 446326 35 249 33 5
157 153 3 9906 446 1883 35 14937 4 11348 33 31 1370 58 64310 8515 24880 31 1888 24 3349 517 10 3 29540 7002 81 46 152 4 614 18679 31 3455 8 103415 24 483275 5
35 249 33 17299 341 53 85564 11797 48323 16 4939 21 9 10753 47 4286 2005 317 44 144 26 396 385 14 746 47086 8 9088 5
659 4498 11797 10753 4 317 8 317 15183 4 192 67 9224 31 4723 6 25767 614 18679 4209 10 17299 249 5
17 6300 7 317 16 3 5806 7 1883 35 215603 4 33 7 70 3 12029 10 9 614 10753 5
17 317 15183 16 4939 13 3 317 7 9 10753 16 3868 24 3 221 7 1822 10 3 10753 5
214 770 3 317 15183 7 9 10753 16 3 317 7 290 6500 10 46 10753 5
8616 3 42584 7 317 8 317 15183 31 35 341 33 35 459 33 114 215603 49 16 32 6500 7 9 10753 3298 8 73785 6154 3 221 7 1822 10 3 10753 4854 446326 35 503 33 16 10978 25 18831 5
35 341 33 8 35 459 33 5
12502 4 290 614 10753 16 5559 24 3 52348 596 7 192 67 9224 5
35 503 33 446326 35 503 33 6154 13 23 10078 3 10753 47 29 2121 1822 65 67 614 18679 27 3 216 317 5
12502 4 70 614 18679 31 4041 24 40 35 3298 33 10 9 21565 678 8 1172 7 91 31 3112 21 11797 18679 103415 24 24097 137 4906 55 3 260 73367 18679 5
17299 459 53 69806 4321 3151 5
132080 3 1322 148 290 6500 8 290 11797 10753 24 446326 35 500 33 5
35 500 33 114 89320 16 32 6500 7 9 11797 10753 24097 8 215603 16 32 6500 525 3 10753 24097 5
1301 4 6500 10753 9906 31 16771 8 3 260 27041 9906 31 3467 6 26 1888 24 1426 19130 517 5
17 84 1822 31 304 92 43 112 34 1230 10 3 29540 7002 17299 503 53 134865 629 1822 5
79 629 6500 16 3 6500 47 29 632 1322 19 70 3 83 11797 18679 8 3340 304 1822 10 17299 459 5
17 629 871 7970 35 38 33 7 32 6500 16 7154 24 446326 35 708 33 5
35 708 33 766 1822 31 16771 24 40 7970 35 38 33 8 3 260 519774 1822 31 351 21 629 1822 47 31 304 10 3 29540 5828 92 43 112 34 4447 5
17 7566 650 7 9 5662 4434 538 31660 98586 708 5
17 7566 650 7 9 5662 4434 538 31660 5
622 20071 7 9380 622 1442 284 1013 9380 29 45 1589 6 270 3 650 7 867 4089 543 15 9 7039 4089 1506 1595 10 98586 500 5
29 45 5775 76 3 9380 284 5
6459 4 9380 6655 32 6062 29540 17136 31660 6 47772 3181 8 176487 42749 35 323 192744 4 3952 33 5
98586 700 842 9 2424 555 7 9380 5
187 31 218 689 19266 10 9380 53 22026 13348 4 231105 79443 4 386420 34376 4 7337 86516 13043 8 37515 6961 5
79 2424 555 7 9380 284 98586 700 5
79 2424 555 7 9380 284 5
17 884 538 9380 284 22026 13348 71 4530 1481 6 3009 8 1069 523 864 5342 8 290 864 1038 4279 628 5342 5
13945 59 27 909 6 3 13609 13125 5
355 1481 10024 76 3 284 4 43 74 236 6 1088 9 864 3359 8 6885 3 628 2482 1595 10 7337 86516 13043 4 8 153 2401 4242 31660 4 79022 5
4 8 197 19393 4 196 98586 704 5
332 73 4 628 2482 16 123429 21 9 5662 4434 6217 10 231105 79443 5
9380 71 3855 3181 4434 21 166 21 176487 4434 538 31660 5
98586 782 842 9 3181 5662 4434 538 31660 5
13945 142 48818 38105 17136 137 1324 3 827 7 290 38105 10 3 4434 5
355 9 4650 23915 15 9 38105 4 3 3297 317 7 23 4 133 21 1037 4 2038 4 1868 4 18003 4 16 6217 10 386420 34376 5
394789 9937 7 10 9380 284 98586 704 5
394789 9937 7 10 9380 284 5
79 3181 5662 4434 538 10 9380 98586 782 5
79 3181 5662 4434 538 10 9380 5
5662 4434 16 1252 6 4650 600 14 5961 1442 8 84 628 16 3455 5
1301 9380 3916 1481 6 132 628 34326 8 61628 628 16 23989 369 24 31660 19 3 216 96734 9937 5
8992 9380 36 5998 1328 3 7039 893 7 30864 8 3151 10 1270 8 40476 5662 4434 4 217 10 37515 6961 4 196 98586 183 5
7337 34326 8 7039 4089 538 9380 284 98586 183 5
7337 34326 8 7039 4089 538 9380 284 5
134 27 3639 1303 61 9 864 10 9 2054 2793 136 5
17 6905 7 3 864 16 6 5576 634 1481 8684 15 11924 35 149345 33 284 14 454 726 5
149345 284 142 1015 1481 1906 909 6 70 68780 5937 4 133 21 10150 4 2315 4 4 2815 317 4 4703 5
659 1297 4650 791 125 1261 4 3 136 16 4827 6 6075 48 785 224 2322 47 185 6 1000 84 2377 8 5310 15 84 729 49 416 5
134 581 867 4089 14324 1217 6 2769 3 733 7 3 136 5
1563 689 8090 31 21 1298 53 249 5
83571 498 149345 983 10 7493 386 5
16 4723 6 3361 8 47772 3 628 25 200 777 5
57318 634 1481 8684 15 366 149345 284 5
4 9 10982 270 284 16 3677 24 3 136 6 5576 8 1445 785 2779 7 834 5
47976 48 33065 2377 8 5310 14 454 1247 726 5
17 17087 4089 8 7039 4089 7 867 4089 36 185 3 136 1800 48 33065 7410 8 5310 5
41381 4644 17 4644 7 864 7254 16 2209 21 3177 53 17299 249 53 1210 6 3 864 6905 4 80 5339 4279 628
17 628 16 76 12739 7037 628 2757 114 290 6500 2464 9 2190 4859 7 149345 5
134 59 4498 4321 628 137 9 182 44582 8 1599 4697 63806 7037 2757 8 47772 91 76 32 5662 4434 1595 10 98586 407 5
5662 4434 123429 24 9380 19 63806 7037 628 2757 98586 407 5
5662 4434 123429 24 9380 19 63806 7037 628 2757 5
17299 341 53 5662 4434 16 4723 24 284 14 3 136 6 132 15923 5148 19 40 834 15 3 917 35 6794 323 539730 4 2076 4 33 5
3546 834 31 3214 6 1611 10 4 8 57 372187 4 67 5952 4 67 30346 25 3 136 3789 10 21 166 5
17299 459 53 134 159 3 84 628 3455 25 17299 341 6 132 628 34326 538 9380 4 7470 9 84 628 1351 7 488632 7037 628 2757 5
134 47772 46 84 628 1351 76 9 84 5662 4434 1595 10 98586 403 8 6786 498 4434 19 767 57 5
3546 182 320 7 3 136 31 1272 6 10992 7039 893 7 30864 8 3151 8 8850 84 2377 8 5310 5
5662 4434 54 628 34326 98586 403 5
5662 4434 54 628 34326 5
17 522 7 17087 8 7039 4089 5
92351 4089 14 4051 2377 3465 81 3 194 4 3 136 3455 2752 1247 2377 25 5662 4434 5
7620 7 2752 1247 2377 31 2404 24 3 136 14 454 726 5
17 7012 489 7 2377 16 55 6 1818 94 5
7219 4 192 1247 2377 31 1798 962 14 454 1247 1746 5
37515 4089 25 4051 2377 6 5310 3546 182 320 10 3 136 40372 16 1272 6 1445 3 84 5662 4434 1595 10 98586 403 5
37515 893 7 11933 11952 5
238 98586 698 842 4 9901 19 3 767 5662 4434 4 3 84 5662 4434 29 108 1117 11933 11952 4357 21 785 224 2322 10 3 426 53 35 112657 33 142659 71674 4 35 161917 33 205801 8 35 268385 33 5309 12231 5
37515 893 7 11933 11952 98586 698 5
37515 893 7 11933 11952 5
37515 893 7 5
238 98586 685 842 4 179 30864 13 27 48 3151 19 3 83 30864 31 3112 6 10992 7039 893 7 53 69181 15094 12231 4 36139 84181 4 12991 35499 8 7670 5
5583 4 184 179 2377 31 454 1273 5
37515 893 7 148 715 30864 98586 685 5
37515 893 7 148 715 30864 5
37515 893 7 5
923 320 170 15493 34376 4 3694 109906 8 17 35234 7 17609 8 105772 22422 4 192 108 30864 2571 25 272 10291 6 799 10291 4 47 6886 43 51 26 166 10455 24 3 2377 25 17087 4089 5
157 184 583 30864 13 27 1406 25 799 10291 6 272 10291 4459 13 43 31 849 2627 21 785 224 2322 10 3 426 5
214 16 4 7557 34376 4 185507 15493 4 58007 4 9066 18316 5898 36 26 974 19 366 1694 5
472 2106 48 4 182 320 170 13 43 236 337 40 1746 5310 6 2647 36803 2443 2779 8 200 2322 5
1210 6 3 1406 30864 4 133 21 49474 5309 4 11410 44076 3954 4 5309 84181 8 7670 4 182 320 3453 4534 9 84 1264 13 1442 8 71861 36 26 3 2826 7 149345 1247 1746 8 726 5
20370 61164 4089 42211 215 146 1101 15 7816 3 4008 137 628 2376 5
527 4 9 84 2826 16 6 2705 1359 746 11598 137 628 34326 623 58 628 2376 5
81 46 1381 4 80 5422 9 543 284 1217 226 867 4089 14 4767 10982 270 137 8 11455 5
4749 1510 61164 4089 4309 4 867 4089 2638 5473 15 31218 35855 8 533 317 35 993 8 40 1682 33 8 50 7039 893 14 10444 2377 3465 4 6582 8 8557 5
134 27 1589 32 1442 284 226 9380 6 270 867 4089 650 5
79 267 542 10 32 2793 136 29 14580 3 7362 7 1273 5018 8 284 5
134 27 763 3 136 2769 2752 4051 2377 4 836 7 47 31 2404 24 3 136 14 454 726 5
7219 4 7039 4089 754 3 5909 6075 1117 4051 2377 4357 21 785 224 2322 8 8625 1800 40 84 5310 6 2647 36803 2443 2779 8 200 2322 5
145 601 14792 84 2505 10 133 3547 21 2516 284 4 421 270 284 4 808 4089 4 2505 4089 4 628 34326 4 4703 5
249 273 9088 7 7201 10 194896 5
249 8 700 4 3 7067 16 3876 6 3 3377 1185 7 46 1181 5