23838 4 87 16 32 1723 796 14 18166 70180 26987 10 421 270 14 279975 3609 133 21 2189 8 855 394 2508 5
527 4 104 7 3 498 601 15 421 270 1443 35 58500 33 2638 1967 15 2957 19 10032 628 8 31 7722 6 2957 19 70180 26987 133 21 2067 1564 8 2141 5
145 1381 6274 9 449359 14618 35 134429 33 31660 47 20178 3 3531 7 71179 284 35 155036 33 4 46333 52074 4 8 7732 1442 35 43826 33 14 6062 5447 70180 26987 8 112664 4116 2505 14 421 270 5
79 134429 8509 58500 29 45 1148 8 18 12354 137 9 507 7 8365 2173 10 261 4653 7 2699 244 7 9 855 394 136 10 2397 2507 5
17 773 7 134429 18 5559 543 15 3423 8 12398 8 3863 522 42 3455 5
1692 3423 8 12398 31 3439 10 3 14618 7 70180 628 4 8 272 3423 16 3439 14 3 3320 2376 5
17 522 240 13 23 16 537 14 112664 4284 14 565 12538 25 70180 26987 5998 5
6297 15 3 1217 4 23 2939 6 270 2505 571 19 5314 5772 15 421 363 95 21 6 474 3 1277 7 40 2506 5
13888 244 544 969 2221 6 3 1757 5
187 16 32 1723 6249 59344 7 68 47 16 12859 24 32 474 10 3 14318 7 1529 8 3 552 7 1572 4156 4 1723 489 7 801 1776 8 5247 1776 4 8 801 1547 14950 35 6794 4 40353 4 1604 4 323 89720 4 33 5
527 4 2699 244 361 394 3721 31 1538 875 1236 13926 6 3 5471 1923 893 133 21 1723 1223 4 55620 934 4 272 23480 7 855 544 35 103130 4 3401 109 16597 4 6104 33 5
17 1723 2826 7 6249 59344 1523 3859 4710 6 3 2699 244 361 3721 14 1365 8625 8 1277 416 95 21 6 2384 3 244 7 3 668 5
7219 4 893 10 855 4387 534 4 10 1654 3 305421 284 8 1277 10382 12251 27 1434 6830 2779 15 3 2699 244 361 3721 4 189 10 970 7 394 10771 8 9075 5
187 16 8127 8711 34329 1832 133 21 1448 4 5762 8 855 571 5
81 90 173 2549 4 3 855 3051 8 3023 5514 16 8 3 5762 8 3023 5514 16 5
20370 6599 10 2699 244 361 4 47 855 571 2854 7 1407 6913 5473 15 13218 3975 4 142 34 26 535 558 107 5
13166 6 3 762 1079 7 2505 8 791 10 2699 244 361 4 90 1296 35 171463 5
20705 4 2391 109 323 379419 4 2391 109 408345 4 2391 33 3915 13 3 2673 7 421 270 284 35 58500 33 36073 3 6589 7 4149 2485 22 7415 926 5870 6 746 1149 5
58500 16 32 2693 8 8259 718 14 14426 421 363 650 35 21351 323 229186 4 359 33 5
17 2669 5937 7 58500 31 2505 1084 8 14618 12251 35 18150 4 280 33 5
17 791 7 2505 571 16 55379 8 7545 10 3 2505 1084 49 2505 26983 10 9 1087 6170 49 185455 5
7219 4 3 26983 1705 3 2505 16683 10 2543 1866 8 13028 3 954 4 1496 8 2029 3803 7 32 1698 35 79673 323 4 2804 33 5
17 42101 49 14618 12251 754 231 3 2505 7545 6 61477 5772 6 9 392 565 35 79701 323 4 1422 33 5
6297 15 58500 4 3 4321 2505 13 24292 496 2113 16 3847 1658 8 39663 1411 3 1698 35 20024 323 33434 4 911 33 5
79 221 7 27 45 1148 8 3677 6 1678 692 47 539 773 3490 35 48334 4 227228 4 35021 4 323 3257 4 911 109 6794 4 744 109 6794 4 18150 4 323 36260 4 359 33 4 1283 1447 15326 35 287916 4 14659 4 323 4 502 33 4 10317 1264 1746 35 28306 4 127768 4 1604 4 323 12090 4 744 33 4 2810 7175 35 324291 323 324291 4 744 33 4 12619 8 6162 35 9280 4 6794 4 323 6794 4 4 33 4 1184 934 1330 35 9280 12283 32330 4 4 33 4 3075 1746 35 4 744 33 4 284 14130 35 103384 4 2552 4 2552 4 323 4 911 33 4 34428 1593 3394 35 72740 4 146446 4 323 10656 4 911 33 4 2443 394 891 35 40353 4 1604 4 6794 4 18685 4 323 659 4 1095 33 4 4703 5
527 4 104 7 91 31 2957 19 10032 317 5
17 231 7 70180 26987 14 421 270 29 597 2086 312 1164 5
81 279975 2508 133 21 2189 8 855 394 2508 4 104 7 3 2505 47254 10 3 70180 26987 133 21 2067 1564 8 2141 5
273 946 4 23 16 533 10 2699 244 361 386 13 104 7 3 745 10 2699 244 361 31 7324 10 970 7 26987 5
248900 581 317 143 68 293 3639 49 12685 19 521 247 544 5
1108 71 27 9 48 59432 3003 15 40 4166 8 2235 24 5123 6 3 83 2106 825 2141 121 43 31 1369 6 2080 4 1369 6 1445 8 293 19 77458 4485 35 9604 4 1515 33 5
931 2141 59 185 68 6 8744 6 3 791 8 6075 84 4567 2377 25 461 10 678 6 4855 40 209 544 35 323 4 502 33 5
81 46 1381 4 9 449359 14618 35 134429 33 31660 16 1273 19 2333 10 421 270 10 2699 244 361 5
17 1273 5018 3899 22 5998 5447 3 70180 7439 317 8 3392 4284 14 565 12538 5
66 29152 3 3531 7 71179 284 35 155036 33 4 1375 2030 5447 35 164333 33 8 7732 1442 35 43826 33 5
17 134429 31660 340 34 97 185 3 2505 571 6 1046 4279 317 2538 24 3 6804 55184 7453 44 59 1708 4116 8 5314 4284 14 3 571 10 565 12538 95 21 6 474 3 1277 7 40 2506 5
79 507 7 8365 27 45 1303 61 14 9365 3 773 7 3 266367 5018 543 15 521 745 2173 10 9 2397 2507 543 855 394 1698 5
79 221 7 27 45 1589 10 3 855 416 8 244 361 386 5
4733 1101 29 45 255 15 3 168986 1443 4 10 47 2505 16 7324 10 3 2505 1084 10 3 916 7 448377 954 5
14891 954 6300 4 746 421 363 7453 71 26 55379 24 3 284 8 3 855 571 31 7748 10 3 421 363 650 5
273 3099 4 16 9 168986 4462 14 3 552 3490 7 17050 1529 35 103130 4 3401 33 5
66 10556 5158 7 2516 284 8 421 270 718 5
1738 689 7410 31 6 581 212658 71229 270 10 3145 30771 8 4547 552 9758 4 8 6 5830 9 593 7 652 15 3 176 7 3 66159 5
16 9 168986 19670 7741 552 3490 284 35 12106 4 2773 33 5
66 16 825 6 44 23 29 45 3677 6 523 5158 5
187 31 59 90 1589 14 11381 855 394 543 15 267 543 14618 35 125535 33 5
125535 16 9 39844 1217 13 8635 15 271 8 825 745 6 384 2506 6 84 544 35 4 4164 33 5
66 41020 746 421 363 6589 8 7928 3 28969 7 767 791 5
96380 16 9 267 543 2854 284 14 784 6708 8 29 45 2870 10 3 9962 7 35972 12672 35 39173 323 11773 4 2773 33 5
66 3899 22 3096 3 773 7 9 168986 6708 284 24 19708 50 3074 538 3 104 308 317 558 25 3 826 5
10141 4 1604 4 8 15011 35 2391 33 27 1273 9 71179 1217 4 47 10556 125535 8 4 14 3 1746 7 4653 5310 14 3606 3512 5
20705 35 2391 33 115 231 7 267 543 14618 6 1800 25575 4199 14 1783 1407 5
8 4874 35 1515 33 27 1589 32 7112 421 270 284 35 33 14 6696 361 2367 538 125535 5
17 284 2939 784 8 5594 2849 6 5548 2119 1799 4 3916 10 363 9 6708 4 8 35023 3 3394 7 9 593 7 4233 5
42544 8 89049 35 1278 33 27 1148 9 267 543 4462 14 953 7 6929 2106 1222 5
66 1273 9 84 45679 650 13 7434 55 3 45679 650 24 34 9901 19 70 745 10 3 267 4926 5
4 4 4 8 35 1095 33 27 1273 9 543 6825 13 16 3682 7 45679 7 3 784 1735 10 1465 2942 6170 8 6 6585 91 76 9 10032 210 5
15669 4 24087 4 8 30119 35 911 33 27 3677 125535 6 3434 9 11065 361 317 284 7 13537 1330 5
18409 8 14721 35 911 33 27 1589 9 5373 125535 284 47 10556 125535 8 90 83 7732 1442 35 43826 33 4538 14 784 6708 5
1738 2370 7787 16 125535 5
17 83 43826 4538 3030 26920 7100 6 11920 785 5266 10 267 45679 8 220 10 267 3394 4 9384 8 2854 4 47 2939 10 13896 4321 2000 14 3 1341 267 25 98247 1603 21 166 21 10 37578 6647 1046 904 5
125940 4 27190 4 4 168459 4 8 35 911 33 27 1589 14 9375 4156 4005 543 15 5
66 1708 9 528 1079 7 270 47 1038 6708 4 953 4 8617 4 8 14922 361 8 23 71 26 11828 76 3 3606 1994 5
15669 35 744 33 29 3677 125535 14 3 13752 4463 7 212 19 18189 2800 5
6794 4 40353 4 12283 3462 5
35 33 1589 9 2505 543 15156 11772 5898 35 33 14 1691 6868 7 953 1330 7 17050 261 4653 24 10503 125535 8 307 43826 4538 5
1113 3184 27 45 1148 14 2640 855 416 8 244 361 4 104 7 91 31 2957 19 10032 2505 5
527 4 58500 13 754 231 7 3 70180 7439 2505 14 421 270 29 597 2086 312 1164 5
88406 5536 16 9 718 14 3032 7439 2505 5
66 3899 22 12724 4 28969 8 2376 7 3 7439 2505 496 32 1698 5
66 34 97 2228 68 6 3968 9 528 1058 7 26987 22 799 470 4 44 59 2228 68 6 1291 138 1564 6 371 1806 8 84 607 909 6 3 6913 7 3 11999 14 421 270 35 84059 4 1422 33 5
66 1708 9 4597 7 3 7439 1943 543 15 3 11335 5
88406 14431 852 13488 6950 24 68903 4 8380 4 4701 4 3305 653 8 5138 10 133 9 152 13 2489 2141 31 9184 25 47 3 25027 71 76249 40 209 19963 5
88406 14431 59 1000 9 2640 1734 745 284 10 47 3 2141 7 6179 31 48 338 6 6872 1028 10 3 426 35 84059 4 1515 33 5
527 4 7439 14431 31 535 18593 49 44450 24 746 4 47 16 1908 8 89 12725 5
66 59 1388 1574 421 270 14 565 12538 5
66 1708 825 2141 6 3 2505 571 276 120 4284 49 5772 5
66 8635 15 571 6 132 1065 6 3 767 2141 5
238 9 665 4 3 134429 31660 1273 10 46 1381 2532 6 1213 3 9705 7 7439 14431 8 1510 58500 5
66 1708 32 533 770 14 5998 55184 8 15826 3 70180 7439 317 8 754 231 7 91 6 44732 4116 4284 14 2640 421 363 14 565 12538 5
81 2699 244 361 4 3 317 7 9 3023 16 535 7324 10 745 5
3194 267 9286 7 9 565 49 983 7 9 3023 8 90 2506 10 970 7 1330 49 1945 6 3 565 5
17 565 7 3 745 71 26 3868 76 10032 1172 8 70180 1172 5
98586 249 16323 3 10032 8 70180 1172 7 9 2699 244 361 3490 267 5
17 10032 1172 17244 7 11427 19393 4 49 15486 1822 47 27 9 1079 7 166 4939 4073 25 47 3 3051 142 132 9 3394 5
17 70180 1172 17244 7 26987 49 11557 5
19699 4 3 10032 1172 7 9 267 31 10637 24 267 543 14618 35 125535 33 125 3 70180 1172 27 45 10637 25407 5
81 46 1381 4 3 70180 1172 31 10637 24 3 449359 14618 35 134429 33 5
622 946 7 3 10032 8 70180 1172 7 9 267 98586 249 5
622 946 7 3 10032 8 70180 1172 7 9 267 5
17 1884 7 3 6589 7798 7 125535 8 134429 16 1595 10 98586 341 5
435 3 4650 11371 3 565 983 4 3 565 71 26 3868 76 10032 1172 8 70180 1172 5
125535 71 26 220 6 1626 61 27647 2376 6 6786 3 13980 297 3 10032 1172 7 219399 565 8 3 745 13 27 45 7545 1321 5
17 104 825 267 16 153 19696 8 50 2104 16 220 21 6868 14 3 565 5
17 6868 16 5764 4 4721 4 8 7324 10 3 2505 26983 35 55358 33 14 426 28969 5
273 1273 3 134429 4 23 9286 7 108 346 5937 47 31 7970 41085 114717 53189 4 27647 12811 53189 8 1063 12811 53189 4 3995 5
17 70180 1172 7 3 565 31 9490 24 3 7970 41085 114717 53189 47 25067 8 62217 3 629 13538 7 3 565 5
63732 31 4209 543 15 189 27647 12811 53189 8 1063 12811 53189 5
17 104 825 267 16 19696 543 15 3 16277 13538 7 3 565 8 13 7 767 745 5
17 13538 7 3 19696 267 2106 2104 31 220 21 6868 14 3 219399 565 5
273 3 1063 12811 53189 4 23 8445 3 629 13538 7 3 565 19 13 7 3 767 745 5
17 2442 13538 297 3 2506 7 3 767 745 31 16277 21 6868 14 12538 3 565 5
11649 6 125535 4 3 6868 16 153 4721 8 7324 10 3 55358 14 426 28969 5
27300 7798 7 449359 14618 35 134429 33 8 267 543 14618 35 125535 33 98586 341 5
27300 7798 7 449359 14618 35 134429 33 8 267 543 14618 35 125535 33 5
7970 4102 21946 81 678 6 12262 3 70180 1172 7 565 4 23 2818 3 21946 7 3 629 13538 47254 10 3 11557 5
18996 1740 16 477 215 614 10 3001 3 32434 49 20164 6 3001 9 4102 5
41748 1740 12885 71 26 48 2190 8 12818 5
527 4 41748 1740 12885 27 93 196056 8026 10 11557 4 47 754 91 841 6 26 1658 35 36798 4 14879 4 323 14879 4 359 33 5
81 46 1381 4 9 629 4102 21946 31660 16 1589 14 25418 41748 1740 12885 125 120 4 385602 4 49 56287 31 34 1272 5
66 754 231 7 3 382234 2981 7 3 2942 6 384 3 1682 148 3 1299 5
17 629 13538 71 26 16277 25 3 2942 1010 623 58 19696 25 125444 385602 5
16816 4 23 71 26 220 10 120 2505 30951 276 3 236 14 2007 2505 3310 5
17379 4 3 1441 7 9 1930 2464 9 4102 5
17 5811 7 9 1930 4 47 16 10 3 10199 6612 4 2464 9 169 4102 5
17 31660 25067 70 3 50184 12885 976 3 2942 8 62217 91 76 9 858 7 629 13538 5
238 1595 10 194896 5
459 8 503 4 3 70180 2942 16 74 3868 76 49052 24 1685 10869 133 21 3 84 517 2163 4 556 737 4 813 1932 4 4703 5
17 49052 31 153 18593 19 50 1172 7 1150 35 52404 33 538 9 52404 132770 1589 24 41142 35 3578 33 5
3194 20117 16 11831 19 50 1711 20117 21 50184 12885 543 15 40 52404 5
208 40 52404 31 75123 4 49877 4 428986 4 49 161104 7 4 153 43 31 11831 5
18214 954 31 220 6 293 19 15933 23299 8 382234 23299 21 1595 10 20498 249 5
7219 4 23 16 2794 6 1963 13 9 902 1740 3897 16 1618 9 4020 4102 35 36798 12283 32330 4 359 33 5
659 4498 9 902 1740 3897 4 3 16277 50184 12885 31 23642 543 15 3 508 191244 954 21 3177 53 2778 15293 249 53 4036 67 12885 8 4 92 2388 8 16 45052 5607 24 1087 970 49 49877 4 153 16 2207 5
273 946 4 3082 510 1536 4 3082 1536 4 16 2207 5
2778 15293 341 53 4036 67 12885 8 4 92 2106 28608 3133 2388 3 74 3133 7 1299 7 4 153 16 1109 21 3 59365 7 8 16 2207 5
273 946 4 3082 1375 2030 5447 4 3082 164333 4 16 2207 5
27300 7798 7 3 629 4102 21946 31660 98586 459 5
27300 7798 7 3 629 4102 21946 31660 5
17 629 4102 21946 31660 98586 503 5
17 629 4102 21946 31660 5
20498 249 5
34417 7 3 13422 3351 5
130190 2125 59268 11292 4538 8 5533 29947 10753 543 8 10753 543 382234 317 45679 8 45679 7 317 435 3 629 4102 21946 4 3 70180 2942 16 44450 19 50 629 13538 5
66 16 153 220 10 3 27647 2376 8 3320 2376 14 7470 4284 5
27647 2376 520 421 3891 494 13 3 498 565 71 26 10455 24 4907 825 745 13 42 3639 5650 10 3 271 5
27647 2376 16 1589 543 15 46 867 5
66 6950 14 825 745 24 81392 3 745 10 678 6 13012 3 27647 297 745 5
81 3 1379 542 4 3 27647 148 3 84 565 8 3 551 745 16 2118 24 3 8668 5737 7100 35 153151 323 11773 4 3578 33 21 1595 24 446326 35 249 33 35 249 33 114 15441 16 3 221 7 3547 4 16 3 29784 7 3 857 4 8 31 871 7 3 857 7 3 9796 565 8 13 7 3 551 745 4 16 3 27647 4859 14 3 857 5
81 3 1379 542 4 3 27647 148 3 3547 7 70180 11557 16 2118 24 3 27647 148 3 629 13538 7 3 70180 11557 5
17 27647 16 7154 24 446326 35 341 33 35 341 33 114 55969 8 31 629 4102 4995 7 3 857 7 3 9796 565 8 13 7 3 19696 267 4 3995 109 16 3 629 4102 9424 10 3 4102 858 109 16 3 221 7 13538 8775 5307 10 8 109 16 3 221 7 2665 13538 10 8 4 13538 31 1109 21 825 92 43 31 8639 4 49 43 8922 3 1215 10 15293 249 49 15293 341 13 3915 8941 9610 5
435 9409 3 13980 7 3 551 745 10 3 26983 4 3 267 19 3 1391 27647 16 19696 21 3 6868 14 3 219399 565 5
1063 2376 50389 6 27647 2376 4 11797 10381 4216 13 68 112 34 1849 24 79021 4 1016 4 43 1849 24 60347 4 5630 4 8 9974 13538 76 40 11797 6294 35 159597 4 9615 33 5
118 2505 16 55379 76 40 11797 6294 137 1444 8 34 4028 3564 35 10613 4 3728 33 5
66 29 45 4861 13 3 11797 6294 71 26 9168 24 3 3320 2376 7 49002 745 10 970 7 9013 49 2642 4 8 23 9549 12134 333 58 13 14 3 27647 2376 35 6794 4 40353 4 1604 4 323 89720 4 274 33 5
6794 12283 3462 5
35 274 33 27 1273 9 4102 3320 31660 2957 19 10032 317 5
6297 15 3 767 162 25 6794 12283 3462 5
35 274 33 4 9 4102 3320 31660 16 1273 6 2490 3 2129 7 70180 317 14 3 134429 5
79 81495 45546 7 3 4102 3320 31660 16 1595 10 98586 500 5
17 11797 2981 16 32 3320 992 47 9286 7 565 13538 4 2104 13538 4 8 3 3320 3151 297 3 565 8 2104 13538 5
98586 708 842 3 2854 4141 7 3 4102 3320 31660 4 47 57078 3 3320 992 25 9 858 7 49002 745 5
17 70180 1172 7 3 544 7 3 745 31 74 44450 24 3 7970 41085 114717 53189 5
17 16277 13538 31 220 6 3001 3 565 13538 5
10052 4 3 70180 1172 7 3 2506 7 3 745 31 59 44450 6 916 9 858 7 2104 13538 5
17 3320 148 9 565 4102 8 9 2104 4102 16 2118 24 3 15327 13300 21 1595 10 446326 35 459 33 35 459 33 114 241563 16 3 565 4102 8 75915 16 3 2104 4102 5
79 81495 45546 7 3 4102 3320 31660 98586 500 5
79 81495 45546 7 3 4102 3320 31660 5
17 2854 4141 7 3 4102 3320 31660 98586 708 5
17 2854 4141 7 3 4102 3320 31660 5
17 2673 4141 7 3 4102 3320 31660 16 1595 10 98586 700 5
355 87 16 9 84 565 4 3 629 13538 7 3 565 31 16277 6 916 9 858 7 565 13538 5
6297 15 3 3559 4102 992 4 3 30110 653 7 9 2104 4102 16 2118 24 3 3235 871 7 3 3320 653 7 3 565 13538 2442 19 13 1654 2442 2104 4102 4 47 16 1595 10 446326 35 503 33 35 503 33 114 16 3 565 4102 7 3 219399 565 5
17 2673 4141 7 3 4102 3320 31660 98586 700 5
17 2673 4141 7 3 4102 3320 31660 5
17 2104 13538 47 27 9 568 30110 653 58 9 125444 8515 31 19696 21 3 6868 5
659 10158 3 773 7 3 134429 31660 4 9 507 7 8365 27 45 2173 10 9 855 394 1698 10 2397 2507 5
17 5867 17721 14 9365 3 773 7 134429 16 1595 10 98586 704 5
3188 267 628 31 3883 25 9 1385 7 3 855 394 1698 5
17 3467 1385 16 1479 14 1691 416 15 261 4653 7 2699 2189 6 3 17222 5
187 16 9 515 7 317 666 6 26 2236 14 329 837 267 5
66 1038 3 897 628 4 2699 244 3490 4 726 586 4 15142 586 4 234 3519 4 953 1564 4 1165 1564 4 4703 5
17 628 7 3 3490 916 7 261 4653 7 2699 244 16 220 10 46 5867 4 47 9286 7 189 10032 8 70180 628 5
85349 271 745 5487 154 3 566 25 681 911 6 584 274 31 220 10 46 5867 5
17 5867 17721 14 9365 3 773 7 134429 98586 704 5
17 5867 17721 14 9365 3 773 7 134429 5
20498 341 842 3 628 3547 7 3 3490 916 5
11664 7334 8 21674 7 19647 31 3 11335 7 3 745 5
7795 142619 4 8478 142619 4 113527 142619 4 18924 142619 4 28397 13385 4 115877 4 8 12191 31 3 10032 628 3547 13 3576 2029 2003 14 3 855 571 6 2401 95 21 6 4301 3 983 7 40 2067 5
328254 6344 8 146289 31 3 70180 628 3547 13 3576 1375 2030 2942 2167 24 3 855 571 95 21 6 4301 3 983 7 40 2067 5
45280 6927 8 15156 6927 31 3 70180 628 3547 47 31 219399 24 855 571 37 4301 40 1330 1945 14 1533 3 3023 5
81 3 5867 4 3 628 7 3 10032 628 3547 31 1109 21 3 10032 565 628 5
17 628 7 3 70180 628 3547 31 9490 24 3 7970 41085 114717 53189 5
328254 6344 8 146289 31 1109 21 3 70180 565 628 5
45280 6927 8 15156 6927 31 1109 21 3 2104 628 5
20498 341 5
19647 916 7 261 4653 7 2699 244 5
5119 7337 871 11664 7334 11292 5458 21674 7 19647 21674 5458 7795 142619 36135 297 206 4 1935 4 1024 4 4703 5
53937 565 628 8478 142619 36135 297 206 4 1935 4 1024 4 4703 5
53937 565 628 113527 142619 36135 297 206 4 1935 4 1024 4 4703 5
53937 565 628 18924 142619 36135 297 206 4 1935 4 1024 4 4703 5
53937 565 628 28397 13385 36135 297 206 4 1935 4 1024 4 4703 5
53937 565 628 328254 6344 337935 2942 337935 565 628 115877 36135 297 272 4 1935 4 799 4 4703 5
53937 565 628 12191 36135 297 206 4 1935 4 1024 4 4703 5
53937 565 628 146289 337935 2942 337935 565 628 45280 6927 337935 2942 22026 628 15156 6927 337935 2942 22026 628 17 773 7 27647 2376 7 10032 628 16 5559 543 15 3 5867 3154 21 1595 10 98586 782 5
21436 31 16277 25 3 2279 745 47 31 16771 24 3 21674 7 19647 5
273 290 267 4 23 16 16277 76 3 10032 628 3547 8 3 2104 3547 5
17 10032 628 3547 7 3 16277 267 31 677 19 3 2198 745 24 27647 2376 5
17 1282 2104 24 3 27647 2376 8 3 16277 2104 3547 31 9490 24 3 629 4102 21946 5
17 16277 629 13538 25 3 1282 2104 8 3 2104 3547 31 677 543 15 3423 8 12398 2376 5
17 3423 8 12398 31 4939 21 5
35 500 33 8 35 708 33 4 3995 35 500 33 35 708 33 114 241563 8 241563 31 629 4102 4995 7 3 1282 2104 8 3 2755 2104 4 3995 109 16 3 221 7 13538 10 241563 5
16 3 221 7 13538 8775 5307 10 8 5
55467 31 1109 21 825 92 43 31 8639 4 49 43 8922 3 1215 7 15293 249 49 15293 341 21 3915 10 8941 9610 5
33962 3154 7 27647 2376 7 10032 628 98586 782 5
33962 3154 7 27647 2376 7 10032 628 5
435 3 2376 7 3 3423 8 12398 4 3 267 16 7324 6 3 2854 745 14 14426 3 14618 7453 5
1471 2279 267 16 16277 14 8557 285 70 745 27 45 5559 5
273 3 14555 7 3 773 7 27647 2376 8 3320 2376 7 70180 628 4 43 31 1303 61 543 15 3 5867 3154 21 1595 10 98586 183 5
17 216 628 197 16 220 14 9365 3 10032 8 70180 628 5
273 290 7 3 2279 745 4 23 16 16277 76 3 70180 628 3547 8 3 2104 3547 5
17 629 13538 31 16277 25 3 70180 628 3547 8 43 31 220 14 27647 2376 8 3320 2376 5
11649 6 3 5867 7 27647 2376 7 10032 628 4 3 1282 2104 24 3 27647 2376 8 3 16277 2104 3547 31 9490 24 3 629 4102 21946 5
17 16277 629 13538 25 3 1282 2104 8 3 2104 3547 31 677 24 3423 8 12398 2376 5
1249 3 1282 2104 7 3320 2376 16 9 858 7 13538 4 23 16 1752 677 19 3 629 13538 7 3 2755 2104 543 15 3 3423 8 12398 2376 5
435 3 3423 8 12398 2376 4 3 267 16 7324 21 3 2854 745 8 3320 992 5
17 22015 595 285 70 745 27 45 5559 5
45899 3154 7 27647 2376 8 3320 2376 7 70180 98586 183 5
45899 3154 7 27647 2376 8 3320 2376 7 70180 628 5
20498 459 842 3 7074 3423 8 12398 7 3 523 16676 5
238 1595 10 98586 407 4 3 3423 8 12398 474 6919 19 3 1723 221 7 745 10 3 27647 2376 7 10032 628 5
17 7074 3423 8 12398 31 8 4 3995 5
98586 403 842 3 3423 8 12398 7 3 27647 2376 7 70180 628 5
6297 15 3 522 4 3 3423 8 12398 474 48 3665 19 3 1723 221 7 745 8 3 7074 3423 8 12398 31 3996 47 31 8 4 3995 5
66 842 13 23 16 48 5050 10 538 70180 628 1016 7 10032 628 5
79 8515 16 666 6 26 197 14 3 3320 2376 5
98586 698 842 3 7074 3423 8 12398 7 3320 2376 7 70180 628 19 8515 11466 25 6494 6 249 5
1249 9 568 8515 770 13 48 13538 31 23642 8 3847 2121 13538 31 1413 21 3 1282 2104 4 3 3423 16 17073 8 3 12398 16 1723 19 3 1723 8515 5
41221 19 3 27647 2376 4 3 3320 2376 16 488 6 2769 9 568 3423 44 9 798 12398 5
273 3099 4 65 3 8515 16 3628 6 7257 4 3 7074 3423 7 3320 2376 16 568 58 13 7 27647 2376 24 115998 3082 4 125 3 12398 7 3320 2376 16 798 58 13 7 27647 2376 24 115998 3082 5
20498 459 5
232082 3423 8 12398 7 3 16676 5
12811 311576 5
3423 311576 5
12398 27647 2376 7 10032 628 27647 2376 7 70180 628 1063 2376 7 70180 628 35 8515 3082 7257 33 51811 8 12398 7 27647 2376 7 10032 628 98586 407 5
51811 8 12398 7 27647 2376 7 10032 628 5
51811 8 12398 7 27647 2376 7 70180 628 98586 403 5
51811 8 12398 7 27647 2376 7 70180 628 5
51811 8 12398 7 3320 2376 7 70180 628 98586 698 5
51811 8 12398 7 3320 2376 7 70180 628 5
33354 383 26 115 10 7039 8 1576 3665 2571 1566 5
20370 421 270 1443 35 58500 33 10 244 361 386 1101 15 3 2376 7 10032 628 8 317 4 47 31 7722 14 39599 533 317 8 1691 5314 4284 5
66 16 2794 6 1963 13 3975 791 8 5469 7520 14 421 363 137 2141 49 7439 16 2627 6 1557 8 13942 2505 5
248900 27 307 9063 47 12882 12972 6 2489 20368 5
158 1015 10 13972 19 10119 5
7219 4 43 371 2677 6 993 5
187 16 9 236 14 3 726 7 9 58500 47 22297 3 2376 7 70180 7439 317 95 21 6 1046 3 5469 7520 25 767 26987 8 6 581 11541 8 5314 4284 5
81 46 1381 4 9 449359 14618 35 134429 33 31660 16 1273 14 7759 3 996 5060 5
17 134429 9286 7 9 7970 41085 114717 53189 4 9 27647 12811 53189 8 32 1063 12811 53189 5
17 1273 134429 41526 9 2383 1058 7 317 10 970 7 26987 49 2141 8 5998 11335 3 26987 19 40 629 13538 4 47 2939 6 1046 3 4279 317 14 39844 8 454 16676 5
79 27647 2376 8 32 3320 2376 31 220 6 61477 3 2506 7 3 565 543 15 3 42101 297 3 767 26987 5
79 134429 8509 58500 29 45 1148 14 3 267 891 7 3 2699 244 394 10 855 394 1698 47 16 279975 386 5
79 507 7 8365 27 45 1303 61 10 9 855 394 136 10 2397 2507 95 21 6 6786 3 773 7 3 42101 5331 19 10032 8 70180 628 5
17 522 240 13 3 3423 8 12398 7 538 70180 628 474 48 3665 19 3 1723 221 7 745 58 13 7 538 10032 628 5
17 7074 3423 8 12398 31 2537 2069 35 79022 5
2069 25 6 8 25 6 4 3995 33 5
999 9901 3 27647 2376 8 3320 2376 4 3 3320 2376 16 488 6 2769 9 568 3423 44 9 798 12398 5
6876 162 36 26 617 15 9365 3 27647 297 3 629 13538 95 21 6 9 48 7608 6013 15 3 27647 2376 8 3320 2376 5
81 1243 6 3 855 394 8 244 386 4 785 2333 7 3 4462 71 59 26 170 10 83 3609 5