15631 159944 16 9 1812 2485 13 71 34 26 3439 538 97 9 265 614 4860 5
145 162 29152 2516 1443 8 37863 5979 6 3855 9 3093 7732 1442 1217 14 9 593 159944 284 5
145 1217 71 26 2093 66421 8 16673 6 106174 3911 5702 893 5
10526 4 3 1884 148 572 8 4011 12453 71 26 59 4605 2093 5
527 4 7759 9 16079 7948 16 177 89 12725 106 3 42101 2869 16 9122 543 5
40497 4 9122 16 9 168986 2030 13 8635 15 3 3629 7100 7 4008 19 954 6 3855 7951 5
659 4417 3 565 4 46 162 3 5577 7 3 159944 284 10 2627 10753 1443 5
527 4 13797 4884 10 8690 276 12538 10808 6420 16 841 5
659 22324 3 13292 161267 7 3 42101 7 593 159944 4 4884 31 1155 57 24 57 8 3 3035 14 57 593 16 5
145 162 32629 3 42101 650 14 13797 57 593 13 37662 825 6 3 76220 2981 5
17 954 14 3 42101 650 7 13797 57 593 31 75644 76 2489 1396 18679 4 114 290 1396 10753 16 48044 24 9 12779 650 5
435 2513 70 16079 2506 4209 24 12779 6589 4 3 4293 8050 47 2104 6 5357 14 9 498 593 232 6 1396 5711 5
527 4 11303 2071 7 954 71 665 10 9 2915 4774 49 150945 5464 5
659 1377 13 9 4007 7948 16 3455 4 67 537 544 1022 24 11303 1396 2071 31 1658 5
1796 95453 4005 31 153 220 6 4685 19 192 544 5
273 7254 4 46 162 3677 9 3093 5979 1506 13 46411 4008 10 3298 8 136988 954 10 9122 5
33962 522 5441 13 3 1273 8690 159944 284 25903 245676 65 699 10 9 10753 284 5
17 1273 5018 59 2939 9122 543 2516 1443 13 27 825 42101 3074 6 13 10 3 593 159944 284 5
17 593 159944 565 16 6 19946 9 197 7 4884 76 42346 89 11630 35 3054 496 57 122 33 4 125 12404 9 197 7 12453 5
145 1812 565 71 34 26 5169 19 538 97 9 265 614 4860 5
659 1213 46 159944 565 4 104 162 29 4723 29540 39069 35 1376 4 2773 33 4 216571 5979 35 323 4 744 33 4 174871 1046 35 12035 4 375399 4 323 37608 4 744 109 4 2391 33 4 4624 27964 35 85034 4 190392 4 34522 4 323 217994 4 911 33 4 32542 2642 35 57336 323 41735 4 911 33 4 264347 16764 35 78133 4 6186 33 4 421 270 1443 35 323 4 1278 109 126539 323 1104 4 1515 33 4 37863 5979 35 4 4 323 300063 4 1515 109 323 4 1095 33 4 49 2516 1443 35 4 33098 4 323 35681 4 3495 109 323 4 1278 33 5
79 593 159944 284 16 6227 538 9 3093 7732 1442 1217 13 29152 2516 1443 8 37863 5979 35 36260 4 12825 4 232174 4 18150 4 323 35381 4 274 33 5
17 1273 1217 29 3 508 9063 5
35 249 33 159944 1443 31 2093 66421 49 16673 6 270 893 4 21 3 159944 565 16790 2537 25 4689 6 4689 10 970 7 2190 3212 8 12453 5
35 341 33 364 71 2093 3968 2505 8 12874 46 2505 76 9 159944 284 21 5077 9704 3 1046 904 8 9346 3 2104 6 3 5114 5
35 459 33 17 1884 148 572 12453 8 4011 12453 71 26 4605 5
1113 3 1273 593 159944 284 16 7156 6 767 162 4 7759 9 16079 2104 16 177 20558 106 3 42101 2869 7 3 1273 2516 284 16 3298 19389 21542 12937 5898 35 9122 33 69676 35 9122 4 280 33 5
4749 4759 75785 7693 4 133 21 3298 4 17177 4 8 31580 18087 4 9 9122 28609 340 34 27 6 371 3 5551 1056 15 143 9 565 36 26 10455 5
1858 4 3 28609 97 29 6 10807 3 733 8 954 14 3510 1678 912 5
17 4919 7787 7 3 42101 2869 7254 1010 3804 6 8922 3 733 5
2249 3 629 2419 7 2516 1443 16 6 4855 544 14 47 93 27964 4447 4 9122 2030 16 48 6943 58 120 4759 75785 2030 14 589 2516 1443 5
659 1842 5577 89 14 9122 543 1190 4 46 162 159944 5577 10 2627 10753 1443 5
79 10753 284 16 9 8690 8 5146 5447 284 14484 7 9 2137 7 28508 20224 3149 418 21 9 837 4 5775 8116 6570 35 4 2391 33 5
79 1416 38105 71 26 9 87715 49 400268 284 4 133 21 12542 36492 35 11668 33 4 58853 4 49 137408 35 519134 33 5
30864 71 4447 10 9 837 3422 49 26 6614 6564 8 3797 2151 9 3860 8103 3673 35 45222 33 5
45148 24 9 10753 64881 8 1547 1586 4 32 28508 1416 10753 71 1230 21 9 837 284 6 1481 8 2333 5
2758 9 284 16 9 146 48 13900 5018 58 1510 1908 61565 14 5656 825 2000 8 1212 5
17 9063 7 10753 1443 31 799 470 4 272 773 4 314504 4 8 47175 5
48323 1443 31 3665 1621 2029 7176 14 21943 8116 4 8 9 2726 7 18679 29 45 9168 5
17 104 964 1236 10 9 593 159944 284 16 50 13292 161267 7 42101 5
110087 4884 10 8690 276 12538 10808 6420 16 2422 841 5
12502 4 623 58 13797 4884 24 9 1087 13797 6570 4 46 162 10494 4884 10 9 89299 4230 8 3 42101 650 7 13797 57 593 106 3 650 29 9 3074 825 6 13 7 3 76220 2981 5
17 9122 954 31 3868 76 2489 1396 18679 14 8690 67823 5
1210 6 42101 3008 4 57 8690 42101 665 36 26 3112 14 13797 9 498 593 5
527 4 32 11303 1396 24065 71 665 10 9 2915 4774 4 32 25328 14808 4 49 150945 5464 5
12502 4 46 162 18506 108 95453 4005 14 13500 954 8 12430 1460 9122 10570 5
659 12730 9 9122 2673 10 8690 10 9 10753 284 4 3 4926 16 220 14 66619 13821 4440 5
527 4 9122 1190 71 34 26 1752 106 9122 2030 340 34 270 46 2419 5
8616 4 46 162 5607 3 9122 42101 2869 24 1463 4926 7410 106 3 42101 2869 16 543 15 3298 2030 5
10526 4 3 4008 25 3 9122 447 31 2207 8 304 6 9 3298 3359 4 1134 97 954 10 3 1494 9122 447 5
659 11032 9122 628 76 3 3298 3359 4 3 4008 383 26 4902 76 3 3298 628 6170 5
1498 336 89 4 3 8258 6170 4008 31 5146 6 2489 6589 6 1128 5577 89 14 363 67823 5
435 2513 3 8258 6170 4008 4 290 12779 650 383 6585 3 4008 76 9122 6170 4008 8 19684 192 4008 76 3 644 858 10 3 42101 2869 5
10052 4 508 42101 4 290 12779 650 25067 3 42101 665 25 50 42101 2869 4 18888 3 42101 665 119 76 3 3298 6170 4 8 7703 3 8258 6170 42101 665 119 6 3 4293 650 5
145 162 6227 3 1273 8690 159944 284 10 9 10753 284 5
33962 522 5441 13 3 1273 8690 284 25903 245676 5
273 9122 543 2516 1443 13 27 32 42101 2419 825 6 13 7 593 159944 4 192 1443 71 26 538 3 1273 5018 19 9 4203 1070 89 5
17 8254 7 46 1381 16 4393 21 3177 5
8941 341 18506 1547 162 5
8941 459 6274 3 1273 593 159944 2516 284 5
8941 503 10260 143 6 3 593 159944 284 5
8941 500 1929 9345 522 5
5583 4 8941 708 1708 7951 5
79 1773 2726 7 6599 6 3 159944 565 27 45 1273 5
35 4973 33 12966 9 219703 543 284 13 6655 49712 14 1913 16079 32381 5
17 284 132414 8 51835 12453 19 2201 6 1229 2674 8 37863 8062 10 678 6 12042 3 49712 8 14391 3 227620 5
12283 3462 5
35 1515 33 8850 9 37863 543 14618 31660 6 1506 8 4855 3 159944 565 5
17 1273 284 16 6227 2151 32 228078 1217 4 8 71 3475 26 2093 9888 6 270 893 5
81 8 35 1095 33 4 5257 601 2520 8 325 1046 4538 31 220 6 4530 3 37863 5979 1046 650 24 2875 2790 3 2104 1046 904 5
17 4888 8850 9 3033 470 7100 31660 6 10050 3 37863 7908 1506 5
37863 8783 5979 29152 8783 5979 8 37863 12538 95 21 6 2703 338900 544 133 21 1330 4 13797 4 8 6570 13324 35 4 40687 4 323 4 3495 33 5
145 3109 2939 6 132 37863 8783 1190 26281 8 6633 5
12283 3462 5
35 3495 33 4556 32 11356 13 10556 9 628 1506 8 9 2505 1084 4 1589 2151 228078 17592 5
96879 61 3 628 4 3 2505 4 8 3 27964 1708 3 6928 6 293 19 893 4 8 3 41436 7 746 5077 2939 6 1128 3 16079 2104 1046 904 5
4 4 8 451113 35 3578 33 1800 9 168986 2030 4 226 376722 4 14 31291 6570 13324 544 8 159944 544 5
17 2030 7928 3 34520 7 9 565 10 970 7 1714 4 1715 4 13324 954 4 8 12453 4 8 9834 1708 9 10139 2505 3310 4462 5
253586 8 307329 35 3728 33 8850 3 231 7 32 2516 284 4 226 4 14 3 13324 7 2246 6 4884 4 8 6786 23 19 216571 5979 4538 5
273 31392 13797 7 3150 4160 4 8 35 1278 33 4556 9 4 37863 543 31660 13 16 1254 538 32 228078 1217 5
81 40 1217 4 2516 2505 16 220 21 9 191244 14 1913 5238 2506 8 16 2164 19 3 37863 71966 5533 5
9122 35 3298 19389 21542 12937 5898 33 16 9 974 4462 14 589 2516 1443 35 9122 4 280 33 5
66 9286 7 108 5937 53 4008 4 954 4 8 32 42101 2869 4 114 3 954 916 3 2505 1084 5
659 4855 9 565 4 9122 383 27 628 49 317 19 47 6 1033 5
3194 10448 7 317 16 226 9 644 5
9122 4286 32 42101 2869 47 3466 3 5577 7 3 954 10 3 2505 1084 5
17 2370 1264 220 16 424 21 850 77199 109 46 2697 6661 6 50425 4 70624 14618 5
17 2792 16 143 9122 4063 1328 7 47 954 31 6 26 5913 161 5
79 1396 16 304 6 3 2792 65 70 50 912 31 6383 5
17 13097 1396 19 3 1391 3008 10 3 2792 36 26 3467 8 5913 2556 285 3 2792 2742 3435 5
659 10807 47 1396 144 26 5823 103 47 1396 4 290 1396 16 2442 19 9 219091 119412 871 5
79 1396 19 9 1978 119412 871 14359 23 29 568 3008 7 4149 5195 7100 5
12502 4 70 3 954 36 26 5823 10 3 678 14644 24 40 119412 2770 5
208 70 3 912 7 9 1396 31 6383 4 50 1945 4 2888 15 3 243 881 487 7 3 1396 4 36 26 1679 5
17 1679 1945 1618 14202 84 4008 76 3 2505 1084 4 3979 10 13 3 42101 2869 36 868 3 3340 12674 4008 19 70 954 14 454 42101 5
13166 6 3 10777 7 168986 7693 4 9122 1618 738 6 159 9 177 241 89 6 1332 32 5577 5
187 29 45 90 601 617 1321 6 1297 3 773 24 5
9468 35 6104 33 9122 15 9 145282 2131 2912 13 16 9 528 9431 2457 2900 8690 1416 5
78 1273 6 6797 3 1081 197 7 954 76 307 108791 8 6 19946 192 108791 6 307 17253 5
1999 4 6798 4 8 93838 35 3578 33 6227 3 15 6015 6358 5
17 4650 11924 16 3 216 21 3 1494 9122 5
158 97 13792 90 8690 941 8 13125 6 132 3 9122 488 6 336 15 290 38105 7 3 5
10526 4 3 8690 13125 71 19684 49 2821 3 4008 3 2900 7 3327 30864 5
35064 8 225833 35 3578 33 2164 9122 8 5146 284 6358 5
208292 9122 16 9 5146 46333 1566 5
3194 9122 10 23 16 32 2374 1216 46333 9299 5
158 71 7265 19 83 9122 6589 5
1949 4 43 71 1000 4 13655 4 49 23063 3 5077 7 9122 5
10038 8 95306 35 3578 33 9122 24 79305 35 62708 22485 17112 33 5
79305 16 9 4926 7 3298 8 5
66 4088 89982 8116 15 5146 105097 1443 5
158 220 3 1506 6 9122 4 8 115 23 488 6 336 10 73929 89982 8116 10711 5
1471 1547 162 16 52 32684 4 9 17177 1185 7 9122 5
35 744 33 1273 8690 32684 14 62736 10753 7 58853 5
78 220 6 32 2516 284 2673 5
79 50902 18 1254 6 852 3 3672 148 307 9584 7 32684 699 15 523 3149 5
17 50902 383 26 3 216 49 1927 523 14 104 7 3 558 2516 1443 5
81 129 767 162 4 80 27 1273 67 4309 6 3 9122 543 2516 1443 5
1354 7 91 5357 3 35 18996 4319 21847 7337 33 5979 1506 14 1369 4518 35 9258 323 2895 4 744 33 5
81 3 74 5018 4 80 8850 9 7132 8509 9122 2030 13 16 2262 24 538 3 11924 7 3 33360 89969 53798 1252 24 3 9122 14502 35 12825 4 36260 4 323 15669 4 4 33 5
81 46 152 8690 67368 71 26 4939 543 15 3 1494 9122 5979 2217 5
238 9 665 4 3 28573 9122 23668 27 93 236 6 1849 3 3298 2030 6 1800 8690 2516 1443 5
158 97 236 6 1849 3 2370 8690 5979 2505 8 231 3 1906 9122 2217 8690 17125 133 21 1518 4 1271 4 8 66508 6 1800 8690 9122 2333 5
17 2247 8690 31 25033 14 3 2030 24 9375 1678 4093 1229 2674 12251 19 3 7537 10 3 14502 5
17 5018 97 1708 32 3456 6684 109 23668 149 27 6 1746 8690 27964 14 40 2333 5
949 92 80 3 593 159944 284 24 46 5018 4 80 149 27 6 1213 3 216 95453 544 962 10 46 1381 5
81 3 169 5018 4 9 7039 6885 12385 5979 1506 16 1273 14 3 8690 9122 2673 35 12825 4 36260 4 323 15669 4 280 33 5
17 23668 27 93 236 6 2390 120 3323 14 6885 12385 5
1858 4 19 129 1273 24804 4 43 97 236 6 4459 35 249 33 47 4008 71 26 5913 10 8690 4 35 341 33 47 12674 4008 144 26 691 119 6 3 4293 4 35 459 33 96 3 12779 650 144 112 4 8 35 503 33 96 31 3 1128 884 54 3 4293 7121 3 1035 4008 5
24106 4 3 14502 36 23335 3 3206 10448 7 4008 6 290 12779 4808 15 3 1570 8116 326 4 3979 10 333 6885 12385 5
12502 4 23 16 177 1369 14 23668 6 2390 8690 9122 2333 19 6885 12385 27411 5
2249 3 5018 16 97 10436 6 3 2333 556 7 628 227620 4 80 71 34 3 593 159944 284 24 46 5018 5
134 1273 17938 2516 1443 8 37863 5979 6 5507 9 593 159944 284 35 36260 12283 32330 4 274 33 5
31879 1443 31 25810 6 12874 2505 76 3 159944 284 8 6 581 9 14618 7453 14 2505 17539 5
17 37863 14478 8 3 37863 992 31 25810 6 3968 572 8 4011 12453 8 6 1033 52 12453 24 538 37863 7908 8 18965 4538 5
134 8850 9 503 11764 284 6684 6 5507 159944 1443 5
81 3 5287 11764 4 2067 71 16201 628 35 17905 4 4884 4 18215 4 11906 4 8684 89 11630 8 14446 89 11630 33 2151 9 9160 5
17 3154 532 11764 7121 4360 25 2067 8 3466 3 284 3154 5
81 3 224 8783 11764 4 3 2673 1586 7121 284 2633 25 3 3377 10764 8 88646 3 5536 10 3 41958 10764 5
110087 954 8 9962 2505 31 11828 76 3 2505 1084 5
355 13797 2179 4 628 7545 10 3 41958 10764 31 10778 76 4008 13 31 5910 76 3 418 2900 5
999 7100 4008 8 954 4 3 42101 2869 71 132 67823 13 2769 9 2104 543 15 3 13797 954 8 9962 2505 5
17 522 31 7545 10 3 5536 8 31 6217 10 3 3377 2078 5
17 2067 153 1865 6 4470 4 8743 49 37921 232 6 3 2376 7 522 5
31879 1443 31 25810 6 12874 2505 76 3 159944 284 8 6 581 3 14618 7453 14 2505 17539 5
9122 16 9 8510 726 8 2280 2516 284 4462 13 1708 9 1332 1566 14 3 1444 7 2516 1443 5
17 917 3678 8 3 2673 1586 31 6227 538 516504 8 17177 5
134 5357 35 101276 4 280 33 6 7801 9122 19 17177 24 56866 3 9122 2869 10 17177 2333 5
81 129 767 162 35 36260 4 359 33 4 80 1273 9 25149 2622 137 25149 10986 35 33 1217 6 11807 2505 93432 302487 35 33 8 25318 2505 76 9122 954 5
1354 13797 954 8 9962 2505 31 3380 21 9122 954 8 31 7545 10 3 2505 1084 5
79 16079 2104 71 26 48044 25 192 954 8 1806 4008 5
17 42101 2869 754 67823 24 5261 47 954 31 6383 24 4008 8 153 8323 3 6383 954 5
96879 61 3 2505 1084 4 3 4008 4 8 3 42101 2869 10 2516 1443 1708 1370 6928 10 2640 893 5
21257 10 3212 71 26 24717 6 3 13652 7 12510 954 10 3 2505 1084 4 125 893 10 628 71 26 24717 6 3 13652 7 4008 5
355 4008 236 6 26 1406 4 3 2067 71 13655 3 5536 2151 9 3377 2078 5
118 628 71 153 26 10778 5998 76 9122 4008 10 3 418 2900 5
349 3 83 881 4 2505 5395 71 1753 49 13655 3 12510 954 65 3 3212 31 1406 5
10526 4 21 3 42101 2869 16 1216 7 3 2755 954 8 4008 4 23 71 816 6057 125 3 954 8 4008 31 1406 5
15631 159944 71 26 27394 21 9 37863 7908 565 24 35 249 33 5429 3 89 11630 7 4884 21 9 197 7 23394 4 290 7 47 383 26 10 9 1654 9962 8 35 341 33 2016 12453 21 317727 15 23394 5
79 2104 770 9 164 10 47 3 2770 7 23394 8922 70 317727 8255 5
189631 71 26 6401 21 572 49 4011 5
79 16079 2104 6 593 159944 144 8922 70 572 12453 8 21 117 4011 12453 21 537 5
134 19491 9 37863 14478 6 3968 572 8 4011 12453 8 9 37863 992 6 1033 52 12453 5
79 37863 14478 35 13320 4 3824 33 71 26 2203 10 970 7 3 2362 35 103415 21 376534 4 4 189847 33 2442 19 290 37863 5
189631 22 3 376534 653 31 3 5591 8 71 34 26 5617 5
17 1652 12453 31 6401 76 523 926 7 2362 35 11771 4 35353 4 4 189847 33 8 71 26 7431 6 25272 9 16079 2104 5
145 37863 14478 16 4116 14 14618 52 12453 538 37863 7908 8 18965 4538 5
79 37863 992 35 242378 4 7780 33 71 153 26 1148 653 24 653 25 3 12453 22 3 260 653 7 3 14478 28494 5
79 16079 2104 16 3439 65 70 22688 12453 8 21 117 2325 12453 21 537 71 26 6383 8255 5
134 5357 3 119412 7 954 35 3 3008 7 954 33 10 9122 6 4534 3 2362 7 12453 5
14441 19 568 119412 31 5913 8 6383 74 5
766 13797 12453 10 3 37863 14478 71 26 3380 21 9122 954 19 119412 5
17 2067 16201 628 2151 3377 3678 4 8 3 628 7545 10 3 9125 41958 10764 31 10778 76 9122 4008 5
17 9122 42101 2869 71 153 132 67823 13 2769 9 16079 2104 14 3 37863 992 5998 5
659 13014 3 593 159944 2516 284 4 3 3212 7 18215 8 1714 31 10778 76 4008 109 2516 2505 4 572 8 4011 12453 31 4902 76 954 109 8 3 42101 71 1823 9 16079 7948 232 6 3 4008 8 954 4 21 1595 10 98586 249 5
17 1444 7 3 593 159944 2516 284 98586 249 5
17 1444 7 3 593 159944 2516 284 5
1113 3 1273 593 159944 2516 284 16 10436 6 120 1385 24 7601 13797 954 4 89 103 9 16079 7948 16 558 16 4900 106 3 42101 2869 16 9122 543 5
40497 4 9122 16 34 32 75785 2030 109 3847 4 93 10023 31660 16 6848 10 9 9122 447 5
659 1128 5577 89 4 3 593 159944 284 16 5913 10 8690 15 3 2627 10753 284 5
8941 12018 18506 3 2370 5018 8 8941 10548 454 4853 143 6 6797 954 9109 5
5583 4 8941 10873 34427 3 8690 1185 7 3 593 159944 284 15 9 10753 284 5
5018 17 2670 1236 16 13292 161267 7 3 42101 15 593 159944 5
18484 4 4884 383 26 1155 15 9 89299 1625 5
355 13797 9 593 4 57 29 6 2258 289 3 593 44931 70 12453 8 289 23 6420 19 83 4884 277 1155 5
208 3 159944 16 24 95453 3 42101 232 6 9 1087 6570 4 133 21 9 1427 49 2047 4 3 18831 650 840 9 30026 4644 5
364 29 6 2258 289 3 11831 665 44931 70 12453 5
273 946 4 92 3 1081 650 7 159944 16 3868 232 6 3597 4 523 1427 32381 71 26 1155 8610 8 5913 10 8690 5
527 4 463 6 2489 1427 32381 31 1155 10 8690 4 48 58 57 1427 7948 142 1871 3 216 6831 49 2047 154 3 216 89 6988 5
12502 4 3 18831 650 29 6 4855 6420 5
10052 4 92 9 1081 7948 16 3868 232 6 2047 4 67 11407 142 27 3 216 1427 14 3 216 89 6988 4 141 377 43 5237 523 4884 5
13429 7 47 6570 16 220 6 6797 3 7948 4 3 565 7 30469 3 216 6570 6 48 58 57 7948 14 3 216 89 6988 535 6848 5
659 4855 133 6420 4 290 7948 29 383 26 677 19 184 7948 6 2258 289 6420 4447 5
527 4 121 70 13797 522 14 32381 383 26 10637 57 24 57 4 3 18831 650 142 3855 9 84 773 42672 106 3 18831 650 383 26 5913 37665 24 3 9122 42101 2869 5
12502 4 159944 383 26 538 523 5018 5
1858 7 13500 3 1081 42101 650 232 6 9 6570 4 4884 31 1155 10 9 89299 4230 8 3 42101 650 7 13797 57 593 16 232 6 3 508 9892 5
355 9 593 4 3380 21 9 644 4 16 3467 14 42101 4 70 954 36 26 5823 19 3 593 538 9 89299 5018 10 3 17073 678 7 3 119412 871 7 954 5
208 9 593 16 1155 10 90 89 11630 24 9 1087 1396 4 3 1652 954 19 2086 798 5711 36 34 26 48044 14 46 593 109 3847 4 184 593 36 26 3467 14 3 161 13797 1092 4 47 369 2179 25 3 1396 19 3 1391 119412 871 5
273 3099 4 80 4753 3 42101 650 14 13797 57 593 9286 7 108 954 4 37598 4 25508 8 49862 4 8 40 119412 2770 31 306 4 302 4 8 183 4 3995 5
81 3 1494 30026 42101 650 4 65 9 593 71 26 1155 24 1396 37598 4 289 954 323465 8 99653 71 26 220 6 3035 3 593 16 34 2870 5
527 4 92 1396 37598 71 34 26 220 14 9 593 4 1396 25508 36 26 48044 161 14 3 216 593 5
10052 4 92 3 593 71 26 1155 538 1396 25508 4 1396 49862 36 34 26 2870 5
8616 4 1396 49862 36 26 2870 65 37598 8 25508 71 34 26 3677 6 3035 3 593 5
18484 4 3 42101 3074 14 13797 57 593 16 3 216 21 3 76220 2981 10 9 4759 75785 2030 133 21 3298 8 17177 5
659 3 76220 105 42101 650 14 13797 57 593 4 46 162 2527 9 3093 5018 5
17 954 14 13797 57 593 31 3868 76 2489 69056 1396 18679 232 6 3 119412 871 4 114 290 1396 10753 9286 7 2489 954 5
355 9 593 16 1155 4 70 1396 18679 31 5913 10 8690 24 12779 6589 8 290 576 289 23 29 3455 9 16079 2104 5
435 3 4293 650 7121 70 13797 522 25 12779 6589 4 9 593 16 1155 232 6 3 16079 2104 1035 25 3 1396 10753 13 29 3 1391 3008 297 3077 19 16079 2506 5
720 1812 18831 4141 16 1272 65 538 3 1273 5018 5
17 508 95453 32908 16 25810 6 6797 70 3 954 14 13797 57 593 76 1396 18679 5
458266 32908 249 5
14441 31 16771 8 3868 232 6 40 1570 119412 2770 5
208 9 1396 43094 10 57 1396 10753 32232 29 9 119412 871 13096 13 7 9 1396 10 184 1396 10753 323465 4 120 1396 10 32232 383 27 9 119412 871 13096 13 7 120 1396 10 323465 5
10052 4 92 9 1396 43094 10 57 1396 10753 32232 29 9 119412 871 1731 58 13 7 9 1396 10 184 1396 10753 323465 4 120 1396 10 32232 383 27 9 119412 871 1731 58 13 7 120 1396 10 323465 5
3701 67 954 13 27 3 216 119412 871 383 7857 6 3 216 1396 10753 5
273 946 4 92 288 954 4447 4 109448 4 82478 4 106872 4 137587 4 193714 8 186805 4 14 13797 57 593 4 40 119412 2770 31 1054 4 575 4 716 4 306 4 302 8 183 4 3995 5
355 13797 57 593 4 109448 36 26 5291 74 6 2258 289 3 593 71 26 1155 232 6 46 1396 5
208 95 4 184 593 36 153 26 1155 5
527 4 92 109448 71 34 3035 3 593 4 82478 36 26 2870 5
17 1652 954 31 2870 10 9 89299 4230 538 3 216 996 650 232 6 40 42101 5711 5
17379 4 9 1396 43094 36 26 2870 97 65 120 1396 71 34 26 3677 6 3035 9 593 4 114 72539 11102 4114 5
659 3 42101 4 92 80 256 6 6797 3 288 954 76 108 1396 18679 4 32232 4 323465 8 99653 4 87 31 183 537 24065 522 35 98586 341 33 5
5408 537 24065 522 14 3 288 954 98586 341 5
5408 537 24065 522 14 3 288 954 5
4109 637 156324 4 80 4753 32232 1038 109448 8 82478 4 323465 1038 106872 8 137587 4 8 99653 1038 193714 8 186805 5
659 3035 57 593 4 3 108 1396 18679 36 26 5913 10 8690 5
3194 1396 10753 16 48044 24 9 12779 650 5
12487 4 3 4293 650 11436 70 13883 14 3 593 13 36 26 1155 161 5
2927 4 290 12779 12134 42101 14 3 593 24 7100 3 593 19 3 954 10 50 1396 10753 5
11346 13 290 1396 10753 16 48044 24 32 1216 42101 2869 5
435 42101 4 290 12779 650 7703 9 1229 119 6 3 4293 650 4 2319 289 23 29 170 9 2104 14 13797 3 498 593 5
5583 4 3 4293 650 8050 47 2104 36 26 3322 24 13896 3 2104 48044 24 3 1396 10753 13 29 3 1391 3008 297 70 1396 18679 19 2506 5
2382 13797 3 161 593 4 3 3112 2104 383 26 12674 76 290 42101 2869 5
145 16 1622 106 290 42101 2869 383 259 47 89 11630 27 45 9806 6 3 498 593 103 23 2179 13797 3 161 593 5
134 4753 13 97 323465 8 99653 27 2506 35 98586 459 33 5
1249 323465 29 9 568 3008 58 99653 4 2104 28516 36 26 3322 14 3 498 593 5
17 8690 5577 7 108 1396 18679 98586 459 5
17 8690 5577 7 108 1396 18679 5
120918 95453 544 1210 6 3 1273 5018 962 10 3 767 100561 4 954 36 26 3868 76 307 1396 18679 232 6 3 74 95453 32908 10 3 16812 100561 5
527 4 90 3012 383 26 3677 6 1396 95453 109 2631 4 11303 2071 142 665 10 12340 2506 4 25328 34313 49 141 150945 5464 106 7 9122 2763 5
12097 3 508 946 5
79 1396 51229 29 57 652 4 10631 4 2888 15 50 243 881 487 4 114 10631 383 26 48044 24 184 1396 99909 5
208 70 912 7 1396 51229 31 6383 22 336 89 4 652 10631 36 26 12674 76 3 2505 1084 14 454 42101 5
17 42101 2869 153 2527 99909 6 44732 10631 5
527 4 92 51229 16 10 1396 10753 32232 4 8 99909 16 10 323465 4 54 2071 4 652 10631 71 34 26 48044 106 99909 16 34 10 50 1396 10753 5
659 4685 19 46 565 4 323465 144 539 99909 6 1377 13 10631 71 26 48044 24 99909 5
527 4 54 112664 10631 24 99909 4 3 42101 2869 142 1871 83 954 34 10 323465 14 454 42101 5
8616 4 32 1723 221 7 954 383 26 848 10 323465 6 1823 9 4774 24 454 42101 5
214 16 4 70 954 10 3 42101 2614 383 26 848 10 3 216 1396 10753 109 46 16 96 80 475 398259 5
208 46 983 8887 4 1172 7 3 42101 14 13797 57 593 36 26 5913 30417 15 2489 1396 18679 4 3979 10 1024 49 93 773 3070 5
659 4685 19 46 565 4 3 508 95453 32908 16 1273 5
458266 32908 341 5
3194 1396 10753 383 8922 3 398259 955 5
7219 4 2936 954 14484 7 97 14613 1945 4 93 954 71 26 22983 10 2489 1396 18679 4 114 9 14613 652 16 32 652 13 340 34 1871 83 954 14 454 42101 5
273 946 4 9 9122 447 9286 7 218 954 35 98586 503 33 5
901 954 4 1396 249 8 1396 500 4 36 14202 644 9 76 3 2505 1084 4 133 13 1396 708 16 666 14 1396 249 8 1396 500 14 454 42101 5
1396 459 36 14202 644 249 4 133 13 189 1396 249 8 1396 341 31 1272 14 1396 459 14 454 42101 4 8 1396 503 36 14202 644 459 4 47 2818 1396 459 5
98586 500 842 3 42101 1322 148 954 109 290 1322 16 2573 24 32 28879 5
17379 4 92 1396 79 2818 1396 2636 14 454 42101 4 32 28879 16 2682 25 79 6 2636 5
659 8922 3 398259 955 4 1396 249 4 1396 341 4 1396 459 8 1396 708 31 29371 76 9 1396 10753 5
10052 4 1396 503 4 1396 500 8 1396 708 31 29371 76 184 1396 10753 5
40497 4 742 1396 708 16 22983 10 192 67 1396 18679 4 3 24065 149 3177 3 1273 95453 32908 106 1396 708 97 29 9 14613 652 4 11771 4 4 47 340 34 1871 83 954 14 454 42101 5
622 946 9122 447 14484 7 218 954 98586 503 5
622 946 9122 447 14484 7 218 954 5
17 42101 7488 148 954 8 143 43 31 75644 76 67 1396 98586 500 5
17 42101 7488 148 954 8 143 43 31 75644 76 67 1396 18679 5
1471 565 142 4722 65 954 31 3868 12356 5
12097 3 508 946 5
1796 954 4 109448 4 82478 8 106872 4 27 119412 2770 7 577 4 1614 8 1054 4 3995 5
766 192 954 44732 4008 7 3 216 2125 4 226 15791 224603 7219 4 1396 106872 36 13655 9 644 7 15791 9575 4 133 13 70 15791 9575 4008 36 26 21072 5823 19 3 108 954 5
21669 4 32 42101 14808 6848 297 109448 4 82478 8 106872 5
214 93 537 1225 6 44732 3 498 644 16 1029 109 3847 4 9 1155 644 383 26 2207 49 5607 6 384 9 152 6 206440 3 498 644 5
273 946 4 10 3 593 159944 2673 4 117 537 1225 4447 14 13797 9 593 5
208 70 192 954 3303 6 3035 9 593 4 3 1396 19 3 2654 3008 36 2821 9 1155 593 6 526 55 89 11630 5
435 9 1155 593 16 2207 4 70 954 31 3677 369 6 3 498 593 21 84 89 11630 31 558 5
40497 4 3 108 954 31 34 62904 109 3847 4 192 954 31 226 8690 954 5
81 3 1273 5018 4 192 954 71 26 3868 8 153 48044 10 8690 5
208 106872 8 109448 31 13792 76 3 216 1396 10753 4 192 67 954 13014 9 84 42101 14808 5
21669 4 3 42101 2869 142 1823 9 2915 4774 49 705 76 32 25328 42101 14808 106 1396 82478 16 34 1109 5
79 825 565 8887 65 97 106872 8 82478 31 10 3 216 1396 10753 5
26480 4 93 565 8887 65 106872 16 10 32 1216 1396 10753 4 5226 7 289 109448 8 82478 31 10 3 216 1396 10753 49 34 5
1471 537 108064 5018 16 6 182 192 108 954 10 3 216 1396 10753 5
527 4 92 32 42101 14808 29 215 117 954 4 3 14808 142 343 9 773 42672 5
81 3 1207 267 4 70 954 10 9 9122 447 4 133 21 3 593 159944 2673 4 36 13014 9 837 42101 14808 5
12502 4 46 162 12966 184 95453 32908 5
458266 32908 459 5
208 32 42101 14808 29 215 117 954 4 3 1396 19 3 2654 3008 10 32 42101 14808 144 26 10 32 1216 1396 10753 4 8 3 83 954 10 3 14808 71 26 3868 39386 5
273 946 4 9 9122 447 9286 7 108 954 35 98586 708 33 5
10270 4 192 954 112 34 4145 15 57 184 14 454 42101 8 71 26 48044 10 8690 22565 3 1273 5018 5
527 4 106 3 1396 1396 2477 5823 36 36607 9 644 7 3 2125 628 4 3 2505 1084 16 5607 8 3 42101 2869 36 153 100097 3 644 4 446 1799 857 16 8509 4 19 1396 249 8 1396 341 5
8616 4 192 108 954 13014 32 42101 14808 5
1210 6 3 296 95453 32908 4 67 537 95453 4309 4447 35 98586 700 33 106 3 1396 2477 5823 1396 383 26 10 32 1216 1396 10753 5
81 3 74 95453 5018 4 1396 249 8 1396 341 31 29371 76 9 837 1396 10753 5
81 3 169 95453 5018 4 1396 249 8 1396 341 31 6234 6 67 523 1396 18679 5
622 946 9122 447 14484 7 108 954 98586 708 5
622 946 9122 447 14484 7 108 954 5
901 95453 4309 14 3 946 9122 447 35 98586 98586 700 5
901 95453 4309 14 3 946 9122 447 35 98586 708 33 5
41381 659 12730 9 9122 543 2516 284 10 8690 10 9 10753 284 4 3 2673 383 26 19 4926 7410 5
527 4 9122 2030 340 34 270 46 2419 4 11771 4 57 71 34 19491 7410 1752 25 9 9122 447 5
12502 4 46 162 5607 3 9122 42101 2869 6 12730 3 9122 3359 10 8690 106 3 42101 2869 16 1465 10 3298 2030 5
7219 4 3 42101 2869 16 30557 538 15 3 1506 35 9258 323 2895 4 744 33 14 1369 4518 5
332 150945 4 290 42101 2869 36 26 5913 24 32 113203 650 4 8 290 42101 2869 36 1125 9 9122 3359 65 589 50 209 2505 1084 5
659 23335 4884 10 9 89299 4230 8 3035 57 593 10 8690 4 3 1273 5979 1506 16 220 35 98586 704 33 5
79 9122 3359 4286 97 954 8 70 6589 1125 9 9122 3359 65 363 32 42101 5
17 4008 31 2888 10 9 3298 3359 13 16 1888 19 3 42101 2869 5
12502 4 3 4008 383 26 4902 76 3 8258 6170 628 5
332 336 89 4 3 628 31 5146 6 2489 6589 6 1128 5577 89 65 363 32 42101 5
9049 4 192 8258 6170 628 383 26 4902 76 3 9122 6170 4 8 153 13792 76 3 644 858 10 3 42101 2869 5
10052 4 42101 522 383 26 16277 25 3 42101 2869 8 691 119 6 3 4293 650 10 3 3298 6170 5
17 5979 1506 7 8690 9122 447 5577 98586 704 5
17 5979 1506 7 8690 9122 447 5577 5
17 954 7 3 8690 2516 284 31 3868 76 179 1396 18679 538 3 1273 24065 4005 5
3194 1396 10753 16 3205 21 32 1216 9122 3359 5
332 336 89 4 179 12779 113203 6589 31 1146 14 3 67823 7 192 179 1396 18679 5
3194 12779 650 16 2442 19 9 9122 3359 4623 57 1396 10753 5
17 4293 7703 4884 10 9 89299 4230 6 70 13883 5
435 2513 57 593 4 290 12779 650 10494 3 593 232 6 3 954 2888 10 50 2442 9122 3359 5
238 831 21 13797 16 1332 4 290 12779 7703 3 42101 665 119 6 3 4293 650 5
7219 4 3 4008 10 3 2505 1084 36 26 691 119 6 3 4293 650 5
17 4293 153 18020 47 13797 665 36 26 3322 14 3 498 593 54 2513 70 537 2506 5
17 13797 665 25 3 12779 13 29 3 1391 3008 14 70 248640 19 9 16079 2104 16 3112 14 13797 3 593 5
2382 3 4293 7703 3 161 593 6 13883 14 454 42101 4 3 4293 11436 3 4008 6 70 13883 13 31 1035 25 3 3112 12779 14 3 498 593 5
435 2513 192 4008 4 290 12779 12551 3 2505 1084 24 192 4008 4 22728 9 4547 2505 1084 6848 103 13797 3 161 593 5
17 1081 159944 650 16 1332 65 93 83 4884 236 6 26 1155 5
79 593 159944 565 10 3 511 7 12214 3756 8 3735 10986 22 3 379 289212 430 7 3605 35 33 16 220 21 32 65894 946 6 5441 129 1217 5
17 1385 29 409 43827 4 708 3597 4 8 48 58 11078 619 5
17 1506 18 2870 19 521 628 16007 5269 4 9 3035 7 716 89 11630 4 8 704 11906 5
6297 15 3 3212 4 307 12453 71 26 1658 13 3 593 13797 284 383 8922 5
83518 5
82789 1618 582 48 58 57 593 8 192 4884 144 34 26 1155 22 3 216 89 5
96672 5
79 593 144 34 26 1155 22 3 216 89 21 184 1272 593 14 3 216 1427 5
94158 5
2196 57 593 144 26 6234 6 9 6831 22 120 57 89 5
239952 5
2196 3 558 89 11630 14 9 6831 144 26 1155 5
71414 5
17 221 7 619 2809 14 9 593 144 34 7717 3 13506 2168 7 3 6831 5
90878 5
17 10808 7 11906 144 772 3 3212 7 4884 5
308820 5
17 1155 400 7 4884 144 34 705 496 3 14446 2757 5
458192 5
17 1155 400 7 4884 144 705 496 3 8684 2757 21 146 21 537 5
5
17 14597 14 9 593 144 34 26 1155 10 2458 89 11630 154 3 122 5
123915 5
17 89 11630 6234 6 32 11373 144 34 7717 179 147 168 5
5
79 593 144 34 26 1155 22 3 216 89 21 184 15486 593 14 3 216 1427 5
189631 71 26 454 6401 21 572 49 4011 53 3 172 27 6 26 6383 4 125 3 4991 31 12818 44 71 26 7431 10 678 6 2769 9 16079 2104 5
81 129 946 4 12453 31 572 12453 8 12453 31 4011 5
145 162 9168 9 10753 14484 7 179 6015 11668 6 8612 3 8690 593 159944 2516 284 5
20498 249 842 3 21365 7 3 10753 284 5
17 4926 16 25810 14 66619 650 4440 5
20498 249 5
17 10753 284 21365 5
6015 128845 6054 5274 98236 708 50773 6015 128845 6054 4 11226 211897 23903 31274 51691 1635 17404 51691 38024 30976 9091 98130 183 13336 14046 349621 36760 98586 782 9670 3 5577 400 7 3 30026 8 8690 593 159944 2516 1443 5
17 30026 1185 16 5913 10 57 5274 10 3 10753 284 4 125 3 8690 1185 16 5913 15 218 11668 10 3 10753 284 109 57 14 3 4293 650 8 179 14 12779 6589 5
17 8690 1185 9704 5577 89 2537 5
17 773 71 26 2069 24 9 2916 7 116005 4 10978 24 13500 5577 89 7 3 30026 1185 24 13 7 3 8690 1185 5
17 245676 16 4 11771 4 3 245676 16 48 58 218 65 97 218 11668 31 220 6 12730 3 8690 1185 5
17 1033 524 57 71 4498 9 245676 16 21 3177 5
5640 2900 904 7 3 10753 284 15471 58 13 7 57 5274 5
2249 9122 543 2333 31 2900 6696 1190 4 3 8690 1185 71 159 1653 7 46 1978 2900 904 5
51114 89 4631 148 30026 8 8690 5207 98586 782 5
51114 89 4631 148 30026 8 8690 5207 5
145 162 32629 9 3093 8690 593 159944 2516 284 5
17 593 159944 284 16 1254 538 3 7732 1442 1217 4 47 29152 2516 1443 8 37863 5979 14 7254 5
31879 1443 31 25810 6 12874 2505 76 3 159944 284 8 581 14618 7453 14 2505 17539 5
96879 3 2505 1084 4 4008 4 8 42101 2869 10 2516 1443 25903 853 6928 10 2640 893 5
17 37863 14478 8 37863 992 31 25810 6 3968 572 8 4011 12453 8 6 1033 52 12453 538 3 37863 7908 8 18965 4538 5
17 42101 14 593 159944 16 6227 10 9122 2030 5
659 1213 3 565 10 13 7759 9 16079 7948 24 9122 42101 16 20558 4 46 162 12966 6 3 650 7 31370 57 593 10 9 10753 284 5
659 2769 46 6905 4 57 383 4417 3 964 1236 10 13 3 42101 15 593 159944 29 3 13292 161267 2129 5
145 162 3 42101 650 24 538 3 2419 10 13 3 650 7 13797 57 593 16 825 6 3 76220 2981 5
17 4884 31 3035 10 9 89299 4230 5
17 954 7 13797 57 593 31 3868 76 2489 1396 18679 232 6 40 1570 119412 2770 5
3194 1396 10753 16 5913 24 9 12779 650 5
17 4293 650 8050 47 1035 2104 6 5357 14 3 498 593 54 523 2506 31 1035 25 70 13883 5
17 3322 2104 16 3 2104 1035 25 3 1396 10753 13 29 3 612 119412 871 297 70 1396 18679 13 27 16079 2506 5
659 6797 954 76 1396 18679 4 46 162 266 61 307 537 544 13 142 4722 65 954 31 3868 12356 5
17 108 95453 4005 31 1273 6 1213 192 544 5
17 74 95453 32908 6549 8 17425 954 232 6 40 119412 2770 5
17 119412 2770 10 57 1396 10753 31 883 70 1978 49 70 1731 58 120 119412 871 10 184 1396 10753 5
17 169 95453 32908 14264 13 329 1396 10753 44931 3 398259 955 5
10526 4 19 3 5694 14 954 14484 7 97 14613 1945 4 93 1396 71 26 22983 10 2489 1396 18679 4 114 9 14613 652 16 32 652 13 340 34 1871 83 954 14 454 42101 5
17 296 95453 32908 16 13 3 1396 19 3 2654 3008 10 32 42101 14808 144 26 10 32 1216 1396 10753 4 8 3 83 954 10 3 14808 71 26 3868 39386 5
5583 4 46 162 19756 4008 8 954 76 67 3351 7 5342 538 9 3093 5979 1506 5
35567 31 9490 8 11584 10 3 3298 2030 4 8 954 31 48044 10 9122 2030 5
66619 650 4440 10 9 10753 284 16 3439 24 18166 3 4926 76 3 9122 42101 2869 5
33962 522 5441 13 3 1273 8690 159944 284 25903 245676 65 699 10 9 10753 284 5
41381 791 8 3 1273 5018 31 177 4116 65 12430 8690 9122 543 2516 1443 13 27 3 5577 2419 825 6 3 593 159944 284 5
214 16 4 3 42101 650 12134 10 9 825 4230 21 3 76220 2981 10 4759 75785 7693 5
999 8690 42101 4 9122 543 2516 1443 71 581 9 8625 1070 14 1481 5