473 3 337 7 4935 8 2108 4 3 68 2106 855 1715 27 9 7039 2571 9980 5
12502 4 3 17087 668 86 34 3250 3 521 1715 5
273 3 668 10 3 855 992 16 3 10030 7 68 2106 1715 4 3847 3 7039 668 86 26 7947 24 46254 3 1570 330576 5
17 1570 7952 6 128 10 2501 19 3 5426 872 5
999 13 9 2586 25 57 38105 6 50 5426 30864 71 26 3455 4 8 3 3192 3181 992 86 2093 384 61 3 2126 5
66 16 523 25 3 1510 668 9674 1496 4 47 97 1384 3 391 220973 2981 7 3 855 992 5
21074 6 3 3695 996 4 80 1254 3 151892 35 23333 12021 101627 33 5018 6 7367 3 24651 2126 4 22565 3 6951 1964 5018 6 384 3 5426 872 14 290 38105 5
238 3 220973 2981 2571 4 3 1273 35 65179 23333 12021 101627 33 86 132 3 11388 30864 384 61 3 84 5426 872 8 3 1406 2126 285572 5
17 97 4219 3 11388 30864 8 2126 21 3 7039 993 11142 4 125 3 1510 7039 668 9674 4309 236 6 1012 55 8 11840 3 2126 54 3 151438 2571 4 106 3 3988 4309 31 543 15 3 391 220973 2981 5
12502 4 3 29 9 798 470 58 3 1510 4309 5
10526 4 3 1101 15 3 1570 4 10104 6 3 50675 8116 6684 4 133 21 5146 66413 8 6321 8116 5
214 16 3 2826 7 3 7732 1442 5
17 68 2106 855 1715 31 12911 4 8 3 6662 8 32161 31 3827 2571 4 995 11851 6 3 6942 7 855 992 5
9601 3 267 7 855 992 1265 4 87 4447 117 84 2809 1481 8 8491 1481 4 8 3 3898 7 1481 1230 6 26 7039 4 133 21 3 5358 7 84 20325 8 3 83663 7 551 20325 5
13320 4 10613 4 8 33620 35 590 33 1254 108 1496 6 24457 3 6942 7 855 992 5
81 3 85929 650 4 3 1481 10 855 992 31 6401 76 108 600 53 15238 4 295408 8 5
17 15238 1481 1611 3 992 61 7 13732 49 22 3 12054 7 9 1232 4 44 299 4679 10 120 964 1534 5
31 2274 10 26252 32 22554 668 76 32 695 855 992 4 8 6724 7767 40 872 6 3789 5
255621 31 556 3587 10 3 561 7 3 695 855 992 4 8 6724 6143 792 6 83 320 5
19850 7039 855 992 6294 4 133 21 23613 8 2739 278 8944 4 71 26 17229 24 13999 3 8087 85612 5
12502 4 3 601 15 3 6942 7 855 2642 16 3 5238 738 15 855 8116 4 146 601 15 668 12713 35 323 270677 4 109 4 270677 4 323 4 109 4 42289 4 323 4 6833 33 4 668 21672 35 323 270677 4 109 12283 32330 4 109 46727 4 622 4 23222 4 323 3454 4 7560 33 8 7039 20260 35 4 4 4 323 4 109 4 4 4 323 4 33 29 45 1273 5
931 4309 8612 3 668 6942 10 970 7 3 2126 10887 4 133 21 916 4 17140 4 3447 4 2714 8 11948 5
13751 19 3 1806 4309 4 80 27 1109 3 508 67 8808 5
349 57 881 4 236 6 3489 3 7947 2126 27 9 568 46204 35 9 568 195512 33 5
349 3 83 881 4 236 6 3489 3 2126 27 9 7039 61338 6 293 19 3 7039 993 5
273 13 4 80 1273 3 6 293 19 3 67 544 996 5
1563 689 4117 10 46 1381 71 26 43628 21 3 508 53 35 249 33 17 1273 151892 19491 3 6951 1964 21 3 325 220973 1566 15826 5018 4 6 384 61 3 5426 872 14 3 1570 5
999 47 4 3 391 992 86 26 25033 76 3 3181 992 4 97 4623 3 5426 3898 5
17 8249 7 3 30864 31 3 668 67818 8249 5
999 47 4 3 391 992 86 26 30209 76 3 24651 2126 5
17 650 97 7301 15 3 1570 4 5226 7 3 391 220973 2981 4 47 86 1128 3 1812 7 3 668 9674 5
35 341 33 17 16 1254 543 15 3 151892 5
17 97 4219 3 5426 872 7 3 30864 11388 24 3 7039 993 5
21669 4 3 11388 2126 86 26 5210 285572 4 24 6031 49 6375 3 11388 30864 5
13751 19 3 1510 7039 668 9674 4309 8951 6 1012 55 8 11840 3 2126 54 3 7039 993 4 3 33855 11141 7 3 2126 29 9 146 798 470 5
35 459 33 17 1273 151892 8 7367 3 67818 8249 7 3 30864 24 15826 3 325 220973 1566 5
12502 4 3 4740 15 3 1570 29 9 50675 8116 4230 4 47 86 26 3677 76 3 3201 8116 1566 5
10526 4 3 26966 7 31 3 508 53 35 249 33 17 29 215 146 9796 19393 4 133 21 3 12540 10291 2106 4 3 3235 2528 1092 24880 4 3 24651 8515 18398 4 3 8121 969 8515 16054 4 8 86 34 384 61 3 5050 2770 14 3 19393 5
214 51 321 6 3 13092 522 5
35 341 33 17 6951 1964 5018 220 24 16 62736 6951 650 4 18830 3 2528 340 34 1384 3 969 7 992 10777 15 3 26054 4 22 290 2528 1092 4 133 21 3 2059 4 15183 4 27647 5
7525 4 7039 668 9674 4309 71 26 6401 76 179 5835 53 7039 67818 4 6905 4859 27708 4 3890 38105 35 668 33 9674 4 7039 13300 17241 5
35 249 33 37515 67818 4309 5
931 4309 31 2638 543 15 3 29111 35 54480 382241 33 1273 24 48845 4 13320 4 8 33620 35 502 33 4 2045 3 89 15315 21 67818 5907 1513 4 5775 17241 3 38105 3201 10 89 15315 9575 8 9575 249 5
18370 4 10558 4 17555 4 94486 4 8 36798 35 359 33 1273 3 35 83859 48323 11083 33 8 35 83859 48323 29748 33 4309 543 15 29111 4 114 3 5983 15 3 10753 15183 8 133947 15 3 38105 27647 10 3 216 10753 5
14879 1273 3 35 14879 4 18370 4 20928 4 140073 4 323 36798 4 274 33 5018 543 15 29111 4 47 2203 3 15315 470 4859 232 6 3 668 3201 10 89 15315 224603 2552 1273 3 35 77250 8 168511 543 54480 382241 33 35 2552 323 10583 4 280 33 3096 3 4 47 253 76 1250 7 3 30046 7 15 8951 6 64310 3 221 7 2126 8 34 110 805 6 337 23 5
35 341 33 84812 4859 27708 4309 5
931 4309 1221 3 668 6942 24 3 2981 893 4 3 650 7 47 16 7737 24 3 27708 7 668 15183 4859 49 195512 5
446934 4 37056 4 4 8 68185 35 274 33 3677 3 78468 10192 35 911 33 76 3 7039 668 9674 4 47 16 3 3109 7 325 48480 8 52301 67818 5
59287 4 108652 4 8 5377 35 280 33 1282 3 82615 35 118561 41515 10 109982 9861 33 4 47 4723 3 17208 195512 48480 5018 4 76340 3 992 76 307 3890 2126 5
20492 1273 3 35 65179 16268 215394 4311 71674 33 35 20492 4 59287 4 4 323 5377 4 109 20492 4 59287 4 108652 4 323 5377 4 33 8 45857 35 15383 4311 105587 33 4309 5
931 67 4309 1254 179 13999 1496 2190 6 3 179 7039 993 35 38105 1463 4 38105 50654 4 2662 1463 4 2662 50654 33 4 8 2069 3 668 15183 4859 8 195512 3995 4 1749 14 3 7039 668 9674 5
30412 4 6794 4 8 10141 35 7560 33 1273 3 35 54480 4311 71674 6961 33 7412 22 16036 7039 668 9674 5
81 3 650 7 4 21 3 7039 993 15778 4 3 76783 7 11831 2126 16 1804 21 3 38020 15 668 18831 421 5
35 459 33 7763 38105 35 668 33 9674 4309 5
931 4309 25851 3 13999 650 2151 21672 3 3890 30864 49 2126 5
10141 4 6794 4 6794 4 8 17555 35 280 33 1273 3 74883 35 78804 421977 62708 33 4 47 2203 3 27647 14555 538 3 221 7 1029 4338 8 3 5595 5
95554 4 6793 4 22926 4 8 20986 35 280 33 1282 3 5954 182 4 47 220 3 4195 13300 40056 6 3434 3 16301 14555 148 30864 4 8 1273 3 132170 1506 6 8612 3 325 668 30251 5
12283 3462 5
35 280 33 1415 3 27647 7 2126 148 3 9545 89 28172 4 8 11831 3 2126 19 9 272 27647 5
7744 4 2850 4 22926 4 21024 4 8 35 590 33 1273 3 3890 543 668 6942 21672 5018 4 47 115 32 3490 15 3 7947 2126 6 384 61 3 3449 2126 5
355 3 992 2981 16790 4 23 97 10509 3 3449 2126 4 24 47 3 9901 400 71 26 1842 5
12283 3462 5
35 4 33 594 32 6942 15826 5018 2190 6 3 30864 4 47 31875 3 137214 1506 8 969 1506 6 4517 3 3449 30864 8 3890 30864 5
95554 4 6793 4 6793 4 8 20986 35 2560 33 594 32 17208 11856 32110 668 13999 5018 22565 3 7039 18298 534 7 94084 3472 5
9413 8 18150 35 6833 33 1273 3 79851 35 4311 19346 8 35513 33 1506 4 47 7947 3 3424 668 35 13563 32110 668 33 21 3 3890 668 5
355 3 7039 993 15778 4 3 79851 97 3353 3 1768 3424 668 6 1128 3 668 9674 470 5
35 503 33 37515 13300 17241 4309 5
931 4309 4753 3 668 23033 10 290 89 15315 21 3 5036 7 35855 668 3201 4 8 3434 3 13300 1506 6 5004 3 5036 19 35855 668 5
96592 8 3651 35 744 33 3322 3 54861 5018 6 13014 3 13300 7488 148 30864 4 153 25810 13300 7488 148 30864 8 2126 10 290 89 15315 6 13014 3 175314 1506 148 30864 8 35855 2126 5
3454 4 4 261482 4 8 15152 35 359 33 1273 3 113955 35 27300 236282 15060 33 47 26119 3 30864 10 290 89 15315 4 21025 3 175314 1506 148 30864 10 3 9545 89 15315 4 3847 3 35855 2126 71 26 7947 24 66891 5018 5
81 1243 6 3 996 4309 4 3454 12283 3462 5
35 359 33 1273 3 5018 4 10309 3 35821 27708 5
4 17052 4 8 140361 35 359 33 10778 3 6942 17241 76 29540 39069 565 35 171239 33 4 8 9168 3 1936 4859 14 3 30864 1406 40 2126 5
1563 162 16 3581 24 3 33855 13999 534 7 8 45857 5
134 2638 2164 3 9063 7 33855 13999 534 19 325 668 9674 105 5
238 3 7039 993 15778 4 7900 30864 285572 337 40 67818 8249 6 4219 3 2126 5
13751 19 3 42211 10 308 341 85 4 133 21 3 35 105336 323 4 7782 33 4 125205 35 51452 4 33761 4 323 7277 4 9770 33 4 8 7039 195512 5018 35 4 4 323 220395 4 7782 33 4 3 5148 7 46 1381 16 13 80 19491 3 67 3333 7 3 6951 1964 4 4623 3 1923 4590 8 3 13571 650 4740 15 3 38105 4 6 3434 3 50675 33855 5018 14 3 7039 668 9674 5
17 6652 7 151892 17 2126 31 3 7386 7 30864 4 8 3 22727 7 668 29 32 18317 4859 15 290 38105 10 47 5
35692 4 3 7566 8 6942 7 2126 71 26 381 21 2126 18317 3 30864 5
58383 4 23 71 26 381 21 3 30864 6098 9 3656 668 5
12502 4 3 668 9674 738 6 1384 3 508 67 667 53 249 33 3 22727 7 668 6 290 2634 38105 109 341 33 3 9980 7 30864 6 2401 9 5426 2621 5
17 104296 220 6 3 151892 31 508 53 5828 16 3 855 992 4 195827 16 3 38105 4114 4 16 3 3181 2205 25 195827 6 4 483275 2464 3 668 4114 4 53618 16 3 2621 2137 7 195827 5
17 992 20739 24 668 35353 8 50624 16 1595 10 98586 249 4 114 10693 8 29574 31 3 1090 30864 7 35353 8 50624 5
98586 249 5
17 23333 1964 946 7 70797 13 3 26054 2690 3 29574 1537 3 179 8249 122075 4 341 4 122075 4 459 4 122075 4 700 8 122075 4 704 22 6951 4 153 119 6 29574 25 3 120145 4 249 4 147442 4 249 8 236478 4 249 51 27 9 568 10291 58 4 249 496 708 1092 5
238 9 1033 13 3 38105 29574 8 40347 4 101854 4 17549 7857 6 3 216 668 35353 4 3847 3 2177 25 40347 4 101854 8 17549 6 29574 16 568 58 10693 5
66 14359 13 4 65 3 26054 5643 76 668 35353 137 122075 4 341 4 122075 4 459 8 122075 4 700 4 23 16 34 1369 6 1964 61 3 668 4 8 1797 22206 23 16 34 1369 6 462 6 29574 65 3 26054 5643 76 50624 137 122075 4 704 5
66 71 26 424 25 3 2376 53 249 33 3 462 10291 7 19889 11955 25 195827 4784 3 220973 1566 7 195827 5
214 770 13 4 92 3 668 7 195827 29 9 48 9824 220973 1566 4 3 462 10291 7 19889 11955 25 195827 36 26 568 5
341 33 3 462 10291 7 19889 11955 25 195827 137 4784 3 3238 7 6 195827 5
214 770 13 4 92 3 16 48 533 6 195827 58 120 83 2621 4 3 10291 7 19889 119 25 51 26 3 1391 5
134 3322 3 3695 996 6 1506 3 22727 7 325 2126 8 3 67818 9980 7 30864 4 8669 3 23333 12021 101627 35 151892 33 5018 6 7367 3 17087 2126 5
17 4644 7 151892 71 26 962 21 3 508 53 35 249 33 17 26054 15231 25 195827 6098 3 6793 4 72539 21 3 2586 14 2106 400 6951 2528 19 3 3235 2528 1092 12628 3 462 10291 47642 4 72539 35 53618 33 8 3 391 1951 3082 7 195827 5
17 47642 4 72539 2464 3 10291 7 3 26054 462 6 195827 137 3 2662 4 4114 4 8 3 215603 4 11856 2464 3 10291 7 2674 3 38105 31725 154 3 2106 400 6951 2528 5
35 341 33 132080 3 67818 2586 7 195827 4 133 21 28782 35 195827 33 3364 3 31725 16 3 67818 2586 7 195827 4 232 6 47642 4 72539 4 114 35 47642 4 11856 4 31725 53618 33 5
35 459 33 132080 3 67818 20400 7 70 3 30864 4 232 6 249 33 8 341 33 4 6 4498 3 67818 8249 5
35 503 33 17 18679 71 26 3455 24 3 67818 8249 4 8 3 18679 31 3 7947 2126 5
273 3 151892 1929 290 38105 97 57 67818 2586 4 995 828 6 3 837 668 14 290 38105 5
81 678 6 7367 3 24651 30864 297 3 2126 4 23 16 666 6 23335 2489 8249 6 3 30864 4 3847 3 30864 7880 6 2489 2126 71 26 381 21 24651 30864 5
273 3 195827 4 3 8249 31 180927 35 195827 33 3082 114 35 47642 4 11856 4 31725 53618 33 8 18398 16 3 24651 8515 5
98586 341 14103 3 2069 151892 19 4 4 10 47 3 26867 3001 3 67818 8249 4 133 21 180927 35 29574 33 3082 58508 40347 4 70859 56012 4 180927 35 101854 33 5
98586 341 5
17 19798 7 3 2069 151892 5
17 19393 2376 134 19491 3 9345 542 6 12262 3 19393 7 151892 5
81 3 5867 628 6681 4 80 25810 3 472730 21241 35 33 6 3855 3 100402 5
17 19393 7 472730 21241 17244 7 4 2923 4 4 4 4 15 4 173474 4 50608 4 114 2464 3 221 7 30864 4 2923 8 3001 3 596 2463 8 3235 2463 7 30864 4 8 3001 3 221 7 30864 10 3 8855 8 603 668 4 15 2464 3 24651 30864 4 173474 2464 3 221 7 2126 3 24651 30864 7880 6 4 50608 16 3 12221 85612 3364 3 2177 7 9 38105 7796 6 3 83 2126 4 14 50608 6117 5853 3 668 1621 34392 5
17 9345 4644 7 3 19393 10 151892 16 21 3177 5
81 192 8365 4 3 203732 35 229284 4 4 24455 4 323 13334 4 744 33 16 220 21 3 14555 6 8612 3 3961 7 290 96734 5
35 249 33 17 12540 10291 2106 2376 17 9345 3644 16 6 384 61 3 19547 12540 10291 5
8616 80 19491 3 221 7 30864 8 3 3235 2528 1092 24880 21 3 29132 4 15826 3 1951 7 91 15 12540 10291 139815 81 3 100402 6681 4 550 93927 31 4209 24 472730 21241 19 3 19393 35 58508 11226 4 39970 4 242 4 18499 56012 4 58508 503 4 500 4 183 56012 4 58508 697 4 630 4 1227 56012 4 58508 409 4 302 4 1814 56012 4 58508 575 4 2715 4 7555 56012 4 58508 1614 4 1818 4 6327 56012 4 58508 500 4 708 4 407 56012 4 33 4 114 290 100402 4623 302 9345 2642 5
32433 61 3 23333 19461 15 3 550 93927 4 8 410 3 12540 10291 2106 65 70 3 462 10291 1487 3449 5
355 3 7168 128 3449 4 66 16 770 3 2106 400 2528 16 4783 14 290 38105 4 18830 3 19547 2528 400 16 2106 14 3 992 7002 17 7 12540 10291 16 1595 10 98586 459 4 114 290 2031 2464 3 3201 164 7 302 2642 14 290 221 7 30864 5
66 71 26 424 25 98586 459 4 14 3 221 7 30864 11102 2667 4 3 2106 16 1723 19 1723 3 4 125 14 6117 2667 4 3 2106 1487 23462 5
17 1033 16 13 3 6951 2528 16 1768 24 3 325 668 2430 5
17 642 7 6951 2528 6 26 396 65 3 221 7 30864 110 396 35 287 58 2667 33 4 557 6 3 12540 10291 2106 587 396 5
355 3 221 7 30864 16 528 35 1978 58 2667 33 4 3 6951 2528 642 6599 6 3 4416 2123 5
81 13 267 4 3 76783 7 3 29 9 287 1951 15 139815 999 3 4631 7 3 3235 2528 1092 24880 1595 10 98586 459 4 3 2106 16 1723 19 1723 3 17 1033 524 16 13 3 3235 2528 1092 6620 3 23333 19461 2785 5
208 3 24880 16 2185 4 3 2785 16 48 1812 8 3 462 10291 16 48 841 6 128 26518 5
98586 459 5
17 3201 7 12540 10291 1210 6 3 3695 7 288 3964 7 8960 35 10192 4 194212 4 323 16678 4 1278 33 4 3 23348 7 668 16 287 58 108 4 3475 4 3 3656 871 7 24880 16 67 400 3 23348 4 13563 24880 988 6 288 5
999 3 9345 2376 4 14 2106 6117 577 3 462 10291 1487 26518 5
35 341 33 17 3235 2528 1092 24880 2376 17 9345 3644 16 6 384 61 3 3235 2528 1092 5
134 19491 28825 3 5514 7 596 2463 6 3235 2463 21 3 8466 14555 7 992 30251 4 6 12262 3 1951 7 30251 15 273 3 30251 4784 3 15183 7 992 4 3 5867 86 24457 3 1951 7 992 2981 15 81 46 5867 4 179 93927 19 3 221 7 30864 1515 4 53061 4 7766 4 3963 31 4209 24 472730 21241 19 3 19393 35 58508 1515 4 53061 4 7766 4 3963 56012 4 98236 4 3082 58508 306 4 716 4 56012 4 58508 302 4 306 4 716 4 575 56012 4 58508 2970 4 1614 4 11327 4 6332 56012 4 58508 1614 4 11327 4 6332 4 2536 56012 4 58508 459 4 500 4 56012 4 33 5
3194 100402 16 6564 76 716 3248 19 35 6909 33264 4 33264 34374 4 55178 10355 33 4 8 3855 183 2642 22 6951 10 290 642 4 13563 290 93927 14484 7 716 98236 183 2642 5
81 3 650 7 3 5867 4 1626 61 3 151892 15 3 179 93927 4 8 410 3 10291 3201 7 28825 111 24880 14 203732 6117 8642 35 3 8121 522 33 5
17 3644 7 46 5867 16 6 2376 3 1951 7 992 2981 15 3 3235 2528 1092 24880 4 5226 3 24651 8515 18398 4 3847 3 9796 7 151892 16 4 5
98586 503 842 3 773 7 151892 14 58508 459 4 503 4 500 4 708 56012 19 1678 992 30251 4 114 3 24128 10291 642 86 3250 3 1783 871 7 28825 5
980 1056 10 98586 503 71 26 3455 21 3177 53 35 9 33 355 3 221 7 30864 16 523 4 3 10291 7 3235 2528 1092 14 58508 459 4 503 4 500 4 708 56012 16 988 6 290 83 4 18830 13 3 221 7 30864 29 9 287 1951 15 35 8862 33 355 3 221 7 30864 16 216 4 3 10291 7 24880 29 3 1322 35 33 11102 35 33 11102 35 58508 500 4 708 56012 33 4 18830 3 151892 29 3 1391 11040 14 58508 500 4 708 56012 5
35 8258 33 1655 3 1308 3201 4 3 151892 16 6943 6 3 992 2981 19 28825 58508 7257 8642 56012 5
35 5547 33 355 3 992 2981 29 9 272 30251 4 3 24880 16 6 26 528 5
98586 503 5
17 10291 3201 7 28825 111 24880 14 203732 6117 8642 15 503 93927 5
35 459 33 17 24651 8515 18398 2376 17 9345 3644 16 6 384 61 3 8121 24651 8515 216890 134 1626 61 3 151892 15 3 216 2642 8 4498 3 2770 7 203732 14 18398 58508 6494 10355 56012 4 6 2376 3 1102 7 24651 8515 18398 6 151892 5
81 46 5867 4 179 93927 19 3 221 7 30864 1515 4 53061 4 7766 4 3963 31 4209 24 472730 21241 19 3 19393 35 58508 1515 4 53061 4 7766 4 3963 56012 4 58508 409 4 302 4 605 4 306 56012 4 58508 306 4 716 4 56012 4 58508 302 4 306 4 716 4 575 56012 4 58508 2970 4 1614 4 11327 4 6332 56012 4 58508 1614 4 11327 4 6332 4 2536 56012 4 58508 459 4 500 4 56012 4 33 4 290 93927 14484 7 218 2642 5
81 3 650 7 3 5867 4 1626 61 3 151892 15 3 503 93927 4 4229 3 871 7 203732 14 290 216890 1210 6 3 12540 10291 2106 2376 8 3 3235 2528 1092 24880 2376 4 3 19393 7 151892 31 4 10 46 5867 5
98586 500 842 3 4695 7 203732 111 18398 4 114 3 642 19 3 272 203732 86 3250 3 1783 871 7 216890 17 508 71 26 424 25 98586 500 5
35 9 33 17 221 7 30864 29 312 1102 15 216890 35 8862 33 17 19547 12634 7 24651 8515 18398 16 35 6494 4 40904 33 5
35 8258 33 273 18398 6117 20130 4 3 203732 16 17073 19 1723 3 18398 4 19 3 1033 13 3 67818 8249 16 1723 19 1723 3 18398 8 3 2430 7 7947 2126 587 1978 8 120518 5
98586 500 5
28333 7 203732 111 24651 8515 81 10028 4 3 19393 7 151892 16 230 6 26 13 4 3 12540 10291 4 3 3235 2528 1092 4 3 24651 8515 5
17 151892 16 9 17087 668 9674 5018 4 47 71 26 381 21 9 2370 6684 7 3 7039 668 9674 5
6297 15 3 151892 4 80 1273 3 35 65179 23333 12021 101627 33 5018 6 293 19 3 7039 668 9674 4 10 3 508 2124 5
17 10915 3 7947 2126 24 151892 21 3 1494 2126 5
81 3 7039 855 992 4 3 7039 993 3576 38105 1463 715 4 38105 6375 715 4 2662 1463 715 8 2662 6375 715 5
17 1273 32629 3 33855 11141 534 6 293 19 3 179 7039 993 6 2769 3 7039 668 9674 5
81 46 2124 80 371 3 1056 15 8 2376 3 96734 7 47 5
17 6652 7 17 5131 7 151892 16 13 4 65 3 7039 993 4722 4 1626 61 3 151892 6 3383 19 3 11388 30864 4 2571 3 67818 8249 7 47 4 6 8743 3 11388 668 5
17 4644 7 3 71 26 962 21 3177 53 35 249 33 79131 3 35 2865 65179 152767 33 5
35 341 33 7651 9 4398 14 3 2273 7039 993 4 38105 1463 715 205325 459 33 4 38105 50654 715 205325 503 33 4 2662 1463 715 205325 500 33 4 2662 50654 715 205325 708 33 5
35 459 33 273 3 38105 1463 715 4 1753 3 304 38105 195827 8 255 70 7 50 4338 53618 76 5
35 503 33 273 3 38105 50654 715 4 1753 3 2207 38105 195827 8 255 70 7 50 4338 53618 76 5
35 500 33 273 3 2662 1463 715 4 1753 3 304 2662 6793 4 72539 4 195827 8 255 35 3 7 6793 4 72539 33 76 5
35 708 33 273 3 2662 1463 715 4 1753 3 2207 2662 6793 4 72539 4 195827 8 255 35 3 7 6793 4 72539 33 76 5
35 700 33 208 3 16 3435 4 786 183 33 4 1248 786 704 33 5
35 704 33 13088 3 74 5606 7 21 3 8416 38105 7 151892 4 1770 61 3 151892 8 17444 3 180927 35 33 8 35 9575 33 5
35 782 33 10618 76 3 9600 7 4 2821 3 25 8 462 6 704 33 285 16 3435 4 114 16054 16 3 969 8515 5
35 183 33 48323 3 30864 19 3 84 8249 5
17 6589 7 704 33 8 782 33 31 3 33855 67818 6589 14 3 38105 11388 24 3 7039 993 5
17 97 293 19 3 11388 30864 4 21 3 7039 993 15778 4 1262 3 391 13571 5
999 47 4 3 13571 470 11071 26 5668 5
98586 708 16 3 665 7 15 98586 341 4 14 3 179 7039 993 35 8940 350058 4 7164 70859 4 8940 122075 4 503 4 7164 236478 4 704 33 4 8 3 650 7 47 16 858 10 3 20498 249 5
98586 708 5
17 650 7 14 179 7039 993 15 3 992 10 98586 341 5
20498 249 5
17 650 7 14 179 7039 993 5
37515 993 13379 8940 350058 29574 4 40347 4 70859 4 100243 4 17549 4 85106 4 350058 58508 29574 4 40347 4 101854 4 67299 4 70859 56012 58508 29574 4 100243 4 85106 4 350058 56012 58508 17549 4 10693 4 273721 4 85106 56012 7164 70859 29574 4 40347 4 101854 4 67299 4 100243 4 350058 58508 40347 4 101854 4 67299 56012 58508 29574 4 100243 4 17549 4 10693 4 273721 4 85106 4 350058 56012 8940 122075 4 503 29574 4 40347 4 101854 4 67299 4 350058 58508 29574 4 40347 4 101854 4 67299 56012 58508 29574 4 100243 4 17549 4 10693 4 273721 4 85106 4 350058 56012 7164 236478 4 704 100243 4 17549 4 10693 4 273721 4 85106 58508 29574 4 40347 4 101854 4 67299 56012 58508 29574 4 100243 4 17549 4 85106 4 350058 56012 58508 17549 4 10693 4 273721 56012 10548 5
17 96734 2376 14 17 9345 3644 16 6 384 61 3 8121 969 8515 141233 134 1626 61 3 19 179 7039 993 8 12262 3 12634 7 203732 14 16054 58508 500 1596 56012 4 6 4498 3 1783 12634 7 141233 1210 6 3 2376 7 12540 10291 2106 4 65 3 221 7 30864 16 1978 58 2667 4 3 12540 10291 2106 29 312 1102 15 3 8 3 151892 1487 3449 5
12502 4 80 19491 3 472730 21241 7470 9 100402 19 2667 30864 4 3 19393 31 35 4 605 4 4 4 4 4 708 4 33 4 125 3 19393 7 31 35 4 4 33 5
81 3 9345 650 4 410 3 203732 7 179 7039 993 19 1678 16054 4 114 290 7039 715 1303 61 183 400 15 5
10526 4 6 10792 3 9892 4 290 7039 715 4286 1410 3893 4 133 21 1753 1410 30864 10 38105 1463 715 5
134 231 3 104221 35 32867 4 24087 4 37750 4 323 5707 4 280 33 6 8612 3 7947 2126 6 1970 3 203732 543 522 5
17 104221 3201 7 183 400 8365 7 3 179 7039 993 16 1595 10 98586 700 4 125 98586 704 842 3 7 3 179 7039 993 5
66 71 26 381 25 98586 700 4 3 969 8515 16 1723 19 17073 3 104221 4 8 3 4695 7 3 179 7039 993 31 825 6 290 83 5
238 3 1033 13 4 21 3 16054 1723 4 3 30864 666 6 26 5210 128 287 4 557 6 3 9674 587 11266 5
1655 98586 704 4 65 3 16054 474 4 3 5514 7 41449 30864 1487 7832 4 18830 3 30864 666 6 26 5210 128 287 4 30435 3 665 10 98586 700 5
98586 700 5
17 3201 7 104221 14 3 179 7039 993 5
98586 704 5
17 3201 7 11388 1079 14 3 179 7039 993 5
81 10028 4 65 3 969 8515 16054 16 396 4 3 9674 8958 8 46333 10119 31 189 272 5
659 774 123 3 8958 8 10119 4 80 5339 183 21 3 4203 871 7 141233 6077 4 3 8121 19393 7 71 26 197 21 4 4 4 5
81 46 9345 542 4 80 2401 45857 4 8 82615 4 108 33855 668 9674 4309 4 21 3 2906 31660 4 22565 3 472730 21241 21 3 151438 7470 5018 4 6 132 9 4631 15 3 11141 3241 4 17087 8 3 7039 773 5
17 4209 100402 16 19 2667 30864 4 3 472730 21241 19393 31 35 4 605 4 4 4 4 4 708 4 33 5
134 59 1746 583 7039 715 1496 21 3177 53 35 249 33 87240 1463 715 249 5
13088 3 30864 7880 6 3 216 668 5
20935 3 304 38105 19 3 3467 4338 5
35 341 33 87240 50654 715 249 5
23570 3 30864 446 4338 7880 6 2489 2126 5
35 459 33 20935 1463 715 249 5
13088 3 67 30864 10 3 216 668 21 3 4 8 2662 3 67 30864 5
35 503 33 20935 50654 715 249 5
23570 3 2662 446 67 7880 6 523 2126 5
35 500 33 87240 1463 715 341 5
13088 3 30864 7880 6 2489 2126 21 3 4338 7 3 304 38105 5
20935 3 304 38105 19 3 3467 4338 5
35 708 33 87240 50654 715 341 5
23570 3 38105 446 4338 31 70 10 3 216 668 5
35 700 33 20935 1463 715 341 5
13088 3 67 30864 7880 6 523 2126 21 3 7 3 304 2662 4 8 2662 3 67 30864 5
35 704 33 20935 50654 715 341 5
23570 3 2662 19 3 67 7880 6 3 216 2126 5
273 3 583 7039 993 4 249 33 95252 33 51 321 6 3 8466 2000 7 3 2126 343 3229 4 125 500 33 107198 33 343 22190 5
17 4631 15 11141 3241 659 6786 3 11141 773 4 80 19491 3 583 1496 6 24457 3 7039 993 4 8 410 3 124967 8 104221 7 179 4309 14484 7 45857 4 4 82615 8 22 290 89 15315 5
81 46 9345 542 4 80 1626 61 3 179 4309 15 290 534 4 10 4120 583 8365 5
3194 5867 4286 183 89 28172 4 8 290 89 15315 4286 3 216 1410 7039 993 25 97 57 534 5
273 3 2673 7 97 57 534 36 321 6 3 1723 35 49 17073 33 15 203732 8 104221 4 3 11141 3241 7 179 4309 71 26 6453 24 3 4695 7 203732 8 104221 5
17 2826 7 124967 15 290 534 16 1595 98586 782 4 114 3 203732 7 45857 4 8 82615 7952 6 26518 21 3 89 15315 1723 4 18830 13 3 108 4309 27 9 2366 773 15 2957 19 3 7039 993 5
17 45857 4 8 82615 343 10451 4 658 4 333 5
98586 183 842 3 4631 7 179 4309 15 104221 4 2640 3 4774 7 98586 782 5
12502 4 3 29 3 333 11141 3241 5
98586 782 5
17 4631 7 179 4309 15 203732 5
98586 183 5
17 4631 7 179 4309 15 104221 5
17 4631 15 17087 773 81 678 6 12262 3 1884 148 7039 8 17087 668 9674 4309 4 80 3358 3 583 534 76 3 5
81 290 89 15315 4 80 5339 1992 7039 993 25 3 583 534 22 6951 5
273 3 17087 5018 4 3 151438 54 3 7039 993 13896 10 290 89 15315 16 1804 21 3 992 2981 4 153 1626 61 3 3890 17087 668 9674 4309 4 133 21 120865 4 78642 8 5
273 3 17087 668 9674 4309 112 34 1384 3 7039 993 4 3 522 7 47 31 48 8958 58 7039 668 9674 4309 5
12502 4 3 522 7 17087 668 9674 4309 71 26 25810 21 3 6680 14 3 7039 4309 5
98586 407 842 3 6474 871 7 3 1884 148 203732 8 104221 14 3 7039 668 9674 4309 35 4 4 82615 4 45857 33 8 3 17087 668 9674 4309 35 120865 4 78642 4 33 5
17 1884 86 3250 3 3241 7 3 7039 668 9674 4309 5
66 71 26 381 25 98586 407 13 27 9 3449 6474 871 7 3 1884 4 125 3 6474 2770 7 4 82615 8 45857 31 1723 19 1723 3 89 15315 5
214 75345 3 3241 7 16 333 58 7 4 82615 8 45857 4 2640 3 4774 7 3 4631 15 11141 3241 5
98586 407 5
17 6474 871 7 3 1884 7 104221 8 203732 148 17087 8 7039 668 9674 4309 5
17 4631 15 7039 773 4749 3 17087 668 9674 4309 4 3 7039 668 9674 4309 236 6 1384 15 3 11388 325 2126 21 3 7039 993 15778 4 3475 4 3 33855 650 51 321 6 3 9124 15 3 668 11141 5
81 46 9345 542 4 80 24457 179 5066 7 668 6942 4 133 21 916 4 2714 4 11948 8 3447 4 6 12262 3 33855 8958 8 3241 7 7039 668 9674 4309 15 3 179 125722 5
17 179 5066 7 668 125722 31 962 21 3177 53 35 249 33 6349 5
168335 15441 2126 22565 3 583 1496 15 5
35 341 33 41627 5
13088 15441 2126 15 8 2714 91 76 12776 2126 22565 3 583 1496 5
35 459 33 101590 5
13088 15441 2126 15 8 11948 91 76 2126 22565 3 583 1496 5
35 503 33 54086 5
13088 15441 2126 15 8 336 3 583 1496 11226 400 15 3 30864 34 7880 6 3 15441 2126 5
134 19491 3 4007 9674 489 7 4 4 82615 8 45857 15 3 179 125722 6 12262 3 7039 773 4 47 16 3 489 7 3 221 7 4007 7947 30864 6 3 221 7 30864 1411 3 992 5
98586 403 16 3 4007 489 449563 7 4 4 82615 8 45857 15 3 179 125722 4 114 3 4007 489 7 91 16 825 8 17073 19 1723 3 221 7 8736 2126 5
17 4007 489 7 2714 8 916 125722 31 272 10 4 14 45857 3 916 6942 4007 489 16 799 4 125 14 3 2714 6942 4007 489 16 799 5
98586 403 5
17 4007 489 449563 7 4 4 82615 8 45857 15 3 179 125722 5
134 1254 32 33855 5018 6 3764 3 7039 668 9674 565 5
145 5018 1141 3 9980 7 1570 4440 21 3 668 67818 2586 5
17 1273 151892 19491 3 23333 12021 21 3 325 220973 1566 15826 5018 4 6 384 61 3 5426 872 14 3 1570 5
999 47 4 3 391 992 86 26 4902 76 3 1906 3181 992 4 97 4623 3 5426 3898 5
17 8249 7 3 30864 31 3 668 67818 8249 5
999 47 4 3 391 992 86 26 30209 76 3 24651 2126 48 2093 5
17 16 1254 543 15 3 151892 5
17 97 4219 3 5426 872 7 3 30864 11388 24 3 7039 993 5
21669 4 3 11388 2126 86 26 5210 285572 4 24 6031 49 6375 3 11388 30864 5
17 9063 7 151892 8 31 13 4 3 650 97 7301 15 3 1570 4 5226 7 3 391 220973 2981 4 47 86 1128 3 1812 7 3 668 9674 5
13751 19 3 1510 7039 668 9674 4309 8951 6 1012 55 8 11840 3 2126 54 3 7039 993 4 3 33855 11141 7 3 2126 29 9 146 798 470 5
10526 4 3 26966 7 31 13 4 3 29 215 146 9796 19393 4 133 21 3 12540 10291 2106 4 3 3235 2528 1092 24880 4 3 24651 8515 18398 4 3 8121 969 8515 16054 4 8 86 34 384 61 3 5050 2770 14 3 19393 5
214 51 321 6 3 13092 522 5
157 3 6951 1964 5018 220 24 16 62736 6951 650 4 18830 3 2528 340 34 1384 3 969 7 992 10777 15 3 26054 4 22 290 2528 1092 4 133 21 3 2059 4 15183 4 27647 5
12502 4 3 601 15 3 4 2016 3 325 1566 4 16 3 454 162 7 46 1381 4 14 3099 4 2016 3 2059 4 15183 8 27647 7 3 30864 8 3151 4 22 290 2528 1092 5
157 3 20260 7 1570 4440 86 26 2262 76 3 51423 2376 642 5
214 770 13 3 51423 2038 86 26 351 21 3 4440 9980 7 3 1570 5
10526 4 3 50675 8116 4230 86 26 3677 76 3 3201 8116 1566 4 6 3764 3 8116 6570 67818 49 2485 13797 565 5