145 1381 6274 32 7732 32542 992 1217 14 27717 2634 15172 10 43018 7283 117724 15165 5
145 5018 2527 5036 7 12190 28473 64551 6 1018 9 421 5
9253 131804 32542 992 35 33 21 689 176 7 46 4942 6708 5018 16 25810 6 7367 2634 15172 5
17 2370 529396 16 5775 19 33770 7532 35 159463 33 6 13014 3 5
17 16 3559 24 2000 16277 25 3 12190 28473 42326 628 137 3 33770 7532 35 159463 33 5
659 5507 46 5018 10034 4 3 928 5536 14 3 529396 16 4209 24 128930 5
1249 3 20260 16 9 20558 650 4 12146 10 678 6 1128 3 221 7 110278 48015 56018 32542 992 35 33 16 220 6 2882 3 28473 64551 10777 7 117724 15165 163 1678 912 5
17 6708 773 7 3 1273 5018 16 24637 2151 9345 628 4 10978 25 9 503 7283 4 20695 9485 4 17648 65914 4 575 106554 4 575 246211 4 557671 43018 7283 117724 15165 5
55568 9674 7 5842 4081 29 918 10 308 85 25 4759 4538 6 49474 5309 35 43826 33 4538 35 55564 4 78 4 323 72830 4 274 109 4 359 109 6794 4 23235 4 32867 4 15669 4 323 19366 4 590 33 5
161185 543 4538 27 3 785 1653 72 4759 4309 10 2537 3096 3 8958 10 4942 9674 5
145 16 95 24 13607 7 3 644 13 439493 27 3 1175 7 103860 15987 4 8690 5447 8 2854 35 4 410616 4 323 90309 4 911 33 109 192 2000 132 91 19519 9760 14 1691 9 272 8958 10 4942 9674 163 9 1773 2726 7 523 1443 8 4942 912 5
17 43826 4538 27 117 9063 72 4759 4942 13752 4309 109 10 1243 995 333 773 4 192 4538 31 1906 6 2975 8 13655 4 8 71 26 115 33855 24 3 6582 7 84 628 49 317 35 4 359 33 5
43826 4538 31 107 110 1576 220 14 1215 3726 8 4942 9674 7 5842 4081 35 146188 4 4 323 6793 4 744 109 5014 323 1889 4 1095 33 5
1949 4 307 3174 27 2209 523 41154 543 15 3 10113 7 2516 1443 6 19372 7 326 1277 20754 4 51324 15172 8 964 993 19 131804 32542 992 35 4 4 4 323 4 744 109 158363 4 70176 4 323 95351 4 274 109 28410 4 3454 4 7914 4 323 3454 4 359 109 41910 4 4 323 537216 4 274 109 24067 4 4 12825 4 5393 4 323 12812 4 274 109 227930 4 232339 4 323 61281 4 359 109 12825 4 23907 4 15669 4 323 84213 4 274 109 12825 323 7914 4 280 109 7277 4 25784 4 323 19959 4 502 33 5
349 3 83 881 4 117724 14770 31 2370 8 964 3893 7 326 1443 8 40 1606 71 899 2091 1305 6 3 2953 4 23537 7 5842 1605 8 5984 292 637 5
16816 4 46 1381 5181 3 1746 8 7254 7 32 7732 32542 2642 543 4942 49082 14 43018 7283 117724 15165 5
17 5533 2527 70865 1625 4859 35 33 32542 2642 14 27717 2634 15172 10 43018 7283 117724 15165 5
145 49082 32629 12190 28473 42326 281150 7 3 4942 628 5
931 2770 31 7545 21 138135 5036 24 9 1254 628 18122 5
1301 3 23441 138135 5036 31 4566 6 9 2029 897 1416 35 5274 33 5
17 9632 628 54 5447 10 5274 16 5543 6 3 3559 439493 14 27717 2634 15172 5
17 2642 31 3559 19 628 163 9 2726 7 4942 912 8 220 14 4942 2737 5
9253 131804 32542 992 21 689 176 7 46 4942 6708 5018 16 25810 6 2258 2634 15172 5
17 2370 529396 16 5775 19 33770 7532 35 159463 33 6 13014 3 5
17 16 3559 24 2000 16277 25 3 12190 28473 42326 628 137 3 33770 7532 5
81 644 4 3 159463 5533 8 2370 131804 32542 992 31 2164 2875 6 13014 3 303777 5
659 5507 46 5018 10034 4 3 928 5536 14 3 16 4209 24 128930 5
1249 3 20260 16 9 20558 650 4 12146 10 678 6 1128 3 221 7 110278 48015 56018 32542 992 18 220 6 2882 3 28473 64551 10777 7 117724 15165 163 1678 912 5
17 1653 7 46 5018 16 3 282 3003 7 3 325 24024 35 12190 28473 42326 33 8 272 8958 7 9674 5
141156 1625 992 131804 32542 2642 35 529396 33 8 48015 56018 32542 992 35 33 7857 6 3 234 7 70865 1625 4859 32542 2642 35 33 35 87371 4 1515 33 5
31 9 843 7 70865 1625 992 6943 14 19372 544 125 31 9 843 7 70865 1625 992 13 16 477 220 14 4859 60029 35 87371 4 1515 33 5
529396 8 27 43989 53365 4 44 87 16 9 2370 9373 53 529396 132 19372 114 3 733 12911 16 17682 4 8417 132 56018 114 3 733 12911 16 11065 35 87371 4 1515 33 5
17 529396 8 6294 31 1595 10 98586 249 35 87371 4 1515 33 5
17 2981 7 2642 9286 7 179 10746 4 32 9796 9419 4 9 4438 9419 4 9 60816 9419 8 32 3354 9419 35 87371 4 1515 33 5
17 32542 2642 2981 35 87371 4 1515 33 98586 249 5
17 32542 2642 2981 35 87371 4 1515 33 5
35 9 33 529396 5
35 8862 33 5
17 9796 9419 23791 112 34 3030 120 66413 8 4028 8149 9796 2000 6 70 3 23791 10 3 4438 9419 5
17 4438 9419 16 1816 3797 6 3 9796 9419 5
145 9419 29 57 61279 14 290 5195 10 3 928 628 197 5
355 32 9796 16 2209 4 3 4438 9419 110458 14561 25 3 9796 60401 6 3 928 9796 83735 8 5708 9 60401 446 3893 4459 143 408 3 9796 16 6 9 928 9796 5
17 60816 9419 35 5195 9419 33 10 3 992 16 523 14 529396 8 2642 5
273 529396 2642 87 16 57 5195 61279 14 290 1427 5
17 3316 1427 7 290 928 267 16 7545 19 290 4438 61279 109 3 16036 871 663 61 7 9 4438 61279 16 5543 97 6 3 5195 61279 13 60091 6 3 4438 61279 2106 1427 5
81 644 46 9419 8085 4117 14 290 1427 7 29132 6 1657 21 50 1050 3354 9 60401 7 46025 5
244271 10 3 5195 9419 19491 100096 64431 6 2882 3 13300 15183 4859 14 19372 5
364 7 3 104 974 64431 16 201026 4859 121 23 5415 3 23462 7 3 32542 992 5
273 2642 4 87 31 67 23791 10 3 60816 9419 5
364 61279 16 3 42254 60816 1513 3 83 16 3 237725 60816 1513 5
17 42254 60816 1513 3859 671 3 2059 2770 663 25 329 7 3 4438 23791 5
17 237725 60816 1513 3859 671 3 2059 2770 27704 24 3 3316 871 14 329 4438 61279 5
17 421 9419 16 523 14 529396 8 2642 5
273 529396 2642 4 3 421 9419 16 9 1223 9419 5
75331 2589 4859 10 46 9419 7344 3 3235 7 192 46025 4 8 5708 9 249 14 13 1427 8 9 6494 14 3 83 3597 5
273 4 3 421 9419 17425 3 871 2816 10 3 237725 60816 1513 24 3 871 10 3 42254 60816 1513 8 32629 3 8867 21 3 36680 3316 871 35 87371 4 1515 33 5
17 2370 867 468 3 529396 16 9 1821 32542 992 7254 24 538 3 13300 15183 4859 35 27783 33 37582 8 120540 1264 14 5195 19372 5
17 37582 7 3 27783 14 1427 11856 16 35 87371 4 1515 33 35 249 33 114 16 3 928 5907 25 1427 11856 4 14937 16 4000 9796 4 9424 16 15209 221 7 48975 60401 14937 4 16 3 221 7 928 5907 7 1427 11856 4 8 3 16 32 23631 42146 96734 5
47246 17 166754 7532 16 3 104 166 424 17315 4462 220 14 9863 3 10291 6805 7 9 3905 5
145 7532 6886 3 7060 7 290 10291 6825 10 3 3905 5
75 4 23 29 32 533 30046 3380 24 3 637 7 89 317 65 13449 3 3905 6 3 10291 9962 35 5707 4 6793 4 323 19959 4 359 33 5
17 7532 71 4417 3 996 16018 4 8 71 3001 96 54766 5937 4722 22 96 89 6205 5
17 346 1653 7 3 7532 16 13 23 1708 485 89 8 10291 90997 8417 166754 4538 71 34 8255 2769 206 90997 10 189 89 8 10291 14 9 3905 5
81 83 1299 4 10 7532 3 1646 7 2376 2801 16790 10 5084 6 3 10291 35 4 911 109 5707 12283 32330 4 359 109 7277 12283 32330 4 502 33 5
81 46 1381 4 33770 7532 35 159463 33 29 45 220 10 31660 7 3 1273 5018 5
279790 60029 7 9253 16 220 21 3 669 8 3 12190 28473 42326 7 3 476226 5776 5300 31 36438 55 6 179 926 5
17 1809 14 538 70865 1625 2642 8 33770 47246 1563 8684 7 70865 1625 2642 72 83 7732 32542 2642 16 6586 6 3 508 689 2000 35 4 911 109 41910 12283 32330 4 274 109 87371 4 1515 109 24067 12283 32330 4 274 109 227930 12283 32330 4 359 33 5
2778 19601 56882 10 57 1042 137 3 5897 7 3 928 197 47 3117 192 2642 3254 6 1649 4 677 6 83 32542 2642 5
2778 17 2025 2854 1952 7 3 529396 4 363 23 6943 14 4942 6708 8 3905 19372 544 10 521 89 35 907 65 6227 15 6728 1443 33 5
2778 622 16930 8690 2981 5
2778 931 2642 233 9575 236 6 40476 421 14 3 221 7 10746 8 4438 2367 5
2778 79 529396 16 5053 6 26518 6 9 175314 303777 1252 13 23 16 392 385 928 628 5
2778 720 236 6 197 3 2007 17509 7 3 992 5
2778 720 1322 148 2854 6589 8 12184 6589 5
2778 15383 3629 140746 650 8 7156 9384 7453 14 10983 893 5
349 3 83 881 4 10 46 864 4 24 3136 6 8255 12540 628 10 2190 38451 827 7 3 49497 35 36 26 2994 33 4 89 22723 29 45 2445 19 10620 22723 5
16816 4 463 6 4938 7 166754 7532 10 3817 3 97727 7 12190 28473 42326 7 3 476226 5776 10 3 89 22723 35 10 46 864 4 1016 7 89 4 3 10620 16 2209 33 4 33770 7532 18 220 5
17 33770 7532 71 3001 96 12190 28473 42326 7 3 476226 5776 4722 22 96 89 6205 35 10 46 864 4 523 10620 35 4 4 4 33 5
81 1243 4 33770 7532 16 59 220 14 1376 5
2249 24 2790 3 5266 4 333 992 928 16 617 5
62856 7 3 2634 15172 302467 786 6 786 15172 321 6 4209 2760 10 3 43829 642 7 9 11798 47 1435 1995 8 31 1406 76 4141 6 922 49 4141 6 4141 15172 35 146188 12283 32330 4 744 109 5014 323 1889 4 1095 33 5
931 3351 7 15172 31 9 346 1033 7 3 476226 11798 6179 8 83 15172 142 665 25 192 15172 35 146188 12283 32330 4 744 109 5014 323 1889 4 1095 33 5
12502 4 23 16 177 533 6 12262 8 7367 3 66619 786 11798 15172 5
16816 4 5314 8 5050 6708 7 66619 786 814 6221 15172 31 3558 565 10 3 352 7 4942 6708 7 5842 4081 5
98586 341 14103 3 267 65 9 786 6 786 814 6221 29 1106 10 3 216 4386 148 67 266 4 15441 8 523110 66 16 7587 13 3 2785 6 3 12907 498 148 192 266 16 988 8 3 2785 71 26 2262 76 67 1687 21188 5
1949 98586 341 842 3 67 16886 1657 3634 250406 4 57 7 47 16 3 4141 498 8 3 83 57 16 814 6221 498 5
17 1884 148 192 67 16886 16 4939 21 12907 498 5
12502 4 3 689 1102 7 3 66619 786 814 21188 16 17073 3 290995 408 6 3 82697 2856 5
26148 4 65 9 814 6221 8887 4 3 221 7 4141 11798 2856 8 290995 1601 24 46 11798 1128 5
20379 4 3 290995 1601 24 61069 498 16 8101 6 3 290995 1601 24 4141 11798 35 273322 323 117401 4 1515 109 4 359 33 5
66619 786 814 6221 148 67 266 4 15441 8 9424 35 4 359 33 98586 341 5
66619 786 814 6221 148 67 266 4 15441 8 9424 35 4 359 33 5
81 98586 341 4 76167 42540 6 3 11798 2856 110 66509 463 6 786 6 786 814 6221 10 3 216 4386 8 53230 42540 6 3 1569 4484 5
81 3 267 7 786 6 786 814 6221 10 3 216 4386 4 2209 10 98586 341 4 3 476226 11798 16 3868 76 108 7268 4 16054 4 18365 4 8 366041 2249 3 216 498 7798 137 67 7268 16054 8 19440 4 3 109746 356 91 71 26 11831 76 57 1043 5
81 644 4 3 3109 7 67 7268 16054 8 19440 9965 6 138 2856 7 3 476226 11798 34 694 10 3 66619 786 814 6221 4942 5
355 66619 786 814 6221 8887 4 3 66509 786 36 1333 21 3 5369 11798 7 32 5
21669 4 9 177 528 12907 498 36 3154 10 3 23441 786 5
145 12907 498 3117 5420 2760 8 272 12190 567 10 2953 35 5878 4 172837 4 200692 4 323 4 911 33 5
17 97727 7 3 4942 498 4 322496 4 5473 15 3 4942 4484 4 53230 4 8 3 17458 33583 4 4 10 3 66509 46683 5
81 1215 13 14704 11070 16 32 15778 72 9 241 89 566 22 2086 2063 713 7 7489 4 322496 71 26 1867 21 3177 35 5041 12283 32330 4 502 33 53 35 341 33 81 1243 4 14 26831 2121 58 183 175873 4 3 33583 66590 25 786 6 786 16 4599 8 3475 3 33583 16 2429 5146 30985 356 3 2856 7 3 4141 11798 35 5041 12283 32330 4 502 33 5
7219 4 14 9 11798 2916 4 35 5041 12283 32330 4 502 109 12216 4 29788 4 323 4 1095 33 4 2429 3628 6 57 4 3 33583 10 3 66509 2856 71 26 1867 21 3177 53 35 459 33 16816 4 3 4942 498 71 26 4216 21 3177 53 35 503 33 145 17458 33583 4 4 66824 5473 15 3 221 7 66509 2856 4 76167 4 13 16 2442 19 46 66509 4410 7 3 11650 4141 11798 10 3 2953 5
23628 7 38260 912 81 5842 4081 4 818 3014 12190 857 3201 10 167684 8 15 6885 773 163 2267 912 16 49554 35 27861 3 22250 13292 74727 10 3 12190 857 3201 463 6 3 3272 15 9889 6294 33 5
81 9 9421 14123 4 2267 4 49554 2953 4 3 12190 22723 7 290 7283 16 2852 22 93880 3964 35 78240 12283 32330 4 744 33 5
1716 6885 912 4 3 7283 22723 16 34 32 22723 7 38260 8417 10 167684 912 3 7283 22723 16 22723 7 38260 5
81 644 65 9 15165 16 4795 326 6 9 6885 4 3 38629 7 38260 7 3 12190 857 822 25 3 9097 8 38629 35 136642 4 7416 33 5
75 46 38260 16 11109 372 163 2634 15172 15778 5
12502 4 12190 857 3201 86 26 3677 14 3 261 9674 7 3 2634 15172 10 5842 4081 5
355 32 66619 786 11798 4942 8887 4 3 4942 36 899 893 6 3 2953 28473 64551 5
273 3099 4 98586 459 35 9 33 8 35 8862 33 842 3 3201 7 12190 857 15183 163 1966 8 66619 786 814 6221 10 476226 11798 7 9 3915 43018 7283 117724 15165 538 29182 5
22785 7 12190 857 15183 10 43018 7283 117724 15165 98586 459 5
22785 7 12190 857 15183 10 43018 7283 117724 15165 5
35 9 33 1716 2267 1215 5
35 8862 33 1716 66619 786 814 6221 10 476226 11798 5
81 46 1233 4 637 7 38260 10 3 12190 857 3201 154 66619 786 4942 16 2209 5
81 46 601 4 3 12190 857 3201 16 7154 24 128930 538 281107 109896 1586 5
81 3 17241 4 19734 2419 10 281107 109896 1586 4088 38260 2520 5
79 38260 1506 142 3576 55 6 108 38260 3647 35 4 4 8 33 5
81 46 162 4 3 12190 857 3201 72 3 1332 38838 7 3 3915 15165 383 26 7154 106 87 31 93 38260 912 10 8 358 5
75 3 10637 1506 29 38260 912 10 342 5
16816 4 10 678 6 1128 3 66413 89 4 9130 24 1535 1712 16 220 10 192 29182 35 196 98586 459 33 5
33962 960 131508 4 7254 7 15172 8 28579 14555 17 2953 220 10 46 542 16 9 575 246211 4 20695 9485 4 503 7283 4 17648 65914 4 575 106554 4 43018 7283 117724 15165 4 8 2953 441 2879 476226 11630 5
17 476226 7 46 15165 29 9 557671 4 57 9419 4 7215 11798 4 8 179 8690 5982 10 290 4141 5
27311 6232 8 9345 960 17721 31 1595 10 98586 503 5
66 9286 7 9 117724 15165 3797 6 9 109779 148355 6885 5
145 15165 29 93 41675 11798 4 8 16 2434 24 32 25828 2953 5
81 129 162 326 2916 16 57 8038 6 9 109779 148355 6885 5
27311 6232 8 9345 960 17721 98586 503 5
27311 6232 8 9345 960 17721 5
79 167684 5867 8 9 109779 49554 6264 61069 5867 31 7679 15 3 2953 276 2634 15172 5
2927 4 163 799 210141 1215 4 307 7 2634 15172 150 476226 786 6 786 814 6221 10 3 216 4386 8 67 5982 10 3 216 4141 4 42 2828 15 3 3915 15165 163 15 6885 8 167684 912 10 3 6232 960 284 5
81 192 8365 4 120 177323 6 2123 3 16886 16 34 220 5
1949 4 10 678 6 1368 2091 1305 6 3 15165 4 3 11861 7 3 66619 786 814 6221 18 1574 24 538 9 4056 5
527 4 106 7 3 346 1364 52 960 2953 244 14 454 1665 4 13693 22 556 210141 498 42 34 1303 61 5
81 8365 4 1046 48669 8 1254 2979 96711 762 31 220 14 9365 3 28473 64551 25 976 3 2953 5
2979 96711 762 29 57 4293 8 2879 13883 35 196 98586 503 33 5
460266 33583 628 351 25 1046 48669 31 1752 22652 6 3 489 7 337 7 3 28473 5
60572 837 786 1046 48669 42 4514 486 3 37348 7 3 476226 5776 19 9 2605 7 19 3 3316 7 110 488 6 2258 143 3 28473 42326 3201 10 3 15165 893 65 9 4942 16 1379 5
45899 1069 7 192 1046 48669 16 12859 10 98586 500 35 9 33 5
35 9 33 12231 48669 1942 486 3 476226 5776 10 5867 98586 500 5
35 9 33 12231 48669 1942 486 3 476226 5776 10 5867 5
35 8862 33 60572 9796 628 6 32542 992 31 3455 25 476226 5776 10 523 10620 5
17 75979 17458 10 1046 48669 18 26119 24 2979 96711 762 5
81 83 1299 4 2979 96711 762 29 45 1254 14 9365 8255 12540 628 7 3 28473 42326 10 38838 7 3915 15165 35 196 98586 500 35 8862 33 33 5
81 644 4 3 2879 1046 48669 31 26119 8255 10 9 2190 38451 827 7 3 49497 35 14 946 3082 6494 4 196 98586 500 35 8862 33 33 24 2979 96711 762 5
46984 3911 11924 29 45 220 14 9708 2979 96711 762 6 1416 5
17 17458 109746 25 3 1046 48669 31 20572 6 9319 3911 7 3 1416 24 770 7 2979 96711 762 5
98586 708 842 3 5533 14 7254 7 3 1254 4942 49082 35 59 196 98586 503 33 5
233819 5036 31 4566 6 9 2029 897 1416 35 5274 33 98586 708 5
233819 5036 31 4566 6 9 2029 897 1416 35 5274 33 5
12811 8 9674 7 11650 4141 81 7215 5170 4081 4 5842 904 4141 2435 148 3 12190 22723 7 3 11650 46683 8 3 1494 12190 22723 7 4141 11798 5473 15 3 2737 7 3 66509 46683 4 3 221 7 48669 147 4141 8 3 3201 7 3 48669 10 3 476226 11630 5
21669 4 23 16 572 6 7367 3 11650 4141 10 192 3351 7 4081 35 5041 12283 32330 4 502 33 5
1949 4 3 767 162 2573 3 5093 7 1913 530 4942 11710 10 9 2953 6437 19 476226 11798 38060 7 3 8690 5982 10 2634 15172 35 4 359 33 5
194896 5
700 8 704 240 3 5559 33583 17458 10 17193 1046 46683 4 163 2267 8 11650 912 4 3995 5
63503 33583 163 2267 1215 98586 700 5
63503 33583 163 2267 1215 5
63503 33583 163 11650 1215 98586 704 5
63503 33583 163 11650 1215 5
349 3 83 881 4 65 3 476226 11798 66619 786 4942 8887 4 17458 109746 10 3 23441 352 1046 48669 893 48 58 13 7 3 83 1046 48669 5
2249 33583 1884 8 12907 498 36 4722 3475 28473 42326 10 192 692 36 26 104 1768 19 46 4942 5
145 4102 16 1595 10 98586 782 5
184782 33583 10 3 523 1046 48669 54 3 15778 7 4942 15 98586 782 5
184782 33583 10 3 523 1046 48669 54 3 15778 7 4942 15 3 46683 148 5647 8 17193 11630 5
659 5441 46 4102 4 80 27 1146 32 9345 786 4942 15 3 46683 148 5647 8 17193 11630 4 8 17458 33583 10 2879 1046 48669 27 5559 5
273 3099 4 17458 33583 281150 10 179 1046 48669 15 523 352 27 1595 10 98586 782 5
1210 6 46 1233 4 17458 33583 10 17193 1046 46683 29 48 337 6 17458 33583 10 83 1046 48669 13 6154 4 4942 29 2273 10 3703 4141 7 6988 1078 5
17 3297 628 7 3 67 5867 1665 7 3 66509 2856 10 4141 9485 8 7799 31 2888 10 20498 249 5
17 5867 628 3455 72 3 1332 38838 7 3 3915 15165 5
931 628 31 26119 8255 25 3 2879 1046 48669 24 2979 96711 762 10 2190 38451 827 7 3 49497 13 16 392 10 98586 500 35 8862 33 35 3082 6494 33 5
20498 249 5
460266 109746 463 6 3 5867 1665 7 3 66509 2856 10 4141 9485 8 4141 7799 35 73298 33 5
66 383 26 1744 4 24 3136 6 2129 7 3 220 1046 46683 8 3 221 7 2953 11630 35 2879 11630 33 192 29132 71 26 3643 6 8708 628 10 678 6 6298 3 8958 5
81 20498 249 4 720 5
16 3 221 7 3 1046 48669 8 2770 7 26119 109746 163 1966 8 11650 912 4 17458 10 179 9545 1046 48669 7 290 4141 31 304 671 35 2209 24 76133 8 33 5
17 6474 7060 7 3 1884 148 3 1966 35 76133 33 8 4942 35 33 2770 31 2209 24 392718 5
349 3 83 881 4 11798 6214 8 34193 7 3 2953 163 542 10 46 162 31 1595 10 98586 183 5
73882 6214 8 34193 7 43018 7283 117724 15165 98586 183 5
73882 6214 8 34193 7 43018 7283 117724 15165 5
98586 407 35 9 33 842 3 5867 665 7 3 66509 2856 10 67 5982 15 3 48669 148 10303 8 6847 11630 8 11778 8 6660 11630 10 4141 9485 22 575 202 35 6336 6 6264 33 7 8 2628 202 35 6336 6 6264 33 7 35 12510 3297 628 31 2209 10 20498 249 33 5
81 46 1233 4 3 1884 148 3 1966 8 4942 2770 31 2209 5
1210 6 46 1233 4 3 97727 7 3 1884 148 3 1966 8 4942 2770 10 4141 9485 31 1978 58 3 83 16200 13 4459 4942 29 2273 10 4141 13719 51253 17458 33583 148 3 1966 1215 8 11650 1215 7 98586 407 5
51253 17458 33583 148 3 1966 1215 8 11650 1215 7 3 66509 2856 10 67 5982 10 3 216 4141 35 5867 33 5
35 9 33 10918 13719 35 8862 33 10918 15850 5
98586 407 35 8862 33 842 3 5867 665 7 3 66509 2856 10 67 5982 15 3 48669 148 13199 8 22523 11630 8 10418 8 25320 11630 10 3 4141 15850 22 500 202 35 6336 6 6264 33 7 8 1814 202 35 6336 6 6264 33 7 5
81 46 1233 4 3 1884 148 3 1966 8 4942 2770 31 2209 5
1210 6 46 1233 4 3 97727 7 3 1884 148 3 1966 8 4942 2770 10 4141 15850 31 1978 58 3 83 16200 13 4459 4942 29 2273 10 4141 15850 5
81 192 67 745 4 3 12190 38629 7 3 11650 48669 2429 31 1942 163 72846 22723 35 10 3082 6494 4 196 98586 183 33 95 3 28473 64551 148 3 11650 48669 8 3 83 316905 36 26 528 463 6 3 3033 10512 148 3 476226 8 49497 10 192 692 5
16816 4 28473 42326 10887 6 1966 1215 36 26 528 10 3 11650 4141 5
98586 403 35 9 33 14103 3 5867 665 10 267 7 786 6 786 814 6221 10 3 216 4386 15 3 46683 148 5647 8 17193 11630 10 4141 7799 35 10 3082 6494 33 5
17 12510 3297 628 7 46 267 35 33 31 2888 10 20498 249 5
22271 1596 202 7 3 676 786 221 7 3 476226 11798 31 814 352131 5
51253 17458 33583 148 3 1966 1215 8 11650 1215 7 98586 403 5
51253 17458 33583 148 3 1966 1215 8 11650 1215 7 3 786 6 786 814 6221 10 3 216 4386 10 4141 7799 35 5867 33 5
35 9 33 45112 22723 7 3 11650 46683 16 1942 163 5547 22723 5
35 8862 33 45112 22723 7 3 11650 46683 16 1942 163 72846 22723 5
145 1233 842 13 97727 7 3 1884 148 3 1966 8 4942 2770 10 3 352 148 3 67 11630 1004 8 1078 27 964 337 5
81 46 267 4 3 12190 22723 7 3 11650 46683 16 1942 163 5547 22723 5
1949 4 98586 403 35 8862 33 369 842 3 5867 665 10 267 7 786 6 786 814 6221 10 3 216 4386 15 3 46683 148 5647 8 17193 11630 10 4141 2312 75 10 46 267 4 3 827 7 49497 16 1406 13 3 12190 22723 7 3 11650 46683 16 1942 163 72846 22723 5
145 1233 842 13 3 97727 7 3 1884 148 3 1966 8 4942 2770 10 4141 7799 31 1978 58 3 83 16200 5
17 3074 7 192 67 15172 10 4141 7799 71 26 2921 21 3177 53 65 3 12190 22723 7 3 11650 46683 16 1942 163 5547 22723 35 196 98586 183 33 4 28473 42326 148 3 11650 46683 8 3 83 316905 36 26 396 463 6 3 528 818 3014 148 3 476226 8 49497 10 192 692 5
12502 4 17458 33583 10 1046 48669 10 192 692 36 27 287 13422 6 1966 1215 5
81 644 4 65 32 66619 786 814 6221 8887 4 28473 42326 13422 36 26 528 10 1046 48669 1942 163 14123 10 3 352 148 3 67 11650 11630 35 196 194896 5
183 8 403 35 9 33 33 5
81 267 7 3 12190 22723 7 3 11650 46683 16 1942 163 72846 22723 4 3 28473 64551 148 3 11650 46683 8 3 83 316905 36 26 528 463 6 3 3033 10512 148 3 476226 8 49497 10 192 692 5
16816 4 28473 42326 13422 6 1966 1215 36 26 528 10 3 11650 4141 5
349 3 83 881 4 14 6943 2376 4 1586 19 9 45268 4650 11924 29 45 1254 10 415722 35 196 98586 698 35 9 33 33 5
273 946 4 98586 685 35 8862 33 842 3 2879 818 3014 28473 138135 163 1966 1215 4 47 31 17458 10 3 1046 48669 5
81 46 1233 4 38260 10 3 12190 857 3201 163 2267 912 16 2209 5
35 9 33 204398 4650 11924 98586 698 5
35 9 33 204398 4650 11924 5
35 8862 33 60572 5559 33583 163 2267 1215 5
60572 5559 33583 163 11650 1215 98586 685 5
60572 5559 33583 163 11650 1215 5
98586 685 842 3 2879 818 3014 28473 138135 163 4942 1215 5
81 46 1233 4 637 7 38260 10 3 12190 857 3201 154 66619 786 4942 16 2209 5
98586 685 842 3 5867 665 10 267 7 786 6 786 814 6221 15 3 46683 148 5647 8 17193 11630 10 4141 2312 145 1233 842 13 3 38260 10 3 12190 857 3201 10 4141 7799 16 372 35 196 915 35471 6 3 1046 48669 708 4 700 4 704 4 782 4 630 4 947 4 302 4 1004 4 306 4 1078 4 2131 4 8 2511 33 13 4459 4942 29 2273 10 4141 7799 5
355 9 117724 15165 16 418 163 2267 1215 4 23 16 530 13 3 28473 3201 144 26 49554 4 27861 3 22250 13292 74727 463 6 3 3272 15 9889 6294 5
75 46 13292 74727 10 3 2953 220 10 46 542 16 568 8038 6 10451 8 1292 7 19547 1746 5
999 3136 6 221 7 14123 10 3 3915 15165 4 50 38838 16 3868 76 179 692 5
273 3099 4 24 538 628 25 20498 249 4 6474 2770 7 5036 10 290 352 31 304 19 671 5
931 522 31 2209 10 20498 341 5
238 16 381 25 20498 341 4 10 3 1966 1215 3 1884 148 192 628 16 704 202 8 10 3 169 267 3 1884 148 3 628 16 65983 202 5
75 4 65 32 66619 786 814 6221 8887 4 46 28473 74727 36 26 568 58 3 1966 871 5
81 3 4942 912 3 3235 1884 148 192 628 16 697 202 8 24156 202 5
20498 341 5
871 7 26119 33583 628 10 179 692 35 73298 33 5
11292 7 1046 48669 786 6 786 814 6221 22 67 5982 10 4141 9485 210141 498 3082 8334 79 786 6 786 814 6221 22 3 216 4386 10 4141 7799 267 249 210141 498 3082 459 79 25976 55568 25976 55568 97168 110391 116401 127346 14636 127382 116401 49430 110463 704 126380 39343 99665 109864 96821 150024 37642 1884 704 202 697 202 65983 202 24156 202 12502 4 232 6 67818 4 3 9796 628 16 6401 1092 24 1092 5
16816 4 543 15 3 767 2898 4 3 4942 1427 16 3868 76 1966 8 4942 5
145 650 16 12859 10 98586 409 5
45546 7 4942 6708 98586 409 5
45546 7 4942 6708 5
999 5448 7 523 912 4 8515 871 6 1687 1966 8 4942 16 197 22 183 202 5
458 80 71 30174 3 9796 628 76 1966 49 4942 543 15 8515 871 5
1301 4 80 30174 3 4942 628 10 678 6 7367 3 11650 4141 5
66 383 26 1744 4 13 3 282 8515 871 14 290 2953 71 26 3455 24 2376 7 12540 628 25 1966 773 7 3 2953 10 9 14644 566 7 89 5
349 3 83 881 4 543 15 3 767 2898 8 3 9345 522 10 8941 341 4 97727 7 3 1884 33583 148 3 1966 8 4942 912 8 50 10620 317 10 38838 7 3 2953 27 1783 604 14 9674 7 11650 4141 5
16816 10 678 6 7367 3 11650 4141 4 131804 32542 992 16 220 6 1746 3 4942 6708 284 5
81 644 4 3 2370 131804 32542 992 16 5775 19 33770 7532 35 159463 33 6 13014 3 21 303777 5
45112 28473 42326 628 7 3 476226 5776 10 523 10620 35 4 4 4 33 19 2879 5937 31 220 21 9796 14 928 8 2279 3 35 196 98586 500 35 8862 33 33 5
17 16 3559 24 2000 16277 25 3 12190 28473 42326 628 137 3 33770 7532 5
81 46 777 4 33770 60029 7 9253 16 220 21 3 669 8 60029 3905 22 653 503 16 5543 6 5
16 3559 19 20260 628 35 1586 2124 33 8 153 16 2870 19 9345 628 35 6728 2124 33 5
81 644 4 825 6 928 2124 3 5559 6988 28473 42326 16 19 7532 8 153 10 678 6 7367 3 11650 4141 4 60029 3905 22 653 503 16 5543 6 5
17 928 5536 14 3 16 4209 24 128930 5
1249 3 20260 16 9 20558 650 4 12146 10 678 6 1128 3 221 7 110278 48015 56018 32542 992 18 220 6 2882 3 28473 64551 10777 7 117724 15165 163 1678 912 5
238487 7 1273 5018 16 1595 10 98586 697 5
238487 7 1273 5018 98586 697 5
238487 7 1273 5018 5
35 9 33 10725 2124 14 928 19 20260 628 5
35 8862 33 41328 2124 14 2279 19 9345 628 5
262707 56018 32542 992 16 9 843 7 70865 1625 992 13 16 477 220 14 4859 60029 5
16816 46 32542 992 16 220 6 1088 928 5536 14 3 5
81 644 4 1016 7 3 1510 267451 1870 8 223753 4309 4 9 16 220 8 3559 14 21853 3 108140 28473 42326 5
66 383 26 1744 13 4 3 66413 738 6 26 2828 97 307 629 684 10 523 46683 2371 5
1301 4 192 628 35 3455 25 66413 33 36 26 220 21 29132 14 928 3 5
435 3 16 3559 4 23 36 26 220 6 2882 3 108140 28473 42326 7 3 2953 10 83 912 5
12502 3 3316 7 992 16 6 2882 3 28473 42326 10 38838 7 2953 14 9 392 197 7 9796 163 2267 8 11650 912 5
15060 25017 435 3 16 3559 4 3 161 1092 16 6 1377 50 773 4 13 16 4 143 23 37662 6 32 16084 9796 47 16 34 10 3 928 197 5
81 678 6 1970 46 773 4 5471 197 7 29132 31 3467 5
931 960 6885 266 35 43420 24 33 31 2209 21 29132 14 928 3 5
1301 3 2082 3 108140 28473 42326 10 38838 7 3 2953 5
273 3099 10 67 210141 498 35 8334 79 4 7259 79 33 4 108140 28473 42326 7 3 2953 42 1221 5
81 678 6 1970 3 8958 8 18550 7 3 543 28473 64551 4 3 28473 64551 22 192 960 266 42 538 3 5533 8 31 1595 10 98586 800 5
238 6453 4 87 16 32 3419 809 148 543 8 43420 28473 64551 5
114783 42326 7 3 476226 5776 35 17458 33583 33 163 4942 912 98586 800 5
114783 42326 7 3 476226 5776 35 17458 33583 33 163 4942 912 5
35 9 33 210141 498 3082 8334 79 5
35 8862 33 210141 498 3082 7259 79 5
17 3856 628 4 43420 538 3 5533 8 1221 24 31 2209 10 20498 459 5
90973 503 8 700 7 20498 459 240 3 2156 3768 148 3 543 8 43420 28473 64551 5
238 1595 10 20498 459 4 3 3235 3768 148 3 2655 35 543 33 8 43420 28473 42326 16 287 58 500 202 5
20498 459 5
75250 7 543 8 128930 43420 28473 64551 5
720 5
210141 498 3082 8334 79 210141 498 3082 7259 79 96368 202 96368 202 249 341 60226 459 50753 6494 503 500 501020 53671 544494 708 460274 700 409706 704 782 183 407 403 463574 698 685 409 43243 697 800 5347 630 383426 413419 947 28544 302451 302 302452 28940 335838 1004 314706 985 1135 436965 889 605 1239 55178 1173 54982 257287 489044 50311 436313 1227 336101 1403 345793 456237 306 506330 458807 533020 258426 450081 1078 2131 2511 302890 2723 1596 2592 2919 492757 2918 3128 436602 716 3356 2913 454435 342026 413419 3313 259451 290398 3132 302452 548293 1814 43117 230237 3440 3573 524796 337034 2879 50753 5
5743 928 5536 14 3 1655 3 767 522 4 80 71 7336 53 92 3 19393 7 3 543 1506 31 558 14 90 4942 745 4 3 19393 14 83 4942 745 71 26 2093 1221 24 5
81 83 1299 4 3 66413 738 6 26 2828 97 307 629 684 10 523 46683 2371 8 83 684 36 26 1221 19 5
145 10260 3 38256 7 589 3 543 1506 14 1678 2634 4942 912 5
81 678 6 1088 28473 42326 267451 1870 4 3 13422 1079 7 210141 498 8 814 6221 786 5514 738 6 26 2118 74 5
81 129 162 326 2916 16 57 8038 6 9 109779 148355 6885 8 3136 6 3 53557 7 2953 3 13422 1079 7 210141 498 16 197 21 79 8 814 6221 786 5514 16 197 25 500 202 6 2715 202 5
273 3099 10 46 162 4 10 267 7 786 6 786 814 6221 10 3 216 4386 4 80 231 249 79 8 183 202 21 3 46333 1959 14 210141 498 8 814 6221 786 5514 5
81 3 9796 928 628 14 290 46683 35 704 48669 33 4 3 814 6221 786 5514 35 33 16790 21 3177 53 500 202 4 409 202 4 605 202 4 1596 202 4 1814 202 4 2970 202 4 8 2715 202 5
154757 6 290 814 6221 786 5514 4 3 210141 498 4 6885 498 4 8 4942 498 27 523 2770 5
98731 1959 14 3 210141 498 31 1109 21 3177 53 341 4 459 4 503 4 500 4 708 4 8 700 79 5
273 290 210141 498 4 6885 498 4 8 4942 498 31 7154 10 12510 814 6221 786 5514 19 3 42584 962 10 8941 341 5
458 4120 4 45053 745 13 27840 3082 704 35 46683 33 98236 503 35 33 98236 708 35 210141 498 33 745 43420 24 128930 8 704 98236 459 98236 708 3082 19560 745 1221 24 31 1109 6 1088 3 28473 1870 14 290 4141 5
12502 4 45053 98236 459 35 221 7 16200 33 3082 164062 2757 7 327019 31 220 6 1649 3 6 7367 3 11650 4141 35 290 45053 745 3364 57 4141 33 5
17 9796 628 220 10 46 5018 31 3 4024 164 628 5
66 383 26 1744 4 13 24 3136 6 5238 6885 397 4 3 13422 1079 7 23394 71 26 1574 5
16816 4 110278 36 26 1842 5
1949 4 3 396 46333 1959 36 1297 3 8958 7 3 9674 5
16 220 21 12391 303777 5
81 1746 7 3 4 23 16 177 533 6 5339 32 19547 871 7 3 42146 96734 5
56464 7 48975 2179 19 1913 3 19547 42146 871 14 5
17 1510 794 8 3768 5018 16 220 6 4498 30392 42146 2916 5
17 169 1092 7 3 48975 650 16 6 384 9 206 928 197 5
26861 383 26 351 10 6098 628 14 9863 9 206 928 197 10 678 6 474 3 773 7 9 32542 992 5
17 42146 96734 16 392 24 35 500 33 35 227930 12283 32330 4 359 33 5
35 500 33 114 68806 3 3457 148 3 5907 8 8668 5737 5907 10 1427 4114 8 19440 16 9 4599 871 13 29 45 170 93198 5
20498 503 4995 3 19393 7 3 10 4942 6708 284 5
20498 503 5
470655 7 3 8 529396 5
41403 29997 96734 529396 84181 9419 2879 30864 37442 9419 459 30864 207591 96734 5853 12099 5
29756 7 773 659 8612 3 773 7 4 50 522 31 677 19 523 7732 32542 2642 5
931 523 2642 31 3559 8 6229 2870 19 216 628 463 6 825 4644 13 29 45 3915 103 5
931 628 14 928 31 3455 25 66413 19 8 1221 24 5
1301 439493 31 2870 19 9345 628 5
931 8255 628 72 3 1332 38838 7 2953 31 26119 19 1254 2979 96711 762 5
1532 4942 6708 284 2527 5629 32542 992 5
3668 284 2527 529396 8 296 284 2527 5
66 383 26 1744 13 32542 992 16 104 2887 297 70 7732 32542 2642 5
931 2642 31 59 132 4249 6 21 63087 35 106153 33 49 448659 2642 5
17 63087 32542 992 16 3559 19 3 74994 157663 71670 19 43076 5
273 3 106153 32542 992 4 307 992 38060 42 873 4 8 333 522 27 45 3455 24 9 992 20739 24 108 10746 19 2879 4 889 4 8 459 23791 5
1949 4 16 3467 21 3 1333 4859 7 23791 10 329 9419 5
17 522 7 4631 31 2209 10 20498 500 5
20498 500 5
77231 8958 14 960 522 5
49894 106153 35 202 33 529396 35 202 33 35 202 33 55706 8958 575 6756 5180
145 1381 5181 32 7732 32542 2642 543 1217 14 27717 2634 15172 10 43018 7283 117724 15165 5
145 5018 2527 5036 7 12190 28473 64551 6 1018 9 421 5
17 1746 4644 8 1678 1746 667 27 45 2994 5
17 1254 161185 543 49082 1141 76 1250 70 3 5238 9705 2442 19 9 521 284 8 3 6728 5
16 170 6 26 9 48 4213 19372 1506 677 6 3 83 32542 2642 5
81 46 601 4 3 11650 4141 14 66619 786 814 6221 15172 16 4277 5
66 383 26 1744 13 4 10 2634 15172 23 16 572 6 7367 3 11650 4141 8 1913 530 4942 11710 10 9 2953 6437 19 476226 11798 14484 7 7215 11798 8 8690 5982 5
12502 46 5018 142 26 48 1783 14 19841 3 11650 48669 163 66619 786 814 6221 15172 10 9 15165 6437 19 9 476226 11798 14484 7 507 2205 5