98731 2520 7 3 7732 1442 133 21 5354 197 3695 27 307 2333 5
7337 67818 163 5354 197 3695 71 26 1109 21 9 5533 14 784 421 363 5
364 537 2673 16 3 67818 7 1323 2100 542 2106 5600 5
81 46 1381 4 80 1379 3 77403 7 12911 12398 5354 197 1506 14 67818 1323 2100 2062 5600 5
17 1273 5533 16 543 15 3 1153 7 8958 7 60029 538 12911 12398 7 13987 5
17 93927 31 351 25 9 1339 1827 6 2705 7 2062 5600 1543 297 619 22 305842 6071 105078 35 32178 33 5
332 46 967 7 3 601 4 80 240 143 12911 12398 5354 197 1506 71 26 220 6 600 1323 10 290 542 2106 5600 5
17 522 142 2475 4569 6 371 9 6868 143 6 1746 4653 4 6 2494 9 953 10 678 6 1128 5600 8 454 6 1297 1323 2106 3796 773 5
17 2062 5600 16 983 13 9965 6 5600 1215 154 542 10 1043 7 3 7059 13 272 653 5600 9439 6 4498 7 799 3796 773 5
17 1543 71 1000 21 166 853 619 5600 926 125 542 650 4 50 132 619 27 788 791 153 43 36 422 3 791 14 161 5771 5
2758 5600 71 11193 19 619 773 15 7784 35 3767 323 71831 4 1095 109 375379 4 1095 33 5
1210 6 10 8 162629 35 502 33 170 13 7784 5600 21 9 470814 21043 13 9965 6 3 5600 684 8 2731 912 13 31 2548 154 16175 5
7040 146 5600 71 26004 7784 773 4 1296 27 45 4729 13 7784 5600 1629 6 2366 1102 15 3796 773 35 323 162629 4 502 33 5
1692 2463 7 5600 71 2146 4678 4 1000 2366 5483 10 1475 4 8 785 7 1024 7784 773 5
44461 210 13 1323 37 16 34 166 1745 14 7784 142 27 568 926 7 2485 15998 2731 154 5448 58 138 31 333 1745 35 165814 4 502 33 5
17 1510 689 8808 7 16839 1323 2100 542 5600 31 6 293 19 3 4046 463 6 1746 4653 4 6 2494 9 953 6 1128 5600 8 454 6 1297 1323 2106 3796 773 5
659 2769 46 6905 4 1087 67818 4538 31 59 110 3677 5
382241 9 197 7 6034 76 62736 3597 16 32 533 7337 4242 1315 5
17 67818 1315 16 1272 10 9 221 7 628 2376 8090 4 133 21 32601 19372 8 628 60816 4 21 166 21 87930 7 528 62736 628 2757 76 1731 62736 108791 13 71 26 2093 1725 4 8118 18213 8 10637 35 18150 4 2804 33 5
79 6682 1217 14 628 67818 16 538 5354 197 3695 35 164647 4 6186 4 3952 109 164647 323 347779 4 359 33 5
273 946 4 4 78 4 20928 4 8 124867 35 1515 33 39 1589 9 5354 197 1217 10 6098 95453 13987 5
364 7 3 1408 11950 5354 67818 14 58994 628 4538 16 503838 35 24240 33 1273 24 113891 4 12825 4 8 262526 35 359 33 5
527 4 6835 5354 197 3695 16 34 166 9760 14 15826 13703 317 1443 5
238 87 16 312 270 24 1283 6 1128 5464 13 4722 154 192419 8 87 16 3664 802 13 9 71 112 6 2710 5464 13 4722 154 3 2137 650 4 5266 16 14114 10 19630 2333 8 624 25 117 1543 4 150 27152 17807 2770 10 5036 27152 19372 7 5036 6 1171 3597 5
79 2505 4089 284 383 26 19637 6 3 15778 7 5266 5
273 946 4 10 3 767 162 15 21025 1323 2520 137 4242 619 19372 960 1647 6314 24 6794 8 38966 35 1278 33 4 146 5266 18 170 10 3 19372 6160 4 883 3 2419 2770 49 3 1427 2770 4 1146 24 619 5
520 7 3 16960 250 252 25 3 619 27152 29132 8 3 461 250 26 463 6 3 619 2634 13033 1399 5
1700 34130 522 661 13 1164 144 26 747 6 3383 3 13703 317 10 678 6 1018 9 16672 10900 8958 35 6794 4 744 33 5
81 678 6 4417 46 492 4 3 12911 12398 5354 197 35 33 35 4 3952 4 1422 33 5533 16 220 5
17 1506 4 40372 1273 24 35 3952 33 4 16 32 1783 17315 4462 19 32 3768 9903 7453 6 3383 4046 565 5
18484 4 3 16 32 4159 7 5354 197 3695 35 164647 4 6186 4 3952 109 164647 323 347779 4 359 33 4 1749 14 7553 19372 5
999 1994 9 1493 8515 871 4 3 71 34 97 4855 19372 544 19 5344 628 8 93 12329 1322 148 13987 4 44 59 10050 3 15799 11763 6300 7 5354 197 1506 6 1297 3 1506 30371 5
13166 6 3 5248 7 4 3 71 7274 628 5266 49 2821 628 5464 35 127326 323 4 744 33 5
81 678 6 2258 9 11397 337 12634 14 35 33761 4 10141 4 36260 4 323 15152 4 274 33 4 66 36 371 286 9 84 152 6 293 19 3 13703 628 5
134 1379 9 521 100402 7 1323 2106 2100 5600 5
145 628 42 351 25 9 1339 1827 6 2705 7 542 5600 1543 297 1845 619 5
81 46 1339 4 37377 305842 6071 105078 2106 619 31 694 8 467 52 4485 4 3045 4 8 4678 7 5600 154 542 650 5
17 522 2705 550 5600 2106 1543 4 11771 4 203069 5600 4 2030 5600 4 234 5600 4 4926 5600 4 7784 5600 4 5287 5600 4 8 855 5600 5
311520 4015 16 220 6 384 61 3 29139 35 2990 33 8 3260 499202 35 28249 33 6 2705 3 218 785 1543 7 542 5600 5
66 16 1436 10 90457 1185 64985 8 3 522 240 13 87 31 218 785 1543 7 542 5600 4 11771 4 7784 5600 4 1427 5287 5600 4 203069 5600 4 2030 5600 8 855 5600 5
6832 72312 42112 36387 11686 15060 4 80 1379 143 1323 2100 5600 71 26 29371 5
252036 7 133 1323 142 2475 4569 6 371 9 6868 143 6 1746 4653 4 6 2494 9 953 10 678 6 1128 5600 8 454 6 1297 1323 2106 3796 773 5
17 939 7 46 1381 16 4393 21 3177 5
8941 341 5181 3 5141 7 317 1443 4 197 129854 8 12911 12398 5354 197 1506 5
8941 459 5181 1506 14 13896 9 67818 17807 10 628 67818 8 3 5533 14 16839 3 6034 543 15 3 17807 3467 5
8941 503 5181 3 542 2106 5600 93927 5
17 522 8 43971 31 3455 10 8941 500 5
5583 4 3 4774 7 46 162 16 962 10 8941 708 5
17 9892 13 57 71 34 12681 6034 15 3 1625 7 392 317 52 91 16 3 1204 397 7 5354 197 3695 5
81 83 1299 4 22083 317 3117 7 6034 5
17 7488 52770 32 60029 904 115 7 61826 3597 7 152895 6034 5
79 5354 91415 9 33498 7 3 197 7 6034 16 9 1808 7 9460 197 129854 4 226 9 798 8 32 4416 60029 10 1043 7 192 61826 3597 35 164647 4 6186 33 5
36387 2757 31 4939 137 40 9460 197 129854 10 32 317 284 5
17 5141 7 317 284 1708 9 10139 4462 14 3 8593 7 6034 10 970 7 40 17807 2770 5
3735 284 8 197 129854 622 317 284 16 9 503 35 23847 33 2567 3082 35 15850 4 79 4 9485 4 18365 33 4 114 15850 3082 58508 4 4 4 4 56012 16 9 14510 3435 31276 197 7 6034 4 79 3082 58508 4 322270 4 239181 4 4 56012 16 9 14510 3435 31276 197 7 13987 4 9485 3082 4 5849 16 3 9962 35 871 197 33 7 17807 9 4 18365 53 15850 98236 79 129708 9485 16 32 317 4859 133 13 18365 35 28825 4 9 33 5849 4 14 329 35 28825 4 9 33 15850 98236 79 4 226 317 35 2505 33 4859 5
17 1204 397 7 5354 197 129854 16 3 7488 4 47 16 4209 24 317 52 6034 7 518 5
901 6034 10 32 317 284 31 226 152895 35 34392 49 825 33 92 43 27 3 216 2419 5
53798 8334 901 3893 14937 4 11348 15850 31 20 6 26 8862 152895 35 152895 24 3 197 7 17807 2636 79 10 2567 33 92 8 97 92 18365 35 14937 4 9 33 3082 18365 35 11348 4 9 33 4 14 329 9 2636 5
7977 4 329 33498 7 79 52770 2665 7488 5
25421 13 4 32 7488 17458 24 3 197 7 17807 2636 4 103415 24 89185 35 2636 33 4 16 32 61826 7488 5
17 24065 7 15850 17458 24 89185 35 2636 33 16 103415 24 8 3 61826 1427 10 3 24065 4623 14937 15850 4 10 103415 24 1356 14937 1362 2636 5
17 19471 7 798 8 4416 129854 7 9 197 31 4939 21 3177 5
53798 7013 6172 4 1422 17 8862 798 60029 7 6219 4 103415 24 2636 35 6219 33 8 8862 4416 60029 7 6219 4 103415 24 4 3995 4 31 4939 24 2636 35 6219 33 3082 58508 14937 1356 14937 1362 2636 6219 56012 8 5
17 8958 7 60029 35 8958 7 67434 33 7 120 33498 6219 15850 19 2201 6 2636 79 4 103415 35 6219 33 16 5559 24 114 16 3 7 6219 5
273 3435 197 4 80 7673 35 33 3082 249 5
7977 4 6494 35 6219 33 249 92 6219 16 9 1456 7 90 61826 3597 7 15850 4 153 35 6219 33 3082 249 5
8616 4 3 197 6219 16 11868 35 7608 33 19 2201 6 2636 5
157 4 92 6219 16 34 9 1456 7 90 61826 3597 7 15850 4 153 35 6219 33 11102 249 5
8616 4 3 197 6219 16 5354 35 50867 33 19 2201 6 2636 5
145 770 13 3 568 7 8958 7 60029 7 120 33498 6219 15850 16 3 48 7608 35 3 287 50867 33 7 1010 5
631 4 17 1494 164647 2106 42068 798 8 4416 60029 31 543 15 3 197 10113 8 197 20220 4262 3995 35 164647 4 6186 33 5
1113 4 23 16 4783 10 117 2333 4 87 31 5771 10 47 3 1494 4 197 10113 3802 543 24656 7 798 8 4416 16 215 16269 5
659 293 19 46 565 4 3 48 7431 24656 7 798 8 4416 129854 10 970 7 3275 2463 7 20220 148 2757 623 58 3 10113 7488 18 2042 10 35 3952 33 10 3 5114 7 3 12911 12398 5354 197 35 4 1422 33 5
72312 12398 5354 197 72312 12398 5354 197 35 33 10316 5354 197 3695 24 3 18965 7 3 33498 3802 35 4 3952 33 5
66 18 1273 6 12262 8 2705 628 5897 47 3001 11245 4695 623 58 12329 5
17 689 867 7 16 6 852 6034 6 26 6401 19 32 3768 1731 58 9 1087 125259 653 5
145 2042 8515 55583 3 5354 197 5141 7 4951 93 317 525 3 100402 1010 5
53798 7170 3062 9 197 15850 21 9 7242 8 6219 4 12662 15850 4 114 6219 4 12662 358571 5
17 3768 19372 489 7 6219 3703 6 12662 16 103415 24 16054 35 6219 4 12662 33 4 16 4939 24 53798 7259 3062 15850 26 9 31276 197 8 879 26 9 521 221 496 3 1079 6494 11102 5853 8 9 197 6219 15850 5
17 798 60029 7 6219 4 103415 24 35 6219 33 8 4416 60029 7 6219 4 103415 24 4 3995 4 31 4939 24 17 197 35 6219 33 16 226 3 1432 642 7 37105 66 2106 3 197 7 5811 7 15850 13 71 26 6401 76 6219 19 3768 19372 489 34 1370 58 5
1301 80 27 92 97 92 6494 11102 5853 4 47 770 13 26 5973 10 32 12634 1356 6494 4 5853 33 10 678 6 422 3 2677 7 3 4416 8 798 129854 5
81 46 2124 4 80 36 1379 3 1273 5533 4 47 80 7253 6 21 37642 90025 7 72312 42112 36387 11686 5
17 5533 2527 3 8958 7 60029 538 12911 12398 7 13987 10 3 5354 197 3695 5
17 8958 7 60029 538 12911 12398 7 13987 16 568 58 7276 60029 14 13896 67818 17807 5
11791 9610 2148 13 3 8958 7 60029 538 12911 12398 7 13987 16 48 5050 14 13896 67818 17807 5
53798 9610 17 8958 7 60029 12911 12398 35 8958 7 12911 12398 67434 33 7 120 33498 6219 15850 19 2201 6 2636 79 16 103415 24 5
66 16 2209 21 114 68806 7 6219 5
208 3082 6494 4 23 16 3 1510 5354 197 1506 7 164647 5
11791 9610 3062 2567 3082 35 15850 4 79 4 9485 4 18365 33 26 32 317 284 4 35 6219 33 26 32 8958 7 67434 8 16 32 8958 7 12911 12398 67434 392 3 3768 2916 7 12911 12398 5
5
33813 6297 15 53798 7259 4 92 5853 4 153 5
8616 4 14 6494 11102 5853 4 80 27 305156 35 6219 33 35 6219 33 8 5
21669 4 35 6219 33 35 6219 33 8 5
273 3082 6494 4 543 15 53798 9610 4 5
273 6494 11102 11102 5853 4 80 27 35 6219 33 35 6219 33 8 5
16816 12502 4 5
53798 9073 38396 161185 79 4 9485 35 161185 33 29 11856 523 2770 4 140 4 11856 3082 249 4 341 4 4 523110 3062 6219 35 161185 3082 33 4 11856 3082 249 4 341 4 4 9424 26 9 33498 7 3 6034 441 11856 523 2770 7 17807 161185 5
25908 120 26 32 3768 2916 5
17 8958 7 3 197 6219 35 161185 3082 33 4 11856 3082 249 4 341 4 4 9424 4 19 2201 6 450506 4 114 4114 358571 72539 4 103415 4 16 4939 24 35 249 33 17 1153 8958 7 17807 161185 79 19 2201 6 450506 79 4 114 4114 358571 72539 4 103415 24 4 16 12354 21 3177 35 341 33 114 9485 35 161185 33 16 3 197 7 2770 7 17807 161185 79 5
53798 9102 4036 9424 13987 4 1153 12911 12398 67434 7 17807 161185 79 19 2201 6 450506 79 4 114 4114 358571 72539 4 9965 6 3 1153 7 4 103415 23970 35 161185 33 4 16 3455 24 3 508 6363 35 459 33 98586 249 842 3 71488 3323 7 3 1273 5533 5
38396 13 10 32 317 284 4 87 31 9424 6034 4 15441 13987 8 14305 16 3 3235 7 9022 2770 7 290 17807 5
17 738 57466 66413 14 9409 9383 197 7 70 17807 5
17 66413 7 17444 3768 52950 70 108791 7 15850 441 523 871 7 17807 161185 8 1153 8958 7 17807 161185 19 2201 6 70 450506 4 114 4114 358571 72539 16 5
17 66413 7 17444 1153 12911 12398 67434 7 70 13987 16 9424 400 5
8616 4 3 46333 10119 7 16 7 3 395088 35 1635 52134 1635 9424 33 5
59268 17 20498 249 16 32 317 284 7 1323 2106 11536 10388 4623 704 619 19 500 58994 5794 13987 109 45993 4 1306 4 8168 4 53298 8 42252 5
20498 249 5
622 317 284 7 1323 2106 11536 10388 5
45993 1306 8168 53298 42252 249 5
12615 720 107442 4239 341 5
25961 3227 4239 107442 459 5
27111 720 4239 4239 503 5
25961 720 107442 4239 500 14447 12615 3458 4239 107442 708 14447 27111 720 4239 107442 700 14447 27111 3227 107442 4239 704 5
27111 3227 107442 107442 187 16 93 9 125259 9 67818 35 421 33 17807 5
1301 4 80 36 5339 9 67818 17807 297 70 1260 5
659 4498 3 2770 7 4 40372 4 80 383 4498 3 61826 3597 17458 24 7488 7 62472 17807 5
17 218 64360 7 6034 25 20498 249 31 1595 21 1667 5
113845 6219 35 45993 3082 5 33
3082 58508 249 4 341 56012 4 6219 35 45993 3082 5 33
3082 58508 459 4 503 4 704 56012 4 6219 35 45993 3082 14447 33 3082 58508 500 4 708 4 700 56012 4 154948 6219 35 1306 3082 799 33 3082 58508 249 4 500 56012 4 6219 35 1306 3082 23449 33 3082 58508 341 4 503 56012 4 6219 35 1306 3082 2379 33 3082 58508 459 4 708 4 700 4 704 56012 4 128951 6219 35 8168 3082 93 33 3082 58508 249 4 459 4 503 4 708 56012 4 6219 35 8168 3082 3458 33 3082 58508 341 4 500 4 700 4 704 56012 4 59879 6219 35 53298 3082 17939 33 3082 58508 249 4 503 4 700 4 704 56012 4 6219 35 53298 3082 1024 33 3082 58508 341 4 459 4 500 4 708 56012 4 141233 6219 35 42252 3082 1024 33 3082 58508 249 4 459 4 503 4 700 56012 4 6219 35 42252 3082 17939 33 3082 58508 341 4 500 4 708 4 704 56012 4 6297 15 53798 7170 4 3 3768 19372 17807 8168 19 2201 6 45993 31 7154 21 1667 5
999 392 3082 7257 4 3 798 8 4416 129854 31 17 1153 8958 7 17807 8168 19 2201 6 45993 31 4752 3 216 4644 4 3 1153 8958 15 70 13987 19 2201 290 6 3 83 31 43420 5
931 11129 31 43628 10 20498 341 5
20498 341 5
17 99252 1153 8958 7 20498 249 5
337439 35 19 2201 6 33 29139 67434 1153 45993 1306 8168 53298 42252 6494 6494 6494 6494 6494 1306 45993 8168 53298 42252 6494 6494 6494 8168 45993 1306 53298 42252 6494 5
708 6494 6494 249 7257 53298 45993 1306 8168 42252 7853 6494 6494 249 7257 42252 45993 1306 8168 53298 7853 6494 249 249 44179 473 5533 4 1655 20498 341 4 3 1391 7 1153 8958 7 13987 16 17807 42252 5
8616 4 17807 42252 16 3467 21 9 67818 17807 5
273 6034 14087 4 80 231 9 6797 22324 5018 5
134 71 10753 35 24065 33 3 6034 543 15 3 421 17807 3467 4 11771 4 42252 5
25421 13 4 3 24065 7 3 197 7 6034 17458 24 17807 42252 16 3082 58508 58508 249 4 459 4 503 4 700 56012 4 58508 341 4 500 4 708 4 704 56012 56012 5
659 46 4 80 71 2714 3 6034 76 67 10753 21 3 74 10753 58508 249 4 459 4 503 4 700 56012 8 169 10753 58508 341 4 500 4 708 4 704 56012 5
17 71488 3323 7 98586 249 5
17 71488 3323 7 5
17 542 2106 5600 628 42 351 25 9 1339 1827 6 2705 7 542 5600 1543 297 1845 619 5
17 6725 31 37377 619 47 17244 7 33504 9094 8 22054 10852 5
158 31 74 64 15 169 19940 2463 13183 619 10 218 3685 43827 22 305842 6071 105078 35 32178 33 5
9757 5600 25625 42 1589 4286 31976 1822 4 290 7 6500 29 218 2430 13 1374 6725 6 1647 7 952 1084 15 1323 4485 4 2073 4 8 554 52 5600 1195 486 542 10 3719 5
17 2430 6170 2527 9986 4680 25 249 110 32 1647 7 299 4 341 14 32 1647 460 299 4 459 14 32 1647 2022 4 503 14 32 1647 4185 477 8 500 110 32 1647 7 177 477 5
659 2376 3 628 4 14 3201 7 542 5600 3247 4 23 3177 2430 4 11771 4 249 770 2325 109 341 770 3753 109 8 4 459 770 2362 5
17 1391 7 1153 1846 16 3 104 785 1543 5
81 46 1339 4 3 542 5600 19026 29 45 960 14 11040 19 30936 1846 10559 8 15206 2038 18550 5
17 19026 5275 619 52 40 2073 4 4485 8 554 1547 19 307 5600 21 3177 109 7784 4 2030 4 203069 4 855 4 234 4 5287 4 8 4926 20889 5
17 19026 59 467 619 52 5805 8 8555 5
17 610 4 731 8 673 7 50250 31 34 666 10 3 19026 106 7 673 18 12956 10 176 7 952 52 855 5600 5
17 1339 16 2173 103 353 1427 8 3 6839 4157 3 1427 4 48 287 306 13063 16 1272 6 1332 3 1339 14 290 1427 5
45834 10 3 1339 31 2112 5272 5
26148 4 3 1323 383 1125 8 1647 3 813 4 3 6839 36 3929 619 6 1647 3 952 5
12016 4411 3 813 19 537 1543 7 542 5600 47 1547 19 40 3796 773 5
6297 15 3 9892 486 2173 3 1339 4 1045 619 27 93 4590 52 3 542 5600 103 3 1339 5
311520 4015 16 220 6 384 61 3 29139 35 2990 33 8 3260 499202 35 28249 33 6 2705 3 218 785 1543 7 542 5600 5
79972 5600 79972 5600 16 9 557 1351 19 2990 3082 8 28249 3082 318510 5
17 619 478 8 27 791 52 5600 125 159 32 7784 5
17 1391 1846 7 46 1351 16 813 249 1145 477 63 756 6984 15 3 5448 463 6 3 1292 7 5923 5
7396 4459 13 1292 7 7784 5923 4 10 1043 34 385 542 16 2172 5600 154 7784 5
79972 5600 628 3201 16 43628 10 20498 459 5
20498 459 5
52788 7 7784 5600 628 3201 5
337439 62856 202 249 202 341 202 459 202 503 202 500 16907 28582 7 5923 500 2592 21121 51809 26264 116579 28896 7582 54 960 409 6052 22651 21706 18033 63671 8514 7353 154 7784 800 18078 37941 16762 5154 27891 68160 14 7784 708 3313 26372 19876 24261 104902 2420 34 1445 3 960 813 700 6486 11078 48374 17745 33952 27449 7784 800 7199 29200 35957 13143 54069 4941 9 2116 960 782 4687 20074 42529 22691 10548 5
55242 5600 17 169 1351 16 55242 5600 19 2990 3082 8 28249 3082 469712 5
17 1391 1846 14 5287 16 813 2131 1145 477 63 1195 13 167 921 2878 177 2025 125 363 1427 5287 5
7189 2878 177 2025 16 57 7 3 5600 3498 4 619 59 210 27 46 18381 125 427 1427 5287 5
17 10028 7 5287 5600 628 3201 16 1595 10 20498 503 5
20498 503 5
52788 7 5287 5600 628 3201 5
337439 62856 202 249 202 341 202 459 202 503 202 500 59433 55959 89 5287 1078 577 11078 29465 14308 63671 28582 7 1493 605 15844 35750 33415 14316 61532 7189 2878 177 2025 889 7867 9655 40440 2536 26720 63276 2195 889 7459 31887 16762 14316 33683 62626 13 5287 34 4569 7 167 542 3128 24194 40487 25323 4467 10873 5
203069 5600 17 296 1351 16 203069 5600 19 2990 3082 92388 8 28249 3082 5
17 1391 1846 14 203069 16 813 697 1145 477 63 756 6984 65 63 86 34 1445 3 203069 1441 5
203069 16 57 7 3 841 1441 4 1323 756 5600 125 112 34 1445 3 1441 5
17 10028 7 16063 5600 628 3201 16 1595 10 20498 500 5
20498 500 5
52788 7 16063 5600 628 3201 5
337439 62856 202 249 202 341 202 459 202 503 202 500 17250 62626 203069 16 9 841 1441 2592 24447 30962 38353 9046 17383 15528 3303 10 203069 985 11327 31274 37223 17696 79840 15528 2184 124 125 203069 1427 302 577 9222 37814 16806 104902 55959 92 112 34 1445 800 7535 31274 40104 16462 6793 34919 518 7 203069 11297 25319 34649 7183 2592 11088 5
19389 5600 17 740 1351 16 19389 5600 19 2990 3082 8 28249 3082 341100 5
1758 2030 16 785 6 474 46 5600 5
17 1391 1846 14 2030 16 813 403 1145 477 63 756 6984 106 7 1292 1493 125 427 2030 1427 5
12016 7059 2030 1427 71 474 5600 106 1292 7 1493 5
17 10028 7 2030 5600 628 3201 16 1595 10 20498 708 5
20498 708 5
52788 7 2030 5600 628 3201 5
337439 62856 202 249 202 341 202 459 202 503 202 500 63671 55959 10 3 2030 1427 4572 19183 16305 25662 4452 54069 2897 3951 1135 11309 30365 20537 9930 16942 9895 13760 167 1171 3128 18078 35627 11671 3992 43577 62626 3 14741 105 3374 5304 1227 16462 52122 26372 3992 134664 28582 7 1493 630 17745 9222 31386 9579 6769 5
3317 5600 17 73 1351 16 3317 5600 19 2990 3082 8 28249 3082 308465 5
17 1391 1846 14 855 16 813 889 1145 477 63 453 120 5093 7 542 65 87 31 117 320 10 9 787 5
17 221 7 31264 16 9 1323 2106 565 10 855 5600 4 1323 756 841 6 542 5
17 10028 7 855 5600 628 3201 16 1595 10 20498 700 5
20498 700 5
52788 7 855 5600 628 3201 5
337439 62856 202 249 202 341 202 459 202 503 202 500 40735 23179 19 5664 3706 2536 51809 24449 3313 134556 136653 21440 9686 29958 32344 24541 4572 9788 23179 19 16733 11297 30444 30365 26272 5154 59927 2110 3485 20947 30096 24124 19183 4572 36308 136653 52 3719 1566 577 25180 31844 23973 3992 53230 37617 7139 7602 21770 48905 19836 1814 58133 52355 542 106 117 31264 3706 23186 29675 34657 9330
81 678 6 2780 3 1273 5533 4 9 13604 7254 284 16 1589 538 415722 1185 35 33 5
17 31660 16 5913 37665 15 9 13821 6015 17924 341 48124 94557 5
17 676 689 2900 16 270884 8 3 1219 284 16 4898 17109 114854 5
79972 5600 187 31 550 13987 7 79972 5600 109 28582 7 5923 35 16907 33 4 28896 7582 54 960 35 116579 33 4 8514 7353 154 7784 35 63671 33 4 1745 14 7784 35 27891 33 4 112 34 1445 3 960 813 35 104902 33 4 27449 7784 35 33952 33 4 4941 9 2116 960 35 54069 33 5
17 665 16 1595 10 20498 704 5
17 3467 17807 16 8514 7353 154 7784 19 3 871 268445 5
273 17807 8514 7353 154 7784 4 80 27 218 18679 21 3177 5
48323 221 11292 7 6034 249 1135 341 11309 459 30365 503 20537 500 9930 20498 704 5
17 665 7 7784 5600 5
337439 35 19 2201 6 33 29139 67434 29139 79 2636 3298 2482 5132 7168 5828 6494 6494 6494 6494 6494 6494 6494 2636 79 3298 2482 5132 7168 5828 6494 6494 6494 6494 6494 6494 6494 3298 79 2636 2482 5132 7168 5828 268445 6766 6494 6494 6494 6494 6494 2482 79 2636 3298 5132 7168 5828 6494 6494 6494 6494 6494 6494 6494 5132 79 2636 3298 2482 7168 5828 6494 6494 6494 6494 6494 6494 6494 7168 79 2636 3298 2482 5132 5828 6494 6494 6494 6494 6494 6494 6494 7168 79 2636 3298 2482 5132 7168 6494 6494 6494 6494 6494 17 43971 7 3 18679 16 2914 10 98586 341 5
79972 18679 43971 98586 341 5
79972 18679 43971 5
55242 5600 187 31 218 13987 7 55242 5600 109 55959 89 5287 35 59433 33 4 28582 7 1493 35 63671 33 4 7189 2878 177 2025 35 61532 33 4 63276 2195 35 26720 33 4 62626 13 5287 34 4569 7 167 542 35 33683 33 5
17 665 16 1595 10 20498 782 5
17 17807 28582 7 1493 8 7189 2878 177 2025 27 216 665 20130 5
12502 4 87 31 67 17807 47 71 26 351 21 3467 17807 5
273 17807 28582 7 1493 49 7189 2878 177 2025 4 80 27 218 18679 8 216 221 7 6034 21 3177 5
48323 221 11292 7 6034 249 1135 341 11309 459 30365 503 20537 500 9930 20498 782 5
17 665 7 5287 5600 5
337439 35 19 2201 6 33 29139 67434 29139 79 2636 3298 2482 5132 29487 7257 6766 6494 6494 2636 79 3298 2482 5132 20130 7853 7257 6494 6494 3298 79 2636 2482 5132 20130 7257 7257 6766 6494 2482 79 2636 3298 5132 6494 6494 6494 6494 6494 5132 79 2636 3298 2482 6494 6494 6494 6494 6494 17 43971 7 3 18679 16 2914 10 98586 459 5
55242 18679 43971 98586 459 5
55242 18679 43971 5
203069 5600 187 31 218 13987 7 16063 5600 109 62626 203069 16 841 1441 35 17250 33 4 15528 3303 10 203069 35 17383 33 4 15528 2184 124 125 203069 1427 35 79840 33 4 55959 92 112 34 1445 35 104902 33 4 34919 518 7 203069 35 6793 33 5
17 665 16 1595 10 20498 183 5
17 3467 17807 16 34919 518 7 203069 19 3 871 6909 5
273 17807 34919 518 7 203069 4 80 27 218 18679 21 3177 5
48323 221 11292 7 6034 249 11297 341 25319 459 34649 503 7183 500 2592 20498 183 5
17 665 7 203069 5600 5
337439 35 19 2201 6 33 29139 67434 29139 79 2636 3298 2482 5132 6494 6494 6494 6494 6494 2636 79 3298 2482 5132 6494 6494 6494 6494 6494 3298 79 2636 2482 5132 6494 6494 6494 6494 6494 2482 79 2636 3298 5132 6494 6494 6494 6494 6494 5132 79 2636 3298 2482 6909 6766 6494 6494 6766 17 43971 7 3 18679 16 2914 10 98586 503 5
203069 18679 43971 98586 503 5
203069 18679 43971 5
19389 5600 187 31 218 13987 7 19389 5600 109 55959 10 3 2030 1427 35 63671 33 4 2897 3951 35 54069 33 4 9895 13760 167 1171 35 16942 33 62626 3 14741 105 3374 5304 35 43577 33 4 28582 7 1493 35 134664 33 5
17 665 16 1595 10 20498 407 5
6297 15 20498 407 4 3 3467 17807 16 2897 3951 19 3 871 27063 5
273 17807 2897 3951 4 80 27 218 18679 21 3177 5
48323 221 11292 7 6034 249 1135 341 11309 459 30365 503 20537 500 9930 20498 407 5
17 665 7 2030 5600 5
337439 35 19 2201 6 33 29139 67434 29139 79 2636 3298 2482 5132 6494 6494 6494 6494 6494 2636 79 3298 2482 5132 27063 6766 6494 6494 6494 3298 79 2636 2482 5132 6494 6494 6494 6494 6494 2482 79 2636 3298 5132 6494 6494 6494 6494 6494 5132 79 2636 3298 2482 6494 6494 6494 6494 6494 17 43971 7 3 18679 16 2914 10 98586 500 5
19389 18679 43971 98586 500 5
19389 18679 43971 5
3317 5600 628 187 31 550 13987 7 3317 5600 109 23179 19 5664 35 40735 33 4 136653 21440 35 134556 33 4 23179 19 140048 35 9788 33 4 139 3485 35 59927 33 4 136653 52 3719 1566 35 36308 33 4 37617 7139 35 53230 33 4 52355 542 106 117 31264 35 58133 33 5
17 665 16 1595 10 20498 403 5
6297 15 20498 403 4 3 3467 17807 16 139 3485 19 3 871 28544 5
273 17807 139 3485 4 80 27 218 18679 21 3177 5
48323 221 11292 7 6034 249 1135 341 11309 459 30365 503 20537 500 9930 20498 403 5
17 665 7 855 5600 5
337439 35 19 2201 6 33 29139 67434 29139 79 2636 3298 2482 5132 7168 5828 6494 6494 6494 6494 6494 6494 6494 2636 79 3298 2482 5132 7168 5828 6494 6494 6494 6494 6494 6494 6494 3298 79 2636 2482 5132 7168 5828 6494 6494 6494 6494 6494 6494 6494 2482 79 2636 3298 5132 7168 5828 6822 6494 6494 6494 6766 6494 6494 5132 79 2636 3298 2482 7168 5828 6494 6494 6494 6494 6494 6494 6494 7168 79 2636 3298 2482 5132 5828 6494 6494 6494 6494 6494 6494 6494 7168 79 2636 3298 2482 5132 7168 6494 6494 6494 6494 6494 6494 6494 17 43971 7 3 18679 16 2914 10 98586 708 5
3317 18679 43971 98586 708 5
3317 18679 43971 5
81 46 1381 4 3 12911 12398 5354 197 29 45 220 21 17807 3394 6 1323 2100 2062 5600 5
17 5533 16 543 15 3 1153 7 8958 7 60029 538 12911 12398 7 13987 5
134 6452 3 5533 1217 137 218 7 2062 5600 1543 297 619 22 305842 6071 105078 35 32178 33 4 11771 4 7784 5600 4 1427 5287 5600 4 203069 5600 4 2030 5600 8 855 5600 5
17 522 240 13 12911 12398 5354 197 71 26 220 6 600 1323 10 290 542 2106 5600 5
17 3467 13987 31 8514 7353 154 7784 4 28582 7 1493 49 7189 2878 177 2025 4 34919 518 7 203069 4 2897 3951 8 139 3485 4 3995 5
273 13 4 10 426 162 3 6868 143 6 1746 4653 4 6 2494 9 953 10 678 6 1128 5600 8 454 6 1297 1323 2106 3796 773 71 26 9168 543 15 3 665 5