2616 2376 16 9 974 8 1783 5018 220 6 30174 6291 1822 76 2190 5835 13 71 26 1725 8 3275 8118 5
31587 2616 2376 51835 6291 1822 108 5835 53 79 4 2636 4 49 3298 543 15 887 1228 9573 7 32 6291 6500 5
41748 6680 6291 19372 29 45 1273 24 9 221 7 1296 10 678 6 159 83 533 6680 76 5139 5
931 1296 27 677 250164 35 43826 33 69676 19372 4538 19 1510 2489 2376 35 42223 33 5
34417 7 192 161185 543 4538 539 270 60401 4081 35 33 4 2642 35 33 4 8 3 11856 8668 5737 35 11856 523106 33 31660 5
659 960 3 7362 7 192 4538 4 19372 522 543 15 179 4482 4538 31 677 5
17 522 240 13 161185 543 4538 5441 7156 8958 6 42223 5
40013 2376 6886 13 187305 7928 48 5050 19372 58 83 161185 543 4538 5
145 1913 2048 3 2177 7 9375 161185 543 4538 14 41748 6680 2616 2376 10 5909 6570 1330 35 45549 33 1443 5
30553 6291 891 29 641 32 533 604 10 3 1028 7 1605 2614 891 5
273 2508 13 2384 764 7 6291 1822 4 23 16 14354 6 581 3628 5139 6 290 6500 5
18169 31 1272 6 30174 192 1822 10 678 6 12362 532 290 6291 1427 232 6 50 3238 3246 5
2616 2376 16 57 7 3 104 7081 4723 6291 19372 4538 5
31587 2616 19372 18 1589 14 231 24 903 6554 154 3 5912 5
17 19372 1488 16 543 15 3 181810 5131 4 49 3 1396 4 13 6655 3 508 1396 7 11815 53 3047 265 8 18795 283508 17 650 7 2616 2376 51835 6291 1822 76 79 4 2636 4 49 3298 5835 543 15 2395 887 1228 9573 5
6631 1228 9573 16 7154 24 39915 3 1228 871 147 1513 24 3 887 9573 489 35 6334 323 14799 4 4973 109 192494 323 4 1422 33 5
48030 1822 31 153 6103 232 6 3 21565 678 7 40 887 1228 9573 5
6722 79 1822 31 2086 396 10 221 4 44 1250 14 3 2670 1058 7 887 1228 9573 5
81 2906 4 1427 3298 1822 31 2086 528 10 221 4 44 132 55 9 623 396 1058 7 887 1228 9573 5
34712 148 3597 79 8 3298 31 40345 21 1427 2636 5
1113 2616 2376 16 9078 14 50 3279 7 231 4 23 29 45 3240 14 50 4302 1101 15 1228 9573 5
1516 6680 133 21 220985 4 68345 4 59716 4 25455 4 6291 470 4 8 678 1646 3212 27 59 45 4218 21 1568 14 6291 19372 35 18418 323 4 6104 109 73654 323 42544 4 274 109 36355 4 359 109 115303 4 502 33 5
81 678 6 7933 41748 6680 6291 19372 4 117 1296 27 1273 4309 13 1384 2193 83 58 887 1228 9573 5
18418 8 35 6104 33 1589 9 2858 86331 40056 5018 14 231 10 95531 6680 6291 19372 109 43 170 13 3 5018 2742 1576 4093 65 108 49 48 6680 31 694 10 22015 5
6334 8 14799 35 4973 33 6227 9 11245 67818 5533 6 30174 6291 1822 19 2489 13987 109 658 4 9 3292 1058 7 6291 628 16 1272 6 12730 46 5533 5
70547 11245 3803 133 21 2916 2376 31 59 1622 5
3265 89 9 84 6291 6500 16 7545 10 9 8818 4 3 67818 650 383 26 3629 4 8 87 16 9 2177 13 1321 6401 1822 142 194 55 19 523 3597 5
192494 8 8584 35 4164 33 3677 3 49310 14478 650 35 175941 33 6 6291 19372 10 678 6 539 189 11427 8 44895 8557 6680 5
175941 29 45 4061 14 50 3279 7 231 8 50 10113 7 182 5886 109 658 4 3 88038 3979 25 3 1808 8057 4631 650 7 175941 8501 544 5
86056 4 96592 4 8 32396 35 359 33 1589 9 536385 2489 6680 4499 6684 22565 3 5533 14 678 8684 24 27647 6 5043 2104 35 33 14 2616 2376 5
35 35381 323 43693 4 6962 33 34298 3 3457 7 290 2155 25 189 3 104 5043 8 248 5043 2506 5
39409 13 31 5426 6 3 104 5043 983 4 125 110 35570 25 3 248 5043 983 4 31 1109 19547 5
659 3874 3 969 7 88038 4 115303 35 502 33 8 36355 35 359 33 1273 4309 825 6 628 2376 35 20505 33 5
931 4309 14391 3 7732 6291 1846 13 16 220 6 30174 290 6291 6500 5
4749 175941 4 3 17509 392 6 6401 6680 31 10455 5998 65 3 20505 1506 16 30512 5
2224 3 11245 67818 5533 4 46 1506 383 26 56145 8 10455 7302 9 84 6291 6500 16 2042 5
161185 543 4538 14 6291 19372 31 5656 4084 5
8 451910 35 2804 33 1273 3 4624 31660 14 41748 6680 6291 19372 35 33 6 13012 3 2059 7 6680 4 486 19 3 19869 8 17045 31568 266 7 6401 6291 1822 5
11649 6 3 175941 4 6680 14478 16 25810 6 49075 16036 3247 7 3 6291 1822 5
17 1822 19 3247 1370 58 3 19869 31568 397 31 6401 21 79 109 7521 138 148 19869 8 17045 31 6401 21 2636 4 8 138 1298 17045 21 4854 79 28451 133061 3 2059 60401 4 486 19 3 67 31568 266 14 19372 5
3260 4624 4262 133 21 20749 4 17764 4 8 17904 31 3677 6 3 31527 5
11657 3 1277 7 6680 17509 1321 3455 137 1808 8057 10602 148 67 6680 5
49474 32542 2642 27 45 1940 3677 14 19372 5060 4 21 166 21 14 11249 544 10 9 2726 7 2333 5
158 31 4116 14 1913 108140 12554 8 14627 3 4919 5897 5
227295 8 13320 35 280 33 2314 9 3592 1339 7 32542 992 6169 4 102374 3 2673 7 2642 76 5835 53 3631 8 1474 4 244 8 3570 4 3685 8 2484 4 8 1971 5
19944 8 1474 16 3 3936 19 3 2670 221 7 2333 4 907 19 4974 6 2328 10900 4 510 8557 4 1920 9674 4 8 955 8557 1474 5
192494 8 35 1422 33 25810 35 5629 33 8 4624 31660 35 37566 33 69676 2854 4309 6 1800 32 7732 32542 992 14 6291 19372 5
263736 6291 628 25 9 528 6503 136 42 220 6 6786 3 8958 7 3 1273 32542 992 4309 19 13 7 2489 2376 35 42223 33 4 9 11245 19372 5533 5
21847 13987 150 1513 484 4 8062 470 4 796 1079 4 8 220985 42 220 6 30174 3 6291 1822 5
17 522 661 13 32542 19372 2520 27 9 568 31392 8958 58 3 4759 42223 5533 5
6912 3 67 32542 4538 4 3 37566 4964 1927 333 19372 8958 58 5629 5
17 270 60401 2953 35 187305 33 16 9 1509 3093 2854 31660 2042 24 35 3401 33 5
79 187305 16 543 15 3 8466 552 156894 5131 5
187305 32629 9 19379 904 7 27728 7410 10 9 272 15209 904 5
81 3 272 15209 904 4 32 19547 14627 16 9168 6 371 3 3235 8960 148 421 3597 5
27 616 2436 974 2953 2854 3648 14 19372 8 56018 5
26010 7 29 8509 964 1531 10 9 2726 7 3547 4 150 1973 9674 4 2942 79833 4 119151 4 4942 6708 4 8 229 2376 35 5707 323 10141 4 274 33 5
11856 8668 4338 35 11856 523106 33 16 184 974 5018 14 19372 8 5195 4355 109 23 18 74 2042 24 31652 8 28779 35 13466 33 4 8 268 9888 24 25448 8 6351 35 6801 33 5
81 46 5018 4 9 3340 2042 6500 16 6401 76 3 1427 19 3 104 320 1379 297 3 11856 8668 4338 5
20406 7 11856 523106 71 26 170 10 1678 5195 4355 8 19372 544 5
17 939 7 46 1381 16 4393 21 3177 5
8941 341 5152 3 13538 7 307 161185 543 4538 5
21241 19372 4538 13 42 170 10 3 6854 31 2994 8 4964 10 8941 459 5
81 8941 503 4 3 161185 543 6291 19372 4538 220 10 46 601 31 962 5
622 19798 16 1252 10 8941 500 13 9670 3 8958 7 1678 19372 4538 5
17 1381 10761 10 8941 708 19 9 2898 7 3 2673 7 3 161185 543 4538 6 2489 6680 6291 19372 544 5
48030 19372 544 293 19 3 10808 7 6291 1822 6 9 182 95 13 43 71 26 12362 1725 5
7732 1442 35 43826 33 69676 4538 159 1653 7 8524 8783 8 2410 1416 718 65 1572 1678 2854 27964 14 19372 5
81 46 1381 4 108 161185 543 19372 4538 36 26 25810 14 6291 19372 53 5629 2642 35 33 4 4 8 3 11856 523106 31660 5
17 8958 7 290 5533 36 26 677 19 3 461 5
2642 31 3 104 1940 220 19372 5533 14 928 32 7732 32542 992 5
79 316500 32629 12391 2854 4309 8 511151 6358 6 3030 1812 7410 133 21 5195 4355 4 19372 4 8 10900 5
79 3848 316500 35 98586 249 33 16 9935 7 108 10746 7 23791 53 3 9796 9419 4 3 4438 9419 4 8 3 3354 9419 5
17 9796 9419 16 1109 3 1506 37473 4 125 3 3354 9419 16 3 2442 3115 7 3 37473 5
17 4438 9419 23809 3 1322 148 3 9796 8 3354 10746 24 21025 104027 17509 5
4622 71966 992 6358 98586 249 5
4622 71966 992 6358 5
84181 9419 23791 31 27728 4 125 23791 10 3 4438 8 3354 10746 27 3905 7410 35 13320 4 744 33 5
17 9796 5300 31 5607 24 3 28508 17509 185846 5
79 3905 4859 16 220 6 22098 3 5806 7 3 5607 5300 5
66 59 18888 3 3354 7 3 4438 9419 76 3 9796 5300 7 3 3354 9419 5
10052 4 3 9796 5300 7 3 3354 9419 31 5607 24 3 28508 17509 5
17 5806 7 5607 5300 16 369 13097 24 9 3905 4859 8 3 3354 16 3883 5
17 17509 7 9796 4438 8 4438 3354 10746 31 5607 24 9 2190 2854 4859 4 133 21 66590 10529 543 27964 4 21 1595 10 98586 249 5
9207 60401 4081 42 2925 1589 24 8 14882 35 3401 33 22 4193 17719 5
79 187305 6655 8466 552 156894 623 58 3 34130 552 156894 220 24 4759 32542 2642 5
231 9 27728 1506 6 5507 108140 1427 8026 2151 3 108140 15987 7 9796 83735 76 9 272 61638 2419 904 5
81 46 272 61638 904 4 3 3235 3053 16 170 95 13 3 8960 148 421 3597 71 26 85544 5
9207 83735 31 4939 21 3 928 6200 5426 6 3 3235 3053 5
4036 9 928 197 7 3099 4336 9906 35 94604 4 348130 33 4 4114 3082 249 4 341 4 4 9424 4 114 3 9796 16 10921 94604 80460 8 3 3354 16 10921 348130 58508 4 56012 4 3 187305 303777 44931 3 508 912 53 114 19966 68806 3 2059 60401 8 8862 3 9124 5
35 17563 33 16 9 108140 4859 13 9013 3 9796 904 6 9 272 61638 2419 904 5
35 14937 33 1635 8862 3082 6494 16 3380 21 3 27728 14627 13 19756 67 19 3 3053 22690 3628 6 5
273 19372 544 13 31 180305 14510 249022 4 12340 19372 16 20112 5
659 852 14 12340 19372 4 9 17617 12911 16 2042 6 3 1112 27708 1506 8 16 4939 21 53 114 3298 16 9 1936 96734 4 47 16 9 499320 4599 13 18020 3 34113 148 928 3768 8 1506 92720 5
81 678 6 4855 46 210979 27708 565 4 3 209754 5018 16 220 5
209754 123462 35 11771 4 270 83735 33 31 2042 6 13014 3 209754 4859 220 6 384 3 23381 397 53 999 7623 169577 35 33 912 14 3 30392 18751 4859 4 289023 71 26 6740 6 3 9460 209754 75919 35 33 53 17 9460 916 7 3 35871 27708 1506 71 26 6740 21 17 6706 729 10 3 6905 4859 7 3 9460 209754 31 2445 24 3 54861 4859 10 678 6 4434 3 3099 628 76 9 272 61638 2419 904 53 17 3394 7 64431 16 533 10 678 6 4498 5394 19372 522 5
17 104 974 54861 7410 31 27728 4 395088 4 70865 1625 7410 35 33 4 8 5
3062 26 3 19547 2104 14 3 9460 27708 565 5
17 421 4859 14 19372 71 26 4939 21 53 11856 8668 4338 11856 523106 16 9 14510 182439 5533 14 48975 11537 35 25448 323 6351 4 6801 33 5
110278 7 3 1415 7 3457 49 27647 148 11537 31 2173 2543 6 19372 5
79 3340 2042 6500 16 153 6401 6 3 182 114 3 1045 7 11856 7857 5
10555 7 11856 523106 2818 32 3206 871 7 8 35 9749 33 1273 13 9 4203 11856 86 26 3455 24 17444 3 2842 6808 7 3 221 7 11537 10 9 182 5
21045 35 6962 33 2048 13 9 794 8 3768 1217 250 26 48 1783 10 7995 3 871 7 11856 13 74337 3 2654 19372 3768 5
62053 4 19118 4 8 48114 35 2391 33 2173 9 9512 2376 6 6786 3 19372 8958 297 1678 2770 7 11856 6 7336 13 9 871 7 459 1929 13 1391 4007 19372 489 5
81 678 6 5518 3 7362 7 3 3467 19372 4538 4 3 19372 522 7 307 4482 4538 31 677 5
17 4482 4538 8 40 2442 19372 6680 27 45 1273 10 2062 24 3444 35 6104 33 4 18418 4 13278 4 8 35 3824 33 4 115303 35 502 33 4 8 36355 35 359 33 5
238 2994 1321 4 3444 35 6104 33 220 887 1228 9573 21 3 97 38020 6 30174 6291 1822 5
64934 869 1947 2367 35 127036 33 42 1433 24 7577 232 6 887 1228 9573 5
17 74 183 127036 1822 6422 14 73760 202 7 3 676 9573 871 4 8 42 6173 21 6722 79 5
17 161 698 203700 6422 14 34041 202 4 8 42 6234 6 6722 2636 5
17 1652 889 1822 42 29371 21 6722 3298 4 19 9 432 7 15905 202 7 676 9691 5
18418 12283 3462 5
35 3824 33 3677 175941 543 15 179 6680 4 13563 4 596 1513 470 4 887 1228 9573 4 1568 2916 4 8 220985 5
17 17509 14 3 6680 31 414131 4 494378 4 43117 4 8 47925 4 3995 5
115303 35 502 33 6227 9 384675 105 16036 27728 27708 1506 6 49075 32 19547 6291 1846 14 290 6291 6500 5
17 17315 1506 16 1595 1298 53 114 16 3 773 7 260948 6291 6500 10 970 7 6680 72539 4 125 16 3 421 12911 13 18020 3 3206 2059 7 3 260948 6291 6500 14 38020 72539 5
17 19547 1846 14 290 7 3 3573 6291 1822 71 26 3455 24 2571 3 6905 4859 5
48030 1822 31 6401 543 15 40 3703 6291 3247 5
36355 35 359 33 1273 9 19372 1488 825 6 13 7 115303 35 502 33 5
7187 6 3 1444 7 3 27728 1506 4 8586 7 3 773 1170 16 1303 61 6 2430 70 13693 76 9 1079 109 3 19372 6680 31 153 4041 232 6 40 3238 5
355 7623 3 216 104296 4 3 16036 27728 27708 1506 5607 24 36355 71 26 1595 21 53 17 74 37863 7 3 1506 16 9 40937 37863 4 125 3 169 37863 14264 13 3 6680 31 4041 10 9 21565 678 5
17 231 7 48871 17509 2980 3 2059 1846 496 9 2430 7 125 5714 3 5806 7 70 17509 21 249 5
81 46 542 4 3 19372 522 25 3 179 4482 4538 42 220 6 960 3 7362 7 3 161185 543 4538 5
81 129 601 4 3 161185 543 19372 4538 316500 4 187305 4 8 11856 523106 42 6227 6 30174 6291 1822 5
81 678 6 542 3 7362 7 192 19372 4538 4 3 19372 522 42 677 19 3 522 9863 538 1510 42223 5
2431 19372 6680 4 2337 25810 24 18418 12283 3462 5
35 3824 33 4 42 3467 21 29132 53 596 1513 470 4 887 1228 9573 4 1568 2916 4 8 220985 5
17 19372 522 25 3 179 4482 4538 42 29371 76 79 4 2636 4 49 3298 3597 5
17 9796 6680 8 3 3354 19372 522 7 3 179 4482 4538 31 1595 10 20498 249 5
20498 249 5
55706 163 41748 6680 24 1678 4482 4538 5
203700 81381 21241 522 9897 1513 470 6631 1228 9573 27619 2916 321 89 20370 2616 175941 80264 1846 82237 1846 249 337767 249 341 79 79 79 79 341 249 500 79 79 79 79 459 283170 249 503 79 3298 79 79 503 338695 25343 249 79 3298 2636 79 500 346222 5853 459 79 2636 2636 79 708 297387 5853 459 3298 3298 79 79 700 242852 5853 459 79 3298 3298 2636 704 320801 25343 503 79 3298 2636 2636 782 535878 249 708 79 79 2636 79 183 5853 503 79 2636 3298 79 407 80188 249 341 3298 2636 3298 3298 403 184902 5853 500 3298 2636 79 2636 698 136307 249 700 2636 79 79 79 685 5853 500 2636 2636 2636 2636 409 317127 249 459 2636 79 3298 3298 697 195639 5853 459 3298 3298 3298 3298 800 193353 5853 503 2636 2636 3298 3298 630 113190 5853 708 2636 79 2636 3298 947 112126 5853 500 3298 2636 79 2636 302 307631 5853 503 2636 2636 3298 3298 1004 235928 249 503 2636 79 3298 3298 985 275250 5853 503 2636 2636 3298 3298 1135 136307 249 503 3298 79 2636 2636 889 237589 500 459 3298 79 3298 3298 605 242888 25343 249 3298 3298 3298 3298 1239 473224 25343 459 3298 3298 3298 3298 1173 497612 25343 249 3298 3298 3298 3298 1227 313915 25343 708 2636 3298 2636 2636 1403 25343 700 79 2636 79 79 306 428889 25343 249 3298 3298 2636 3298 1078 388179 5853 500 3298 2636 2636 2636 2131 337348 249 341 3298 2636 3298 3298 2511 262722 25343 500 3298 3298 79 2636 2723 109864 25343 700 3298 3298 79 2636 1596 331947 25343 459 3298 3298 3298 3298 2592 178761 249 459 3298 2636 2636 3298 2919 116076 441876 25343 500 2636 3298 3298 3298 2918 5853 459 3298 3298 3298 3298 3128 436085 25343 500 3298 3298 2636 2636 716 407842 25343 708 2636 3298 3298 2636 3356 160218 452161 25343 341 3298 3298 2636 3298 2913 236410 447771 25343 341 3298 3298 3298 3298 3313 267419 332008 25343 500 2636 3298 3298 3298 3132 351158 351158 25343 459 3298 3298 3298 3298 1814 274579 274579 25343 700 2636 2636 2636 2636 3440 215056 215056 25343 459 3298 3298 3298 3298 3573 141895 285959 25343 500 2636 3298 3298 3298 17 14 46 542 42 1589 538 3 133951 3673 176107 7 415722 5
3194 992 15995 7 179 9796 23791 8 57 3354 61279 5
931 23791 3001 179 6680 14 6291 19372 8 3 108 6291 3597 5
79 4438 9419 9935 7 583 4438 23791 18 59 25810 6 6143 3 9796 8 3354 10746 5
238 11084 3 187305 4 3 70865 1625 4859 35 33 1342 21 3 54861 4859 5
17 4416 16275 7 3298 8 3 54861 96734 71 26 170 24 9 7132 1046 496 9 42346 7132 904 5
17 187305 14 46 542 18 6227 538 35 15669 323 14879 4 911 33 5
17 3394 7 3 19547 871 7 3 2621 96734 11856 16 1568 65 48975 19 11856 523106 5
81 46 542 4 3 2621 96734 11856 18 6234 9 871 7 459 4 21 1282 24 62053 12283 3462 5
35 2391 33 5
17 11856 523106 303777 18 153 6227 538 415722 5
17 100402 18 10637 19 316500 4 187305 4 8 11856 523106 538 46473 2858 25017 5
17 3573 6291 1822 42 74 3868 76 108 108791 7 440 3628 1646 35 11771 4 697 4 697 4 8 409 33 5
364 33498 18 37665 2870 538 3 303777 3559 24 3 1652 67 108791 5
17 596 8958 14 70 18 43420 14 290 19372 5533 5
145 628 18 220 14 4831 4631 5
17 19372 522 7 3 108 161185 543 19372 4538 42 677 19 3 42223 522 10 678 6 542 40 7362 5
17 11249 8958 7 3 19372 522 18 677 14 179 4482 4538 4 13563 4 1510 2616 35 3444 4 6104 33 4 175941 35 18418 12283 32330 4 3824 33 4 19547 1846 35 115303 4 502 33 4 8 12010 1846 35 36355 4 359 33 5
17 8958 18 5559 24 3 2156 7 11537 9109 6401 14 9 19372 5533 5
20498 341 842 3 8958 7 3 179 19372 4538 220 6 4764 3 19372 522 7 3 179 4482 4538 5
81 678 6 8612 3 3272 148 192 4538 4 2376 7 48517 35 33 18 2173 4 8 3 522 31 217 10 20498 459 5
17 10900 773 7 3 179 19372 4538 18 2537 523 5
5644 2106 2489 1079 960 35 135491 33 4 9 237463 2279 7 4 18 2828 5
187305 22308 3 83 19372 4538 10 329 4482 19372 5
316500 4041 169 10 329 10900 773 2936 3 10900 7 12010 1846 5
17 2654 4041 42 11856 523106 8 42223 4 10 13 678 5
17 522 240 13 161185 543 19372 4538 3030 333 58 1510 42223 2936 10 57 3099 5
20498 341 5
55706 8958 7 161185 543 4538 6288 42223 53 3 522 7 4482 4538 5
55706 4538 21241 4538 20370 2616 35 202 33 175941 35 202 33 80264 1846 35 202 33 82237 1846 35 202 33 9897 35 202 33 187305 505559 35 249 33 359828 35 249 33 542137 35 249 33 359975 35 249 33 497484 316500 551483 35 341 33 203716 35 341 33 35 341 33 444062 35 503 33 289855 11856 523106 35 459 33 508312 35 459 33 35 459 33 412910 35 341 33 403538 42223 372706 35 503 33 214613 35 503 33 239182 35 503 33 543078 35 459 33 323139 9897 17 221 10 157819 38510 3 5791 678 297 3 179 4538 220 6 4764 3 522 7 9 14644 4482 5533 5
20498 459 5
11391 7 14 3 179 19372 4538 5
21788 109312 29139 2842 7168 871 9421 871 130840 6912 600 459 350617 126185 5839 600 6327 5640 19765 34252 22 500 202 653 5
1113 161185 543 4538 4964 19629 10 6291 19372 4 43 2828 7196 65 7678 523 4482 522 5
273 1510 2616 2376 4 3 19372 433234 14 70 161185 543 4538 42 996 1614 202 4 121 97 9 837 38020 18 3677 14 19372 5
17 773 7 3 161185 543 4538 18 34 21 206 65 11249 3 19372 522 14 175941 8 19547 1846 5
145 86 26 6586 6 3 4482 4538 231 7 2489 6680 14 41748 1427 52950 4 907 65 97 3573 6291 1564 31 558 5
7448 4 187305 18 3 104 5050 297 70 179 4482 7736 463 6 50 272 83538 7453 4 21 166 21 50 231 7 54861 7410 6 474 3 2854 3961 5
20370 2616 2376 144 26 2445 19 41748 6680 19372 6599 10 678 6 3009 6291 48 11076 5
41748 1427 19372 22565 2489 6680 2818 4538 3682 7 1691 5050 19372 8 5447 9 528 221 7 6291 1822 5
161185 543 19372 4538 133 21 316500 8 37566 27 4861 6 26 4213 4309 14 48975 6291 1822 5
81 46 542 4 187305 8 11856 523106 42 25810 6 6786 40 19372 773 19 42223 5
79 628 197 5698 220 24 3444 35 6104 33 13 4286 3573 14654 203700 5
17 216 628 197 39 45 220 24 9 221 7 83 1296 35 18418 12283 32330 4 3824 109 36355 4 359 109 115303 4 502 33 6 960 1678 19372 4538 4 95 192 19372 522 42 25810 21 3 4482 14 46 542 5
79 46473 2858 25017 1217 18 3677 6 8612 3 7362 7 3 179 4538 5
17 522 661 13 161185 543 4538 31 48 5050 58 42223 5
81 1654 4 187305 22308 3 83 4538 15 70 179 4482 522 5
20370 2616 2376 29 45 6227 10 117 5909 6570 1330 35 45549 33 1443 14 1783 6291 891 109 658 4 1510 2616 2376 16 22275 24 3 644 13 23 2527 9 837 38020 8 18840 83 533 2193 133 21 797 49 2120 220985 4 7502 317 4 190431 4 4703 5
17 2334 7 129 542 1919 13 45549 1443 71 26 220 6 5507 161185 543 19372 4538 19 2489 6680 10 2616 2376 5
17 231 7 192 4538 36 1297 3 7362 8 3961 7 6291 891 5