4645 11249 16 2409 10 2066 224 106 7 70 3 4046 2442 19 796 8 1605 5
966 2520 14 11249 2066 729 31 1273 10 3 6854 72 3 271 265 1208 5
473 3 11030 7 7732 1442 2520 4 7732 32542 2642 35 49894 33 31 1940 220 10 11249 5
49894 2520 27 45 1556 6 26 48 4213 8 1783 58 117 1510 11245 11249 2520 5
1504 3 217 9063 4 23 16 2086 48 20558 14 49894 6 3030 11249 5
81 3 2066 386 4 348 11249 16 3558 106 87 31 95 117 1247 11884 35 11771 4 203700 33 8 9425 11249 665 16 666 5
238 9 665 4 3 1806 49894 2520 51 343 7722 5
81 46 1381 4 9 84 1506 47 6655 189 3 3638 2854 2953 35 219790 33 8 3 1510 11245 4309 16 1273 5
61648 19 521 628 2757 31 2173 5
79 4631 19 83 1510 4309 29 1595 13 46 219790 2025 11249 35 60196 265845 33 1506 16 2411 8 1783 5
70189 9965 6 7678 3 426 993 4 1618 543 15 3851 628 5
40013 2520 27 45 1940 4723 10 5750 11249 14 9 241 89 35 10886 323 4 6559 109 13043 4 7357 4 323 446748 4 274 109 47806 323 541491 4 3952 33 5
1203 7 3 11245 2520 31 205930 2025 10 682 11249 5
273 3099 4 3 1506 477 10816 363 9 317860 1877 496 9 265 1577 543 15 1116 7 3851 628 266 35 13043 12283 32330 4 274 33 5
527 4 11245 4309 142 3303 6 3030 166 10 11249 544 19 1695 1812 628 5195 5
238 9 665 4 2516 1443 543 15 49894 2520 27 45 166 1273 10 363 11249 8 3 522 31 3556 35 15669 4 6794 4 323 7914 4 359 109 15669 4 6794 4 323 47153 4 744 109 4 4 323 4 280 109 17354 4 44883 4 28724 4 323 38043 4 1095 33 5
1504 110 1595 6 26 17852 4 104 49894 543 348 11249 4309 231 66590 543 2854 27964 4 133 21 3 119 71966 32542 992 35 33 35 261829 4 4540 33 4 8 544 133 21 72 24220 8 902 46333 89 11851 5
273 946 4 90 164751 543 27964 4 47 31 5446 6 3096 3 11249 8958 4 142 2093 159 465 10 7019 3 2485 141 14 9 1906 11249 2485 35 38699 4 16453 4 323 15152 4 274 109 323 4 2773 33 5
238 9 665 4 125 3 49894 1506 71 371 5050 1877 4 3 1272 11249 89 71 26 9 334 6738 6 50 19630 2333 5
238 80 259 4 14 117 3609 4 11249 236 26 617 177 1003 5
6644 6200 539 3 11249 7 869 484 35 2552 323 38147 4 2804 109 12138 4 43571 4 323 91606 4 1422 33 4 8 11249 348 10 2066 224 35 4 110870 4 12825 4 323 27847 4 590 109 16453 323 28306 4 274 109 17713 4 43612 4 323 195665 4 2804 33 5
46626 4 16910 4 143 6 1800 9 9576 5050 8 2025 11249 5018 2742 32 533 601 5890 5
79 2086 3093 2854 31660 14 837 4438 9419 448659 32542 2642 35 33 226 3638 2854 2953 35 219790 33 29 45 1273 616 35 18150 4 20928 4 323 74253 4 33 5
219790 34 97 19601 146 3254 19 9 568 83538 773 58 3 1510 66590 543 2854 27964 44 23 59 19102 117 4166 1861 24 66590 543 2854 4309 133 21 5964 6680 4 2854 489 4 2854 129759 4 325 244038 4 8 3 72 14549 544 5
238 9 8867 4 3 219790 1506 9704 2854 89 7 49894 4480 8 23 141 754 23 537 6 2780 219790 10 10534 2333 133 21 10534 532 35 18150 4 20928 4 323 74253 4 33 5
81 46 1381 4 80 8850 9 84 5018 47 6655 3 3638 2854 2953 35 219790 33 4 19 3 3109 7 11245 4309 4 14 363 2025 11249 14 2066 729 19 9 1101 15 19630 2333 5
17 11249 8958 8 89 470 7 3 219790 1506 31 189 12956 5
61648 31 2173 19 521 628 25 3 2066 386 5
17 1273 284 16 1595 6 26 1783 8 4213 14 5750 2025 11249 14 2066 729 5
17 939 7 46 1381 16 4393 21 3177 5
134 1165 3 1547 6854 10 8941 341 5
134 5576 3 8466 2763 21 166 21 2000 7 219790 10 8941 459 5
17 2025 11249 1506 8 3 7562 9345 2376 31 1273 10 8941 503 5
134 7336 10 8941 500 5
40013 2520 27 45 1940 3677 14 11249 14 1208 5
28043 105 27728 56018 4 46279 42146 4 4 35 10886 323 4 6559 109 13043 12283 32330 4 274 33 4 4703 5
31 2436 6 26 1783 8 4213 163 9 32840 13 3 1481 27 3 2505 6 2401 3 243 1506 8 5339 3 3206 19393 14 13941 13 1506 5
40013 2520 31 1618 2025 10 5750 11249 8 9 11249 47 754 231 7 764 7 3851 93927 71 477 26 1318 10 1577 5
527 4 3 8958 7 192 2520 5473 1695 15 3 2516 2106 2505 7 3 1506 3394 8 3 4919 5195 35 47 16 4438 10 3 628 33 8 46 8501 9 16018 14 117 521 247 2333 65 3 421 3891 31 34 10581 18974 5
81 1067 7 46 4 291 353 6 8245 7732 32542 992 35 49894 33 106 23 29 5142 2000 133 21 3 7453 7 2854 35 17241 33 628 19 120 4919 2000 4 8 4951 93 2190 2516 2505 15 3 565 6 26 4400 10 678 6 1332 3 2485 5
473 3 11030 7 49894 4 11249 1443 13 4145 15 23 27 45 1940 1589 8 4400 35 196 12581 323 4076 4 2773 14 48 2995 33 5
364 7 3 104 35171 220 49894 2520 10 11249 16 3 259297 511151 119 71966 32542 992 35 265845 33 5
145 1506 2742 974 106 23 16 5394 8 71 26920 4859 385535 7 120 843 5
8616 4 23 2742 32 5043 4462 14 2854 3 15987 148 11249 29132 8 55906 4 8 153 23 71 185 79117 3 5195 6 1657 11249 522 5
273 90 308 10722 8 48 1056 15 3 2333 7 265845 10 11249 4 80 7253 3 2274 3550 6 35 4 133382 4 323 4 502 109 4 259448 4 323 4 280 109 323 528220 4 359 109 34522 4 4 189915 4 323 300213 4 359 33 5
1113 87 31 117 9063 7 49894 10 11249 35 47 132 49894 974 33 4 3 2854 27964 14 49894 31 2239 2063 5
66 16 802 4179 14 1481 6 10992 13 10 678 6 1649 3 49894 8 3855 3 11249 55906 23 86 159 465 4 49 141 222 35 18150 12283 32330 4 33 5
2330 3 271 1208 4 66590 10529 543 4309 27 2638 45 220 10 1678 2953 2854 27964 7 49894 5
527 4 23 16 6682 13 66590 10529 543 2854 4309 31 2239 177 2063 21 24 2129 117 140746 2854 1959 31 1272 24 133 2854 27964 10 678 6 4498 9 206 2854 773 5
6001 616 4 23590 12586 17112 35 219790 33 14 837 4438 59434 448659 9861 35 33 16 1273 10 35 18150 12283 32330 4 33 5
17 219790 31660 14027 48692 3 9796 17509 8 4438 9419 34710 7 4 8417 3 3354 17509 35 7796 3 4438 9419 6 3 3354 9419 33 7 31 140082 2118 137 1906 48015 43655 1315 7 3 4438 9419 3354 177751 5
17 219790 16 217 6 26 177 2025 8 50 2854 1952 71 26 764 7 400 3254 58 3 1510 511151 992 2854 27964 105 119 71966 35 5629 33 31660 125 9863 333 83538 773 35 18150 12283 32330 4 33 5
1249 219790 16 9 2854 31660 7 4 23 1859 71 59 26 4723 10 5750 5394 11249 35 397958 4 95341 4 4 4 323 4 274 109 5014 323 4 359 33 5
527 4 219790 16 34 2170 106 23 16 424 13 219790 2106 11249 55906 31 11323 65 677 19 3 1510 49894 8 11245 2520 5
238 9 665 4 32 8810 1217 16 1273 10 35 3454 4 38699 4 323 16453 4 359 33 19 32 3316 6 1297 3 3241 7 3 219790 11249 5
949 377 46 8810 1092 29 45 1595 6 26 1783 4 23 59 2818 2556 699 3 219790 14 9 515 7 400 47 1752 2697 6 9 41592 11249 89 5
238 9 665 4 23 16 34 21 2411 21 3 1494 219790 1506 5
46626 4 21 80 1273 10 8941 249 4 2025 11249 35 15152 4 16453 4 323 32815 4 2076 33 16 1622 14 117 12714 2333 5
949 377 1678 49894 4910 27 177 616 45 1273 6 582 4203 11249 522 10 970 7 8958 8 89 35 7744 323 102391 4 280 109 12825 4 280 4 590 33 4 117 7 91 31 34 2025 385 14 521 2333 14 348 11249 35 196 1082 4 4 323 10583 4 2391 109 28750 323 546 4 502 14 48 1056 33 5
238 80 70 259 4 10 117 2686 4 11249 29 6 26 1681 496 9 1087 814 89 2123 35 1082 12283 32330 4 2391 33 10 678 6 270 3 83 533 7410 133 21 6291 1330 5
527 4 3 996 5764 11249 2520 4 189 3 164751 543 8 4015 543 2520 4 27 34 10581 11828 3 89 569 76 39048 8 1572 3 7562 11249 27964 5
81 1067 7 46 8 543 15 3 996 5764 6854 4 80 1379 9 1506 47 10316 35 15152 12283 32330 4 590 33 8 6655 3 219790 31660 4 2164 19 11245 3648 4 10 5750 11249 5
81 1243 4 80 12067 159 76 1250 7 3 89 2123 14 11249 5
473 46 4721 1488 4 80 494 35 8 36 240 10 3 508 33 13 32 7112 2025 348 11249 1506 35 33 71 26 2203 5
145 34 97 71 581 206 1877 665 44 23 71 59 112 95 496 9 14644 89 2123 5
66 16 12146 907 6943 14 3 11249 348 7 729 10 3 2066 386 47 31 424 6 26 1695 5431 8 19 9 528 221 7 203700 5
66 16 424 13 219790 7952 6 26 11323 10 9 837 336 11249 35 84128 4 61880 4 20024 4 323 20928 4 274 109 5014 323 4 359 109 3454 4 16453 4 38699 4 323 15152 4 274 33 5
622 2262 219790 5018 35 33 16 12146 1273 10 47 80 236 6 49075 3 596 7678 89 507 25 3 392 100402 24 74 2556 699 3 219790 14 3280 400 5
66 16 424 13 3 522 3455 24 3 36 343 48 3449 65 3 96734 3280 2742 1978 5
5104 4 3 66413 89 59 2238 65 3 96734 3280 16 1978 5
17173 189 3 66413 89 8 3 3241 7 219790 4 32 3206 871 7 96734 3280 383 26 170 5
6065 3088 13 65 3280 16 215 396 4 528 13422 7 11249 522 47 16 30199 5
9831 4249 6 35 3454 12283 32330 4 359 33 4 3280 3082 577 16 9 4203 96734 14 5
8616 4 10 129 1506 4 97 65 3 89 2123 3116 16 8641 36 80 384 3280 287 58 577 6 1657 3 11249 47 86 772 129 3212 5
17 2066 1247 628 901 2066 729 348 93927 31 4400 10 129 162 5
17 74 57 16 25 9 2066 20203 136 10 2397 2507 5
81 46 100402 4 348 628 7 307 2066 203700 4 671 19 83 1547 2763 7 3 203700 31 848 5
20498 249 14103 3 100402 5
81 3 2376 4 80 256 6 384 3 1322 7 348 1058 19 2201 6 3 13987 133 21 7201 4 1646 4 8 484 7 3 2066 1247 5
145 628 197 9286 7 4728 5036 5
17 74 1054 202 7 3 5036 31 220 21 928 628 6 1649 3 219790 4 3 508 302 202 16 3 25017 628 4 8 3 1652 302 202 7 3 5036 31 220 6 112 3 11249 960 5
145 1488 29 45 4723 10 3 6854 35 17905 4 38699 4 16453 4 323 15152 4 274 33 5
17 169 100402 16 25 32 695 2066 2214 5
17 52404 628 7 108 190 348 31 16277 25 3 2214 2106 348 10024 5
79 160431 917 4462 43118 419 35 75383 4 222928 4 323 113873 4 744 33 16 4723 10 3 21946 7 695 628 5
1796 190 628 7 218 203700 31 19696 8 4723 10 3 542 5
11649 6 3 74 100402 4 13987 133 21 7201 4 1646 4 8 484 31 392 21 29132 8 3 348 1058 21 3354 5
20498 341 4995 3 5907 628 14 57 3 203700 5
17 100402 9286 7 18002 5036 5
17 100402 16 75563 76 108 1172 7 928 628 4 25017 628 8 11249 628 163 3 825 1488 21 3 74 100402 5
20498 249 5
3188 628 7 3 348 7 9 2066 127036 6288 3 19393 7 3 127036 35 183 5036 2888 33 5
40373 221 4645 1058 42228 3323 36349 4985 249 249 9046 1403 27840 341 341 6709 605 27840 459 249 7335 605 27840 503 249 6709 1239 27840 500 249 9046 889 27840 708 249 9046 605 27840 700 249 9046 1403 27840 704 249 9046 889 27840 782 341 6709 306 27840 183 459 9046 306 27840 20498 341 5
3188 628 7 3 127036 348 7 32 695 2214 6288 3 19393 7 3 127036 35 183 5036 2888 33 5
40373 221 4645 1058 42228 3323 36349 4985 249 249 407 503 19836 341 459 407 459 19836 459 249 183 503 19836 503 249 407 503 19836 500 341 407 459 19836 708 341 183 459 19836 700 249 407 503 19836 704 459 407 459 19836 782 249 407 503 19836 183 500 407 503 19836 9073 5
17 1322 148 89 470 8 3280 323 6517 659 542 3 2419 7 3 219790 11249 1506 4 3 2066 348 100402 16 4723 10 3 1506 5
11292 7 4619 3280 16 9833 496 9 392 1079 6 542 50 1322 19 3 89 470 5
17 89 470 16 59 1547 6 3 221 7 23791 6517 4 8 14 9 392 3601 6517 4 3 89 470 22 3280 3082 249 16 9 4599 128951 66 16 3847 20945 6 8850 13 3 1308 89 470 9575 7 3 1506 16 180305 1547 6 3 12684 89 4 11771 4 35 249 33 114 8258 16 9 4599 89 470 14 9 837 336 7 3 11249 1092 5
473 3 74 197 7 628 21 10 20498 249 4 32 5867 16 2173 6 231 3 219790 1506 14 363 9 1877 7 2066 348 5
98586 249 14103 13 3 89 470 16 460 5099 180305 1547 6 7104 11346 13 87 31 90 49766 10 98586 249 4 8 192 856 745 31 1618 1022 24 3 284 6589 7 4898 14046 13 10798 50773 89 154 3 5577 7 3 2279 447 5
238 3 370952 2279 447 16 699 10 9 228369 4230 8 46 3117 3 4424 7410 7 370952 16474 10 9365 3 3961 7 9 447 35 2369 323 529430 4 911 33 5
2897 470 9575 7 3 219790 1506 10961 98586 249 5
2897 470 9575 7 3 219790 1506 6288 7104 17 346 8 104 20558 176 7 219790 928 16 6 4855 67 7 390847 7 17020 35 6517 1910 2567 33 2778 35 249 1910 2567 33 8 35 6517 1910 2567 33 2778 35 6517 1910 249 33 4 114 6517 16 3 4438 61279 221 4 8 2567 16 3 221 7 928 1906 35 18150 12283 32330 4 33 5
17173 9 392 2567 4 50 89 10119 71 26 392 24 35 341 33 47 842 13 3 699 89 16 9 210979 4859 7 3 221 7 4438 23791 5
81 1243 4 3 26920 4859 14 9575 16 392 24 35 459 33 17 28579 5867 2106 665 15 3 89 470 6288 3 221 7 23791 35 6517 33 16 392 10 98586 341 4 8 9 1906 10104 71 4047 3 4859 10 35 459 33 21 9 3082 347232 4 8862 3082 236303 4 8258 3082 11544 5
17 11963 10 98586 341 16 6453 6 2338 3 89 11963 177 166 5
2897 470 9575 7 3 219790 1506 10961 98586 341 5
2897 470 9575 7 3 219790 1506 6288 12357 931 16676 3817 13 3 89 470 9575 7 3 11249 1506 16 180305 1547 6 3 12684 89 13 16 103415 24 3280 4 8 16 1547 6 3 221 7 23791 6517 7 3 219790 2981 5
4036 192 4 3 89 470 7 10 11249 71 26 1221 65 80 27 9 265 1564 7 3 89 569 19 90 1204 2007 3280 8 12357 9102 5
17 1322 148 11249 89 470 8 348 628 355 3 89 470 7 3 11249 1506 16 170 6 26 1547 6 3 12684 400 8 4438 61279 1051 10 3 767 2376 4 23 16 59 1547 6 3 2763 7 3 2066 348 628 133 21 48517 7 3 348 4 3 221 7 628 266 10 3 5907 5
81 46 2124 4 3 169 100402 10 20498 341 16 4400 6 3817 3 3898 148 3 11249 89 470 8 3 2000 7 3 2066 348 628 5
134 5339 46 2190 100402 106 50 221 7 5036 16 146 1978 58 3 93927 10 20498 249 35 18002 6288 4728 33 8 23 71 333 3250 3 3898 13 80 256 6 5576 5
81 3 2376 4 3 11249 1506 16 336 307 400 19 3 221 7 5036 9833 25 183 6 18002 4 3 7562 89 569 31 13075 10 98586 459 5
238 80 71 10992 4 3 89 470 16 2239 853 65 3 221 7 5036 16 853 5
17 1322 7 3 89 470 6288 221 7 5036 958 7952 6 26 27728 4 106 65 3 1506 1002 4 3 628 5036 198 76 3 1506 57 24 57 4 8 46 16 177 825 6 3 983 7 2556 699 3 1506 5
11649 6 35 249 33 4 80 71 371 3 89 470 24 35 503 33 114 5547 16 3 596 699 89 7 3 14 57 628 5907 8 2567 3 676 221 7 5036 5
17 11249 5464 35 5559 10 970 7 1153 26327 3768 35 155737 33 33 19 2201 6 3 221 7 5036 31 59 1595 10 98586 503 5
79 2535 1253 16 6453 103 3 221 7 5036 7318 90 397 401 575 4 8 3 49766 2742 2846 14166 5
145 6154 13 11249 543 15 2121 628 51 470 9 7877 89 1252 13 3 628 5907 1646 16 34 215 396 35 2631 3 11249 3768 36 474 33 5
17 11249 89 470 10961 98586 459 5
17 11249 89 470 6288 221 7 5036 7 3 2066 348 628 5
17 11249 3768 35 155737 33 10961 98586 503 5
17 11249 3768 35 155737 33 6288 221 7 5036 7 3 2066 348 628 5
15612 7 3 348 628 31 59 1547 6 3 1506 2106 89 470 5
18027 4 3 13422 7 3 348 16 4400 5
473 3 1494 628 663 25 20498 341 4 3 348 1058 16 16699 1406 6 474 50 48517 5
901 523 6599 31 220 6 474 3 48517 7 348 628 5
364 7 3 6599 16 6 37412 3 49766 7 3 1494 628 10 47 9 392 221 84750 3 1494 348 3318 5
145 754 3 48517 853 21 2209 4 4680 25 16978 6 32546 98236 15844 5
134 475 23 3 532004 267 8 3 1056 31 2888 10 20498 459 5
17 83 1217 16 6 1753 184 628 507 76 3 1494 57 6 4556 1355 13422 8 80 475 23 3 40380 267 5
659 26 2190 4 9 924 5266 628 507 16 304 76 3 1494 507 7 348 10771 5
17 48517 7 3 924 5266 16790 10 9 392 1079 25 249 6 15483 98236 14292 8 23 3117 3 2164 628 48517 6 1079 25 43510 6 32546 98236 15844 5
98586 500 14103 3 522 5
473 3 74 1217 4 3 89 470 7 3 1506 16 460 6057 4 21 16 1595 10 20498 459 5
145 16 106 3 1506 15665 12134 40937 15 3 19393 4 95 3 81040 3262 29 120 1102 15 3 11249 773 5
527 4 65 9 6951 924 5266 16 304 6 3 348 100402 4 3 89 470 16 6453 6 474 19 3 474 7 3 48517 7 3 1406 348 628 5
20498 503 842 3 1056 5
20498 459 5
25733 48517 6288 89 470 163 3 532004 267 5
252185 7 1406 348 2897 470 35 2106 33 16978 32546 98236 11297 32546 98236 11327 32546 98236 15861 32546 98236 15844 17 11249 89 470 10961 98586 500 5
17 11249 89 470 6288 221 7 5036 7 3 2066 348 628 5
20498 503 5
25733 48517 6288 89 470 163 3 40380 267 5
252185 7 3 924 5266 35 400 7 1494 57 33 252185 7 3 1406 348 2897 470 35 2106 33 249 43510 32590 98236 14316 32546 98236 11297 45595 98236 14316 67200 98236 11297 74347 98236 14316 86997 98236 11297 34014 98236 11297 43624 98236 14308 23238 98236 11297 52513 98236 14308 32590 98236 14308 32546 98236 11327 45595 98236 14308 63259 98236 11327 32590 98236 14747 32546 98236 15861 32590 98236 14292 32546 98236 15844 9371 5
17 1322 148 11249 3768 8 3280 323 6517 17379 4 3 11249 3768 5132 7684 21 3280 16 853 5
81 129 5867 4 21 1595 10 98586 708 4 87 31 2535 7684 7 5132 65 3280 16 396 4 8 43 343 3449 8 460 6057 268 5
145 1929 4199 15 143 6 197 3 3206 3280 10 129 1506 53 3280 340 34 4202 236 6 26 197 22 9 177 528 221 5
17 11249 3768 5132 10961 98586 708 5
17 11249 3768 5132 6288 12684 89 7104 17 221 7 23791 7 3 219790 16 1523 9 2409 2916 13 12467 3 11249 3768 5
81 98586 700 4 3 67 2066 348 93927 31 2870 19 11249 3768 6288 61279 221 5
273 70 3 179 1665 53 3280 16 197 6 1317 47 16 170 6 26 528 385 6 1657 3449 11249 5
98586 700 842 13 825 6 3 1510 49894 3 3768 5132 7 219790 11249 16 2239 1842 19 3 1723 7 61279 221 6517 4 285 90 397 6517 65 72 2338 8887 8 153 5132 36 737 2790 8 142 141 343 1723 5
17 11249 3768 5132 10961 98586 700 5
17 11249 3768 5132 6288 61279 221 12357 7219 4 24 15705 98586 700 4 103 3 15778 7 4 3 11963 7 155737 6288 6517 1464 6 26 9 2366 46279 11963 35 125 46 16 34 3081 10 98586 343181 106 3 221 7 628 266 16 97 341 103 8887 4 23 16 146 48 3081 10 98586 389316 33 5
208 3 18423 2366 46279 4859 7 133 11963 16 392 21 35 500 33 3 25017 11963 10 98586 389316 4 65 6517 11102 698 35 103 3 33 4 71 26 9098 21 10 98586 704 5
145 14103 13 3 4859 10 35 500 33 71 2338 3 11963 7 5132 6288 6517 1144 166 5
42267 10104 7 155737 8 106536 221 6517 543 15 98586 704 5
42267 10104 7 155737 8 106536 221 6517 543 15 6517 3082 5
208 3 9098 4859 16 220 6 4764 3 65 80 27 155737 2870 19 6517 3082 4 3 4859 10 3 916 7 35 500 33 71 26 19696 21 10 98586 704 5
473 3 4859 10 98586 704 4 23 16 22 180 6517 3082 403 65 3 2571 7 155737 16 177 2846 35 287 58 500 202 7 3 767 155737 33 4 8 46 10900 7 16 408 6 3 57 80 259 25 98586 345648 35 47 16 698 33 5
17 10900 7 6517 7 16 177 408 6 3 521 57 4 8 3 2655 282 5132 16 59 177 401 4 25 3 4859 10 98586 782 441 6517 3082 403 4 6 3 521 57 25 521 25017 155737 10 98586 704 5
2758 46279 11963 10104 383 27 22 248 459 266 4 95 46 5018 16 97 4116 65 3 6517 16 1978 58 459 5
42267 10104 8 10900 7 543 15 98586 782 5
42267 10104 8 10900 7 543 15 6517 3082 5
6297 15 3 996 2376 4 80 259 13 3 89 470 7 3 219790 1506 16 180305 1547 6 3280 4 8 16 1547 6 3 61279 221 12357 17 11249 3768 7 3 219790 1506 16 1547 6 3 4919 628 2419 8 16 460 15498 46279 1547 6 12357 6297 15 192 2334 4 9 2025 11249 1506 47 1141 361 7 3 11249 8958 8 89 470 22 3 216 89 16 1273 8 1589 10 8941 503 5
81 46 2124 4 80 8850 9 84 11249 1506 13 18774 2757 3 3206 2193 7 35 4114 33 3 12684 89 3280 4 8 35 25547 33 3 4438 61279 221 12357 17 2000 7 3 219790 11249 1506 3455 10 3 767 2124 31 4723 322 10 678 6 384 3 243 19393 5
81 3 74 254 4 80 197 3280 3082 577 4 47 16 4203 14 8810 8 464 6 384 3 3206 6517 35 3454 12283 32330 4 359 33 5
355 3 89 2655 15471 3 89 2123 3116 4 3 3656 3280 16 170 24 363 231 7 35 249 33 5
17 89 2123 3116 16 9 4188 2123 95 13 92 3 11249 89 9575 6117 3116 4 11245 1506 16 220 21 9 176 7 129 2025 11249 1506 4 17 508 1959 1379 3 1506 10 1056 4 8 2637 7253 6 98586 183 14 3 3142 283578 7 3 2025 11249 1506 53 249 5
3 89 2123 3116 16 197 35 500 13063 16 220 10 129 8365 33 4 12684 89 7 3280 3082 577 4 221 7 4438 23791 6517 3082 341 31 197 5
2420 928 8 25017 19 3 61279 221 12357 106449 3768 38120 8 150945 9575 31 3455 10 46 1092 4 192 628 36 26 220 10 10104 7 11963 21 10 98586 503 4 8 11963 21 10 98586 341 5
17 8887 92 3 25017 3768 38120 16 1370 58 3 767 3768 397357 35 397357 16 3 3768 7 73 336 33 5
208 93 8887 22 6517 4 10900 7 3 282 22 47 3 36 4722 16 2173 24 10104 7 3 11963 4 8 59 3 10900 7 89 470 9575 22 5
208 89 470 9575 16 496 3 2123 4 11771 4 9575 11102 3116 4 3030 3 380 11249 7 19 19393 3280 8 6517 170 10 3 1506 5
208 89 470 9575 15471 3 89 2123 4 11245 11249 1506 16 220 1016 5
17 283578 7 3 2025 11249 1506 98586 183 5
17 283578 7 3 2025 11249 1506 5
473 46 1506 4 3 11249 71 26 1318 496 3 89 37863 19 206 8958 5
61648 14 3 67 2757 7 2066 729 348 628 31 2173 8 3 7562 522 31 2888 10 65588 500 8 708 5
81 20498 500 4 3 11249 5464 7 129 2025 11249 1506 31 392 24 155737 4 8 3 12510 5464 7 3 11245 1506 35 395088 56018 16 220 33 8 1510 49894 31 59 2888 5
238 80 27 381 25 20498 500 4 129 2025 11249 1506 25903 282 11249 297 3 108 2520 5
6876 8365 31 2173 19 3 67 93927 8 19 523 89 12453 5
17 522 31 392 10 20498 708 5
17 11249 89 2123 16 6526 3112 6 5669 3 715 7 2790 3280 4 49 49073 25 3 1506 6 3 1510 11245 1506 5
17 1051 7 219790 1002 8 11245 1002 3817 3 521 699 522 508 3 3803 10 98586 183 5
273 100402 249 4 19 9 89 2123 7 500 13063 35 1992 2106 33 4 22 3 169 336 7 3 4 25017 3768 38120 2899 6 474 4 46 842 13 3 29 2273 8 93 10900 7 6517 14 16 666 4 3 11249 665 16 153 543 15 3 1506 4 8 3 11245 1506 16 34 666 35 6494 1002 33 5
355 3 89 2123 16 5853 13063 35 306 2106 33 4 3 74 336 7 35 470 180 6822 13063 33 6886 13 184 336 7 3 19 9 498 3280 36 7717 3 89 2123 4 3280 16 153 1842 543 15 35 249 33 4 8 3 169 336 7 10816 3 11249 496 89 2123 5
473 9 89 2123 7 708 2106 4 3 74 336 7 4 47 569 180 630 2106 4 277 8641 3 89 2123 4 8 3 11249 1506 51 128 119 6 3 11245 1506 47 71 1657 9 2411 11249 665 5
11391 14 100402 341 16 825 4 44 19 9 1884 13 3 1618 1002 14 503 400 4 21 23 738 108 1002 6 1657 15 32542 221 6517 4 8 3 73 336 6 1657 11249 665 5
17 89 2123 16 59 8641 19 9 814 89 2123 5853 13063 5
25421 13 87 16 184 267 114 3 89 2123 7 3921 13063 35 2536 2106 33 16 8641 4 46 8887 65 3 699 89 7 3 16 177 401 6 3 89 2123 5
238 3 3768 7 11249 24 16 1618 34 528 4 3 521 336 89 7 3 16 1618 408 6 3 89 2123 141 92 23 16 8641 5
931 522 240 13 4 2936 14 90 2022 745 65 3 89 2123 16 215 814 4 3 71 25272 3 282 11249 665 8 5497 3 89 37863 22 3 216 89 5
20498 500 5
70189 5464 4631 10 155737 5
70189 3768 100402 249 100402 341 15060 40013 1506 35 395088 56018 33 20370 49894 20498 708 5
70189 2897 7 27143 14015 70189 15060 35 33 5
100402 2897 37863 35 13063 33 70189 89 35 13063 33 1002 40013 336 49894 40013 249 500 52500 40891 28107 341 6494 5853 48432 341 6494 6909 41345 249 249 341 500 24839 44171 28107 503 6494 3921 24839 503 6494 341 43391 503 6494 5853 52127 249 249
81 46 1381 4 219790 16 4400 14 1572 9 348 11249 4462 14 2066 729 424 21 7112 2025 348 11249 1506 35 33 5
71 2769 189 206 11249 8958 8 2025 10 89 470 22 3 216 89 5
17 2066 3609 477 453 3 1236 7 11249 544 106 43 383 3030 11249 15 117 203700 22 57 89 8 8625 11249 522 31 666 5
659 14306 133 565 19 2025 11249 4 80 7309 15 17241 3 89 470 8 11249 3768 7 3 1506 10 7488 6 3 2409 1506 19393 7 12684 89 8 4438 61279 221 7 3 219790 5
134 170 13 3 89 470 8 11249 3768 71 26 2655 19 3 1506 80 27 1273 4 8 3847 3 1081 11249 89 470 8 3768 31 58752 22 3 261 967 7 3 11249 4 95 13 80 71 83568 2401 3 3206 2770 7 3280 8 6517 4 49 141 3 11249 1506 6 26 220 4 6 2769 206 11249 8958 8 8922 3 89 2123 392 22 3 216 89 5
61648 19 521 2066 52404 628 2757 240 13 46 1506 16 4213 10 1691 206 8958 496 3 392 89 2123 5
966 11245 2520 71 26 220 10 3 2025 11249 1506 4 8 46 1414 1523 12467 3 380 11249 8958 4 35 3 3394 7 3 19547 11245 1506 51 26 9 426 601 2586 7 46 2025 11249 1506 33 5
473 3 185 7 133 2025 11249 1506 4 11249 71 26 1681 496 3 392 89 37863 8 22 3 216 89 3 11249 8958 16 59 30512 5
145 2025 11249 1506 16 907 4116 14 3 2066 386 114 4 177 477 4 11249 8090 2173 72 117 203700 31 1272 8 9425 8 5050 11249 522 31 4469 5
8932 601 36 26 2173 6 5576 454 15 143 32 7112 2025 11249 1506 71 26 1589 14 317860 11249 19 523 2329 4 133 21 1214 729 8 229 16705 5