81 3 224 650 7 134834 4 57 7 3 689 544 9286 10 3 19019 40095 7 3 2944 5
118 5957 14 3 6062 7379 7 14119 297 1806 607 8557 31 666 5
66 16 841 6 2705 9 33200 4 907 92 80 7253 6 1897 14119 4 8 3 3656 8557 7 9 5517 12 871 8 827 22 395 653 16 666 5
187 31 528 23363 7118 3 18550 7 1678 3351 7 55184 416 8 83 4538 220 6 30174 3 1296 5
145 1381 12966 3 231 7 1521 2843 18983 2622 35 345051 33 2190 5957 65 23 624 6 3 5517 21 32056 33200 7379 5
17 689 867 468 3 5018 16 6 231 90 916 7 317 45679 4538 72 9 197 7 601 3174 47 3576 4 1629 4 3 216 629 1299 8 6 10775 3 14478 7 3 1296 72 13 197 5
79 5146 1217 18 220 463 6 50 13292 47175 5
17 231 7 32 42101 2869 18 59 5100 1622 463 6 3 10119 7 3 565 5
17 284 142 26 220 10 3 6062 3490 7 601 773 10 173 49 540 1938 5
66 71 26 2093 5607 6 270 1812 2757 7 954 4808 15 290 4650 12 738 10 2849 8557 5
17 689 601 857 7 46 3174 956 5146 7732 1442 5
17 4102 7 224 650 80996 35 33 18 2042 48 58 17003 85 251 35 15792 323 12756 4 3728 33 5
17 689 867 18 6 6585 3501 1225 7 682 224 76 9 48 6633 8 9 48 4213 916 538 317 718 35 4207 33 35 20139 323 416175 4 4164 33 5
18 1547 6 3 19019 893 13 42 666 65 3 74 3042 7 4207 6192 456 5
1249 153 4 4207 3163 10 3 19019 74151 22 1678 926 29 14448 853 5
238 9 665 4 3 4102 29 2504 6 26 266439 35 130323 4 19619 4 323 29916 4 2560 33 5
23838 3 4102 8323 6 3 893 13 120 1698 383 7380 10 678 6 11948 19 184 57 538 32 2410 1586 2912 105 3 57 543 15 394 25243 6358 35 51538 33 5
17 84 51538 543 1217 1929 9 84 15209 6 106 3 13538 383 26 9888 6 3 84 10983 10777 5
17 10119 7 3 893 1272 6 11032 9 84 1698 76 9 1978 57 738 3 3163 7 7732 1442 35 43826 33 35 15152 4 4 323 4 3495 33 5
2249 16910 104 7 3 395 2508 27 27228 5146 5982 4 32 1217 543 15 7112 2210 16 3448 4 907 463 6 3 19260 7 41748 2204 1443 35 4 2560 33 5
1575 4 87 31 90 544 7118 4 297 47 2849 3961 149 840 32 492 35 4 19692 4 323 1127 28816 4 1095 33 5
355 3 16 3677 496 32 1698 4 90 2843 18983 2622 35 345051 33 893 383 59 159 254 5
145 5121 3 3501 565 7 7995 3 1698 32056 14119 4 907 3 35855 49 4438 1603 35 3917 4 472122 4 323 5316 4 2773 33 5
145 16 1568 106 3 1653 1252 24 71 26 1003 372 92 9 33200 16 918 25 30 352 7 5077 49 4 10 3 1207 267 4 1679 5
12051 8 9570 35 1278 109 502 33 7673 3 33200 21 32 1570 37 29 3 2505 6 1951 9 224 650 5
4065 8 24728 35 911 33 4 54 5750 32 2276 297 2582 4 170 13 97 52 2715 202 7 3 3587 220 3 1043 33200 9109 5
83272 6401 3 14119 24 40 1951 44 59 24 3 8653 7 40 851 15 3 1698 5
17 2600 7 27861 3 851 7 90 33200 5835 29 45 1798 2209 171463 5
3917 12283 3462 5
35 2773 33 5
4887 1273 90 4309 47 71 26 220 6 3577 3009 33200 7908 35 4887 4 4 323 4 2391 33 5
15203 3 104 533 2125 7 33200 16 3 4438 49 22168 57 5
13166 6 6404 49 2634 2193 4 23125 49 6905 4 22168 49 19808 14119 142 3453 337 40 164 8 343 2374 25 32 19019 397 7 1069 5
187 16 9 575 202 808 13 46 30110 71 26 9992 14 3 1698 5
273 3099 4 43 142 1224 6 474 40 773 4 3163 8 185 24 1365 2506 6 1678 325 544 5
527 4 10 83 745 4 3 3340 13097 14119 142 231 40 2505 6 26856 3 1534 7 3 325 4386 5
145 843 7 3163 71 26 841 6 2148 4 141 65 46 142 141 5666 9 864 49 9 3340 10012 19019 337 5
21669 4 84 1225 7 7995 14119 383 26 1589 5
5104 4 87 31 93 5050 1225 7 9365 3 14119 521 1951 5
17 6166 7379 7 176 7 3 4438 49 22168 14119 51 26 9 485 3273 14 3 1698 5
81 3 3501 1217 4 543 15 13218 3294 8 773 8557 4 33200 7379 16 9 2063 650 4 19 117 2322 6 33834 35 39451 4 911 109 19959 323 66687 4 590 33 5
17 1032 5004 46 2125 7 8557 19 454 2849 1866 35 8493 4 8229 8 11126 33 8 4679 10 17229 3074 5310 4 10 678 6 422 40 599 5
17 528 2430 6582 7 74151 538 4207 51 132 46 843 7 8557 6009 49 4120 6062 5
79 565 142 1230 65 57 1399 13 3 791 7 3 18220 2516 71 34 26 2445 5
145 16 97 6009 1359 4 106 3 18220 2516 36 816 4116 6 3 1698 4 19 3 1416 9285 55 162 10 678 6 474 40 3961 5
79 176 7 57 12 791 36 26 220 6 3855 3 954 666 24 32 42101 2869 694 10 3024 3154 2376 5
79 537 1217 6 4438 33200 9674 51 26 6 10775 317 52 3 521 2981 7 3024 3154 5
187 31 5771 65 9 3024 340 34 1667 3 230 5447 3154 5
273 946 4 23 16 691 6 9 296 328 14 9 34286 1970 5
13166 6 3 272 1058 7 317 6 26 9490 46 44398 10 3024 3154 2981 71 26 7947 97 24 6062 5447 5
81 3 3186 131 4 80 142 3478 1678 3272 148 3 1277 8 3354 7 540 8 3796 601 5
238 300 21 540 601 16 1477 4 3 775 15 1032 142 26 272 5
527 4 23 142 3415 177 206 522 8 582 9 272 959 6 3 5517 5
13385 8557 16 617 538 1521 2190 4538 5
81 3 173 4090 601 4 90 1277 2193 31 6453 4 133 21 3 26276 1291 4 44 43 1363 31 34 385 6 8612 3 1081 773 7 32 1570 496 3 1698 35 545797 4 363011 4 72790 4 323 225673 4 590 33 5
81 104 745 4 3 6680 220 10 22015 7702 9 515 5
238 9 665 4 97 11742 4309 7 773 2376 71 26 220 5
1203 7 3 1029 4309 7 773 8557 159 76 1250 6404 1255 8 90 11104 11335 4 133 21 3 26276 8557 4 49 43 231 9 16036 5806 4 543 15 3 19904 969 2916 2770 7 290 4858 5
208 3 8557 6680 220 10 18220 891 31 4007 4 3 1217 142 26 1408 5
5104 4 496 290 1698 87 142 26 64441 3136 50 8557 4860 5
622 2634 8531 16 666 109 57 13 86 12262 8 59 13977 83 601 3174 25 3 1052 10 678 6 3577 489 3 3238 7 9 5517 5
17 5517 71 26 4129 21 9 33200 14 40 1698 35 81940 4 4 323 4 590 33 5
81 46 267 4 3 8557 383 26 115 22 3 653 7 182 5
659 11166 13 4 3 182 738 6 26 1658 10 3 74 254 8 153 3 827 7 3 5517 71 26 1221 5
17 15763 77 16278 10 3 267 7 5517 773 8557 16 3 1570 12 521 1951 10 3 9962 4 47 142 26 1731 58 230 10 267 7 9 528 221 7 25241 5
17 867 16 6 12262 3 3186 3174 3467 25 9 9962 4 538 9 3109 7 35042 8 6 10775 3 1951 3472 7 3 2234 5
4248 9 265 1208 251 4 46 5018 18 34 10436 106 87 18 34 385 558 317 10 2979 916 5
23838 4 46 16 93 902 9 565 4 8 3 4716 13 3 666 317 16 558 16 3380 24 1806 30423 9674 1443 5
458 4 97 9 265 893 10 2505 21946 31 385 6 4498 9 333 8593 7 3 521 1951 7 9 5517 10 9 2190 857 5
17 216 5533 71 26 8255 220 6 12262 3 216 5517 12 1951 10 3 1883 323 2482 1385 7 32 1698 5
5583 4 189 522 71 26 11831 6 4498 9 27098 773 8557 7 3 1081 162 7 3 5517 5
17 601 2209 10 46 1381 16 1547 6 3 857 7 3024 35 3186 3174 33 67818 543 15 25241 5
17 1043 67818 9965 10 46 601 3 650 7 1913 9 10753 7 4888 13 11897 57 19 290 83 5
17 1217 16 34 84 109 23 958 13638 498 601 10 855 2642 35 421627 4 9258 4 323 2432 4 744 33 5
17 74 2532 42 1547 6 3 7379 7 3 5517 12 992 2981 1146 24 3 3111 650 35 10192 4 33 8 6 3 2673 7 29540 3695 6 3 3455 992 35 10192 4 33 5
435 3 726 7 628 4242 4 3 601 18 1629 1967 15 67818 10 678 6 3968 3 1568 7429 10 3 601 3174 35 4 23981 4 6624 4 323 50058 4 590 33 49 15 10503 25026 63794 35 32758 4 4 323 1604 4 280 33 5
17 1494 565 7 538 25241 6 2705 3 104 4788 1296 71 26 10455 16910 24 2172 3 25026 3472 8 15826 3 3272 10 3 26831 7 25241 35 4 2076 33 5
81 46 1381 80 1379 3 231 7 9 3024 30331 2376 284 14 3 21946 7 3 601 3898 297 3 1296 5
145 36 26 617 24 15826 3 9962 7 40 845 3174 8 59 3 8785 220 10 3 4991 5
145 142 185 6 3577 2705 3 14119 25 9 9962 10 10651 19 83 11427 4309 13 31 277 220 5
17 1443 2209 7857 6 3 352 7 1416 7748 421 270 8 71 26 220 24 345051 607 10 3 4141 7 2944 8557 5
238 16 1321 3915 87 31 90 6681 1547 6 2849 8557 13 31 572 6 25767 5
949 65 2029 14555 4538 31 220 4 3 2190 928 7 32 18220 2516 4 132 23 841 6 3577 231 91 5
17 689 3316 7 46 601 16 6 582 32 8531 13 71 581 9 34286 8 20945 152 7 3490 14 3 18220 1149 10 3 352 7 3186 37573 3961 5
17 2209 8531 16 10 3 352 7 5146 7732 1442 5
66 18 1146 15 260 7 32 1806 614 6684 14 5146 8116 543 15 7112 2210 35 1589 538 323977 33 5
273 46 601 34286 2210 42 1589 14031 19 3 10637 565 5
187 31 90 3648 13 71 2882 3 37573 7 9 5517 5
17 104 533 31 1246 11093 8 1668 3796 5
17 601 6926 59 1388 90 2089 14 1296 5
17 2376 16 48 3297 92 3 122874 49 163516 4462 16 220 5
145 4462 2527 1321 3915 2506 6 49075 34 97 3 18398 1291 49 111995 1291 44 48 1812 1603 4 133 21 3 4892 18398 1291 8 90 34286 2376 4 3 731 16036 25026 489 8 32 2376 7 3 221 7 4888 147 1381 35 4 9770 33 5
88584 4 192 3648 49075 90 11245 19393 14 57 1570 44 112 34 582 32 70 25026 1322 29540 14 32 2234 5
1526 3648 31 1967 97 15 8116 3 17337 2404 11245 19393 5
145 1217 71 1484 27 5464 907 65 544 31 10 254 5
17 2376 617 72 614 29540 71 2093 35 24 1821 8116 49 24 6372 6619 33 582 9 1415 3136 25026 42749 24651 2463 297 3 1296 5
17 13357 387 2125 1735 42 34 10637 10 46 967 106 40 2981 16 2247 24 1678 11207 35 4 9770 33 13 71 26 220 5
145 2125 7 1735 29 50 209 91169 5
81 46 267 3 2204 36 1122 13977 3 3024 91169 8 3 4249 858 25 3 3024 10 678 6 581 3 284 19 70 3 1272 317 5
17 1951 29540 2209 10 98586 685 18 4209 54 15826 601 3174 35 10 27783 6170 33 25 3 44351 5691 5
145 16 34 9 16018 106 26162 59 8047 1388 666 317 35 3 1381 1037 4 35042 4 1037 8 3 8785 7 3 1381 33 5
17 27783 2125 5342 42 2638 220 10 3 8365 106 4 21 18 230 4 141 25418 97 666 317 35 2942 543 33 18 48 841 58 10 83 745 5
17 1381 29 3 508 7268 5
1532 3 689 284 6358 36 26 2994 5
1301 624 3 2370 6684 14 5146 8116 1146 15 260 7 323977 5
145 1217 18 1622 106 3 900 7 2172 3 161 9419 35 9 34286 6684 33 4 47 16 1618 14549 14 290 18778 565 4 16 2537 5668 5
435 13 4 3 9419 7 2210 220 6 112 46 2190 601 16 2209 671 19 3 152 7 27319 19 290 83 5
17 601 8531 1056 31 979 24 3 5867 6652 8 1435 24 3 522 8 7951 4 671 19 90 426 726 8953 4 215 5
1655 32 1723 221 7 2204 543 48737 35 13799 4 6833 33 13 1311 70 3 537 2527 7 2210 4 32 2069 6684 14 5146 8116 18 6227 538 323977 5
323977 16 57 7 3 1940 220 48737 14 5146 2333 543 15 2204 3531 35 4 273658 4 323 22870 4 359 33 5
17 7112 2210 31 3664 220 10 120 224 6681 5
145 16 34 9 2116 4 21 87 16 9 236 14 189 20260 8 532 5
81 2979 9172 4 184 857 114 2204 1443 31 220 4 3 396950 2190 6 4731 8410 148 547 71 26 5487 538 2204 543 628 4242 6358 5
364 7 3 1446 16 6 185 2582 10 3 10554 650 35 222338 4 4 323 11785 4 2560 33 5
659 474 3 313 7 224 1547 317 4 3 7112 2210 71 26 220 6 20609 3 1081 284 35 323334 4 274 33 5
520 37582 7 3 9519 484 4 50 4695 8 3 13300 7 2513 9 2443 678 22 9 392 484 71 26 3455 24 29182 538 7112 2210 35 4 5003 4 119335 4 22605 4 323 4 2560 33 5
12271 2434 416 1871 7039 11975 5
659 798 569 4 23 383 343 6062 21 146 21 537 35 277289 4 7560 33 5
17 565 7 3510 2190 255822 71 59 26 10455 19 3 231 7 7112 2210 35 127016 323 62513 4 590 33 5
17 5447 7 5146 1735 2190 6 71179 2508 71 59 4145 15 32 2204 543 284 35 4 2560 33 5
176834 891 1443 13 42 17229 2337 19 66996 13010 31 107 18213 4 10 3 104 745 4 19 7112 2210 35 337003 4 4 323 4 2076 33 5
41748 2204 1443 35 70233 33 31 59 220 10 5775 224 317 1443 35 209021 33 6 5507 3 666 219471 192855 57078 1272 24 120 25147 2190 16359 14 17241 3 284 35 90539 4 10141 4 323 33585 4 502 33 5
17 224 5146 5536 71 26 2069 92 9 70233 1217 16 3322 35 7277 4 8508 4 323 28044 4 590 33 5
81 3 19019 6582 650 4 74151 383 26 5775 4 215 5
13166 6 50 5146 2129 8 10119 4 32 1217 543 15 70233 16 6943 35 30412 4 8286 4 323 18633 4 274 33 72401 2204 543 2673 71 26 220 3664 10 120 6681 7 3 272 653 2333 1547 6 224 891 5
17 2209 284 16 488 6 13977 317 25 70 3 885 30864 7 9 136 8 59 25 3 1052 5
6832 7112 2210 1708 3 47175 8 6928 666 6 4855 1678 544 13 142 1230 154 3 650 5
81 644 4 3 1735 31 19696 4 10637 4 8 3 666 317 16 16277 5
2249 3 689 3316 7 3 601 10 46 967 18 6 10775 3 25026 29540 4 3 689 2125 7 2247 1735 16292 42 27783 8 59823 106 104 26653 17180 231 91 5
208 10 3 267 7 59823 3 21946 650 18 1369 4 10 3 267 7 27783 2125 5342 90 544 714 5
5583 4 3 1735 31 7545 49 14386 4 4808 15 3 4650 12 1414 5
659 112 13 4 3 6684 144 26 4514 10 70 3 1272 30864 5
81 9 767 601 13 231 9 523 2204 10074 14 7254 35 277289 4 4 323 4 2560 33 2209 9 284 13 37469 3 565 7 3 21946 7 3 521 1698 2981 5
1249 10 46 267 3 601 18 617 15 260 7 9 3569 6684 4 3 284 29 45 5607 6 1647 84 20297 8 6 3030 84 2757 7 16676 5
5898 1746 17 2370 1746 7 5146 2673 18 9 6009 24128 57 5
238 9 665 4 3 284 36 231 10 8690 21 117 2210 21 537 35 463 6 90 9705 7 3 10644 1443 33 6 13977 70 666 628 5
81 3 169 4141 3 284 36 231 70 3 628 6 1000 9 1812 4788 29540 5
1301 4 25418 9 15987 3472 14 290 13228 5517 16 9 1906 5979 565 5
81 98586 249 3 689 6358 7 3 2673 16 2209 5
17 220 1217 16 156936 13 16 3848 14 120 5146 2673 5
17 9419 7 3 1491 1219 284 18 34286 2042 106 3 2673 71 26 4071 883 10 9 61889 49 10 6321 4731 2953 5
17 169 9419 10834 3 24359 544 8 16 825 6 57 7 32 45549 4 92 3 284 16 220 10 46 4230 5
17 284 1705 7821 70 3 2816 317 109 95 4 46 9419 16 1272 97 10 1321 3915 267 5
17 8176 224 9419 7 3 1506 18 3868 10 90 2370 34525 14 10019 1809 5
1532 11764 4286 3 323977 284 47 1388 3 2370 2089 14 3 161 9419 5
17 5146 8116 6684 11764 9286 10 9 614 6684 1254 8 6227 6 4855 46 1427 7 2333 24 770 7 7112 2210 5
5583 4 3 73 11764 147589 70 666 2210 6 4855 3 544 2209 10 46 1381 5
17 5287 9419 29 107 10074 115 31054 666 6 12248 19 3 4650 5
81 3 426 4 23 142 26 2445 24 3 2029 1217 3848 6 3 45549 220 10 3 284 5
98586 249 5
5898 22348 5
98586 341 842 3 31462 2981 7 3 2673 5
17 171511 7 2204 543 6358 1484 754 9 31462 24204 1217 841 5
238 9 665 4 3 2209 19266 27 3 3316 7 8409 3 689 20297 7 1586 5
355 1735 25 3 45549 284 7 3 136 31 666 24 3 284 4 3 4440 14533 36 909 3 45549 14533 13 1708 70 1272 31054 19 3 24359 284 7 3 45549 5
17 7337 135376 53189 16 9 614 43990 6 120 5536 891 284 35 33 5
6832 16592 7 16592 1746 5195 1678 2190 31054 71 26 304 276 565 5
145 14533 18 2042 6 9929 9 206 4518 7 3 284 154 50 247 4165 5
17 16906 14533 71 1752 909 3 45549 5536 538 3 7337 135376 6239 53189 44 463 6 1746 1809 3 34286 45549 58007 53189 18 2042 5
17 313 10 46 267 16 8355 8 543 15 2029 43209 3803 106 23 16 12557 13 2634 992 7 3 136 16 1460 5
17 16906 53189 16 59 220 21 9 6926 666 24 3 3024 45679 14533 6 5439 666 317 25 3 1052 5
17 7073 18983 11772 35 45549 33 53189 9965 6 3 856 11924 13 383 26 1146 10 678 6 3577 12248 19 9 3467 45549 284 5
98586 341 5
89013 2981 7 3 2673 5
17 43442 116681 53189 34427 57 49 48 3351 7 22441 5937 21 666 5
81 129 267 4 57 15194 909 543 121932 18 1589 14 2370 1665 5
208 3 1351 7 1735 71 34 581 9 1687 91169 7 3 3024 49 3 317 16 10292 76 3 3024 454 5447 16 1272 10 678 6 10775 97 3 91169 666 14 3 284 5
17 386420 14333 53189 36 4855 3 565 538 1678 4538 7 3024 5447 10 678 6 4498 3 13228 3077 7 317 5
931 31 1547 6 3 610 7 3 1381 4 3 2234 8 3 35042 14 13 1381 4 21 166 21 3 216 317 14 290 7 3 8785 496 23 5
81 3 650 7 91169 21946 57 565 956 3 1375 2030 5
81 46 267 87 16 3 1653 13 9 3186 210 49 1381 29 166 4939 954 7 91169 2020 95 3 1375 2030 9088 71 26 5259 5
2249 3 1735 220 6 960 3 284 42 25 3 352 7 3685 9 1906 2104 18 6 231 3 69558 93259 5
14425 3 35011 53189 18 2042 10 3 284 1746 6 582 3 2177 7 3510 120 2125 7 34286 1043 56287 92 666 5
66 36 59 3383 3 11455 19 14725 628 23901 35 4 9770 33 5
1471 13292 1653 7 23901 1217 16 32 853 5447 1952 106 1375 2030 5447 16 205930 6696 8 10041 6 5464 25 89 6 89 35 341343 4 130043 4 323 273362 4 7560 33 5
17 23901 543 1217 59 29 90 544 65 90 970 31 34 1252 22 3 220 23901 653 44 46 71 26 2093 1725 154 284 231 5
435 317 25 1735 16 19696 10 3 13228 916 4 3 161 1092 16 6 1000 9 29540 508 3 25241 5
659 112 13 3 46788 231105 92605 53189 16 220 5
66 29528 70 558 628 8 12244 3 2442 29540 14 3 1658 3898 5
17 665 16 59 6217 45651 538 3 55242 53189 5
435 13 4 3 14478 3380 24 57 7 3 29540 12 15573 2855 16 4209 538 280859 27964 5
17 284 1705 7821 4 538 32 55069 3359 4 70 25882 49 380 628 2757 1601 24 3 6684 106 3 380 522 13223 312 904 15 3 18879 5
1203 7 3 2896 628 16 9490 7821 15 3 30864 114 3 2204 16 5250 49 8330 2852 4 8 97 3 91169 16 11584 6 3 885 397 5
17 5146 8116 2204 543 8942 6684 323977 6684 35 12283 32330 4 359 33 16 9 177 8942 4462 483 34 48598 5
238 23 29 70 7 3 3456 589 4483 14 1572 5146 70233 4 23 71 2093 26 220 21 9 6684 14 589 84 8 48 406321 48737 5
527 4 106 23 16 34 48598 4 538 23 14 2025 83475 7 177 1812 5146 1443 16 34 535 9802 5
273 192 2190 1809 4 80 6227 46333 70233 1918 323977 4 47 32629 3 5146 46333 1506 976 3 41748 2204 57 35 196 98586 249 33 5
81 98586 188053 2370 6292 1488 7 3 5146 8116 6684 689 5937 16 2209 5
66 16 543 15 9 197 7 2210 47 3383 5158 7 9 5146 8116 6684 5
98586 459 5
18087 6292 297 284 5937 5
332 3 38105 653 87 16 9 6986 2204 13 29 3 604 7 6573 3 38105 653 5932 8 3 336 89 7 46333 8090 5
66 11566 6570 4360 25 2210 47 69242 192 8090 8 153 23 8050 4 543 1918 2634 8 150259 187739 5937 4 40 5577 9487 400 5
17 45546 10 98586 503 59 2048 3 152 10 47 2485 5932 976 9 38105 71 26 16673 4 13563 4 24 6005 3 206638 1427 8 15891 13228 10074 3074 5
10161 6 2190 692 25 3 3154 7 9 206638 5811 16 5053 106 23 34427 3 200855 1746 5195 35 65786 4 42491 4 1104 4 323 4 3401 33 5
387085 98586 503 5
18087 1427 45546 14 3 6986 2204 5
68829 4 87 31 67 61361 14 13797 53 57 100 9764 8090 21 43 1230 976 9 38105 35 33 8 3 83 29 9 325 6885 12385 534 47 4 4108 4 3804 6 1262 73670 3 498 38105 35 33 5
17 17277 2204 29 3 604 7 9 17277 76 3 284 14 12538 2485 4360 24 746 1481 49 120 83 6589 13 112 34 19491 3 46333 1443 2634 18193 5
273 946 4 87 142 26 32 219014 10319 17277 47 10834 3 5932 7 6696 8116 8090 15 3 284 5
79 17177 3327 5018 55738 35 108065 33 16 277 6227 5
66 59 10834 665 25414 8 2485 43013 10 267 7 9 1606 5
187 31 9 265 926 114 4942 9674 16 617 5
17 74 16 392 24 323977 68277 35 12283 32330 4 359 33 13 36 1075 32 5694 5
145 16 1804 15 4416 926 1252 24 2209 6684 5
17 689 5694 956 9 4613 1610 7 3 2204 8 23 16 1122 10455 24 30312 23 19 3 216 417 5
145 983 142 4722 65 3 4440 4942 1464 8 23 16 7947 463 6 68277 2000 5
66 142 59 1230 65 9 3024 5447 3768 35 97 14 27783 12 33 16 929 5
145 142 1636 907 10 745 65 3 27783 18 4209 24 15854 3 1494 1351 49 9 123554 35 10 117 745 538 481 3648 33 18 231 10 30 2020 5
145 73 267 16 34 483 2112 10455 5
238 14 3 19593 3024 46 16 9 30088 741 106 34286 66740 9674 3648 383 26 3677 8 10 46 267 3 489 7 1028 71 26 272 44 34 577 202 35 70027 12283 32330 4 9770 33 5
12502 4 10 267 7 19593 1735 3 3024 36 34 26 10637 106 57 837 32421 10 2163 9674 71 581 11650 317 4 95 23 16 333 6 9541 23 5
1471 537 1351 7 5464 71 26 392 24 3 644 13 77315 383 26 7802 14 3 1491 14046 8 1484 544 142 1230 5
1498 3 5867 46 2125 7 5464 149 340 34 483 4722 5
26721 14502 71 26 184 1351 7 544 44 59 80 112 34 27 483 544 25 46 352 7 7254 5
14425 4 106 3 6684 18 1254 21 9 614 2104 14 5146 8116 23 29 9 9903 10292 22 50 1746 8 7254 653 95 141 8706 9511 7 90 2204 36 34 52052 1711 5
931 20297 71 26 381 10 98586 500 4 47 6274 3 2370 2981 7 3 17177 108065 19529 2204 13 16 277 6227 10 46 43241 7 3 2673 5
98586 500 5
108065 19529 2204 2370 1427 45546 5
16906 19 3 2204 16 617 137 3 8 31054 4 2151 3 17177 108065 10319 5
66 4286 9 124876 739 220 6 422 8785 7 70 7 3 2067 8 1003 16502 47 8090 7857 6 47 2067 10 267 7 2485 6362 49 1606 993 5
17 17277 2204 59 3395 21 9 1351 14 5447 2210 5
66 16 6437 19 32 2204 30979 6825 666 6 5507 46 2419 5
145 2204 4286 9 6825 35 33 47 4063 1328 7 3 1531 7 3 2485 2210 496 3 284 5
66 59 29 3 1175 6 7367 65 9 1087 2485 29 3393 4 8 92 3 2485 2228 23 4 23 71 3905 3 17277 2204 6 26 45561 5
17 3726 2204 4 2209 10 98586 708 4 104428 521 89 317 3136 3 38105 15 47 23 24292 4 8 153 576 23 6 3 2274 9010 35 171463 5
3 6986 2204 33 5
81 50 498 164 4 23 16 220 2638 14 15826 3 46333 6885 7 9 38105 4 44 23 71 59 26 220 14 38105 653 4942 9674 5
1738 7254 1001 2527 3 382370 5898 3735 335804 8 11028 35 124469 33 29894 35 36240 4 4 323 4 280 33 5
98586 708 5
18087 1427 45546 14 3 3726 2204 5
6832 124469 1929 46 2204 3 1175 6 12262 1678 5158 3136 3 38105 1799 5
81 46 5114 3 38105 1043 9965 6 9 8116 38105 25 9 5146 284 13 2609 9 323977 6684 8 114 57 49 48 2210 31 4071 10 678 6 4855 40 6234 8090 5
2249 3 2370 6684 18 1254 21 9 614 6684 14 5146 8116 4 689 12251 133 21 6885 12385 42 6227 5
17 7254 7 6885 12385 31660 16 46493 22 3 2204 653 4 3847 23 71 26 1406 21 9 1654 1427 7 544 16 4400 5
145 16 9 1029 1217 10 1678 77709 543 5146 8116 48737 5
17 2981 7 3 3726 2204 4 4088 189 25692 210 8 18478 210 11952 5
66 15419 4360 14 3 498 164 7 3 284 8 15618 243 305 5
164810 4 16 9 102033 115 55 7 9 10331 739 8 9 847 7 14141 220 6 1392 10331 4360 8 16139 1518 317 6 3 2274 1162 5
17 5447 2204 16 3 9299 47 53301 9 2485 976 3 284 5
81 678 6 12730 50 2485 4 23 738 6 4524 19 9 6986 2204 8 2024 14 2190 6881 3703 6 50 161 593 7 652 5
17 498 1185 7 3 2673 29 9 35713 1767 3074 4 2677 13 23 340 34 1865 894 285 23 7121 9 4183 6 12730 4 21731 4 34412 8 95 6242 5
145 2204 12 3074 16 1768 24 3 391 6885 12385 1264 5
238 381 10 98586 700 4 3 5447 2204 1388 2000 6 3009 70 2029 16764 496 3 6684 133 21 9487 4 5813 6 9 38105 4 9674 7 9 38105 12 6986 4 3057 6 9 6986 12 13125 8 1799 210 5
1949 4 23 2609 32 2634 45306 6825 47 10834 3 2755 5447 5209 486 19 3 13796 7 3 68391 8 23904 7 3 665 5
66 1002 10 9 1687 14109 4 25 3 57 7 3 2204 1010 4 8 71 26 16673 21 738 14409 5
17 45306 6825 34427 3 200855 1746 5195 5
1655 3 7254 397 7 1069 4 23 16 100 32 13488 1427 5
1575 4 70 2210 13 2769 90 1835 7 46333 2485 496 3 284 236 6 2975 13 1427 5
98586 700 5
18087 1427 45546 14 3 5447 2204 5
17 19058 2204 2209 10 98586 704 36 5439 317 72 89 25 523 5937 7 3 284 35 34 100 25 3 3726 2204 33 5
435 13 4 23 36 49075 8 2399 35 49 100 4661 33 11245 317 3136 3 614 6942 7 3 284 5
66 16 34 3456 14 3 4859 7 3 6684 5
17 282 254 14 13342 9 19058 2204 16 15 32 65878 38105 4 2254 141 15 3 38105 13 4507 3 689 9879 35 4293 38105 33 25 3 4919 323977 2912 5
98586 704 5
18087 1427 45546 14 3 19058 2204 5
17 19058 2204 71 6075 6986 8 4112 2125 2210 25 496 3 284 4 9493 76 3 323977 891 68434 8 5603 317 3136 9973 4 2210 4 7176 8 95 6242 4 21 166 21 3030 523 3351 7 16676 1918 3 3883 628 5
17 523 16676 71 26 4129 10 9 1687 204398 40044 58007 35 97349 33 5
60009 12385 2210 36 5576 3 284 8 1271 317 3136 50 164 4 3847 5261 3 104 9760 8116 30864 114 3 9487 7 120 4967 8090 71 26 617 5
17 6885 12385 5310 71 26 34171 6 26 883 13097 12067 24 3 38105 12 6986 2204 4 49 16139 35 92 3 498 1264 6271 23 33 5
7525 4 87 31 67 3449 61361 14 3 6885 12385 5310 5
364 16 10978 25 42573 10012 44040 31660 35 323 19304 4 4164 33 8 3 83 16 9 13422 7 3 837 6905 34148 11521 27708 2104 35 230641 323 4 911 33 4 543 1918 3 601 7 35523 8 35 502 33 8 2416 4 245369 4 8 3462 35 590 33 5
13166 6 50 2129 4 120 84 1272 5018 14 6885 12385 71 26 304 276 120 544 5
931 6885 12385 5310 31 391 8 14510 46002 5
158 31 391 106 120 325 6885 12385 421 16 617 22 3 6986 653 14 3 498 38105 5
17 14510 46002 3074 16 392 24 3 2980 7 3 17177 4731 2953 7118 3 111327 7 5577 25078 5
949 10 3 267 7 12538 3 74 565 4 65 3518 9 1970 5193 284 1918 3 46333 8090 4 3 2204 51 1871 34286 8116 1714 5
238 241 21 3 6885 157481 16 7947 261 385 4 3 569 2442 19 3 14152 7 9 392 2485 49 50 151066 15 9 523 38105 112 34 2537 2498 3 7 3 8090 5
17 1061 7 9 418 14109 10 3 1559 7 50 5577 16 34 1618 3448 24 3 17177 5979 2030 668 5
17 46333 2204 6684 59 4088 337925 5932 8 5577 21365 5
17 406321 6684 17 2204 543 46333 6684 962 415 29 3 689 1653 7 1691 9 1625 14 205930 1545 2333 6 26 4071 4 44 149 822 385 787 14 1812 16764 6 26 1589 148 3 523 5937 7 9 284 5
17 689 1254 8 6227 2210 4855 544 1547 6 317 45679 4 91169 21946 4 3024 8 91169 26983 3510 4 29540 2376 8 2485 891 5
17 604 7 3 317 45679 2204 16 6 7265 19 523 628 1543 8 6 9929 3 3977 6 9 14644 5024 7 628 13 36 26 9490 22 9 268 967 24 3 284 5
214 5024 2742 9 26983 8 71 26 10644 24 83 284 2210 137 9 26983 2204 5
208 3 2204 12134 46 2485 8 24925 6 50 125444 4440 18193 4 2190 61361 71 26 9888 6 3383 120 628 1351 8 19491 120 5447 1506 53 30026 4 5146 49 8690 5
81 3 498 1185 7 3 2673 4 121 87 16 287 5983 1918 3 628 1543 8 48 5983 1918 3 726 7 3 939 7 3 284 4 3 317 45679 2204 16 30026 4 1167 29184 97 65 84 628 16 1272 8 1900 7046 19 628 1543 13 7265 137 3 115375 10319 5
17 91169 21946 2204 1752 10316 3 3074 7 3 5447 2210 25 3 8942 66413 6684 5
238 665 23 16 1752 1768 24 3 5577 1496 7 3 38439 6234 6 290 38105 7 3 284 4 21 166 21 24 3 391 6885 12385 1264 5
145 1217 18 3112 106 3 10637 1735 112 34 2239 27 3 216 2981 5
238 230 4 463 6 1678 3648 220 10 7470 23 4 9 27783 3024 29 523 5066 7 31575 21 677 6 230 1639 5
88584 3 2204 36 231 97 317 392 24 3 24716 27783 2031 4926 5
1655 3 1081 1058 7 1252 628 3 2204 36 159 97 3 317 666 10 46 267 35 133 21 1381 91169 8 50 4249 858 33 8 9541 3 939 5
931 31575 31 34 5185 10 3 7364 6170 483 43 4447 976 3 3024 5
238 9 665 4 3 2204 16 1252 19 32 42101 1396 2869 8 19 9 265 67818 12251 5
1738 5577 71 1484 29765 3 13821 8 3 2900 7 3 1491 5
81 3 498 1185 7 3 2673 4 3 284 32629 9122 21 50 14618 2869 137 3 9122 17177 13074 58007 35 9468 4 6833 33 5
17 15987 148 4008 8 6034 35 8 1797 22206 33 16 3439 137 3 9573 7 10074 644 17538 6034 4 47 5507 9 8942 11924 7 3 2125 2209 10 98586 782 5
98586 782 5
58007 148 4008 8 6034 5
8616 4 1812 4008 71 26 5487 19 7026 7 10074 644 17538 6034 5
435 25418 3 91169 25 9 3024 4 3 91169 21946 2204 36 210 50 2334 6 3 498 91169 26983 49 9 3890 7 133 32 9299 4 10 267 23 16 5146 5
187 16 59 3 2177 6 60251 3 2204 6 3383 48 58 57 3024 22 9 89 5
17 604 7 3 3024 26983 2204 16 6 581 32 11924 14 83 2210 976 3 2912 6 909 1321 7545 628 25 9 392 38105 276 958 26252 6 13 38105 5
332 3 216 89 4 23 59 1708 9 7787 14 12385 3 6885 7 19510 14 1735 15 9 392 38105 8 4 3847 4 7162 50 18229 4 907 92 3 3024 26983 2204 16 6227 21 9 160849 9299 5
17 4991 2104 4 9556 19 14007 43673 8 9 13377 976 7 9 41748 6905 6885 12385 4859 4 250 343 8137 7 9 426 6206 5
17 26983 1725 24 46 2204 71 59 3576 91169 277 4209 47 31 3703 6 3 1735 5
81 644 4 3 284 71 162 97 19 3 3915 91169 8 7253 6 3 2755 3024 97 65 3 2125 7 2376 2779 23 5
17 498 1185 7 3 284 340 34 231 43673 8 3 284 36 162 1204 25 3 9513 13 87 16 93 91169 277 1379 5
17 91169 26983 2204 16 825 6 3 3024 26983 2204 5
66 1708 32 11924 14 15206 9 91169 26983 47 16 4 1001 6227 21 32 55069 5536 5
473 290 84 1243 6 3 91169 5536 4 13 317 36 59 26 220 6 51283 3855 3 380 29540 8593 5
17 91169 51375 71 26 617 10 9 5146 4230 5
527 4 21 14644 65 3 614 5018 18 2209 4 3 380 8593 36 26 2903 558 15 57 38105 14 5447 5
4036 9 8593 7 3 380 1698 29540 4 3 29540 2376 2204 2106 2485 16 6 3030 3 2755 5447 1918 13 8593 35 171463 5
21946 7 9 15573 3472 33 5
1301 23 883 3286 3 522 10 55069 6170 49 34315 91 6 9 10139 6170 5
17 498 1185 4088 70 2209 2003 19 8953 6 18094 3 29540 21 32 1973 35 14 946 4 10 9 6170 13 2228 1783 43042 76 1087 7268 33 49 6 9 97349 5
17 2485 2204 16 1122 32 11924 14 130588 8 5034 32 2376 1986 19 10074 19393 8 4 92 23 16 1272 4 10074 61361 7 3 392870 3915 2210 5
66 3395 1629 21 9 4293 154 3 2755 46333 336 5
8616 4 3 4650 71 2093 532 8 4112 3 5577 7 3 2673 5
41990 1488 79 45268 8593 7 3 6292 1488 7 3 2210 71 26 381 10 98586 183 17 6292 16 110 15066 1200 24 3 2485 2204 5
214 16 3 689 1033 7 3364 2210 232 6 40 2828 1715 8 87 16 93 10023 9463 10 40 24487 5
98586 183 5
18087 6292 1488 7 3 29540 2020 2673 5
14471 6684 5932 23838 3 39352 5596 4434 40 209 40 69000 72 3 1052 4 538 1678 1955 4440 4538 4 133 21 54405 5
17 601 16 34 24128 25 9 17677 397 7 1069 141 92 90 2463 7 101277 16 1272 6 532 23 5
12502 4 290 7030 2759 57 49 48 601 2089 10 290 151 4808 15 3 7060 7 50 292 3163 5
332 290 2033 4 3 1296 27 6 6628 2634 601 576 3136 40 498 601 5
5753 31 59 1401 976 8 525 3 136 5
17 11081 976 3 7030 5473 2638 15 3 498 864 106 23 16 26167 10 104 745 6 27 528 601 2089 19 260 653 270 14 70 3 601 30951 7 3 5909 5
17 216 5195 10 5517 11081 71 26 170 65 1296 162 525 3 7030 5
81 46 267 4 3 282 522 31 845 10 1561 19 1678 3964 7 3238 44 19 1052 653 55184 5
17 1273 284 3804 6 422 1328 7 70 3 1296 845 162 5
659 11166 46 2485 4 3 284 383 384 8 12262 70 3 162 845 10 173 49 540 1561 24 3 1296 5
659 112 13 8118 14 290 5517 4 51 26 9 2509 7 1714 4 8 3 522 142 34 26 21 5050 21 230 5
458 3 97 537 1217 16 6 12262 70 558 601 3174 8 576 8 6 1000 3 2234 12 14478 5
187 31 3272 65 23 624 6 3510 3 317 45679 650 148 7030 69000 8 3 1052 5
81 267 7 32 5909 69000 4 57 383 74 1865 92 883 3 5146 49 3 24128 1217 36 26 220 5
208 3 7030 29 9 3024 30331 13 4490 70 50 1265 4 23 16 385 6 231 3 24128 1217 8 6 112 628 4242 72 3 2634 576 628 1084 1252 24 3 30331 284 5
81 3 83 267 4 3 2204 6684 383 26 4071 22 290 601 2033 10 678 6 909 3 325 5536 13 4286 3 2634 601 576 5
81 3 983 7 3723 317 25 3 1052 3 216 421 16 159 4 44 538 9 523 1217 5
208 3 7030 6409 97 9 59347 197 7 10722 6 26 533 4 153 3 2204 6684 71 26 4514 97 10 57 254 496 3 136 5
1301 3 7240 666 6 909 3 10722 5536 383 26 1252 6 3 284 5
81 3 83 983 4 65 3 7030 16 2274 10 894 13 142 26 845 3761 24 50 1296 4 3 2204 12 6684 383 26 4514 15 290 2737 7 3 136 6 3577 8149 3 1046 900 7 3 2204 12 6684 8 3847 6 474 50 3961 5
435 6098 3 5932 1264 3 284 16 5257 5
187 31 67 16200 10 50 231 5
17 74 4141 16 3 2007 91169 5536 3465 4 8 23 142 1871 90 89 8 9 528 221 7 1714 4 4808 15 3 352 15209 114 317 45679 383 26 617 5
17 169 4141 71 26 381 21 9 4518 57 5
17 284 36 1291 8 650 84 628 13 1464 22 290 397 7 3 5561 692 5
81 46 4141 4 3 1058 7 666 1714 2537 17094 5
20799 5932 71 26 3112 24 3 284 5318 14 3 24128 2104 21 23 16 3 104 4213 1217 4 9028 2130 5
81 83 5771 4 3 13292 3201 36 3009 3 2007 29765 7 3 284 276 5093 5
10555 7 3 284 17 284 18 1254 441 10 1475 3 644 13 3 4650 16 1618 9 746 1714 35 18220 33 2516 5
21669 4 3 284 1708 9 2942 49 45268 8593 7 3 1682 148 1678 1296 5
66 71 59 26 2093 9888 6 5998 581 120 773 2193 52 9 5517 5
79 18795 231 7 3 284 142 26 6 5998 909 3 773 7 3 1845 1296 4 21 166 21 14 3738 607 21 10 104 745 3 8913 1291 8 19904 2916 543 11129 31 7081 220 6 3855 3 5517 3961 1846 5
13166 6 3 231 7 7732 1442 4538 4 3 284 71 59 26 5607 6 270 9 21339 115 1812 197 7 954 14 290 7193 650 7 2849 8557 5
8616 3 18220 2849 36 34 1266 215 146 89 3723 3 5517 12 3186 3961 3490 106 3 284 36 162 10 3 3519 8 21072 49075 3 773 11335 19 9 489 13 142 26 2203 24 3 4650 10 970 7 89 5
26566 14478 17 31660 1444 29540 16 543 15 9513 13 87 16 32 19019 23901 4 47 9013 970 4 35042 4 12885 6 2485 3351 8 3 3024 91169 4 277 4447 10 678 6 112 3 29540 2020 35 277289 12283 32330 4 2560 33 5
273 2209 8365 3 280 69558 271912 47 4286 9 108 653 1043 234 1291 4 9168 24 538 3 365105 970 170 10 3 69558 122658 35 69558 4 6833 33 42 220 5
81 3 614 267 4 3 4279 91169 250 3576 3 7334 7 3 3024 42573 4 3 7334 7 3 3024 6051 8 3 2125 7 417 3 3024 9965 6 5
81 3 2190 267 4 961 1918 10 46 542 4 138 3547 343 53 2778 3 610 7 3 2234 7 32 1181 35 424 21 6219 33 2778 3 610 7 9 26011 2234 976 3 1181 35 424 21 12662 33 2778 3 1037 7 3 1381 110 26011 35 424 21 3116 33 8616 4 3 1322 1141 3 508 916 53 6219 1929 12662 9 505 14 5077 10 3 9962 7 3298 35 3116 33 4 114 3298 35 3116 33 35 1125 21 4102 7 3116 33 2464 3 4102 49 9962 13 3 51375 7 49052 25 496 3116 266 6 5
980 4108 4 114 9424 16 3 221 7 49052 25 496 3116 4 16 3 20117 25 496 3116 8 16 32 51375 3802 72 9 392 197 7 49052 5
81 46 267 3 5771 65 189 6219 8 12662 31 320 31 10637 5
41184 10 47 12662 16 34 176 7 3 1698 142 26 4279 106 23 842 3 1951 7 6404 1149 6 3 1698 1918 3 1521 9299 5
81 46 542 4 658 4 80 5731 138 522 5
81 46 1654 267 7 2209 5867 3 3112 30951 42 7732 1442 8 5146 1443 5
12502 4 3 16277 29540 98586 698 4286 3 25026 1322 297 2234 7 3 3174 10 192 692 7 5077 5
1249 10 46 5114 4 2812 6219 4 12662 2305 3116 16 424 103 881 4 9 1264 14 25418 91 29 45 12492 538 3 9122 2869 10292 10 3 91169 21946 2204 9010 5
6832 9 1396 2869 16 1622 106 3 1001 10637 1735 31 10 27783 6170 5
145 770 13 87 16 9 177 272 13300 13 523 31575 86 1230 976 3 2942 10292 10 3 27783 3359 22 4661 89 5
17 104 533 6200 7 133 31575 31 53 1268 53198 317 4 1171 3333 10 523 1561 4 2233 220 1016 7 4483 7 2942 5
81 678 6 10775 3 2942 25 9 27783 3359 8 59 6 128 317 3136 50 827 15 3 2078 4 3 2125 8 1646 7 3 220 35698 4 3 498 2078 221 8 83 34286 628 4 9 2104 543 1918 3 24716 4926 18 3112 35 17 24716 10725 2417 4 2560 33 5
980 4108 4 3 3467 2104 4589 6005 57 7 3 3597 25 3 35 3 1427 33 8 22565 57 7 50 2634 4309 6 3968 3 392870 3915 1056 7 290 2163 35 49 4 1484 4 600 7 3333 33 5
214 317 16 153 1198 2011 9 523 14533 35 33 47 4 54 2513 70 7 3 317 4 2899 6 916 2163 18679 543 1918 3 827 15 3 2078 7 290 8 5770 35698 2125 5
3194 2163 10753 16 10637 4 8 3 37839 4008 31 153 5543 76 3 9122 2869 4 47 18 5910 19 9 197 7 10074 954 25407 1146 54 3 5448 7 117 1735 5
273 946 4 9 1906 1396 6 2705 289 9 10448 16 3 1037 7 9 1381 49 34 35 19 3 4040 7334 110 3628 6 183 33 16 2209 10 98586 407 5
98586 407 5
59268 7 9 220 9122 1396 5
231105 2020 238 71 26 6453 10 98586 403 3 867 7 29540 2020 16 34 4093 5
81 3 1431 4 3 2210 35 10 317 45679 4141 33 6143 6 120 558 35 49 180745 33 1351 7 1735 8 231 3 629 970 13 10807 3 9962 7 518 6 13977 97 3 57 7 518 14 3 5867 5
81 3 169 4141 35 601 317 8 1322 21946 33 290 3024 16 351 4 23642 8 3 1272 628 16 16277 5
98586 403 5
17 29540 2020 31660 5
81 3 498 601 3 1665 42 617 72 27783 1735 106 40 12911 2981 6274 3 104 1812 544 13 383 26 5487 24 3 284 5
435 91169 16 16277 25 290 3024 4 23 16 1465 76 9 1029 55069 2125 3359 5
355 46 650 16 617 3 284 11371 3 296 4141 7 29540 2020 5
81 322 70 1687 1682 297 4888 23642 538 3 180745 35042 31 11831 76 9 528 29540 5
1738 1646 142 7702 44 65 3 2376 59 4589 3 1052 4 23 142 26 177 528 35 764 7 30864 33 5
208 9 556 1046 76 9 9962 13 36 909 70 689 4040 5271 16 617 3 221 7 29540 30864 71 26 141 568 5
145 16 1966 106 290 2234 16 3380 24 9 29540 38105 5
435 29540 2634 8593 16 1146 9 3569 4926 18 220 6 2399 3 29540 5
17 508 2124 7 9 29540 4 2209 10 98586 698 4 16 10978 25 9 2137 7 6332 481 1735 7545 10 27783 6170 5
158 27 45 6401 24 695 1046 5331 4 2543 6 29540 2020 4 21 110 15 3 5269 7 49474 1442 8 70386 327993 273 3 8347 7 17635 4 97 3 30864 47 27 45 26011 22 248 480 4 8784 366422 4 27 45 351 76 5139 5
98586 698 5
79 2124 7 3 16277 29540 5
17 17177 5217 25148 35 33 29 45 220 189 14 19039 3 29540 2011 9 17177 6825 8 14 16539 23 76 9 30682 1973 3359 35 4 590 33 5
17 18629 7 3 5685 3364 9 274365 16 22652 6 50 10 2463 5
435 7470 3 556 29540 4 9 14203 1185 7 3 131825 31660 35 4 3824 33 18 220 6 3855 9 15573 3472 5
145 754 3 1698 12 14478 2538 6 10992 5
81 2906 19 3 8176 1185 7 3 131825 31660 4 46 1185 340 34 4556 9 38105 12 693 76 3 5633 13384 21 23 137 91 44 340 95 10 3 7591 678 7 40 221 7 8785 6 40 3178 5
12502 120 693 38105 13 142 474 3 221 7 4249 6 3 498 38105 36 26 3643 415 58 461 5
145 36 1377 4 10 3 267 7 2489 8785 6 3 216 38105 4 13 3 30864 47 1384 3 498 38105 21 110 48 4788 31 304 76 3 14478 6727 623 58 268 5
1949 4 46 1264 4063 9 1760 148 16936 1545 8 5719 1545 522 5
17 6808 38105 14 3 3472 18 3467 21 110 3 104 4788 57 4 14 3099 3 38105 13 29 45 26011 3 104 5
121642 1665 27 45 115 15 3 30864 13 27 3 10 2463 10 3 20163 7 3 3467 6808 38105 44 4 22 248 15 46 3024 5907 4 3 522 42 4 1629 4 11933 2855 7 3 3467 6808 38105 5
273 3 8347 7 9720 9 5293 20071 7 3 3472 12 1308 3157 276 215 146 317 83326 3 1973 10 98586 685 4 80 97 848 3 1726 7 3 13 27 32 10 2463 7 22 248 183 35 171463 5
27 45 26011 22 248 183 400 33 10 3 1332 29540 5
98586 685 5
17 15573 3472 7 3 29540 19 12662 5
15472 21 3 6808 38105 5
66 16 43535 289 3 18629 7 3 5685 3364 9 274365 16 22652 6 50 10 2463 4 105 10 3 946 4623 3 2124 25 3 1332 29540 5
81 98586 685 4 3 6808 274365 12 5685 16 14831 10 678 6 26 2093 1658 5
17 284 47175 16 3 57 1252 24 323977 3847 23 16 206 35 12283 32330 4 359 33 5
145 18 57 7 3 1809 14 6098 23 21 1084 14 129 48737 726 5
17 24128 1217 18 3112 10 3 74 4290 7 726 106 23 18 666 6 196 92 3 1273 1217 16 16079 385 5
2249 3 284 71 34 231 25 3 1431 9 23642 1046 14 90 5517 3 2007 8116 900 16 272 5
14425 4 10 3 161 726 4290 3 1816 5146 1217 16 1272 106 3 284 383 14448 1297 3 1812 25026 543 29540 21 3 5517 1755 6 6628 8 3 352 7 3024 1046 71 26 853 5
17 498 1746 142 26 59 220 44 4 463 6 13292 544 7 9 6009 24128 1217 35 171463 5
42672 22 3 689 38105 33 8 59 463 6 3 13292 17677 3201 7 3 1543 4 23 16 333 6 231 9 5146 57 5
17 2104 36 17244 10 3 5385 7 3 27228 5146 127071 38105 35 9 2104 825 19 3 1520 284 33 114 7553 11933 42749 36 26 4154 5
238 9 665 4 3 8116 900 16 5146 72 3 3472 151361 5
949 92 35 25 4942 9903 1809 33 48 4293 30864 142 4447 4 25 3 31660 397 7 1069 23 16 385 5
81 46 267 3 380 29540 383 26 22983 15 290 4293 8116 38105 5
17 29765 544 31 34 95 533 106 3 689 8116 900 16 6 13977 4 13720 8 10563 3 317 34 6 15892 76 9 380 29540 35 46 16 3 689 1315 617 22 3 4293 653 33 5
17 6885 12385 36 59 26 617 22 3 25882 30864 7 3 3472 35 114 3 317 45679 650 27320 2676 33 5
1302 593 22 3 885 30864 653 9 8355 6885 12385 16 5799 4 215 5
66 36 26 97 10 970 7 6098 3 1543 14 290 38105 13 3466 3 45679 650 10 678 6 1262 39855 7 162 5
8932 4525 17 2209 522 31 3863 44 22 46 1129 97 3 5158 3136 3 1951 35 5559 24 25026 33 16 5998 16277 35 538 317 45679 4538 33 5
659 343 9 1816 12329 4462 14 32 18220 2516 4 90 2000 383 26 304 5
79 84 1427 7 2210 383 26 1589 10 678 6 13977 8 12262 25 1052 70 317 3136 78731 1291 8 120 34286 9224 35 4 590 33 5
355 46 4141 16 7679 90 7896 3136 3 17677 1561 8 3 1296 25 272 6595 1845 35 171463 5
25 260 577 33 13 11897 9 5517 383 26 4209 5
12502 3 18220 36 27 3 317 2209 76 9 12643 8 52090 152 13 16 48 3206 6 50 152 7 682 512 5
659 27 9 391 1973 3136 3 1951 7 32 2516 4 50 15978 148802 142 59 26 351 76 1250 5
81 192 912 184 3070 22 3 1586 653 16 6 1000 2210 13 13977 317 3136 3 5517 5276 5
520 19393 3136 3 1058 7 207 4 3 1204 1294 4 3 9856 5580 8 50 604 10 1897 726 31 1568 5
355 1812 19114 2376 13 3972 70 3915 19393 31 617 90 34286 8557 954 383 26 220 5
5104 4 3 4207 71 34 1816 2323 3 746 22 46 653 44 3648 133 21 3 2209 57 142 1297 30 3961 8 2537 4472 50 8557 89 5
187 31 67 1809 14 682 13 5
364 9286 10 3 197 7 954 13 31 392 24 3 2516 543 15 50 791 8 3 83 9965 6 3 1698 954 5
134865 954 25 32 2516 8 538 91 10 42101 2869 16 9 1029 2485 16910 35 13401 4 6104 33 5
13166 6 3 897 6681 7 192 954 3 4462 383 371 3 2516 3 2177 7 3 220 1396 197 5
17 216 12229 383 26 3100 59 19 2201 6 3 19019 954 106 100 21 3 1698 16 10 9 11065 337 4 95 31 3 954 220 14 8557 1471 2419 956 3 747 909 3174 5
81 46 267 87 16 93 565 35 25 2370 1586 3685 397 7 1069 33 10 12430 8 9375 32 2204 6 3383 120 2125 7 1955 43209 35 1084 15 13284 4 15 11911 858 8 15 43209 317 33 35 5087 4 2076 33 5
1471 565 10 538 46 4462 16 13 23 142 29765 3 4040 1295 19 2204 4360 8 4 10 90 745 109 87 31 6062 1170 13 71 1368 46 5
187 31 67 1225 7 12538 46 565 5
208 3 4040 16 32 526 1351 2125 4 153 3 2204 142 26 9728 6 2024 21 241 21 23 16 1622 285 3 909 16 3100 369 5
81 3 267 7 3 747 57 3 983 16 10455 24 1821 11446 19 3 4040 10 970 7 2404 221 7 16335 4360 5
145 2125 7 544 31 825 19 3 1603 7 30423 9674 1586 2506 35 12283 32330 4 7560 33 95 87 16 385 5077 35 22 3 757 49 4207 653 33 6 4855 91 5
349 241 1043 3 18029 7 46 1586 142 26 964 106 16910 46 2125 7 1812 8557 7 3 5517 16 2638 617 24 83 1149 35 1618 1695 4218 10 40 2508 8 10 40 857 7 5077 5
238 23 18 1321 3915 4 87 31 15 3 200 1678 3648 13 690 6 185 192 1149 10 40 162 44 463 6 565 10119 3 689 421 840 10 40 1280 5
2249 3 689 317 19696 25 1735 16 97 2942 543 21 3 3961 7 3 27783 21946 29894 36 1297 90 34286 5447 1959 4 5913 107 22 3 2204 653 4 10 91169 21946 142 26 11296 10 3 426 5
81 46 1381 4 32 7112 2204 543 1217 1827 22 7995 3186 14119 18 2209 5
17 8531 18 1254 6 26 220 24 345051 607 34 97 10 40 1562 1715 44 59 65 346 1698 893 31 10012 5
208 3 284 29 528 3318 7 317 21 9796 4 23 36 27 385 628 6 582 9 206 37582 7 3 1806 1682 297 523 1296 8 59 7 3 3238 7 192 1682 5
17 284 59 1929 3 2177 6 12262 2634 601 3174 13 27 5973 909 6 1678 19019 926 5
145 36 371 9 48 5050 8557 7 9 5517 58 65 6404 3648 276 613 6 909 3 2634 136 628 3154 31 220 5
17 1217 543 15 2210 754 3 313 5109 148 3 2210 13 17305 137 3 1052 8 2634 1603 287 10520 5
81 678 6 960 3 284 4 9 197 7 845 3174 558 15 3 1052 42 220 5
17 5867 2436 13 87 31 4 3244 4 166 4939 3898 148 1296 8 4 3847 4 3 522 71 26 220 6 1746 9 333 284 14 3 8557 8 19372 7 1296 5
17 231 7 32 11356 284 1217 71 59 4472 13292 1698 59581 13 142 1230 154 3 650 5
17 569 7 284 7254 31 4203 8 816 3 216 92 6321 5932 16 3112 5
17 6684 1589 538 323977 18 1254 6 27 9 272 653 7 156324 4 95 23 71 26 220 10 1678 5771 1547 6 317 45679 24 1122 2571 3 418 2204 2669 8 4125 5
145 16 4861 24 3 644 13 32 2204 284 16 2093 36722 6 84 8090 24 1122 1463 84 3569 49 614 2210 6 23 5
332 3 216 89 4 3 47175 7 3 284 71 26 2069 10 7488 6 9 392 197 7 3212 4 106 3 27964 220 10 6885 12385 71 26 2093 2445 5
17 9573 7 7732 1442 3648 35 133 21 9122 33 496 3 284 71 26 2069 106 3 6684 2228 3 3465 7 84 2210 19 10074 10292 2506 5
17 284 142 26 220 10 3 6062 3490 7 601 773 10 173 49 540 1938 5
66 71 26 2093 5607 6 270 1812 2757 7 954 4808 15 290 4650 12 738 10 2849 8557 5