999 1379 4 117 2520 7 2328 11249 27 45 1589 4 44 46 352 840 9 857 7 601 1534 109 312 16 424 52 3 5238 2673 7 1806 2520 5
81 129 2175 4 46 16 106 3 231 7 1806 2520 16 1574 24 3 912 10 47 43 31 1589 5
1471 813 956 3 2193 13 71 26 964 14 11249 5
966 4888 1919 13 9224 7 3 6404 1566 4 1521 6983 21 166 21 711 1646 3576 533 317 109 15 3 83 881 4 3 528 221 7 2193 340 34 1622 474 31392 1175 7 9 1506 5
81 46 1381 4 80 1919 3 4624 31660 543 47816 19372 5018 35 441437 33 13 2228 189 13896 3 4279 2193 8 19708 3 1506 1010 6 2673 5
536044 7 1678 2520 31 3559 22 3 74 1092 8 2164 76 3 2133 12516 22 3 169 1092 5
17 3109 7 6951 12540 8 2419 3394 4538 42 220 6 1377 3 1622 7139 653 7 536044 22 3 74 1092 5
17 4624 27964 31 3677 22 3 1092 7 2000 3394 8 153 22 3 1092 7 17509 6013 10 12516 5
17 10777 7 3 1273 5018 27 45 2870 15 3 6955 197 7 628 5
66 848 75173 11537 7 978 291 35 58631 118490 8 58631 1408 33 8 2970 2000 35 229 13544 8 224 1566 2193 33 5
17 1273 5018 29 1595 3 282 8958 35 33 871 297 2870 2520 5
66 29 59 1595 3 104 6955 12398 3423 5514 5
66 170 118490 35 3423 3082 33 8 34 118490 35 12398 3082 33 623 10366 58 83 2870 2520 5
17 1175 7 5018 6 5339 3 2485 4279 2000 29 45 59 2870 5
9966 3 2000 13 31 964 14 287 58 575 202 7 3 536044 10 3 12516 2069 3 70 773 23491 35 8958 3082 4 12398 3082 4 3423 3082 33 5
458 4 3 1273 5018 2228 6 1297 3 9063 8 14306 3 12110 13292 10 3708 536044 4 8259 3 224 1866 270 19 9 568 11040 5
17 565 7 2328 11249 16 57 7 3 104 6724 4400 16910 297 5238 8 18423 667 7 136 891 5
19647 7 3 498 229 1799 8 6013 7 2328 13300 31 7 518 6 2083 4 4880 4 6651 8 461 7412 16 6 293 19 5138 8 5314 224 2398 5
1113 48 58 2536 2328 2520 11700 996 9976 523 2193 27 45 1273 4 192 2520 31 3691 220 10 1407 35 4 4 323 45891 4 359 33 5
81 129 2175 4 46 16 121 523 292 10711 27 1678 2763 13 112 34 852 61041 2520 8 1547 2757 7 2193 10 83 912 5
145 644 29 45 1091 24 19079 2062 7 2520 14 523 378 35 28410 4 47153 4 323 12825 4 7782 109 28700 4 6794 4 190322 4 323 9048 4 2076 33 5
273 1572 378 4 19 3 292 2981 2537 523 25 3 1589 378 46 644 16 982 964 35 441282 4 4 323 4 6833 33 5
81 1243 6 3 229 13544 4 84 2193 142 26 1272 14 11249 10 133 912 35 28410 4 20986 4 47153 4 323 61979 4 9770 109 240419 323 2850 4 6833 33 5
527 4 23 16 34 537 6 4764 10 2379 47 9224 36 2498 3 31392 1175 4 95 3 2000 3394 16 1622 5
81 46 1381 4 80 1746 9 31392 1506 13 71 26 2093 9888 6 120 84 983 4 189 10 970 7 1506 6358 8 3 2000 220 5
134 7801 3 508 4538 53 22 3 74 967 4 80 5339 3 964 2000 14 3708 536044 4 47 31 2164 76 9 2133 12516 10 3 169 967 5
273 189 4290 35 2000 3394 8 6013 7 3 17509 7 3 12516 33 9 4624 31660 16 220 5
17 1273 5018 29 45 2870 15 3 6955 197 7 628 13 9286 7 75173 11537 7 978 291 35 58631 118490 8 58631 1408 291 33 8 2970 2000 35 229 13544 4 27461 8 29406 224 1566 2193 33 5
17 601 628 197 18 3868 76 9 928 197 8 9 960 197 10 9 5084 5
17 1273 5018 29 1595 3 282 8958 35 281102 33 297 2870 2520 15 3 960 197 5
66 29 59 1595 3 104 6955 12398 3423 5514 5
66 2118 118490 35 3423 3082 33 8 34 118490 35 12398 3082 33 19 9 568 8958 677 6 3 83 2870 2520 5
622 184 1653 7 3 1273 5018 16 3 1175 6 5339 3 912 17759 2000 5
64377 7 2000 964 14 287 58 575 202 7 536044 10 3 12516 2238 70 3 773 23491 35 8958 3082 4 12398 3082 8 3423 3082 33 5
23838 9 221 7 2062 31 5446 6 3 565 7 2328 13300 3490 5
766 42211 7 46 1441 71 26 78189 3868 76 67 600 5
17 74 57 9286 7 3 42211 7118 3 1414 7 23232 10777 35 2000 33 197 1691 9 272 12398 11249 35 13320 323 20940 4 359 33 5
17 104 3844 7 192 2062 956 3 9224 7 229 1215 35 9715 71486 4 9770 109 441282 12283 32330 4 6833 109 1604 323 63430 4 911 109 4 170153 4 323 170153 4 9770 33 5
187 31 1131 47 31 1967 15 1521 891 2193 35 4 7560 109 12090 4 58618 4 14879 4 323 7914 4 9770 109 1604 323 63430 4 911 109 28410 12283 32330 4 9770 109 249960 323 4 2560 33 4 1923 2193 35 4 7560 109 211099 4 1376 474676 4 323 4104 166357 4 2560 109 4 4 323 4 7782 109 243048 4 4 323 6794 4 359 109 69927 323 4 7560 109 240419 323 2850 4 6833 109 4 359 33 4 653 7 1209 726 35 323 128766 4 9770 33 4 4703 5
81 104 745 4 3 11249 1506 7 2328 1038 10777 25 70 7 192 2193 2757 35 12090 4 12283 32330 4 9770 109 28410 12283 32330 4 9770 109 240419 323 2850 4 6833 33 5
1210 6 12283 3462 5
35 359 33 4 37 5764 2328 10900 2062 25 15424 6 89760 4 9 676 7 83532 523 2193 31 220 10 42211 4 483 83901 7 3 2193 31 25810 10 97 57 49 67 2062 5
17 221 7 2193 1109 10 57 542 11612 25 249 6 4271 8 3 596 221 7 2193 16 183 5
17 169 182 7 2062 7301 15 11249 17592 5
17 19482 10900 16 7081 1109 21 9 160072 19372 565 53 87 16 9 197 7 216 2125 6034 35 10 129 267 1470 33 47 7857 6 424 3597 35 10 129 267 118490 8 14510 118490 33 109 3 733 16 6 1746 32 31660 3682 7 48975 6034 7 4000 1427 5
14903 8 26115 35 502 33 4216 13 2328 10900 2520 71 26 3868 76 108 689 5835 53 11245 2520 4 7732 1442 2516 2520 8 18423 2520 5
1210 6 12283 3462 5
35 359 33 4 2543 6 3 2661 4 3 2370 10900 41154 42 543 15 11245 4309 150 523577 8 2520 4 8 3 104 1029 18 2376 35 33032 33 4 74 3677 10 3 22744 162 7 22233 35 6973 33 5
33032 2532 6 26136 9 27728 3109 7 2000 4 47 282 21658 148 3 3597 5
22233 35 6973 33 2118 500 229 13544 4 47 27728 3109 2939 6 13012 9 1846 14 3 178 2484 1470 109 46 1506 16 6682 21 351240 5
435 3 2661 4 7732 1442 2516 1443 150 268671 4538 626 3 1325 5018 14 2328 10900 5
1203 477 7732 32542 2642 35 49894 33 42 220 35 12283 32330 4 359 33 4 907 3 156936 35 106153 33 5
66 144 26 1744 4 658 4 13 117 1296 4216 13 439493 27 90 13753 35 35269 275360 4 7560 109 12035 4 123942 4 323 62495 4 280 33 53 35 249 33 9 5517 144 27 485 791 10 678 6 5339 3 532 3577 4 35 341 33 23 16 841 6 79117 3 522 463 6 4 8 35 459 33 439493 27 1292 7 48579 326 4 95 23 16 841 6 2565 3 10900 522 5
81 1243 4 90 4888 27 4729 3 77403 7 83 7732 1442 4309 6 2328 10900 4 14 946 4 3 267 543 14618 35 55642 323 2552 4 280 109 158159 4 4 323 12826 65767 4 9770 33 5
12283 3462 5
35 359 33 252 55 19 3 508 7951 10 40 1165 53 35 249 33 87 31 72 2536 2520 558 4 117 7 47 27 1595 272 31392 1175 4 95 3 1101 7 426 601 144 26 15 538 3 1806 2520 21 2400 6 3 726 7 84 1603 109 35 341 33 9 528 221 7 2193 340 34 1622 474 1506 12 31392 1175 109 35 459 33 1806 2520 31 6698 220 10 1407 4 95 1296 144 1186 6 3434 2968 2205 19 1407 5
134 7683 19 3 74 16018 5
1532 4 3 1806 3014 19 1407 4 1744 24 12283 3462 5
35 359 33 4 16 3 8867 7 3 32776 77403 7 558 2520 5
966 2062 240 13 23 16 2784 6 231 2520 1745 14 9 2190 386 4 200 49 151 10 83 912 5
28410 12283 3462 5
35 7782 33 5422 628 7 179 523 378 35 937 4 1062 4 3431 4 8 239 33 5
1700 522 4459 13 87 16 93 837 282 3109 7 2419 3394 5018 8 3 19372 5533 72 3 179 628 2757 5
11649 522 42 3455 24 28700 12283 3462 5
35 2076 33 4 37 10637 19482 10 821 8 930 5
441282 12283 3462 5
35 6833 33 661 13 3 22233 351240 4 543 15 3 218 229 13544 1658 24 22233 35 6973 33 4 340 34 4047 5944 522 14 978 291 5
7219 4 32 1186 6 1088 9 84 33032 1506 13 19756 978 118490 8 1408 1470 59 340 34 581 964 522 35 3 5620 7 46 404 16 2209 1298 10 9 2124 6293 601 522 33 5
81 1243 4 3 1646 7 3 1470 4400 2537 6654 3 1506 5
275360 35 7560 33 661 13 3 2520 14 396 8 16565 10349 5697 25 138 14 528 10349 5
12502 4 3 726 7 84 2520 35 49 4 6 26 7608 4 3 9384 8 3109 7 424 4538 33 8 231 7 84 2193 31 1272 14 290 2190 267 5
332 3 216 89 4 80 494 87 16 93 236 10 7568 4637 6 538 2520 1273 302 85 251 8 415 5
966 84 2953 2854 4538 31 424 298 4 47 71 59 26 3639 3677 6 3 565 7 2328 10900 13 16 1091 24 3154 7 3186 10722 5
1354 3708 4309 7 19372 35 67929 56018 35 146022 33 4 11856 8668 4338 35 33 4 270 60401 2953 35 187305 33 4 13306 35 89851 33 4 421 2855 35 32166 33 33 8 4309 543 15 536044 36278 31 220 6 4855 46 565 5
23209 1131 27 45 5446 6 19079 3961 2376 7 1678 19372 4538 3677 6 2328 11249 10 485102 378 35 15669 323 63430 4 2560 109 441282 12283 32330 4 6833 109 381639 323 7277 4 7560 109 28410 12283 32330 4 9770 109 28700 12283 32330 4 2076 109 47153 4 18409 4 323 48511 4 7560 109 17555 4 36260 4 323 48511 4 7560 33 5
20379 4 3 231 7 84 2193 10 1243 6 229 13544 71 581 84 4116 317 5
134 1648 13 3 528 221 7 2193 10 614 340 34 474 3 8958 7 3 1506 4 8 23 16 34 537 10 2379 6 4764 47 7 91 36 26 25746 5
12502 4 23 16 44291 6 7801 32 474 10 3 221 7 2193 19 4309 7 2000 3394 35 28410 12283 32330 4 9770 33 5
8616 4 3 733 7 129 162 71 26 27394 21 508 53 6 1800 9 48 49 287 6182 5018 13 2228 6 1088 32 1783 303777 4 47 71 8744 6 523 912 5
17 1273 5018 144 35 249 33 5339 964 2000 8 35 341 33 2258 3 6358 7 3 303777 5
659 2769 46 733 4 80 8850 538 13991 4538 4 13563 4624 31660 35 37566 33 5
2758 1217 144 1377 272 77403 10 1407 5
520 1296 231 13991 4538 14 19393 27708 10 1243 6 48 49 287 2118 2029 4309 7 536044 3465 5
81 46 267 4 3 19547 3109 7 3 303777 19393 16 5852 10 3 904 7 40 537 2770 4 3 27708 733 35 79022 5
5188 4859 33 16 4939 1618 21 9 8355 3768 7 19372 5
273 946 4 275360 35 7560 33 220 37566 6 1088 9 284 7 11580 954 543 15 3 997 8 3 29156 871 7 3 3467 229 13544 14 1683 396 8 6127 10349 5
145 763 3 2234 6 1000 379492 284 13 93475 3 522 7 146022 8 187305 536044 4 907 10 2790 3 15791 2453 3768 5
11649 1217 18 220 24 8 171198 35 7782 33 4 37 1273 32 6062 1746 7 22190 168986 536044 538 41748 6905 13991 27708 27964 5
17 4624 31660 16 59 477 4723 6 5339 964 2000 35 323 109 7560 33 4 1484 46 1217 16 2164 19 96734 27708 5
273 946 4 17555 12283 3462 5
35 7560 33 220 3 4624 31660 14 16335 187305 12 2419 3394 8 96734 27708 5
2758 1217 2228 2513 3 536044 13 1384 1654 2000 7 1441 9962 48 6621 5
364 7 3 3893 1272 14 5050 10900 24 538 32 12516 16 4218 6 26 32 3768 7139 35 529 4 20349 4 3767 4 323 13115 4 744 33 5
208 87 31 117 523 536044 6 26 2164 4 57 51 1100 32 474 10 3 1308 8958 65 10503 91 4 92 43 31 5471 5
2552 8 23235 35 2560 33 1273 9 4624 27964 543 1676 27708 284 14 12516 2854 5
3062 286 1963 13 3 1045 7 36278 3465 4538 3270 19 3 536044 7 57 2125 5
17 2155 2586 10 3 726 7 19372 17592 16 3 3109 7 307 303777 1443 4 47 71 26 1148 508 883 3 216 49 523 2520 628 2757 589 6599 35 32814 4 229449 4 323 4 7560 33 5
2758 1443 7717 3 1510 6599 8357 15 536044 7 57 2125 5
158 231 9 3109 7 1678 954 8 4309 7 317 21946 14 421 363 5
17 1217 543 15 3465 7 12516 25 536044 7 1678 2125 16 424 21 41748 303777 4478 35 54996 33 8 16 6724 1572 5
145 1381 3177 3 54996 1217 8 5181 9 54395 19372 5018 35 441437 33 538 4624 27964 5
81 129 441437 5018 80 1919 538 9 3109 7 307 6599 53 928 7 1570 536044 22 928 197 19 16335 2000 3394 14 290 1570 303777 543 15 37566 109 6013 7 290 303777 7444 10 12516 59 137 37566 5
17 1414 7 3708 536044 16 3 74 565 10 267 7 31660 3465 5
8 35 2560 33 220 32166 4 187305 8 49894 5
47153 35 7560 33 220 9 3109 7 106153 4 32166 4 8 146022 21 3 5373 303777 4 83 2520 7 536044 27 45 18778 5
81 129 601 4 80 2401 3 104 974 536044 4 146022 4 89851 4 32166 8 187305 5
17 169 565 956 3 2419 3394 5
17 2419 3394 565 1900 19 3394 7 32 19547 4279 197 7 13987 13 31 1622 14 3 4355 650 35 10583 4 150333 4 323 50058 4 2560 109 280619 4 4 323 432408 4 7560 33 5
66 2939 1128 3 551954 7 3 14555 904 8 35023 3 231 7 2093 382038 27964 14 4213 19372 5
28410 12283 3462 5
35 7782 33 1744 13 121 87 16 93 614 809 52 229 13544 21 9796 2000 14 1506 726 14 229 7847 10900 5
79 221 7 2062 1384 2419 3394 21 9 337482 1092 10 628 4242 103 17241 5
520 7 3 3883 23394 142 3576 5266 13 86 2498 3 10900 665 5
349 3 83 881 4 92 215 117 2000 42 220 14 628 2376 4 23 71 899 272 551954 544 5
17 22340 31660 7 2419 3394 16 6 960 290 537 33498 7 2000 1913 3 57 47 53300 3 3768 489 4 8 3 1414 7 8557 13377 2311 12467 133 5018 35 323 4 1095 33 4 10 1243 4 9 556 7567 7 70 537 16691 2818 9 515 7 89 5
33498 3394 6599 539 9 515 7 4538 4 964 176 7 47 16 59 3581 24 2129 53 4624 31660 4 18982 23763 4 17229 255197 4 4703 5
273 946 4 8 35 7560 33 220 37566 14 13896 3 229 13544 4723 10 3 146022 1506 5
81 129 601 4 80 36 59 4145 15 37566 21 13991 5533 2228 6 601 19393 904 19 3 8855 569 8 6 2401 30392 2419 197 14 290 1570 303777 5
1949 4 3 6951 5018 35 85274 33 998 24 14721 35 2804 33 16 1940 3677 6 2419 3394 4 46 1217 16 59 226 17807 47449 35 4 1095 33 49 2419 47449 5
1210 6 46 1217 4 3 2000 31 14027 26119 19 3780 14 290 303777 5
145 3117 1570 536044 6 34 72 1101 15 2000 13 1230 1695 46986 10 3 928 197 4 44 3303 6 26 21 31392 14 266 525 13 197 5
355 85274 16 2164 19 47449 7 421 2855 4 3 3979 2520 31 226 6951 7228 35 31524 33 5
11649 1217 16 220 59 10 2520 47 31 1013 2422 24218 2855 35 479548 4 14799 4 323 4 502 33 49 35 8348 33 5
96043 7 46 5533 16 13 35749 14087 10 3 3472 303777 16 24218 1016 7 8116 3 7821 19547 3109 5
134 59 231 6951 5018 65 928 1570 536044 6 1262 72 4740 5
17 296 565 16 3 1414 7 536044 12516 6358 5
134 231 3 2133 303777 121 23 16 3 22340 152 6 4534 54996 5
17 1653 7 2133 303777 231 72 4 47449 4 6951 4 8 1045 2133 29 45 2436 10 3 601 7 450605 4 4 8 443530 35 9770 33 5
8616 4 80 4855 9 1144 2029 565 3136 3 726 7 3 1506 19 272 126148 1175 5
17 568 8958 7 129 5018 35 441437 33 16 3439 137 3 10113 7 9 967 10 47 9 4624 31660 543 2419 3394 16 115 14 290 1570 303777 13 16 3559 15 3 6951 5
81 1243 4 80 27 2537 3643 3 197 7 23394 14 2376 5
134 304 6 3 1510 229 13544 35 4773 4 229 3241 4 8405 8 8474 33 3 13544 220 10 3 22233 1506 4 8 3 2193 3112 232 6 3 10291 7 7623 10 1678 2062 35 12283 32330 4 359 33 5
11649 2757 42 220 10 117 1131 35 9715 71486 4 9770 109 441282 12283 32330 4 6833 109 1604 323 16453 4 6833 33 5
1949 4 80 1384 13 23 16 533 6 2882 3 6404 1566 2193 7 3 711 5
5753 10 9 2328 11249 352 477 231 1678 6404 9224 8 104 477 292 342694 9224 4 133 21 53 3777 8 50 7592 4 1678 200 16705 4 21998 35 7036 2582 1291 33 4 4703 5
35 4 7560 109 69927 323 4 7560 109 4 359 33 5
81 129 601 4 80 16636 6 3 19372 7 6404 2193 1273 24 12283 3462 5
35 7782 33 5
527 4 80 27 8766 90 11742 9224 35 14 946 4 3 2833 1566 33 8 23150 6404 2193 4 41078 91 6 32 292 1566 49 6 9 534 7 3 1721 564 35 3 489 7 4245 47926 25 510 1938 4 3 200 11335 4 3 484 1291 7 8495 2241 33 5
81 1243 4 3 10777 7 3 1470 110 4729 42 848 10 3 628 197 35 171463 5
10113 7 3 711 10 3 173 858 7 16474 4880 33 5
17 689 667 10 3 5373 303777 284 35 54996 33 1746 35 32814 12283 32330 4 7560 33 31 53 284 151438 35 143 6 73303 1570 536044 33 4 12516 1746 35 143 6 1097 3 2020 8 3394 7 9 2844 7 4321 536044 33 8 1746 35 143 6 1088 9 421 3109 4859 33 5
5898 1746 134 231 9 8690 6358 21 3 5788 1045 7 54996 217 10 3 6854 16 10032 10 9 8690 151438 35 4 911 109 32814 12283 32330 4 7560 33 5
81 46 6358 4 290 303777 16 5543 24 3 216 9796 628 4 95 13 3 380 421 7 3 12516 16 543 15 3 1570 536044 55906 4 3455 8610 5
33697 1746 17 1746 31660 7 5373 12516 144 270 3 3163 7 19361 20036 1570 536044 13 581 272 7139 8 8958 5
901 544 144 26 1109 15 3 152 6 1746 133 31660 5
1532 4 87 31 93 7081 2404 4309 7 7139 14555 35 529 12283 32330 4 744 33 5
81 1243 4 232 6 35 911 33 4 23 16 2784 6 1075 7139 7 303777 2844 137 13521 19 29132 8 1506 7 1570 536044 5
20379 4 23 16 2784 6 4764 96 536044 71 26 20036 5
66 5473 15 2125 7 2485 8 2190 628 197 5
12502 4 80 1919 538 3 3109 7 108 6599 53 35 249 33 928 7 1570 536044 15 108791 7 928 628 8 3 13571 7 40 8958 21 3 596 8958 15 192 108791 35 6951 12540 33 109 35 341 33 2000 3394 14 290 1570 303777 543 15 37566 109 35 459 33 13571 7 3 2059 7 290 303777 10 12516 59 24 322385 9102 5
1746 134 231 2133 12516 19 1045 2133 1396 5
37442 871 16 3192 21 3 16036 5806 7 1570 536044 6904 5
273 46 3644 4 3 1427 7 290 5811 16 2118 24 2770 249 35 9167 33 8 35 34 9167 33 5
17 997 7 3 12516 3115 18020 6 3 5811 1427 4 3 3115 6474 871 42540 6 3 2463 7 1493 5
67 967 12516 13991 928 17 998 31660 16 6227 10 67 4290 5
332 3 74 967 4 928 7 1570 536044 8 3394 7 3 104 6607 2419 197 16 115 14 290 7 91 5
238 23 16 3915 996 4 23 16 2784 6 4764 96 536044 36 27 20036 2763 4 95 57 71 231 120 558 2520 10 46 4141 5
134 231 3 104 1940 3677 2520 7 3708 536044 53 4 89851 4 146022 4 32166 8 187305 5
1532 967 5
12266 7 536044 197 173723 5
17 2000 197 220 14 3 3708 303777 928 16 30557 24 32 6157 7 8675 5828 35 6517 33 4 322 6517 16 221 7 2000 10 3 2007 100402 5
54003 3893 71 159 2770 6494 49 249 5
208 3 5606 7 5828 16 3628 6 6494 4 3 12510 2419 16 8766 25 928 197 5
14983 1193 5
14983 1193 7 1646 2106 16 1146 25 536044 7 57 2125 5
19241 249 16 6234 6 70 3893 7 9 80737 5828 7 290 1193 771 5
218813 928 7 290 303777 2899 19 556 1079 7 2000 5
39937 5
17 282 1570 10 1193 16 535 16898 10 84 1193 276 120 893 35 3 5131 7 45024 33 5
39937 7 83 2113 16 7577 543 5
213753 5
213753 16 3677 6 14027 3467 5606 7 80737 5828 7 3467 1570 4 50 871 16 2445 24 3634 4 79022 5
6494 2742 249 4 8 249 2742 6494 5
47032 5
67 266 17764 16 3677 19 13300 63764 6 67 3467 2113 4 40 237028 31 304 10 84 1193 5
20865 4859 5
20865 7 290 1193 771 16 7154 21 32 596 19372 8958 871 232 6 32 238487 249 5
17 2007 928 197 3116 4286 4659 11537 5
66 16 14027 2714 10 67 34 5156 108791 53 7 1646 35 249 33 4659 8 7 1646 5
17 74 197 16 220 14 303777 3298 928 4 3 169 57 16 220 14 50 8958 3490 5
145 4644 16 3629 400 4 5188 16 7154 21 9 1153 8958 24 70 2532 5
2758 1217 2228 6 1262 5
17 8958 7154 21 2569 59433 16 1359 23261 35 23261 6401 21 23261 33 4 65599 16 2915 23261 35 21541 6401 21 23261 33 4 60809 16 1359 21541 35 21541 6401 21 21541 33 8 78468 16 2915 21541 35 23261 6401 21 21541 33 5
332 3 74 967 7 928 9 197 7 536044 3351 13 36 26 220 14 12516 3465 16 14644 35 60121 3 221 7 3351 10 46 197 24 2990 33 5
17 303777 7 290 2125 16 3559 232 6 3 31660 962 996 5
17 197 7 3 3559 536044 16 4566 6 3 508 967 5
3668 967 5
33935 7 12516 81 3 169 967 4 3 2133 12516 19 1045 2133 1396 16 1254 25 3 197 7 3 536044 3559 22 3 74 967 5
173723 5
17 12516 16 30557 24 32 6157 7 19966 521 1051 4 334 49 3628 6 4568 7 1646 3271 158 197 871 7 2059 85612 6 12510 303777 5
1498 3465 7 2007 1193 4 3 3893 60385 4 4114 3082 249 2990 31 197 10 9 6951 152 4 22 3 216 89 3 29311 1215 16 6383 5
39937 5
39937 954 31 3 216 21 22 3 74 967 53 5131 7 45024 8 3394 232 6 3 7577 7 1570 5
213753 5
213753 16 3677 6 70 2059 225419 19966 7 3 3467 1570 5
931 17509 60385 31 1406 24 3 6951 2770 55969 30985 5146 10 3 12634 35 109 6909 33 5
208 2366 871 7 60385 16 597 4 23 16 2445 24 6494 5
332 3 216 89 4 3 29311 1215 16 6383 5
931 19393 42 2118 154 9345 9764 7 32 31660 5
47032 5
67 397 17764 1315 16 825 6 3 17764 22 3 74 967 5
20865 4859 5
20865 7 12516 16 7154 21 3 8958 871 15 928 197 8109 3062 36308 26 3 1427 7 5811 13 16 7154 21 3 6820 5806 7 8599 7 3708 536044 53 4 114 483275 16 32 3115 7 211736 3708 303777 5
208 3 997 7 36308 2388 3 997 7 5811 1427 35 249 14 118490 8 14 3 1408 136 33 4 153 32 5811 16 1109 21 9109 4218 5
33939 871 7 36308 42540 6 2463 7 1493 5
17 447 3323 4 47 5054 3 5018 4 18 1589 538 3 26721 2030 15 1084 7 2953 2854 4926 1849 35 4 12283 32330 4 2076 33 5
659 5548 3 1277 7 3 1273 5018 9 6955 628 197 18 220 5
66 9286 7 75173 11537 35 58631 118490 8 58631 1408 291 33 7 978 1470 8 2970 2000 5
17 1494 628 10 3 628 197 42 48871 95 13 40 2770 9394 10 3 1079 35 109 249 33 5
145 628 197 18 3868 76 341 2757 3 928 197 8 3 960 197 4 351 10 3 5084 7 4 47 848 76647 8 25662 11537 4 3995 5
17 858 7 23394 14 2376 848 2029 229 13544 35 4773 4 229 3241 4 8405 4 8 8474 33 4 3 13544 7 22233 35 6973 33 1506 8 3 229 13544 3467 232 10291 7 40 15778 10 42211 10 1678 378 35 12283 32330 4 359 33 5
134 59 304 9224 13 3250 3 292 983 8 3 534 7 3 1721 564 4 8 2193 13 4301 711 12 38972 10777 53 3 1892 7 3 98 532 4 3 1892 7 292 2394 7 523 246 4 200 432 4 10113 7 3 711 10 3 173 858 7 16474 4880 4 4703 5
20498 503 4995 70 2000 3467 14 5018 8557 5
17 522 7 2370 536044 928 35 3 74 967 7 9 5018 33 31 392 10 20498 249 4 14 70 536044 3 508 19393 42 220 53 3 1193 1646 16 575 4 221 7 5197 16 575 4 3082 503 4 63764 3082 5853 5
90025 103 928 18 7154 103 353 7 9 4624 31660 65 3 2000 197 848 70 2970 3893 5
2758 1940 424 2520 21 4 146022 4 89851 4 32166 8 187305 42 220 21 3 2370 536044 19 3 4768 19393 7 1849 4926 5
17 596 8958 1049 54 928 16 392 10 3 4848 19 25410 54 928 19 4807 7 5180 202 1493 12634 5
17 1391 8958 16 597 14 32166 5018 35 33 19 3 1090 7 5180 202 1493 12634 5
17 43526 1493 12634 9317 6 187305 5018 35 33 5
20498 249 5
11391 7 2370 536044 928 35 3 74 967 7 3 5018 33 5
303777 1506 12266 197 2954 197 107327 10 12516 60385 2382 928 35 6517 3082 2970 33 435 928 90025 42112 51811 90025 90025 90025 42112 51811 11292 7 9933 2000 35 6517 33 196049 290900 28419 495617 2723 446479 146022 196049 290397 33236 3801 415250 229927 89851 196049 390586 31362 2511 448652 32166 196049 230752 32546 3440 187305 196049 229926 35233 3992 17 104 3456 9224 7 3 19372 1277 31 3 12398 8 3 3423 4 47 31 4939 24 3 508 26325 53 17 12398 16 3 1175 7 3 303777 34 6 4336 9 5907 21 1432 13 16 958 2366 5
17 3423 16 3 1175 7 3 303777 6 384 70 3 1432 5036 5
931 2770 35471 6 3 67 3351 7 5464 5
15791 38 5464 31 3 165644 7 9167 1470 21 14510 118490 4 46 3768 16 5559 2151 3423 5
15791 2453 5464 31 4 15 3 8101 4 14510 9167 1470 141804 21 118490 4 46 3768 16 5559 2151 12398 5
1949 4 20498 249 842 3 221 7 2000 4 47 42 4218 21 533 10 3 650 7 928 5
19850 2370 536044 2401 523 221 7 2000 4 3 187305 5018 29408 3 612 221 35 3992 33 4 8 3 89851 5018 29408 3 8855 221 7 2000 35 2511 33 5
17 2770 7 8958 4 12398 8 3423 15 3 960 5907 31 392 10 3 11107 19 25410 2954 197 5
17 32166 1506 59 10260 3 1391 8958 15 9 960 197 5
98586 249 6274 3 6942 7 8958 154 928 7 12516 35 3 169 967 7 5018 33 4 47 10556 536044 3559 22 3 74 967 5
17 508 19393 31 220 53 3 1193 1646 16 716 4 221 7 5197 16 716 4 13300 7 17764 63764 3082 5853 5
238 3177 25 98586 249 4 3 380 8958 7 12516 16 5
107327 60385 7 3 3559 12516 31 14644 10 32 3638 243 4848 7 20498 249 5
17 187305 1506 29 3 612 2059 35 6494 5
35957 33 4 3 169 16 1506 35 6494 5
41160 33 5
98586 249 5
12266 7 12516 22 928 197 5
55706 8958 489 10961 221 7 5197 5
20498 341 842 3 522 7 928 8 2279 7 3 1273 5018 10 4631 19 3 522 7 83 974 4309 5
1532 4 80 2870 3 67 104 974 2520 7 2328 11249 35 12283 32330 4 359 33 4 13563 33032 8 49894 5
66 71 26 381 25 20498 341 13 3 351240 19 3 225419 2118 10 22233 35 6973 33 29 9 964 15791 2453 3768 4 23 117 1408 1470 21 118490 35 12398 3082 4 3423 3082 33 5
145 11080 13 23 16 2784 6 28969 2520 1745 14 1087 3609 4 553 8 378 10 83 912 5
659 454 3617 46 565 4 3 84 4859 18 7154 19 185 7 90977 12811 35 66891 33 15 3 556 197 7 2000 5
66 2537 2069 3 522 7 19372 35 196 20498 341 4 517 66891 77 33 4 44 3 2376 7 3 16619 60401 14 3 84 1506 661 13 3 612 4413 6 1427 8960 16 1252 34 24 3 2000 1658 24 22233 35 6973 33 5
81 21565 678 7 7444 4 3 84 150526 2193 31 193714 35 8474 33 4 162745 35 3 5514 7 209 418 455 33 4 67683 35 676 1124 8405 33 4 35 561 7 6510 21998 1291 33 8 99939 35 1050 959 6 1050 455 33 5
79 2537 333 4859 71 26 3455 24 9 210979 472326 12811 35 33 5
134 1963 4 658 4 13 3 5018 7 2000 3394 543 15 37566 1273 322 35 3 74 967 7 441437 33 1131 177 6698 14 3 66891 8 536044 4 1665 27 1595 13 87 16 93 2807 10 221 7 2000 5
12502 4 536044 543 15 3 2376 42 34 848 10 3 858 7 2370 536044 7 5
20498 341 5
90025 7 1678 2520 7 2328 10900 5
41403 12266 197 2954 197 90025 42112 51811 90025 42112 51811 214775 182879 272871 279480 22233 12 351240 295231 66891 106153 35 1814 33 385514 106153 35 33 156763 12516 4309 47449 32166 47449 47449 187305 47449 89851 47449 146022 32166 156763 187305 89851 157663 62720 15660 303777 435098 99235 391403 441437 1302 3 117 49894 2520 4 80 2870 537731 35 106153 33 4 21 23 16 3 104 974 1506 10 3 857 7 2328 10900 5
435 3 1665 4 67 2520 42 3467 53 9 992 19 57 4438 9419 19 1814 23791 35 106153 35 1814 33 33 8 9 992 19 67 4438 10746 14484 3995 7 716 8 500 23791 35 106153 35 33 33 5
1354 106153 2520 661 522 13 7717 3 522 7 2376 4 8 46 16 4547 19 12283 3462 5
35 359 33 8 28410 12283 3462 5
35 9770 33 5
527 4 129 1665 661 13 14 106153 2520 4 3 2419 3394 59 842 9 2086 1024 773 5
81 1243 4 3 928 89 7 192 2520 15471 13 7 3 83 2520 5
12502 4 106153 2520 42 59 34 848 10 3 197 7 2370 536044 5
79 964 221 7 12516 4309 27 277 45 1589 5
11391 7 40 4631 15 928 8 960 2757 962 996 31 59 1595 10 20498 341 5
134 2870 218 47449 4309 35 19 32166 4 4 187305 4 89851 8 146022 1084 536044 33 4 108 4309 35 19 32166 4 187305 8 89851 1084 536044 33 4 4309 7 160269 1746 7 36278 7 3 421 2855 35 8 33 4 66590 7106 8 2133 303777 5
17 8958 7 3 1273 441437 5018 16 22 3 653 7 3 282 4538 35 20498 341 33 5
2196 3 8 106153 35 33 27 3 5870 10777 24 1970 522 15 3 960 197 5
66 144 26 1744 13 3 441437 842 9 8666 773 15 3 928 197 58 90 83 4309 44 23 15471 91 15 3 6034 4355 8958 15 3 960 197 5
66 770 13 23 19102 146 48 3639 4446 3 83 4309 5
6459 46 4 3 441437 842 623 6955 5514 7 12398 8 3423 13544 4 79022 5
23 3831 118490 35 3423 3082 33 8 34 118490 35 12398 3082 33 19 623 272 247171 5
8616 4 3 441437 16 3 282 10 3 4400 182 7 4309 10 970 7 3 1760 7 15791 38 8 15791 2453 5464 5
20498 459 842 179 6200 7 143 3 1273 5018 71 26 3677 10 1407 5
12097 179 291 53 2778 10405 41448 22785 234911 5
145 1408 136 10744 8 6866 727 3201 2642 10 3 97290 642 4 16 176 7 3 10405 182 5
2778 9955 3069 5815 5
145 16 3 1408 285229 136 10 3 98923 642 4 47 1708 16344 8 10434 43991 416 5
2778 5
145 136 5708 2378 17445 8 27857 117987 5
17 25265 602 7 3 156972 12261 2058 23 21 9167 15 681 13503 4 7560 5
2778 238495 536 923 5
145 16 9 1382 4 47 848 291 13 1657 390 8 727 1593 5
17 5909 18 2058 9167 24 3 25265 602 7 2218 15 519 6660 4 7782 8 16 1001 10 3 650 7 16062 5
20498 459 5
34417 7 5018 2673 5
18592 536044 8599 483275 36308 29507 146022 89851 32166 187305 10405 7465 22785 234911 14510 9167 9955 3069 5815 249 249 14510 9167 249 249 79524 249 249 110538 9167 238495 536 923 249 249 249 249 249 9167 1210 6 3 1273 5018 4 8599 483275 7 3708 536044 3559 15 3 74 967 42 3455 8 40 2770 31 2209 10 20498 459 5
17 380 421 7 12516 16 7154 21 3 5806 4 114 60385 16 3 2059 7 211736 3708 303777 4939 15 3 169 967 7 928 5
107327 31 2209 10 20498 249 4 2770 7 36308 31 2209 10 20498 459 5
238 23 18 4939 996 4 3 997 7 36308 15103 3 5811 1427 109 3 871 36308 6117 6494 42540 6 118490 8 3 871 36308 11102 6494 42540 6 1408 291 5
17 6474 871 7 36308 42540 6 3 2463 7 1493 5
20498 459 842 13 1484 2370 2520 71 218569 1470 35 171463 5
146022 14 9955 3069 5815 8 89851 14 33 4 44 16036 60816 192 5464 5
66 16 1622 6 1963 13 3 1273 5018 2818 48 66413 89 106 7 37566 9573 5
17 89 10119 7 37566 71 26 1221 21 1127 35 3280 1910 5828 1910 1127 35 18365 33 1910 35 63764 1910 1127 35 8258 33 1635 10441 1910 1127 35 15441 33 33 33 4 322 3280 16 1193 1646 109 5828 16 221 7 5197 109 18365 4 8258 4 8 15441 31 7410 6 13012 5188 4 17764 8 17904 3995 109 63764 8 10441 31 46025 7 17764 8 17904 5
47032 8 17904 884 10 129 267 31 1906 4 8 40 10119 16 1127 35 8258 33 3082 1127 35 15441 33 3082 1127 35 249 33 5
458 4 1308 10119 16 1127 35 3280 1910 5828 1910 1127 35 18365 33 33 4 114 1127 35 18365 33 16 10119 7 13571 7 8958 7 2370 303777 5
12502 4 3 2370 536044 89 35 3 74 967 33 71 26 1221 21 4 322 122019 16 9 89 6 5548 3 8958 7 211736 2370 303777 35 46 89 1038 10104 15 1649 197 4 10900 15 960 197 8 8958 8557 33 5
11649 37582 71 26 3455 14 3 169 967 7 5018 4 44 10 3 73 267 122019 1038 97 884 7 10900 8 8958 8557 5
458 4 80 71 7336 13 89 1272 14 3 74 967 7 12516 928 232 6 3 1273 5018 15471 3 928 89 7 3 1084 536044 2429 24 3280 1910 5828 400 4 10 129 267 35 3280 3082 575 8 5828 3082 575 33 24 46557 400 5
2897 1272 14 3 169 967 35 3280 3082 716 8 5828 3082 716 33 15471 3 8958 1970 89 14 1084 536044 24 19786 400 5
145 16 34 9 812 565 4 121 3 928 7 57 303777 19 3 185 7 1849 1141 312 89 35 287 58 33 4 3 1952 13693 15 9 1416 19 67 3127 62778 50773 32557 27 1595 13 3 596 928 89 7 3 12516 16 52 2591 2106 19 2458 928 7 290 303777 5
66 16 3081 4 13 46 89 71 26 2422 1842 19 3 8690 928 7 2370 536044 5
93949 3 689 492 7 37566 16 34 3 89 10119 44 3 23462 489 35 365696 4 78 4 323 13115 4 359 109 172569 323 4 2391 33 4 47 16 6325 15 3 221 7 61652 35 79022 5
3280 1910 5828 33 5
931 19393 42 3112 93198 6 1760 3 46333 89 8 3 23462 489 5
66 144 26 1744 13 1273 5018 29 483 184 533 1653 53 23 2228 13896 3 19547 2000 197 6 4855 3 565 5
17 1332 858 7 2000 47 31 558 10 3 601 628 197 1252 10 20498 503 5
20498 503 59 4995 4 289 3 392 2419 16 964 25 3 397 7 1069 7 1678 536044 35 249 10 3 12510 4848 33 5
145 317 16 3455 25 3 15210 5828 7 536044 4 3559 22 3 74 967 5
17 1308 7444 7 290 2419 71 26 24 42642 3 628 14 1570 536044 5
66 16 392 10 3 4848 5640 5
20498 503 5
23022 7 1470 10 3 601 628 197 5
49366 610 62856 146022 89851 32166 187305 5640 122075 17 85612 7 498 4773 249 249 249 249 249 500 120145 15383 35 5327 33 4773 5514 249 249 6494 249 249 503 147442 33939 4773 5514 6494 249 249 249 249 503 301549 17 4773 5514 22 2084 905 249 249 6494 249 249 503 91869 206974 8405 5514 6494 249 6494 249 249 459 96133 17 8405 5514 7 905 249 249 6494 249 249 503 67683 5640 1124 8405 249 249 6494 249 249 503 99939 5959 959 6 1050 455 5514 6494 249 249 249 249 503 76396 17 5514 7 209 8 8074 905 6494 249 6494 249 249 459 95627 70047 5514 249 249 249 249 249 500 84254 123508 1419 6 676 1124 249 249 6494 249 249 503 90468 9457 1124 6 676 1124 249 249 249 249 249 500 86446 5959 418 455 6 676 1124 249 249 6494 249 249 503 108028 74193 7 2969 6494 249 6494 249 249 459 145030 17 489 7 683 6494 249 6494 249 6494 341 162745 17 5514 7 209 418 455 249 249 6494 249 249 503 230883 17 6928 5514 7 209 905 6494 249 249 249 249 503 225284 17 5514 7 8723 6 518 747 249 6494 249 249 249 503 8723 6494 6494 249 249 249 459 318679 5959 1124 6494 249 249 249 249 503 17 85612 7 10075 249 249 249 249 249 500 17 2463 7 23898 10 498 9192 249 249 6494 249 249 503 17 5514 7 209 8 8074 905 6494 249 249 249 249 503 109448 105003 7 888 729 6494 249 249 249 249 503 82478 17624 15 1124 35 162228 33 6494 6494 249 6494 249 341 106872 36322 6 5640 22689 5
6494 249 249 249 249 503 137587 17624 15 1050 1124 24 1050 1234 249 249 6494 249 249 503 193714 105003 249 249 6494 6494 6494 341 186805 105003 7 348 249 249 6494 249 249 503 913 532 6494 249 249 249 249 503 271244 7313 163 2394 7 563 246 6494 249 6494 249 6494 341 274209 236232 6374 249 249 249 249 249 500 447829 17 5514 7 3 221 7 13319 851 111 3 711 24 3 221 7 851 7 3 711 6 83 291 6494 249 249 249 249 503 83323 3777 10 202 6 3 767 64 249 249 6494 249 249 503 113462 4142 484 1291 6494 249 6494 249 249 459 34059 17 1247 484 1291 7 1784 2241 249 249 249 249 249 500 55756 52788 1291 7 1247 360 35 470 416 33 683 5024 6494 249 249 249 249 503 266492 17 596 2864 22341 5127 7 2508 1032 10 202 6 3 767 64 249 249 249 249 249 500 137068 13658 489 6494 249 6494 249 249 459 154219 17 653 7 13813 1819 12957 6494 249 6494 249 249 459 173966 5458 6494 249 249 6494 249 459 320660 17 136 20330 9 964 200 432 249 249 249 249 249 500 128367 5573 10949 249 249 249 6494 249 503 419509 17 136 20330 9 964 200 432 249 249 6494 6494 249 459 17 596 1739 518 489 7 3 1447 249 249 6494 249 249 503 458095 17 561 489 7 3 178 15147 6494 249 249 6494 249 459 255310 17 489 7 47926 7 8279 7 510 2508 249 249 249 249 249 500 176954 88632 1291 249 249 249 6494 249 503 419511 17 561 7 3 88632 1291 249 249 6494 249 249 503 418842 48482 1291 249 249 6494 249 249 503 233621 17 561 7 3 48482 1291 249 249 249 249 249 500 17 484 7 7505 2289 249 249 6494 249 249 503 176525 17 474 10 3 484 7 7505 2289 249 249 6494 249 249 503 6510 21998 1291 249 249 6494 249 249 503 9933 7 6510 21998 1291 249 249 6494 249 249 503 238 230 4 503 225419 7 136 229 1215 35 498 4773 4 229 2744 4 498 1124 4 1775 5514 33 27 45 848 10 3 104 964 183 2193 35 14 47 5640 3082 500 10 20498 503 33 5
17 229 9224 31 104 533 2193 7678 3 2328 5
81 644 4 3 8176 2520 7 2328 35 22233 4 6973 109 25709 4 10031 109 62258 4 7108 4 10632 4 323 37346 4 5810 109 302703 4 5108 109 4 7458 109 323 4 7780 109 241752 4 5810 33 231 97 229 13544 5
527 4 232 6 129 5533 4 3 2193 124932 4 171463 5
24 22233 35 6973 33 4 31 34 848 10 3 183 104 964 5
66 16 4547 19 3 665 7 66891 17241 962 996 5
66 770 13 23 16 2784 6 4764 3 2328 19664 538 97 229 13544 4 907 14 1572 3160 4 150 686 5
81 129 267 4 288 1923 2193 42 59 848 10 3 858 7 104 964 5
2018 192 2193 31 3 893 10 3 23150 983 53 3 489 7 47926 7 8279 7 510 1938 4 3 474 7 3 48482 1291 8 3 484 1291 7 1784 2241 5
931 2193 1333 21 1478 7 504 5771 18320 32 1117 2847 14 3 1470 5
17 3238 7 3 23150 2193 14 118490 11249 29 45 2436 616 35 4 7560 109 69927 323 4 7560 109 240419 323 2850 4 6833 33 5
81 46 1381 4 3 153497 9224 7 3 6404 1566 42 964 21 166 4 742 43 31 34 351 76 5139 10 3 83 2062 95 477 5
12502 4 10 678 6 4764 9 711 12 2328 10 686 4 23 16 2409 6 259 96 176 7 3 200 3 136 20330 4 8 3 644 289 23 16 15 3 858 7 25236 4880 8 653 7 3 596 2864 3429 5
630 2193 7 3 711 229 1215 8 698 2193 7 3 6404 1566 27 255 671 9 287 533 182 7 1078 2193 35 5640 3082 503 10 20498 503 33 5
67811 7 3 869 11335 4 390 484 8 3777 42 964 22 3 27461 653 5
5573 10949 4 3 98 532 8 3 221 7 851 42 59 6401 21 964 2193 5
12502 4 80 3413 522 7 3184 2062 35 17905 4 240419 323 2850 4 6833 33 13 10278 7 6404 1566 9224 8 229 773 1708 568 126148 7453 7 1506 5
81 129 601 3 1273 31660 3467 6404 1566 9224 22 3 29406 653 10 1243 6 2029 23150 1566 9224 35 3 869 11335 4 3777 4 1686 4 32 390 484 33 5
17 523 3351 7 9224 7 1223 31 3 653 7 386 228907 35 289 3 711 16 9 1375 10949 4 8 3 1892 7 98 532 33 4 8 537 667 19 711 4880 486 19 3 221 7 851 6 3 711 5
458 4 23 16 1622 6 1384 3 1773 197 7 6404 8 2634 1566 2193 14 9299 2328 11249 5
1796 23299 7 2419 2757 42 9168 4 150 3801 35 5640 6117 341 10 20498 503 33 4 3356 35 5640 6117 459 33 8 183 35 5640 6117 503 33 2193 6 5548 3 1175 7 3 1273 5018 6 4855 3 2000 3394 565 5
17 628 7 3 1273 5018 2279 15 523 2000 2757 31 1595 10 20498 500 5
20498 500 5
27311 7 2419 3394 1277 5
23022 3394 1396 11292 7 2000 12266 197 2954 197 90025 42112 51811 90025 42112 51811 70 2000 2970 5640 6117 341 3801 5640 6117 459 3356 5640 6117 503 183 238487 42959 14 4 10 2714 35 3116 4 33 3298 3082 1649 35 33 2106 1356 4114 1362 3082 8958 35 3298 4 33 18365 3082 1153 35 2106 33 3082 241654 35 2106 33 766 10777 7 3 5018 474 10 267 7 5694 7 2000 13 31 964 14 287 58 575 202 7 3 536044 848 10 12516 35 3 1396 7 5907 16 5640 6117 341 33 5
17 10777 39092 10 267 7 454 2807 7 221 7 2000 5
8616 4 37566 543 2000 3394 71 26 220 21 3 445498 4462 10 267 7 964 221 7 2193 5
527 4 3 1414 7 3 1396 7 22250 2000 2138 123 8270 26 18778 14 290 565 5
17 3455 522 852 427 9 1766 436 22 3 7951 7 12283 3462 5
35 359 33 8 83 4888 5
1113 3 4309 14 2328 10900 543 15 2376 8 49894 2520 4047 206 522 4 43 86 26 6464 2069 24 4892 4309 7 2953 2854 5
145 770 13 426 601 144 34 26 9183 6 277 424 2520 4 23 16 982 533 14 2062 10 1572 378 5
17 629 2916 7 1028 16 3 231 7 84 9224 6620 3 10777 7 3 6404 1566 4 3 10958 7 3 292 983 4 3 73055 7 3 891 7 3 711 4 3 711 1646 4 4703 5
145 2238 6622 3 31392 1175 7 2520 10 4631 19 231 7 97 229 13544 5
527 4 10 46 267 4 3 565 7 13896 97 964 2000 20521 4 121 1978 221 7 23394 340 34 1153 32 474 10 3 31392 1175 7 1506 5
1563 522 240 13 32 1783 4462 14 13896 2000 71 26 543 15 4624 27964 5
81 1243 4 3 4624 31660 16 32 1783 5533 14 10503 523 2520 7 3708 536044 76 3 12516 5
81 3109 19 3 2000 3394 4 23 2228 6 8850 9 5018 13 15471 10 3 8958 8 1760 7 15791 38 8 15791 2453 5464 70 83 4309 5
81 129 2175 4 133 1217 2228 57 6 1746 2520 3973 2411 61338 6 3 1678 912 8 27082 3 3014 148 3695 8 1407 5
17 13925 7 46 1217 16 50 2086 272 46333 10119 5
145 13925 4 658 4 16 34 1568 121 1828 3149 27 4783 773 5
9161 240 13 3 556 34534 7 3 1506 1141 52 500 549 141 15 32 3708 5274 5
22012 3 426 601 2586 4 87 31 265 533 667 6 26 94425 4729 5
1532 4 3 1273 5018 144 26 2870 15 628 2757 7 83 378 5
66 16 1622 34 97 6 5548 50 773 10 83 912 4 3 2000 13 36 26 964 14 83 378 31 7 1654 518 5
145 71 581 4321 317 15 3 3272 10 711 3074 8 6404 2193 10 1678 378 5
11649 2062 71 26 1303 61 8118 14 485102 3609 4 528 8 396 10349 4 4703 5
1471 177 2794 813 16 3 197 7 2370 536044 5
81 46 162 4 80 4723 97 218 1906 2520 35 4 146022 4 89851 4 32166 4 187305 33 5
66891 4 8 106153 42 8766 21 43 42 34 4047 6 3 2419 3394 5
980 1812 536044 4 133 21 8 4 71 59 26 220 21 3 1084 5
1563 4176 1665 661 13 3 10113 7 192 2520 10 3 197 7 2370 536044 340 34 1297 3 1277 7 11249 15 3 978 628 197 4 44 25 9 5238 397 7 1069 23 16 44291 6 27 21 5471 2370 197 21 537 5
17 296 601 2586 956 3 4631 7 3 1273 5018 19 4538 133 21 24718 8 35432 4 47 59 270 9 2807 7 2419 197 35 658 4 10 46 267 3 48579 326 16 372 33 8 3 3109 7 1084 536044 5
17 73 44 34 3 248 601 2586 16 463 6 3 2328 4644 1141 9 241 89 5
12502 4 10 1243 6 11249 3 644 7 2328 1010 4 3 508 601 952 11851 53 35 249 33 11249 3 522 7 2328 35 16062 4 23057 4 6198 19 6651 33 8 35 341 33 11249 3 11861 7 2328 4644 5