145 542 10823 9 3196 216571 108140 5979 35 33 1506 6 1746 1605 7026 5
81 1069 7 3 9705 7 117 558 2832 1605 2614 1746 2520 4 46 1506 4589 108 346 1605 2614 4290 4 150 12045 4 797 4 8 3201 4 8 40 16764 109 23 1141 76 1250 606 7 2873 12453 14 17241 1812 1605 2614 325008 5
81 1243 4 10 9067 19 3 644 13 291 16910 1800 1247 920 4 129 1506 6145 332597 1605 2614 1746 6 2647 6 5471 2443 3212 5
42609 40 3238 4 46 542 16502 8 116063 12453 1547 6 2033 3898 8 6374 3008 486 19 3 8176 12453 25 3 558 6854 5
659 11076 4855 133 9 1695 18751 4 528 2430 1506 4 80 1800 32 1217 543 15 32 7732 18843 11521 35 2616 33 31660 5
46679 1746 8 797 16 220 6 5441 3 785 7 3 1506 14 12430 1605 7026 8 3 773 7 3 143713 543 2104 1217 10 12538 3 1506 5
17 1273 1506 8 2104 1217 71 26 1109 21 67 4867 5937 7 32 2516 284 10 3 3010 1065 5
8616 4 46 542 16 230 6 8647 48 426 601 15 3 726 7 5238 2516 1443 14 12430 1605 7026 5
79 1605 2614 4589 2489 2089 35 11771 4 1605 2614 320 33 4 133 21 4719 1943 8 6825 4880 4 380 1247 3200 4 3201 3710 5
6297 15 2443 3212 4 1605 2614 320 59713 1746 4 1657 4 8 2127 729 125 4232 6 2769 3 19547 773 7 3 30087 7 3 2614 35 4 73421 4 323 163708 4 590 109 10141 4 367 4 74521 4 323 219032 4 280 33 5
238 298 12 224 1223 16 297 1605 7026 4 1016 7 1570 1470 4 23 16 5100 533 6 1746 1783 1605 7026 4 47 71 185 7963 2651 9063 14 70 2614 320 5
145 16 166 22319 24 3 3184 6169 217 14 12430 1605 7026 10 3 308 67 1208 35 4 143436 4 323 316798 4 280 109 31596 4 590 33 5
238 2653 61 10 35 12283 32330 4 280 109 31596 4 590 109 94203 323 113974 4 1515 109 4 71106 4 323 4 911 109 55930 4 4 323 4 274 33 4 3 1605 2614 1746 12 885 1866 539 6374 3394 4 2033 2737 8 27411 4 2443 796 13324 4 4719 1943 4 6825 8 1247 7798 4 47 31 22 3 2832 653 5
659 4685 19 192 1866 4 1296 27 1273 9 13707 7 4321 2832 1605 2614 1746 2520 5
1203 7 192 2520 3156 290 967 35 49 22 104 67 33 7 3 2614 21 9 1687 284 4 17905 4 97 12045 49 97 797 49 3 6582 7 797 3201 109 9 265 2062 27 4605 32 5775 1605 2614 1746 25 1943 12045 6 797 6 1247 2280 35 94203 323 113974 4 1515 109 6793 4 27664 4 323 4 280 33 5
527 4 21 1556 10 1784 1380 35 52455 4 40076 4 323 9516 4 744 33 4 291 3073 3 16335 5139 7 70 3 108 533 4290 10 40 1605 2614 1746 5
145 6154 13 12430 9 1605 2614 24 2016 107570 8 40 16764 6819 7025 2506 5
81 9 308 1165 1181 543 15 3 2376 7 2511 166087 2062 4 3290 9970 51431 8 3290 77904 35 274 33 397 61 13 5775 1605 2614 1746 2697 6 568 1605 2614 773 5
81 1069 7 3 3238 7 2016 107570 10 1605 2614 1746 8 3 3703 1292 7 2520 4 10 46 542 4 80 8255 1384 12045 4 797 8 3201 10 3 2832 1605 2614 1746 5
79 606 7 2873 35 183673 33 16 9 177 533 1247 3024 8 5181 10 3856 1247 12 22455 3893 8 40 3898 5
581 629 317 14 15510 1715 148 1943 12045 8 797 10 9 1605 2614 8 31 4 3847 4 1547 6 117 1812 1605 2614 325008 35 28466 4 15152 4 323 24087 4 1095 33 5
5753 5306 13 144 26 12631 6 11572 3 3074 7 4880 19 3 797 8 3201 1715 8 144 26 1109 21 12453 10 3 2832 1605 2614 1746 35 253822 4 529 4 6933 4 323 128498 4 3401 109 6334 323 1604 4 4540 109 52455 4 40076 4 323 9516 4 280 33 5
527 4 463 6 3 4166 10 39048 235819 1547 12453 10 9 17315 1506 4 87 16 9 1292 7 2520 19 3 10113 7 183673 12453 35 32664 323 350140 4 2773 109 55930 4 4 323 4 274 109 52455 12283 32330 4 280 33 5
81 46 542 4 80 1384 10 3 726 7 3 5775 1506 14 2832 1605 2614 1746 8 28669 235819 1547 12453 5
2018 3 558 1605 2614 1746 2520 4 90 1384 57 1247 35 6793 12283 32330 4 280 109 18404 323 4 590 4 6 610 44 108 33 109 90 3972 2489 729 35 30907 4 2076 109 12283 32330 4 590 109 55930 4 4 323 4 274 109 28466 12283 32330 4 1095 33 5
64785 1605 7026 14 2489 729 16 48 5238 5
17 1033 14 46 16 13 10 1407 4 291 1800 920 7 1547 729 35 95 226 1247 920 33 6 11922 5471 46982 2443 3212 5
13166 6 3 13980 297 16673 729 10 9 234 4 9 1605 2614 16 3615 25810 6 1746 8 1657 57 1247 234 35 18150 4 10141 4 323 28410 4 744 33 5
81 46 542 4 80 1384 2489 729 10 1572 3 5775 4 2832 1605 2614 1746 1506 5
659 55741 4 46 542 7301 15 3 2832 1746 7 1605 7026 14 2489 729 24 2016 12045 4 797 4 3201 8 40 16764 8 235819 1547 12453 5
79 3196 216571 103860 5979 35 33 1506 16 1589 5
81 678 6 4855 3 1506 4 23763 1442 16 4723 10 46 542 5
147461 1442 16 9 84 3936 7 3 88899 187739 4 47 16 3581 24 3 5961 1442 7 18640 17355 49 2578 8923 10 40 5257 3074 35 323 230641 4 2391 33 5
364 7 3 3848 6200 7 7112 39740 16 3 18843 11521 4 47 10260 32 4677 1442 65 37138 14 514 1543 5
81 46 542 4 80 4 3847 4 8245 9 18843 11521 3581 31660 4 1013 7732 18843 11521 35 2616 33 31660 5
17 2616 31660 16 2925 2042 24 35 744 33 8 2742 9 974 1414 14 12538 18751 27708 544 10 4631 6 3 13991 66413 2545 6 50 1906 483 5394 6684 8 7254 17635 5
17 2616 31660 16 4213 10 189 5633 8 12732 7 3 1046 904 106 7 50 2665 1746 7 2489 4125 8 16200 35 329155 4 2076 109 4 4 250777 4 323 4 7560 33 5
81 1069 7 3 1653 7 3 2616 31660 14 12538 27708 544 4 80 1800 32 1217 543 15 3 2616 31660 6 4855 3 1273 1506 5
17 7362 8 3961 7 3 143713 543 2104 1217 16 4964 137 9 4631 19 83 6599 4 150 35 9 1283 89898 33 8 9 4624 31660 35 37566 33 69676 1217 5
17 939 7 3 1381 16 4393 21 3177 5
134 28669 3 5775 4 2832 1605 2614 1746 1506 10 8941 341 24 7995 5471 12453 5
145 16 979 24 3 1273 143713 543 12538 1217 10 8941 459 5
46679 1746 8 797 16 220 6 5441 12430 1605 7026 538 3 1506 10 8941 503 5
1949 1252 10 46 2124 16 3 4631 148 3 1273 143713 543 2104 1217 8 4 3 37566 1217 5
134 7336 46 1381 10 8941 500 24 5193 61 3 9705 8 7995 785 18784 14 426 601 5
23179 5114 8 1866 79 197 7 729 16 6 26 1254 4 8495 4 8 5146 24 9 197 7 2089 4 150 4880 4 797 2046 4 8 3201 3710 35 330984 33 4 47 36 916 9 1605 2614 5
79 797 1457 16 1479 14 3 1308 1746 8 797 1715 4 11061 4880 31 230 6 26 694 10 1746 8 797 7 23449 5937 5
3194 2033 29 1574 2168 10 15596 50 8090 5
9011 4 43 1332 3 1247 1746 4 797 4 8 3201 232 6 2443 3212 5
51848 19 3 498 391 2484 1407 4 125 3 197 7 797 2046 7857 6 57 136 4 3 4880 8 330984 142 34 7857 6 3 216 136 35 19366 4 39524 4 127768 4 14721 4 323 93231 4 590 109 2552 323 2552 4 274 33 5
81 1243 4 3 136 754 3 421 15 3 2046 4 4880 4 8 330984 6 26 848 10 3 1605 2614 5
238 2573 24 4 226438 4 323 152993 4 744 109 8 4 911 109 7108 4 78082 4 30506 4 323 8508 4 502 4 3 996 5114 114 1605 7026 31 3192 16 34 13631 10 1407 4 907 65 2096 7157 1219 291 5
81 46 542 4 3 614 1866 1109 31 1547 6 3 3394 7 1605 2614 2089 8 3 13324 7 16344 35 17905 4 6825 10771 33 6 192 2089 5
17 2190 1866 293 19 53 35 4114 33 3 3394 7 2190 4880 4 797 2046 4 8 330984 4 35 25547 33 3 1746 8090 6234 6 4880 8 2046 4 35 31883 33 3 1058 7 5937 8 729 6 26 1601 8 8112 297 4880 4 1457 4 330984 4 8 834 4 35 40378 33 391 2168 11422 14 3 694 4880 8 2046 4 8 35 8033 33 3201 1330 13 18020 19547 3201 3822 8 11036 5
9601 76 1250 192 421 2193 4 80 28669 3 1298 1506 5
17 1506 123341 2489 729 8 2489 4290 4 3 1605 2614 1746 565 2818 9 14324 1217 6 1250 14 144025 10777 4 1605 8 796 7100 4 2033 16344 4 8 189 211059 8 258900 2033 5056 5
17 1605 2614 1254 144 26 13900 95 13 3 676 470 2442 19 1746 4 797 4 1382 6291 4 8 10317 71 26 1842 6 9 3033 653 5
81 1067 7 3 996 667 4 3 1506 2532 6 12042 3 676 470 7 9 1605 2614 4 1441 6 3 27411 7 4880 4 2046 4 8 330984 4 37573 12453 4 8 2443 796 3212 21 166 5
17 1506 16 27394 543 15 3 508 7417 5
117624 53 35 249 33 3194 1457 16 488 6 1657 120 16084 1247 3358 109 35 341 33 12240 29205 496 9 1457 16 3868 76 9 31276 197 7 11933 8090 4 290 110 1303 61 24 57 49 48 58 57 6374 109 35 459 33 208 9 6374 22401 9 2485 7 12430 9 6825 4 23 16 59 1479 14 3747 3 6825 109 35 503 33 3194 1457 4630 5937 25 2489 4880 8 290 6374 3880 307 2046 109 35 500 33 3194 7721 16 1085 14 120 16084 1247 3358 109 35 708 33 330984 2127 70 597 729 6 834 35 11346 53 2224 117 558 1605 2614 1746 2520 4 1253 5163 16 34 1109 10 46 542 5
8616 4 330984 1271 729 8 2127 91 6 834 5
33 109 35 700 33 1210 6 17677 3459 4 834 31 29371 76 523 7400 4 8440 2443 7400 35 33 109 35 704 33 17 1746 8 797 27411 7 4880 8 2046 31 424 109 35 782 33 17 329970 7 2046 8 330984 31 424 109 35 183 33 17 3977 569 25 2089 6 2089 31 424 5
81 9067 19 3 996 1866 8 7417 4 80 7673 9 858 7 66271 4 150 16705 4 9796 19393 4 8 421 23394 35 196 74184 79 33 5
631 104 7 3 24648 4 17905 4 1513 797 470 4 17721 470 4 31 2093 12319 4 67 9796 19393 53 1746 2168 8 394 653 31 2921 1298 5
81 517 19 3 5435 7 726 5615 7 9 2033 4 1746 2168 16 3 13300 13 9 1457 35 49 6374 33 71 10865 3 1746 2485 35 6794 323 14879 4 502 33 5
66 12726 9 521 871 10 35 6494 4 249 1362 5
79 394 653 16 5559 21 3 2156 7 2353 13 71 26 2314 24 9 1605 2614 2033 35 11771 4 9 6374 4 9 1457 4 49 9 7721 33 6 50 17926 2033 35 4 71106 4 323 4 280 33 5
66 59 12726 9 521 871 10 35 6494 4 249 1362 5
17 6905 4859 16 6 12042 3 676 470 4 3298 4 7 3 1519 1605 2614 154 9 89 566 35 56 33 21 3177 53 35103 6 53 35 249 33 35 341 33 35 459 33 35 503 33 35 500 33 35 708 33 35 700 33 35 704 33 35 782 33 35 183 33 35 407 33 35 403 33 35 698 33 35 685 33 35 409 33 35 697 33 17 676 470 10 3 996 6905 4859 1038 189 3601 8 12911 569 5
66 4286 470 2193 28991 6 108 4290 10 9 1605 2614 53 3 12045 4 797 4 8 2280 4290 5
81 3 12045 967 4 3 470 9286 7 6825 1746 4 797 16443 4 6825 7036 4 8 3977 569 5
2018 91 4 1746 470 16 10978 25 3 6374 12 2168 6 1746 9 2190 6825 5
81 3 797 967 4 3 470 9286 7 1247 1746 4 797 16443 4 8 797 13083 55 569 4 8 3977 470 25 2046 6 330984 21 166 5
81 3 2280 967 4 3 470 9286 7 16443 8 6291 1382 569 7 330984 8 3977 470 25 330984 6 5
17 11036 7 120 6825 13 71 26 8112 25 57 6374 6 2046 16 1574 6 3 6374 12 797 2168 4 21 2573 10 37863 249 5
37863 341 14264 3 1943 1760 7 9 6374 4 13 16 4 3 11036 7 9 6825 8112 25 9 6374 16 3628 6 3 676 11036 1252 24 3 6374 5
37863 459 5415 13 3 796 14 6825 72539 7 1247 4114 25 1457 11856 16 535 943 5
37863 503 16 6 11804 3 1396 53 3 11036 7 9 1247 8112 25 9 1457 71 34 26 1978 58 3 1457 12 797 2168 5
10052 4 37863 500 16 6 1377 13 3 3235 11036 7 3196 729 1252 24 9 1457 340 34 7717 3 1457 12 676 2168 5
659 772 3 796 7 9 1247 22 9 7721 4 37863 708 16 27394 5
79 7721 71 535 1605 3 243 1058 7 9 1247 6 50 35 11771 4 7100 1605 6 796 33 4 21 2573 10 37863 700 5
37863 704 14264 13 3 796 7 290 317617 16 6383 5
37863 782 2980 3 676 11036 7 729 13 9 7721 71 1271 6 26 93 1978 58 50 3235 37573 5
37863 183 45453 13 14 120 1247 4 290 317617 144 26 1342 24 22 248 57 7721 5
37863 407 14264 14510 31110 7 10771 8112 10 523 4290 5
37863 403 18020 3 46302 23394 5
95257 11036 5702 10 9067 19 729 31 943 10 37863 698 5
189631 685 8 409 1506 3 1322 297 2089 5
37863 697 14264 6374 3008 5
659 5806 55 4 10 3 996 37863 24656 4 80 1384 3 8176 12453 35 17905 4 189631 249 4 341 4 8 459 33 5307 10 3 558 1605 2614 2520 5
121767 3 1806 2062 4 80 2705 8 28669 84 12453 2442 19 729 35 37863 698 33 4 2033 3898 35 189631 685 8 409 33 4 8 6374 3008 35 37863 697 33 5
931 12453 486 19 40 14618 8 3238 31 46587 1298 5
183673 12453 3576 317 52 1247 5937 4 133 21 4719 1943 4 1172 8 23245 4 40 3898 4 8 40 10771 14 57 1513 7 3 380 729 5
3194 6825 16 1618 2442 19 2489 1605 2614 2089 4 26 43 4719 2873 35 49 1172 33 4880 4 380 1247 797 2046 4 49 330984 5
4 3847 4 581 9 3959 14 13896 4880 4 9409 2046 4 8 30469 797 10771 10 12430 1605 7026 5
158 31 7081 3380 45651 35 21 1595 10 98586 249 33 49 5
2758 8593 16292 112 34 852 3 1369 24656 7 17315 10869 5
238 9 8867 4 104 217 1605 2614 2520 97 1384 3 11036 3898 297 1247 5937 125 8784 3 7392 969 148 380 729 8 1247 5937 5
81 46 542 4 80 159 76 1250 34 97 3 11036 3898 297 5937 44 59 192 148 1247 5937 8 380 729 4 47 371 828 6 115168 297 1605 2614 2089 4 10 1654 6825 4880 8 380 1247 3200 5
98586 249 5
17 183673 2981 7 1247 78408 5
12240 78408 10 98586 249 16 220 6 2565 3 11036 3898 148 380 729 8 1247 5937 5
78408 29 108 2090 693 5937 4 150 35 32 4197 33 4 267846 35 9 176 33 8 205144 35 9 176 33 5
16 3192 24 108 1172 53 4 4 8 254186 5
17 53608 10771 7 192 5937 31 18213 21 4 4 4 4 8 5
4941 21 32 946 5
66 6154 13 14 290 1513 7 78408 6 26 1601 10 120 1457 4 2367 7 383 26 2314 24 57 49 48 4880 5
81 3 1067 7 3 996 3898 4 80 28669 37863 698 6 1506 3 115168 297 1605 2614 2089 5
15740 12453 81 104 558 1605 2614 2520 4 23 16 7081 5892 13 70 1485 70 35 17905 4 6793 12283 32330 4 280 33 5
214 16 4 290 1605 2614 2033 16 3797 19 70 2090 17926 35 49 23107 33 2089 4 7237 9 556 16069 4 21 1595 10 98586 341 35 9 33 5
35 11346 4 3 2205 148 67 2089 22 67 9545 926 7 9 1605 2614 16 3876 6 21 9 2033 1322 5 33
1113 1605 2614 2520 27394 543 15 3 556 16069 31 1369 6 4855 4 43 31 34 5238 5
145 16 106 46 9513 16 477 34 5054 10 1407 5
81 1407 4 463 6 3 14954 8 20388 667 4 9 1605 2614 2033 3615 3880 9 176 7 4 44 34 70 4 50 17926 2089 4 8 7121 729 35 49 5937 33 25 9 33498 7 50 23107 2089 5
81 83 1299 4 290 2033 16 3797 19 9 33498 7 17926 35 49 23107 33 2089 4 7237 9 7553 16069 10 98586 341 35 8862 33 5
98586 341 5
1322 297 1605 2614 2089 5
3062 2567 4 3280 4 8 2482 60121 3 2757 7 4880 4 2046 4 8 330984 4 3995 109 53 2520 13 1457 16 1342 24 6374 14 57 49 48 5937 5
24106 4 3 2033 1322 10 98586 341 35 8862 33 71 26 3380 21 288 53 53 4 53 27900 4 4 53 46219 4 4 53 4 53 4 8 53 4 5
3194 2033 1322 26849 9 11580 1396 5
273 6200 4 208 1457 202616 16 1085 14 57 49 48 729 4 22 248 57 7 3 4880 4 15441 4 9424 4 9421 26 1085 109 92 7721 352168 16 1085 14 57 49 48 729 4 22 248 57 7 3 2046 4 14937 4 11348 4 64399 9273 144 26 1085 5
81 46 542 4 80 28669 189631 685 8 409 6 3968 192 3898 24 508 3 996 8783 5
631 37863 685 2520 3 3898 148 9 1457 8 50 4880 4 37863 409 15419 192 148 9 7721 8 3 2046 13 71 2475 1485 23 5
63193 3008 12453 81 1407 4 291 477 159 76 1250 8684 14048 65 13896 4880 5
82160 14048 5004 4880 19 523 5711 5
17 18029 16 13 392 216 49 825 912 35 17905 4 360 4 2280 321 400 33 4 9 1457 142 4535 6374 79 4 1016 7 6374 2636 5
38396 13 189 4880 8 71 1657 9 216 6825 14 1457 27900 5
81 46 4974 4 883 4 49 4 49 189 71 26 3112 21 4880 14 443 3 796 7 27900 5
2758 614 3898 297 27900 4 4 8 71 26 3380 24 108 28988 53 4 8 55021 6374 3394 10 614 4 192 28988 4 658 4 19842 3 8684 14048 35 11771 4 6374 3008 33 5
38396 27900 12358 6 5
145 8684 71 26 18213 21 145 15728 14264 13 535 29 9 568 3008 58 5
81 517 19 46 8593 4 80 28669 37863 697 6 1506 2089 8684 14048 65 5261 15 23107 2089 5
100320 133 3008 12453 10 9 1506 71 3279 565 12538 21 166 5
273 946 4 9000 13 288 4880 31 488 6 581 216 5937 22 825 360 4 2280 321 400 4 8 1277 5
1796 7 91 31 1272 6 11922 9 2190 796 5
4109 2016 6374 3008 4 87 31 537 16691 5
208 6374 3008 35 10 46 267 4 6374 249 16 4020 6 6374 459 4 8 6374 503 16 4020 6 6374 341 33 16 1109 4 97 183 537 16691 5768 454 777 4 150 4880 249 4 503 8 500 4 4880 249 4 503 8 708 4 4880 249 4 500 4 8 708 4 4880 503 4 500 8 708 4 4880 249 4 459 4 8 503 4 4880 249 4 459 8 500 4 4880 249 4 459 8 708 4 4880 503 4 341 8 249 4 4880 503 4 341 8 500 4 8 4880 503 4 341 8 708 5
17 2616 31660 16 9 3848 946 7 3 23763 1442 5
66 41020 3 7112 37138 3074 7 13417 12940 5
81 9 18843 30450 4 87 31 108 3351 7 12940 53 19191 12940 4 4723 12940 4 8 59304 12940 5
931 12940 12248 19 57 184 8 3 1566 14 1913 3 282 514 1351 180 3 18843 30450 5
17 650 7 3 2616 31660 9286 7 179 9022 16200 4 150 35 249 33 4141 4 35 341 33 4723 18843 4141 4 35 459 33 59304 18843 4141 4 8 35 503 33 19191 18843 4141 4 21 1595 10 98586 459 5
98586 459 5
17 650 7 3 2616 31660 5
123341 523 3351 7 12940 4 290 4141 47069 1087 4859 5
81 3 4141 4 3 19191 12940 31 691 61 6 384 3 2007 514 1543 180 3 18843 30450 22 6951 5
36743 4 10 3 169 6612 4 3 4723 12940 1224 6 9239 3 514 1543 5
1498 3 593 7 14342 3 498 514 1543 4 3 4723 12940 59 690 6 5576 333 514 1543 47 31 1711 3 498 1603 5
14891 1913 91 4 3 4723 12940 2323 3 767 514 1543 19 192 84 1603 5
145 16 18549 21 14203 3394 10 3 169 4141 5
1498 3 296 4141 4 3 59304 12940 10 3 30450 1271 3 514 1543 317 25 3 4723 12940 8 2258 6 1667 3 4723 12940 6 9239 8 5576 3 514 1543 5
2758 6013 16 22652 6 3 25094 7 3 514 1543 5
2978 1543 31 6197 8353 8 1435 9572 5
17 9572 514 1543 51 26 3561 8 2445 24 83 514 1543 170 24 3 19191 12940 10 3 73 4141 5
22026 1488 81 3 1273 1506 4 3 221 7 19393 4 421 23394 8 12453 16 177 528 5
145 16 907 1359 65 3 1605 2614 992 16 4093 5
355 3 992 1746 565 29 2489 4290 8 290 52800 4589 2489 1162 4 3364 2506 538 40056 1488 10 3 1510 152 16 34 488 6 1506 3 565 35 28466 4 15152 4 323 24087 4 1095 33 5
8616 4 10 46 542 4 9 5373 61610 284 14484 7 9 46302 543 61610 7787 8 9 3008 543 61610 7787 16 1273 6 3001 3 2104 1488 5
81 9067 19 3 67 61610 12251 4 9 2104 4 3847 4 29 67 7268 5
17 46302 543 61610 7787 16 4723 6 60121 3 1799 7 2089 10 3 1605 2614 992 4 125 3 3008 543 61610 7787 16 4723 6 4459 3 1247 3977 22 290 967 35 4 8508 4 14879 4 323 4 280 33 5
6297 15 46 8593 4 3 14843 148 1506 3893 8 2104 3893 16 2203 4 21 1595 10 98586 503 5
79 1605 2614 42540 6 9 2104 4 47 71 26 3868 76 307 14804 5
3194 26262 2464 9 1605 2614 967 4 133 21 1605 4 797 4 8 3201 5
3194 5606 7 9 26262 16 18549 21 9 2052 5
66 9286 7 67 2763 53 2737 8 871 5
17 2737 2464 3 1291 7 3 12510 2033 10 523 14804 109 3 871 5181 883 3 1799 49 3 3008 7 3 2033 4808 15 3 12510 26262 5
98586 503 5
17 14843 148 1605 7026 8 2104 3893 5
81 9 2104 4 3 74 2124 16739 108 14804 3364 3 46302 543 61610 7787 14 4880 4 2046 4 8 330984 4 3995 5
98586 500 14103 3 74 2124 4 47 4589 3 526 1799 7 67 4880 35 3 74 8 296 6374 33 4 67 2046 35 3 74 8 169 1457 33 4 8 108 330984 297 179 4880 4 108 2046 8 108 330984 5
98586 500 5
17 61610 1488 14 3 74 2124 7 9 2104 5
55021 3 3977 7 729 297 290 1808 7 2089 10 523 36663 4 3 169 2124 4286 108 14804 4 290 7 47 2464 9 967 5
1796 14804 35471 6 3 1247 3977 25 6374 6 1457 4 25 1457 6 7721 8 25 7721 6 834 4 3995 5
238 32 946 4 3 3008 543 61610 1488 14 3 296 967 16 1595 10 98586 708 5
81 46 946 4 87 31 108 330984 8 179 2443 7400 5
17 2737 7 3 5606 22 46 967 6154 92 23 16 9 7721 49 9 2443 2440 8 3 1291 7 3 12510 2033 5
17 871 7 3 5606 22 46 967 16 3 3008 7 3 12510 2033 5
17 3109 7 2737 8 3008 317 5415 3 59706 7 3 2104 1488 5
17 74 8 169 4290 31 58458 10 9 216 152 5
81 9067 19 3 46302 543 61610 14 3 74 2124 8 3 3008 543 61610 14 3 169 2124 4 80 90942 3 1081 2104 21 1595 10 98586 700 5
98586 708 5
17 3008 543 61610 1488 14 3 296 967 5
98586 700 5
17 61610 1488 14 3 2104 5
98586 704 5
17 2621 1046 5
98586 782 5
17 325 1046 5
17 59706 4644 2899 25 3 296 967 4 137 47 3 2755 37573 14 290 7721 16 2118 24 3655 6 3 1799 7 330984 10 3 74 2124 7 3 2104 5
435 13 4 3 169 967 16 65327 2016 3 2755 37573 7 330984 3564 10 73 1092 5
17 74 967 16 65327 10 9 216 152 19 3 2755 37573 7 330984 5
37863 3510 17 5471 12453 10 3 1506 27088 25 9 2726 7 1543 4 133 21 796 4 797 2168 4 8 5
931 12453 31 2402 1547 6 3 197 7 537 2506 4 25 47 32 19547 57 16 6 26 170 5
12502 4 37863 3510 2048 1010 6 26 32 533 492 10 12538 3 1273 1506 5
81 46 542 4 80 1800 9 47816 1217 6 293 19 12453 5
81 3 74 1092 4 12453 31 6401 76 67 3351 53 2168 1547 12453 8 3008 1547 12453 5
2168 1547 12453 31 192 12453 13 31 2442 19 9010 792 19 2201 6 797 2168 4 16443 470 4 7721 37573 4 8 95 15 5
3008 1547 12453 9439 6 2104 25 9 27997 1069 4 3847 17241 183673 12453 4 6374 5711 8 2033 3898 5
81 83 1299 4 3 2168 1547 12453 27 1951 15 9010 792 4 11061 3 3008 1547 12453 2498 3 2981 7 3 1605 7026 5
81 3 169 1092 4 9 37863 3510 14533 16 1254 21 9 13720 9842 22 3 1431 7 3 12538 650 8 154 3 12538 650 5
12487 4 37863 954 31 7545 10 9 2844 5
16024 9 84 2104 16 1601 4 3 37863 3510 14533 4003 23 111 3 558 2168 8 3008 12453 10 3 2844 5
1498 3 12538 650 4 10 678 6 10792 9 14221 6942 4 23 16 1622 6 539 189 16079 8 170932 2506 10 3 7392 1046 650 5
81 46 542 4 523 1936 2193 31 6234 6 3 5264 7 2168 8 3008 1547 12453 22 523 3964 5
2758 9 7787 2228 189 3 16079 8 170932 2506 6 4569 6 3 14221 6942 5
10918 249 23333 6832 3 2616 31660 4 10 3 74 4141 4 9 221 7 2506 31 4209 14027 21 2007 2506 5
659 1657 16079 2506 8 10792 3 96860 650 4 10 3 74 2124 7 3 2104 4 3 1799 9937 7 4880 4 2046 4 8 330984 144 1384 3 796 25 834 5
273 3 169 2124 7 3 2104 4 3 3008 10 290 967 16 14027 6234 2016 3 221 7 2089 10 290 967 5
10918 341 122169 18843 4141 2491 3 4141 16 617 4 4723 12940 31 6234 19 2337 170 514 1543 5
355 14342 514 1543 4 3 4723 12940 59 690 6 1046 180 14 333 514 1543 5
2758 9 4644 16 6227 137 9 2621 1046 14 290 2104 10 3 2616 31660 5
98586 704 14103 143 3 2621 1046 16 2173 5
4036 3 498 2104 35 76396 10 3 1233 33 4 184 2104 35 95627 10 3 1233 33 16 14027 3112 25 3 2104 197 5
1301 76396 50050 19 95627 967 24 967 47930 5
17 84 4209 2104 35 118 10 3 1233 33 16 351 97 92 50 5188 16 72 3 498 2104 5
145 26849 3 14203 3394 5
6459 4 9 325 1046 4644 16 2173 14 9863 9 84 2104 54 3 67 558 1603 12248 5
81 3 325 1046 4 3 871 14 290 2052 16 67761 2016 50 2737 8 1079 5
273 3099 4 92 23 16 2852 10 3 74 2124 7 3 2104 4 3 871 86 26 97 3322 21 249 49 6494 5
98586 782 61685 3 325 1046 10 46 4141 5
98586 183 5
17 183673 2981 7 16664 5
20498 249 5
17 10777 7 3 179 11952 5
76912 5527 11292 7 4880 11292 7 2046 11292 7 330984 11292 7 249 503 459 459 503 341 704 500 708 704 459 183 704 183 782 503 409 183 403 183 20498 341 5
27411 4 16443 569 4 8 796 10 5662 249 5
13553 2614 2033 5527 5527 249 5527 341 5527 459 5527 503 20518 796 32934 25166 23954 6180 63193 1746 2168 109 109 63193 797 2168 53983 15028 4 15028 1515 4 1515 18827 14197 1746 2168 109 109 109 14197 797 2168 6938 57134 292759 7721 3235 37573 66683 94867 65745 14197 16443 470 46557 25158 109741 7721 16443 470 22585 19485 11226 20498 459 5
4876 569 148 67 2089 10 5662 249 5
5527 249 5527 341 5527 459 5527 249 5527 341 5527 459 5527 249 5527 341 5527 459 5527 503 5527 249 630 409 302 5527 249 704 708 782 5527 249 605 985 630 302 5527 341 403 685 697 5527 341 782 403 183 5527 341 800 1004 889 985 5527 459 407 800 409 5527 459 700 183 698 5527 459 409 947 1135 302 5527 503 704 698 407 5347 5
10918 459 59304 18843 4141 81 46 4141 4 3 59304 12940 31 6234 6 5576 8 9239 3 514 1543 24 3655 6 3 317 13 43 27 3455 25 3 4723 12940 5
1700 421 363 16 1768 24 3 25094 7 514 1543 5
17 11477 514 1351 1523 86 3823 48 59304 12940 4 47 35023 3 6696 1046 10 3 3982 692 5
81 3 2616 31660 4 133 9 4644 16 6227 538 9 39274 6339 3394 7787 2016 3 5188 7 2506 5
2491 9 421 16 115 4 3 59304 12940 343 4723 12940 8 2494 2621 1046 14 333 514 1543 5
10918 503 19105 18843 4141 622 22430 38020 16 1622 14 13414 3 325 8 14 1723 3 14221 1046 10 3 2506 904 5
81 83 1299 4 92 57 2104 71 34 26 2069 54 9 1087 221 7 61652 4 23 16 2445 24 184 2104 4 47 16 14027 170 24 19191 12940 5
13751 19 83 3848 729 35 17905 4 17652 33 4 16664 31 287 1812 4 8 112 34 3972 215 117 1247 5937 5
7219 4 3 2463 7 1247 10119 8 3 221 7 1247 5937 1919 16664 6 26 6943 1784 729 14 267 2062 35 4 3495 109 75582 4 3495 109 61880 4 14879 4 323 134378 4 502 33 5
8616 4 10 46 542 4 80 231 3 9744 6 5441 3 19898 8 785 7 3 1273 1605 2614 1746 1506 8 3 143713 543 12538 1217 5
98586 183 842 9 9744 4 3 689 5937 4 8 3 614 1247 2981 5
81 614 4 9 9744 29 108 2090 693 5937 4 150 9 6339 35 33 3364 189 3 815 8 119 8667 4 49076 35 160208 33 4 8 27280 35 7092 33 80965 3 27280 284 150 3 2614 5
17 49076 16 454 3192 24 9 23381 35 45386 33 8 9 5483 35 31679 33 5
35 11346 4 238 2464 189 3 815 8 119 8667 4 290 9744 738 57 5
81 46 4974 4 3 1513 147 7 290 6825 10 3 1233 16 249 4 3847 110 21231 5 33
659 1657 8 2127 16664 4 179 10746 31 694 10 3 1605 2614 4 150 6825 4880 4 689 2046 4 330984 4 8 5
631 92913 8 16664 31 1601 10 3 689 2046 4 3 83 5937 31 1601 24 4880 5
659 27241 3 1273 1506 8 143713 543 2104 1217 4 80 1384 179 11952 4 21 1595 10 20498 249 5
931 11952 5697 25 290 83 10 3 1605 2614 2981 19 2201 6 3 221 7 1605 2614 2089 5
6947 19 3 474 7 3 221 7 2089 10 290 9419 4 3 565 10119 8 1646 7 192 11952 2238 28668 5
659 5441 3 565 12538 773 7 3 143713 543 1217 24 770 7 4631 4 80 5357 3 37566 8 6 4855 3 179 11952 5
1354 3 143713 543 8 78180 543 6599 31 6227 538 17177 5
81 3 74 5662 4 87 31 179 4880 35 57 14 4 57 14 7092 4 8 67 6645 14 45386 8 31679 33 4 108 2046 35 14 189 160208 8 186899 33 4 108 330984 8 179 5
17 1746 27411 4 797 27411 4 16443 569 4 8 796 7 192 2089 31 392 10 20498 341 5
238 1595 10 3 1870 4 2443 2779 35 10 9273 2367 33 25 3 179 31 32934 4 25166 4 23954 4 8 6180 4 3995 5
1210 6 3 6300 10 3 1273 1506 4 9 6374 1746 2168 6154 3 13300 13 9 6374 71 10865 3 2485 6 1746 9 6825 5
273 946 4 8 3001 13 3 46025 14 63193 341 6 1746 45386 8 31679 31 7853 8 50311 4 3995 5
10052 4 3 1457 1746 27411 4459 3 46025 7 3 108 2046 6 1746 92913 8 16664 5
797 27411 35 10 9273 2367 33 3001 3 797 27411 7 3 179 4880 8 3 108 2046 5
16443 569 31 3 16443 569 35 10 9273 709 33 14 6 16664 5
7721 3235 329970 3001 3 3235 221 35 10 9273 2367 33 7 16664 13 330984 71 3383 5
81 4974 6 6374 3008 6013 4 6374 1746 27411 31 220 21 4249 5
10941 5711 31 6234 6 4880 19 568 1746 27411 8 798 5711 31 6234 6 4880 19 798 1746 27411 14 3 216 5937 5
273 946 4 121 63193 5527 459 29 568 1746 27411 14 189 45386 8 31679 58 63193 5527 341 4 3 5711 6234 6 63193 5527 459 14 189 5937 31 568 58 63193 5527 341 5
81 9067 19 192 5711 4 63193 5527 341 49 63193 5527 459 49 189 36 26 848 10 3 537 1605 7026 13 71 26 3455 5
1249 63193 5527 249 8 63193 5527 503 31 3 97 4880 6 1657 8 7092 4 3995 4 43 36 26 848 10 70 537 1605 7026 5
98586 407 5
17 1605 2614 3455 538 5
98586 403 5
17 1605 2614 3455 538 3 143713 543 1217 5
98586 698 5
17 773 7 3 143713 543 1217 5
98586 685 5
17 4631 148 3 143713 543 8 78180 543 6599 5
17 3977 569 35 10 9273 709 33 148 67 2089 22 67 9545 10746 31 392 10 20498 459 5
145 5662 16 74 10455 538 5
17 19547 2104 19 2201 6 3 2089 8 40 10771 16 392 10 98586 407 5
238 1595 4 3 1605 2614 4589 70 179 4880 4 341 2046 35 2046 249 8 341 33 4 341 330984 35 330984 249 8 459 33 4 8 70 179 5
81 46 2104 4 70 2443 3212 31 943 5
4109 13096 50 797 2168 53 53983 9273 4 63193 5527 249 5708 6938 9273 8 57422 9273 8667 14 2046 249 8 341 4 3995 5
63193 5527 341 7574 189 57422 9273 64345 8 57422 9273 12949 6 14197 5527 341 109 63193 5527 459 32598 6938 9273 64345 8 6938 9273 12949 6 14197 5527 249 5
63193 5527 503 5708 6938 9273 8 57422 9273 55146 14 2046 249 8 341 4 3995 5
631 63193 5527 249 1816 32629 50 797 2168 4 4880 341 4 459 4 8 503 112 34 1816 19491 40 27411 5
34559 249 8 341 2127 6938 9273 8 57422 9273 16664 6 3 67 330984 5
187 16 93 797 2168 203 22 14197 5527 249 4 11061 87 16 2168 203 35 11771 4 13102 9273 33 22 14197 5527 341 5
330984 249 8 459 2127 23954 9273 4 6180 9273 4 32934 9273 4 8 25166 9273 16664 6 3 179 4 3995 5
17 12510 1605 2614 470 16 1513 7 470 5
81 538 3 1273 143713 543 1217 6 4855 46 5662 4 3 1646 7 3 11521 16 197 21 1614 150 716 4723 12940 8 716 59304 12940 5
716 2007 2506 31 4209 154 3 650 5
3194 1315 16 5913 183 400 8 3 596 871 16 220 6 60121 3 1308 470 5
17 1605 2614 3455 9286 7 70 179 4880 4 67 2046 35 2046 249 8 341 33 4 67 330984 35 330984 249 8 341 33 4 8 70 179 4 21 1595 10 98586 403 5
98586 403 59 842 3 10771 8112 148 67 7 192 2089 5
17 470 14 46 1605 2614 16 1513 7 470 5
273 46 5662 4 3 78180 543 1217 35168 3 216 665 21 3 143713 543 1217 5
1113 3 1605 2614 470 53 3455 538 3 143713 543 1217 16 1927 568 58 13 3455 538 53 4 3 474 2156 16 97 8642 202 5
81 46 4974 4 3 143713 543 2104 1217 16 1783 10 1913 401 19547 2506 5
35 11346 53 238 3 2616 31660 16 88899 187739 4 3 143713 543 2104 1217 16 34 488 6 384 19547 2506 5 33
98586 698 842 3 773 35 19 2201 6 3 221 7 61652 8 569 33 7 3 143713 543 1217 10 12538 70 11952 5
17 96860 23070 34238 463 6009 6 3 3340 2042 19393 4 23394 8 12453 10 11952 341 4 459 4 8 503 8 6009 6 3 7 421 23394 5
17 143713 543 1217 71 384 9 16672 2104 496 1410 5197 14 76912 249 5
527 4 463 6 3 853 565 10119 4 23 738 48 5197 6 2769 9 16672 23462 14 76912 341 4 459 8 503 5
659 6786 3 773 7 4 143713 543 8 78180 543 6599 10 12538 192 179 11952 4 3 522 10 970 7 3 1605 2614 470 3455 31 1252 10 20498 503 5
473 3 474 7 3 221 7 1605 2614 2089 4 19393 4 421 23394 4 8 12453 10 290 5662 474 6622 5
145 4 10 786 4 2238 565 1646 8 10119 7 3 11952 5
71 34 4855 11952 459 8 503 4 47 31 7 528 565 1646 8 272 565 10119 5
17 143713 543 8 78180 543 6599 71 4855 70 192 11952 19 1927 853 12538 89 5
659 454 5441 3 3961 7 3 2616 31660 4 80 6786 3 773 7 3 143713 543 8 78180 543 6599 10 12538 290 5662 35 10 98586 685 33 5
238 1595 4 3 143713 543 1217 15471 3 78180 543 1217 19 333 522 8 287 49766 5
187 31 307 1809 14 46 5
1532 4 3 143713 543 1217 9286 7 83 108 16200 10310 3 4141 8 290 4141 71 26 1804 21 32 1570 650 5
3668 4 3 14203 3394 7787 10 3 143713 543 1217 35023 3 23462 7 3 2506 5
20498 503 5
13385 4631 7 4 143713 543 8 78180 543 6599 5
76912 95211 143713 543 1217 78180 543 1217 16347 3455 16347 3455 16347 3455 249 341 459 126 503 126 659 7336 4 3 143713 543 1217 71 4855 70 3 11952 19 206 773 5
273 396 1646 544 4 142 3030 3 282 21 23 2527 5551 7787 6 1046 3 1081 2104 904 5
527 4 14 528 2430 544 4 16 34 488 6 384 3 19547 2506 106 7 3 528 221 7 19393 4 421 23394 4 8 12453 5
349 3 8101 4 3 143713 543 1217 16 48 4213 10 12538 544 19 117 19393 4 421 23394 4 8 12453 5
81 1243 4 3 2665 2981 8 3 6706 12251 7 3 143713 543 1217 3489 3 333 773 111 3 78180 543 1217 5
145 542 1589 32 1506 8 143713 543 2104 1217 14 12430 1605 7026 5
81 3 3010 1065 4 3 1506 8 2104 1217 916 32 2516 284 1691 5238 421 363 270 10 1605 2614 1746 5
1532 4 4446 117 558 1605 2614 1746 2520 4 3 1506 1141 76 1250 108 346 1605 2614 4290 53 12045 4 797 4 8 3201 8 40 16764 8 4589 235819 1547 12453 5
6506 6 192 2665 1506 2000 4 3 2516 284 21 9 1081 71 185 1746 7025 1605 7026 5
3668 4 21 298 12 291 1800 1247 920 4 1016 7 837 729 4 2096 2489 729 10 3 1506 59 35023 3 1746 7 5238 1605 7026 5
6449 4 2545 6 3 10113 7 12453 1547 6 2033 1322 8 6374 3008 4 3 2516 284 59 14792 6 12430 5238 1605 7026 5
878 4 21 3 143713 543 2104 1217 12134 333 58 3 1283 89898 8 78180 543 1217 4 3 284 21 9 1081 71 185 1746 48 1812 1605 7026 8 1128 1605 2614 569 5
631 46 542 29 3 996 4117 8 7444 4 105 104 7 3 217 2062 4 23 29 1087 9705 5
1532 4 21 32 2007 542 2414 1605 2614 1746 24 17938 70 3 108 533 4290 4 3 1506 6409 57 566 10 3 1330 10398 4 3847 110 112968 24 2129 5
21669 4 3 1506 71 34 293 19 1923 14130 907 19 2201 6 796 10887 4 47 71 26 6453 10 117 3609 16910 5
81 46 4974 4 3 426 768 250 26 3181 6 1800 9 41748 566 1506 47 1141 76 1250 160269 796 5
3668 4 10 39048 3 1506 4 80 197 470 21 9 837 38020 10 3 6905 4859 5
238 10 90 5771 4 291 250 3997 307 773 1170 22 3 216 89 4 17905 4 470 4 1234 5
81 46 4974 4 3 1506 16 34 10436 10 3 5771 114 291 1384 83 773 1170 10310 470 5
8616 4 3 169 785 19208 14 426 601 16 6 1800 9 3592 1506 2016 41748 6905 4 41748 566 4 8 70 3 108 4290 5
6449 4 87 16 59 785 426 601 3136 3 2104 1217 5
16180 250 26 115 6 11032 3 143713 543 1217 19 83 5979 4309 6 454 1297 50 773 5
10593 4 32 2516 284 10 3 4330 1065 35 11771 4 9 1416 284 33 4 114 3 996 3592 1605 2614 1746 1506 8 9 2104 5018 31 10292 21 284 5937 4 250 26 1589 5
17 284 144 26 6633 385 133 13 23 71 26 220 6 1746 1605 7026 10 523 5771 5
74184 79 5
66271 220 10 3 1506 74184 5
84016 4114 38 79 197 7 729 998 6 834 109 72539 4520 79 197 7 1026 4880 109 11856 9273 79 197 7 785 2046 109 14305 4659 79 197 7 330984 109 15441 2990 79 197 7 109 8 24880 1883 79 197 7 5937 1252 24 4880 5
74184 5
84181 19393 239654 470 14 6374 72539 6 1657 6825 24880 109 239654 470 14 1457 11856 6 1657 1247 4114 109 239654 470 14 7721 14305 6 2127 1247 4114 109 45142 7 1457 11856 6 1746 1247 4114 109 45142 7 6374 72539 6 1746 6825 24880 109 8576 3977 470 25 6374 72539 6 1457 11856 14 6825 24880 35 56 33 109 8576 3977 470 25 1457 11856 6 7721 14305 14 1247 4114 35 56 33 109 8576 3977 470 25 7721 14305 6 317617 15441 14 1247 4114 35 56 33 109 8576 7036 470 7 6825 24880 25 6374 72539 35 56 33 109 8576 797 470 7 1247 4114 22 1457 11856 35 56 33 109 8576 470 7 37573 35 11771 4 470 7 3510 8 6291 33 7 1247 4114 22 7721 14305 35 56 33 109 37642 797 2168 7 6374 72539 14 6825 24880 35 33 109 37642 797 2168 7 1457 11856 14 1247 4114 35 33 109 5640 797 2168 7 1457 11856 35 33 109 37642 37573 7 7721 14305 35 33 109 117104 7 6825 24880 220 10 57 1513 7 1247 4114 35 1513 33 109 1476 653 7 6374 72539 109 1476 653 7 1457 11856 109 1476 653 7 7721 14305 109 16347 85612 14 6374 72539 6 1746 6825 24880 109 16347 85612 14 1457 11856 6 1746 1247 4114 109 8 9897 796 14 1247 4114 22 317617 15441 35 33 5
74184 5
29507 23394 30186 7 1247 4114 1601 22 1457 11856 35 33 109 30186 7 1247 4114 597 22 7721 14305 35 33 109 30186 7 6825 24880 1252 24 6374 72539 35 33 109 30186 7 1247 4114 4566 25 1457 11856 6 7721 14305 35 33 109 30186 7 6825 24880 4566 25 6374 72539 6 1457 11856 35 33 109 30186 7 1247 4114 4566 25 7721 14305 6 317617 15441 35 33 109 14 72539 4520 4 24880 1883 79 46302 12911 7237 289 6374 72539 16 526 14 6825 24880 109 14 11856 9273 4 4114 38 79 46302 12911 7237 289 1457 11856 16 526 14 1247 4114 109 14 14305 4659 4 4114 38 79 46302 12911 7237 289 7721 14305 16 526 14 1247 4114 109 14 4114 38 4 14305 4659 4 15441 2990 79 46302 12911 7237 289 7721 14305 3880 1247 4114 6 317617 15441 109 14 4114 38 4 79 46302 12911 7237 289 1247 4114 16 1601 109 8 14 24880 1883 4 4114 38 4 79 46302 12911 7237 289 6825 24880 16 220 10 1247 4114 5