38124 7059 7 746 74962 3225 25 9578 10869 8 4355 7 7113 8 855 1446 25 4276 42179 51 6464 6298 1375 746 10051 11455 5
145 601 29437 15 7112 32542 992 543 9578 8489 4355 8 199054 160431 12811 543 5890 9674 14 9 55879 10051 5
17 162 29 74 7 70 11828 63183 7197 173723 5898 6293 2215 21042 8 47211 2505 7 9578 3225 14 3 9674 7 7887 8 288 2370 7992 25 10534 5208 9578 10869 5
448659 32542 2642 35 130820 33 31 220 6 3995 5507 189 4416 8 798 9578 7197 33336 35 13776 33 435249 6 6468 288 4416 8 407 798 9578 1945 150 21877 8 28114 98646 356799 4 270469 4 79813 16995 273992 4 8649 79813 356799 4 50343 4 50695 63061 4703 5
622 7732 32542 992 543 9578 8489 16 6229 220 6 1933 3 10978 800 7197 33336 21 29132 6 55320 7887 8 288 2370 7992 25 9578 10869 5
7219 4 10 678 6 8217 3 10051 6 132 3206 6904 543 15 3 7947 74962 9578 42821 4 199054 160431 12811 16 220 6 1101 15 4919 51423 6294 7 3 628 8 198 1281 25429 3012 6 2705 7429 10292 10 3 1481 6080 5
17 1308 726 16 5775 19 9 1828 55879 10051 2912 163 50 16803 203301 5
17 162 2209 322 842 485 785 10 1572 29302 7112 19 8489 8 855 1442 5
66 16 9 1739 601 733 14 746 1416 11455 6 1088 77458 1416 31054 5
145 26562 29 392 828 6 2204 543 4650 31054 35 12283 32330 4 2076 109 10141 12283 32330 4 280 109 10141 8 4 2560 33 5
7219 4 80 494 23 36 132 7112 2210 12124 77458 3225 8 4330 3 72516 3014 148 4081 8 498893 92 43 31 6437 6 15564 746 7992 154 855 11455 5
8616 10 46 601 4 80 22108 129 43826 2204 19 8489 8 855 1442 5
1210 6 35 590 33 4 746 7992 31 6249 57078 19 11708 13703 4 15350 4 8 22190 8026 13 31 14082 19 53163 12467 10 791 8 6635 8 1570 3272 5
931 1375 2000 7 8489 59 132 23 841 14 9 837 83550 4355 4 133 21 2151 18417 2000 7 1150 49 9578 10869 5
1249 746 110 2106 14618 650 1141 1547 5114 76 5139 4 10 129 601 4 80 6581 6 132 129 2204 159 41748 4875 7 8985 3305 10869 10292 10 855 11455 42179 76 5139 6 1823 5314 2498 9088 5
17 601 2209 322 7301 15 3 797 7 32 7112 2204 19 3 10612 7 112664 7992 25 9578 10869 8 26704 4276 42179 246953 6 8647 746 10051 11455 21 129 2007 5633 5
91025 24 11797 8 6249 601 35 128224 8 187990 4 7003 33 4 46 162 74 3899 6 12874 2215 21042 8 47211 2505 7 9578 3225 6 3929 3305 9578 10869 4355 5
81 678 6 2769 46 733 4 74 7 70 4 10381 542 10 6854 15 9578 10869 8 40 9557 19 3305 8 11797 684 16 12956 5
63183 7197 173723 5898 35 152950 33 14 9365 8 6293 9578 42821 29 907 2682 129 1164 35 128224 8 187990 4 7003 33 5
66 2442 3 36313 2109 893 19 3 652 7 9475 25 47211 5138 5
152950 4723 7197 33336 47 3001 3 14837 1715 6 4301 8 1846 9578 10869 5
1203 7 3 7197 33336 3972 9 837 5693 5
527 4 87 31 59 745 13 67 49 48 208762 31 220 6 3001 2086 1216 1945 7 523 1172 7 57 1654 5693 5
152950 29 2972 1308 3440 7197 33336 5
66 1708 9 17852 5018 6 4301 9 1773 1079 7 9578 42821 4 171463 5
9578 10 3579 8 3305 9578 10869 35 128224 12283 32330 4 1422 33 5
29997 601 47 1658 3 15987 148 7197 33336 8 3305 9578 42821 18 59 166 2203 4 133 21 63183 72294 51482 91179 35 128224 12283 32330 4 8716 33 8 63183 7197 173723 5898 72294 103038 35011 35 128224 12283 32330 4 6833 33 5
81 3 39097 72294 173723 5898 35 33 35 194998 8 185163 4 359 33 4 9 197 7 4416 8 798 9578 7197 33336 18 220 6 4301 307 3684 220 3305 9578 10869 5
66 4723 550 4416 8 583 798 9578 7197 33336 14 3 6652 7 218 1432 8 403 2366 9578 10869 5
273 946 4 44508 356799 35 33 8 79813 16995 273992 35 33 42 220 6 4301 9578 10869 7 12004 8 9621 5
1700 162 59 1342 21 9 18423 3929 6 129 601 5
238 2994 996 4 152950 1708 32 6905 1217 47 5181 3 2576 7 746 3225 8 16 2402 1547 6 2215 9224 7 3305 9578 10869 5
66 16 59 3682 7 6293 8489 121026 8 4897 7992 4 8 32485 4953 25 521 3305 10869 5
12502 4 46 162 6655 152950 21 32 23449 3822 6 2662 4719 194662 9578 23623 6 3305 9578 3225 4355 5
81 46 162 4 12391 32542 2642 31 220 6 1088 4416 8 798 9578 652 435249 4 47 6468 800 7197 33336 5998 25 4719 9578 628 3883 24 3 10051 3309 65192 5
79 32542 138522 9578 8489 16 59 6227 6 2705 550 2370 7992 25 9578 42821 19 3 800 10978 4416 8 798 208762 21 9796 2000 5
17 7947 7992 539 7887 4 9621 4 3104 4 17708 4 1417 4 13542 8 2116 5
17 1308 726 16 3677 6 9 55879 10051 2912 5
7219 4 10 678 6 4552 3 10051 6 3030 1375 4276 543 11455 19 1481 543 15 3 74962 9578 6635 9088 4 199054 160431 12811 35 181676 33 16 59 220 6 13012 51423 13980 148 1481 55838 8 3 928 29150 19 530 40260 8380 6 2705 40260 8380 10292 10 3 1481 4276 5
17 6148 74962 9578 10869 8 7947 2898 8380 10292 10 3 4276 31 153 220 6 8217 3 10051 6 132 3206 6904 6 8647 3 11455 5
20418 13755 8 19001 954 31 59 1589 14 3 1070 2020 5
17 51423 543 5890 9674 59 842 53562 8 6928 10 2957 19 23122 5890 9674 8090 276 12453 7 11952 5
17 1308 284 6358 16 2209 10 98586 249 5
17 1308 284 6358 98586 249 5
17 1308 284 6358 5
6077 4 3 1381 16 5419 10 3 508 152 5
8941 341 6274 1547 162 5
134 1379 3 55879 10051 2912 8 3 4355 7 800 208762 8 3305 9578 10869 3995 10 58486 459 8 503 5
17 51423 543 5890 4016 9674 16 2209 10 8941 500 5
29756 8 1547 2995 31 1252 10 8941 708 5
134 1823 4774 8 1588 426 162 10 8941 700 5
34252 1531 10 9578 8489 4355 29 45 6039 10 11797 4 34566 8 46333 1442 3547 35 38851 12283 32330 4 280 109 15011 8 16530 4 280 109 48334 12283 32330 4 590 8 29227 12283 32330 4 2076 33 5
8 35 274 33 59 1036 13 9578 6635 1550 6 52 2970 202 1102 7 1308 8489 6635 154 855 16764 5
238 3915 415 4 601 1658 13 9578 14837 1715 13 1657 36313 893 10 9578 2109 71 26 64979 538 7197 33336 5
83770 288 2370 7992 27 45 4357 21 17337 26616 106 7 825 5693 5690 220 14 3 6635 7 192 7992 14 68 25 523 1761 35 128224 8 187990 4 7003 33 5
145 601 3475 7301 15 3 4355 7 7887 8 192 288 2370 7992 19 3 41436 7 3 2505 7 208762 14 9 55879 10051 5
79319 7 9578 7992 18 4357 6 26 543 15 9 58994 1506 10 11797 601 35 128224 8 15769 4 744 33 4 47 29 45 39431 4723 10 3 2953 2854 857 5
14246 121 764 7 88638 537 9578 10869 71 26 962 538 208762 35 38851 12283 32330 4 280 33 4 117 46333 9578 8489 4355 2062 4723 208762 5
273 946 4 18324 12283 3462 5
35 744 33 12956 9 7139 7 27964 14 3 4355 7 800 7197 33336 4 150 8 270 60401 4081 5
1700 284 18 3559 19 25407 30557 2233 8 3455 272 809 926 19 746 114348 14 3 4355 7 3 800 208762 5
527 4 40 284 155 34 5576 3 4355 7 7992 25 192 800 208762 21 3 161 1092 5447 5
31916 12283 3462 5
35 911 33 1967 15 3 4355 7 13776 249 1635 341 35 189 6706 8 11307 30948 929 33 4 13776 503 35 6706 54535 1728 671 8 6710 33 4 25 9833 5340 4 3753 61 7 1535 373 4327 4 8 163548 538 2376 4 121 3 3112 208762 641 32 533 604 10 8489 6635 8 4440 5
12283 3462 5
35 359 33 4723 9 1816 11356 9578 652 35821 284 6227 538 270 60401 4081 10 3 565 9962 7 32485 521 2023 25 4953 2023 5
1700 284 5998 7947 5897 7 208762 694 10 189 521 8 4953 2023 5
66 1658 13 405474 35 30948 33 18 220 159280 14 3 10869 7 4953 2023 4 47 18 4547 19 6249 601 5
187 31 59 307 6062 9578 6635 8 7764 17460 1443 558 4 133 21 35 8 2781 4 744 33 4 9 46333 1506 14 15987 854 9796 6 152950 7005 8 74962 11797 684 4 8 35 395782 12283 32330 4 2076 33 4 32 24903 4462 13 18460 57325 16691 7 7039 453 8 373 1627 356 528 600 7 68 5
49366 21946 59 2053 9 177 533 604 10 6062 9578 8489 4355 1443 5
4327 543 2419 21946 18 220 10 3 162 7 58234 12283 3462 5
35 280 33 5
158 4723 9 453 17023 6 3855 889 261895 453 23623 25 5208 8 57325 9578 10869 5
17 10978 9578 266 42 153 220 6 3855 189 212295 2520 8 7557 9578 45560 7 521 1481 5
931 108 23623 7 3305 9578 10869 4 79022 5
3 10978 397 1067 6852 4 212295 2520 8 7557 7025 45560 4 42 220 6 5548 40 10612 10 32782 7992 5
1700 8365 2573 13 3 354290 212295 2520 1571 3 9560 7 9578 10869 42 333 135168 7 7992 58 3 83 67 4309 5
17 542 1556 13 212295 2520 1240 6 1101 9 515 48 15 10147 43018 5690 8 5731 83 19039 10763 5
7219 4 34566 601 1282 13 3 7059 7 9578 7992 18 282 6 26 962 21 9 11065 1506 4 677 6 3 996 58994 1506 25 3 11797 1897 5138 35 4296 4 1095 33 5
81 46 1506 4 290 8489 18 962 538 10777 1029 6 70 7992 10 9 91865 904 5
1113 46 1506 661 9063 10 6617 8489 121026 677 6 3 767 1506 4 23 18 149 34 1369 6 231 23 6 4301 4897 7992 5
12502 4 7227 8 20083 35 2560 33 1273 9 84 18423 1506 14 3 6652 7 2489 4897 8489 5835 133 21 1613 49 2950 2116 5
1700 1506 1827 6 4417 3 5093 13 189 7 3 58994 8 11065 2520 9184 5
1700 1273 5018 18 6 7673 6517 9022 11065 7269 8 180305 7801 192 307 453 7269 6 6468 4897 8489 5835 14 9578 10869 5
145 84 18423 1506 2653 61 426 8249 14 589 84 46333 2520 14 4897 3305 9578 3225 4355 5
81 678 6 6298 746 10051 11455 4 3305 3225 4355 8 2020 27 59 45 1589 14 855 13344 5
81 3 162 7 6334 12283 3462 5
35 2076 33 4 7039 636 60873 14 307 2370 7992 42 1146 8 24637 14 9 55879 10051 5
8 17313 35 280 33 1589 9 13370 284 6 6468 8489 25 5300 538 270 60401 4081 8 3439 9 4355 489 7 446045 202 15 1441 6325 4355 5
67300 12283 3462 5
35 274 33 2209 32 2374 3309 284 4 150 5394 453 9674 4 5479 4 4355 8 9578 6635 2376 4 21 9 3592 3309 1560 14 13344 5
26406 49569 1506 18 220 14 453 4355 8 41748 9419 42 220 6 6468 9578 7992 25 3 16277 194662 23623 5
238 2994 996 4 3 162 2209 322 16 59 6252 24 128224 2106 6249 601 7 3305 9578 10869 5
66 754 2532 6 12874 6249 3305 2505 14 3 15421 7 4093 9578 3225 6 8217 4355 650 5
7219 4 3 996 601 7 58234 12283 3462 5
35 280 33 59 661 13 397 1067 6852 42 287 20945 6 746 7059 7 7992 5
12502 4 7197 33336 31 220 21 32 6905 6249 3379 6 2662 3 194662 8593 5998 10978 24 9 55879 10051 19 3 4355 7 3305 9578 42821 5
17 55879 10051 220 10 46 601 16 6437 6 7367 7992 25 10534 5208 9578 10869 5
34252 1531 10 8489 4355 25 2942 8 4276 29 59 45 6039 24 3 73 1352 35 12283 32330 4 2076 109 404896 12283 32330 4 280 8 10141 12283 32330 4 274 33 5
273 946 4 12283 3462 5
35 2076 33 1303 61 542 15 3 1761 1547 3272 10 3 9962 7 396 968 3225 5
1700 2210 42 6437 19 3 5615 7 7470 1761 2190 57818 5
187 16 146 83 162 10 9 825 15388 5
404896 12283 3462 5
35 280 33 4723 241818 2498 9674 19 3 6582 7 9 3377 4242 5533 6 7367 2498 25 1481 9796 8 10158 3 53163 54827 7 3 7947 7992 5
527 4 40 284 2572 11455 97 148 32 43826 2204 8 57 746 4650 10 14510 604 877 5771 4 47 6464 1842 3 10119 7 3 23955 7 3 11455 5114 5
7219 39408 2030 29 45 220 10 6854 6 12986 7992 4 47 59 21827 11797 5
527 4 3 9674 7 133 39408 24024 5208 485 2235 6 11356 25429 5447 3648 5
81 678 6 2705 9 265 3351 7 39408 10869 8 198 1281 3 3012 7 25429 2000 4 46 162 16 59 6252 6 8245 199054 160431 12811 6 293 19 23122 5890 4016 9674 5
145 601 29 4723 9 55879 28277 10051 2912 5
17 1185 7 3 10051 220 10 46 601 16 28277 71623 4 5
66 29 203301 558 6 4552 1296 6 1800 2410 7112 5937 14 10051 3309 4 1150 8 4327 5447 5
17 10051 29 67 13609 3369 19 57 2852 15 50 17973 8 3 83 2852 22 3 4688 653 5
931 31 57422 9421 3369 8 488 6 336 22 306 14 35 55 6 33 149684 98236 32953 2233 5
28277 16 488 6 398 50 373 24 40966 8 24 29595 4 8 50 2741 71 196 22 40966 8 29595 5
12502 23 29 9 485 3309 7 50 1566 5
17 10051 2912 59 1708 3309 65192 14 1973 5447 4 1627 9674 8 3519 9679 6457 5
81 46 601 4 3 10051 1001 7301 15 3 3305 9578 3225 4355 97 25 3 34445 2036 7 1481 5208 9578 10869 742 453 5479 8 9674 5615 31 59 1252 6 852 487 9578 2419 5479 5
17 10051 2106 203301 8 453 9674 65192 31 4723 14 3 7112 9578 8489 4355 10 46 601 5
17 1308 726 16 1148 543 15 16803 4640 1185 5
17 28277 2858 2912 203301 31 59 4514 95 13 3 7802 447 16 488 6 336 189 15 3149 8 3 10051 5
29894 16 4723 10 46 601 6 4552 3 10051 6 581 2370 9578 2419 628 4 150 317 52 3157 7 3 453 4 32 7334 221 14 3 453 4 3 1846 8 610 7 3 6148 453 5
66 59 12244 1078 39811 266 14 9 453 8593 150 3 82242 7 3 4688 35 704 266 33 4 5485 827 35 459 266 33 4 3157 7 290 31757 35 459 266 33 8 82242 14 290 2117 35 700 266 33 5
3194 397 16 3380 24 9 1808 7 14937 8 11348 25927 5
17 10051 16 488 6 4859 177 166 14 9578 628 2137 25 10534 11455 163 1966 5676 6461 1215 5
81 46 601 4 3 453 9674 31660 16 74 1589 6 1849 84 1501 2151 3 35 33 5018 8 59 210 3 221 7 7947 1501 538 993 4 5
355 9 453 16 7947 4 3 13097 715 941 3 124876 35 33 4859 6 132 454 5447 7 3 3883 10534 9578 628 10 678 6 6468 3 2442 7992 5
17 124876 35 33 4859 10 3 31660 71 26 13097 538 3 5018 7 5
17 7112 3305 9578 6635 4355 284 2209 322 16 10292 10 46 124876 35 33 4859 8 16 1589 6 1933 3 194662 397 1067 9578 2419 23623 21 29132 5
145 9578 8489 4355 284 1038 67 7732 32542 138522 4416 8 798 9578 2419 435249 6 3995 26136 4416 8 798 9578 7197 33336 25 3 996 261895 9578 8593 5
134 8245 3 508 4416 9578 7197 33336 10 46 601 53 21877 98646 356799 35 150759 33 4 28114 98646 356799 35 303483 33 4 98646 35 405474 33 4 8649 270469 356799 35 33 4 44508 356799 35 33 8 270469 35 33 4 125 3 798 9578 7197 33336 7947 31 53 50343 35 33 4 8649 79813 356799 35 33 4 79813 16995 273992 35 33 4 79813 16995 491657 35 33 4 8124 79813 491657 35 33 4 23489 356799 35 33 4 79813 407746 35 33 4 79813 35 33 4 79813 35 33 4 8 43067 6060 35 33 4 148158 29495 8 50695 63061 35 33 5
1301 3 6148 4416 8 798 9578 7197 33336 31 220 21 29132 14 3 32542 992 543 9578 8489 6 7367 7992 10292 10 3 10534 9578 10869 5
81 46 601 4 80 231 3 453 9674 31660 74 6 282 10680 1481 1501 8 8743 28277 2106 3369 5
1301 3 34445 2036 7 1481 3305 9578 10869 31 3883 24 28277 2106 3309 65192 5
17 1308 74962 9578 3225 4355 284 16 153 13097 6 6468 7992 25 9578 10869 5
66 16 1001 1254 6 6468 5208 9578 10869 19 3 4701 6 26 454 2262 6 293 19 17389 9578 42821 10 3 426 5
17 1308 31660 3154 16 2209 10 3 508 5
238487 53 17 124876 41403 84181 53 17 4650 842 32 3305 9578 6635 5
37442 53 82584 10292 10 46 9578 6635 5
41701
8334 27300 4416 9578 628 266 14 189 7 3 2101 8 189 7 3 14290 8 1518 91 6 9 448659 32542 992 303777 3559 19 30557 3305 4416 9578 628 5
98586 341 842 3 3309 5447 7410 8 396950 7 3 8489 4355 650 5
1113 83 7197 33336 59 345 4125 10 3305 9578 6635 4355 4 3 996 3467 800 208762 27 45 39431 220 10 18423 8 6249 601 35 128224 12283 32330 4 8716 109 194998 8 185163 4 359 33 14 3 6652 7 9578 42821 7 288 2370 7992 5
12502 46 601 2527 192 3467 208762 21 2007 5633 5
980 7197 33336 8 40 4413 6 9578 8489 4355 36 26 12956 10 426 162 5
17 689 108506 8 396950 14 9578 8489 4355 98586 341 5
17 689 108506 8 396950 14 9578 8489 4355 5
273 3 928 7 3 7112 9578 8489 4355 4 3305 9578 628 31 3883 25 3 5269 21 3 74 1092 5
58728 31 9728 6 5441 3 9578 10869 7 7887 8 288 2370 7992 10 815 7 28277 2106 3369 5
14689 3 5269 817 9 2190 3305 9578 6635 14 52 139815 1301 3 10051 36 1374 3 5269 6 4459 8489 3247 148 6494 8 249 14 290 3305 9578 6635 163 3 5835 7 7887 8 3 288 2370 7992 5
81 678 6 539 48 7139 8 53562 6 3 928 197 4 9 30557 45238 63183 70704 37354 35 12283 32330 4 1515 109 155030 12283 32330 4 590 33 16 4723 5
145 5536 4286 2429 1515 19348 7 3305 9578 2233 3883 25 72 1410 5269 5
134 8245 3 3330 5483 9578 1973 7 290 3305 2125 25 290 3467 1441 6 15831 3 928 197 5
931 3467 3330 5483 25827 30557 2233 31 13507 6217 15 9 12665 2424 10 815 7 3 10051 5
28277 16 59 488 6 3968 290 7 192 39811 5536 2233 10 521 89 8 3855 9 107022 9578 2419 8593 21 92 3 9578 6635 16 5208 24 9 521 1441 5
98586 459 842 9578 2419 11807 538 189 9 521 1441 8 39811 30557 2233 25 3 5536 5
12266 628 2137 25 5208 3305 9578 10869 7 9 521 98586 459 5
12266 628 2137 25 5208 3305 9578 10869 7 9 521 1441 8 3 25827 30557 5536 2233 35 31916 33 5
17 10051 16 488 6 10775 4719 9578 628 25 189 3 10534 5208 74962 9578 10869 8 3 6217 2233 1252 24 3 5536 5
17 16277 9578 628 24 3 10051 1038 9 1078 397 543 8593 14 3 317 7 3 4688 4 5485 4 189 7 3 2101 8 189 7 3 14290 21 3915 996 5
364 3674 3330 5483 74962 9578 2233 1550 24 302 1481 25 3 5536 31 220 14 3 928 628 1444 5
17 1973 5536 59 1708 290 3330 5483 1973 19 32 30557 3359 5
66 4286 9 197 7 2190 208762 8 40 12510 121026 15557 24 8658 152950 114348 14 290 3330 5483 3305 9578 1973 5
622 8489 4336 16 59 4916 19 3 3330 5483 1973 14 290 3467 1973 9149 5
931 208762 1252 24 3 5536 8 40 121026 14 3 3467 577 3305 2233 31 153 220 14 3 928 7 189 4416 8 798 13776 435249 5
187 31 59 2233 47 97 27 1658 208762 4916 44 276 120 7665 3247 558 5
208 46 16 3 267 4 80 153 25407 581 3 871 7 6909 21 3 7665 1846 14 290 1658 13776 5
273 3 5447 7 138 10534 5208 9578 42821 24 3 521 5269 4 9 8658 152950 174097 1708 7665 3247 3995 14 3 288 4416 208762 8 407 798 208762 14 290 2914 9578 6635 5
3546 3305 9578 10869 27 45 1252 14 290 3305 3936 24 290 4650 8 3 12510 7665 3247 14 3 800 208762 31 1252 24 3 8658 152950 174097 5
7525 87 31 67 1481 4723 6 4569 6 3 928 628 197 1444 5
12502 87 31 1308 1551 928 83735 3883 25 10534 5208 9578 3305 10869 24 521 5269 5
21542 19 3 996 577 928 2233 16277 25 3 1973 5536 4 80 1088 9 928 197 19 8945 30557 5036 14 3 928 7 3 4416 8 798 208762 391382 5
238 3915 415 4 32542 2642 31 220 6 5507 189 4416 8 798 208762 435249 5
158 31 220 6 3995 5998 2705 3 288 4416 8 407 798 9578 208762 10 46 601 5
273 3 928 7 3 4416 13776 315034 4 716 17020 35 302 266 33 14 189 7 3 2101 8 189 7 3 14290 31 16277 25 3 107022 9578 8593 8 220 21 3 9796 2000 5
17 230 7665 55906 7 3 288 4416 208762 31 351 25 3 996 8945 30557 928 5036 5
12502 4 290 928 628 16 3380 24 9 60401 7 3440 17020 35 716 9796 2419 397 17020 1635 708 7665 3247 3995 14 3 708 4416 208762 33 5
81 426 162 4 83 30557 2233 8 854 14431 4 133 21 89308 5536 35 419561 12283 32330 4 744 33 4 36 26 12956 6 454 2975 928 7 3 32542 138522 4416 8 798 208762 435249 5
17 32542 992 151438 7 3 4416 13776 315034 16 1252 10 98586 503 5
17 151438 7 3 4416 9578 13776 315034 35 31916 33 98586 503 5
17 151438 7 3 4416 9578 13776 315034 35 31916 33 5
10526 4 4688 8 5485 628 266 31 59 5998 16277 25 3 928 3305 9578 10869 5
187 31 985 17020 35 407 266 33 220 6 3001 3 317 7 3 4688 8 5485 5
17 7665 26177 7 3 3467 407 798 208762 16 59 1252 24 3 996 8945 30557 928 628 197 5
12502 4 290 928 628 410 16 3380 24 9 60401 19 2511 17020 35 985 9796 17020 1635 407 7665 3247 3995 14 3 407 798 208762 33 5
17 32542 992 151438 7 3 798 9578 13776 315034 16 59 2209 10 98586 500 5
81 10028 4 3 996 67 448659 32542 2642 31 1589 6 1849 25 3 30557 3305 9578 2233 8 6 3995 6468 3 3467 288 4416 8 407 798 9578 7197 33336 5
17 151438 7 3 798 9578 13776 315034 35 31916 33 98586 500 5
17 151438 7 3 798 9578 13776 315034 35 31916 33 5
81 129 5867 4 80 27 59 115 83 2532 14 3 4355 7 3 90 7 3 208762 5
273 946 4 22190 8783 29 59 45 1589 6 6468 3 12972 7 3 4688 35 79022 5
33 8 3 6706 8 11307 31757 64295 35 79022 5
150759 8 303483 33 5
527 4 3 8365 2173 2573 13 3 11763 2770 3467 14 3 22190 4333 11129 42 177 3538 6 3 3457 148 3 10051 8 3 5269 5
527 4 3 448659 32542 992 42101 19 9270 6 27 2828 48 11076 8 36307 14 3 208762 4355 5226 7 3 2846 893 7 3 14561 148 3 10051 8 3 1481 8 3 2741 17016 5
17379 4 32542 2642 31 1940 220 10 453 4355 601 35 38851 12283 32330 4 280 33 5
4 21 9 3501 12391 32542 992 31660 4 16 4723 10 46 601 5
66 16 3112 463 6 50 3982 3800 8 53562 7 3 23955 7 3 565 9962 5
7219 4 9 837 4438 9419 71 26920 120 11065 7410 5
12502 9 1506 19 57 837 4438 9419 16 3112 14 46 2673 5
1354 7 3 4416 8 798 208762 391382 31 6227 538 259297 32542 992 300477 21 1595 10 194896 5
503 8 500 4 47 539 57 9796 4 57 4438 8 57 3354 9419 5
238 1595 10 98586 459 4 3 32542 992 14 3 4416 9578 208762 4355 29 716 30864 10 3 9796 9419 8 288 30864 3995 10 3 4438 8 3354 10746 5
17 716 30864 10 3 9796 9419 4459 3 317 220 14 3 8593 14 189 7 3 2101 8 189 7 3 14290 4 125 3 288 30864 10 3 3354 9419 4459 3 121026 7 3 6148 288 4416 9578 208762 5
10052 4 3 798 208762 29 985 30864 10 3 9796 9419 8 407 30864 3995 10 3 4438 8 3354 10746 5
17 985 30864 10 3 9796 9419 31 4723 6 4459 3 4688 8 5485 317 4 125 3 407 30864 10 3 3354 9419 3001 3 121026 7 3 6148 407 798 9578 208762 5
17 928 27964 14 189 7 3 4416 8 798 208762 391382 12042 3 893 115 6 40 12510 992 22 290 1092 10 678 6 2384 189 7 3 32542 2642 83538 5615 5
145 71 26 3439 24 2790 189 7 3 2854 713 10 3 67 928 4309 5
8616 24 2790 3 893 72 89 4 189 928 27964 1128 3 8953 13 40 12510 992 36 343 553492 8 215 1967 15 50 928 197 5
435 189 2642 27 45 3559 6 1018 9 4203 596 3768 489 35 287 58 27063 33 4 43 31 220 14 2279 6 30174 3 4416 8 798 52579 33336 25 10534 5208 960 9578 6635 628 29132 5
7219 4 6249 601 29 59 3314 10093 14 3 15987 148 3 208762 8 7992 10292 10 9578 10869 35 128224 12283 32330 4 8716 109 194998 8 185163 4 359 33 5
17 39097 72294 173723 5898 35 33 35 194998 8 185163 4 359 33 2994 13 117 208762 71 26 220 13507 49 10 3109 6 4459 3305 9578 42821 5
273 946 4 10868 16 2402 2442 19 35 33 4 125 67948 71 26 6614 2209 883 13507 24 49 10 16691 7 189 7 91 5
134 27 64979 3 15987 148 3 2215 21042 3380 24 3 800 3467 208762 10 46 162 8 3 288 2370 7992 10 20498 249 543 15 3 5840 7 3 996 4723 37354 5
20498 249 5
17 15987 148 3 2215 21042 3380 24 208762 8 7992 1252 24 3 100402 5
82584 7197 2367 12379 708 1635 403 4 403 23946 503 1635 500 1635 700 1635 800 1635 1135 4 503 1635 500 1635 700 1635 183 1635 1135 1635 605 114882 249 1635 503 1635 409 4 708 1635 409 203916 782 4 782 1635 697 1635 409 4 782 1635 800 4 183 1635 697 1635 605 18203 249 1635 341 1635 503 1635 500 1635 302 1635 605 4 249 1635 341 1635 503 1635 500 1635 605 39634 249 1635 341 1635 500 1635 20498 249 842 90 614 4199 52 2215 25583 7 3305 9578 42821 14 3 288 2370 7992 5
527 4 74962 9578 10869 86 26 5471 8 523 25 57 696 6 184 5
8616 3 928 628 197 7 3 4416 8 798 208762 435249 29 2816 5471 9578 10869 25 290 1441 8 3 30557 2233 14 290 3305 3936 5
273 946 4 9 9578 6635 6154 9621 47 71 26 825 6 12004 35 44508 356799 1635 79813 16995 273992 33 49 177 408 6 9 1432 2116 35 21877 8 28114 98646 356799 4 8649 270469 356799 4 79813 16995 273992 8 43067 6060 33 5
134 59 5507 9 12391 32542 992 543 9578 8489 6 6468 7887 8 3 288 2370 7992 25 9578 10869 3380 24 3 10978 800 208762 5
145 9578 8489 59 29 9 259297 151438 19 57 9796 4 57 4438 8 57 3354 9419 5
17 8489 11566 3 1308 800 4416 8 798 208762 21 29132 8 55906 3 6148 7887 8 3 288 2370 7992 10292 10 9578 10869 5
12502 23 29 800 30864 10 3 9796 9419 8 550 30864 3995 10 3 4438 8 3 3354 10746 5
17 992 151438 7 46 9578 8489 16 1252 10 98586 708 5
17 151438 7 3 7112 9578 8489 98586 708 5
17 151438 7 3 7112 9578 8489 5
17 30557 3330 5483 3305 2233 25 45238 5536 8 3 30557 3305 9578 10869 5208 24 3 521 5269 31 59 4723 14 3 928 628 1444 14 46 32542 992 543 9578 8489 303777 5
134 27 1601 1135 928 628 14 290 3305 3936 5
6077 3 928 197 4286 24150 3305 9578 628 14 9578 8489 4355 5
1471 218 2279 5269 31 4723 14 3 2279 7 3 3305 9578 3225 4355 5
158 31 34 694 10 3 928 628 2137 8 120 31660 726 5
273 290 2279 1441 4 3 10051 36 74 7 70 14492 3 4650 8 132 9 2941 5385 52 96 3 2279 16 2638 52 5
1301 3 10051 2818 3 4650 6 240 9 2190 3305 9578 6635 8 2609 3 6635 14 52 57 169 5
17 10534 2673 6589 3 9578 628 8 25885 3 317 14 31757 266 4 2117 266 4 4688 8 5485 14 46 9578 9796 5
26148 4 189 3 4416 8 798 9578 208762 435249 8245 3 12510 10978 9578 628 266 21 29132 8 3354 3 7665 3247 14 3 3467 800 208762 2442 19 46 9578 6635 5
20379 4 192 10978 7665 2770 7 3 800 208762 31 6229 220 21 29132 14 3 3305 9578 3225 303777 5
145 32542 992 9578 8489 42101 2869 153 55906 3 7947 8489 25 46 9578 9796 5
28277 153 16131 555197 11455 19 3 2279 1441 6 7265 119 52 3 1056 7 3 9578 8489 4355 522 5
1738 1150 34326 2869 16 3475 13097 6 210 3 2000 7 3 4416 8 798 9578 1172 6 3 2279 1441 8 59 8468 3 4650 3 8489 10292 10 10534 9796 9578 6635 5
17 4650 153 36 8468 3 10051 92 3 6148 7992 25 9578 10869 31 5050 49 34 543 15 3 4650 2106 209 9088 5
81 3 7377 4 3 10051 16 10 9 1767 1799 285 3 4650 16 1334 6 240 3 161 3305 9578 6635 5
3260 3305 9578 10869 1252 24 3 63183 7197 173723 5898 31 59 220 6 7593 3 1481 52 120 1654 3305 9578 6635 92 185 16 666 5
10974 4 3 1481 36 8047 5441 40 3305 10869 543 15 40 209 9088 154 10051 746 11455 5
6077 218 2279 5269 42 694 10 3 2279 8 290 2279 1441 661 218 523 3351 7 9578 42821 14 57 2190 8489 3936 5
43034 8557 522 14 3 11589 2279 628 31 2994 10 8941 708 5
435 3 9674 7 7992 25 1481 9578 10869 4 3 10051 36 59 353 6080 19 1481 24 1855 3 1809 524 43 31 7542 9 1654 2190 8489 5
81 678 6 293 19 23122 4276 543 11455 4 80 231 9 199054 160431 12811 543 1217 6 5890 9674 5
2758 32 1217 16 488 6 198 1281 25429 12453 8 1708 9 6633 8 5394 5018 14 4276 9088 8 891 5
199054 160431 12811 35 171392 8 114701 4 274 33 2239 16502 3898 148 9 197 7 1735 8 3 970 43 3576 24 3747 9 197 7 13538 1547 6 3 1735 8 970 5
81 678 6 6786 3 32434 49 13538 468 3 1299 4 181676 9013 189 1299 8 1735 76 9 4102 904 8 12134 4631 10 46 904 5
81 3856 4 181676 5892 13 87 16 90 4919 35855 51423 2981 10 3 628 47 16 6009 23227 24 3 55673 7 3 1740 1414 5
145 6951 1414 7 1299 59 18506 5266 76 3 1740 4102 1322 5
181676 3899 6 384 3 8855 197 7 13538 13 17628 70 3 1735 5
66 2527 9 11245 5533 4 226 20878 871 47246 4 6 2882 3 4438 4102 904 8 6 2821 3 5266 5
145 4102 904 8445 317982 523 44 246953 825 970 8 1735 5
134 231 192 6740 970 8 1735 10 3 4102 904 14 45679 623 58 3 1494 970 8 1735 5
81 46 601 4 80 59 8245 3 51423 83735 1560 35 170520 8 6334 4 590 33 6 3030 181676 4 12262 4919 3898 148 1735 8 13012 40 13980 5
145 1560 1708 65192 14 4102 904 3465 5
66 8323 4102 15987 27964 6 1043 3024 177751 538 24716 315497 4 9 21943 4 81790 2942 1046 2869 4926 6227 10 17177 35 170520 8 6334 4 590 33 5
134 11032 46 1560 19 3 10051 2106 2912 6 13012 3 51423 13980 148 1481 29132 8 928 1735 19 530 2898 8380 5
81 678 6 13012 51423 13980 148 960 29132 19 1735 7880 6 523 5890 5835 4 80 27 6 4697 90 5907 928 1735 19 632 5890 8380 74 5
12542 6169 25 3 16058 864 35 33 31 8074 6 13014 928 1735 5
931 6169 7857 6 403 2898 5835 150 3605 4 4101 323 6020 4 1059 323 31819 4 41427 323 16531 4 34250 323 16202 4703 5
1249 80 6581 6 3030 2898 4016 9674 14 138 3538 7429 7 448 68 13 142 1951 40 247 4480 4 133 21 9140 4 4394 8 309 247 4 80 27 16277 5907 6169 163 3 5835 7 43074 2106 1222 35 218 6169 33 4 309 9140 35 218 6169 33 4 234 361 14 212 35 218 6169 33 4 514 1414 35 108 6169 33 4 309 247 150 309 6158 35 183 814 6169 33 8 309 3776 35 183 814 6169 33 5
268165 8 1930 653 10869 18830 11592 8 5840 27 59 45 2816 25 307 83 6169 845 15 3 16058 1295 5
8616 80 27 928 1735 19 583 2898 8380 150 43074 2106 1222 35 25 47 448 68 3130 6 3520 33 4 9140 4 234 361 4 514 1414 4 309 3776 4 309 6158 4 5772 8 11592 5
17 74 288 8380 31 3538 8 2409 2898 7429 6 4033 4 125 3 73 67 8380 31 2161 6 3968 4298 1867 10 2489 1225 5
38124 4355 7 39408 10869 477 8501 485 2235 6 25429 5447 1443 5
81 678 6 7367 9 265 3684 220 74962 39408 24024 4 80 539 179 3351 7 39408 6200 845 15 3 508 1295 53 2158 53 4 10 129 928 29150 5
931 539 5229 4 234 4 1582 4 8 2810 36997 5
134 27 59 8074 9 182 7 32183 21 33360 107020 16621 6200 25 3 221953 88899 864 117603 35 2158 53 33 6 15831 3 16621 5835 5
19419 5342 31 220 6 1392 290 2125 7 3 39408 10869 4 133 21 4 8 4703 5
766 3 5907 1735 7 3 996 698 5835 31 4357 21 928 5342 8 27 45 255 163 57 24469 14 454 2376 5
7219 4 28277 29 10292 9 1150 4355 2869 10 50 2912 5
355 3 746 5304 1708 9 4121 61342 4 3 1150 4355 2869 12134 3 4355 8 25885 3 6148 9796 61342 10 9 2942 916 5
145 61164 9796 16 153 18460 24 3 51423 543 5890 9674 5447 5
17 51423 543 5447 12134 4355 7 2898 7429 8 39408 24024 24 17444 51423 27647 3247 148 46 2972 4650 9796 8 3 996 928 29150 19 698 5890 5835 5
273 946 4 3 51423 543 5447 17893 3 4650 9796 4 46 1222 16 12237 228 124 4 29 3 1391 51423 13980 6 3 928 1735 163 3 5835 7 1222 35 53 56107 33 8 3 2699 16621 29150 35 53 33 5
7219 4 3 2699 16621 6200 15616 13 3 1222 10 46 9796 29 45 4357 21 110 2374 525 7 9 882 2204 4 47 71 1626 61 1945 5
17 996 51423 27647 522 4459 13 3 9796 4 46 1222 16 12237 228 124 4 16 48 338 6 3576 7429 7 1222 8 2377 16621 5
17 51423 543 5890 4016 9674 3847 842 485 785 10 2957 19 23122 5890 9674 8 16621 4355 14 138 29132 16277 1752 25 845 695 6169 5
33275 5195 7100 19001 954 8 2505 1084 27 45 9168 6 3929 3 1070 2020 7 28277 543 15 3 7947 7992 25 9578 10869 8 3 2898 7429 7 3 1481 29132 5
622 946 1396 16 12859 10 3 508 5
35 35 17 1658 5890 4016 16 1222 49 9140 8 3 7947 8489 25 9578 6635 16 3104 33 3082 6117 35 4498 1070 25 2505 1084 33 33 5
28277 3615 15618 6 4 15 596 4 329 201276 1150 24 3 746 1481 4 114 6517 16 9 64314 96734 35 1001 1618 197 6 249 49 341 33 5
527 4 23 59 15618 65 3 10051 2106 610 4 28277 4 16 3915 4 8 754 93 1070 92 23 71 34 7367 894 4116 189 10 3 61342 8 3 1441 2106 9578 10869 23 16 5985 6 5
238 9 426 726 80 342 6 27 6517 57052 23631 232 6 143 2570 28277 16 52 96 23 29 74271 10 3 7835 9578 10869 8 3 61342 22 881 95 13 23 16 287 338 6 2647 92 23 29 287 1493 5
28277 754 9 6951 1070 25 307 7545 1070 1260 13 31 6943 14 3 74962 1277 23 29 74271 10 3 9578 10869 5
81 1243 4 28277 1484 1141 9 4410 7 3 4650 2106 9796 3897 21 9 262498 7 50 1070 5
273 946 53 11102 2843 4650 6117 38 15441 167 282 5540 5
11102 28277 6117 1713 31 63 160 282 5540 88
349 3 83 881 4 80 59 31324 255 28277 10 9 1562 247 983 4 2494 1375 6080 19 23 8 4459 17389 7992 10 9578 10869 6 960 50 53562 5
520 946 16764 31 1252 10 3 508 53 11102 2843 4650 6117 367 128 372 278
1356 37050 32 2950 9578 6635 109 3 7947 5890 16 9140 1362 11102 28277 6117 9791 4 3646 23 4798 5
11102 28277 6117 1145 31 63 682 88
11102 2843 4650 6117 1329 177 206 5
1356 37050 9 4479 9578 6635 109 3 7947 5890 16 309 247 1362 11102 28277 6117 145 340 34 436 206 5
3062 2106 345 1416 482 671 5
10352 223 16 160 4137 5
8228 15 5
82229 55 5
11102 28277 6117 5491 63 908 13 5266 88
11102 2843 4650 6117 4367 4 925 4244 10 3 3261 5
1356 37050 9 1613 9578 6635 109 3 7947 5890 16 234 361 1362 11102 28277 6117 4367 4 399 5
145 679 9575 1864 206 5
1713 31 63 8995 377 88
11102 2843 4650 6117 38 15441 100 21587 5
1356 37050 9 1613 9578 6635 109 3 7947 5890 16 309 247 8 9140 1362 11102 28277 6117 38 1343 23 5
38 399 4127 63 5
38 227 9575 968 6 63 120 48 5
238 3915 10 3 928 7 3 9578 8489 4355 967 4 28277 16 488 6 6468 9578 7992 25 149 5536 2233 742 3 498 2279 16 2638 197 55 14 3 10534 74962 9578 6635 4355 24 521 960 5269 5
145 59 842 785 6 2975 3 2279 7 3 284 538 2233 25 3 1806 30557 5536 5
332 3 2279 967 4 21 3915 415 4 218 2279 5269 42 694 10 3 2279 8 290 2279 1441 661 218 523 3351 7 9578 42821 14 57 2190 8489 3936 5
17 11589 960 628 31 4723 14 3 8557 7 3 1308 7112 9578 8489 4355 284 154 10534 746 10051 11455 5
17 8365 27 45 574 19 1375 4276 543 11455 148 3 10051 8 3 2279 1441 5
66 1038 15461 4 223 877 6 132 1481 756 7431 8 59 2228 1481 6 128 6 259 96 3 2279 16 2638 52 5
1301 10534 9578 10869 31 5208 24 3 2279 5269 1272 24 3 10051 5
17 6148 4416 8 798 9578 1945 8 3 10292 7992 10 3 9578 10869 31 1599 20572 119 6 3 2279 5269 24 3 10051 2106 1150 34326 2869 5
17 32542 138522 4416 8 798 9578 208762 435249 31 2870 111 3 13776 111909 1252 24 3 8658 746 361525 538 3 800 3467 208762 8 3 25827 30557 2233 16277 25 3 5536 5
17 4416 9578 13776 4355 3439 9 122379 202 8958 489 4 125 3 798 9578 2419 9674 3439 9 116882 202 4355 489 5
17 1973 5536 59 2994 138 7197 33336 1595 154 6080 2195 6 1150 10214 1484 86 26 69731 4357 21 9224 14 3305 9578 42821 5
273 946 4 150759 4 341 8 503 3130 6 26 220 6 5124 5983 8 4360 14 71105 4 8 31 477 6453 154 6080 5
158 42 4357 21 3 104 5005 40260 5300 24 3 1973 5536 5
81 46 601 4 80 59 4436 13 4416 13776 249 4 341 8 503 31 59 3684 220 6 4301 9578 10869 2858 307 8489 5835 14 3 928 2233 16277 25 3 996 1973 5536 5
2758 9 928 628 197 1484 250 19008 3 284 14 3 4355 7 9 265 3684 220 4416 208762 2858 307 8489 5835 5
1949 23 866 13 3 4723 798 208762 31 48 1783 10 6293 3305 9578 10869 8 287 24651 19 40260 5300 677 6 3 4416 208762 5
145 420 6 3 644 13 798 9578 208762 42 333 6148 58 3 4416 1603 5
6077 4 3 508 208762 31 9576 6148 53 249 4 341 4 503 4 708 4 700 4 782 4 183 4 403 4 800 4 1135 4 889 4 605 8 5
17 32542 992 543 9578 8489 29 59 45 2870 111 3 2498 26177 522 1252 24 3 2279 5269 8 3 8489 111909 1252 24 3 1973 5536 5
17 8557 522 4459 3 32542 138522 9578 2828 9576 166 19 32 8958 489 7 122379 202 5
17 9674 522 4459 13 2366 7992 133 21 3104 35 1818 202 33 8 17708 35 7535 202 33 27 45 166 1658 979 24 3 1417 35 2715 202 33 9578 6635 9576 6148 4 125 13542 10869 5340 3 485 1236 6 3 284 5
17 522 59 4459 13 2366 2116 8 11866 9578 42821 27 1484 45 141804 21 57 184 4 125 4479 10869 31 1629 21 2950 42821 5
187 16 59 632 17046 148 1613 8 1432 2116 9578 10869 4964 24 3 2279 5269 154 3 2279 5
1113 1613 35 1614 202 33 8 1432 2116 35 6486 202 33 9578 10869 31 13507 166 6148 4 192 67 1432 3305 10869 31 59 1484 141804 21 290 83 5
7227 8 20083 35 2560 33 907 115 90 2995 52 307 523 3351 7 4897 2366 8 1432 2116 7992 5
8616 40 601 142 371 90 4199 15 454 27377 52950 7 192 4897 2116 9578 7992 5
7219 4 3 51423 543 5890 9674 5447 16 59 12354 22 3 2279 967 5
1410 5317 351 25 189 3 16058 1295 35 2536 5317 33 8 3 221953 88899 117603 35 575 5317 33 31 220 6 8612 3 773 7 543 5890 4016 9674 5
17 960 5317 8074 25 3 16058 1295 7857 6 3 996 3915 5890 5835 53 43074 2106 1222 4 9140 4 234 361 4 514 1414 4 309 3776 4 309 6158 4 5772 8 11592 5
517382 6200 31 8074 25 3 221953 88899 117603 4329 3 508 24024 53 5229 4 234 4 1582 4 2810 8 2377 36997 5
5408 39408 6200 31 351 25 290 39408 3936 5
8616 1410 5317 10 676 31 220 6 8612 3 53562 8 83538 10612 7 3 5890 4016 9674 5
17 543 5890 9674 25903 9 6417 202 8958 489 14 3 5890 19372 14 3 2536 960 5317 8074 25 3 16058 1295 8 32 8958 489 7 7535 202 14 3 4355 7 3 575 39408 10869 5
145 543 5018 2436 6 26 1783 10 2957 19 23122 5890 9674 8090 5
81 46 601 4 80 27 6227 523106 543 4416 8 798 9578 7197 33336 435249 8 9 523106 543 9578 8489 6 7367 7992 25 10534 5208 74962 9578 10869 5
17 284 16 59 488 6 7367 2898 7429 25 40260 29132 538 9 543 5890 4016 9674 5447 5
17 523106 543 4416 8 798 9578 7197 33336 435249 31 488 6 3995 26136 288 4416 8 407 798 9578 208762 19 3982 3800 25 194662 9578 23623 5
17 4416 208762 315034 25903 9 122379 202 8958 489 4 125 3 798 9578 315034 29 9 116882 202 8958 489 5
17 523106 543 9578 8489 11566 3 10978 800 208762 21 29132 8 842 3982 3800 14 3 59706 7 550 2370 7992 25 9578 10869 19 9 122379 202 8958 489 5
1203 8447 4 3 7112 9578 8489 9674 6655 47211 2505 7 9578 7197 33336 21 3 3379 6 2662 4719 194662 9578 2419 266 5998 16277 24 3 10051 19 9578 8489 4355 5
17 6148 800 9578 208762 59 240 485 785 10 26704 9 146 3528 3936 7 746 3305 9578 42821 5
7219 4 3 543 5890 9674 16 488 6 13012 51423 13980 148 5317 6 2705 2898 7429 1281 25429 12453 5
17 543 5447 25903 32 7074 8958 489 7 82119 202 14 23122 5890 9674 8090 5
17 1308 726 16 3569 6 3 28277 10051 8 5775 19 50 203301 7 16803 4640 1185 5
17 162 842 485 785 10 8259 3 10051 6 293 19 23122 3558 10051 746 11455 5
81 426 162 4 4897 11797 8489 2520 36 26 12956 10 678 6 333 6468 4897 2116 9578 7992 133 21 1613 8 2950 2116 5
17 8365 240 13 28277 16 59 488 6 3968 15821 9578 1973 2862 7 3 2279 5269 10 10534 5
931 1973 5342 36 59 26 454 18460 538 83 4538 133 21 44203 352343 8 7712 653 25310 15778 177751 6 10775 1355 9578 2000 10 678 6 2769 27377 19372 7 3558 8489 5835 133 21 11866 8 2366 2116 9578 10869 5
7219 4 10 426 8249 4 80 31 59 2274 10 538 5890 21946 6 8468 2498 9674 1752 4 171463 5
3 5840 7 9 5890 337 7237 785 20041 6 49 32812 518 10 3 498 2898 4016 5
66 36 59 3279 3 11455 92 28277 16 6437 19 19800 1547 396 968 3225 5
134 59 3316 6 12874 290 2325 2498 9008 10292 10 51423 2376 8 3305 9578 10869 6 1823 48 5314 2498 9088 10 1375 746 10051 11455 5
134 494 192 31 2409 5158 14 3 726 7 29302 7112 19 855 8 8489 1442 5