290646 543 1863 5202 3968 29 45 1940 1109 21 9 16079 5043 718 14 2790 8587 6999 1632 8 26585 391 2486 5
17 1315 7 290646 543 6999 3968 16 9 4093 2485 4 47 4589 3726 72 577 650 19393 8 4959 13521 7 3184 25192 8 11311 5
17 498 601 10 3 857 7 6999 3968 29 9667 3 236 14 3096 6999 3968 3961 8 14426 1457 773 5
81 3 1379 542 4 7732 1442 4538 42 3677 14 1572 9 71179 2516 284 13 3899 22 2875 3726 8 6573 3 6999 3968 650 8 9834 14426 6999 3968 3961 5
81 1572 3 284 4 3 362662 17241 5533 35 204676 33 18 3677 6 12262 3 9962 2505 8 39844 4538 4 8 9 2505 1084 18 1589 15 24457 5
17 2516 284 2939 6 6298 6999 3968 284 773 8 3961 24 2790 3 89 1272 14 6708 8 565 12538 92 15924 912 4722 5
17 2516 284 71 26 220 21 9 284994 4462 13 2939 14245 4262 532 3 1457 109 23 71 26 220 59 14 928 20970 4262 5
17 12469 7 528 3318 7 1863 5202 35 6999 33 29 1022 1723 173 1364 3136 1923 4550 8 391 2486 5
659 14550 46 812 1923 565 4 3 6999 3968 718 29 343 1940 2404 21 4116 718 14 2790 6999 1632 25 1784 1543 5
17 733 7 6999 3968 16 6 3968 8 2821 6999 25 1784 727 11039 103 23 16 531 76 3 3687 5
17 290646 543 6999 3968 650 29 343 9 1029 5018 14 6999 6381 106 23 16 536 4213 35 4 118323 4 8115 4 323 100502 4 359 33 5
81 3 290646 543 6999 3968 650 4 32 290646 24068 16 220 6 9867 6999 25 3 62556 727 4 8 6999 16 6229 16277 25 3 290646 24068 4 47 71 153 26 67761 8 38492 5
7518 7 32 290646 543 6999 3968 284 16 9 4093 2485 106 23 4589 3726 8 13521 7 697 5937 8 9 221 7 5
17 697 5937 31 2442 19 72 9 577 19393 4 150 3937 4 3154 713 4 5701 4 8 926 7 3057 5957 5
17 3726 8 532 7 1568 19393 16 32 533 2485 10 1315 7 3 6999 3968 650 106 23 1752 10076 1457 773 8 3968 3961 7 6999 5
1249 3 3726 8 532 2485 16 1812 4 23 16 12818 6 1088 9 71179 284 13 71 5998 4112 4 532 4 8 19285 3 6999 3968 650 5
81 46 1381 4 80 1379 601 2173 19 3 6905 7 589 9 71179 2516 284 13 71 4112 4 532 4 8 19285 3 6999 3968 6589 22 3 647 2954 3291 14 6999 52143 35 32055 33 2852 22 3 430 7 25921 10 29194 4 1511 5
17 284 16 226 3 2505 543 5898 14 15116 169848 52143 35 33 5
17 2505 1084 9286 7 9962 2505 52 53 35 249 33 3 1457 5937 8 40 13987 4 8 35 341 33 3 533 650 19393 8 40 13228 1219 11612 5
17 2505 1084 59 9286 7 3 31611 1945 13 51 1213 192 15924 5771 5
17 284 71 185 3 3802 4112 3 1219 912 7 3 6999 3968 2947 1457 24 14448 9901 3 5559 2770 25 10363 19 1966 49 13228 2770 5
14197 5937 13 27 15924 96734 2770 4459 13 15924 1219 912 27 2273 5
432786 25 3 1966 11612 51 197 123 32 5590 6 8217 3 3802 13 9 565 29 2273 5
17 71 2494 10534 3726 8 6708 4 21 166 21 1919 15029 14 120 42737 7947 4 9834 3096 3 773 3961 7 3 1457 5
622 2007 13604 7 3 284 18 1589 15 40347 35 7205 7 374139 2771 4 3021 33 4 47 16 32 228078 2516 284 726 4462 5
527 4 3 13604 71 97 4112 3057 5957 8 19285 40 24936 5
17 284 155 34 539 3 650 532 5310 3677 6 3 532 2438 5
9007 7 3 13604 284 27 45 2209 10 17555 4 12090 4 8 35 280 33 5
145 1381 6274 32 2069 1185 7 3 71179 2516 284 13 18 6227 19 24457 35 7205 7 20160 1762 4 3021 33 5
24457 1708 532 8152 47 7928 3 21365 7 532 5310 10 396 31462 5937 5
931 19266 2662 31660 4 912 4 8 581 532 72 3 857 2438 133 21 11311 8 25192 5
118561 71 7265 1752 19 290 83 4 8 71 26 8820 24 83 19266 6 3030 67010 532 5310 5
17 19266 8117 523 27964 133 21 30026 4859 6027 35 56084 33 8 4859 2146 45546 35 33 5
56084 16 115 55 7 9 507 7 1959 4 32966 4 8 1945 8 23 16 220 14 3364 3 9149 7 6573 5310 47 3576 2489 684 5
16 115 55 7 28508 4859 4483 4 47 650 3 9632 5300 8 1518 3 3905 6 3 532 2438 5
3194 4859 2146 4286 2029 650 532 31660 8 19393 13 30887 3 31660 6 3030 9 1654 4859 10 3 650 532 5
12502 4 3 84 1185 7 29 3 508 1117 7410 677 6 3 415 40347 1185 53 35 249 33 19266 14 523 532 2438 31 34171 543 15 40 10777 4 8 35 341 33 3 532 5310 3677 6 3 532 2438 31 17229 5
17 1381 15682 1746 8 726 7 3 2069 1185 7 3 71179 284 4 8 10260 231 7 3 284 24 538 544 11952 13 4722 463 6 15924 912 5
17 1381 16 4393 21 3177 53 8941 341 6274 3 3519 6854 4279 6 3 352 7 6999 3968 8 3 2505 3310 1217 7 3 362662 17241 5533 3322 10 46 601 5
8941 459 5181 3 650 7 726 7 3 2505 1084 5
8941 503 6274 1746 8 7254 7 3 284 15 24457 543 15 3 1589 2505 1084 5
26010 7 3 284 16 4964 538 9 267 542 10 8941 500 5
8941 708 1929 9 4774 8 1038 90 2898 52 426 162 5
6371 7 290646 543 6999 3968 17 542 7 290646 543 6999 3968 29 45 2676 14 3 73 1352 5
17 614 6905 7 3 542 16 6 1297 7362 8 3961 7 3 6999 3968 650 5
17 601 29 45 3348 2173 10 3 508 67 692 53 35 249 33 9757 7 3 3225 7 3 4759 290646 52245 8 726 7 84 49 2069 52245 19 568 6999 28455 27411 4 3254 6999 3057 713 4 568 22609 4484 4 8 798 2760 3568 14 13565 5
17 2062 7 35214 42 2173 10 6999 28455 1443 538 523 3351 7 180523 290646 52245 150 35 269687 33 4 35 20505 33 4 341 34349 341 71151 249 469727 35 53745 33 8 35 143706 33 4 8 23 18 170 13 3 460285 853 10 3 678 7 269687 11102 20505 11102 53745 11102 143706 35 4 4 323 4 2773 109 4 4 323 269298 4 2391 33 5
66 18 1282 13 31667 35 341 34349 33 7800 35 33 16 9 2475 206 86323 14 11807 6999 106 7 50 272 28455 489 8 272 28455 2168 35 12283 32330 4 359 33 5
269298 35 2773 33 1273 13 21717 7 3196 52245 86 1128 536 3568 8 4855 9 221 7 5257 544 5
235589 12283 3462 5
35 502 33 12354 3 1212 7 538 3196 24068 14 6999 3968 8 170 13 9 177 528 2760 2787 2807 86 26 3439 24 538 9 3196 24068 1016 7 9 837 143706 24068 5
35 341 33 39937 7 3206 52245 14 523 2333 6 1128 3 536 1936 5
66 18 1273 13 3 2409 6680 7 24068 3394 539 4018 727 10777 133 21 11975 4 775 4 4879 4 8 3 1804 727 20297 35 4 4 269298 4 323 4 1278 33 5
546 4 4 29161 4 8 9453 35 1095 33 1282 13 24068 3394 16 7900 24 24068 10777 133 21 6999 28455 7453 8 713 8 5257 667 7 3 650 133 21 35214 785 8 24068 3241 5
931 2193 1951 3 1593 1646 4 24068 3568 8 2760 3568 5
35 3495 33 1273 13 3 282 52245 71 26 27394 24 24718 523 169781 6 159 556 1653 7 3 12818 2763 7 290 24068 5
520 11537 13 71 26 10978 25 129 1339 7 271 601 2173 10 3 857 7 6999 3968 539 3 508 53 35 249 33 473 2201 6 3 6905 7 3096 3961 7 3 6999 3968 650 4 767 601 2062 3691 1967 15 538 22629 14 2640 3 650 7 3726 8 532 7 3 6999 3968 284 21 9 770 14 48480 3 1457 773 8 14426 3961 7 3 6999 3968 650 5
7518 7 9 6999 3968 284 16 9 4093 2485 106 23 4589 532 7 72 577 19393 5
208 192 19393 31 8179 8 3275 2875 4 3 1519 1457 71 162 163 12818 912 8 3961 7 3 6999 3968 650 71 26 6464 6804 5
35 341 33 26010 7 7732 1442 3531 29 34 45 115 6 3 6999 3968 9962 5
1249 1315 7 9 6999 3968 284 16 2422 4093 4 3 650 4262 27 12609 964 2505 8 39844 2531 72 89 5
145 791 16 4302 8 572 6 1800 4 8 23 16 12818 6 3968 8 90942 3 746 5077 76 9 71179 284 14 12226 8 928 5060 5
12502 4 3 6905 7 46 542 16 6 1800 9 71179 284 14 3726 8 532 7 3 6999 3968 650 5
2758 9 601 542 51 185 3189 3 3014 10 601 14 3 857 7 6999 3968 650 5
362662 17241 5533 622 533 32840 14 1572 9 71179 284 16 6 5603 5077 13 71 26 58458 10 3 2505 1084 5
273 9583 2505 15 3 6999 3968 650 4 80 3322 3 362662 17241 5533 4 47 16 10978 25 3 362662 1506 5
622 362662 1506 16 9 8942 79833 7 2505 3351 5
66 7410 21 9 25147 4434 6 1015 3 2505 5318 6 2705 8 30174 3893 7 3 28980 5077 35 12090 4 4 323 183992 4 3401 33 5
6297 15 46 4434 4 3 362662 17241 5533 49 204676 4088 32 140746 35880 7 2505 3893 10 9 565 9962 13 1708 35749 4199 15 3 2505 3351 1272 14 565 12538 35 12090 4 28700 4 323 7744 4 1422 33 5
17 3979 362662 1506 9286 7 3 508 179 926 7 2505 53 35 249 33 37612 2505 9286 7 6034 4 13987 4 2770 4 8 1682 5
17 6034 539 9 197 7 4097 9962 6034 5
17 13987 4301 3 2763 7 3 6034 4 47 71 26 4939 21 9 197 7 7410 13 1271 9796 2770 8 462 3354 2770 5
17 1682 4301 3 3898 297 3 6034 49 3 13987 5
35 341 33 196615 2505 9286 7 13488 6034 5
931 42101 653 6034 71 26 962 19 42101 1682 8 2362 7 67823 5
17 42101 1682 2705 523 3351 7 1682 297 2757 7 13488 6034 109 3 2362 7 3 42101 16 2442 19 290 42101 7488 8 2464 3 3703 362662 7444 7 3 7488 5
35 459 33 12607 2505 9286 7 9 197 7 3803 49 42821 47 31 2828 6 1332 9 733 5
79 2485 16 7679 24 770 7 9 5018 13 47938 3 9962 8 42101 6034 49 1682 694 10 46 2485 5
364 2485 71 26 36438 76 9 221 7 4 8 3 6905 7 46 2485 16 7679 24 15510 70 3 11933 1446 5
35 503 33 16109 2505 16 4939 21 3 2505 220 154 3 13752 650 6 1865 96 16 3 104 51053 1414 6 132 49 4 48759 4 6 972 92 23 16 973 18976 9 1087 652 19 2201 6 83 537 1945 35 549411 4 4164 33 5
17 204676 18 3677 8 3 47298 7 9962 2505 8 2485 2505 42 220 10 3 650 7 2505 1084 726 14 3 9962 7 290646 543 6999 3968 650 5
290646 543 6999 3968 650 17 733 7 6999 3968 16 6 1687 6999 25 1784 727 11039 103 43 31 531 76 3 3687 5
17 650 7 290646 543 6999 3968 22 3 647 2954 3291 14 6999 3968 35 32055 33 71 26 4241 962 21 3177 53 2543 6 6999 3968 4 3 62556 727 16 19052 124 8 66572 8 83 67542 133 21 375928 8 92872 31 2207 21 146 21 537 5
17 178738 62556 727 16 9844 76 3 99722 4848 25 3 2245 4 8 23 6892 24068 13 16 481 7 6999 49 9878 290646 24068 4 47 16 9844 25 3 260 7 3 99722 4848 5
17 290646 29184 34102 6999 25 3 62556 727 5
17 290646 24068 1770 6999 4 47 16 226 157402 2005 49 2005 290646 4 11371 3 28060 4848 4 114 3 6999 16 16277 25 3 290646 24068 8 3 9878 290646 24068 16 67761 5
17 9878 290646 24068 16 1035 6 3 99722 4848 8 220 10 3 6999 6381 650 369 5
17 6999 5954 1601 16 10056 8 1270 1804 4 8 23 71 26 883 1589 6 9 514 5365 1277 49 41604 8 10155 6 9 6943 433 14 20939 4250 5
17 6999 3968 650 16 13075 10 98586 249 5
290646 543 6999 3968 650 3154 45546 98586 249 5
290646 543 6999 3968 650 3154 45546 5
17 2505 1084 10 46 542 18 1589 10 108 16200 53 2505 3310 4 2505 2376 4 8 2505 8593 5
81 3 650 7 2505 3310 4 3 74 2234 4457 21 3 2505 5318 8 48265 19 3 9962 2516 4 37 16 3 344 5318 7 32055 4 6 5603 2505 52 39844 10 3 9962 5
17 650 7 2505 3310 5592 249 64 4 25 548 6 591 744 5
1498 3 16200 7 2505 2376 8 8593 4 3 2505 5318 10637 3 10199 317 3883 25 3 2516 8 34171 91 76 9 25147 1506 5
17 204676 18 3677 10 2505 2376 4 8 3 2505 18 54023 76 32 362662 1506 5
17 204676 36438 2505 76 3 67 926 7 9962 2505 8 2485 2505 5
37612 2505 37612 2505 1038 108 5937 53 3 6034 4 40 13987 4 8 2770 1547 6 3 13987 5
17 6034 10 3 1457 71 26 6401 76 67 5835 53 17087 8 7039 5
17 17087 6034 539 3 11541 5937 7 3 1457 4 47 71 26 3868 76 3 108 3597 7 3057 5957 4 25192 4 8 11311 5
17 7039 6034 539 3 9963 13 28195 8 8035 10 3 1457 4 11771 4 3 509 4 290646 24068 4 8 6025 5
17 19372 7 6034 16 1595 10 98586 341 4 8 3 1056 31 962 10 3 508 7268 5
45646 10 6999 3968 1457 98586 341 5
45646 10 6999 3968 1457 5
92351 6034 8 40 13987 17 108 5066 7 17087 6034 150 3057 5957 4 25192 8 11311 31 2994 10 1056 21 3177 5
32298 5957 187 31 697 1325 3057 5957 694 10 3 1457 5
158 31 29371 76 108 689 3597 543 15 40 7410 8 2888 21 3177 53 35 249 33 40476 953 2124 4 47 1038 3 8272 19650 4 29406 14029 4 55151 727 146935 5
35 341 33 28455 543 6999 2124 4 47 1038 3 99722 4 435895 146935 4 9878 290646 4250 4429 4 9878 290646 13438 4 2005 290646 4968 4 290646 100698 4 28060 4 4 8 5
35 459 33 1270 13221 2124 14 1247 32516 4 47 1038 3 41928 228350 4 41928 128791 4 6999 9553 146935 4 8 6999 30746 1513 5
17 13987 7 3 3057 5957 539 3 4879 4 775 4 49 653 7 3 5957 8 3 13987 7 40 3354 7039 6034 5
17 1056 7 3 13987 7 3 3057 5957 36 26 2994 10 8941 5
150157 8 11311 17 25192 8 11311 31 15261 6 532 3 650 19393 5
12502 4 70 3 11311 8 25192 31 2442 19 3 13987 7 3 3057 8531 5
81 970 7 8593 10 3 2505 14478 4 3 3057 5957 13987 31 3380 57 653 1298 3 3057 8531 6034 5
154757 6 46 8593 4 3 11311 8 25192 31 4939 21 19266 10 3 284 1746 106 3 19266 31 57 653 798 58 3 1457 352 10 3 88969 14478 5
150157 53 17 25192 71 26 40345 76 67 3351 543 15 40 532 7787 53 152874 35 22652 13138 16496 33 532 25192 8 186080 25192 5
631 70 3 186080 25192 31 220 14 6573 509 3154 4 3 152874 25192 71 26 74830 76 179 600 543 15 3 9963 43 16201 53 35 249 33 8272 1605 532 17105 4 35 341 33 290646 532 17105 4 35 459 33 509 532 17105 4 8 35 503 33 727 532 17105 5
766 3 152874 532 25192 10 3 1457 71 26 1658 24 218 13987 53 3 108 284 13987 7 53 35 249 33 6865 221 35 3 4336 14 9 33 4 35 341 33 610 35 3 2941 6652 33 4 35 459 33 2125 35 3 7787 7 9 33 4 8 67 1746 13987 7 35 503 33 2737 35 114 3 16 4514 10 3 1457 33 4 8 35 500 33 3201 3154 35 3 7039 5811 47 9 3466 33 5
17 186080 25192 71 26 1658 24 3 1117 17807 7 1799 4 47 5181 40 164 163 1966 912 5
1949 4 3 17807 7 3201 3154 18020 3 650 96734 3275 24 9 17105 4 8 3 17807 7 2737 18020 3 1457 352 6 47 9 17105 9317 10 3 4141 7 284 1746 5
115751 53 115751 539 6285 3201 11311 8 727 66040 11311 5
17 6285 3201 11311 71 26 3868 76 108 273684 232 6 3 3351 7 3154 43 532 53 35 249 33 509 532 11311 4 35 341 33 290646 532 11311 4 8 35 459 33 4122 3154 532 11311 5
2224 186080 25192 4 70 3 152874 532 25192 10 3 1457 71 26 1658 24 288 13987 150 6865 221 4 610 4 2125 4 2737 4 3201 3154 4 8 1799 5
79 5907 17105 8 9 5907 5841 31 392 10 20498 249 5
20498 249 5
42412 7 5
43382 17699 15791 172597 3154 33944 26903 3784 35 17105 33 30796 290646 6 99722 532 17105 152874 532 17105 144883 24068 6912 99722 8 9878 290646 4250 4429 8862 1410 35 5841 33 49216 62556 727 66040 7465 66040 377975 727 6912 62556 727 146935 8 99722 10582 5
37515 6034 8 40 13987 17 7039 6034 539 290646 24068 4 509 4 8 727 5
17 290646 24068 71 26 6401 76 9878 290646 8 2005 290646 543 15 3 1058 7 6999 23 4263 5
17 6025 539 62556 727 35 19 6999 33 4 123 727 35 481 7 6999 33 4 6999 4 8 8272 5
766 3 7039 6034 71 26 14644 24 3 108 13987 7 4879 4 775 4 8 3154 489 5
1249 3 7039 6034 28195 8 8035 137 3 1519 650 4 3 2770 7 40 13987 31 5515 2571 5
12502 4 9 421 18 115 6 2705 3 2763 7 7039 6034 22 120 1654 2737 19 3 6865 7 3 15721 5
7219 4 3 2505 5318 6401 3 13987 7 3 7039 5937 19 3 13987 7 3 3057 8531 25 47 43 3154 5
273 946 4 3 13987 7 3 9878 290646 4250 4429 539 3 653 8 4879 7 3 4429 1010 4 21 166 21 3 13987 7 50 3354 9878 290646 5
158 539 53 35 249 33 290646 4250 4429 653 35 3784 33 4 35 341 33 9878 290646 4250 4429 4879 35 74060 32444 33 4 35 459 33 9878 290646 6 99722 3154 489 35 13881 3784 33 4 8 35 503 33 9878 290646 6 99722 4879 35 74060 3784 33 5
17 13987 7 7039 6034 31 4393 10 46 152 463 6 108 1809 5
26148 4 3 773 7 3 3057 8531 1752 12467 3 13987 7 50 3354 7039 6034 109 12146 4 23 16 11580 6 182 3 3057 8531 19 3 3354 7039 6034 5
20379 4 46 1217 7928 9802 5448 7 3 13987 7 7039 6034 22 523 16200 10 3 650 5
53519 4 46 1698 55220 3 16839 7 13987 8 35023 1746 8 1444 7 3 5
81 46 152 4 72 577 650 19393 10 3 1457 71 26 29371 76 697 3057 8531 40592 5
12502 4 3 1519 284 71 26 4129 10 970 7 697 3057 5937 4 40 4279 13987 49 650 19393 4 8 3 4279 5
17 2770 7 3 650 19393 31 8179 24 3 284 95 13 92 120 15924 871 16 7947 4 3 4279 36 26 15261 6 13539 3 15924 912 5
12607 2505 17 6905 7 3 16 6 2384 1966 1457 773 95 13 23 5708 6999 22 3 13228 489 5
12502 4 3 689 2485 7 3 284 16 6 4112 70 3 3057 5957 8 1377 43 3270 163 12818 912 5
17 5957 13 27 15924 96734 2770 4459 13 15924 1219 912 27 2273 5
17 284 71 4112 3 1219 912 7 3 6999 3968 1457 24 5515 9901 3 5559 2770 19 13228 96734 2770 5
499202 25 3 1966 11612 7 2770 17242 32 5590 6 8217 3 3802 13 9 565 29 2273 5
17 284 153 23713 3 15924 164 8 2048 3 31611 532 1945 13 51 1213 3 15924 983 5
17 2485 7 3726 290 3057 8531 1038 3 7 3726 50 1547 13987 4 11771 4 650 19393 5
12502 4 23 16 533 6 4498 3 12818 1219 11612 7 3 650 19393 5
17 2505 5318 1658 605 1568 650 19393 8 40 1966 1219 11612 19 3 185 7 3 9962 2516 109 67 5907 19393 7 3 55151 727 146935 8 40 1966 11612 7 2770 31 1595 10 20498 341 5
20498 341 5
40373 19393 8 40 1966 1219 11612 5
43382 394789 8576 44692 19241 13881 22638 11599 727 146935 9553 509 3154 489 1692 109915 12615 21328 27568 11599 727 146935 509 653 532 202 1692 135318 12615 21328 12502 4 3726 7 3 55151 727 146935 9286 7 3 179 7 53 35 249 33 6573 3 3154 489 7 62556 727 76 99722 35 13881 1410 33 4 35 341 33 6573 3 4879 7 62556 727 76 99722 35 74060 24124 33 4 35 459 33 6573 3 9553 509 3154 489 7 146935 35 13881 22638 33 4 8 35 503 33 6573 3 55151 727 146935 509 653 35 27568 33 5
17 67 5907 7 6573 3 509 653 35 27568 33 8 6573 3 9553 509 3154 489 35 13881 22638 33 31 2994 322 5
158 31 3275 95 13 3 96734 2770 705 496 3 2770 14644 10 20498 341 5
208 3 2770 144 705 525 3 1966 11612 4 3 6708 8 31611 532 1945 31 2118 24 1678 912 5
17 1056 7 6708 8 532 1945 14 3 5907 96734 7 9553 509 3154 489 35 13881 22638 33 31 392 10 20498 459 5
208 3 9553 509 3154 489 35 13881 22638 33 7 3 55151 727 146935 16 287 58 21328 4 9 1729 16 392 6 3 3802 5
17 6708 7 3 983 16 13 3 72 799 3154 489 7 9553 509 86 26 1022 24 3 988 509 10144 5841 9421 22638 5
12502 4 3 31611 532 652 16 6 526 5841 9421 22638 6 9723 509 10144 148 3 509 4429 8 3 55151 727 146935 5
527 4 92 9421 22638 16 277 526 4 153 3 152874 17105 22638 144 26 1085 6 474 509 3154 5
20498 459 5
77231 8 532 5310 14 5907 96734 7 55151 727 146935 5
68132 12607 23380 77231 8 6573 1945 55151 727 146935 4866 9553 509 3154 489 35 13881 22638 33 21328 11102 3082 13881 22638 11102 3082 109915 25976 1315 720 652 351 13881 22638 11102 21328 22349 16 392 77231 53 17 9553 509 3154 6 509 4429 16 799 49 1505 24 3 988 509 10144 5841 22638 194665 532 652 53 1660 9421 22638 6 9723 509 10144 148 509 4429 8 146935 109 2631 4 526 55 22638 6 474 3583 7 509 2352 6 509 4429 92 9421 22638 16 526 13881 22638 6117 109915 22349 16 392 77231 53 17 3583 7 9553 509 148 3 123 727 146935 8 509 4250 4429 16 215 272 194665 532 652 53 9830 22638 6 1128 9553 509 3154 25 3 146935 9553 509 4250 4429
5898 1746 17 7112 284 7 18 6227 15 24457 35 9 7205 7 20160 1762 4 3021 33 5
24457 39211 132414 3 1519 284 76 1457 692 8 532 19266 5
66 4088 1678 27964 14 9375 650 532 8783 4 8 23 2228 3 20260 7 7039 6589 8 10534 3726 5
17 7254 7 15 4589 9 14478 7 500 926 53 1457 352 35 653 249 33 4 14533 35 653 341 33 4 31660 35 653 459 33 4 4859 2146 35 653 503 33 4 8 96734 35 653 500 33 5
17 14478 16 1595 10 98586 459 5
216126 7 15 98586 459 5
216126 7 15 5
17 1457 692 31 11580 6035 7 3 650 532 284 4 47 71 26 543 15 2215 1457 3459 49 689 650 7410 5
79 1457 352 9286 7 19266 4 8 290 14533 16 9 8783 532 9299 1479 14 130588 3 532 5310 5
66 4286 27964 4 15841 4 8 83 10777 13 7673 3 650 532 5
201601 7673 3 8783 1959 13 4301 143 3 14533 37662 8 143 3 8090 31 7679 5
81 46 7112 284 4 3 4859 2146 50185 35 33 42 220 6 14448 12730 532 5310 5
17 2370 6825 7 9 16 9 4859 2146 4 47 4286 3 532 31660 8 15103 3 3225 7 3 14533 5
3194 4859 2146 4286 19393 47 31 3 219091 628 15261 24 3 14533 2106 31660 10 50 11129 8 8783 5
17 140039 14478 7 3 284 4088 9 35749 1217 14 61610 2505 76 24457 5
5898 1444 15 24457 71 26 2921 24 6293 5907 5937 7 290 653 21 1595 10 98586 503 4 8 3 1056 31 962 1298 5
201677 14478 7 3 10 24457 98586 503 5
201677 14478 7 3 10 24457 5
1796 5907 1457 692 539 3 28060 4 55151 727 146935 4 8 99722 5
81 46 2898 4 3 55151 727 146935 16 220 21 32 946 6 14076 143 9 1457 352 16 9168 5
17 1457 352 7 55151 727 146935 4286 583 19266 5
2431 7 192 31 152874 17105 532 19266 14 3 650 19393 7 53 35 249 33 62556 727 3154 489 76 99722 35 383220 1410 33 4 35 341 33 55151 727 146935 509 653 532 35 27568 33 4 35 459 33 4879 7 62556 727 6 99722 35 24124 33 4 8 35 503 33 9553 509 3154 489 7 55151 727 146935 35 383220 22638 33 5
17 83 179 31 341 164 532 19266 14 3 11311 8 186080 25192 7 53 35 249 33 62556 727 66040 35 8862 1410 33 4 35 341 33 132 55 509 532 17105 35 166687 1992 33 4 35 459 33 9553 509 532 17105 35 166687 22638 33 4 8 35 503 33 9553 509 5841 35 9421 22638 33 5
17 31660 220 10 3 14533 7 9553 509 3154 489 76 99722 35 383220 22638 33 16 3380 10 9 4859 2146 45546 4 47 9286 7 3 4859 4483 7 628 9796 20260 4 628 3354 20260 4 8 3348 9 152874 532 4859 5
1249 3 284 16 34 3797 6 3 6999 3968 1457 22 3 498 967 4 3 628 9796 8 3354 6 3 284 31 17229 24 538 4859 4483 5
17 152874 532 4859 2146 4286 3 104 533 19393 4 47 1038 3 163012 35 48120 33 7 3 152874 532 8 5590 30110 2980 4 446 12911 1726 10 3 284 31 8 5
17 1056 7 284 1444 8 7254 31 392 10 8941 10548 5
980 7254 1056 52 3 2505 14478 7 3 10 24457 31 2921 21 3177 5
98586 500 842 143 3 284 2505 1084 18 1589 10 3 284 5
81 98586 500 4 3 924 4925 15 3 203 487 3576 3 5937 7 3 2505 1084 5
238 6453 29595 25 3 260 6 2245 4 3 5937 7 3 9962 2505 17244 7 6034 4 3 13987 7 3 6034 4 8 2770 7 3 13987 5
17 2412 49 33050 4925 15 3 243 487 3576 3 5937 7 3 24457 5
238 6453 29595 4 3 5937 7 3 24457 31 59 6217 25 3 568 6 798 52301 653 25 3 260 6 2245 35 7253 6 98586 459 33 5
980 1056 15 143 3 2505 5937 31 3380 21 3 5937 7 3 24457 22 523 926 31 392 21 3177 53 17442 249 53 17 6034 7 3 1457 539 3 3057 5957 4 11311 4 8 25192 5
17 3057 5957 31 4939 21 3 1457 352 10 24457 5
1249 3 6999 3968 1457 4286 697 3057 5957 4 87 31 671 697 1457 692 4939 10 3 284 5
17442 341 53 238 3915 10 8941 4 3 17807 7 2737 7 9 17105 49 5841 18020 3 1457 352 6 47 9 17105 49 5841 9317 10 3 284 1746 5
3194 1457 352 71 17244 7 9 221 7 25192 8 11311 47 16201 2489 13987 7 46 1457 352 5
12502 4 3 6034 7 11311 8 25192 31 4939 21 19266 163 3 653 7 1457 352 10 3 24457 4 742 43 31 22 3 216 653 7 6034 21 3 3057 5957 10 3 2505 1084 5
238 3915 10 8941 4 3 11311 8 25192 27 67 523 532 12251 7 152874 532 8 19557 532 5
12502 4 3 11311 8 186080 25192 543 15 9 19557 532 7787 31 4939 21 19557 532 19266 109 3 152874 532 25192 31 4939 21 22652 13138 16496 49 152874 532 19266 5
17442 459 53 17 4859 2146 45546 35 33 16 9 45546 13 4286 2489 28508 4859 4483 5
527 4 121 2464 9 2125 7 31660 8 16 34 1752 1547 6 3 2505 1084 4 23 16 34 1595 10 98586 500 5
17442 503 53 79 4859 2146 16 9 8783 5447 1513 13 15103 3 3225 7 32 31660 14 9 1654 14533 5
901 3351 7 4859 4483 31 558 53 3 19557 4859 2146 8 3 152874 532 4859 2146 5
332 46 653 4 3 13987 7 3 6034 10 3 2505 1084 31 10637 5
238 3915 10 8941 4 3 13987 7 9 3057 8531 539 3 13987 7 3 3057 8531 8 3 13987 7 50 3354 7039 6034 4 133 21 3 775 8 4879 5
1249 3 152874 532 25192 31 220 6 532 3 13987 7 3 3057 5957 8 3 7039 6034 4 3 13987 7 3057 5957 8 7039 6034 8 40 3703 152874 532 25192 31 2164 76 3 152874 532 4859 4483 4 47 4552 3 1379 2770 7 3 13987 6 1217 40 13228 2770 24 6573 3 152874 25192 5
238 3915 10 8941 4 3 11311 8 186080 25192 27 184 533 17807 7 1799 4 47 16201 3 13987 7 3 3057 5957 24 8748 148 3 684 5
12502 4 3 11311 8 186080 25192 31 9168 24 19557 532 4859 4483 4 47 4552 3 11311 8 186080 25192 6 4056 148 40 684 6 1018 40 13228 164 5
17442 500 53 332 46 653 4 3 2770 7 3 13987 7 3 6034 31 10637 5
273 3 5811 7 3057 5957 4 3 533 13987 539 40 1547 1315 2763 4 133 21 4879 4 775 4 4703 5
12502 4 3 2770 7 192 13987 31 3 2980 13 10807 3 2980 1281 47 3 1379 871 7 3 96734 16 525 3 1966 35 79022 5
13228 33 1219 1079 8 32 5590 16 13097 5
273 3 5811 7 3 152874 532 25192 4 3 871 7 3 17807 7 163012 16 1568 21 23 15103 3 13228 871 14 3 152874 532 5
1249 3 13987 7 3 3057 5957 8 3 7039 6034 8 40 3703 152874 532 25192 31 2164 76 3 152874 532 4859 4483 4 40 1570 2770 150 3 2980 7 3 13987 7 3 3057 5957 8 3 7039 6034 4 8 3 163012 2770 7 3 152874 25192 4 31 14644 21 1568 19393 10 3 152874 532 4859 2146 5
1249 3 186080 25192 8 11311 31 220 6 532 3 650 19393 24 8748 148 40 684 4 3 10582 49 22333 31 3 2770 7 3 17807 7 1799 14 3 11311 8 186080 25192 5
1249 3 11311 8 186080 25192 31 9168 24 19557 532 4859 4483 4 40 1799 31 4939 21 32 533 96734 10 3 67 1799 532 4859 4483 5
17 1056 7 284 7254 31 392 10 8941 10548 5
9508 7 71179 284 15 24457 98586 500 5
9508 7 71179 284 15 24457 5
5898 7254 17 24457 9286 7 108 2333 7 13348 4 4866 13608 4 8 198009 5
3194 7 3 2333 16131 9 2190 4859 10 3 1444 7 3 7112 284 5
17 13348 16 9 10150 4462 14 3 4650 6 13014 8 1069 3 1308 284 4 11771 4 3 14478 7 1457 692 8 19266 5
17 4866 13608 16 220 6 1746 8 45651 1000 3 1570 19266 8 47298 13 132 55 3 532 1264 5
17 198009 7410 10 67 23865 7 60251 8 336 5
81 3 60251 7927 4 23 16 220 6 1088 650 12832 8 1800 3 4650 11924 5
81 3 336 7927 4 23 2228 3 3802 6 4112 8 532 3 650 24 27319 19 3 284 137 3 4650 11924 5
14197 692 17 2071 7 1457 692 8 34520 7 19266 42 1681 10 13348 4 21 1595 10 98586 708 5
17 1308 2981 7 3 284 4 4623 697 3057 5957 49 1457 692 71 26 4129 10 3 203 1801 5
364 5907 1457 352 7 55151 727 146935 16 3467 8 3 583 19266 10 46 1457 352 31 1595 10 3 243 1801 5
931 539 53 35 249 33 62556 727 3154 489 76 99722 35 383220 1410 33 4 35 341 33 55151 727 146935 509 653 532 35 27568 33 4 35 459 33 4879 7 62556 727 6 99722 35 24124 33 4 35 503 33 9553 509 3154 489 35 383220 22638 33 4 35 500 33 62556 727 66040 35 8862 1410 33 4 35 708 33 132 55 509 532 17105 35 166687 1992 33 4 35 700 33 9553 509 532 17105 35 166687 22638 33 4 8 35 704 33 9553 509 5841 35 9421 22638 33 5
931 19266 35471 6 3 19266 1595 22 3 14533 653 10 98586 503 5
6077 2981 8 19266 10 1457 352 55151 727 146935 98586 708 5
6077 2981 8 19266 10 1457 352 55151 727 146935 5
4866 19266 79 532 14533 16 9168 24 10503 1678 4859 4483 5
17 4859 4483 31 3797 19 8836 15229 4 8 628 2770 1042 137 3 15229 25 57 2146 6 184 5
17 4859 4483 31 5913 10 9 11580 678 4 47 18020 3 3225 7 3 14533 5
17 14533 7 383220 22638 10 3 1457 352 7 55151 727 146935 16 220 6 14076 3 1444 7 3 152874 17105 532 19266 5
81 98586 700 4 3 383220 22638 14533 16 3467 4 47 4426 3 858 7 4859 4483 2888 10 3 260 203 1801 8 12859 45651 10 3 243 1801 5
9456 7 152874 532 14533 383220 22638 98586 700 5
9456 7 152874 532 14533 383220 22638 5
17 4859 2146 45546 7 14533 383220 22638 1595 10 3 243 1801 7 98586 700 16 3643 14 10973 19798 10 98586 704 5
66 71 26 381 13 3 4859 4483 31 3797 6 3030 3 532 1264 5
17 1056 31 962 21 3177 5
17 5595 7 4859 4483 10 14533 383220 22638 98586 704 5
17 5595 7 4859 4483 10 14533 383220 22638 5
17 532 14533 7 383220 22638 4286 3 508 4859 4483 53 6964 27599 35 33 4 1243 35 40677 33 4 16939 532 3905 15165 35 33 4 13720 35 33 4 489 2123 35 471769 33 4 152874 4859 35 152874 33 4 8 16939 3354 35 109505 33 4483 5
17 1051 22 3 2245 243 7 290 4859 2146 240 3 5577 678 7 3 4859 4483 5
208 3 5577 4589 3 628 110 1198 25 3 4859 2146 19 9 798 221 6 3 57 19 9 568 221 4 46 16 226 850 5577 4 8 3 2205 6481 16 3380 24 9 3349 517 148 3 67 4859 4483 5
208 3 5577 16 12807 4 11771 4 3 628 3191 25 3 4859 2146 19 9 568 221 6 3 57 19 9 798 221 4 3 2205 6481 16 3380 21 9 16228 517 5
17 9796 4209 14 14533 383220 22638 16 1198 6 4859 2146 13881 22638 4 47 7703 3 9796 6 14 5447 5
17 532 3905 4209 24 16 691 6 3 509 532 17105 22638 5
145 16 1595 10 98586 704 5
527 4 21 3 284 16 34 3797 6 3 857 1925 2438 4 3 16939 9796 16 17229 538 3 4859 4483 7 4 40677 8 5
17 4859 2146 2527 9 14644 3109 7 9 86584 3042 4 9 2842 3042 4 8 9 9124 871 6 3855 32 3354 3905 13 41020 9 650 3905 35 6481 249 10 98586 704 33 5
17 17229 9796 3905 16 19413 19 3 9464 3905 25 3 109505 4859 2146 35 6481 341 33 137 32 40677 2146 8 12244 32 3905 4 47 16 691 6 9 2146 35 6481 459 33 5
17 2146 18683 528 893 10 46 3905 8 12244 9 6754 3354 3905 35 6481 503 33 5
17 3354 3905 16 691 6 3 471769 2146 4 47 2980 3 337 489 7 3 3905 6 2190 2980 8 6866 3241 7 3 3905 5
17 3354 3905 7 3 471769 2146 16 9796 6 3 152874 532 2146 35 6481 500 33 4 8 3 152874 4859 2146 12134 3 7410 7 16939 5447 4 22652 13138 16496 35 152874 33 532 4 8 15841 5
17 152874 4859 2146 7703 9 3905 6 3 109505 2146 8 7212 3 1379 871 35 6481 708 33 5
17 109505 2146 12244 9 532 3905 13 6154 3 17105 827 7 22638 4 47 7928 3 1379 871 7 13881 22638 6 26920 3 163012 871 21 146 21 537 5
17 9464 3905 7 3 109505 2146 16 17710 119 6 3 152874 2146 6 581 9 2589 65 3 7927 893 10 3 152874 532 2146 35 6481 700 33 5
238 166 4 3 9464 9124 3905 25 3 109505 2146 16 691 137 3 2146 35 6481 704 33 6 3 2146 35 6481 782 33 5
1249 13881 22638 16 34 97 3275 24 3 17105 22638 4 44 59 3275 24 3 5841 9421 22638 4 3 1799 7 9421 22638 16 694 10 46 14533 21 32 6404 96734 35 3 19557 14533 14 9421 22638 16 8118 1589 33 5
17 1799 7 9421 22638 16 3797 6 3 506821 8 4483 35 6481 183 4 407 4 403 33 4 691 6 3 471769 2146 35 6481 698 4 685 33 8 153 691 6 3 152874 532 2146 35 6481 500 33 5
81 46 152 4 480 3 1799 7 9421 22638 16 1406 35 49 33 4 3 1379 871 7 13881 22638 36 26 1406 14031 8 3 969 15 13881 22638 463 6 3 1799 337 7 9421 22638 71 26 17229 5
17 1056 7 3 152874 4859 2146 31 2921 10 3 161 2124 5
89969 4483 8 19393 364 197 7 19393 3345 10 3 152874 532 2146 16 5577 19393 53 35 249 33 33719 53 1379 871 4 35 341 33 48120 53 197 397 7 152874 532 4 35 459 33 44521 53 3 48871 22652 1811 871 4 35 503 33 102626 53 3 13138 652 89 4599 8 35 500 33 19465 53 3 16496 652 89 4599 5
17 152874 14808 532 16 6227 24 427 3 3768 1884 148 48120 8 33719 8 17444 9 532 3354 3905 538 3 152874 532 5577 5
1249 3 152874 2146 4088 5590 2123 9674 4 3 83 197 7 19393 10 3 152874 2146 31 14 5590 9674 4 47 16 4939 24 3 12818 1219 11612 7 3 650 19393 5
187 31 108 3597 7 19393 14 5590 9674 53 4 4 8 5
158 31 1595 10 98586 782 8 2921 21 3177 5
470655 14 5590 30110 98586 782 5
470655 14 5590 30110 5
45453 67 3351 7 15841 14 1729 912 53 8 5
45453 3 5590 2980 49 3 2770 22 47 3 15841 31 13097 5
6297 15 3 67 3351 7 15841 4 87 31 67 5590 2980 53 8 5
17 284 9670 192 2123 2770 6 3 1379 871 6 2258 92 32 5590 1215 6848 5
16 10 9 35 33 164 6 10807 3 5590 1215 164 5
154757 6 13 1038 8 4 1038 8 5
355 120 5590 1215 6848 49 65 3 1379 871 15471 120 2770 7 4 16 197 6 1359 6 4459 13 3 5590 16 13097 5
273 946 4 3 12818 1219 1079 7 13881 22638 16 148 21328 8 109915 5
12502 4 3 272 2123 35 33 7 13881 22638 16 2919 8 3 799 2123 35 33 16 500 5
208 3 1379 871 35 33719 33 7 13881 22638 16 568 58 109915 35 33 4 2742 1359 8 3 5590 14 61606 1215 16 13097 5
208 3 1379 871 35 33719 33 7 13881 22638 16 798 58 21328 35 33 4 2742 1359 8 3 5590 14 112153 1215 16 13097 5
208 3 1379 871 16 2812 568 58 109915 2305 798 58 21328 4 2812 2305 2742 1359 8 93 5590 16 13097 5
17 5590 16 6217 15 3 4650 11924 6 7593 3 3802 7 3 15924 1215 5
17 12818 1219 11612 7 3 650 19393 31 34 97 220 14 5590 30110 4 44 59 5669 3 6708 6852 4 47 16 3 1229 2031 15 3 203 260 2474 7 2424 1595 10 98586 183 5
5898 11924 14 267 542 98586 183 5
5898 11924 14 267 542 5
98586 183 5181 9 5662 10 47 3 55151 727 146935 9553 509 3154 489 35 13881 22638 33 16 10 3 15924 1215 5
17 498 871 7 13881 22638 1595 15 3 1801 7 383220 22638 16 9073 4 47 16 798 58 50 799 2123 7 500 5
17 5590 16 13097 8 6217 15 3 11924 4 95 13 3 1801 14 383220 22638 16 725 6 3 2412 4591 5
17 6708 8 532 5772 31 691 6 9 1229 762 15 3 4650 11924 53 208 9421 22638 16 15 4 526 55 22638 6 474 509 2352 25 3 146935 6 509 4429 109 92 9421 22638 16 123 4 786 123 9421 22638 5
17 1461 7201 7 5841 9421 22638 6154 50 526 1799 5
12502 4 3 31611 6573 652 144 26 3677 15 3 152874 532 17105 22638 5
999 2684 3 532 8029 7 14533 383220 22638 4 3 248264 7 383220 22638 16 6217 15 3 4650 11924 4 21 1595 10 98586 407 5
248264 14 532 13881 22638 98586 407 5
248264 14 532 13881 22638 5
17 248264 2638 4286 67 2261 51733 5
349 3 243 16 3 33719 35 1379 871 33 36467 4 47 6154 3 1379 871 7 13881 22638 5
17 67 4314 131771 29595 9503 3703 6 3 33719 36467 4459 3 272 8 799 5590 2980 7 3 1379 871 5
17 528 4 924 151602 16 3 48120 35 163012 33 9008 5
659 14936 3 163012 4 3 9008 16 918 55 6 9 13228 163012 871 4 10 46 267 22 71909 5
145 14936 871 3390 3 1379 871 7 13881 22638 6 3 1966 1219 1079 7 148 21328 8 109915 4 10 46 267 47696 4 47 16 6217 15 260 7 3 33719 36467 21 3 84 1379 871 7 13881 22638 5
17 3354 2261 36467 15 3 203 6154 3 3354 871 7 3 152874 14808 5
349 260 7 3 203 36467 16 6217 3 3354 871 7 383220 22638 5
81 46 267 4 23 842 3 17105 827 7 22638 16 40363 202 526 5
98586 403 842 3 11924 54 3 1966 1315 7 13881 22638 16 5409 5
17 3519 1801 14 383220 22638 29 1035 6 50 1966 760 7201 4 8 3 498 871 7 13881 22638 1595 15 3 1801 7 383220 22638 6154 13 3 509 10144 489 29 853 6 71909 4 47 16 496 3 1966 1219 1079 5
238 9 31611 652 29 45 3677 6 1213 3 565 47 4527 3 5590 4 3 5590 8 3 6708 1229 27 4186 25 3 260 203 2474 7 3 11924 5
11664 542 119 6 1966 1315 98586 403 5
11664 542 119 6 1966 1315 5
81 3 1379 542 4 9 71179 2516 284 14 3726 8 532 7 3 6999 3968 650 18 1589 5
659 1800 3 284 4 3 204676 18 3677 6 12262 3 9962 2505 8 39844 4538 8 9 2505 1084 18 2203 5
17 284 18 6227 15 24457 4 47 1708 2000 4116 14 726 4 133 21 8836 6852 4 15841 4 8 30049 15154 5
13751 6 40347 4 24457 1708 4859 4483 4 47 2247 3 21365 7 532 12251 8 6300 7 3 2190 19393 14 523 25192 8 11311 4 133 21 163012 871 7 9 152874 532 17105 8 1799 7 9 19557 5841 5
12502 4 3 4462 7 24457 8509 286 6 24457 3 532 5310 3677 6 3 330482 8 11311 8 3 1951 7 3 15924 912 1022 24 192 532 1945 5
17 284 2939 6 6298 773 8 3961 7 3 6999 3968 284 24 4480 2790 3 89 14 565 6708 8 3101 65 15924 1219 912 4722 5
17 284 59 71 26 220 21 9 284994 4462 14 14245 4262 8 20392 91 10 6573 3 1457 109 23 71 26 220 14 928 20970 4262 5
17 2505 1084 71 26 2262 49 12630 19 426 14898 7 2505 5
17 498 1185 7 3 284 29 67 33192 5
1249 87 31 6676 697 5937 694 10 3 650 4 32 15924 1215 71 26 1022 24 12340 773 7 48 58 57 6825 49 96734 5
527 4 3 284 71 97 293 19 15924 1315 7 57 6825 22 9 89 5
7219 4 3 2505 2914 14 284 6708 8 532 2464 3 39844 5077 7 97 57 2516 3802 5
66 16 338 13 83 646 4262 51 2494 565 12538 10 9 523 4230 5
659 1213 192 12110 4 426 726 7 3 284 36 1101 15 8259 3726 4 532 4 8 6708 7 2489 33864 5937 49 19393 8 17938 5077 25 1117 4262 6 1297 3 7453 8 11040 7 3 284 5